~o
<STREAMINFO> 1 39
<VECSIZE> 39<NULLD><MFCC_E_D_A><DIAGC>
~h "Ba"
<BEGINHMM>
<NUMSTATES> 26
<STATE> 2
<MEAN> 39
 -5.720596e+00 -8.282464e+00 -2.528872e+00 -2.929636e+00 -3.301202e-01 -3.898970e+00 3.243199e+00 4.580111e-03 8.467916e-01 -1.673910e+00 9.442496e-01 -2.826773e+00 -9.685774e-02 1.648229e+00 5.718774e-01 -4.925341e-01 -1.032160e+00 -5.526569e-01 -7.431087e-01 -7.020329e-01 -4.489467e-01 6.411093e-02 -6.506616e-01 -4.082441e-01 -3.961648e-01 8.004203e-02 8.812274e-01 -1.923733e-01 -5.867353e-01 -3.179718e-01 -2.708802e-01 -6.560752e-01 -6.194350e-01 -3.722825e-01 -2.818709e-01 -6.580228e-01 -4.786442e-01 -1.689819e-01 4.254650e-02
<VARIANCE> 39
 2.690890e+00 3.341547e+00 4.126748e+00 3.040005e+00 7.916155e+00 4.700287e+00 5.521791e+00 7.884912e+00 6.473145e+00 1.478721e+01 5.005706e+00 1.086833e+01 5.000000e-02 1.742664e+00 2.671970e-01 5.180842e-01 2.555721e-01 6.708347e-01 1.184383e+00 1.214750e+00 1.096435e+00 8.359559e-01 3.069763e+00 9.662036e-01 4.184985e-01 5.000000e-02 1.509008e-01 1.601367e-01 1.389455e-01 6.828616e-02 2.066052e-01 2.155816e-01 1.344599e-01 1.395172e-01 8.389041e-02 2.811220e-01 1.950859e-01 2.817459e-01 5.000000e-02
<GCONST> 5.855476e+01
<STATE> 3
<MEAN> 39
 2.688544e+00 -7.270843e+00 -6.264524e+00 -7.296916e+00 -2.743327e+00 -1.074192e+01 -2.880159e+00 -4.177081e+00 -3.736247e-01 -5.894258e+00 -3.549302e+00 -5.196810e+00 2.912095e-01 3.181918e+00 -1.221105e+00 -2.489375e+00 -9.337144e-01 -1.282385e+00 -1.727297e+00 -1.827628e+00 -1.143310e+00 -4.699790e-01 -1.415229e+00 -2.129427e+00 -1.858893e+00 1.714714e-01 -8.248686e-01 -8.856102e-01 -6.715164e-01 4.704146e-01 1.549254e-01 4.057852e-01 8.882445e-01 9.704717e-03 5.139875e-01 1.090272e-01 -2.497635e-02 -1.860404e-01 6.434374e-03
<VARIANCE> 39
 1.596031e+01 3.763631e+00 7.339874e+00 3.033096e+00 1.107536e+01 4.191578e+00 9.720837e-01 3.027521e+00 1.104332e+01 3.227055e+01 4.560002e+00 4.590174e+00 5.000000e-02 1.311606e+00 7.786022e-01 6.847185e-01 8.340702e-01 1.652227e+00 2.775693e+00 3.473561e-01 9.598765e-01 5.231621e-01 8.383341e-01 3.803384e-01 1.547646e+00 5.000000e-02 6.785325e-01 5.000000e-02 1.162158e-01 9.408582e-02 3.015488e-01 1.771735e-01 5.944930e-01 1.434081e-01 2.406162e-01 4.075302e-01 1.984559e-01 2.685107e-01 5.000000e-02
<GCONST> 6.370897e+01
<STATE> 4
<MEAN> 39
 6.431060e+00 -1.307720e+01 -1.307314e+01 -7.003474e+00 -5.908568e+00 -1.218761e+01 -3.660986e+00 -6.791696e+00 1.045792e-01 -7.489907e+00 -8.146640e+00 -1.075749e+01 6.269421e-01 -1.515794e+00 -2.965192e+00 -3.964495e+00 8.329654e-01 9.234290e-01 1.861292e-01 4.017883e+00 -9.613558e-01 2.369359e+00 -1.104012e+00 -1.791318e-01 -6.571956e-02 1.185645e-01 -1.561243e+00 -1.147918e-01 -1.874701e-01 6.688288e-01 9.648255e-01 5.734930e-01 1.748382e+00 1.307810e-02 3.520131e-01 -2.395734e-01 9.636269e-01 1.393288e+00 -2.514303e-02
<VARIANCE> 39
 2.123372e+01 6.125866e+00 6.525222e+00 2.373937e+00 9.627204e+00 2.285287e+01 2.368046e+01 1.914323e+01 2.484146e+01 1.419506e+01 7.848814e+00 7.969884e+00 5.000000e-02 3.874363e+00 3.812559e-01 6.792502e-01 1.098516e+00 3.093522e+00 9.773074e-01 7.093744e+00 1.914343e+00 2.936999e+00 2.118866e+00 1.633523e+00 3.065331e+00 5.000000e-02 2.790655e-01 1.849607e-01 2.999744e-01 8.978263e-02 4.601966e-01 2.939465e-01 8.780317e-01 1.813477e-01 6.981894e-01 4.334220e-01 7.542469e-02 2.248626e-01 5.000000e-02
<GCONST> 8.337303e+01
<STATE> 5
<MEAN> 39
 -3.153602e+00 -2.044318e+01 -2.344816e+01 -2.689262e+00 7.403583e-01 -9.413811e+00 1.406274e+01 -6.808410e+00 6.697624e+00 -1.240838e+01 -3.723319e+00 -2.882675e+00 8.495784e-01 -2.676984e+00 -1.573545e+00 -2.753945e+00 1.769557e+00 1.846779e+00 7.991802e-01 4.016419e+00 -1.275043e+00 3.803706e-01 -1.616591e+00 1.259834e+00 3.154360e+00 6.562474e-02 4.470578e-01 6.497192e-01 9.538581e-01 -2.195468e-01 -1.679292e-01 -2.854771e-02 -1.462558e+00 -3.618485e-02 -7.249515e-01 5.356671e-01 -3.192180e-02 -2.429692e-02 -2.274700e-02
<VARIANCE> 39
 2.753893e+01 2.614250e-01 1.718280e+01 1.477789e+01 1.297853e+01 2.304828e+01 5.938803e+01 2.712440e+01 1.950261e+01 1.584930e+01 5.027798e+00 1.919647e+01 5.000000e-02 1.911465e+00 6.013803e-01 1.788211e+00 3.706061e-01 2.917734e+00 1.318181e+00 4.784276e+00 1.293792e+00 2.393477e+00 2.282395e+00 4.894429e-01 8.487767e-01 5.000000e-02 2.552257e-01 6.525642e-02 1.598736e-01 1.647478e-01 3.380917e-01 8.427564e-02 9.950818e-01 3.249933e-01 6.952181e-01 2.546380e-01 1.632970e-01 5.174775e-01 5.000000e-02
<GCONST> 8.068613e+01
<STATE> 6
<MEAN> 39
 -6.053398e+00 -2.107723e+01 -2.580244e+01 -9.687720e-01 2.451036e+00 -8.665706e+00 1.323573e+01 -1.142725e+01 4.657775e+00 -1.315721e+01 -2.971765e+00 9.427498e-02 9.271634e-01 -9.139404e-01 -6.224304e-01 -1.527338e-01 2.245743e-01 9.192113e-01 4.313650e-01 -9.092463e-01 -5.383296e-01 -2.594673e-01 5.868478e-01 2.407423e-01 7.204577e-01 2.618714e-02 6.740070e-01 2.670715e-01 9.059032e-01 -3.885029e-01 -2.480963e-01 1.349347e-02 -1.142471e+00 6.635426e-01 2.660508e-02 4.479242e-01 -3.121654e-01 -7.335702e-01 -1.189823e-02
<VARIANCE> 39
 1.502663e+01 3.820107e+00 1.492170e+01 7.977289e+00 3.102343e+01 3.208084e+01 4.055208e+01 1.470061e+01 7.978288e+00 1.915558e+01 7.629292e+00 5.198765e+00 5.000000e-02 7.326573e-01 1.796214e-01 1.191990e+00 1.095367e-01 9.099602e-01 6.384488e-01 1.455501e+00 9.528270e-01 1.523209e+00 6.177061e-01 5.781856e-01 6.448229e-01 5.000000e-02 1.485608e-01 1.067839e-01 1.448505e-01 6.504553e-02 2.808856e-01 9.305007e-02 5.735770e-01 7.273474e-02 2.854753e-01 3.583418e-01 1.777788e-01 5.000000e-02 5.000000e-02
<GCONST> 6.556281e+01
<STATE> 7
<MEAN> 39
 -4.149330e+00 -2.157523e+01 -2.784088e+01 9.307286e-01 8.364893e+00 -1.108967e+01 1.478692e+01 -9.860573e+00 4.157706e+00 -1.333081e+01 -2.525829e+00 -8.686858e-01 9.632353e-01 -5.869478e-02 -3.114190e-01 6.934738e-01 1.444694e-01 6.705936e-01 9.303284e-01 -7.171811e-01 1.188456e+00 -2.161183e-01 5.516419e-02 3.663128e-01 2.634124e-01 1.337725e-02 1.300031e-01 3.469110e-02 2.660155e-01 -8.874697e-02 -2.242323e-01 1.370157e-01 1.659796e-01 6.146678e-02 1.083486e-01 -2.799860e-01 6.700567e-03 -1.470208e-01 -4.182253e-03
<VARIANCE> 39
 7.848095e+00 2.560661e+00 2.146886e+01 7.683056e+00 1.939467e+01 3.749370e+01 2.563733e+01 1.502330e+01 1.289754e+01 1.100793e+01 1.335289e+01 1.732285e+01 5.000000e-02 7.207309e-02 2.295076e-01 7.367615e-01 3.254435e-01 5.723346e-01 2.156829e-01 7.092910e-01 6.911659e-01 1.821346e+00 6.178287e-01 1.098501e+00 5.976283e-01 5.000000e-02 6.969460e-02 5.000000e-02 6.125242e-02 6.822864e-02 5.000000e-02 5.000000e-02 1.767903e-01 2.492615e-01 2.302544e-01 1.159420e-01 1.242703e-01 1.995377e-01 5.000000e-02
<GCONST> 5.753001e+01
<STATE> 8
<MEAN> 39
 -8.402792e+00 -2.395700e+01 -1.995930e+01 -1.233358e+00 1.836517e+00 -1.022394e+00 8.153912e+00 -7.339860e+00 5.889707e+00 -1.193505e+01 -1.760530e+00 1.918329e+00 9.875214e-01 -2.065957e-01 -1.648271e-01 3.556479e-01 -2.004376e-02 -1.013950e-01 7.928037e-01 -1.497795e-01 3.467056e-01 -5.837364e-02 -6.884145e-01 2.472991e-01 -2.142845e-01 2.323851e-03 -4.654547e-02 1.070640e-01 -1.862124e-01 -7.025197e-02 -1.071559e-01 -1.364778e-01 1.067551e-01 -8.494449e-02 -1.009030e-01 -1.041082e-01 5.420228e-02 -8.968772e-02 -3.181549e-03
<VARIANCE> 39
 3.456988e+00 2.458789e+00 1.137769e+01 2.844442e+00 1.539053e+01 2.270476e+01 1.072125e+01 1.031156e+01 8.318502e+00 1.336885e+01 6.844559e+00 5.205570e+00 5.000000e-02 6.086823e-02 1.880885e-01 2.950222e-01 4.761896e-01 5.264691e-01 1.838615e-01 7.730554e-01 2.738689e-01 4.969068e-01 4.453534e-01 2.140030e-01 4.373864e-01 5.000000e-02 5.000000e-02 5.000000e-02 5.000000e-02 8.322339e-02 7.465495e-02 6.386393e-02 9.958291e-02 9.511607e-02 1.237075e-01 1.153507e-01 5.000000e-02 5.000000e-02 5.000000e-02
<GCONST> 4.123658e+01
<STATE> 9
<MEAN> 39
 -7.405795e+00 -2.340761e+01 -2.181857e+01 -1.329800e+00 5.192473e+00 -2.902395e+00 1.103697e+01 -6.505650e+00 3.287019e+00 -1.600602e+01 -4.716454e-01 -8.812410e-01 9.858367e-01 -2.556685e-01 1.650048e-01 5.117748e-02 -4.227270e-02 -3.085361e-01 2.262368e-01 1.870323e-01 -2.537439e-01 1.796068e-01 -7.753102e-01 3.368437e-01 -2.259330e-01 -4.555764e-03 2.052732e-02 5.231553e-02 -2.348479e-01 1.454708e-01 -2.381278e-01 -7.458953e-02 -3.015955e-02 -1.479430e-01 6.958036e-02 1.353429e-03 -1.808126e-02 8.302786e-02 -2.237709e-03
<VARIANCE> 39
 1.219349e+01 6.551470e+00 1.460272e+01 7.465025e+00 4.768462e+01 3.881441e+01 2.529164e+01 1.076339e+00 1.564713e+01 8.010094e+00 1.187851e+01 5.203119e+00 5.000000e-02 2.587353e-01 3.863703e-01 4.162038e-01 9.890934e-01 4.194866e-01 5.151942e-01 4.503056e-01 4.773817e-01 3.910383e-01 2.761670e-01 3.907273e-01 5.984561e-01 5.000000e-02 5.000000e-02 5.000000e-02 6.304932e-02 8.003949e-02 1.315836e-01 5.000000e-02 9.735685e-02 6.801844e-02 1.102047e-01 5.000000e-02 1.245878e-01 1.483771e-01 5.000000e-02
<GCONST> 5.109233e+01
<STATE> 10
<MEAN> 39
 -7.354019e+00 -2.314896e+01 -2.369927e+01 2.024060e-01 3.873902e+00 -2.230491e+00 1.103667e+01 -7.855754e+00 4.903771e+00 -1.796883e+01 -7.885934e-01 -2.910813e-01 9.637861e-01 -2.659447e-01 -9.553936e-02 -4.846750e-01 -1.849567e-01 -8.259190e-01 -4.292721e-02 -2.331161e-01 -2.761796e-01 -1.263586e-01 -2.864392e-01 1.072763e-01 -3.738694e-02 -9.398019e-03 3.605834e-02 5.548055e-02 2.438168e-02 -6.418378e-02 1.329767e-01 -1.658144e-01 2.750364e-02 4.032977e-02 -9.243500e-02 1.251882e-01 -8.086620e-02 -6.920827e-03 -1.335284e-03
<VARIANCE> 39
 1.201245e+01 1.813801e+00 3.442573e+01 1.676084e+01 3.142137e+01 4.167614e+01 9.683993e+00 6.523029e+00 2.557607e+01 1.435067e+01 1.187871e+01 1.584785e+01 5.000000e-02 9.053025e-02 1.097605e-01 5.565866e-02 5.331642e-01 3.519579e-01 6.160867e-01 2.484905e-01 9.991519e-02 4.193777e-01 2.771724e-01 9.019757e-01 4.805101e-01 5.000000e-02 5.000000e-02 5.000000e-02 5.000000e-02 6.561034e-02 9.742532e-02 7.244340e-02 5.000000e-02 6.174272e-02 5.000000e-02 5.000000e-02 5.000000e-02 9.348776e-02 5.000000e-02
<GCONST> 4.445168e+01
<STATE> 11
<MEAN> 39
 -9.303054e+00 -2.246830e+01 -2.127933e+01 -2.685853e+00 4.252293e-01 -1.642269e+00 8.867732e+00 -8.002185e+00 3.428530e+00 -1.665005e+01 3.287145e-01 -4.484929e-01 9.247103e-01 1.647307e-01 4.874337e-01 2.097125e-01 3.786481e-01 9.955422e-02 1.333405e-01 4.633431e-01 1.000550e-01 2.301943e-01 -3.633327e-01 3.648131e-01 8.177935e-02 -1.212671e-02 1.316041e-01 6.712618e-02 1.519271e-01 2.133211e-01 2.144659e-01 4.896736e-02 2.487372e-01 1.096081e-01 2.837787e-01 -2.987774e-02 1.164416e-01 2.603403e-01 -5.969738e-04
<VARIANCE> 39
 5.760551e+00 1.479809e+00 1.964229e+01 1.037862e+01 1.697901e+01 2.064709e+01 1.456813e+01 5.122181e+00 3.164963e+01 7.843596e+00 1.139678e+01 1.806810e+01 5.000000e-02 6.307251e-02 1.112360e-01 1.136221e-01 3.035232e-01 1.976493e-01 4.146626e-01 4.556905e-01 5.975357e-01 3.348680e-01 2.978289e-01 3.151433e-01 5.125960e-01 5.000000e-02 5.000000e-02 5.000000e-02 5.000000e-02 5.215752e-02 7.890870e-02 9.789775e-02 5.000000e-02 5.363757e-02 7.813328e-02 7.428847e-02 1.665892e-01 1.854618e-01 5.000000e-02
<GCONST> 4.355534e+01
<STATE> 12
<MEAN> 39
 -6.427376e+00 -2.148642e+01 -2.376881e+01 1.722633e+00 4.640691e+00 -3.729981e+00 1.255597e+01 -7.559108e+00 5.696188e+00 -1.855275e+01 1.052791e+00 2.350700e-01 9.211990e-01 8.503320e-02 1.642231e-01 2.229581e-01 -1.088616e-01 3.451754e-01 -3.592101e-01 1.826304e-01 8.982958e-02 5.103498e-01 -3.554212e-01 4.070681e-01 2.188350e-01 -1.372957e-02 -9.496213e-03 -1.327770e-01 -5.230259e-02 -2.678200e-01 -9.357134e-02 -2.974480e-01 -2.080290e-01 -2.486515e-01 -7.485464e-02 -4.557512e-02 -5.301674e-02 -3.148849e-01 -3.555985e-03
<VARIANCE> 39
 1.625622e+01 1.122611e+00 2.857751e+01 2.474573e+01 2.621106e+01 2.388431e+01 1.280976e+01 7.717125e+00 2.477004e+01 8.619613e+00 1.186157e+01 1.113706e+01 5.000000e-02 1.277512e-01 1.808478e-01 1.558774e-01 5.734531e-01 2.857045e-01 5.083674e-01 7.303559e-01 4.546321e-01 2.006419e+00 7.575726e-01 1.065655e+00 1.575670e+00 5.000000e-02 5.000000e-02 5.000000e-02 5.000000e-02 7.324865e-02 6.787012e-02 6.014961e-02 7.044633e-02 1.187447e-01 1.762183e-01 8.471547e-02 9.913923e-02 1.467306e-01 5.000000e-02
<GCONST> 5.483759e+01
<STATE> 13
<MEAN> 39
 -5.560526e+00 -2.183463e+01 -2.385250e+01 1.034604e+00 5.074077e+00 -5.660516e+00 1.437511e+01 -8.570491e+00 6.789487e+00 -2.066701e+01 1.396734e+00 -2.253340e+00 8.679026e-01 3.523255e-01 -2.621417e-01 9.704177e-02 -3.155102e-01 -6.489285e-01 -1.183516e+00 -1.757783e-01 -1.118767e+00 4.682477e-01 -3.283817e-01 6.351441e-01 -2.687056e-01 -2.577431e-02 1.201350e-01 -2.123415e-03 5.964337e-02 1.095835e-01 -1.308585e-01 -2.498076e-01 -3.307871e-01 -1.199847e-01 -4.415284e-02 1.131021e-01 5.064297e-02 3.046761e-01 -4.644361e-03
<VARIANCE> 39
 1.927131e+01 2.893732e+00 2.150024e+01 2.554446e+01 3.049672e+01 2.746731e+01 1.422255e+01 5.184975e+00 9.225342e+00 1.515666e+01 9.127228e+00 2.698133e+01 5.000000e-02 1.341265e-01 2.615025e-01 3.966250e-01 5.341618e-01 9.559277e-01 6.021951e-01 8.418568e-01 4.810214e-01 4.410080e-01 5.646033e-01 6.619736e-01 1.311256e+00 5.000000e-02 5.000000e-02 5.000000e-02 5.000000e-02 5.871087e-02 2.338725e-01 5.000000e-02 2.274967e-01 1.271639e-01 2.211165e-01 1.798042e-01 1.163381e-01 2.935647e-01 5.000000e-02
<GCONST> 6.019164e+01
<STATE> 14
<MEAN> 39
 -8.463101e+00 -2.033700e+01 -2.083798e+01 -2.840328e+00 -4.412976e-01 -5.084547e+00 7.306440e+00 -9.352514e+00 8.358873e+00 -1.812680e+01 2.800459e+00 1.961239e+00 7.545956e-01 5.989778e-01 3.820546e-01 4.321753e-01 3.419268e-01 -2.388678e-01 -9.596892e-02 -1.856408e-01 -2.098349e-01 9.309746e-02 -7.464949e-01 -1.154575e-01 -1.177883e-01 -3.269235e-02 -1.981782e-02 -8.929031e-02 1.421136e-01 1.076554e-01 9.588514e-02 4.687437e-01 2.589070e-01 3.410687e-01 -5.333177e-02 -2.669651e-01 -1.049994e-02 -7.721998e-03 -1.980564e-04
<VARIANCE> 39
 1.227596e+01 9.892997e+00 4.326404e+00 1.277910e+01 5.855306e+00 1.558367e+01 1.806461e+01 4.759577e+00 2.039077e+01 1.467103e+01 2.173751e+01 3.080139e+01 5.000000e-02 2.213098e-01 3.300091e-01 3.133881e-01 3.811890e-01 1.143900e+00 2.344412e+00 1.994500e+00 3.888504e-01 4.444458e-01 1.413319e+00 1.060429e+00 1.017163e+00 5.000000e-02 1.198420e-01 1.590810e-01 7.872801e-02 5.000000e-02 1.310518e-01 1.621312e-01 3.846202e-01 7.601459e-02 1.855795e-01 1.815933e-01 2.340664e-01 2.451575e-01 5.000000e-02
<GCONST> 6.514916e+01
<STATE> 15
<MEAN> 39
 -4.161243e+00 -2.215836e+01 -2.145757e+01 3.832913e-01 4.246952e+00 -9.382133e+00 1.280774e+01 -1.038353e+01 7.338359e+00 -2.251050e+01 3.561825e+00 1.009927e+00 7.338299e-01 -2.802330e-01 -5.711967e-02 2.967292e-01 -3.118001e-01 5.445697e-01 -8.301072e-02 3.695008e-01 4.811692e-01 1.914012e-01 -9.239985e-01 -1.864786e-01 3.414619e-01 -3.484643e-02 -5.842637e-02 -2.337954e-02 1.852221e-01 -5.912274e-02 -1.910106e-01 4.173399e-01 -1.839124e-01 1.588465e-01 -2.760797e-01 5.024634e-02 -3.812104e-01 -2.136786e-01 -5.248296e-03
<VARIANCE> 39
 1.489798e+01 4.976967e+00 1.348185e+01 1.366443e+01 2.012093e+01 5.011175e+01 1.296914e+01 1.279544e+01 1.720759e+01 6.340296e+00 3.574656e+00 1.003602e+01 5.000000e-02 9.730309e-01 6.853766e-01 7.129397e-01 2.245466e-01 1.330236e+00 6.142666e-01 2.333049e+00 7.786905e-01 2.326377e+00 1.094077e+00 9.028062e-01 1.931513e+00 5.000000e-02 1.731142e-01 1.281124e-01 1.838187e-01 7.372720e-02 6.791194e-01 1.677138e-01 5.325794e-01 2.022953e-01 4.963996e-01 3.346543e-01 5.000000e-02 1.593937e-01 5.000000e-02
<GCONST> 7.302290e+01
<STATE> 16
<MEAN> 39
 -7.171123e+00 -2.096515e+01 -1.883509e+01 -1.327317e+00 7.688828e-01 -3.441180e+00 1.006243e+01 -9.336807e+00 9.073668e+00 -2.581344e+01 9.393482e-01 6.999633e-02 6.039492e-01 9.813557e-01 -6.632811e-01 1.746623e+00 8.055960e-02 -8.877613e-01 1.035932e+00 -1.377686e+00 1.037048e+00 -8.835899e-01 4.020426e-02 -1.097781e+00 6.536283e-01 -5.171855e-02 4.945642e-01 -3.547319e-01 3.762227e-01 -1.098413e-01 2.793249e-03 4.757077e-03 -3.771962e-01 4.912312e-01 -5.231602e-01 1.000302e+00 7.298672e-02 5.562572e-01 -3.625196e-04
<VARIANCE> 39
 1.128838e+01 1.004136e+01 1.239236e+01 6.094620e+00 2.233579e+01 2.821702e+01 2.617459e+01 1.724311e+01 1.181192e+01 7.880674e+00 5.855896e+00 1.355560e+01 5.000000e-02 1.396546e+00 1.905837e+00 1.116758e+00 8.583815e-01 1.380472e+00 1.439805e+00 9.532415e-01 2.230600e+00 5.364415e+00 2.374002e+00 9.192752e-01 2.219383e+00 5.000000e-02 2.671724e-01 1.467221e-01 1.648747e-01 9.356368e-02 3.082007e-01 2.132603e-01 3.521816e-01 3.843741e-01 8.029602e-01 1.821507e-01 2.884522e-01 3.102950e-01 5.000000e-02
<GCONST> 8.237786e+01
<STATE> 17
<MEAN> 39
 -1.486791e+00 -2.523701e+01 -1.100882e+01 -1.362693e+00 2.311777e-01 1.210628e-02 6.692423e+00 -2.655830e+00 3.684992e+00 -2.076984e+01 -1.238903e+00 4.900547e+00 4.772804e-01 1.427149e+00 -1.074440e+00 1.123962e+00 6.571505e-02 -1.253461e-01 7.115957e-01 -6.992285e-01 2.214061e+00 -2.488731e+00 2.553267e+00 5.146523e-01 1.636471e+00 -2.958776e-02 -3.106438e-01 3.124942e-01 -7.569745e-01 1.309789e-01 2.219880e-01 -4.271683e-01 1.938073e-01 -2.893960e-01 -4.250089e-03 2.496126e-01 4.162292e-01 -3.288190e-01 7.998651e-03
<VARIANCE> 39
 5.339833e+00 7.089321e+00 1.613978e+01 9.477615e+00 7.646151e+00 3.586775e+01 1.079276e+01 1.353067e+01 3.655996e+01 1.581386e+01 1.098360e+01 1.293798e+01 5.000000e-02 9.106878e-01 3.734232e-01 2.494710e+00 2.286656e-01 3.394095e+00 6.832000e-01 3.988630e+00 1.947150e+00 1.694875e+00 1.222776e+00 1.948163e+00 2.357107e+00 5.000000e-02 7.565171e-02 1.773679e-01 2.657005e-01 2.025057e-01 3.170003e-01 2.689903e-01 2.938948e-01 5.304697e-01 7.336742e-01 3.559881e-01 2.769383e-01 3.023980e-01 5.000000e-02
<GCONST> 8.139581e+01
<STATE> 18
<MEAN> 39
 -1.917245e-01 -2.533810e+01 -1.389842e+01 -9.017582e-01 2.325431e-01 -2.909632e+00 5.477995e+00 -1.291345e+00 -2.308992e+00 -1.680190e+01 7.575750e-01 4.539538e+00 4.311788e-01 3.477653e-01 -3.879776e-02 1.832134e-01 1.757698e-01 2.082873e-01 -6.281585e-01 -1.174587e+00 5.501116e-01 -8.605960e-01 1.388462e+00 6.534772e-03 -4.285011e-02 -2.502240e-02 -2.901127e-01 2.550197e-01 -1.167259e-01 2.068233e-01 2.424792e-01 -4.672626e-02 2.591622e-01 -3.358029e-01 7.029425e-01 -3.225250e-01 -3.979234e-03 -1.997884e-01 2.187096e-03
<VARIANCE> 39
 4.049707e+00 2.828701e+00 4.486077e+00 1.084330e+01 4.139291e+00 4.527768e+01 1.438890e+01 9.952051e+00 1.279403e+01 5.279127e+00 1.156757e+01 1.643285e+01 5.000000e-02 4.152754e-01 1.356438e+00 2.563895e+00 1.552265e+00 1.134578e+00 2.844005e+00 1.135137e+00 1.677848e+00 2.186587e+00 1.316400e+00 1.224792e+00 6.819935e-01 5.000000e-02 1.403706e-01 1.086126e-01 3.537577e-01 2.144177e-01 2.922151e-01 4.722309e-01 3.596315e-01 3.413418e-01 3.132720e-01 2.166182e-01 2.712257e-01 4.045216e-01 5.000000e-02
<GCONST> 7.643042e+01
<STATE> 19
<MEAN> 39
 -9.013142e-03 -2.492287e+01 -1.261483e+01 1.110755e+00 2.362394e+00 -3.149623e+00 2.746663e+00 -1.376643e+00 8.376960e-01 -1.234361e+01 9.408500e-01 6.766626e+00 3.580856e-01 -4.520439e-03 1.586606e-01 -2.660777e-01 4.920721e-01 6.911263e-01 2.710142e-01 5.839487e-01 2.601924e-01 2.943557e-01 1.037267e+00 2.315766e-01 -1.650987e-01 -1.994542e-02 -5.607971e-02 -1.742921e-02 -2.248797e-01 -1.579585e-01 -1.558414e-01 -9.500585e-02 4.303588e-01 1.478944e-01 -6.449872e-02 -1.242924e-01 -1.681908e-01 -2.682040e-01 1.391266e-03
<VARIANCE> 39
 6.208189e+00 9.979814e+00 5.110456e+00 9.170712e+00 1.046801e+01 1.400164e+01 1.328328e+01 1.386465e+01 1.590306e+01 1.368080e+01 1.045813e+01 1.240582e+01 5.000000e-02 3.431909e-01 6.442012e-01 4.391223e-01 8.557402e-01 6.404094e-01 1.703179e+00 1.195762e+00 4.887689e-01 1.080029e+00 1.012465e+00 5.715832e-01 1.699348e+00 5.000000e-02 9.632386e-02 2.521060e-01 9.789406e-02 1.880997e-01 1.034682e-01 3.726040e-01 1.356605e-01 1.895144e-01 3.866566e-01 2.702456e-01 1.124194e-01 1.341963e-01 5.000000e-02
<GCONST> 6.715537e+01
<STATE> 20
<MEAN> 39
 -3.175486e-02 -2.463553e+01 -1.359466e+01 3.570081e-01 1.587423e+00 -2.558891e+00 7.117393e+00 3.911473e-01 -1.782499e+00 -1.195662e+01 9.259287e-01 3.573425e+00 3.297151e-01 -1.919389e-01 -1.479782e-02 -7.708079e-03 -3.310172e-02 3.683416e-01 -1.087414e-01 1.057443e-01 4.691955e-01 -3.725802e-01 2.539704e-01 -3.095329e-01 -8.978239e-02 -1.742980e-02 -8.965287e-02 5.684077e-02 6.096400e-02 -3.652052e-02 -4.952989e-02 -1.470977e-01 -3.186702e-01 -2.378553e-02 4.262554e-02 -1.330819e-01 1.052083e-01 2.038916e-01 -1.306870e-03
<VARIANCE> 39
 3.346664e+00 2.502620e+00 7.974459e+00 6.577505e-01 1.236595e+01 1.207857e+01 1.368298e+01 3.351707e+00 1.193108e+01 8.154920e+00 8.788407e+00 3.262823e+00 5.000000e-02 3.204713e-01 3.447389e-01 1.274118e-01 2.900938e-01 8.802301e-01 1.428728e+00 9.781213e-01 1.036112e+00 1.621547e+00 1.279246e+00 9.360082e-01 1.376647e+00 5.000000e-02 5.000000e-02 7.667531e-02 9.470638e-02 6.586419e-02 2.693101e-01 2.661388e-01 1.707419e-01 1.809799e-01 4.218114e-01 1.831409e-01 2.213566e-01 1.443235e-01 5.000000e-02
<GCONST> 5.620531e+01
<STATE> 21
<MEAN> 39
 -1.005476e+00 -2.477246e+01 -1.424627e+01 1.335315e+00 3.726769e+00 -4.632216e+00 5.042687e+00 2.116086e+00 -1.790532e+00 -1.132569e+01 1.297366e+00 4.819880e+00 2.747022e-01 -5.206389e-01 3.714347e-01 -1.973884e-01 1.131039e-01 1.092517e-01 -4.260706e-01 -1.051254e-01 2.494328e-01 3.649668e-01 8.442090e-01 5.417604e-01 -2.196983e-01 -3.088839e-02 1.669901e-01 3.895987e-01 3.358966e-01 -8.484405e-02 -2.287962e-01 -4.282767e-02 -2.355732e-01 -6.220548e-01 -1.521728e-01 2.119237e-03 -7.236555e-02 -1.803413e-01 1.902165e-03
<VARIANCE> 39
 9.606212e-01 1.608913e+00 2.310591e+00 4.950188e+00 9.485079e+00 2.303206e+00 4.751794e+00 8.018265e+00 6.969295e+00 1.618609e+01 1.346758e+01 1.859332e+01 5.000000e-02 2.858377e-01 3.826496e-01 7.981779e-01 1.978640e-01 5.810447e-01 5.049527e-01 1.183755e+00 2.742711e-01 1.982329e+00 9.874576e-01 9.056732e-01 2.727275e-01 5.000000e-02 5.000000e-02 5.000000e-02 8.419026e-02 5.000000e-02 8.882862e-02 5.000000e-02 3.042431e-01 6.105415e-02 1.419281e-01 2.641665e-01 1.833662e-01 2.972608e-01 5.000000e-02
<GCONST> 4.834129e+01
<STATE> 22
<MEAN> 39
 -1.477949e+00 -2.227839e+01 -1.326013e+01 5.854825e-01 2.359744e+00 -5.569189e+00 3.705905e+00 -2.112433e-01 -4.513514e-01 -9.373239e+00 3.650109e-01 2.826770e+00 2.133318e-01 2.825205e-01 1.296694e+00 1.176795e+00 -1.178697e-01 -2.629865e-01 -6.487573e-01 -9.109874e-01 -1.351932e+00 -8.172135e-01 4.047574e-01 -5.102869e-01 -6.167341e-01 -9.858623e-03 1.106929e-01 4.604326e-02 2.889804e-01 1.057343e-01 2.955423e-01 2.536651e-01 4.686882e-02 -5.672249e-02 -2.710551e-01 -2.778113e-01 -1.288422e-01 7.635159e-02 5.704362e-03
<VARIANCE> 39
 1.310535e+00 5.624150e+00 7.377617e+00 6.925037e+00 5.732131e+00 9.072049e+00 8.332592e+00 4.977274e+00 9.007932e+00 8.131116e+00 1.572697e+01 5.513901e+00 5.000000e-02 3.844483e-01 8.195510e-01 4.592074e-01 4.520601e-01 6.593518e-01 9.430755e-01 8.773559e-01 7.488515e-01 4.354271e-01 7.190870e-01 4.400425e-01 7.947319e-01 5.000000e-02 1.095425e-01 1.928082e-01 1.617946e-01 6.281789e-02 8.158118e-02 6.625985e-02 1.478497e-01 1.858720e-01 1.976916e-01 1.561858e-01 1.676720e-01 5.000000e-02 5.000000e-02
<GCONST> 5.369951e+01
<STATE> 23
<MEAN> 39
 -2.592104e-01 -1.894779e+01 -8.724730e+00 1.504822e+00 4.077890e+00 -6.222181e+00 1.502455e+00 -3.054483e+00 -4.293523e+00 -8.680003e+00 -2.874582e-01 2.520166e+00 2.143381e-01 2.141346e-01 7.726943e-01 1.080734e+00 4.664308e-01 6.270775e-01 4.189596e-01 2.488506e-02 -2.963960e-01 -6.848584e-01 -7.475400e-01 -1.906920e-01 -2.444860e-02 -7.395315e-03 -3.426712e-01 -2.592174e-01 -3.717514e-01 -1.065066e-01 -1.419747e-01 1.175602e-01 3.371399e-01 4.302648e-01 4.109790e-01 -1.724356e-01 8.617966e-02 1.695468e-01 -9.878535e-03
<VARIANCE> 39
 6.359495e+00 1.241853e+01 5.336169e+00 6.225781e+00 4.502024e+00 1.047810e+01 9.201801e+00 8.911182e+00 1.494621e+01 6.238461e+00 4.297619e+00 5.707310e+00 5.000000e-02 3.654643e-01 1.023626e+00 8.465003e-01 4.063371e-01 1.931222e-01 6.524434e-01 6.772856e-01 5.863069e-01 7.473378e-01 3.327639e-01 9.591324e-01 2.938385e-01 5.000000e-02 1.147050e-01 2.766851e-01 9.372359e-02 1.426581e-01 1.065990e-01 2.320197e-01 1.745027e-01 1.939526e-01 6.051286e-02 1.397980e-01 1.136576e-01 8.586039e-02 5.000000e-02
<GCONST> 5.460179e+01
<STATE> 24
<MEAN> 39
 -8.702971e-01 -1.861075e+01 -8.684795e+00 1.327136e+00 3.027228e+00 -5.863743e+00 2.850758e+00 -2.832394e+00 -5.143806e+00 -1.205472e+01 -9.136773e-01 2.270898e+00 1.588122e-01 -1.293939e+00 7.037196e-01 1.844657e-01 -6.721659e-01 -3.418730e-01 1.981308e-01 3.356891e-01 5.968941e-01 7.099101e-01 3.670177e-01 7.123973e-02 1.113078e-01 -5.567946e-02 -3.485723e-01 2.799622e-01 -2.244256e-02 -2.882627e-01 -6.556378e-02 1.239237e-01 -1.337048e-02 2.334823e-01 3.107243e-01 5.196725e-01 2.213195e-01 -5.259644e-02 -1.282434e-02
<VARIANCE> 39
 3.597316e+00 2.831131e+00 2.333607e+00 5.365478e+00 9.592319e+00 1.231656e+01 6.231760e+00 6.322010e+00 6.213600e+00 3.895862e+00 2.756209e+00 1.930022e+00 5.000000e-02 4.125984e-01 1.090955e+00 3.926477e-01 4.464168e-01 9.767002e-01 1.416175e+00 5.565777e-01 8.458377e-01 4.050585e-01 1.489290e+00 7.951668e-01 3.972483e-01 5.000000e-02 9.273016e-02 1.002055e-01 1.139922e-01 6.923986e-02 1.761438e-01 2.042633e-01 1.254038e-01 1.549288e-01 5.805930e-02 1.231576e-01 2.458710e-01 1.119044e-01 5.000000e-02
<GCONST> 5.089569e+01
<STATE> 25
<MEAN> 39
 -5.951430e+00 -1.422150e+01 -6.987123e+00 -1.148442e+00 3.656407e+00 -3.634144e+00 4.170395e+00 5.132899e-01 -1.316798e+00 -8.443583e+00 2.825328e-01 2.247929e+00 -5.480431e-02 -7.823282e-01 1.245505e+00 5.699140e-01 -4.414037e-01 -1.227864e-01 3.383241e-01 -4.675570e-01 -3.890663e-02 1.358240e-01 7.835682e-01 2.463124e-01 -2.479543e-01 -4.400470e-02 3.569360e-01 -2.317347e-01 -4.666933e-02 2.908004e-01 6.305400e-02 -1.356336e-01 -3.613286e-01 -4.669661e-01 -2.449906e-01 1.901985e-02 1.280231e-01 1.271409e-01 1.417654e-02
<VARIANCE> 39
 1.173501e+00 5.459895e+00 5.453052e+00 2.605848e+00 8.936049e+00 8.987861e+00 5.857942e+00 6.267549e+00 7.080416e+00 1.565005e+01 1.256685e+01 8.823901e+00 5.000000e-02 4.744903e-01 3.593459e-01 3.338417e-01 3.075143e-01 6.534433e-01 8.103229e-01 1.118513e+00 1.474305e+00 9.737990e-01 1.114896e+00 1.440892e+00 4.282810e-01 5.000000e-02 5.000000e-02 9.087107e-02 5.598333e-02 5.000000e-02 1.869216e-01 1.393282e-01 1.531478e-01 9.213867e-02 1.013445e-01 2.037924e-01 2.767865e-01 1.561754e-01 5.000000e-02
<GCONST> 5.382295e+01
<TRANSP> 26
 0.000000e+00 1.000000e+00 0.000000e+00 0.000000e+00 0.000000e+00 0.000000e+00 0.000000e+00 0.000000e+00 0.000000e+00 0.000000e+00 0.000000e+00 0.000000e+00 0.000000e+00 0.000000e+00 0.000000e+00 0.000000e+00 0.000000e+00 0.000000e+00 0.000000e+00 0.000000e+00 0.000000e+00 0.000000e+00 0.000000e+00 0.000000e+00 0.000000e+00 0.000000e+00
 0.000000e+00 6.135273e-01 3.864727e-01 0.000000e+00 0.000000e+00 0.000000e+00 0.000000e+00 0.000000e+00 0.000000e+00 0.000000e+00 0.000000e+00 0.000000e+00 0.000000e+00 0.000000e+00 0.000000e+00 0.000000e+00 0.000000e+00 0.000000e+00 0.000000e+00 0.000000e+00 0.000000e+00 0.000000e+00 0.000000e+00 0.000000e+00 0.000000e+00 0.000000e+00
 0.000000e+00 0.000000e+00 5.454546e-01 4.545455e-01 0.000000e+00 0.000000e+00 0.000000e+00 0.000000e+00 0.000000e+00 0.000000e+00 0.000000e+00 0.000000e+00 0.000000e+00 0.000000e+00 0.000000e+00 0.000000e+00 0.000000e+00 0.000000e+00 0.000000e+00 0.000000e+00 0.000000e+00 0.000000e+00 0.000000e+00 0.000000e+00 0.000000e+00 0.000000e+00
 0.000000e+00 0.000000e+00 0.000000e+00 5.833334e-01 4.166666e-01 0.000000e+00 0.000000e+00 0.000000e+00 0.000000e+00 0.000000e+00 0.000000e+00 0.000000e+00 0.000000e+00 0.000000e+00 0.000000e+00 0.000000e+00 0.000000e+00 0.000000e+00 0.000000e+00 0.000000e+00 0.000000e+00 0.000000e+00 0.000000e+00 0.000000e+00 0.000000e+00 0.000000e+00
 0.000000e+00 0.000000e+00 0.000000e+00 0.000000e+00 5.454543e-01 4.545458e-01 0.000000e+00 0.000000e+00 0.000000e+00 0.000000e+00 0.000000e+00 0.000000e+00 0.000000e+00 0.000000e+00 0.000000e+00 0.000000e+00 0.000000e+00 0.000000e+00 0.000000e+00 0.000000e+00 0.000000e+00 0.000000e+00 0.000000e+00 0.000000e+00 0.000000e+00 0.000000e+00
 0.000000e+00 0.000000e+00 0.000000e+00 0.000000e+00 0.000000e+00 4.994217e-01 5.005783e-01 0.000000e+00 0.000000e+00 0.000000e+00 0.000000e+00 0.000000e+00 0.000000e+00 0.000000e+00 0.000000e+00 0.000000e+00 0.000000e+00 0.000000e+00 0.000000e+00 0.000000e+00 0.000000e+00 0.000000e+00 0.000000e+00 0.000000e+00 0.000000e+00 0.000000e+00
 0.000000e+00 0.000000e+00 0.000000e+00 0.000000e+00 0.000000e+00 0.000000e+00 5.834440e-01 4.165560e-01 0.000000e+00 0.000000e+00 0.000000e+00 0.000000e+00 0.000000e+00 0.000000e+00 0.000000e+00 0.000000e+00 0.000000e+00 0.000000e+00 0.000000e+00 0.000000e+00 0.000000e+00 0.000000e+00 0.000000e+00 0.000000e+00 0.000000e+00 0.000000e+00
 0.000000e+00 0.000000e+00 0.000000e+00 0.000000e+00 0.000000e+00 0.000000e+00 0.000000e+00 7.224151e-01 2.775849e-01 0.000000e+00 0.000000e+00 0.000000e+00 0.000000e+00 0.000000e+00 0.000000e+00 0.000000e+00 0.000000e+00 0.000000e+00 0.000000e+00 0.000000e+00 0.000000e+00 0.000000e+00 0.000000e+00 0.000000e+00 0.000000e+00 0.000000e+00
 0.000000e+00 0.000000e+00 0.000000e+00 0.000000e+00 0.000000e+00 0.000000e+00 0.000000e+00 0.000000e+00 5.469872e-01 4.530128e-01 0.000000e+00 0.000000e+00 0.000000e+00 0.000000e+00 0.000000e+00 0.000000e+00 0.000000e+00 0.000000e+00 0.000000e+00 0.000000e+00 0.000000e+00 0.000000e+00 0.000000e+00 0.000000e+00 0.000000e+00 0.000000e+00
 0.000000e+00 0.000000e+00 0.000000e+00 0.000000e+00 0.000000e+00 0.000000e+00 0.000000e+00 0.000000e+00 0.000000e+00 6.145580e-01 3.854419e-01 0.000000e+00 0.000000e+00 0.000000e+00 0.000000e+00 0.000000e+00 0.000000e+00 0.000000e+00 0.000000e+00 0.000000e+00 0.000000e+00 0.000000e+00 0.000000e+00 0.000000e+00 0.000000e+00 0.000000e+00
 0.000000e+00 0.000000e+00 0.000000e+00 0.000000e+00 0.000000e+00 0.000000e+00 0.000000e+00 0.000000e+00 0.000000e+00 0.000000e+00 5.835261e-01 4.164739e-01 0.000000e+00 0.000000e+00 0.000000e+00 0.000000e+00 0.000000e+00 0.000000e+00 0.000000e+00 0.000000e+00 0.000000e+00 0.000000e+00 0.000000e+00 0.000000e+00 0.000000e+00 0.000000e+00
 0.000000e+00 0.000000e+00 0.000000e+00 0.000000e+00 0.000000e+00 0.000000e+00 0.000000e+00 0.000000e+00 0.000000e+00 0.000000e+00 0.000000e+00 6.406742e-01 3.593258e-01 0.000000e+00 0.000000e+00 0.000000e+00 0.000000e+00 0.000000e+00 0.000000e+00 0.000000e+00 0.000000e+00 0.000000e+00 0.000000e+00 0.000000e+00 0.000000e+00 0.000000e+00
 0.000000e+00 0.000000e+00 0.000000e+00 0.000000e+00 0.000000e+00 0.000000e+00 0.000000e+00 0.000000e+00 0.000000e+00 0.000000e+00 0.000000e+00 0.000000e+00 5.019466e-01 4.980534e-01 0.000000e+00 0.000000e+00 0.000000e+00 0.000000e+00 0.000000e+00 0.000000e+00 0.000000e+00 0.000000e+00 0.000000e+00 0.000000e+00 0.000000e+00 0.000000e+00
 0.000000e+00 0.000000e+00 0.000000e+00 0.000000e+00 0.000000e+00 0.000000e+00 0.000000e+00 0.000000e+00 0.000000e+00 0.000000e+00 0.000000e+00 0.000000e+00 0.000000e+00 6.162144e-01 3.837856e-01 0.000000e+00 0.000000e+00 0.000000e+00 0.000000e+00 0.000000e+00 0.000000e+00 0.000000e+00 0.000000e+00 0.000000e+00 0.000000e+00 0.000000e+00
 0.000000e+00 0.000000e+00 0.000000e+00 0.000000e+00 0.000000e+00 0.000000e+00 0.000000e+00 0.000000e+00 0.000000e+00 0.000000e+00 0.000000e+00 0.000000e+00 0.000000e+00 0.000000e+00 6.153588e-01 3.846412e-01 0.000000e+00 0.000000e+00 0.000000e+00 0.000000e+00 0.000000e+00 0.000000e+00 0.000000e+00 0.000000e+00 0.000000e+00 0.000000e+00
 0.000000e+00 0.000000e+00 0.000000e+00 0.000000e+00 0.000000e+00 0.000000e+00 0.000000e+00 0.000000e+00 0.000000e+00 0.000000e+00 0.000000e+00 0.000000e+00 0.000000e+00 0.000000e+00 0.000000e+00 6.141403e-01 3.858597e-01 0.000000e+00 0.000000e+00 0.000000e+00 0.000000e+00 0.000000e+00 0.000000e+00 0.000000e+00 0.000000e+00 0.000000e+00
 0.000000e+00 0.000000e+00 0.000000e+00 0.000000e+00 0.000000e+00 0.000000e+00 0.000000e+00 0.000000e+00 0.000000e+00 0.000000e+00 0.000000e+00 0.000000e+00 0.000000e+00 0.000000e+00 0.000000e+00 0.000000e+00 4.504524e-01 5.495476e-01 0.000000e+00 0.000000e+00 0.000000e+00 0.000000e+00 0.000000e+00 0.000000e+00 0.000000e+00 0.000000e+00
 0.000000e+00 0.000000e+00 0.000000e+00 0.000000e+00 0.000000e+00 0.000000e+00 0.000000e+00 0.000000e+00 0.000000e+00 0.000000e+00 0.000000e+00 0.000000e+00 0.000000e+00 0.000000e+00 0.000000e+00 0.000000e+00 0.000000e+00 6.614774e-01 3.385226e-01 0.000000e+00 0.000000e+00 0.000000e+00 0.000000e+00 0.000000e+00 0.000000e+00 0.000000e+00
 0.000000e+00 0.000000e+00 0.000000e+00 0.000000e+00 0.000000e+00 0.000000e+00 0.000000e+00 0.000000e+00 0.000000e+00 0.000000e+00 0.000000e+00 0.000000e+00 0.000000e+00 0.000000e+00 0.000000e+00 0.000000e+00 0.000000e+00 0.000000e+00 5.892950e-01 4.107051e-01 0.000000e+00 0.000000e+00 0.000000e+00 0.000000e+00 0.000000e+00 0.000000e+00
 0.000000e+00 0.000000e+00 0.000000e+00 0.000000e+00 0.000000e+00 0.000000e+00 0.000000e+00 0.000000e+00 0.000000e+00 0.000000e+00 0.000000e+00 0.000000e+00 0.000000e+00 0.000000e+00 0.000000e+00 0.000000e+00 0.000000e+00 0.000000e+00 0.000000e+00 6.153796e-01 3.846205e-01 0.000000e+00 0.000000e+00 0.000000e+00 0.000000e+00 0.000000e+00
 0.000000e+00 0.000000e+00 0.000000e+00 0.000000e+00 0.000000e+00 0.000000e+00 0.000000e+00 0.000000e+00 0.000000e+00 0.000000e+00 0.000000e+00 0.000000e+00 0.000000e+00 0.000000e+00 0.000000e+00 0.000000e+00 0.000000e+00 0.000000e+00 0.000000e+00 0.000000e+00 4.999575e-01 5.000426e-01 0.000000e+00 0.000000e+00 0.000000e+00 0.000000e+00
 0.000000e+00 0.000000e+00 0.000000e+00 0.000000e+00 0.000000e+00 0.000000e+00 0.000000e+00 0.000000e+00 0.000000e+00 0.000000e+00 0.000000e+00 0.000000e+00 0.000000e+00 0.000000e+00 0.000000e+00 0.000000e+00 0.000000e+00 0.000000e+00 0.000000e+00 0.000000e+00 0.000000e+00 6.149361e-01 3.850640e-01 0.000000e+00 0.000000e+00 0.000000e+00
 0.000000e+00 0.000000e+00 0.000000e+00 0.000000e+00 0.000000e+00 0.000000e+00 0.000000e+00 0.000000e+00 0.000000e+00 0.000000e+00 0.000000e+00 0.000000e+00 0.000000e+00 0.000000e+00 0.000000e+00 0.000000e+00 0.000000e+00 0.000000e+00 0.000000e+00 0.000000e+00 0.000000e+00 0.000000e+00 5.461705e-01 4.538295e-01 0.000000e+00 0.000000e+00
 0.000000e+00 0.000000e+00 0.000000e+00 0.000000e+00 0.000000e+00 0.000000e+00 0.000000e+00 0.000000e+00 0.000000e+00 0.000000e+00 0.000000e+00 0.000000e+00 0.000000e+00 0.000000e+00 0.000000e+00 0.000000e+00 0.000000e+00 0.000000e+00 0.000000e+00 0.000000e+00 0.000000e+00 0.000000e+00 0.000000e+00 6.160071e-01 3.839929e-01 0.000000e+00
 0.000000e+00 0.000000e+00 0.000000e+00 0.000000e+00 0.000000e+00 0.000000e+00 0.000000e+00 0.000000e+00 0.000000e+00 0.000000e+00 0.000000e+00 0.000000e+00 0.000000e+00 0.000000e+00 0.000000e+00 0.000000e+00 0.000000e+00 0.000000e+00 0.000000e+00 0.000000e+00 0.000000e+00 0.000000e+00 0.000000e+00 0.000000e+00 6.704881e-01 3.295119e-01
 0.000000e+00 0.000000e+00 0.000000e+00 0.000000e+00 0.000000e+00 0.000000e+00 0.000000e+00 0.000000e+00 0.000000e+00 0.000000e+00 0.000000e+00 0.000000e+00 0.000000e+00 0.000000e+00 0.000000e+00 0.000000e+00 0.000000e+00 0.000000e+00 0.000000e+00 0.000000e+00 0.000000e+00 0.000000e+00 0.000000e+00 0.000000e+00 0.000000e+00 0.000000e+00
<ENDHMM>
