~o
<STREAMINFO> 1 39
<VECSIZE> 39<NULLD><MFCC_E_D_A><DIAGC>
~h "Bai"
<BEGINHMM>
<NUMSTATES> 25
<STATE> 2
<MEAN> 39
 -4.091017e+00 -7.636314e+00 -1.135443e+00 -2.798856e+00 7.311197e-02 -7.253364e+00 -4.869505e-02 -2.793401e+00 -1.051434e+00 -4.120242e+00 6.270813e-01 -2.023235e+00 3.623034e-02 1.904291e+00 8.077084e-02 -1.383327e+00 -1.520515e+00 -1.580900e+00 -1.740032e+00 -8.280103e-01 4.528691e-01 -2.571588e-01 -7.082849e-01 -1.597716e+00 -1.187588e+00 9.445091e-02 5.236757e-01 -3.605989e-01 -9.126909e-01 -3.009772e-01 -2.316135e-01 -2.578808e-01 -7.540657e-02 -2.815262e-02 2.222708e-01 -9.700327e-02 -4.492705e-01 -3.951934e-01 3.556984e-02
<VARIANCE> 39
 2.336461e+00 2.464962e+00 3.841835e+00 5.815974e+00 1.782911e+01 2.197652e+01 8.293856e+00 1.438485e+01 1.216698e+01 9.273601e+00 2.154760e+01 5.823286e+00 5.000000e-02 1.449179e+00 5.869339e-01 1.326243e+00 6.032793e-01 7.734716e-01 8.656366e-01 5.027050e-01 1.119247e+00 6.975603e-01 1.642035e+00 2.525988e+00 5.211390e-01 5.000000e-02 3.244975e-01 1.618520e-01 1.425381e-01 2.385553e-01 5.475445e-01 3.545983e-01 1.450060e-01 4.430680e-01 2.526336e-01 2.387772e-01 5.602221e-01 9.410236e-02 5.000000e-02
<GCONST> 7.044465e+01
<STATE> 3
<MEAN> 39
 7.131257e+00 -8.485502e+00 -1.092740e+01 -7.430292e+00 -4.301291e+00 -1.264600e+01 -4.085326e+00 -1.283662e+00 -3.591483e+00 -8.612795e+00 -5.215252e+00 -7.885852e+00 5.104607e-01 1.504925e+00 -1.722720e+00 -3.951807e+00 -5.766407e-01 2.866767e-04 -7.972753e-01 6.465389e-02 -1.902809e+00 8.268329e-01 -2.451876e-01 -1.624008e+00 -1.678829e+00 1.479109e-01 -1.566110e+00 -7.021033e-01 -4.218647e-01 4.661698e-01 9.383514e-01 6.057897e-01 1.459038e+00 -6.683573e-01 8.370268e-01 5.719303e-01 1.107036e-01 7.523679e-01 -1.121170e-02
<VARIANCE> 39
 1.312823e+01 1.436702e+01 1.682166e+01 7.081611e+00 1.116341e+01 4.889656e+00 4.428211e+00 1.280356e+01 9.435289e+00 7.513443e+00 1.355197e+01 3.755649e+00 5.000000e-02 5.401934e+00 1.071717e+00 1.442989e+00 2.196616e+00 2.435343e+00 1.168906e+00 5.573505e+00 3.016510e+00 4.937497e+00 2.484777e+00 2.755060e+00 1.053298e+00 5.000000e-02 3.770659e-01 8.651235e-02 3.565253e-01 1.118761e-01 3.673536e-01 1.594074e-01 5.305790e-01 5.075339e-01 1.587408e-01 5.121258e-01 4.316764e-01 4.097174e-01 5.000000e-02
<GCONST> 8.425239e+01
<STATE> 4
<MEAN> 39
 1.807508e+00 -1.487755e+01 -1.816132e+01 -8.275539e+00 -1.117245e+00 -1.163133e+01 2.050907e+00 -9.977983e+00 6.677727e+00 -3.506245e+00 -9.292978e+00 -1.086951e+01 7.808295e-01 -3.481841e+00 -2.984728e+00 -4.029970e+00 2.343972e-01 2.423080e+00 1.076036e+00 4.608133e+00 -1.621358e+00 2.409857e+00 1.328740e-02 -1.627638e+00 2.060573e+00 1.091845e-01 -6.039350e-01 6.699604e-02 7.175685e-01 7.497627e-01 6.408998e-01 5.844311e-01 3.919836e-01 5.523924e-01 -7.929450e-01 -3.146985e-01 5.638979e-01 1.283519e+00 -2.700759e-02
<VARIANCE> 39
 2.124116e+01 1.389482e+01 3.049664e+01 2.306918e+01 1.358273e+01 1.103210e+01 4.954593e+01 2.861946e+01 1.978716e+01 1.128444e+01 9.798178e+00 1.225229e+01 5.000000e-02 6.228507e-01 4.228206e-01 7.887588e-01 9.318658e-01 1.490464e+00 6.194440e-01 2.846951e+00 1.999015e+00 7.981052e-01 3.016199e+00 1.825616e+00 1.162760e+00 5.000000e-02 4.736327e-01 1.142556e-01 3.064750e-01 4.090759e-01 2.999305e-01 2.150140e-01 7.031550e-01 3.643654e-01 3.609375e-01 3.934474e-01 3.381118e-01 2.461107e-01 5.000000e-02
<GCONST> 8.551031e+01
<STATE> 5
<MEAN> 39
 -4.977601e+00 -2.081926e+01 -2.575293e+01 -5.129492e+00 5.686855e+00 -8.758029e+00 1.166959e+01 -8.018367e+00 4.059011e+00 -6.606181e+00 -1.034227e+01 -1.899662e-01 9.224186e-01 -1.415679e+00 -1.874448e+00 -9.057533e-01 1.696600e+00 2.136270e+00 8.606045e-01 1.529074e+00 -9.425426e-01 -9.143503e-01 4.017509e-02 -1.649861e-01 2.468433e+00 3.964204e-02 8.359707e-01 6.214006e-01 1.041580e+00 9.540307e-02 -6.782366e-01 -7.888740e-02 -1.547350e+00 3.194572e-02 -6.416845e-01 1.572936e-01 3.616308e-01 -5.448273e-01 -2.096879e-02
<VARIANCE> 39
 1.137232e+01 6.756538e+00 1.222693e+01 1.970537e+01 6.508691e+00 1.331707e+01 1.953385e+01 2.021510e+01 1.789349e+01 2.269203e+01 1.587216e+01 5.990981e+00 5.000000e-02 7.299382e-01 1.126441e+00 1.527356e+00 1.301711e+00 1.852914e+00 1.227276e+00 5.561279e+00 1.061601e+00 1.717252e+00 3.753872e+00 1.586238e+00 2.245076e+00 5.000000e-02 9.345840e-02 9.462040e-02 1.813349e-01 2.300586e-01 1.956793e-01 1.279873e-01 8.231469e-02 2.024320e-01 2.647413e-01 6.546759e-01 1.689888e-01 1.816544e-01 5.000000e-02
<GCONST> 7.881770e+01
<STATE> 6
<MEAN> 39
 -5.632930e+00 -2.417085e+01 -2.222970e+01 -2.319676e+00 7.056098e+00 -6.233702e+00 8.047443e+00 -1.262966e+01 4.372225e+00 -5.879727e+00 -8.989048e+00 8.720067e-01 9.709733e-01 -1.112105e-01 -5.407903e-01 1.829604e-01 5.006607e-01 2.269036e-01 8.203378e-01 -9.581057e-01 -5.580521e-01 -2.121115e-01 7.456674e-01 -2.957962e-02 6.334569e-01 1.167943e-02 1.582036e-01 2.956784e-01 -4.482481e-02 -5.825282e-01 -4.219072e-01 -1.642123e-01 -2.031612e-01 1.866286e-01 2.472492e-01 2.440087e-02 2.157652e-02 -1.822202e-01 -7.074251e-03
<VARIANCE> 39
 5.004017e+00 1.244621e+01 1.426642e+01 1.415281e+01 5.025456e+00 8.121106e+00 3.632327e+01 1.064524e+01 2.273114e+01 9.303069e+00 1.913955e+01 4.026419e+00 5.000000e-02 2.338854e-01 2.232450e-01 6.423283e-01 1.184309e+00 7.634347e-01 7.521360e-01 9.491585e-01 3.574295e-01 5.157277e-01 1.080862e+00 8.048230e-01 4.008442e-01 5.000000e-02 6.607819e-02 5.000000e-02 1.271235e-01 1.957075e-01 1.010019e-01 1.414130e-01 3.087304e-01 1.511853e-01 6.294843e-02 1.906966e-01 1.964936e-01 2.689793e-01 5.000000e-02
<GCONST> 6.083496e+01
<STATE> 7
<MEAN> 39
 -4.660061e+00 -2.388605e+01 -2.757118e+01 -1.024022e+00 7.924690e+00 -7.545490e+00 1.076943e+01 -1.352912e+01 3.154745e+00 -3.483210e+00 -9.983573e+00 2.899013e+00 9.834731e-01 -1.272064e-02 -3.830586e-01 -2.409572e-01 -1.075406e-01 -3.080302e-01 4.780602e-01 -4.781580e-01 -2.548793e-01 1.183132e-01 -3.021340e-01 -1.096686e-01 8.216516e-01 4.179057e-03 1.183472e-01 6.572162e-02 1.070122e-01 7.066662e-02 -1.310184e-01 9.406538e-02 3.481611e-02 1.552714e-01 5.960057e-02 -1.157025e-01 2.228779e-02 -3.753836e-02 -2.051798e-03
<VARIANCE> 39
 6.369120e+00 4.388081e+00 3.009466e+01 5.272334e+00 4.329409e+00 1.108887e+01 2.339095e+01 1.013976e+01 2.059502e+01 8.340075e+00 1.717553e+01 5.909808e+00 5.000000e-02 7.108745e-02 7.743553e-02 5.427531e-01 3.115008e-01 2.293796e-01 3.449290e-01 4.653471e-01 8.206297e-01 3.534438e-01 4.942643e-01 3.437324e-01 2.603424e-01 5.000000e-02 5.000000e-02 5.000000e-02 5.000000e-02 8.632268e-02 5.879151e-02 5.000000e-02 9.991256e-02 1.350081e-01 5.899511e-02 1.331023e-01 1.248144e-01 5.000000e-02 5.000000e-02
<GCONST> 4.406035e+01
<STATE> 8
<MEAN> 39
 -5.445811e+00 -2.464283e+01 -2.237429e+01 -3.141962e+00 4.446670e+00 -5.743982e-01 1.892223e+00 -9.964624e+00 1.412107e+00 -5.606886e+00 -9.700464e+00 6.219315e+00 9.882619e-01 3.057500e-01 1.114170e-01 3.645723e-01 7.084309e-01 -1.105320e-01 8.486352e-01 -2.689069e-01 6.267827e-01 -3.368621e-02 6.214183e-02 4.468294e-01 4.992346e-01 8.840250e-04 -4.685310e-02 9.280522e-02 2.158491e-02 1.097148e-02 1.544860e-01 -1.374083e-01 2.226397e-02 5.685923e-02 -5.696020e-02 -7.502000e-03 -2.329121e-01 -1.463657e-01 -7.106281e-06
<VARIANCE> 39
 3.310085e+00 6.529967e+00 2.351566e+01 6.387002e+00 5.530623e+00 1.595805e+01 6.130383e+01 2.299749e+01 5.214119e+01 6.010311e+00 1.916423e+01 7.441570e-01 5.000000e-02 5.000000e-02 1.995302e-01 1.948402e-01 2.646724e-01 2.960141e-01 1.220412e-01 1.167841e-01 3.308001e-01 2.572795e-01 9.191285e-02 7.421710e-01 3.659828e-01 5.000000e-02 5.000000e-02 5.000000e-02 5.329183e-02 7.194714e-02 5.000000e-02 5.000000e-02 9.836979e-02 1.120787e-01 5.461310e-02 7.977783e-02 1.097326e-01 9.610702e-02 5.000000e-02
<GCONST> 3.967488e+01
<STATE> 9
<MEAN> 39
 -5.302423e+00 -2.476922e+01 -2.392783e+01 2.279074e-02 5.856148e+00 -1.800847e+00 6.851678e+00 -1.385066e+01 5.827789e+00 -6.786629e+00 -8.847761e+00 7.962841e+00 9.925136e-01 3.358828e-02 -2.857093e-02 1.070198e-01 -4.550433e-02 -4.624470e-01 5.029736e-01 -3.290914e-01 3.148116e-01 -4.244758e-01 -2.165682e-01 -2.871674e-01 1.789608e-01 -2.183972e-03 -5.530491e-02 -7.819352e-02 1.515430e-01 -2.751605e-01 -1.249388e-01 -1.735703e-01 1.247334e-01 2.511015e-01 -2.277650e-01 -2.563358e-03 1.488590e-01 -2.493804e-01 -2.959945e-03
<VARIANCE> 39
 4.298876e+00 1.655354e+00 3.558194e+01 2.753392e+00 2.493366e+00 9.493230e+00 2.191263e+01 1.734659e+01 2.468523e+01 6.781877e+00 1.062205e+01 6.022532e+00 5.000000e-02 9.866325e-02 2.631982e-01 2.105541e-01 2.404092e-01 4.671919e-01 2.264624e-01 3.924137e-01 4.338667e-01 1.800882e-01 1.028902e-01 3.705751e-01 5.499195e-01 5.000000e-02 5.000000e-02 5.000000e-02 6.845655e-02 5.000000e-02 1.123202e-01 5.000000e-02 7.455344e-02 1.588066e-01 5.000000e-02 5.000000e-02 8.432920e-02 9.034950e-02 5.000000e-02
<GCONST> 3.923481e+01
<STATE> 10
<MEAN> 39
 -3.411764e+00 -2.460683e+01 -2.435526e+01 -1.149013e+00 4.798975e+00 -1.168998e+00 4.216847e+00 -8.505683e+00 -2.285893e-01 -4.130241e+00 -1.164381e+01 4.918211e+00 9.837377e-01 -1.232071e-01 6.909306e-02 5.523078e-01 -3.551404e-01 -1.993772e-01 -1.816595e-01 1.502649e-01 1.150616e+00 -9.808024e-01 1.131782e-01 6.567521e-02 -1.811631e-02 -7.389640e-03 -1.310080e-01 1.014766e-01 -1.035948e-01 5.792538e-02 -2.273120e-01 -3.099340e-01 4.296902e-01 4.785812e-02 -2.582543e-01 -1.259625e-01 8.127849e-02 2.333148e-01 -2.860707e-03
<VARIANCE> 39
 9.895023e+00 4.066921e+00 2.458404e+01 6.842104e+00 5.155674e+00 1.321710e+01 5.700902e+01 2.429720e+01 1.477439e+01 5.072752e+00 1.521892e+01 8.547337e+00 5.000000e-02 1.642564e-01 5.000000e-02 4.275477e-01 1.346404e-01 5.928752e-01 3.997970e-01 5.665786e-01 1.088979e+00 4.578814e-01 7.638975e-01 8.062796e-01 6.717592e-01 5.000000e-02 5.000000e-02 5.000000e-02 6.699998e-02 5.257209e-02 1.150785e-01 1.192093e-01 5.000000e-02 1.112830e-01 5.000000e-02 1.313061e-01 6.854119e-02 1.174930e-01 5.000000e-02
<GCONST> 4.993903e+01
<STATE> 11
<MEAN> 39
 -5.716774e+00 -2.488003e+01 -2.198356e+01 -2.111681e+00 2.655318e+00 -2.392754e+00 8.435058e+00 -7.989184e+00 -6.053319e-01 -6.243162e+00 -8.558594e+00 8.174214e+00 9.450806e-01 -4.198182e-01 2.434295e-02 4.251611e-01 -2.448948e-01 -1.966377e+00 -3.834356e-01 1.254504e+00 9.966905e-01 -1.383509e+00 -4.010040e-01 1.007531e-01 4.672672e-01 -1.686534e-02 -1.631276e-02 3.774091e-02 8.765867e-02 9.118170e-02 -5.425220e-01 4.268138e-02 3.292123e-01 -3.820558e-02 2.000021e-01 -7.424892e-02 -1.169052e-01 -3.733091e-01 -1.387110e-03
<VARIANCE> 39
 8.247380e+00 2.566047e+00 2.804958e+01 2.263168e+00 1.286708e+01 1.421964e+01 1.658570e+01 2.297581e+01 2.746357e+01 1.692533e+01 1.815644e+01 1.581347e+01 5.000000e-02 2.360968e-01 3.691523e-01 4.908289e-01 5.287577e-01 7.669845e-01 1.027191e+00 2.497140e-01 2.835803e-01 8.227884e-01 5.184086e-01 4.518767e-01 1.066171e+00 5.000000e-02 5.000000e-02 5.000000e-02 5.000000e-02 9.431522e-02 1.433666e-01 6.497724e-02 5.572508e-02 5.000000e-02 1.353363e-01 2.991475e-01 1.051571e-01 1.693666e-01 5.000000e-02
<GCONST> 5.544719e+01
<STATE> 12
<MEAN> 39
 -5.219187e+00 -2.325443e+01 -2.231478e+01 4.193958e-01 -2.201255e+00 -3.157567e+00 9.517611e+00 -3.769925e+00 -4.738290e+00 -7.407293e+00 -1.085941e+01 5.419262e+00 9.108543e-01 -5.426555e-01 4.335741e-01 9.695792e-01 -7.211619e-02 -2.164421e+00 1.731877e-02 1.924251e+00 8.190582e-01 -2.613609e-01 -3.416005e-01 3.259964e-01 -1.638276e+00 -1.951629e-02 -6.610795e-02 2.520723e-01 1.944487e-01 -4.904305e-01 -1.597202e-01 1.307055e-01 -9.432223e-02 -4.929944e-02 2.106465e-01 5.575027e-01 -2.468716e-02 -4.873787e-01 -2.437567e-03
<VARIANCE> 39
 6.993494e+00 5.328467e+00 1.933483e+01 9.816173e+00 9.585683e+00 2.495491e+01 6.550166e+01 2.031532e+01 7.695249e+00 7.883073e+00 2.295907e+01 1.395451e+01 5.000000e-02 2.049699e-01 1.779976e-01 9.948962e-01 1.705372e+00 1.172362e+00 1.654171e+00 6.973486e-02 9.233226e-01 4.404212e-01 2.795111e+00 5.761022e-01 7.752244e-01 5.000000e-02 5.000000e-02 5.393593e-02 1.357833e-01 2.393520e-01 7.335466e-02 2.997776e-01 7.849457e-02 2.176152e-01 1.154223e-01 2.968202e-01 8.311990e-02 2.132590e-01 5.000000e-02
<GCONST> 6.400305e+01
<STATE> 13
<MEAN> 39
 -8.071388e+00 -2.218186e+01 -1.769940e+01 -5.144825e+00 -9.458227e+00 -2.433220e+00 1.603864e+01 -2.766969e+00 -3.580598e+00 -5.996257e+00 -9.587499e+00 7.739357e-01 8.529361e-01 -3.102170e-01 1.418877e+00 9.601201e-01 -1.523777e+00 -2.581060e+00 -5.285626e-01 4.440351e-01 4.735472e-01 5.703430e-01 1.999685e+00 1.317592e-01 -1.375510e+00 -3.057313e-02 1.834835e-01 9.472893e-02 -1.232286e-02 -9.804484e-03 1.938448e-01 -5.392468e-01 -9.929874e-01 -5.435304e-01 6.250206e-01 7.253907e-01 2.098312e-01 5.211518e-01 -5.962896e-03
<VARIANCE> 39
 3.901285e+00 1.086515e+01 1.587065e+01 1.629644e+01 8.175269e+00 3.126872e+01 2.330687e+01 2.372879e+01 2.371127e+01 1.013720e+01 7.306092e+00 1.344730e+01 5.000000e-02 1.374788e-01 1.663061e-01 4.259477e-01 1.077843e+00 4.845914e-01 2.791109e-01 1.129799e+00 1.805213e+00 5.989925e-01 9.253953e-01 9.832579e-01 1.054289e+00 5.000000e-02 5.000000e-02 5.000000e-02 1.275550e-01 5.053392e-02 9.772309e-02 1.218859e-01 9.362037e-02 2.148383e-01 1.328975e-01 1.856642e-01 1.302236e-01 1.421202e-01 5.000000e-02
<GCONST> 6.045845e+01
<STATE> 14
<MEAN> 39
 -7.905550e+00 -1.857547e+01 -1.671249e+01 -6.715424e+00 -1.549630e+01 -5.477999e+00 1.325659e+01 -3.504252e+00 -3.317968e-01 1.506960e+00 -7.410780e+00 -6.353899e-01 7.543845e-01 1.890655e-01 6.797939e-01 1.240354e+00 -1.293889e+00 -1.734394e+00 -2.028778e+00 -2.281209e+00 -1.006541e+00 1.921723e+00 3.269307e+00 6.592382e-01 -9.148013e-02 -3.895766e-02 2.198800e-01 -3.094700e-01 1.728377e-01 3.590053e-02 6.468459e-01 -3.314264e-02 -6.100364e-01 9.188270e-03 -4.261667e-02 -1.912320e-01 1.214422e-01 3.201044e-01 2.709683e-03
<VARIANCE> 39
 4.716177e+00 1.025056e+01 1.801209e+01 2.380045e+01 1.058296e+01 3.366617e+01 2.831007e+01 1.759894e+01 1.295748e+01 1.886598e+01 6.754602e+00 2.020848e+01 5.000000e-02 1.013893e-01 9.039821e-02 4.422507e-01 3.930603e-01 5.380574e-01 1.190297e-01 8.238947e-01 8.838362e-01 1.163486e+00 3.638053e-01 6.674228e-01 6.887562e-01 5.000000e-02 5.000000e-02 5.000000e-02 1.189629e-01 2.612840e-01 6.060500e-02 2.737899e-01 1.777420e-01 3.388268e-01 4.338319e-01 2.158368e-01 1.152731e-01 1.995448e-01 5.000000e-02
<GCONST> 6.147543e+01
<STATE> 15
<MEAN> 39
 -6.771551e+00 -1.810804e+01 -1.163009e+01 -1.098398e+01 -1.617731e+01 -1.021019e+01 6.087574e+00 -5.432228e+00 3.890025e+00 7.368593e+00 -6.786636e+00 -1.737893e-02 6.818247e-01 7.148198e-01 1.115925e-01 1.319138e+00 -9.663878e-01 2.410916e-01 8.074912e-02 -1.772479e+00 2.378180e-01 4.899935e-01 7.984245e-01 5.559364e-01 2.521600e-01 -2.381312e-02 2.290411e-01 -3.220437e-01 1.777196e-02 2.788036e-01 6.246615e-01 1.012919e+00 4.620786e-01 3.390383e-01 -5.681486e-01 -1.132712e+00 -3.398037e-01 -1.153335e-02 7.107413e-04
<VARIANCE> 39
 9.125741e+00 1.013392e+01 1.956106e+01 1.998881e+01 8.028703e+00 3.986404e+01 5.373092e+01 1.973771e+01 7.007192e+00 1.062998e+01 1.235309e+01 1.789775e+01 5.000000e-02 3.599327e-01 3.846227e-01 7.595543e-01 8.390864e-01 9.747544e-01 2.569107e+00 1.334023e+00 1.379902e+00 1.453500e+00 2.059223e+00 6.411803e-01 9.618558e-01 5.000000e-02 5.000000e-02 5.000000e-02 1.294670e-01 1.792321e-01 5.285832e-02 1.017785e-01 2.729668e-01 2.758615e-01 2.996348e-01 1.196821e-01 1.776145e-01 2.930779e-01 5.000000e-02
<GCONST> 7.149351e+01
<STATE> 16
<MEAN> 39
 -4.466910e+00 -1.913237e+01 -9.043877e+00 -1.216430e+01 -1.314998e+01 -5.020151e+00 4.092559e+00 -3.581255e+00 1.168291e+00 4.815673e+00 -7.590654e+00 7.671862e-01 5.966440e-01 1.633028e+00 -1.118096e+00 1.843549e+00 2.447381e-02 1.527305e+00 1.554136e+00 -5.730062e-01 4.430918e-01 -7.357876e-01 -1.630489e+00 -9.742220e-01 -1.509952e-01 -3.695965e-02 2.259232e-01 -1.551412e-01 9.461207e-02 4.645955e-01 7.727477e-02 -2.076290e-01 2.268029e-01 4.187706e-02 6.845786e-03 -3.117476e-01 1.079847e-01 -1.604008e-01 -1.955622e-03
<VARIANCE> 39
 1.618399e+01 9.086618e+00 1.788698e+01 7.957215e+00 2.724701e+01 3.030527e+01 9.979674e+00 2.019428e+01 1.583482e+01 1.382288e+01 2.580909e+01 1.803175e+01 5.000000e-02 4.622471e-01 5.276206e-01 1.030856e+00 2.569614e+00 6.062008e-01 9.416901e-01 1.918495e+00 1.578715e+00 2.016974e+00 1.641506e+00 1.430908e+00 1.486282e+00 5.000000e-02 1.262489e-01 1.119560e-01 1.022176e-01 1.688947e-01 2.826886e-01 2.881920e-01 8.531200e-02 3.924186e-01 1.439349e-01 1.526331e-01 6.059933e-01 2.240447e-01 5.000000e-02
<GCONST> 7.821745e+01
<STATE> 17
<MEAN> 39
 9.281633e-01 -2.156317e+01 -3.182172e+00 -9.952497e+00 -1.011951e+01 -3.249944e+00 2.685872e+00 -1.275000e+00 9.947277e-01 8.057348e-01 -7.665084e+00 -5.620957e-01 5.091856e-01 1.332774e+00 -5.034993e-01 6.643352e-01 1.415415e+00 1.002117e+00 4.404234e-01 -1.681200e-01 2.016387e-01 -1.283682e-01 -1.715892e+00 6.600012e-01 -1.823493e-01 -3.037326e-02 -3.320341e-01 1.135348e-01 -9.367400e-01 2.786412e-01 1.350163e-02 -2.094504e-01 2.391081e-01 -4.240769e-01 5.285285e-02 -8.487938e-02 3.438946e-01 1.211932e-03 3.697936e-03
<VARIANCE> 39
 4.787009e+00 6.407169e+00 1.075296e+01 1.702916e+01 1.389243e+01 2.507339e+01 6.872802e+00 7.468219e+00 2.575849e+01 4.147243e+01 9.968063e+00 5.879790e+00 5.000000e-02 4.768567e-01 4.013370e-01 1.606004e+00 1.693831e+00 9.814720e-01 1.324749e+00 9.754293e-01 2.049772e+00 7.645533e-01 7.516575e-01 1.906187e+00 2.091854e+00 5.000000e-02 1.068425e-01 8.874366e-02 1.728080e-01 4.389288e-01 1.317745e-01 2.559107e-01 1.995542e-01 1.761726e-01 4.041078e-01 4.010514e-01 1.893302e-01 1.675540e-01 5.000000e-02
<GCONST> 7.404594e+01
<STATE> 18
<MEAN> 39
 3.301370e+00 -2.271062e+01 -6.182541e+00 -5.970593e+00 -7.075549e+00 -2.158288e+00 3.321706e+00 -4.262133e+00 9.995487e-01 -5.010211e+00 -5.353749e+00 -1.537486e+00 4.419185e-01 -1.309405e-01 -5.574409e-01 -1.746257e+00 1.489611e+00 1.961594e+00 -7.076110e-03 3.261883e-01 -5.126649e-01 -2.725097e-01 -1.757086e+00 9.513593e-01 1.060327e-01 -2.624500e-02 -4.972605e-01 1.847702e-02 -3.457081e-01 -1.066618e-01 2.057562e-01 -3.030517e-01 1.351009e-01 2.638001e-01 -2.253642e-01 4.271275e-01 -1.607628e-02 3.451751e-01 -9.386031e-04
<VARIANCE> 39
 5.313780e+00 1.275677e+01 4.594007e+00 4.176051e+00 1.696077e+01 1.282091e+01 4.740798e+00 4.239679e+00 1.393248e+01 2.356839e+01 5.769808e+00 9.718147e+00 5.000000e-02 4.727219e-01 3.918819e-01 1.335179e+00 7.404289e-01 1.017000e+00 1.484132e+00 3.275005e-01 1.314862e+00 2.162094e+00 1.997763e+00 8.595568e-01 1.000887e+00 5.000000e-02 6.113241e-02 1.225589e-01 1.640994e-01 1.373605e-01 2.035004e-01 2.097146e-01 7.519840e-02 2.595199e-01 1.238835e-01 2.034690e-01 2.381330e-01 2.179035e-01 5.000000e-02
<GCONST> 6.483199e+01
<STATE> 19
<MEAN> 39
 9.392109e-01 -2.461845e+01 -1.115871e+01 -1.692593e+00 -5.634664e-01 -3.482925e+00 4.222248e+00 -3.670127e+00 -1.420784e+00 -6.605120e+00 -2.269220e+00 9.692621e-01 3.705166e-01 -5.808696e-01 -7.079140e-02 -1.581359e+00 6.068974e-01 1.138426e+00 -6.545803e-01 7.874237e-01 9.571127e-01 -8.251591e-01 -9.331726e-02 7.274734e-01 4.886344e-01 -2.473706e-02 5.418495e-02 3.834070e-01 5.436847e-01 -3.987153e-01 -7.036996e-01 -2.000820e-01 2.458968e-02 4.254413e-01 2.507718e-01 3.620691e-01 -1.249388e-01 -5.079878e-02 -1.036091e-03
<VARIANCE> 39
 1.967093e+00 4.644305e+00 7.945069e+00 1.165659e+01 8.676344e+00 2.013261e+01 7.570796e+00 7.974240e+00 4.267713e+00 2.967433e+00 1.020774e+01 1.600909e+01 5.000000e-02 3.202857e-01 9.336993e-01 9.717675e-01 8.459798e-01 9.854590e-01 1.599271e+00 5.980625e-01 1.241433e+00 1.151450e+00 1.820265e+00 1.561791e+00 1.283396e+00 5.000000e-02 5.000000e-02 7.463318e-02 4.183715e-01 1.477884e-01 1.243408e-01 2.658113e-01 1.379071e-01 4.049044e-01 1.915255e-01 1.793899e-01 3.587565e-01 1.683601e-01 5.000000e-02
<GCONST> 6.567165e+01
<STATE> 20
<MEAN> 39
 7.655826e-01 -2.341476e+01 -1.305270e+01 -3.298264e+00 -2.853060e+00 -5.288572e+00 6.795698e+00 2.112394e-01 -2.492011e+00 -7.546423e+00 -2.446439e+00 2.689306e-01 3.162331e-01 -2.939432e-01 9.980796e-01 6.886081e-01 -5.660104e-02 -6.044853e-01 -1.130537e+00 2.580496e-04 7.609264e-01 3.399174e-01 1.627147e-01 5.405318e-01 2.282808e-01 -3.051530e-02 -1.051464e-01 2.593811e-01 5.016067e-01 -3.943007e-02 8.938659e-02 2.222175e-01 -4.336648e-01 -4.596381e-01 3.282969e-01 1.160036e-01 2.094109e-01 1.321566e-01 -3.778427e-03
<VARIANCE> 39
 9.594971e-01 1.632605e+00 8.563543e+00 7.941445e+00 1.114275e+01 6.416148e+00 1.222340e+01 1.166484e+01 8.070533e+00 1.405543e+01 6.989424e+00 8.825476e+00 5.000000e-02 3.444256e-01 5.008368e-01 1.500585e+00 5.852001e-01 8.247975e-01 1.667845e+00 1.496961e+00 2.481383e+00 2.777370e-01 4.203436e-01 1.606224e+00 1.013918e+00 5.000000e-02 5.000000e-02 1.646394e-01 3.082272e-01 1.157149e-01 2.887495e-01 4.702566e-01 2.133025e-01 4.247318e-01 1.443904e-01 4.085520e-01 2.546503e-01 3.273988e-01 5.000000e-02
<GCONST> 6.567894e+01
<STATE> 21
<MEAN> 39
 -1.090713e+00 -1.957169e+01 -9.834387e+00 -1.686692e+00 -1.136397e+00 -6.741200e+00 5.391059e+00 -2.845266e-01 -3.836225e-01 -5.130270e+00 1.575307e+00 2.787390e+00 2.029409e-01 -8.015617e-01 1.103431e+00 5.517052e-01 1.485152e-02 6.939356e-01 8.884268e-02 -3.456642e-01 5.597414e-01 4.607677e-01 5.832691e-01 8.377269e-01 4.913101e-01 -3.836530e-02 -4.695946e-02 -6.169463e-02 -7.076501e-02 -2.023758e-02 1.869231e-01 2.008672e-01 -5.993486e-02 5.059117e-02 -3.041606e-02 -7.456249e-02 -4.067109e-01 -4.322007e-01 2.621046e-04
<VARIANCE> 39
 1.038095e+00 1.213978e+01 4.898338e+00 8.048432e+00 6.504995e+00 1.838744e+01 1.340860e+01 2.323898e+01 5.691070e+00 9.318710e+00 1.137775e+01 1.274551e+01 5.000000e-02 1.750816e-01 1.126903e+00 6.970393e-01 1.855091e+00 1.767226e+00 2.358008e+00 1.773308e+00 3.165072e+00 1.030406e+00 1.367104e+00 2.370388e+00 1.876462e+00 5.000000e-02 7.532731e-02 4.157554e-01 1.678951e-01 2.889038e-01 3.876303e-01 5.628191e-01 4.098342e-01 6.407661e-01 2.240163e-01 1.660440e-01 3.139990e-01 4.617347e-01 5.000000e-02
<GCONST> 7.742141e+01
<STATE> 22
<MEAN> 39
 -3.664842e+00 -1.755693e+01 -9.115034e+00 -2.337009e+00 9.623323e-01 -6.856962e+00 3.140098e+00 2.754704e+00 1.530483e+00 -4.866492e+00 9.436166e-01 9.760834e-01 1.282814e-01 -3.912856e-01 7.959305e-01 4.544064e-01 2.026042e-01 6.669149e-01 2.211870e-01 -4.789658e-01 -3.503719e-01 -1.312163e-01 -5.696168e-01 -9.451691e-01 -1.836911e+00 -2.602780e-02 9.748587e-02 -5.391896e-02 1.178634e-01 1.289969e-01 -1.061729e-01 1.286524e-01 2.338029e-02 -3.489074e-01 -1.044419e-01 -6.051019e-02 -1.226763e-01 -7.605128e-05 1.225840e-03
<VARIANCE> 39
 4.155750e+00 1.759299e+01 1.191495e+01 3.097321e+01 1.825658e+01 1.019332e+01 1.411803e+01 1.688376e+01 3.808421e+00 6.374442e+00 1.824529e+01 1.347716e+01 5.000000e-02 7.131912e-01 2.782734e+00 1.292964e+00 1.229780e+00 1.549387e+00 1.580359e+00 8.950781e-01 1.429315e+00 1.247406e+00 8.252680e-01 1.923804e-01 1.417670e+00 5.000000e-02 1.096529e-01 3.175110e-01 1.333304e-01 8.073556e-01 6.361706e-01 2.252344e-01 1.638074e-01 3.993466e-01 2.192425e-01 2.499318e-01 2.400171e-01 5.248947e-01 5.000000e-02
<GCONST> 7.807597e+01
<STATE> 23
<MEAN> 39
 -4.382134e+00 -1.620310e+01 -8.123833e+00 -1.517776e+00 2.353776e+00 -5.327274e+00 2.863399e+00 6.850546e-02 6.565897e-01 -5.677637e+00 -1.420214e+00 -1.172672e+00 4.814477e-02 -7.766992e-01 9.681183e-01 8.411869e-01 1.224691e-01 9.148785e-02 7.099720e-01 -1.258273e-01 -9.961129e-02 8.257807e-01 6.804066e-01 2.482140e-01 4.244752e-01 -4.171340e-02 2.453357e-02 4.986310e-02 -3.721555e-02 -1.038270e-01 -1.021706e-01 2.162050e-01 3.351463e-01 -1.173295e-02 3.621174e-02 2.450083e-01 4.859310e-01 5.893899e-01 9.496870e-04
<VARIANCE> 39
 4.361534e+00 4.614827e+00 9.431595e+00 4.163560e+00 6.531703e+00 1.020448e+01 9.900939e+00 1.109044e+01 2.114312e+01 2.143866e+01 9.759263e+00 4.822426e+00 5.000000e-02 4.058058e-01 7.629929e-01 9.186344e-01 2.654696e+00 2.130047e+00 6.384825e-01 8.952770e-01 8.050705e-01 1.342121e+00 9.557049e-01 6.895511e-01 8.331220e-01 5.000000e-02 1.102375e-01 2.547542e-01 3.289218e-01 2.396442e-01 3.009529e-01 1.901688e-01 1.102554e-01 2.364690e-01 3.131682e-01 2.577857e-01 5.000000e-02 2.947122e-01 5.000000e-02
<GCONST> 6.826775e+01
<STATE> 24
<MEAN> 39
 -6.100703e+00 -1.283988e+01 -5.657223e+00 -1.411173e+00 2.781761e+00 -2.503346e+00 4.899959e+00 5.003778e-01 2.162553e+00 -2.047345e+00 2.571133e+00 2.380401e+00 -4.776590e-02 -2.784261e-01 5.890114e-01 1.783583e-01 -1.847831e-01 3.662830e-01 6.247823e-01 4.429220e-01 -4.178168e-01 -3.671151e-01 3.169733e-01 5.562391e-01 7.992893e-01 -2.039410e-02 1.591842e-01 -2.096266e-01 -1.504841e-01 -9.123878e-02 -1.196126e-01 -3.301589e-01 -2.251211e-01 4.173258e-02 -3.540327e-01 -5.498224e-01 -3.739089e-01 -4.180574e-01 6.804427e-03
<VARIANCE> 39
 1.127935e+00 8.340863e-01 3.631295e+00 4.685435e+00 7.522736e+00 6.163887e+00 4.823047e+00 8.165271e+00 1.574085e+01 8.878572e+00 6.542665e+00 3.333791e+00 5.000000e-02 1.752229e-01 3.947098e-01 9.795285e-01 5.576048e-01 1.179228e+00 1.605796e+00 7.027467e-01 1.177290e+00 1.875870e+00 1.666557e+00 9.614914e-01 8.458202e-01 5.000000e-02 5.000000e-02 5.503534e-02 9.074978e-02 3.154131e-01 3.043359e-01 8.584323e-02 1.553875e-01 1.202718e-01 3.292152e-01 2.181224e-01 8.331382e-02 1.388608e-01 5.000000e-02
<GCONST> 5.493438e+01
<TRANSP> 25
 0.000000e+00 1.000000e+00 0.000000e+00 0.000000e+00 0.000000e+00 0.000000e+00 0.000000e+00 0.000000e+00 0.000000e+00 0.000000e+00 0.000000e+00 0.000000e+00 0.000000e+00 0.000000e+00 0.000000e+00 0.000000e+00 0.000000e+00 0.000000e+00 0.000000e+00 0.000000e+00 0.000000e+00 0.000000e+00 0.000000e+00 0.000000e+00 0.000000e+00
 0.000000e+00 6.697074e-01 3.302926e-01 0.000000e+00 0.000000e+00 0.000000e+00 0.000000e+00 0.000000e+00 0.000000e+00 0.000000e+00 0.000000e+00 0.000000e+00 0.000000e+00 0.000000e+00 0.000000e+00 0.000000e+00 0.000000e+00 0.000000e+00 0.000000e+00 0.000000e+00 0.000000e+00 0.000000e+00 0.000000e+00 0.000000e+00 0.000000e+00
 0.000000e+00 0.000000e+00 6.153847e-01 3.846153e-01 0.000000e+00 0.000000e+00 0.000000e+00 0.000000e+00 0.000000e+00 0.000000e+00 0.000000e+00 0.000000e+00 0.000000e+00 0.000000e+00 0.000000e+00 0.000000e+00 0.000000e+00 0.000000e+00 0.000000e+00 0.000000e+00 0.000000e+00 0.000000e+00 0.000000e+00 0.000000e+00 0.000000e+00
 0.000000e+00 0.000000e+00 0.000000e+00 4.444440e-01 5.555561e-01 0.000000e+00 0.000000e+00 0.000000e+00 0.000000e+00 0.000000e+00 0.000000e+00 0.000000e+00 0.000000e+00 0.000000e+00 0.000000e+00 0.000000e+00 0.000000e+00 0.000000e+00 0.000000e+00 0.000000e+00 0.000000e+00 0.000000e+00 0.000000e+00 0.000000e+00 0.000000e+00
 0.000000e+00 0.000000e+00 0.000000e+00 0.000000e+00 5.832777e-01 4.167223e-01 0.000000e+00 0.000000e+00 0.000000e+00 0.000000e+00 0.000000e+00 0.000000e+00 0.000000e+00 0.000000e+00 0.000000e+00 0.000000e+00 0.000000e+00 0.000000e+00 0.000000e+00 0.000000e+00 0.000000e+00 0.000000e+00 0.000000e+00 0.000000e+00 0.000000e+00
 0.000000e+00 0.000000e+00 0.000000e+00 0.000000e+00 0.000000e+00 5.447890e-01 4.552110e-01 0.000000e+00 0.000000e+00 0.000000e+00 0.000000e+00 0.000000e+00 0.000000e+00 0.000000e+00 0.000000e+00 0.000000e+00 0.000000e+00 0.000000e+00 0.000000e+00 0.000000e+00 0.000000e+00 0.000000e+00 0.000000e+00 0.000000e+00 0.000000e+00
 0.000000e+00 0.000000e+00 0.000000e+00 0.000000e+00 0.000000e+00 0.000000e+00 7.652466e-01 2.347534e-01 0.000000e+00 0.000000e+00 0.000000e+00 0.000000e+00 0.000000e+00 0.000000e+00 0.000000e+00 0.000000e+00 0.000000e+00 0.000000e+00 0.000000e+00 0.000000e+00 0.000000e+00 0.000000e+00 0.000000e+00 0.000000e+00 0.000000e+00
 0.000000e+00 0.000000e+00 0.000000e+00 0.000000e+00 0.000000e+00 0.000000e+00 0.000000e+00 5.438862e-01 4.561138e-01 0.000000e+00 0.000000e+00 0.000000e+00 0.000000e+00 0.000000e+00 0.000000e+00 0.000000e+00 0.000000e+00 0.000000e+00 0.000000e+00 0.000000e+00 0.000000e+00 0.000000e+00 0.000000e+00 0.000000e+00 0.000000e+00
 0.000000e+00 0.000000e+00 0.000000e+00 0.000000e+00 0.000000e+00 0.000000e+00 0.000000e+00 0.000000e+00 5.900790e-01 4.099210e-01 0.000000e+00 0.000000e+00 0.000000e+00 0.000000e+00 0.000000e+00 0.000000e+00 0.000000e+00 0.000000e+00 0.000000e+00 0.000000e+00 0.000000e+00 0.000000e+00 0.000000e+00 0.000000e+00 0.000000e+00
 0.000000e+00 0.000000e+00 0.000000e+00 0.000000e+00 0.000000e+00 0.000000e+00 0.000000e+00 0.000000e+00 0.000000e+00 5.674413e-01 4.325587e-01 0.000000e+00 0.000000e+00 0.000000e+00 0.000000e+00 0.000000e+00 0.000000e+00 0.000000e+00 0.000000e+00 0.000000e+00 0.000000e+00 0.000000e+00 0.000000e+00 0.000000e+00 0.000000e+00
 0.000000e+00 0.000000e+00 0.000000e+00 0.000000e+00 0.000000e+00 0.000000e+00 0.000000e+00 0.000000e+00 0.000000e+00 0.000000e+00 5.454804e-01 4.545197e-01 0.000000e+00 0.000000e+00 0.000000e+00 0.000000e+00 0.000000e+00 0.000000e+00 0.000000e+00 0.000000e+00 0.000000e+00 0.000000e+00 0.000000e+00 0.000000e+00 0.000000e+00
 0.000000e+00 0.000000e+00 0.000000e+00 0.000000e+00 0.000000e+00 0.000000e+00 0.000000e+00 0.000000e+00 0.000000e+00 0.000000e+00 0.000000e+00 6.428473e-01 3.571527e-01 0.000000e+00 0.000000e+00 0.000000e+00 0.000000e+00 0.000000e+00 0.000000e+00 0.000000e+00 0.000000e+00 0.000000e+00 0.000000e+00 0.000000e+00 0.000000e+00
 0.000000e+00 0.000000e+00 0.000000e+00 0.000000e+00 0.000000e+00 0.000000e+00 0.000000e+00 0.000000e+00 0.000000e+00 0.000000e+00 0.000000e+00 0.000000e+00 5.832788e-01 4.167213e-01 0.000000e+00 0.000000e+00 0.000000e+00 0.000000e+00 0.000000e+00 0.000000e+00 0.000000e+00 0.000000e+00 0.000000e+00 0.000000e+00 0.000000e+00
 0.000000e+00 0.000000e+00 0.000000e+00 0.000000e+00 0.000000e+00 0.000000e+00 0.000000e+00 0.000000e+00 0.000000e+00 0.000000e+00 0.000000e+00 0.000000e+00 0.000000e+00 5.455134e-01 4.544866e-01 0.000000e+00 0.000000e+00 0.000000e+00 0.000000e+00 0.000000e+00 0.000000e+00 0.000000e+00 0.000000e+00 0.000000e+00 0.000000e+00
 0.000000e+00 0.000000e+00 0.000000e+00 0.000000e+00 0.000000e+00 0.000000e+00 0.000000e+00 0.000000e+00 0.000000e+00 0.000000e+00 0.000000e+00 0.000000e+00 0.000000e+00 0.000000e+00 6.432905e-01 3.567095e-01 0.000000e+00 0.000000e+00 0.000000e+00 0.000000e+00 0.000000e+00 0.000000e+00 0.000000e+00 0.000000e+00 0.000000e+00
 0.000000e+00 0.000000e+00 0.000000e+00 0.000000e+00 0.000000e+00 0.000000e+00 0.000000e+00 0.000000e+00 0.000000e+00 0.000000e+00 0.000000e+00 0.000000e+00 0.000000e+00 0.000000e+00 0.000000e+00 6.142680e-01 3.857320e-01 0.000000e+00 0.000000e+00 0.000000e+00 0.000000e+00 0.000000e+00 0.000000e+00 0.000000e+00 0.000000e+00
 0.000000e+00 0.000000e+00 0.000000e+00 0.000000e+00 0.000000e+00 0.000000e+00 0.000000e+00 0.000000e+00 0.000000e+00 0.000000e+00 0.000000e+00 0.000000e+00 0.000000e+00 0.000000e+00 0.000000e+00 0.000000e+00 6.432081e-01 3.567919e-01 0.000000e+00 0.000000e+00 0.000000e+00 0.000000e+00 0.000000e+00 0.000000e+00 0.000000e+00
 0.000000e+00 0.000000e+00 0.000000e+00 0.000000e+00 0.000000e+00 0.000000e+00 0.000000e+00 0.000000e+00 0.000000e+00 0.000000e+00 0.000000e+00 0.000000e+00 0.000000e+00 0.000000e+00 0.000000e+00 0.000000e+00 0.000000e+00 6.146864e-01 3.853135e-01 0.000000e+00 0.000000e+00 0.000000e+00 0.000000e+00 0.000000e+00 0.000000e+00
 0.000000e+00 0.000000e+00 0.000000e+00 0.000000e+00 0.000000e+00 0.000000e+00 0.000000e+00 0.000000e+00 0.000000e+00 0.000000e+00 0.000000e+00 0.000000e+00 0.000000e+00 0.000000e+00 0.000000e+00 0.000000e+00 0.000000e+00 0.000000e+00 6.162218e-01 3.837782e-01 0.000000e+00 0.000000e+00 0.000000e+00 0.000000e+00 0.000000e+00
 0.000000e+00 0.000000e+00 0.000000e+00 0.000000e+00 0.000000e+00 0.000000e+00 0.000000e+00 0.000000e+00 0.000000e+00 0.000000e+00 0.000000e+00 0.000000e+00 0.000000e+00 0.000000e+00 0.000000e+00 0.000000e+00 0.000000e+00 0.000000e+00 0.000000e+00 4.999271e-01 5.000729e-01 0.000000e+00 0.000000e+00 0.000000e+00 0.000000e+00
 0.000000e+00 0.000000e+00 0.000000e+00 0.000000e+00 0.000000e+00 0.000000e+00 0.000000e+00 0.000000e+00 0.000000e+00 0.000000e+00 0.000000e+00 0.000000e+00 0.000000e+00 0.000000e+00 0.000000e+00 0.000000e+00 0.000000e+00 0.000000e+00 0.000000e+00 0.000000e+00 6.876142e-01 3.123858e-01 0.000000e+00 0.000000e+00 0.000000e+00
 0.000000e+00 0.000000e+00 0.000000e+00 0.000000e+00 0.000000e+00 0.000000e+00 0.000000e+00 0.000000e+00 0.000000e+00 0.000000e+00 0.000000e+00 0.000000e+00 0.000000e+00 0.000000e+00 0.000000e+00 0.000000e+00 0.000000e+00 0.000000e+00 0.000000e+00 0.000000e+00 0.000000e+00 5.001969e-01 4.998031e-01 0.000000e+00 0.000000e+00
 0.000000e+00 0.000000e+00 0.000000e+00 0.000000e+00 0.000000e+00 0.000000e+00 0.000000e+00 0.000000e+00 0.000000e+00 0.000000e+00 0.000000e+00 0.000000e+00 0.000000e+00 0.000000e+00 0.000000e+00 0.000000e+00 0.000000e+00 0.000000e+00 0.000000e+00 0.000000e+00 0.000000e+00 0.000000e+00 6.151989e-01 3.848012e-01 0.000000e+00
 0.000000e+00 0.000000e+00 0.000000e+00 0.000000e+00 0.000000e+00 0.000000e+00 0.000000e+00 0.000000e+00 0.000000e+00 0.000000e+00 0.000000e+00 0.000000e+00 0.000000e+00 0.000000e+00 0.000000e+00 0.000000e+00 0.000000e+00 0.000000e+00 0.000000e+00 0.000000e+00 0.000000e+00 0.000000e+00 0.000000e+00 5.873638e-01 4.126362e-01
 0.000000e+00 0.000000e+00 0.000000e+00 0.000000e+00 0.000000e+00 0.000000e+00 0.000000e+00 0.000000e+00 0.000000e+00 0.000000e+00 0.000000e+00 0.000000e+00 0.000000e+00 0.000000e+00 0.000000e+00 0.000000e+00 0.000000e+00 0.000000e+00 0.000000e+00 0.000000e+00 0.000000e+00 0.000000e+00 0.000000e+00 0.000000e+00 0.000000e+00
<ENDHMM>
