~o
<STREAMINFO> 1 39
<VECSIZE> 39<NULLD><MFCC_E_D_A><DIAGC>
~h "Bay"
<BEGINHMM>
<NUMSTATES> 37
<STATE> 2
<MEAN> 39
 -7.815410e+00 -1.005248e+01 -3.661461e+00 -1.181712e+00 1.356999e+00 -5.432957e+00 3.985266e+00 1.631229e+00 2.279708e+00 -8.792860e-01 3.120429e+00 -4.071868e+00 -1.029662e-01 7.292675e-01 5.357274e-01 2.743207e-01 -4.127024e-01 -4.664970e-01 -1.724357e-01 -2.606316e-01 -6.074073e-01 -4.972790e-01 6.040338e-01 -5.526885e-01 -3.608264e-01 3.783700e-02 9.842278e-01 1.085262e-01 -3.776529e-01 -5.832750e-01 -3.113791e-01 -4.392569e-01 -4.040677e-01 -4.023438e-01 -4.403247e-01 -5.419503e-01 -5.562614e-01 1.322633e-01 4.695339e-02
<VARIANCE> 39
 6.084020e-01 3.200239e+00 2.160579e+00 4.943008e+00 4.815943e+00 9.757986e+00 8.144671e+00 6.429809e+00 7.682039e+00 4.103378e+00 1.406877e+01 8.226260e+00 5.000000e-02 7.256066e-01 5.284147e-01 2.272271e-01 3.718485e-01 5.193938e-01 6.410993e-01 4.961431e-01 6.540499e-01 7.427076e-01 7.938581e-01 5.108800e-01 3.155469e+00 5.000000e-02 8.205656e-02 1.957058e-01 1.304055e-01 9.046743e-02 7.074498e-02 2.929718e-01 2.186991e-01 2.618200e-01 1.538899e-01 1.530127e-01 1.571897e-01 2.664673e-01 5.000000e-02
<GCONST> 5.379996e+01
<STATE> 3
<MEAN> 39
 -5.285913e+00 -8.065570e+00 -2.488255e+00 -3.006812e+00 -1.509507e+00 -4.913050e+00 2.786829e+00 -2.753693e+00 -9.896895e-01 -1.511142e+00 1.278051e+00 2.886190e-01 4.121668e-02 3.735238e+00 -2.864202e-02 -1.537854e+00 -1.918941e+00 -1.009243e+00 -2.345833e+00 -1.154998e+00 -8.538642e-01 -1.224248e+00 -1.474350e+00 -2.184491e+00 -4.336318e-01 1.765525e-01 3.994451e-01 -7.049738e-01 -9.698851e-01 -3.515614e-01 1.832644e-01 -3.912715e-01 -9.613511e-02 -5.219291e-02 3.601485e-01 -5.750805e-01 -6.146308e-01 -9.017395e-01 4.465307e-02
<VARIANCE> 39
 7.715092e+00 4.978783e+00 1.899835e+00 5.686528e+00 1.078575e+01 7.725954e+00 6.114053e+00 1.276688e+01 9.204848e+00 4.708569e+00 5.200637e+00 1.611172e+01 5.000000e-02 6.458237e-01 1.100842e+00 6.788745e-01 5.431247e-01 3.369324e-01 1.385415e+00 8.756030e-01 5.000769e-01 3.148642e-01 2.178333e-01 7.244596e-01 1.448872e+00 5.000000e-02 3.839725e-01 2.049427e-01 2.497503e-01 1.205362e-01 1.694620e-01 2.405429e-01 2.975245e-01 3.244606e-01 2.696721e-01 1.938694e-01 2.655899e-01 3.594159e-01 5.000000e-02
<GCONST> 6.325483e+01
<STATE> 4
<MEAN> 39
 4.247852e+00 -8.053622e+00 -7.395935e+00 -7.410969e+00 -2.529831e+00 -1.346175e+01 -1.734694e+00 -2.079885e+00 -2.464092e+00 -5.983659e+00 -2.942889e+00 -5.006945e+00 4.237072e-01 2.894492e+00 -1.611906e+00 -2.890876e+00 -1.615282e+00 -5.564688e-01 -2.252295e+00 -1.632109e+00 -7.755194e-01 -3.680278e-01 -2.006979e+00 -2.427977e+00 -2.548136e+00 2.049110e-01 -1.531754e+00 -7.950528e-01 -7.134753e-01 5.097883e-01 6.661142e-01 1.012427e+00 7.035519e-01 -7.960209e-02 9.699996e-01 2.012888e-01 -5.840036e-02 -1.776556e-02 -4.103562e-03
<VARIANCE> 39
 1.247887e+01 9.491409e+00 5.486566e+00 4.483809e+00 4.079227e+00 1.348529e+01 1.103850e+01 1.172038e+01 2.842422e+01 1.857235e-01 7.329010e+00 2.212816e+00 5.000000e-02 1.862750e+00 1.828419e+00 1.311918e+00 6.902483e-01 1.405633e+00 6.783667e-01 2.273625e+00 2.478309e+00 2.889773e+00 1.416745e+00 1.688228e+00 6.391130e-01 5.000000e-02 2.026583e-01 1.217705e-01 1.556229e-01 5.000000e-02 2.621159e-01 2.823702e-01 1.831376e-01 1.311741e-01 2.262521e-01 6.781116e-02 1.418156e-01 2.437090e-01 5.000000e-02
<GCONST> 6.584821e+01
<STATE> 5
<MEAN> 39
 6.704978e+00 -1.236801e+01 -1.135843e+01 -9.198808e+00 -4.066430e+00 -1.404980e+01 -2.805872e+00 -3.569395e+00 -2.006385e+00 -7.487728e+00 -6.615555e+00 -9.726110e+00 6.114963e-01 -5.782189e-01 -2.624905e+00 -3.751076e+00 -7.708043e-01 5.975952e-01 3.588806e-01 5.109369e-01 -4.217066e-01 1.729731e+00 -4.223542e-01 -2.296418e+00 -1.648875e+00 1.634839e-01 -1.997585e+00 -6.424600e-01 -3.997392e-01 1.094319e+00 9.495955e-01 1.276286e+00 1.319194e+00 3.704812e-02 7.868979e-01 4.926185e-01 6.480688e-01 1.069128e+00 -2.879934e-02
<VARIANCE> 39
 1.264903e+01 2.310786e+01 1.262200e+01 5.096650e+00 1.380038e+01 2.215179e+01 1.098186e+01 1.260712e+01 8.425982e+00 1.099361e+01 9.695722e+00 7.493424e+00 5.000000e-02 2.407982e+00 8.864935e-01 2.001453e+00 6.778390e-01 2.015401e+00 9.356273e-01 2.402058e+00 2.145078e+00 1.235988e+00 1.435077e+00 3.835410e-01 1.072522e+00 5.000000e-02 1.384194e-01 7.085553e-01 2.501217e-01 5.000000e-02 2.011662e-01 3.472586e-01 4.491080e-01 7.436106e-01 3.517883e-01 1.217238e-01 2.450803e-01 3.211609e-01 5.000000e-02
<GCONST> 7.886688e+01
<STATE> 6
<MEAN> 39
 -1.718709e+00 -1.651649e+01 -1.838066e+01 -8.239934e+00 1.058275e+00 -8.237225e+00 2.102441e+00 -4.760474e+00 4.482902e+00 -6.643890e+00 -9.459290e+00 -8.538244e+00 8.595148e-01 -3.469043e+00 -2.806576e+00 -3.538844e+00 1.808360e+00 2.572080e+00 2.532796e+00 3.058452e+00 -1.220269e+00 2.242537e+00 -3.976943e-01 -8.318484e-02 1.677766e+00 9.167408e-02 -4.937435e-01 2.851790e-01 7.203072e-01 6.544846e-01 3.707915e-01 2.278320e-01 3.125731e-01 -3.882558e-01 -4.503464e-01 2.252378e-01 9.585655e-01 9.199913e-01 -3.699491e-02
<VARIANCE> 39
 2.676044e+01 1.054697e+01 2.917116e+01 7.636964e+00 2.785671e+01 2.777450e+01 4.251935e+01 1.231398e+01 2.709283e+01 2.339501e+01 7.162395e+00 2.044591e+01 5.000000e-02 4.056073e-01 2.737030e+00 1.342556e+00 5.630310e-01 1.741153e+00 1.651222e+00 1.921236e+00 2.507282e+00 2.138348e+00 5.662573e-01 9.027420e-01 3.983550e+00 5.000000e-02 4.299254e-01 3.116640e-01 3.358454e-01 1.242424e-01 6.122209e-01 3.170743e-01 7.447180e-01 4.336740e-01 4.355297e-01 4.023047e-01 1.103517e-01 3.272036e-01 5.000000e-02
<GCONST> 8.899424e+01
<STATE> 7
<MEAN> 39
 -6.605135e+00 -2.232689e+01 -2.285258e+01 -2.707327e+00 5.464530e+00 -4.925760e+00 8.897038e+00 -6.794657e+00 5.475470e+00 -8.082656e+00 -6.902616e+00 -3.242533e+00 9.579470e-01 -2.080935e+00 -1.726274e+00 -1.367132e+00 1.831015e+00 2.058233e+00 7.787389e-01 1.636985e+00 -1.909439e+00 -1.256667e-01 1.098926e-01 1.034512e+00 1.868278e+00 3.373526e-02 6.019106e-01 7.053708e-01 1.075636e+00 -4.742613e-01 -5.272727e-01 -6.632763e-01 -9.277282e-01 -1.346651e-01 -5.456781e-01 2.574783e-01 2.987256e-01 -2.330660e-01 -2.257748e-02
<VARIANCE> 39
 1.103751e+01 4.951795e+00 1.799356e+01 4.682814e+00 1.442959e+01 2.766264e+01 1.635645e+01 8.266507e+00 1.692447e+01 4.103151e+00 3.012733e+00 2.568021e+01 5.000000e-02 1.057287e+00 1.726516e+00 8.763705e-01 1.865486e-01 3.016714e+00 8.745532e-01 3.117905e+00 1.464877e+00 1.136763e+00 1.604908e+00 6.964269e-01 2.269109e+00 5.000000e-02 1.065635e-01 2.699804e-01 2.644184e-01 5.000000e-02 3.295653e-01 1.515567e-01 2.057782e-01 2.186544e-01 3.663112e-01 1.093538e-01 5.000000e-02 3.093473e-01 5.000000e-02
<GCONST> 7.159010e+01
<STATE> 8
<MEAN> 39
 -8.959699e+00 -2.340055e+01 -2.316353e+01 -1.247759e+00 7.536785e+00 -4.184451e+00 7.551562e+00 -1.093717e+01 5.298700e+00 -6.844321e+00 -4.709651e+00 -7.505137e-01 9.793284e-01 -1.781817e+00 -1.759616e-01 4.037720e-01 2.332607e-01 1.549893e+00 3.161899e-02 2.891610e-01 -1.715227e+00 -1.027409e-01 5.684312e-01 1.012864e+00 4.736503e-01 1.643106e-02 1.689699e-01 6.523507e-01 5.232046e-01 -7.552097e-01 -6.617758e-01 -4.861578e-01 -4.790928e-01 4.826096e-01 -1.729148e-01 -1.744600e-02 -1.737441e-01 -6.667721e-01 -1.625046e-02
<VARIANCE> 39
 1.627845e+01 1.072804e+01 1.175491e+01 1.374290e+01 1.245481e+01 2.311729e+01 7.825516e+00 5.638920e+00 7.228689e+00 7.668007e+00 4.427130e+00 2.192302e+01 5.000000e-02 4.946025e-01 6.807948e-01 1.298697e+00 4.001585e-01 2.515778e+00 7.901601e-02 1.294605e+00 4.245930e-01 1.519194e+00 1.472884e+00 3.645241e-01 6.638861e-01 5.000000e-02 1.320663e-01 4.423349e-01 1.287010e-01 1.411279e-01 1.063743e-01 2.201008e-01 1.534981e-01 2.214440e-01 2.531970e-01 7.434805e-02 1.308039e-01 4.633256e-01 5.000000e-02
<GCONST> 6.564674e+01
<STATE> 9
<MEAN> 39
 -1.043588e+01 -2.191376e+01 -2.298473e+01 -2.026537e+00 9.419477e+00 -7.202684e+00 8.559365e+00 -1.198175e+01 3.906938e+00 -6.399220e+00 -5.126717e+00 -3.372217e+00 9.908982e-01 -1.661197e+00 -5.859905e-01 1.072065e-01 -5.226675e-01 2.012788e-02 1.531746e-01 6.950662e-01 -1.783275e-01 2.321369e-01 -4.633707e-01 1.040483e+00 7.506582e-01 2.521839e-03 2.651736e-01 1.059485e-02 2.135474e-01 -1.321733e-01 -3.730562e-01 2.206063e-01 3.134569e-01 6.512949e-01 -3.862704e-02 -6.718510e-01 -3.708991e-02 1.223781e-01 -7.713726e-03
<VARIANCE> 39
 8.413014e+00 7.095683e+00 1.542667e+01 5.793915e+00 1.888863e+01 4.094982e+01 1.785662e+01 4.458651e+00 1.525412e+01 6.749409e+00 8.863004e+00 1.330406e+01 5.000000e-02 7.826626e-01 1.000736e+00 8.730255e-01 8.784828e-01 2.810630e-01 6.567291e-01 1.387224e+00 5.662945e-01 4.618511e-01 7.176335e-01 6.221758e-01 8.148557e-01 5.000000e-02 5.000000e-02 1.185563e-01 2.268650e-01 9.432022e-02 3.714043e-01 7.550133e-02 3.055541e-01 5.000000e-02 1.315991e-01 1.916715e-01 9.899478e-02 1.383473e-01 5.000000e-02
<GCONST> 6.278167e+01
<STATE> 10
<MEAN> 39
 -1.423703e+01 -2.437435e+01 -2.185658e+01 -3.557567e+00 7.822828e+00 -2.863916e+00 9.537292e+00 -1.162090e+01 7.282331e+00 -7.677003e+00 -1.953949e+00 5.354880e-01 9.802900e-01 -6.551697e-01 1.600592e-02 3.237468e-01 2.649544e-01 -2.137426e-01 6.849323e-01 6.766259e-01 4.221796e-01 -3.472904e-01 -1.269858e+00 4.406639e-01 7.396559e-01 -1.785256e-02 4.762973e-01 1.371358e-01 1.872172e-01 4.077277e-01 -4.275156e-01 1.020037e-01 -2.418722e-02 4.713599e-01 -3.600013e-01 -3.868322e-01 -8.496716e-02 -1.286160e-01 -7.939227e-03
<VARIANCE> 39
 8.754749e+00 1.091846e+01 9.214140e+00 9.737310e+00 1.578668e+01 1.728270e+01 2.918027e+01 4.813986e+00 1.270415e+01 5.878326e+00 4.592144e+00 4.623924e+00 5.000000e-02 7.223457e-01 7.456917e-01 7.470868e-01 7.299495e-01 2.662566e-01 7.713550e-01 1.568469e+00 3.099242e-01 3.396533e-01 6.359567e-01 4.175097e-01 4.881098e-01 5.000000e-02 5.000000e-02 8.606951e-02 9.324763e-02 1.096880e-01 1.774501e-01 6.751756e-02 5.864159e-02 6.626258e-02 1.737846e-01 7.045453e-02 5.000000e-02 5.000000e-02 5.000000e-02
<GCONST> 5.261707e+01
<STATE> 11
<MEAN> 39
 -1.424691e+01 -2.358550e+01 -2.275458e+01 -3.032592e+00 8.037069e+00 -5.369162e+00 1.221040e+01 -1.026131e+01 3.053922e+00 -1.120203e+01 -3.317071e+00 2.679181e-01 9.527462e-01 -7.967358e-02 -4.458031e-02 1.145412e+00 7.951878e-01 -1.071489e+00 6.045845e-01 5.585821e-01 1.007967e+00 -9.010810e-01 -1.715650e+00 6.740822e-01 1.951707e-01 -2.256013e-02 3.456959e-01 1.392987e-01 3.321202e-01 1.127743e-01 -4.906991e-01 -5.722330e-02 1.930192e-02 3.868597e-01 -1.009998e-01 1.693404e-01 2.090872e-01 -3.567586e-01 -2.997623e-03
<VARIANCE> 39
 4.436131e+00 4.463379e+00 8.854871e+00 3.716635e+00 1.189055e+01 3.228696e+01 2.829101e+01 6.129433e+00 1.811611e+01 8.279714e+00 6.245358e+00 3.322368e+00 5.000000e-02 3.755289e-01 6.906204e-01 1.066517e+00 7.568094e-01 1.441024e+00 6.262226e-01 5.785242e-01 1.723268e-01 5.952271e-01 5.047518e-01 4.178870e-01 5.651631e-01 5.000000e-02 9.174224e-02 5.000000e-02 1.285871e-01 1.313425e-01 5.000000e-02 2.131211e-01 2.036353e-01 6.150494e-02 6.490057e-02 3.396990e-01 5.000000e-02 2.519272e-01 5.000000e-02
<GCONST> 5.512461e+01
<STATE> 12
<MEAN> 39
 -1.281410e+01 -2.326360e+01 -1.797922e+01 1.047502e+00 5.273620e+00 -4.437907e-01 1.032860e+01 -8.744661e+00 4.788528e+00 -1.283700e+01 -9.546577e-02 2.014021e+00 8.967233e-01 6.708318e-02 1.836545e-01 1.249634e+00 2.714197e-01 -1.533159e+00 1.545282e-01 1.428611e+00 1.721196e+00 -6.249475e-01 -1.215283e+00 1.218208e+00 2.993971e-02 -2.190876e-02 -2.287340e-01 1.003871e-01 1.207096e-01 -8.289827e-01 -4.431038e-01 -4.067863e-01 3.086643e-01 4.658217e-02 -9.530397e-02 2.936056e-01 -5.904743e-02 -3.646242e-01 4.882581e-03
<VARIANCE> 39
 7.208347e+00 1.655105e+01 8.783659e+00 4.117109e+00 3.250170e+01 4.059186e+01 3.997630e+01 3.835797e+00 2.368745e+01 6.729772e+00 5.313119e+00 6.070484e+00 5.000000e-02 1.371716e-01 1.132047e-01 5.420293e-01 5.027122e-01 4.206941e-01 8.892941e-01 4.094372e-01 2.422872e-01 2.428142e-01 1.140512e+00 2.634167e-01 1.205673e+00 5.000000e-02 5.000000e-02 1.167470e-01 4.443436e-01 1.302274e-01 8.640617e-01 1.660189e-01 1.097196e-01 1.309208e-01 1.744786e-01 1.944324e-01 9.543978e-02 1.401602e-01 5.000000e-02
<GCONST> 5.875665e+01
<STATE> 13
<MEAN> 39
 -1.497308e+01 -2.249558e+01 -1.801217e+01 -1.964094e+00 1.851166e+00 -3.585612e+00 1.606773e+01 -5.005186e+00 1.599208e+00 -1.441706e+01 9.737666e-01 -2.728178e-01 8.633401e-01 -5.799127e-01 5.095057e-01 1.142917e+00 -1.497020e+00 -2.972813e+00 -4.004782e-01 1.273155e+00 1.396118e+00 -5.946661e-01 -3.199715e-01 7.171857e-01 -1.066979e+00 -1.293209e-02 -6.136882e-02 1.606713e-01 1.495086e-01 -5.730485e-01 -2.885946e-01 -1.717508e-01 -1.400972e-01 -1.852332e-01 2.989181e-01 7.419382e-01 -3.525645e-01 -4.889286e-01 5.905797e-03
<VARIANCE> 39
 5.750594e+00 7.711469e+00 4.905510e+00 4.093890e+00 1.664908e+01 2.525632e+01 1.722539e+01 6.462738e+00 1.633417e+01 6.065935e+00 1.379639e+01 1.861690e+01 5.000000e-02 8.800379e-02 1.479198e-01 8.237768e-01 6.536715e-01 2.574369e+00 5.010942e-01 3.195838e-01 7.022157e-01 1.029084e+00 1.935343e+00 5.080267e-01 1.059494e+00 5.000000e-02 5.124725e-02 6.908584e-02 7.730705e-02 5.000000e-02 1.166942e-01 6.836354e-02 6.803428e-02 5.000000e-02 7.225205e-02 1.235583e-01 1.668054e-01 1.664385e-01 5.000000e-02
<GCONST> 5.423312e+01
<STATE> 14
<MEAN> 39
 -1.553916e+01 -2.206981e+01 -1.462267e+01 -5.998747e+00 -3.111476e+00 -4.204791e+00 1.589183e+01 -4.811949e+00 6.728671e-02 -1.470578e+01 1.263368e+00 -2.415698e+00 8.746529e-01 -4.127961e-01 8.825107e-01 2.213015e+00 -1.729397e+00 -2.287843e+00 -3.557088e-01 6.963381e-01 8.949211e-01 -1.358060e-02 1.582931e+00 -4.422000e-01 -2.180574e+00 -4.815441e-04 2.319736e-01 2.577430e-02 5.259161e-02 -3.191356e-02 -1.337089e-01 2.513603e-03 -5.970055e-01 2.697391e-02 7.735075e-01 1.063914e+00 -2.411631e-01 -2.935064e-01 2.546801e-03
<VARIANCE> 39
 6.983054e+00 6.810553e+00 9.593299e+00 5.482723e+00 2.846367e+01 3.465159e+01 1.391558e+01 8.481814e+00 1.811645e+01 1.743053e+01 2.175765e+00 2.595997e+01 5.000000e-02 2.091388e-01 9.390216e-01 5.321221e-01 1.408220e-01 2.363667e+00 2.014642e-01 6.634002e-01 3.348748e-01 1.550583e+00 1.300689e+00 6.736820e-01 5.059783e-01 5.000000e-02 7.960492e-02 5.214458e-02 1.780159e-01 5.000000e-02 4.090499e-01 9.885404e-02 5.000000e-02 1.345804e-01 1.238363e-01 2.489067e-01 5.037007e-02 1.812484e-01 5.000000e-02
<GCONST> 5.853755e+01
<STATE> 15
<MEAN> 39
 -1.534322e+01 -1.966174e+01 -1.068505e+01 -7.628187e+00 -7.161026e+00 -3.350310e+00 1.772774e+01 -8.398187e-01 2.094699e+00 -1.054791e+01 -3.926097e-02 -6.665951e+00 8.692603e-01 4.412357e-02 4.917690e-01 1.378298e+00 -1.928817e+00 -2.919781e+00 -3.412078e-01 -5.139678e-01 1.005097e+00 1.699445e+00 3.209982e+00 -2.334367e-01 -2.166791e+00 1.569252e-03 3.197436e-01 -1.378589e-01 -3.512605e-01 9.486280e-02 -6.286716e-02 -8.651386e-02 -5.769159e-01 -2.550506e-01 4.869823e-01 3.817613e-01 -1.060634e-01 2.548541e-01 1.062347e-03
<VARIANCE> 39
 2.538321e+00 1.546210e+00 7.852072e+00 1.633564e+00 1.392385e+01 2.408605e+01 1.530335e+01 5.879734e+00 1.168488e+01 1.080516e+01 6.184380e+00 1.363828e+01 5.000000e-02 5.805768e-01 4.329330e-01 4.977034e-01 2.991909e-01 3.486871e-01 1.392284e-01 1.780257e-01 5.079412e-01 5.848706e-01 8.054291e-01 3.124402e-01 5.587926e-01 5.000000e-02 5.000000e-02 5.000000e-02 8.058422e-02 5.000000e-02 3.230679e-01 5.000000e-02 5.000000e-02 7.881456e-02 1.570829e-01 2.095952e-01 1.426588e-01 1.056117e-01 5.000000e-02
<GCONST> 4.620855e+01
<STATE> 16
<MEAN> 39
 -1.535328e+01 -2.060077e+01 -8.958366e+00 -1.242106e+01 -1.243132e+01 -5.430868e+00 1.456723e+01 -1.229540e+00 6.578341e+00 -2.637222e+00 9.529207e-01 -9.246281e+00 8.708612e-01 7.951378e-01 6.560327e-01 7.537508e-01 -1.375049e+00 -3.127164e+00 -9.896791e-01 -1.289191e+00 3.223607e-01 1.830259e+00 2.641372e+00 -5.858189e-01 -1.107747e+00 1.976778e-03 2.307109e-01 2.521568e-01 -3.557719e-01 5.180694e-01 3.899725e-01 5.445023e-02 -3.359400e-01 -6.090565e-01 -4.747205e-01 -6.986670e-01 -4.902845e-03 7.210228e-01 -5.682212e-03
<VARIANCE> 39
 1.394339e+00 3.377123e+00 7.881448e+00 5.562287e+00 1.146657e+01 2.628291e+01 1.467663e+01 1.283800e+01 1.048725e+01 7.716839e+00 2.022784e+00 2.283067e+01 5.000000e-02 4.875331e-01 2.275220e-01 2.007025e-01 5.286456e-01 3.627510e-01 2.635014e-01 1.313416e-01 7.575259e-01 4.925478e-01 7.629641e-01 3.165975e-01 3.675417e-01 5.000000e-02 5.000000e-02 9.971074e-02 6.144594e-02 1.488669e-01 7.237515e-02 8.098181e-02 5.000000e-02 6.338773e-02 9.991981e-02 5.586957e-02 5.785767e-02 1.741040e-01 5.000000e-02
<GCONST> 4.429059e+01
<STATE> 17
<MEAN> 39
 -1.272316e+01 -1.756616e+01 -9.621270e+00 -1.307389e+01 -1.755672e+01 -8.454644e+00 1.448748e+01 1.315088e+00 7.648177e+00 -3.688557e-01 -1.394666e+00 -1.190593e+01 8.823019e-01 1.097941e+00 9.273964e-01 5.394061e-01 -3.464837e-01 -1.452265e+00 7.121002e-02 -1.739143e+00 -1.040725e+00 1.107049e-02 8.335859e-01 -2.633856e-01 8.215716e-01 -1.875313e-02 -7.207473e-02 3.447717e-02 -2.385010e-01 3.931800e-01 7.542160e-01 8.588862e-02 -8.278915e-02 -5.514040e-01 -4.167677e-01 -5.377335e-01 4.294964e-01 7.125947e-01 -6.321386e-03
<VARIANCE> 39
 2.246151e+00 1.243410e+00 5.694689e+00 4.770407e+00 1.310909e+01 2.539428e+01 9.444275e+00 1.249687e+01 2.080742e+01 1.039615e+01 3.254311e+00 9.345132e+00 5.000000e-02 2.238758e-01 7.520839e-01 3.618098e-01 1.059741e+00 3.409415e-01 4.718417e-01 1.062843e-01 4.566952e-01 3.076873e-01 2.024724e-01 3.804477e-01 1.689816e+00 5.000000e-02 5.264428e-02 6.450274e-02 5.000000e-02 5.000000e-02 8.954107e-02 1.751375e-01 5.000000e-02 1.095010e-01 2.791215e-01 8.021680e-02 5.000000e-02 1.201807e-01 5.000000e-02
<GCONST> 4.562587e+01
<STATE> 18
<MEAN> 39
 -1.179773e+01 -1.687325e+01 -8.682462e+00 -1.148310e+01 -1.831486e+01 -6.720042e+00 9.899173e+00 -3.991449e+00 6.393267e+00 -7.587926e-01 -1.121024e+00 -8.602250e+00 8.252951e-01 4.750042e-01 1.077202e+00 -3.605697e-02 5.025098e-03 -5.159228e-01 -5.345917e-01 -1.392816e+00 -1.448448e+00 4.840843e-02 9.535027e-01 7.419013e-01 1.058453e+00 -1.993857e-02 -2.106577e-01 -3.697893e-02 -1.854700e-01 -1.531008e-01 4.647321e-01 -2.932165e-01 3.660892e-01 1.480836e-01 -2.825427e-04 -1.133214e-01 2.254804e-01 4.218440e-02 1.208583e-03
<VARIANCE> 39
 3.821692e+00 1.237111e+00 3.947417e+00 9.777584e+00 7.397410e+00 2.045060e+01 6.117094e+00 4.872857e+00 1.915303e+01 5.952660e+00 4.592430e+00 1.457047e+00 5.000000e-02 1.827163e-01 4.191935e-01 1.993524e-01 3.892630e-01 4.885018e-01 1.119311e+00 5.950603e-01 7.761788e-01 7.133564e-01 3.160494e-01 2.305999e-01 7.813075e-01 5.000000e-02 5.000000e-02 5.779186e-02 6.152047e-02 1.628801e-01 1.515098e-01 1.277422e-01 1.012382e-01 7.744609e-02 4.082034e-01 1.447141e-01 6.204614e-02 2.682449e-01 5.000000e-02
<GCONST> 4.707479e+01
<STATE> 19
<MEAN> 39
 -1.169731e+01 -1.571247e+01 -7.995771e+00 -1.373322e+01 -1.872823e+01 -7.159821e+00 8.267229e+00 -4.192596e+00 7.588742e+00 1.722866e+00 9.572009e-01 -6.639397e+00 8.104736e-01 3.927661e-01 6.896195e-01 -1.494258e-01 -8.632019e-01 -4.651361e-01 -1.318379e+00 -7.922155e-01 -6.244529e-01 5.468106e-01 5.856566e-01 5.062687e-01 5.394135e-01 -1.213047e-02 -2.950837e-02 -1.359130e-01 6.213989e-02 -1.104686e-01 5.534970e-01 -1.251628e-02 3.654247e-01 2.852201e-01 -1.690010e-01 -4.216163e-01 -3.491948e-01 -3.817582e-01 -6.067011e-04
<VARIANCE> 39
 6.358657e+00 2.624585e+00 4.161253e+00 5.015680e+00 4.198932e+00 2.066944e+01 5.417220e+00 6.897619e+00 1.081404e+01 9.570817e+00 8.899064e+00 3.068967e+00 5.000000e-02 1.764025e-01 4.002932e-01 2.351003e-01 4.227557e-01 4.589107e-01 7.603993e-01 8.346157e-01 7.280045e-01 3.587992e+00 4.226372e-01 1.656947e-01 5.362884e-01 5.000000e-02 5.000000e-02 5.000000e-02 5.000000e-02 5.000000e-02 9.314853e-02 2.240825e-01 1.350089e-01 1.030099e-01 2.271086e-01 5.000000e-02 1.054041e-01 1.345599e-01 5.000000e-02
<GCONST> 4.719824e+01
<STATE> 20
<MEAN> 39
 -1.094754e+01 -1.446731e+01 -9.743992e+00 -1.390957e+01 -1.956743e+01 -1.173501e+01 8.713495e+00 -5.747305e+00 9.980146e+00 2.731918e+00 1.341007e+00 -6.763917e+00 8.112496e-01 2.843387e-01 5.793135e-01 1.604768e-01 -3.954329e-01 9.199057e-01 -2.771688e-01 4.473888e-02 -3.885652e-01 -2.146608e-01 -2.069276e-01 -5.817767e-01 3.418442e-02 -2.095380e-02 4.446232e-02 -2.608462e-01 3.030638e-01 5.254528e-02 6.091937e-01 5.212791e-01 3.032853e-02 4.005232e-01 -5.297334e-01 -5.642089e-01 -7.342551e-01 -1.742870e-02 -6.116290e-03
<VARIANCE> 39
 5.042190e+00 3.382310e+00 4.799336e+00 7.017642e+00 9.866998e+00 1.218489e+01 1.781483e+01 2.787051e+01 9.153956e+00 1.448141e+01 1.014014e+01 7.845646e+00 5.000000e-02 1.488858e-01 2.065023e-01 5.085627e-01 1.193883e-01 1.540759e-01 8.190102e-01 1.201593e+00 8.805953e-02 2.053681e+00 8.004019e-01 6.493027e-01 6.887503e-01 5.000000e-02 5.000000e-02 5.000000e-02 5.000000e-02 9.437645e-02 6.794298e-02 2.715265e-01 1.728079e-01 5.953093e-01 6.628712e-01 1.158727e-01 1.135399e-01 1.113592e-01 5.000000e-02
<GCONST> 5.384471e+01
<STATE> 21
<MEAN> 39
 -1.048407e+01 -1.353199e+01 -7.861506e+00 -1.521492e+01 -1.563232e+01 -9.061769e+00 8.219459e+00 -5.526853e+00 7.171164e+00 1.156039e-02 -5.752810e-01 -7.777515e+00 7.450441e-01 6.060669e-01 8.627442e-02 6.657248e-01 -5.057244e-01 1.624893e+00 2.087886e-01 -4.894595e-01 6.437812e-01 -1.073067e+00 -8.403813e-01 -1.585740e+00 -1.354066e-02 -2.841142e-02 2.031324e-02 -3.232160e-01 7.476591e-02 -5.392325e-03 -1.209245e-01 3.229516e-01 -4.723629e-02 3.747946e-01 -2.152968e-01 -1.613278e-01 -3.850228e-01 3.296154e-01 -4.067837e-03
<VARIANCE> 39
 5.981161e+00 3.433750e+00 8.137052e+00 6.678205e+00 6.295635e+00 6.639797e+00 2.623821e+01 6.587803e+00 1.251279e+01 1.344856e+01 8.789367e+00 2.593308e+00 5.000000e-02 2.825993e-01 2.485339e-01 4.241439e-01 2.308795e-01 7.614069e-01 1.416192e+00 8.051705e-01 3.800789e+00 1.947417e+00 5.520123e-01 1.016053e+00 7.713228e-01 5.000000e-02 5.000000e-02 5.000000e-02 1.577615e-01 7.449596e-02 2.411748e-01 2.358397e-01 1.080041e-01 2.639671e-01 5.882958e-01 1.122176e-01 1.265735e-01 1.101709e-01 5.000000e-02
<GCONST> 5.903806e+01
<STATE> 22
<MEAN> 39
 -8.461250e+00 -1.494827e+01 -6.882738e+00 -1.649777e+01 -1.289286e+01 -1.186515e+01 8.574490e+00 -4.482623e+00 4.122816e+00 -3.747922e-01 -4.853308e+00 -5.982489e+00 6.992599e-01 4.986109e-01 -3.692224e-01 6.038780e-01 -8.538399e-01 7.547807e-01 -2.669491e-01 -3.379559e-01 4.528332e-01 -8.799886e-01 -9.640772e-01 -1.119933e+00 8.411128e-01 -3.448397e-02 1.044151e-01 -2.262585e-01 1.076867e-01 2.906836e-01 -4.210573e-01 7.933781e-02 -2.706289e-02 -1.002300e-01 1.117302e-01 4.926524e-02 4.329335e-01 7.971837e-02 -3.232316e-03
<VARIANCE> 39
 5.917445e+00 7.516619e+00 9.071872e+00 6.490792e+00 1.294592e+01 1.622728e+01 1.862975e+01 5.462793e+00 1.198851e+01 1.993812e+00 6.326805e+00 5.824360e+00 5.000000e-02 5.000000e-02 1.000555e-01 7.330329e-01 2.116066e-01 8.984846e-01 1.863849e+00 1.127151e+00 9.894701e-01 1.307383e+00 7.297931e-01 2.963152e+00 1.086788e+00 5.000000e-02 5.667442e-02 5.000000e-02 1.345146e-01 1.419940e-01 2.272421e-01 5.010568e-01 2.418256e-01 3.882748e-01 2.573656e-01 8.145872e-02 2.348982e-01 1.963349e-01 5.000000e-02
<GCONST> 6.059345e+01
<STATE> 23
<MEAN> 39
 -9.526176e+00 -1.395785e+01 -5.410380e+00 -1.693257e+01 -1.508097e+01 -6.398529e+00 6.428826e+00 -3.110845e-01 6.859346e+00 -1.780792e+00 -4.356534e+00 -2.837610e+00 6.765811e-01 6.771223e-01 -5.996607e-01 8.010589e-01 5.179941e-01 -8.133794e-01 -5.674864e-02 -8.873529e-01 4.639920e-01 -5.812075e-01 -5.004329e-01 -8.637699e-01 4.405708e-01 -4.002947e-02 3.462665e-01 -3.934161e-01 2.795277e-01 6.571078e-01 -3.690127e-02 9.062472e-02 -2.827917e-01 -8.980232e-01 -1.695586e-01 -2.952448e-01 1.216286e-01 -2.781768e-01 -6.629269e-03
<VARIANCE> 39
 6.211398e+00 4.317563e+00 4.995917e+00 8.523640e+00 2.330588e+01 6.144384e+01 3.964054e+01 2.309428e+01 1.473744e+01 4.876478e+00 1.292510e+01 9.872017e+00 5.000000e-02 3.049912e-01 5.000000e-02 1.473304e+00 4.442060e-01 1.256329e+00 1.859508e+00 6.397243e-01 1.817166e+00 1.785415e+00 6.772018e-01 4.186510e-01 1.354382e+00 5.000000e-02 5.516045e-02 5.000000e-02 1.182026e-01 2.184391e-01 3.741826e-01 1.126093e+00 3.115255e-01 2.808411e-01 2.373367e-01 7.397819e-02 1.947399e-01 4.370200e-01 5.000000e-02
<GCONST> 6.959843e+01
<STATE> 24
<MEAN> 39
 -7.185903e+00 -1.684449e+01 -5.054703e+00 -1.589620e+01 -1.489450e+01 -9.539691e+00 4.206037e+00 -5.013787e+00 5.600755e-01 -4.555399e+00 -7.471307e+00 -5.223371e+00 5.533944e-01 1.517756e+00 -1.602481e+00 1.436045e+00 1.887324e+00 4.498901e-01 1.700545e+00 -1.142189e+00 -1.662852e+00 -9.634598e-01 -1.432711e+00 -5.330076e-01 4.182665e-01 -5.399372e-02 3.285613e-01 -2.527958e-01 1.031672e-01 5.309957e-01 1.991546e-01 4.888658e-01 1.994003e-01 -1.206154e-01 5.019979e-01 1.156619e-01 5.444150e-01 3.134827e-02 -1.864613e-03
<VARIANCE> 39
 9.015061e+00 1.235570e+01 1.102531e+01 1.478032e+01 2.316197e+01 2.337886e+01 2.437304e+01 1.221124e+01 1.279913e+01 1.079533e+01 5.620015e+00 1.277473e+00 5.000000e-02 1.896677e-01 1.851349e-01 1.109269e+00 1.132636e+00 1.630918e+00 4.085633e+00 1.398391e+00 8.502957e-01 1.116128e+00 7.124372e-01 1.179437e-01 1.272853e+00 5.000000e-02 5.156237e-02 5.214114e-02 2.633630e-01 2.588092e-01 3.758602e-01 2.712879e-01 3.938039e-01 2.660983e-01 1.173805e-01 2.037766e-01 1.366100e-01 9.441524e-02 5.000000e-02
<GCONST> 6.698247e+01
<STATE> 25
<MEAN> 39
 -3.994439e+00 -2.052473e+01 -1.383764e+00 -1.111621e+01 -1.274705e+01 -3.699908e+00 3.461174e+00 -8.423278e+00 2.514994e+00 -5.720926e+00 -7.769997e+00 -3.202284e+00 4.583936e-01 1.898566e+00 -1.481389e+00 9.975765e-01 1.478888e+00 8.489421e-01 1.868994e+00 2.744659e-01 1.270224e-01 7.160677e-01 -5.667228e-02 1.126383e+00 7.939129e-01 -4.516681e-02 -9.251625e-02 3.336907e-01 -6.343425e-01 1.432819e-02 6.970402e-02 -3.464513e-01 1.735975e-01 7.293631e-01 3.351837e-01 3.807431e-01 6.856070e-01 1.402440e-01 5.565001e-03
<VARIANCE> 39
 5.732048e+00 1.246400e+01 3.167900e+00 4.919922e+00 6.816227e+00 2.815292e+01 3.103835e+01 3.441867e+01 2.165417e+00 1.583147e+01 3.234962e+00 2.024814e+00 5.000000e-02 2.397579e-01 8.164583e-01 1.195038e+00 1.758168e+00 1.583166e+00 1.317712e+00 3.786644e+00 4.003069e+00 6.300681e-01 2.463898e+00 1.802359e+00 7.573236e-01 5.000000e-02 5.000000e-02 1.567276e-01 7.554874e-02 1.599400e-01 8.563583e-02 6.310457e-01 3.303959e-01 6.038310e-01 7.700144e-02 2.369611e-01 1.074157e-01 9.773871e-02 5.000000e-02
<GCONST> 6.831136e+01
<STATE> 26
<MEAN> 39
 -1.376752e+00 -2.132371e+01 -7.712110e-01 -1.013287e+01 -1.385985e+01 -3.648006e+00 4.592215e+00 -4.190371e+00 5.114113e+00 -5.572442e+00 -3.447963e+00 -3.479794e+00 4.511460e-01 1.602711e+00 -8.191506e-01 -6.043131e-02 1.810979e+00 7.771893e-01 4.071939e-01 -3.138393e-01 -3.047972e-01 3.706841e-01 -3.711148e-01 1.327564e+00 8.346824e-01 -3.623486e-02 -4.570951e-01 4.739856e-01 -5.101253e-01 6.694897e-02 2.595014e-01 -4.541789e-01 3.339721e-01 2.786174e-01 -7.037903e-02 3.273368e-01 1.609954e-01 1.660800e-01 5.811786e-03
<VARIANCE> 39
 2.257342e+00 4.724043e+00 3.355369e+00 3.894821e+00 7.533668e+00 2.421744e+01 6.174732e+00 6.574623e+00 9.499250e+00 1.977135e+01 2.297326e+01 9.203327e+00 5.000000e-02 5.784991e-01 8.922637e-01 6.590554e-01 3.598477e-01 1.052131e+00 1.806162e+00 1.024973e+00 4.262816e+00 6.433222e-01 5.986881e-01 2.019639e+00 5.249631e-02 5.000000e-02 5.000000e-02 7.838086e-02 2.230001e-01 2.241728e-01 2.315627e-01 6.120103e-01 4.420460e-01 2.399749e-01 1.885549e-01 3.630736e-01 1.892830e-01 3.172943e-01 5.000000e-02
<GCONST> 6.571536e+01
<STATE> 27
<MEAN> 39
 -4.484494e-01 -2.218764e+01 -2.363462e+00 -8.075390e+00 -1.143066e+01 -3.878893e+00 3.083515e+00 -6.005441e+00 2.268238e+00 -5.372554e+00 -1.969051e+00 -4.208210e-01 3.610730e-01 3.697983e-01 -1.960078e-01 -6.822375e-01 1.773846e+00 9.751783e-01 2.747265e-02 8.689383e-01 7.632822e-01 -9.615254e-02 2.773878e-02 1.071642e+00 8.113973e-01 -3.442432e-02 -3.668043e-01 4.190645e-01 -3.164071e-01 -2.427976e-01 9.938830e-02 -3.851183e-01 4.434563e-01 8.716114e-02 -9.870248e-02 1.516445e-01 -3.603319e-01 -2.395522e-01 5.075814e-03
<VARIANCE> 39
 1.698365e+00 8.657622e+00 9.360811e+00 2.810275e+00 4.260861e+00 5.973724e+00 8.621723e+00 5.741224e+00 8.887118e+00 4.989310e+00 1.480312e+01 6.053214e+00 5.000000e-02 4.165300e-01 9.714054e-01 7.721348e-01 5.268826e-01 1.174970e+00 1.410718e+00 1.007975e+00 8.112409e-01 7.552694e-01 1.473152e+00 2.609888e+00 3.686622e-01 5.000000e-02 8.877174e-02 5.000000e-02 3.579976e-01 1.740807e-01 1.072015e-01 1.824582e-01 2.356255e-01 3.834515e-01 2.235187e-01 2.296031e-01 4.449455e-01 8.788166e-02 5.000000e-02
<GCONST> 6.189966e+01
<STATE> 28
<MEAN> 39
 4.667950e-01 -2.091492e+01 -2.025316e+00 -3.159351e+00 -8.479564e+00 -4.651140e+00 6.926823e+00 -3.518906e+00 3.904251e+00 -6.036233e+00 -7.586095e-01 -8.945563e-01 3.546048e-01 1.724118e-01 3.568124e-01 -6.878678e-01 1.217236e+00 7.151725e-01 -3.079946e-01 8.616008e-01 5.852005e-01 -2.097131e-01 4.349017e-01 4.505799e-01 1.742740e-01 -2.082008e-02 -2.743922e-01 1.707052e-01 -2.121800e-01 -4.344147e-01 -2.339710e-01 -1.754636e-01 -2.421989e-01 -2.044748e-01 -6.354357e-02 2.083823e-01 -1.890849e-01 -4.035856e-01 1.666801e-03
<VARIANCE> 39
 1.987937e+00 7.452562e+00 4.014957e+00 3.963947e+00 3.562417e+00 1.817827e+00 1.482216e+01 1.375469e+01 1.461290e+01 4.646824e+00 1.520116e+01 3.231625e+00 5.000000e-02 5.000000e-02 2.704446e-01 1.333569e+00 5.787203e-01 7.986904e-01 2.776620e+00 6.604356e-01 4.043915e-01 1.330742e+00 1.607281e+00 7.104726e-01 1.089499e+00 5.000000e-02 6.070162e-02 1.407715e-01 5.000000e-02 5.000000e-02 1.074900e-01 1.029516e-01 1.943158e-01 3.944167e-01 1.432788e-01 5.000000e-02 4.136249e-01 8.503112e-02 5.000000e-02
<GCONST> 5.275629e+01
<STATE> 29
<MEAN> 39
 -3.216980e-01 -2.114722e+01 -5.992293e+00 -4.194539e+00 -9.591726e+00 -5.493155e+00 6.456196e+00 -3.427396e+00 3.966460e+00 -3.578053e+00 -1.511767e+00 -7.493566e-02 2.860852e-01 -1.512787e-01 8.048825e-01 -1.362974e+00 2.687943e-01 5.343900e-01 -9.185075e-01 -3.261746e-01 -1.956733e-01 -4.071873e-02 4.719196e-01 4.163502e-01 -4.417261e-01 -2.140060e-02 -1.357284e-01 6.297719e-02 1.447669e-01 -3.522281e-01 6.916356e-03 -1.390280e-01 -4.458779e-01 -1.626455e-01 -1.611005e-01 3.255353e-02 1.380821e-01 -2.372409e-01 -7.559131e-04
<VARIANCE> 39
 1.254205e+00 2.483518e+00 7.489593e+00 7.600999e+00 1.062433e+01 1.136943e+01 3.154737e+00 1.020384e+01 2.039857e+01 2.190998e+01 1.560728e+01 9.060739e+00 5.000000e-02 1.395940e-01 5.155202e-01 5.365150e-01 6.822738e-01 7.656751e-01 4.792828e-01 1.464436e+00 1.524141e+00 1.313618e+00 5.847036e-01 1.330316e+00 6.925504e-01 5.000000e-02 5.000000e-02 1.171411e-01 2.890299e-01 1.690361e-01 1.128935e-01 3.416868e-01 1.227666e-01 2.290178e-01 2.735721e-01 4.476170e-01 1.914990e-01 2.032481e-01 5.000000e-02
<GCONST> 6.267405e+01
<STATE> 30
<MEAN> 39
 -1.095058e-01 -1.847168e+01 -6.191854e+00 -3.172151e+00 -6.906859e+00 -6.822186e+00 6.039579e+00 -4.928121e+00 1.438873e+00 -5.036397e+00 5.027407e-01 -1.647707e+00 2.967739e-01 -3.706777e-01 4.930120e-01 -6.684493e-01 -4.529418e-02 4.076271e-01 -9.957595e-01 -4.972436e-01 -2.904909e-01 -9.581026e-01 5.202918e-01 6.197550e-01 -8.670338e-01 -2.947072e-02 -2.251773e-01 -1.621250e-01 3.127847e-01 -1.156856e-01 1.003299e-01 2.305265e-01 7.450754e-02 2.577218e-01 1.922028e-01 7.396992e-02 -4.129851e-03 1.345675e-02 -5.966550e-03
<VARIANCE> 39
 3.446919e+00 4.465185e+00 1.662042e+01 7.085115e+00 2.292097e+01 1.803966e+01 4.302515e+00 7.409205e+00 1.470134e+01 2.041203e+00 4.254871e+00 3.211511e+00 5.000000e-02 1.119074e-01 2.541830e-01 5.396515e-01 9.284684e-01 7.574539e-01 9.525040e-01 6.179012e-01 3.740499e-01 1.113016e+00 1.742085e+00 9.555625e-01 8.803152e-01 5.000000e-02 5.000000e-02 5.000000e-02 1.313776e-01 2.109544e-01 3.064886e-01 3.837617e-01 1.715832e-01 4.297205e-01 1.199367e-01 8.739867e-02 8.861216e-02 1.117666e-01 5.000000e-02
<GCONST> 5.664462e+01
<STATE> 31
<MEAN> 39
 -9.941373e-01 -1.873922e+01 -6.999833e+00 -3.058996e+00 -6.721947e+00 -8.030917e+00 4.438683e+00 -4.182350e+00 1.310590e+00 -1.781997e+00 2.112278e+00 -3.462641e+00 2.094972e-01 -7.694935e-01 8.767883e-02 -2.138643e-01 -1.303333e-01 9.053816e-01 -3.572876e-01 -3.917567e-02 7.211621e-01 3.099560e-01 7.926458e-01 5.421500e-01 -2.130011e-01 -3.824833e-02 -2.089928e-01 -6.409299e-02 2.560508e-01 2.021445e-02 1.317722e-01 5.083883e-01 2.837900e-01 2.830858e-01 2.258779e-01 -2.959649e-01 -1.884996e-01 4.709457e-01 -3.402791e-03
<VARIANCE> 39
 2.569320e+00 4.166769e+00 7.741923e+00 6.262196e+00 1.497297e+01 4.135288e+00 3.861467e+00 5.733865e+00 5.122541e+00 2.140376e+00 4.448841e+00 4.993279e+00 5.000000e-02 2.069980e-01 5.514411e-01 3.879810e-01 6.678345e-01 7.845255e-01 1.962749e+00 8.165432e-01 2.485511e+00 5.567871e-01 7.694038e-01 1.432298e+00 5.901729e-01 5.000000e-02 6.719895e-02 5.000000e-02 6.191887e-02 1.413664e-01 1.275963e-01 1.765155e-01 2.056983e-01 1.688135e-01 1.793355e-01 1.326727e-01 1.955016e-01 1.741574e-01 5.000000e-02
<GCONST> 5.355746e+01
<STATE> 32
<MEAN> 39
 -3.457097e+00 -1.945018e+01 -7.353126e+00 -4.235063e+00 -4.987244e+00 -7.445924e+00 6.014146e+00 -1.351612e+00 3.794927e+00 -1.703625e+00 1.214067e+00 -1.808853e+00 1.434665e-01 -1.153358e+00 3.726861e-01 3.890574e-01 4.444649e-01 1.417800e+00 1.081767e+00 7.271390e-01 9.377842e-01 2.159353e-01 -1.921988e-01 4.832076e-01 9.519544e-01 -4.408132e-02 1.227219e-01 4.387473e-01 3.086075e-01 1.180236e-02 -2.542050e-01 2.420023e-01 -5.218442e-03 -4.155891e-01 -3.535753e-01 -5.515992e-02 1.454734e-01 2.389229e-01 1.365331e-03
<VARIANCE> 39
 2.172161e+00 4.427592e+00 4.150587e+00 3.458016e+00 1.260299e+01 1.971866e+01 1.583520e+01 1.197979e+01 6.501271e+00 1.318389e+01 1.633922e+01 1.128361e+01 5.000000e-02 5.282452e-01 2.918856e-01 6.101848e-01 5.150246e-01 4.810601e-01 1.211939e+00 2.953696e-01 9.920197e-01 1.047848e+00 3.168553e-01 8.585074e-01 9.646148e-01 5.000000e-02 5.222980e-02 8.621655e-02 5.000000e-02 1.031515e-01 9.497615e-02 5.547593e-01 3.037243e-01 1.456276e-01 2.362395e-01 3.350123e-01 2.930183e-01 1.610639e-01 5.000000e-02
<GCONST> 5.963909e+01
<STATE> 33
<MEAN> 39
 -4.449513e+00 -1.748398e+01 -6.070100e+00 -2.417280e+00 -2.911486e+00 -4.661124e+00 7.056281e+00 -6.737300e-01 1.288162e+00 -2.836115e+00 3.450823e+00 2.725392e-01 7.819312e-02 -4.768023e-01 1.496476e+00 6.953864e-01 -9.689602e-02 1.174209e-01 3.959374e-01 -3.889656e-01 -6.314568e-01 -7.048778e-01 5.754069e-01 8.489166e-01 5.401772e-01 -3.168627e-02 1.881127e-01 4.036137e-01 2.695668e-01 -9.192166e-02 -2.214925e-01 -2.489753e-01 -4.723198e-01 -4.407189e-01 -1.013957e-02 2.489790e-01 -1.786755e-01 -3.618373e-01 6.887717e-03
<VARIANCE> 39
 3.542604e+00 4.283504e+00 8.519643e+00 1.987547e+00 3.925913e+00 9.617452e+00 1.323385e+00 4.450548e+00 2.247800e+01 8.053083e+00 5.558847e+00 1.486921e+01 5.000000e-02 3.281495e-01 1.177104e+00 7.005326e-01 3.952402e-01 5.914401e-01 2.214068e+00 1.868718e+00 7.234368e-01 1.731690e+00 1.168346e+00 8.682632e-01 5.302717e-01 5.000000e-02 1.431073e-01 8.666743e-02 1.207840e-01 8.846955e-02 5.000000e-02 3.206475e-01 8.826939e-02 2.254819e-01 4.460761e-01 1.479409e-01 1.070532e-01 2.447945e-01 5.000000e-02
<GCONST> 5.818269e+01
<STATE> 34
<MEAN> 39
 -4.555860e+00 -1.421398e+01 -6.091752e+00 -4.096000e+00 -4.985134e+00 -5.446218e+00 5.664557e+00 -4.934630e+00 5.937279e-01 -1.774552e+00 3.954324e+00 -8.023396e-01 4.078693e-02 -1.482279e-01 2.115214e+00 1.490086e+00 -7.650778e-02 1.130136e-01 6.054756e-01 -8.551119e-01 -5.135426e-01 -3.802432e-01 5.770845e-01 3.240001e-02 -3.058165e-01 -1.781223e-02 4.062048e-02 -1.230939e-01 1.044362e-01 1.844133e-01 2.330443e-01 -5.278397e-02 -1.011105e-01 4.203590e-01 3.380782e-01 2.533166e-02 -2.672011e-01 -2.775826e-01 4.087073e-03
<VARIANCE> 39
 1.135906e+00 5.388338e+00 2.537332e+00 4.463910e-01 4.865886e+00 1.161681e+01 1.106554e+01 2.575563e+01 1.753806e+01 5.072933e+00 7.381282e+00 3.810885e+00 5.000000e-02 5.889764e-01 6.584224e-01 1.757270e-01 4.169425e-01 7.427275e-01 1.288772e+00 2.339510e-01 1.168528e+00 1.374185e+00 2.656406e+00 5.613152e-01 4.456772e-01 5.000000e-02 5.000000e-02 1.310891e-01 1.129489e-01 5.000000e-02 7.220096e-02 2.624038e-01 1.290800e-01 3.563871e-01 5.860962e-01 2.246238e-01 2.800416e-01 1.958601e-01 5.000000e-02
<GCONST> 5.496603e+01
<STATE> 35
<MEAN> 39
 -5.434362e+00 -1.083698e+01 -1.656569e+00 -3.500266e+00 -2.828328e+00 -5.034060e+00 3.114869e+00 -3.770348e+00 1.112495e+00 7.728245e-01 3.183897e+00 -1.165390e+00 1.571515e-02 -4.056195e-01 1.019078e+00 8.406568e-01 4.915045e-01 9.784109e-01 2.450293e-01 -5.478536e-01 7.792758e-02 2.859918e-01 4.736502e-02 -4.720783e-01 -6.041105e-01 -1.835660e-02 3.207419e-02 -6.420512e-01 -4.457566e-01 1.150199e-01 1.901429e-01 7.540918e-02 1.768107e-01 3.972805e-01 1.559874e-01 -4.351535e-01 -1.666449e-01 6.573709e-03 2.185588e-03
<VARIANCE> 39
 2.971058e+00 8.083369e+00 1.154519e+00 6.685149e+00 9.534096e+00 5.831094e+00 3.986113e+00 1.147833e+01 1.339562e+01 6.843994e+00 5.387932e+00 3.969043e+00 5.000000e-02 1.279577e-01 5.018519e-01 4.718352e-01 2.143825e-01 5.013232e-01 2.588524e-01 3.082420e-01 1.792895e+00 2.738842e+00 6.182010e-01 1.156878e+00 1.444683e+00 5.000000e-02 9.954975e-02 1.562699e-01 5.000000e-02 8.455544e-02 2.555556e-01 1.151833e-01 1.174213e-01 1.047274e-01 2.147736e-01 1.091275e-01 1.334090e-01 1.023108e-01 5.000000e-02
<GCONST> 5.110242e+01
<STATE> 36
<MEAN> 39
 -6.383072e+00 -1.168853e+01 -2.083568e+00 -1.919066e+00 -5.467548e-01 -3.033069e+00 5.313875e+00 -1.894269e+00 2.635646e+00 -5.410909e-01 4.420324e+00 -1.173230e+00 -1.703912e-03 -1.835651e-01 -1.879388e-01 -2.064231e-01 3.384718e-01 7.847173e-01 3.243655e-01 -3.340692e-01 1.076785e+00 6.304387e-01 -4.382316e-01 -3.718381e-01 -3.979056e-01 -1.560695e-02 1.048345e-01 -3.695103e-01 -2.700303e-01 -9.565711e-02 -1.908431e-01 -8.202356e-02 9.001732e-02 5.757722e-02 -1.219920e-01 -2.581159e-01 3.920546e-02 3.084402e-01 2.485963e-03
<VARIANCE> 39
 1.434850e+00 1.350208e+00 4.251893e+00 4.448508e+00 2.799754e+00 1.870048e+00 5.325078e+00 1.099432e+01 1.092586e+01 2.132759e+01 9.644239e+00 1.040249e+01 5.000000e-02 2.712727e-01 3.631766e-01 2.268433e-01 8.619690e-02 5.996526e-01 1.859485e-01 3.345537e-01 1.448792e+00 1.576435e+00 7.028342e-01 3.157197e-01 6.563818e-01 5.000000e-02 5.788461e-02 6.776000e-02 1.016871e-01 7.726393e-02 5.847882e-02 1.629632e-01 6.632689e-02 4.387809e-01 4.224845e-01 5.646421e-02 1.688683e-01 4.088003e-01 5.000000e-02
<GCONST> 4.644804e+01
<TRANSP> 37
 0.000000e+00 1.000000e+00 0.000000e+00 0.000000e+00 0.000000e+00 0.000000e+00 0.000000e+00 0.000000e+00 0.000000e+00 0.000000e+00 0.000000e+00 0.000000e+00 0.000000e+00 0.000000e+00 0.000000e+00 0.000000e+00 0.000000e+00 0.000000e+00 0.000000e+00 0.000000e+00 0.000000e+00 0.000000e+00 0.000000e+00 0.000000e+00 0.000000e+00 0.000000e+00 0.000000e+00 0.000000e+00 0.000000e+00 0.000000e+00 0.000000e+00 0.000000e+00 0.000000e+00 0.000000e+00 0.000000e+00 0.000000e+00 0.000000e+00
 0.000000e+00 5.000808e-01 4.999192e-01 0.000000e+00 0.000000e+00 0.000000e+00 0.000000e+00 0.000000e+00 0.000000e+00 0.000000e+00 0.000000e+00 0.000000e+00 0.000000e+00 0.000000e+00 0.000000e+00 0.000000e+00 0.000000e+00 0.000000e+00 0.000000e+00 0.000000e+00 0.000000e+00 0.000000e+00 0.000000e+00 0.000000e+00 0.000000e+00 0.000000e+00 0.000000e+00 0.000000e+00 0.000000e+00 0.000000e+00 0.000000e+00 0.000000e+00 0.000000e+00 0.000000e+00 0.000000e+00 0.000000e+00 0.000000e+00
 0.000000e+00 0.000000e+00 3.750000e-01 6.250000e-01 0.000000e+00 0.000000e+00 0.000000e+00 0.000000e+00 0.000000e+00 0.000000e+00 0.000000e+00 0.000000e+00 0.000000e+00 0.000000e+00 0.000000e+00 0.000000e+00 0.000000e+00 0.000000e+00 0.000000e+00 0.000000e+00 0.000000e+00 0.000000e+00 0.000000e+00 0.000000e+00 0.000000e+00 0.000000e+00 0.000000e+00 0.000000e+00 0.000000e+00 0.000000e+00 0.000000e+00 0.000000e+00 0.000000e+00 0.000000e+00 0.000000e+00 0.000000e+00 0.000000e+00
 0.000000e+00 0.000000e+00 0.000000e+00 1.666672e-01 8.333328e-01 0.000000e+00 0.000000e+00 0.000000e+00 0.000000e+00 0.000000e+00 0.000000e+00 0.000000e+00 0.000000e+00 0.000000e+00 0.000000e+00 0.000000e+00 0.000000e+00 0.000000e+00 0.000000e+00 0.000000e+00 0.000000e+00 0.000000e+00 0.000000e+00 0.000000e+00 0.000000e+00 0.000000e+00 0.000000e+00 0.000000e+00 0.000000e+00 0.000000e+00 0.000000e+00 0.000000e+00 0.000000e+00 0.000000e+00 0.000000e+00 0.000000e+00 0.000000e+00
 0.000000e+00 0.000000e+00 0.000000e+00 0.000000e+00 2.860864e-01 7.139136e-01 0.000000e+00 0.000000e+00 0.000000e+00 0.000000e+00 0.000000e+00 0.000000e+00 0.000000e+00 0.000000e+00 0.000000e+00 0.000000e+00 0.000000e+00 0.000000e+00 0.000000e+00 0.000000e+00 0.000000e+00 0.000000e+00 0.000000e+00 0.000000e+00 0.000000e+00 0.000000e+00 0.000000e+00 0.000000e+00 0.000000e+00 0.000000e+00 0.000000e+00 0.000000e+00 0.000000e+00 0.000000e+00 0.000000e+00 0.000000e+00 0.000000e+00
 0.000000e+00 0.000000e+00 0.000000e+00 0.000000e+00 0.000000e+00 4.997723e-01 5.002277e-01 0.000000e+00 0.000000e+00 0.000000e+00 0.000000e+00 0.000000e+00 0.000000e+00 0.000000e+00 0.000000e+00 0.000000e+00 0.000000e+00 0.000000e+00 0.000000e+00 0.000000e+00 0.000000e+00 0.000000e+00 0.000000e+00 0.000000e+00 0.000000e+00 0.000000e+00 0.000000e+00 0.000000e+00 0.000000e+00 0.000000e+00 0.000000e+00 0.000000e+00 0.000000e+00 0.000000e+00 0.000000e+00 0.000000e+00 0.000000e+00
 0.000000e+00 0.000000e+00 0.000000e+00 0.000000e+00 0.000000e+00 0.000000e+00 2.838678e-01 7.161322e-01 0.000000e+00 0.000000e+00 0.000000e+00 0.000000e+00 0.000000e+00 0.000000e+00 0.000000e+00 0.000000e+00 0.000000e+00 0.000000e+00 0.000000e+00 0.000000e+00 0.000000e+00 0.000000e+00 0.000000e+00 0.000000e+00 0.000000e+00 0.000000e+00 0.000000e+00 0.000000e+00 0.000000e+00 0.000000e+00 0.000000e+00 0.000000e+00 0.000000e+00 0.000000e+00 0.000000e+00 0.000000e+00 0.000000e+00
 0.000000e+00 0.000000e+00 0.000000e+00 0.000000e+00 0.000000e+00 0.000000e+00 0.000000e+00 2.869956e-01 7.130045e-01 0.000000e+00 0.000000e+00 0.000000e+00 0.000000e+00 0.000000e+00 0.000000e+00 0.000000e+00 0.000000e+00 0.000000e+00 0.000000e+00 0.000000e+00 0.000000e+00 0.000000e+00 0.000000e+00 0.000000e+00 0.000000e+00 0.000000e+00 0.000000e+00 0.000000e+00 0.000000e+00 0.000000e+00 0.000000e+00 0.000000e+00 0.000000e+00 0.000000e+00 0.000000e+00 0.000000e+00 0.000000e+00
 0.000000e+00 0.000000e+00 0.000000e+00 0.000000e+00 0.000000e+00 0.000000e+00 0.000000e+00 0.000000e+00 4.429060e-01 5.570940e-01 0.000000e+00 0.000000e+00 0.000000e+00 0.000000e+00 0.000000e+00 0.000000e+00 0.000000e+00 0.000000e+00 0.000000e+00 0.000000e+00 0.000000e+00 0.000000e+00 0.000000e+00 0.000000e+00 0.000000e+00 0.000000e+00 0.000000e+00 0.000000e+00 0.000000e+00 0.000000e+00 0.000000e+00 0.000000e+00 0.000000e+00 0.000000e+00 0.000000e+00 0.000000e+00 0.000000e+00
 0.000000e+00 0.000000e+00 0.000000e+00 0.000000e+00 0.000000e+00 0.000000e+00 0.000000e+00 0.000000e+00 0.000000e+00 2.905139e-01 7.094861e-01 0.000000e+00 0.000000e+00 0.000000e+00 0.000000e+00 0.000000e+00 0.000000e+00 0.000000e+00 0.000000e+00 0.000000e+00 0.000000e+00 0.000000e+00 0.000000e+00 0.000000e+00 0.000000e+00 0.000000e+00 0.000000e+00 0.000000e+00 0.000000e+00 0.000000e+00 0.000000e+00 0.000000e+00 0.000000e+00 0.000000e+00 0.000000e+00 0.000000e+00 0.000000e+00
 0.000000e+00 0.000000e+00 0.000000e+00 0.000000e+00 0.000000e+00 0.000000e+00 0.000000e+00 0.000000e+00 0.000000e+00 0.000000e+00 3.737473e-01 6.262527e-01 0.000000e+00 0.000000e+00 0.000000e+00 0.000000e+00 0.000000e+00 0.000000e+00 0.000000e+00 0.000000e+00 0.000000e+00 0.000000e+00 0.000000e+00 0.000000e+00 0.000000e+00 0.000000e+00 0.000000e+00 0.000000e+00 0.000000e+00 0.000000e+00 0.000000e+00 0.000000e+00 0.000000e+00 0.000000e+00 0.000000e+00 0.000000e+00 0.000000e+00
 0.000000e+00 0.000000e+00 0.000000e+00 0.000000e+00 0.000000e+00 0.000000e+00 0.000000e+00 0.000000e+00 0.000000e+00 0.000000e+00 0.000000e+00 2.899001e-01 7.100999e-01 0.000000e+00 0.000000e+00 0.000000e+00 0.000000e+00 0.000000e+00 0.000000e+00 0.000000e+00 0.000000e+00 0.000000e+00 0.000000e+00 0.000000e+00 0.000000e+00 0.000000e+00 0.000000e+00 0.000000e+00 0.000000e+00 0.000000e+00 0.000000e+00 0.000000e+00 0.000000e+00 0.000000e+00 0.000000e+00 0.000000e+00 0.000000e+00
 0.000000e+00 0.000000e+00 0.000000e+00 0.000000e+00 0.000000e+00 0.000000e+00 0.000000e+00 0.000000e+00 0.000000e+00 0.000000e+00 0.000000e+00 0.000000e+00 4.975411e-01 5.024589e-01 0.000000e+00 0.000000e+00 0.000000e+00 0.000000e+00 0.000000e+00 0.000000e+00 0.000000e+00 0.000000e+00 0.000000e+00 0.000000e+00 0.000000e+00 0.000000e+00 0.000000e+00 0.000000e+00 0.000000e+00 0.000000e+00 0.000000e+00 0.000000e+00 0.000000e+00 0.000000e+00 0.000000e+00 0.000000e+00 0.000000e+00
 0.000000e+00 0.000000e+00 0.000000e+00 0.000000e+00 0.000000e+00 0.000000e+00 0.000000e+00 0.000000e+00 0.000000e+00 0.000000e+00 0.000000e+00 0.000000e+00 0.000000e+00 3.743166e-01 6.256834e-01 0.000000e+00 0.000000e+00 0.000000e+00 0.000000e+00 0.000000e+00 0.000000e+00 0.000000e+00 0.000000e+00 0.000000e+00 0.000000e+00 0.000000e+00 0.000000e+00 0.000000e+00 0.000000e+00 0.000000e+00 0.000000e+00 0.000000e+00 0.000000e+00 0.000000e+00 0.000000e+00 0.000000e+00 0.000000e+00
 0.000000e+00 0.000000e+00 0.000000e+00 0.000000e+00 0.000000e+00 0.000000e+00 0.000000e+00 0.000000e+00 0.000000e+00 0.000000e+00 0.000000e+00 0.000000e+00 0.000000e+00 0.000000e+00 3.762695e-01 6.237305e-01 0.000000e+00 0.000000e+00 0.000000e+00 0.000000e+00 0.000000e+00 0.000000e+00 0.000000e+00 0.000000e+00 0.000000e+00 0.000000e+00 0.000000e+00 0.000000e+00 0.000000e+00 0.000000e+00 0.000000e+00 0.000000e+00 0.000000e+00 0.000000e+00 0.000000e+00 0.000000e+00 0.000000e+00
 0.000000e+00 0.000000e+00 0.000000e+00 0.000000e+00 0.000000e+00 0.000000e+00 0.000000e+00 0.000000e+00 0.000000e+00 0.000000e+00 0.000000e+00 0.000000e+00 0.000000e+00 0.000000e+00 0.000000e+00 4.444444e-01 5.555556e-01 0.000000e+00 0.000000e+00 0.000000e+00 0.000000e+00 0.000000e+00 0.000000e+00 0.000000e+00 0.000000e+00 0.000000e+00 0.000000e+00 0.000000e+00 0.000000e+00 0.000000e+00 0.000000e+00 0.000000e+00 0.000000e+00 0.000000e+00 0.000000e+00 0.000000e+00 0.000000e+00
 0.000000e+00 0.000000e+00 0.000000e+00 0.000000e+00 0.000000e+00 0.000000e+00 0.000000e+00 0.000000e+00 0.000000e+00 0.000000e+00 0.000000e+00 0.000000e+00 0.000000e+00 0.000000e+00 0.000000e+00 0.000000e+00 2.857142e-01 7.142858e-01 0.000000e+00 0.000000e+00 0.000000e+00 0.000000e+00 0.000000e+00 0.000000e+00 0.000000e+00 0.000000e+00 0.000000e+00 0.000000e+00 0.000000e+00 0.000000e+00 0.000000e+00 0.000000e+00 0.000000e+00 0.000000e+00 0.000000e+00 0.000000e+00 0.000000e+00
 0.000000e+00 0.000000e+00 0.000000e+00 0.000000e+00 0.000000e+00 0.000000e+00 0.000000e+00 0.000000e+00 0.000000e+00 0.000000e+00 0.000000e+00 0.000000e+00 0.000000e+00 0.000000e+00 0.000000e+00 0.000000e+00 0.000000e+00 2.861337e-01 7.138663e-01 0.000000e+00 0.000000e+00 0.000000e+00 0.000000e+00 0.000000e+00 0.000000e+00 0.000000e+00 0.000000e+00 0.000000e+00 0.000000e+00 0.000000e+00 0.000000e+00 0.000000e+00 0.000000e+00 0.000000e+00 0.000000e+00 0.000000e+00 0.000000e+00
 0.000000e+00 0.000000e+00 0.000000e+00 0.000000e+00 0.000000e+00 0.000000e+00 0.000000e+00 0.000000e+00 0.000000e+00 0.000000e+00 0.000000e+00 0.000000e+00 0.000000e+00 0.000000e+00 0.000000e+00 0.000000e+00 0.000000e+00 0.000000e+00 3.746720e-01 6.253280e-01 0.000000e+00 0.000000e+00 0.000000e+00 0.000000e+00 0.000000e+00 0.000000e+00 0.000000e+00 0.000000e+00 0.000000e+00 0.000000e+00 0.000000e+00 0.000000e+00 0.000000e+00 0.000000e+00 0.000000e+00 0.000000e+00 0.000000e+00
 0.000000e+00 0.000000e+00 0.000000e+00 0.000000e+00 0.000000e+00 0.000000e+00 0.000000e+00 0.000000e+00 0.000000e+00 0.000000e+00 0.000000e+00 0.000000e+00 0.000000e+00 0.000000e+00 0.000000e+00 0.000000e+00 0.000000e+00 0.000000e+00 0.000000e+00 1.666766e-01 8.333235e-01 0.000000e+00 0.000000e+00 0.000000e+00 0.000000e+00 0.000000e+00 0.000000e+00 0.000000e+00 0.000000e+00 0.000000e+00 0.000000e+00 0.000000e+00 0.000000e+00 0.000000e+00 0.000000e+00 0.000000e+00 0.000000e+00
 0.000000e+00 0.000000e+00 0.000000e+00 0.000000e+00 0.000000e+00 0.000000e+00 0.000000e+00 0.000000e+00 0.000000e+00 0.000000e+00 0.000000e+00 0.000000e+00 0.000000e+00 0.000000e+00 0.000000e+00 0.000000e+00 0.000000e+00 0.000000e+00 0.000000e+00 0.000000e+00 4.437532e-01 5.562469e-01 0.000000e+00 0.000000e+00 0.000000e+00 0.000000e+00 0.000000e+00 0.000000e+00 0.000000e+00 0.000000e+00 0.000000e+00 0.000000e+00 0.000000e+00 0.000000e+00 0.000000e+00 0.000000e+00 0.000000e+00
 0.000000e+00 0.000000e+00 0.000000e+00 0.000000e+00 0.000000e+00 0.000000e+00 0.000000e+00 0.000000e+00 0.000000e+00 0.000000e+00 0.000000e+00 0.000000e+00 0.000000e+00 0.000000e+00 0.000000e+00 0.000000e+00 0.000000e+00 0.000000e+00 0.000000e+00 0.000000e+00 0.000000e+00 4.449861e-01 5.550140e-01 0.000000e+00 0.000000e+00 0.000000e+00 0.000000e+00 0.000000e+00 0.000000e+00 0.000000e+00 0.000000e+00 0.000000e+00 0.000000e+00 0.000000e+00 0.000000e+00 0.000000e+00 0.000000e+00
 0.000000e+00 0.000000e+00 0.000000e+00 0.000000e+00 0.000000e+00 0.000000e+00 0.000000e+00 0.000000e+00 0.000000e+00 0.000000e+00 0.000000e+00 0.000000e+00 0.000000e+00 0.000000e+00 0.000000e+00 0.000000e+00 0.000000e+00 0.000000e+00 0.000000e+00 0.000000e+00 0.000000e+00 0.000000e+00 2.859686e-01 7.140314e-01 0.000000e+00 0.000000e+00 0.000000e+00 0.000000e+00 0.000000e+00 0.000000e+00 0.000000e+00 0.000000e+00 0.000000e+00 0.000000e+00 0.000000e+00 0.000000e+00 0.000000e+00
 0.000000e+00 0.000000e+00 0.000000e+00 0.000000e+00 0.000000e+00 0.000000e+00 0.000000e+00 0.000000e+00 0.000000e+00 0.000000e+00 0.000000e+00 0.000000e+00 0.000000e+00 0.000000e+00 0.000000e+00 0.000000e+00 0.000000e+00 0.000000e+00 0.000000e+00 0.000000e+00 0.000000e+00 0.000000e+00 0.000000e+00 3.749933e-01 6.250067e-01 0.000000e+00 0.000000e+00 0.000000e+00 0.000000e+00 0.000000e+00 0.000000e+00 0.000000e+00 0.000000e+00 0.000000e+00 0.000000e+00 0.000000e+00 0.000000e+00
 0.000000e+00 0.000000e+00 0.000000e+00 0.000000e+00 0.000000e+00 0.000000e+00 0.000000e+00 0.000000e+00 0.000000e+00 0.000000e+00 0.000000e+00 0.000000e+00 0.000000e+00 0.000000e+00 0.000000e+00 0.000000e+00 0.000000e+00 0.000000e+00 0.000000e+00 0.000000e+00 0.000000e+00 0.000000e+00 0.000000e+00 0.000000e+00 2.850147e-01 7.149853e-01 0.000000e+00 0.000000e+00 0.000000e+00 0.000000e+00 0.000000e+00 0.000000e+00 0.000000e+00 0.000000e+00 0.000000e+00 0.000000e+00 0.000000e+00
 0.000000e+00 0.000000e+00 0.000000e+00 0.000000e+00 0.000000e+00 0.000000e+00 0.000000e+00 0.000000e+00 0.000000e+00 0.000000e+00 0.000000e+00 0.000000e+00 0.000000e+00 0.000000e+00 0.000000e+00 0.000000e+00 0.000000e+00 0.000000e+00 0.000000e+00 0.000000e+00 0.000000e+00 0.000000e+00 0.000000e+00 0.000000e+00 0.000000e+00 1.682194e-01 8.317806e-01 0.000000e+00 0.000000e+00 0.000000e+00 0.000000e+00 0.000000e+00 0.000000e+00 0.000000e+00 0.000000e+00 0.000000e+00 0.000000e+00
 0.000000e+00 0.000000e+00 0.000000e+00 0.000000e+00 0.000000e+00 0.000000e+00 0.000000e+00 0.000000e+00 0.000000e+00 0.000000e+00 0.000000e+00 0.000000e+00 0.000000e+00 0.000000e+00 0.000000e+00 0.000000e+00 0.000000e+00 0.000000e+00 0.000000e+00 0.000000e+00 0.000000e+00 0.000000e+00 0.000000e+00 0.000000e+00 0.000000e+00 0.000000e+00 4.441662e-01 5.558338e-01 0.000000e+00 0.000000e+00 0.000000e+00 0.000000e+00 0.000000e+00 0.000000e+00 0.000000e+00 0.000000e+00 0.000000e+00
 0.000000e+00 0.000000e+00 0.000000e+00 0.000000e+00 0.000000e+00 0.000000e+00 0.000000e+00 0.000000e+00 0.000000e+00 0.000000e+00 0.000000e+00 0.000000e+00 0.000000e+00 0.000000e+00 0.000000e+00 0.000000e+00 0.000000e+00 0.000000e+00 0.000000e+00 0.000000e+00 0.000000e+00 0.000000e+00 0.000000e+00 0.000000e+00 0.000000e+00 0.000000e+00 0.000000e+00 2.857732e-01 7.142268e-01 0.000000e+00 0.000000e+00 0.000000e+00 0.000000e+00 0.000000e+00 0.000000e+00 0.000000e+00 0.000000e+00
 0.000000e+00 0.000000e+00 0.000000e+00 0.000000e+00 0.000000e+00 0.000000e+00 0.000000e+00 0.000000e+00 0.000000e+00 0.000000e+00 0.000000e+00 0.000000e+00 0.000000e+00 0.000000e+00 0.000000e+00 0.000000e+00 0.000000e+00 0.000000e+00 0.000000e+00 0.000000e+00 0.000000e+00 0.000000e+00 0.000000e+00 0.000000e+00 0.000000e+00 0.000000e+00 0.000000e+00 0.000000e+00 4.441119e-01 5.558881e-01 0.000000e+00 0.000000e+00 0.000000e+00 0.000000e+00 0.000000e+00 0.000000e+00 0.000000e+00
 0.000000e+00 0.000000e+00 0.000000e+00 0.000000e+00 0.000000e+00 0.000000e+00 0.000000e+00 0.000000e+00 0.000000e+00 0.000000e+00 0.000000e+00 0.000000e+00 0.000000e+00 0.000000e+00 0.000000e+00 0.000000e+00 0.000000e+00 0.000000e+00 0.000000e+00 0.000000e+00 0.000000e+00 0.000000e+00 0.000000e+00 0.000000e+00 0.000000e+00 0.000000e+00 0.000000e+00 0.000000e+00 0.000000e+00 2.863296e-01 7.136704e-01 0.000000e+00 0.000000e+00 0.000000e+00 0.000000e+00 0.000000e+00 0.000000e+00
 0.000000e+00 0.000000e+00 0.000000e+00 0.000000e+00 0.000000e+00 0.000000e+00 0.000000e+00 0.000000e+00 0.000000e+00 0.000000e+00 0.000000e+00 0.000000e+00 0.000000e+00 0.000000e+00 0.000000e+00 0.000000e+00 0.000000e+00 0.000000e+00 0.000000e+00 0.000000e+00 0.000000e+00 0.000000e+00 0.000000e+00 0.000000e+00 0.000000e+00 0.000000e+00 0.000000e+00 0.000000e+00 0.000000e+00 0.000000e+00 3.749171e-01 6.250829e-01 0.000000e+00 0.000000e+00 0.000000e+00 0.000000e+00 0.000000e+00
 0.000000e+00 0.000000e+00 0.000000e+00 0.000000e+00 0.000000e+00 0.000000e+00 0.000000e+00 0.000000e+00 0.000000e+00 0.000000e+00 0.000000e+00 0.000000e+00 0.000000e+00 0.000000e+00 0.000000e+00 0.000000e+00 0.000000e+00 0.000000e+00 0.000000e+00 0.000000e+00 0.000000e+00 0.000000e+00 0.000000e+00 0.000000e+00 0.000000e+00 0.000000e+00 0.000000e+00 0.000000e+00 0.000000e+00 0.000000e+00 0.000000e+00 3.750397e-01 6.249603e-01 0.000000e+00 0.000000e+00 0.000000e+00 0.000000e+00
 0.000000e+00 0.000000e+00 0.000000e+00 0.000000e+00 0.000000e+00 0.000000e+00 0.000000e+00 0.000000e+00 0.000000e+00 0.000000e+00 0.000000e+00 0.000000e+00 0.000000e+00 0.000000e+00 0.000000e+00 0.000000e+00 0.000000e+00 0.000000e+00 0.000000e+00 0.000000e+00 0.000000e+00 0.000000e+00 0.000000e+00 0.000000e+00 0.000000e+00 0.000000e+00 0.000000e+00 0.000000e+00 0.000000e+00 0.000000e+00 0.000000e+00 0.000000e+00 4.444102e-01 5.555899e-01 0.000000e+00 0.000000e+00 0.000000e+00
 0.000000e+00 0.000000e+00 0.000000e+00 0.000000e+00 0.000000e+00 0.000000e+00 0.000000e+00 0.000000e+00 0.000000e+00 0.000000e+00 0.000000e+00 0.000000e+00 0.000000e+00 0.000000e+00 0.000000e+00 0.000000e+00 0.000000e+00 0.000000e+00 0.000000e+00 0.000000e+00 0.000000e+00 0.000000e+00 0.000000e+00 0.000000e+00 0.000000e+00 0.000000e+00 0.000000e+00 0.000000e+00 0.000000e+00 0.000000e+00 0.000000e+00 0.000000e+00 0.000000e+00 1.673307e-01 8.326693e-01 0.000000e+00 0.000000e+00
 0.000000e+00 0.000000e+00 0.000000e+00 0.000000e+00 0.000000e+00 0.000000e+00 0.000000e+00 0.000000e+00 0.000000e+00 0.000000e+00 0.000000e+00 0.000000e+00 0.000000e+00 0.000000e+00 0.000000e+00 0.000000e+00 0.000000e+00 0.000000e+00 0.000000e+00 0.000000e+00 0.000000e+00 0.000000e+00 0.000000e+00 0.000000e+00 0.000000e+00 0.000000e+00 0.000000e+00 0.000000e+00 0.000000e+00 0.000000e+00 0.000000e+00 0.000000e+00 0.000000e+00 0.000000e+00 4.430282e-01 5.569718e-01 0.000000e+00
 0.000000e+00 0.000000e+00 0.000000e+00 0.000000e+00 0.000000e+00 0.000000e+00 0.000000e+00 0.000000e+00 0.000000e+00 0.000000e+00 0.000000e+00 0.000000e+00 0.000000e+00 0.000000e+00 0.000000e+00 0.000000e+00 0.000000e+00 0.000000e+00 0.000000e+00 0.000000e+00 0.000000e+00 0.000000e+00 0.000000e+00 0.000000e+00 0.000000e+00 0.000000e+00 0.000000e+00 0.000000e+00 0.000000e+00 0.000000e+00 0.000000e+00 0.000000e+00 0.000000e+00 0.000000e+00 0.000000e+00 0.000000e+00 1.000000e+00
 0.000000e+00 0.000000e+00 0.000000e+00 0.000000e+00 0.000000e+00 0.000000e+00 0.000000e+00 0.000000e+00 0.000000e+00 0.000000e+00 0.000000e+00 0.000000e+00 0.000000e+00 0.000000e+00 0.000000e+00 0.000000e+00 0.000000e+00 0.000000e+00 0.000000e+00 0.000000e+00 0.000000e+00 0.000000e+00 0.000000e+00 0.000000e+00 0.000000e+00 0.000000e+00 0.000000e+00 0.000000e+00 0.000000e+00 0.000000e+00 0.000000e+00 0.000000e+00 0.000000e+00 0.000000e+00 0.000000e+00 0.000000e+00 0.000000e+00
<ENDHMM>
