~o
<STREAMINFO> 1 39
<VECSIZE> 39<NULLD><MFCC_E_D_A><DIAGC>
~h "Bo^n"
<BEGINHMM>
<NUMSTATES> 28
<STATE> 2
<MEAN> 39
 -6.721543e+00 -8.437102e+00 -1.769724e+00 -2.105868e+00 -7.073332e-01 -4.388996e+00 1.368371e+00 -2.432516e+00 2.568442e-01 -2.399976e+00 3.941278e+00 -1.191898e+00 -6.303116e-02 1.219910e+00 7.107230e-01 -4.095647e-01 -9.090376e-01 -8.927232e-01 -8.677123e-01 -4.363743e-01 -9.772917e-01 -1.523780e+00 -1.445891e+00 -1.477187e+00 -9.930124e-01 6.347005e-02 1.062017e+00 1.361456e-01 -4.783465e-01 -6.434489e-01 -2.396793e-01 -4.744503e-01 -3.111074e-01 -3.600092e-03 -4.087605e-01 -4.644958e-01 -7.538826e-01 -4.855441e-01 4.386237e-02
<VARIANCE> 39
 1.842354e+00 1.343490e+00 3.733689e+00 4.428740e+00 7.555137e+00 7.084573e+00 5.966023e+00 8.226998e+00 1.250008e+01 1.032566e+01 7.389628e+00 6.133458e+00 5.000000e-02 1.489695e+00 3.567460e-01 5.977882e-01 1.106700e+00 5.349755e-01 9.396185e-01 1.265009e+00 5.061923e-01 1.396719e+00 2.449937e+00 2.862531e+00 8.124105e-01 5.000000e-02 6.877772e-02 5.136704e-02 2.106673e-01 1.048692e-01 2.661044e-01 1.578353e-01 8.439328e-02 1.808806e-01 2.370461e-01 5.648419e-01 1.794242e-01 1.254085e-01 5.000000e-02
<GCONST> 6.022966e+01
<STATE> 3
<MEAN> 39
 1.035670e+00 -4.803329e+00 -3.735878e+00 -7.117832e+00 -3.457699e+00 -1.011452e+01 -2.700732e+00 -5.086417e+00 -6.176421e+00 -1.025414e+01 -5.138660e+00 -5.802832e+00 2.953058e-01 4.245291e+00 3.079566e-01 -2.315025e+00 -2.239791e+00 -1.480176e+00 -2.099463e+00 -1.257904e+00 -2.754252e-01 -1.638126e+00 -1.919067e+00 -2.638378e+00 -1.220688e+00 1.795390e-01 -6.821294e-02 -7.298433e-01 -8.125611e-01 -3.214423e-01 3.900961e-01 1.713961e-01 4.044278e-01 -1.075084e-01 6.547080e-01 1.360670e+00 4.693258e-01 4.922209e-01 1.207894e-02
<VARIANCE> 39
 1.365505e+01 3.853497e+00 5.881556e+00 1.630600e+01 6.702115e+00 8.464770e+00 1.460050e+01 6.677018e+00 8.410433e+00 1.371940e+01 1.273313e+01 2.087996e+00 5.000000e-02 2.341708e-01 9.748778e-01 2.242840e+00 1.191402e+00 1.544235e+00 1.522386e+00 1.025318e+00 1.795718e+00 1.370243e+00 5.404289e+00 2.355361e+00 9.467077e-01 5.000000e-02 4.528400e-01 1.274657e-01 4.006979e-01 5.339632e-01 3.378899e-01 1.547162e-01 4.766057e-01 2.387597e-01 1.797862e-01 1.371441e+00 4.309705e-01 9.043370e-02 5.000000e-02
<GCONST> 7.747462e+01
<STATE> 4
<MEAN> 39
 9.028643e+00 -7.569856e+00 -8.594201e+00 -8.130229e+00 -6.369712e+00 -1.293295e+01 -2.593356e+00 -4.002916e+00 -5.540193e+00 -1.164479e+01 -7.655526e+00 -7.576265e+00 6.168029e-01 1.608261e+00 -1.570990e+00 -3.363938e+00 -2.125888e+00 6.809971e-01 -1.187017e+00 1.036558e+00 -1.603283e+00 2.874759e-01 2.520250e+00 -5.434353e-01 1.996081e-01 1.316649e-01 -1.455020e+00 -5.027813e-01 -4.784762e-01 -6.004482e-01 1.200968e+00 1.207688e+00 1.285407e+00 -4.440148e-01 7.196430e-01 2.366089e+00 9.111763e-01 4.617473e-01 -2.638269e-02
<VARIANCE> 39
 5.340365e+00 9.329413e+00 4.787174e+00 5.896173e+00 1.573498e+01 7.197932e+00 8.574829e+00 1.245761e+01 6.815029e+00 1.960665e+01 1.041678e+01 7.242846e+00 5.000000e-02 2.158211e+00 1.749261e+00 2.930820e+00 3.696352e+00 2.233344e+00 1.574786e+00 3.504819e+00 2.327824e+00 1.657020e+00 1.089246e+01 2.335829e+00 1.418179e+00 5.000000e-02 5.000000e-02 1.457115e-01 1.419573e-01 2.299560e-01 3.900704e-01 2.298984e-01 1.197523e-01 6.468635e-01 1.302389e-01 3.857871e-01 6.664004e-01 5.000000e-02 5.000000e-02
<GCONST> 8.001070e+01
<STATE> 5
<MEAN> 39
 6.565630e+00 -9.609076e+00 -1.885563e+01 -2.036338e+01 1.916406e+00 -1.108384e+01 2.030552e+00 -9.997941e+00 -5.870232e+00 3.051097e+00 -5.530946e+00 -5.160718e+00 8.247226e-01 -9.449114e-01 -1.367198e+00 -3.288387e+00 -3.202138e+00 1.497659e+00 2.596459e+00 2.326088e+00 -8.337068e-01 2.519742e-01 5.153617e+00 4.634581e-02 4.456638e-01 7.516479e-02 -4.969405e-01 1.130084e-01 6.386634e-01 5.509329e-01 -5.496535e-01 1.233524e+00 -2.013374e-01 7.079366e-01 -3.140501e-02 -3.261141e-01 1.853180e-01 -2.757800e-02 -2.508629e-02
<VARIANCE> 39
 1.282967e+01 2.419283e+01 2.988392e+01 7.095130e+01 4.661961e+01 5.124264e+01 4.656760e+01 1.612724e+01 4.806093e+01 1.087504e+02 2.156475e+01 2.028852e+01 5.000000e-02 7.739189e-01 1.272616e+00 1.547056e+00 6.239426e+00 7.194900e+00 2.935503e+00 3.773123e+00 3.707853e+00 5.009822e+00 4.711294e+00 3.327426e+00 5.977241e-01 5.000000e-02 6.490849e-01 2.993644e-01 6.444856e-01 1.369211e+00 1.577087e+00 4.870830e-01 8.699371e-01 3.873166e-01 7.959912e-01 1.772061e+00 2.816738e-01 2.403577e-01 5.000000e-02
<GCONST> 1.114558e+02
<STATE> 6
<MEAN> 39
 5.743052e+00 -1.416154e+01 -2.366463e+01 -2.201778e+01 -1.049699e+00 2.829870e-01 5.283265e+00 -7.009606e+00 -3.642160e+00 1.103364e+01 -6.566867e+00 -4.850501e+00 9.291487e-01 -3.153569e-01 -7.785978e-01 -8.962128e-01 -1.365702e+00 -4.200141e-01 3.957857e+00 1.653315e-01 1.304218e+00 4.336606e-01 1.589521e+00 5.862219e-01 8.969660e-02 3.712243e-02 5.209073e-02 5.624873e-01 1.012440e+00 2.382577e-01 -1.250930e-01 -7.547644e-01 -6.871993e-01 9.584957e-02 -2.797857e-01 -1.518713e+00 2.146628e-01 -1.336336e-01 -1.261378e-02
<VARIANCE> 39
 1.805844e+01 9.887377e+00 6.079036e+00 5.753625e+00 1.584280e+01 3.549438e+01 3.305420e+01 2.800051e+01 3.928081e+01 1.045782e+01 1.696271e+01 1.465109e+01 5.000000e-02 1.135782e+00 8.568194e-01 4.013549e+00 5.428974e+00 6.845708e+00 3.793774e+00 2.571832e+00 1.616934e+00 2.209158e+00 6.643263e+00 1.996049e+00 1.616760e+00 5.000000e-02 1.173584e-01 1.443908e-01 2.801232e-01 1.082916e-01 2.683232e-01 6.237367e-01 3.020853e-01 4.506335e-01 1.120254e+00 2.440398e-01 6.861817e-01 1.850215e-01 5.000000e-02
<GCONST> 9.300408e+01
<STATE> 7
<MEAN> 39
 4.230119e+00 -1.315846e+01 -2.264430e+01 -2.543900e+01 -2.638741e-02 3.528039e+00 5.053139e+00 -6.501198e+00 -4.639699e+00 1.026908e+01 -3.019660e+00 -4.727713e+00 9.821020e-01 -8.394163e-01 4.799534e-01 4.815569e-01 -1.785740e+00 -2.404932e-02 6.337479e-01 -4.484903e-01 -2.397504e-01 -1.465324e-01 -3.485550e-01 1.064644e+00 -9.109567e-02 1.218202e-02 -7.232627e-02 2.538639e-01 1.034867e-01 1.889184e-01 -1.115395e-01 -8.669971e-01 -3.255763e-01 -1.303654e-01 -3.871050e-02 -3.462944e-01 -9.303032e-02 -5.551568e-02 -1.069210e-02
<VARIANCE> 39
 2.024255e+01 9.816968e+00 1.476444e+01 2.238427e+01 5.203735e+01 9.145616e+01 3.905727e+01 3.112937e+01 1.588892e+01 7.266079e+00 1.413572e+01 1.045907e+01 5.000000e-02 4.591183e-01 1.974808e-01 4.886937e-01 4.371692e+00 3.262223e+00 1.422089e+00 2.867501e-01 6.386061e-01 3.093861e+00 5.651653e-01 1.240649e+00 6.345050e-01 5.000000e-02 1.016637e-01 5.381036e-02 3.500574e-01 4.790741e-01 9.556359e-01 9.295855e-01 1.944309e-01 2.479747e-01 4.235016e-01 3.283617e-01 2.622292e-01 3.892617e-01 5.000000e-02
<GCONST> 8.321418e+01
<STATE> 8
<MEAN> 39
 2.362158e+00 -1.306569e+01 -2.156178e+01 -2.873638e+01 -1.537117e+00 3.521817e+00 3.592257e+00 -7.560614e+00 -3.840255e+00 1.002900e+01 -3.204082e+00 -4.875145e+00 9.806745e-01 -5.446920e-01 4.311564e-01 1.304670e-01 -1.521595e-01 -8.094267e-01 -1.138957e-02 -1.123072e+00 7.331287e-01 -1.299724e-01 -5.618632e-01 1.689474e-01 1.878863e-01 -7.630038e-03 1.800822e-01 -2.451420e-02 -1.924410e-02 4.515800e-01 1.437680e-01 -4.911021e-01 2.830489e-02 4.470963e-01 -8.840716e-02 -1.770117e-01 -2.741711e-01 3.506580e-01 -5.662889e-03
<VARIANCE> 39
 1.146085e+01 1.031991e+01 1.115326e+01 3.288073e+01 4.821894e+01 4.897289e+01 4.500516e+01 2.958569e+01 1.936864e+01 8.292947e+00 1.308440e+01 7.613634e+00 5.000000e-02 1.246799e-01 6.218597e-01 1.195457e+00 7.233110e-01 1.425006e+00 4.129655e+00 8.533302e-01 6.713709e-01 1.605588e+00 4.947644e-01 5.174550e-01 1.726104e+00 5.000000e-02 5.724223e-02 7.000286e-02 9.470376e-02 5.044808e-01 5.053377e-01 2.121638e-01 7.747544e-02 5.000000e-02 6.372613e-01 8.889992e-02 1.589211e-01 1.425628e-01 5.000000e-02
<GCONST> 7.317338e+01
<STATE> 9
<MEAN> 39
 -3.497109e-01 -1.127180e+01 -2.051791e+01 -2.776483e+01 -3.231796e+00 4.848132e+00 4.700819e-01 -4.556269e+00 -3.619737e+00 8.228448e+00 -2.692691e+00 -2.286458e+00 9.717395e-01 -1.056597e-01 1.999765e-01 3.930382e-01 -4.267978e-01 2.545743e-01 -7.387301e-01 -4.788746e-01 1.062955e+00 -6.504323e-01 -8.637457e-01 -1.322346e-01 1.034792e+00 -7.548752e-03 1.373016e-01 -1.657823e-01 1.375017e-01 -1.889662e-01 4.558632e-01 -2.694702e-01 4.723212e-01 -2.277517e-01 -2.987284e-03 -1.625176e-01 4.722238e-02 3.691922e-01 -5.296366e-04
<VARIANCE> 39
 1.543291e+01 4.918483e+00 1.802418e+01 9.236595e+00 7.087767e+00 1.358762e+01 2.603703e+01 1.854251e+01 2.378693e+01 5.285791e+00 2.948014e+00 1.840087e+01 5.000000e-02 1.108901e-01 2.317605e-01 2.595467e-01 8.518589e-01 8.288665e-01 1.806562e+00 5.570709e-01 1.026307e+00 2.290534e+00 2.991964e-01 4.171912e-01 3.105641e-01 5.000000e-02 5.000000e-02 1.379442e-01 2.277423e-01 5.000000e-02 1.400914e-01 7.227827e-01 2.145336e-01 2.014356e-01 4.058475e-01 2.021863e-01 7.985512e-02 2.795419e-01 5.000000e-02
<GCONST> 6.277589e+01
<STATE> 10
<MEAN> 39
 1.338474e+00 -9.704727e+00 -2.163081e+01 -2.742117e+01 -2.465410e+00 2.807102e+00 -1.515538e+00 -1.039365e+00 -8.288599e+00 5.919287e+00 -3.439098e+00 2.472983e-01 9.374940e-01 -6.708388e-02 -8.595802e-02 8.782204e-01 -1.005266e+00 1.281223e+00 -1.229839e+00 4.261119e-01 1.281322e+00 2.777702e-01 -1.167426e+00 2.008902e-01 2.071208e+00 -1.237145e-02 1.053577e-01 -2.419765e-01 4.058873e-02 -1.261191e-01 1.663892e-01 1.226737e-01 8.885217e-02 2.711049e-01 3.584717e-01 -2.063868e-01 1.780883e-01 -9.872203e-02 -1.180575e-03
<VARIANCE> 39
 1.627899e+01 9.012567e+00 7.591734e+00 2.118026e+01 1.634989e+01 3.309983e+01 3.118938e+01 3.266611e+01 2.050788e+01 3.517654e+00 1.652593e+01 2.836614e+01 5.000000e-02 9.653182e-02 7.194123e-01 8.383929e-01 2.521821e-01 3.500744e-01 1.779157e+00 7.980494e-01 2.880859e+00 7.044021e-01 8.281466e-01 5.935283e-01 1.659103e+00 5.000000e-02 5.000000e-02 5.000000e-02 1.190491e-01 8.834539e-02 1.674432e-01 2.741165e-01 1.581501e-01 2.495400e-01 2.456257e-01 5.000000e-02 1.121176e-01 7.377840e-01 5.000000e-02
<GCONST> 6.823930e+01
<STATE> 11
<MEAN> 39
 1.517927e+00 -1.307802e+01 -1.695694e+01 -3.146298e+01 2.548167e+00 -1.265369e+00 4.898671e+00 -3.425042e+00 -1.832401e+00 1.715582e+00 -2.750870e+00 4.093406e+00 9.250446e-01 4.025472e-01 -2.632980e-01 2.931880e-01 -4.580866e-01 7.847229e-01 2.232330e-01 1.387265e-01 1.185895e+00 -1.967442e-01 -1.376001e+00 7.214243e-01 9.551635e-01 -9.972839e-03 8.244355e-02 3.598765e-02 -3.122967e-01 8.343029e-02 -2.280869e-01 5.029603e-01 -7.110134e-03 2.507585e-01 -3.690211e-01 2.911662e-01 4.590962e-02 -3.173662e-01 3.095148e-04
<VARIANCE> 39
 8.771127e+00 1.445320e+01 4.598792e+00 1.491754e+01 8.145029e+00 3.163370e+01 3.178593e+01 6.705044e+01 2.999779e+01 7.206227e+00 1.015691e+01 1.094320e+01 5.000000e-02 3.889451e-01 7.911376e-01 5.770042e-01 1.102370e+00 1.191252e+00 2.878558e+00 7.969259e-01 1.530949e+00 1.176427e+00 9.091199e-01 1.286582e+00 8.825768e-01 5.000000e-02 5.000000e-02 1.931665e-01 1.327920e-01 5.000000e-02 1.615541e-01 4.655164e-01 1.767243e-01 4.905327e-01 2.344614e-01 6.071776e-02 1.889853e-01 1.181034e-01 5.000000e-02
<GCONST> 7.231631e+01
<STATE> 12
<MEAN> 39
 2.979927e+00 -1.266068e+01 -1.999697e+01 -3.307772e+01 3.290129e+00 4.193384e-01 2.461695e+00 4.989864e+00 -7.025905e+00 1.030064e+00 5.999469e-01 4.494998e+00 8.860933e-01 6.859248e-01 -2.578439e-01 -4.419768e-01 3.197243e-01 4.939939e-02 -6.693007e-02 8.991692e-01 1.857586e+00 -3.823491e-01 -8.645032e-01 -1.620396e-02 -4.653091e-01 -1.218371e-02 2.721501e-01 -1.020913e-01 5.164079e-02 8.680003e-01 -7.996047e-01 -1.267027e-01 -2.618534e-02 -5.127270e-01 3.065784e-01 -2.145472e-01 -5.144525e-01 -6.101658e-01 -2.116321e-03
<VARIANCE> 39
 1.009752e+01 6.846331e+00 1.083273e+01 1.889584e+01 1.770827e+01 1.764893e+01 6.354158e+01 6.637407e+01 2.592659e+01 1.000914e+01 2.421213e+01 1.206320e+01 5.000000e-02 6.070656e-01 7.862179e-01 7.777604e-01 1.689654e+00 2.876101e+00 1.160108e+00 1.424942e+00 5.085834e+00 1.261037e+00 6.520211e-01 1.171367e+00 2.094200e+00 5.000000e-02 1.025644e-01 1.558501e-01 7.445936e-02 1.745656e-01 2.582223e-01 1.948259e-01 3.141220e-01 1.254865e+00 1.490526e-01 1.947529e-01 2.598644e-01 3.860486e-01 5.000000e-02
<GCONST> 8.275720e+01
<STATE> 13
<MEAN> 39
 5.877033e+00 -1.298656e+01 -1.957278e+01 -2.789944e+01 1.606661e+00 -1.816840e+00 3.828763e+00 9.795997e+00 -7.787251e+00 -3.422064e+00 -1.486329e+00 2.461018e-01 8.439652e-01 1.107264e+00 -5.590690e-01 1.361937e-01 2.768947e+00 -2.706334e+00 -6.232675e-02 -2.709671e-03 -1.022221e+00 1.108039e+00 -1.914503e+00 -1.173854e+00 -1.415921e+00 -2.507537e-02 -3.685692e-02 -3.149612e-02 1.117297e-01 3.079893e-01 -4.815432e-01 1.118665e-01 -4.495414e-01 -1.395392e+00 4.641097e-01 1.544085e-01 9.816765e-02 1.103476e-01 -5.866573e-03
<VARIANCE> 39
 2.438929e+00 2.450373e+00 5.871769e+00 2.082071e+01 2.161022e+01 2.537990e+01 3.061205e+01 4.229371e+01 5.377469e+00 1.375495e+01 1.128133e+01 1.598583e+01 5.000000e-02 8.730255e-01 5.676214e-01 1.180526e+00 7.485822e-01 4.735931e-01 1.760203e+00 2.219344e+00 7.964831e+00 1.341977e+00 1.698993e+00 2.068622e+00 2.099608e+00 5.000000e-02 1.068475e-01 5.174624e-02 2.656573e-01 2.031748e-01 4.153746e-01 3.673215e-01 2.240062e-01 1.004391e+00 2.212920e-01 4.372841e-01 2.171541e-01 2.531378e-01 5.000000e-02
<GCONST> 7.968772e+01
<STATE> 14
<MEAN> 39
 7.741554e+00 -1.573087e+01 -1.792074e+01 -2.219102e+01 -8.167985e+00 5.964759e-01 2.675090e+00 -5.150977e-01 -1.504322e+00 -6.642902e+00 -4.852876e+00 1.090395e-01 7.806184e-01 2.464691e-01 -3.948325e-01 1.438719e+00 1.299677e+00 -1.440816e+00 -6.139550e-01 -9.330398e-01 -1.905559e+00 5.018629e-01 -6.914887e-01 1.101032e-01 -1.063931e+00 -3.809113e-02 -5.388866e-01 1.860772e-01 4.321848e-01 -6.068235e-01 9.809832e-01 -1.449305e-01 9.156543e-02 3.948741e-01 -4.828700e-01 5.876940e-01 3.958276e-01 -2.053583e-01 -3.082915e-03
<VARIANCE> 39
 2.431417e+00 5.227235e+00 1.990230e+01 8.634627e+00 1.513469e+01 1.835604e+01 5.146881e+01 1.726113e+01 9.003901e+00 1.961026e+01 1.663002e+01 1.229621e+01 5.000000e-02 8.908830e-01 8.901258e-01 2.105638e+00 1.773501e+00 2.112875e+00 2.892247e+00 1.359941e+00 3.147949e+00 2.018994e+00 3.534261e+00 1.344405e+00 8.031436e-01 5.000000e-02 7.708587e-02 1.096527e-01 2.135697e-01 1.966384e-01 1.487699e-01 7.510806e-01 4.118824e-01 9.993835e-01 8.234505e-02 7.837510e-01 3.911115e-01 3.313493e-01 5.000000e-02
<GCONST> 8.387478e+01
<STATE> 15
<MEAN> 39
 5.522165e+00 -1.653796e+01 -1.147091e+01 -2.242783e+01 -6.482996e+00 -1.104426e+00 4.548725e-02 -2.246738e+00 -4.089765e+00 -4.391103e+00 -2.021426e+00 -5.433528e+00 6.769669e-01 -1.056211e+00 -7.527114e-02 1.370840e+00 -3.582752e-01 1.818231e+00 -7.707137e-03 8.929607e-02 2.778988e-01 -2.680036e-01 1.387229e+00 1.243534e+00 -1.948618e+00 -3.536290e-02 3.739801e-02 3.303791e-01 -8.866243e-01 8.369501e-02 3.924161e-01 -1.342143e-02 2.666945e-01 5.074441e-01 1.899536e-01 5.191755e-02 1.562959e-01 4.108609e-01 -1.972049e-03
<VARIANCE> 39
 1.452696e+01 6.730426e+00 4.709652e+01 4.063441e+01 2.954718e+01 2.453333e+01 6.104642e+01 4.426796e+00 2.409998e+01 1.474955e+01 1.147943e+01 3.986854e+00 5.000000e-02 9.066514e-01 2.004190e-01 2.178600e+00 2.947156e+00 1.157598e+00 2.392488e+00 3.590727e+00 9.835279e+00 1.166267e+00 2.001847e+00 2.282169e+00 2.211864e+00 5.000000e-02 2.868416e-01 1.672149e-01 7.753145e-01 7.030561e-01 3.499705e-01 9.404991e-01 9.720194e-01 2.800612e-01 4.886726e-01 9.948332e-01 4.403151e-01 2.123795e-01 5.000000e-02
<GCONST> 9.476843e+01
<STATE> 16
<MEAN> 39
 5.312564e+00 -1.413497e+01 -1.429953e+01 -2.075878e+01 -2.607219e+00 -2.383808e+00 3.367136e+00 2.232746e+00 -1.513292e+00 -3.858348e+00 1.318216e-01 -4.313476e+00 5.858451e-01 -2.231132e-02 6.904637e-01 -1.655572e+00 1.742388e+00 1.673914e-01 -9.036620e-01 6.725258e-01 -8.104185e-01 -1.146614e-02 2.139209e-01 9.742398e-01 4.037625e-01 -4.017561e-02 5.028675e-02 -9.844478e-02 -4.009289e-01 -3.481840e-02 -3.980833e-01 -9.726451e-03 -4.883673e-01 -4.745562e-01 9.396894e-02 -2.583160e-01 -1.069231e-01 2.904484e-01 -1.547311e-03
<VARIANCE> 39
 7.643919e+00 3.700933e+00 2.998507e+01 3.827895e+01 3.613791e+00 1.122873e+01 2.453046e+01 2.677402e+01 9.506001e+00 2.795012e+00 6.068171e+00 2.341037e+01 5.000000e-02 1.378231e+00 5.375825e-01 4.594098e+00 3.673003e+00 2.029565e+00 2.658645e+00 8.375880e+00 3.984011e+00 1.674287e+00 3.454731e+00 3.018090e+00 2.152312e+00 5.000000e-02 1.751838e-01 9.221280e-02 8.905690e-01 8.941611e-01 1.471419e-01 5.530182e-01 4.920962e-01 1.353607e+00 1.385321e-01 1.428315e-01 2.549445e-01 4.308096e-01 5.000000e-02
<GCONST> 8.945024e+01
<STATE> 17
<MEAN> 39
 5.977832e+00 -1.360880e+01 -1.686705e+01 -1.817207e+01 -4.563023e+00 -4.572404e+00 1.795254e-01 -3.215647e+00 -3.679258e+00 -5.657810e+00 -5.604036e-01 -6.496683e+00 5.692480e-01 -3.536586e-01 -4.356508e-02 -4.617122e-01 3.515905e-01 -1.587666e-01 -3.495083e-02 -7.510661e-01 -4.127780e-01 5.429919e-01 -4.373789e-01 3.515582e-01 -1.774415e-02 -4.234907e-02 6.972571e-02 -3.224099e-02 9.368109e-02 -1.376038e-01 1.304818e-01 3.492629e-01 4.807561e-01 5.314150e-01 -1.247582e-01 1.504293e-02 2.521187e-01 2.892501e-01 2.976037e-03
<VARIANCE> 39
 1.778830e+01 3.696032e+00 2.697590e+01 2.319633e+01 1.586192e+01 1.712094e+01 5.236976e+00 1.739181e+01 1.630519e+01 4.028195e+01 3.412453e+01 1.831692e+01 5.000000e-02 6.011635e-01 5.031720e-01 2.078567e+00 2.299410e+00 1.180805e+00 1.682488e+00 9.462379e-01 1.481340e+00 8.171534e-01 2.390779e+00 4.020025e+00 1.419530e+00 5.000000e-02 3.399362e-01 6.661597e-02 6.002172e-01 7.952796e-01 5.060973e-01 3.617971e-01 4.076659e-01 3.358172e-01 3.012237e-01 1.362062e+00 1.253709e+00 6.959512e-01 5.000000e-02
<GCONST> 9.091922e+01
<STATE> 18
<MEAN> 39
 4.129102e+00 -1.414390e+01 -1.934828e+01 -1.731811e+01 -3.084965e+00 -2.182137e+00 3.333661e+00 -2.786309e+00 -8.235715e-01 -2.840987e+00 3.983364e+00 -3.624351e+00 4.284931e-01 -1.455574e-01 3.741253e-01 -8.228727e-03 5.999174e-01 5.942627e-01 3.971996e-01 4.023182e-01 -6.549998e-02 -3.773962e-01 -8.583727e-02 3.434751e-01 1.476894e-01 -2.811595e-02 3.044658e-02 1.565908e-01 6.273614e-01 1.605409e-01 8.896340e-02 -7.989176e-02 2.812010e-02 1.461346e-01 -2.331313e-01 -8.569553e-02 -2.113453e-01 1.471709e-01 3.746380e-03
<VARIANCE> 39
 2.396255e+00 2.705656e+00 4.405566e+00 4.848721e+00 6.099651e+00 9.440309e+00 9.504582e+00 1.531228e+01 1.514747e+01 1.710669e+01 1.620758e+01 1.511858e+01 5.000000e-02 1.009259e+00 6.105682e-01 3.140507e+00 1.926356e+00 7.016151e-01 8.673264e-01 6.190351e-01 1.605769e+00 9.283843e-01 2.605457e+00 3.215871e+00 1.856895e+00 5.000000e-02 9.029550e-02 1.059267e-01 8.009665e-02 3.779879e-01 1.390523e-01 3.509391e-01 2.660146e-01 3.826250e-01 1.892596e-01 2.808151e-01 4.335182e-01 1.146948e-01 5.000000e-02
<GCONST> 7.180863e+01
<STATE> 19
<MEAN> 39
 4.415108e+00 -1.240817e+01 -1.491317e+01 -1.703761e+01 -1.497896e+00 -1.542466e+00 2.950257e+00 -8.525489e-01 -4.752770e+00 -5.110795e+00 3.254053e+00 -5.160351e+00 4.051800e-01 -8.506231e-02 6.772877e-01 9.316763e-01 1.127450e+00 3.611413e-01 5.739210e-01 1.090630e+00 5.153487e-01 4.341514e-01 2.642094e-01 -3.684700e-02 1.427423e+00 -3.048769e-02 3.354251e-02 -8.049546e-02 -1.535799e-01 2.650331e-01 -3.866024e-01 -3.590555e-01 -2.096225e-01 -2.355596e-01 3.633304e-01 -1.178513e-01 -4.497487e-01 2.096833e-01 3.560070e-03
<VARIANCE> 39
 3.527229e+00 4.972177e+00 1.375527e+01 1.385593e+01 1.049867e+01 1.082226e+01 1.621391e+01 3.141100e+01 8.327228e+00 2.481731e+00 1.177059e+01 1.624825e+01 5.000000e-02 4.444240e-01 2.185194e-01 9.103577e-01 1.545579e+00 1.689414e+00 1.995970e+00 2.211256e+00 3.367794e+00 1.936101e+00 1.869468e+00 3.046352e+00 1.919950e+00 5.000000e-02 1.654856e-01 2.010356e-01 4.280087e-01 2.677207e-01 1.486178e-01 1.976521e-01 4.572667e-01 5.178313e-01 2.080025e-01 2.859263e-01 6.042839e-01 5.171500e-01 5.000000e-02
<GCONST> 7.981487e+01
<STATE> 20
<MEAN> 39
 4.126544e+00 -1.160724e+01 -1.392274e+01 -1.236282e+01 -1.381124e+00 -2.272951e+00 3.398891e+00 -2.371954e+00 -2.916856e+00 -4.411398e+00 2.239217e+00 -4.739808e-01 3.522153e-01 -6.379135e-01 1.353576e-01 8.196386e-01 9.878608e-01 2.753072e-03 -7.870432e-01 -8.760861e-01 -6.036508e-02 6.611108e-01 2.898572e-01 3.009312e-01 4.900062e-01 -2.835512e-02 -3.697216e-01 -7.327601e-02 8.098464e-02 -2.594872e-01 6.547858e-02 6.928601e-02 -7.278159e-02 2.238897e-01 2.858713e-01 3.011451e-01 2.043306e-01 -3.507687e-01 -7.562354e-03
<VARIANCE> 39
 2.199124e+00 1.142104e+00 4.740656e+00 9.665527e+00 8.523396e+00 1.357390e+01 5.622720e+00 1.304937e+01 8.126396e+00 6.716237e+00 3.233751e+00 4.511539e+00 5.000000e-02 5.396394e-01 8.050259e-01 2.361344e+00 4.079794e-01 9.296059e-01 1.302762e+00 4.721937e-01 1.813822e+00 1.975364e+00 5.700054e-01 6.082998e-01 9.618593e-01 5.000000e-02 5.000000e-02 6.509592e-02 1.117191e-01 6.997579e-02 1.212856e-01 5.018977e-01 3.387715e-01 3.134930e-01 5.697010e-01 1.251065e-01 2.643080e-01 7.049698e-02 5.000000e-02
<GCONST> 5.966587e+01
<STATE> 21
<MEAN> 39
 5.727675e-01 -1.092824e+01 -1.199079e+01 -1.140336e+01 -2.093212e+00 -3.083535e+00 2.690851e+00 -9.527510e-01 5.313000e-02 -3.096032e+00 2.891589e+00 -1.707621e+00 2.210085e-01 -1.177398e+00 1.789433e-01 9.690342e-01 7.905989e-01 5.218092e-01 5.502102e-01 6.472232e-01 5.831372e-01 5.462449e-01 2.648751e-01 8.491388e-03 -1.638320e-01 -4.434796e-02 8.124496e-02 -9.109817e-02 -1.434026e-01 -1.320104e-01 1.488001e-01 3.252821e-01 2.842966e-01 -5.079621e-02 -3.118704e-01 -1.895982e-01 1.017372e-01 -1.911312e-02 2.546607e-03
<VARIANCE> 39
 5.908234e+00 6.279330e+00 3.118989e+01 1.314209e+01 5.085589e+00 1.022040e+01 6.369745e+00 5.480630e+00 1.456028e+01 5.754058e+00 1.193507e+01 3.791051e+00 5.000000e-02 1.303095e-01 3.101417e-01 1.347913e+00 1.095116e+00 8.183880e-01 1.826658e+00 9.404292e-01 7.097511e-01 1.935154e+00 1.168280e+00 1.804807e+00 9.684918e-01 5.000000e-02 1.232098e-01 1.426374e-01 6.272022e-01 1.762886e-01 2.167642e-01 4.256396e-01 9.112643e-02 3.065283e-01 3.184330e-01 9.012875e-02 4.323167e-01 3.796400e-01 5.000000e-02
<GCONST> 6.905379e+01
<STATE> 22
<MEAN> 39
 -1.352086e+00 -1.112014e+01 -1.027838e+01 -9.005475e+00 1.951726e-01 -1.909942e+00 5.145290e+00 2.956061e-01 1.532866e+00 -2.393710e+00 4.244101e+00 -3.982467e-01 1.507046e-01 -3.701490e-01 -2.158520e-01 -6.039821e-02 -2.483808e-01 2.517331e-01 6.682929e-01 3.407144e-01 9.371455e-02 -6.180215e-02 -6.859021e-02 9.044822e-01 6.042210e-01 -1.937185e-02 7.995589e-02 5.406900e-02 -1.317265e-02 -2.415148e-01 -9.181489e-02 2.436542e-02 -1.926336e-01 -1.637841e-02 -1.458900e-01 -1.014927e-01 -2.254437e-01 -1.653538e-01 2.554075e-03
<VARIANCE> 39
 5.282487e+00 3.047757e+00 1.089709e+01 4.429197e+00 8.772502e+00 1.313136e+01 8.995259e+00 6.351361e+00 2.646184e+01 2.596787e+01 1.491184e+01 1.650853e+01 5.000000e-02 5.139586e-01 4.323182e-01 1.874014e+00 7.300714e-01 9.395907e-02 2.180760e+00 3.854202e-01 6.839575e-01 1.298631e+00 1.084531e+00 2.215506e+00 2.095448e+00 5.000000e-02 5.000000e-02 1.011839e-01 3.906920e-01 1.610628e-01 8.470828e-02 2.628872e-01 2.318870e-01 1.985602e-01 2.030053e-01 4.384709e-01 6.592883e-01 3.708135e-01 5.000000e-02
<GCONST> 6.918186e+01
<STATE> 23
<MEAN> 39
 -2.121688e+00 -1.163171e+01 -1.042812e+01 -1.072129e+01 1.218082e+00 1.091496e+00 5.465111e+00 5.060889e-01 -9.729576e-01 -3.724274e+00 5.369745e+00 -7.239227e-01 1.063802e-01 -6.855896e-01 4.023411e-01 1.056263e+00 2.971906e-01 3.518813e-01 5.104154e-02 -1.419644e-01 3.074313e-01 -4.371772e-01 -4.358573e-01 -8.163029e-01 -6.598521e-01 -3.059836e-02 -1.863038e-02 2.292728e-01 3.006147e-01 2.601916e-01 -2.305277e-01 -3.351629e-01 -2.771825e-02 -8.038627e-02 8.291034e-03 -1.269640e-01 -6.991217e-01 -2.382411e-01 -4.144963e-04
<VARIANCE> 39
 4.701436e+00 1.000225e+00 3.314619e+00 8.418493e+00 5.524910e+00 9.353994e+00 1.002989e+01 9.728321e+00 1.269899e+01 1.453441e+01 2.382137e+01 1.733338e+01 5.000000e-02 2.362083e-01 4.141592e-01 1.185778e+00 3.759090e-01 6.005669e-01 1.691193e+00 5.132431e-01 9.718871e-01 9.744059e-01 1.598763e+00 3.223276e+00 1.260110e+00 5.000000e-02 1.157300e-01 5.000000e-02 1.203305e-01 7.472671e-02 6.421489e-02 4.243318e-01 2.094236e-01 2.741579e-01 3.366523e-01 3.238896e-01 6.471698e-01 5.942635e-01 5.000000e-02
<GCONST> 6.587068e+01
<STATE> 24
<MEAN> 39
 -2.944433e+00 -9.755892e+00 -7.709287e+00 -9.150777e+00 -3.701056e-01 3.786513e-01 4.256646e+00 1.656959e-01 6.491138e-01 -3.620379e+00 1.180849e+00 -2.652969e+00 5.587036e-02 -7.148930e-01 3.169312e-01 6.625997e-01 6.877286e-01 -5.765162e-01 -8.177634e-03 7.591804e-01 1.449957e-01 9.110430e-01 2.636875e-01 -8.777412e-01 -4.433737e-01 -2.782631e-02 1.393789e-01 -1.430535e-01 -6.388547e-02 6.595628e-02 5.587008e-03 -2.911901e-01 -1.591474e-01 -2.052917e-01 2.362708e-01 2.985595e-01 6.202714e-01 3.630698e-01 7.099497e-03
<VARIANCE> 39
 6.583577e+00 1.441546e+00 1.672086e+00 3.881475e+00 8.255783e+00 3.394761e+00 1.233177e+01 7.694045e+00 1.756874e+01 8.277085e+00 1.040354e+01 1.270805e+01 5.000000e-02 3.068364e-01 1.994509e-01 3.667983e-01 3.743278e-01 5.087336e-01 1.028281e+00 8.165917e-01 1.198043e+00 6.901724e-01 8.730827e-01 2.931376e+00 2.675629e+00 5.000000e-02 6.592558e-02 5.000000e-02 5.919354e-02 5.000000e-02 8.866855e-02 1.733156e-01 2.082549e-01 2.502486e-01 3.131985e-01 1.468999e-01 4.163604e-01 4.851427e-01 5.000000e-02
<GCONST> 5.731853e+01
<STATE> 25
<MEAN> 39
 -4.205504e+00 -9.969390e+00 -6.303584e+00 -7.492029e+00 -8.547350e-01 -1.596480e+00 5.626949e+00 2.015951e-01 1.535767e+00 -3.394112e+00 1.266325e+00 -1.788722e+00 1.178798e-02 1.196059e-01 2.773206e-01 1.219084e+00 5.803140e-01 -9.823862e-02 -1.303981e+00 -1.244349e+00 -8.587044e-01 1.907832e-01 6.071385e-01 7.970881e-01 6.109635e-01 4.434991e-03 1.849130e-01 6.181135e-02 -4.169434e-02 -9.090892e-02 1.825930e-01 -5.915855e-02 -2.792613e-01 -1.811767e-01 -2.081703e-01 3.964419e-02 2.546050e-01 1.276221e-01 8.137109e-03
<VARIANCE> 39
 3.724851e+00 2.331927e+00 3.967355e+00 3.936972e+00 7.370983e+00 9.795396e+00 6.476001e+00 6.842375e+00 7.478281e+00 9.024121e+00 9.384204e+00 3.414201e+00 5.000000e-02 4.885570e-01 1.000971e-01 2.785560e-01 5.301739e-01 2.421229e-01 3.874763e-01 8.602220e-01 8.177060e-01 1.613031e+00 9.797463e-01 1.616136e+00 1.819733e+00 5.000000e-02 5.967982e-02 5.000000e-02 8.516708e-02 8.146007e-02 1.391777e-01 1.513629e-01 8.703444e-02 2.210591e-01 3.581764e-01 3.604732e-01 3.661437e-01 3.993615e-01 5.000000e-02
<GCONST> 5.467154e+01
<STATE> 26
<MEAN> 39
 -3.375096e+00 -8.377148e+00 -3.288760e+00 -7.101718e+00 -8.458071e-01 -4.850042e+00 2.024841e+00 -2.066973e+00 2.271935e+00 -1.003841e+00 4.214856e+00 -6.788996e-01 6.088423e-02 -1.111489e-01 2.991186e-01 2.931702e-01 2.683898e-01 2.835085e-01 -3.739138e-01 -2.828049e-01 -5.061223e-01 -5.087405e-01 -5.987644e-01 -3.307073e-01 1.507605e-01 -3.254598e-03 -1.145652e-01 -1.495955e-01 -3.225660e-01 1.274721e-01 2.334554e-01 4.997050e-01 2.970172e-01 1.951819e-01 -3.713881e-01 -4.838776e-01 -4.640363e-01 -2.214068e-01 -6.531826e-03
<VARIANCE> 39
 2.965204e+00 2.787431e+00 4.836098e+00 7.740957e+00 6.317747e+00 4.635468e+00 1.052538e+01 1.081607e+01 1.319304e+01 1.023179e+01 1.231521e+01 1.609907e+01 5.000000e-02 1.297432e-01 2.870612e-01 7.752822e-01 1.228878e+00 1.063701e+00 1.027042e+00 3.389930e-01 7.310187e-01 1.860950e+00 1.546168e+00 1.024484e+00 8.464180e-01 5.000000e-02 5.002120e-02 5.000000e-02 1.563363e-01 2.806905e-01 8.259777e-02 6.926382e-02 9.722988e-02 2.089898e-01 4.359337e-01 2.371790e-01 3.229035e-01 3.717532e-01 5.000000e-02
<GCONST> 6.043419e+01
<STATE> 27
<MEAN> 39
 -4.346408e+00 -8.914207e+00 -5.043652e+00 -5.600465e+00 6.278533e-01 -4.882116e+00 1.513605e+00 -2.997587e+00 5.150517e-01 -3.515245e+00 3.538803e-01 -2.990123e-01 -1.106350e-02 -3.053745e-01 -5.212530e-02 1.515543e-01 1.069929e+00 1.180994e+00 6.795809e-01 3.733524e-02 -2.896439e-01 -1.296828e+00 -5.078173e-01 -2.698000e-01 -9.355835e-02 -1.425214e-02 -1.490630e-02 -4.086973e-02 1.297898e-01 8.484036e-02 -6.168235e-02 2.082897e-01 1.131509e-01 3.321718e-01 4.508067e-02 6.973080e-02 1.293048e-01 -3.333776e-01 6.859542e-04
<VARIANCE> 39
 6.024484e-01 1.080609e+00 1.857801e+00 6.431113e+00 3.143431e+00 1.599795e+01 1.061314e+01 1.685228e+00 8.061283e+00 5.177048e+00 8.255558e+00 6.477592e+00 5.000000e-02 2.843950e-01 3.344169e-01 7.854552e-01 1.054345e+00 1.125071e-01 5.447280e-01 6.527548e-01 1.201550e+00 1.371544e+00 2.157481e+00 2.493056e+00 1.198925e+00 5.000000e-02 5.000000e-02 5.000000e-02 5.875364e-02 8.086662e-02 1.006397e-01 2.630488e-01 1.100443e-01 6.463626e-02 2.548846e-01 1.220831e-01 9.211723e-02 1.107956e-01 5.000000e-02
<GCONST> 4.788390e+01
<TRANSP> 28
 0.000000e+00 1.000000e+00 0.000000e+00 0.000000e+00 0.000000e+00 0.000000e+00 0.000000e+00 0.000000e+00 0.000000e+00 0.000000e+00 0.000000e+00 0.000000e+00 0.000000e+00 0.000000e+00 0.000000e+00 0.000000e+00 0.000000e+00 0.000000e+00 0.000000e+00 0.000000e+00 0.000000e+00 0.000000e+00 0.000000e+00 0.000000e+00 0.000000e+00 0.000000e+00 0.000000e+00 0.000000e+00
 0.000000e+00 6.251403e-01 3.748597e-01 0.000000e+00 0.000000e+00 0.000000e+00 0.000000e+00 0.000000e+00 0.000000e+00 0.000000e+00 0.000000e+00 0.000000e+00 0.000000e+00 0.000000e+00 0.000000e+00 0.000000e+00 0.000000e+00 0.000000e+00 0.000000e+00 0.000000e+00 0.000000e+00 0.000000e+00 0.000000e+00 0.000000e+00 0.000000e+00 0.000000e+00 0.000000e+00 0.000000e+00
 0.000000e+00 0.000000e+00 4.996682e-01 5.003318e-01 0.000000e+00 0.000000e+00 0.000000e+00 0.000000e+00 0.000000e+00 0.000000e+00 0.000000e+00 0.000000e+00 0.000000e+00 0.000000e+00 0.000000e+00 0.000000e+00 0.000000e+00 0.000000e+00 0.000000e+00 0.000000e+00 0.000000e+00 0.000000e+00 0.000000e+00 0.000000e+00 0.000000e+00 0.000000e+00 0.000000e+00 0.000000e+00
 0.000000e+00 0.000000e+00 0.000000e+00 3.755314e-01 6.244686e-01 0.000000e+00 0.000000e+00 0.000000e+00 0.000000e+00 0.000000e+00 0.000000e+00 0.000000e+00 0.000000e+00 0.000000e+00 0.000000e+00 0.000000e+00 0.000000e+00 0.000000e+00 0.000000e+00 0.000000e+00 0.000000e+00 0.000000e+00 0.000000e+00 0.000000e+00 0.000000e+00 0.000000e+00 0.000000e+00 0.000000e+00
 0.000000e+00 0.000000e+00 0.000000e+00 0.000000e+00 6.157407e-01 3.842594e-01 0.000000e+00 0.000000e+00 0.000000e+00 0.000000e+00 0.000000e+00 0.000000e+00 0.000000e+00 0.000000e+00 0.000000e+00 0.000000e+00 0.000000e+00 0.000000e+00 0.000000e+00 0.000000e+00 0.000000e+00 0.000000e+00 0.000000e+00 0.000000e+00 0.000000e+00 0.000000e+00 0.000000e+00 0.000000e+00
 0.000000e+00 0.000000e+00 0.000000e+00 0.000000e+00 0.000000e+00 5.447934e-01 4.552066e-01 0.000000e+00 0.000000e+00 0.000000e+00 0.000000e+00 0.000000e+00 0.000000e+00 0.000000e+00 0.000000e+00 0.000000e+00 0.000000e+00 0.000000e+00 0.000000e+00 0.000000e+00 0.000000e+00 0.000000e+00 0.000000e+00 0.000000e+00 0.000000e+00 0.000000e+00 0.000000e+00 0.000000e+00
 0.000000e+00 0.000000e+00 0.000000e+00 0.000000e+00 0.000000e+00 0.000000e+00 5.009298e-01 4.990701e-01 0.000000e+00 0.000000e+00 0.000000e+00 0.000000e+00 0.000000e+00 0.000000e+00 0.000000e+00 0.000000e+00 0.000000e+00 0.000000e+00 0.000000e+00 0.000000e+00 0.000000e+00 0.000000e+00 0.000000e+00 0.000000e+00 0.000000e+00 0.000000e+00 0.000000e+00 0.000000e+00
 0.000000e+00 0.000000e+00 0.000000e+00 0.000000e+00 0.000000e+00 0.000000e+00 0.000000e+00 5.448737e-01 4.551263e-01 0.000000e+00 0.000000e+00 0.000000e+00 0.000000e+00 0.000000e+00 0.000000e+00 0.000000e+00 0.000000e+00 0.000000e+00 0.000000e+00 0.000000e+00 0.000000e+00 0.000000e+00 0.000000e+00 0.000000e+00 0.000000e+00 0.000000e+00 0.000000e+00 0.000000e+00
 0.000000e+00 0.000000e+00 0.000000e+00 0.000000e+00 0.000000e+00 0.000000e+00 0.000000e+00 0.000000e+00 5.004318e-01 4.995682e-01 0.000000e+00 0.000000e+00 0.000000e+00 0.000000e+00 0.000000e+00 0.000000e+00 0.000000e+00 0.000000e+00 0.000000e+00 0.000000e+00 0.000000e+00 0.000000e+00 0.000000e+00 0.000000e+00 0.000000e+00 0.000000e+00 0.000000e+00 0.000000e+00
 0.000000e+00 0.000000e+00 0.000000e+00 0.000000e+00 0.000000e+00 0.000000e+00 0.000000e+00 0.000000e+00 0.000000e+00 4.995416e-01 5.004584e-01 0.000000e+00 0.000000e+00 0.000000e+00 0.000000e+00 0.000000e+00 0.000000e+00 0.000000e+00 0.000000e+00 0.000000e+00 0.000000e+00 0.000000e+00 0.000000e+00 0.000000e+00 0.000000e+00 0.000000e+00 0.000000e+00 0.000000e+00
 0.000000e+00 0.000000e+00 0.000000e+00 0.000000e+00 0.000000e+00 0.000000e+00 0.000000e+00 0.000000e+00 0.000000e+00 0.000000e+00 5.836052e-01 4.163948e-01 0.000000e+00 0.000000e+00 0.000000e+00 0.000000e+00 0.000000e+00 0.000000e+00 0.000000e+00 0.000000e+00 0.000000e+00 0.000000e+00 0.000000e+00 0.000000e+00 0.000000e+00 0.000000e+00 0.000000e+00 0.000000e+00
 0.000000e+00 0.000000e+00 0.000000e+00 0.000000e+00 0.000000e+00 0.000000e+00 0.000000e+00 0.000000e+00 0.000000e+00 0.000000e+00 0.000000e+00 6.150987e-01 3.849014e-01 0.000000e+00 0.000000e+00 0.000000e+00 0.000000e+00 0.000000e+00 0.000000e+00 0.000000e+00 0.000000e+00 0.000000e+00 0.000000e+00 0.000000e+00 0.000000e+00 0.000000e+00 0.000000e+00 0.000000e+00
 0.000000e+00 0.000000e+00 0.000000e+00 0.000000e+00 0.000000e+00 0.000000e+00 0.000000e+00 0.000000e+00 0.000000e+00 0.000000e+00 0.000000e+00 0.000000e+00 5.000740e-01 4.999260e-01 0.000000e+00 0.000000e+00 0.000000e+00 0.000000e+00 0.000000e+00 0.000000e+00 0.000000e+00 0.000000e+00 0.000000e+00 0.000000e+00 0.000000e+00 0.000000e+00 0.000000e+00 0.000000e+00
 0.000000e+00 0.000000e+00 0.000000e+00 0.000000e+00 0.000000e+00 0.000000e+00 0.000000e+00 0.000000e+00 0.000000e+00 0.000000e+00 0.000000e+00 0.000000e+00 0.000000e+00 6.428571e-01 3.571429e-01 0.000000e+00 0.000000e+00 0.000000e+00 0.000000e+00 0.000000e+00 0.000000e+00 0.000000e+00 0.000000e+00 0.000000e+00 0.000000e+00 0.000000e+00 0.000000e+00 0.000000e+00
 0.000000e+00 0.000000e+00 0.000000e+00 0.000000e+00 0.000000e+00 0.000000e+00 0.000000e+00 0.000000e+00 0.000000e+00 0.000000e+00 0.000000e+00 0.000000e+00 0.000000e+00 0.000000e+00 3.745591e-01 6.254408e-01 0.000000e+00 0.000000e+00 0.000000e+00 0.000000e+00 0.000000e+00 0.000000e+00 0.000000e+00 0.000000e+00 0.000000e+00 0.000000e+00 0.000000e+00 0.000000e+00
 0.000000e+00 0.000000e+00 0.000000e+00 0.000000e+00 0.000000e+00 0.000000e+00 0.000000e+00 0.000000e+00 0.000000e+00 0.000000e+00 0.000000e+00 0.000000e+00 0.000000e+00 0.000000e+00 0.000000e+00 4.448309e-01 5.551691e-01 0.000000e+00 0.000000e+00 0.000000e+00 0.000000e+00 0.000000e+00 0.000000e+00 0.000000e+00 0.000000e+00 0.000000e+00 0.000000e+00 0.000000e+00
 0.000000e+00 0.000000e+00 0.000000e+00 0.000000e+00 0.000000e+00 0.000000e+00 0.000000e+00 0.000000e+00 0.000000e+00 0.000000e+00 0.000000e+00 0.000000e+00 0.000000e+00 0.000000e+00 0.000000e+00 0.000000e+00 5.454856e-01 4.545144e-01 0.000000e+00 0.000000e+00 0.000000e+00 0.000000e+00 0.000000e+00 0.000000e+00 0.000000e+00 0.000000e+00 0.000000e+00 0.000000e+00
 0.000000e+00 0.000000e+00 0.000000e+00 0.000000e+00 0.000000e+00 0.000000e+00 0.000000e+00 0.000000e+00 0.000000e+00 0.000000e+00 0.000000e+00 0.000000e+00 0.000000e+00 0.000000e+00 0.000000e+00 0.000000e+00 0.000000e+00 5.829504e-01 4.170496e-01 0.000000e+00 0.000000e+00 0.000000e+00 0.000000e+00 0.000000e+00 0.000000e+00 0.000000e+00 0.000000e+00 0.000000e+00
 0.000000e+00 0.000000e+00 0.000000e+00 0.000000e+00 0.000000e+00 0.000000e+00 0.000000e+00 0.000000e+00 0.000000e+00 0.000000e+00 0.000000e+00 0.000000e+00 0.000000e+00 0.000000e+00 0.000000e+00 0.000000e+00 0.000000e+00 0.000000e+00 5.003873e-01 4.996127e-01 0.000000e+00 0.000000e+00 0.000000e+00 0.000000e+00 0.000000e+00 0.000000e+00 0.000000e+00 0.000000e+00
 0.000000e+00 0.000000e+00 0.000000e+00 0.000000e+00 0.000000e+00 0.000000e+00 0.000000e+00 0.000000e+00 0.000000e+00 0.000000e+00 0.000000e+00 0.000000e+00 0.000000e+00 0.000000e+00 0.000000e+00 0.000000e+00 0.000000e+00 0.000000e+00 0.000000e+00 5.833766e-01 4.166234e-01 0.000000e+00 0.000000e+00 0.000000e+00 0.000000e+00 0.000000e+00 0.000000e+00 0.000000e+00
 0.000000e+00 0.000000e+00 0.000000e+00 0.000000e+00 0.000000e+00 0.000000e+00 0.000000e+00 0.000000e+00 0.000000e+00 0.000000e+00 0.000000e+00 0.000000e+00 0.000000e+00 0.000000e+00 0.000000e+00 0.000000e+00 0.000000e+00 0.000000e+00 0.000000e+00 0.000000e+00 6.112794e-01 3.887207e-01 0.000000e+00 0.000000e+00 0.000000e+00 0.000000e+00 0.000000e+00 0.000000e+00
 0.000000e+00 0.000000e+00 0.000000e+00 0.000000e+00 0.000000e+00 0.000000e+00 0.000000e+00 0.000000e+00 0.000000e+00 0.000000e+00 0.000000e+00 0.000000e+00 0.000000e+00 0.000000e+00 0.000000e+00 0.000000e+00 0.000000e+00 0.000000e+00 0.000000e+00 0.000000e+00 0.000000e+00 3.929389e-01 6.070611e-01 0.000000e+00 0.000000e+00 0.000000e+00 0.000000e+00 0.000000e+00
 0.000000e+00 0.000000e+00 0.000000e+00 0.000000e+00 0.000000e+00 0.000000e+00 0.000000e+00 0.000000e+00 0.000000e+00 0.000000e+00 0.000000e+00 0.000000e+00 0.000000e+00 0.000000e+00 0.000000e+00 0.000000e+00 0.000000e+00 0.000000e+00 0.000000e+00 0.000000e+00 0.000000e+00 0.000000e+00 5.414288e-01 4.585712e-01 0.000000e+00 0.000000e+00 0.000000e+00 0.000000e+00
 0.000000e+00 0.000000e+00 0.000000e+00 0.000000e+00 0.000000e+00 0.000000e+00 0.000000e+00 0.000000e+00 0.000000e+00 0.000000e+00 0.000000e+00 0.000000e+00 0.000000e+00 0.000000e+00 0.000000e+00 0.000000e+00 0.000000e+00 0.000000e+00 0.000000e+00 0.000000e+00 0.000000e+00 0.000000e+00 0.000000e+00 5.454651e-01 4.545349e-01 0.000000e+00 0.000000e+00 0.000000e+00
 0.000000e+00 0.000000e+00 0.000000e+00 0.000000e+00 0.000000e+00 0.000000e+00 0.000000e+00 0.000000e+00 0.000000e+00 0.000000e+00 0.000000e+00 0.000000e+00 0.000000e+00 0.000000e+00 0.000000e+00 0.000000e+00 0.000000e+00 0.000000e+00 0.000000e+00 0.000000e+00 0.000000e+00 0.000000e+00 0.000000e+00 0.000000e+00 5.450961e-01 4.549039e-01 0.000000e+00 0.000000e+00
 0.000000e+00 0.000000e+00 0.000000e+00 0.000000e+00 0.000000e+00 0.000000e+00 0.000000e+00 0.000000e+00 0.000000e+00 0.000000e+00 0.000000e+00 0.000000e+00 0.000000e+00 0.000000e+00 0.000000e+00 0.000000e+00 0.000000e+00 0.000000e+00 0.000000e+00 0.000000e+00 0.000000e+00 0.000000e+00 0.000000e+00 0.000000e+00 0.000000e+00 5.457312e-01 4.542688e-01 0.000000e+00
 0.000000e+00 0.000000e+00 0.000000e+00 0.000000e+00 0.000000e+00 0.000000e+00 0.000000e+00 0.000000e+00 0.000000e+00 0.000000e+00 0.000000e+00 0.000000e+00 0.000000e+00 0.000000e+00 0.000000e+00 0.000000e+00 0.000000e+00 0.000000e+00 0.000000e+00 0.000000e+00 0.000000e+00 0.000000e+00 0.000000e+00 0.000000e+00 0.000000e+00 0.000000e+00 2.857249e-01 7.142751e-01
 0.000000e+00 0.000000e+00 0.000000e+00 0.000000e+00 0.000000e+00 0.000000e+00 0.000000e+00 0.000000e+00 0.000000e+00 0.000000e+00 0.000000e+00 0.000000e+00 0.000000e+00 0.000000e+00 0.000000e+00 0.000000e+00 0.000000e+00 0.000000e+00 0.000000e+00 0.000000e+00 0.000000e+00 0.000000e+00 0.000000e+00 0.000000e+00 0.000000e+00 0.000000e+00 0.000000e+00 0.000000e+00
<ENDHMM>
