~o
<STREAMINFO> 1 39
<VECSIZE> 39<NULLD><MFCC_E_D_A><DIAGC>
~h "Cha^m"
<BEGINHMM>
<NUMSTATES> 37
<STATE> 2
<MEAN> 39
 -5.314002e+00 -8.386301e+00 -9.734944e-01 -9.935583e-01 2.696339e+00 -1.218292e+00 3.295805e+00 -2.130257e+00 1.339673e+00 -1.669653e+00 2.944139e+00 -8.860505e-01 -3.732010e-03 -4.450366e-01 -2.533646e-01 -2.875613e-01 -5.276955e-01 -1.577019e-01 -7.685324e-03 -7.031007e-01 3.056863e-01 -6.238679e-01 1.002409e+00 8.021152e-03 -5.033553e-01 5.666939e-03 -8.945010e-01 1.169813e-01 -2.864689e-01 -1.188967e+00 4.275725e-03 -6.802326e-01 -9.027816e-02 1.369584e-01 -2.078161e-01 4.328846e-03 -8.569671e-02 -9.701368e-02 2.876556e-02
<VARIANCE> 39
 2.344964e+00 3.582457e+00 3.425401e+00 5.891889e+00 6.447218e+00 2.179192e+01 1.489304e+01 4.951593e+00 5.435875e+00 1.308038e+01 1.050652e+01 1.038891e+01 5.000000e-02 8.844208e-01 2.187628e-01 3.771639e-01 1.103781e+00 9.620999e-01 1.433920e+00 6.180067e-01 1.558400e+00 1.042669e+00 6.170956e-01 8.722715e-01 2.776240e+00 5.000000e-02 1.762802e-01 1.513420e-01 5.000000e-02 1.628271e-01 1.048339e-01 5.107116e-01 1.513560e-01 1.619157e-01 2.732557e-01 2.796472e-01 2.641296e-01 2.083321e-01 5.000000e-02
<GCONST> 6.369220e+01
<STATE> 3
<MEAN> 39
 -6.252927e+00 -8.293396e+00 -1.867150e+00 -1.407980e+00 5.793280e-01 -4.880576e+00 -8.203728e-01 -2.442210e+00 -1.374489e+00 -1.573584e+00 1.764958e+00 -2.176093e+00 -5.274506e-02 -2.830369e+00 3.346323e-01 -1.083585e+00 -3.669581e+00 8.708956e-01 -1.701682e+00 -6.632612e-01 3.292714e-01 -4.073728e-01 3.339831e-01 -5.174286e-01 -2.149620e-01 9.988129e-02 -5.210253e-01 1.226303e-01 -1.666272e-01 -1.551130e+00 -6.131793e-01 -1.079145e+00 3.515681e-01 -1.458748e-01 4.576773e-01 1.713551e-01 -1.506650e-01 7.594562e-02 6.067725e-02
<VARIANCE> 39
 5.297084e+00 3.523849e+00 2.175093e+00 1.033142e+01 3.130636e+00 2.242942e+01 3.430191e+00 6.812100e+00 7.471158e+00 4.079183e+00 1.997391e+01 2.408002e+01 5.000000e-02 9.078003e-01 4.461173e-01 7.622833e-01 1.285932e+00 8.689917e-01 3.000037e+00 3.069754e-01 1.232451e+00 2.225913e+00 1.101189e+00 3.006308e-01 1.128456e+00 5.000000e-02 1.642583e-01 1.617842e-01 1.002652e-01 8.085699e-02 6.603887e-02 5.580367e-01 1.930517e-01 2.768967e-01 3.433805e-01 1.735477e-01 4.578232e-01 6.538095e-01 5.000000e-02
<GCONST> 6.590354e+01
<STATE> 4
<MEAN> 39
 -1.321561e+01 -7.464953e+00 -3.743428e+00 -1.103357e+01 4.645744e+00 -6.259856e+00 8.054567e-01 -8.565624e-01 4.870275e-02 -1.154337e+00 1.727468e+00 -2.101552e+00 2.481537e-01 -2.256947e+00 5.180968e-01 -7.158571e-01 -5.331838e+00 -1.533295e+00 -3.273605e+00 4.048493e-01 -3.080499e-01 8.154345e-01 1.265300e+00 -6.035072e-01 -3.187001e-01 2.015959e-01 9.839573e-01 -8.627779e-01 -8.497506e-02 8.098602e-02 -1.586867e+00 -3.955324e-01 8.725334e-01 4.065324e-02 4.485356e-01 2.216815e-01 -6.275421e-02 -2.196101e-01 2.610659e-02
<VARIANCE> 39
 3.729507e+01 3.438493e+00 1.487845e+01 5.575341e+01 2.600905e+01 3.288293e+01 1.819978e+01 1.873910e+01 2.062472e+01 1.172241e+01 5.264747e+00 1.513146e+01 5.000000e-02 1.837877e+00 1.759271e+00 1.396654e+00 4.695036e-01 4.101070e+00 2.883919e+00 1.898018e+00 1.281726e+00 2.155887e+00 9.796942e-01 1.916667e+00 2.108694e+00 5.000000e-02 3.345505e-01 2.502836e-01 1.909575e-01 8.490909e-01 4.337887e-01 4.289226e-01 1.496950e-01 3.457314e-01 2.966631e-01 2.705847e-01 1.159165e-01 3.412297e-01 5.000000e-02
<GCONST> 8.827448e+01
<STATE> 5
<MEAN> 39
 -1.590394e+01 -3.789146e+00 -3.003013e+00 -1.967235e+01 -1.982989e+00 -1.265934e+01 1.456263e+00 -3.442468e+00 1.678329e+00 2.181501e+00 9.580536e-02 -2.078956e+00 6.268620e-01 9.232064e-01 -2.269017e+00 -1.041579e+00 -3.419692e+00 -5.296535e+00 -3.329001e+00 2.041589e+00 1.772403e-01 1.526876e+00 1.964948e+00 -3.040729e-01 -9.274358e-01 1.936084e-01 1.250842e+00 -1.638325e+00 -3.692729e-01 1.962440e+00 -3.313984e-01 1.134544e+00 1.161407e+00 6.429693e-01 -3.629502e-01 -7.325683e-01 -1.676517e-01 -2.112477e-01 -3.245705e-02
<VARIANCE> 39
 7.951406e+00 8.850326e+00 1.405073e+01 1.085371e+01 3.562623e+01 1.611016e+01 1.848374e+01 1.702963e+01 8.903904e+00 5.146587e+00 9.381227e+00 6.824090e+00 5.000000e-02 3.979047e-01 7.383223e-01 2.667463e+00 6.970876e-01 3.777436e+00 8.244611e-01 6.543407e-01 1.401432e+00 5.015389e-01 1.280765e+00 1.406258e+00 7.633403e-01 5.000000e-02 9.949693e-02 1.372555e-01 5.000000e-02 5.415114e-02 4.948247e-01 3.080363e-01 2.734621e-01 3.750074e-01 1.873167e-01 3.269390e-01 1.576018e-01 2.464392e-01 5.000000e-02
<GCONST> 7.172739e+01
<STATE> 6
<MEAN> 39
 -8.779160e+00 -1.415635e+01 -5.406034e+00 -2.156060e+01 -1.433191e+01 -1.646255e+01 5.112772e+00 -1.123007e+00 5.879694e+00 5.473860e+00 1.235160e+00 -4.383752e+00 8.049986e-01 1.890473e+00 -4.641381e+00 -1.647350e+00 7.907311e-01 -3.188024e+00 2.086981e-01 3.972044e+00 1.778244e+00 -2.449673e-01 -7.091177e-01 -8.984854e-01 -1.275221e+00 9.389783e-02 -1.589756e-01 -3.700954e-01 -4.128045e-01 2.061836e+00 2.276876e+00 1.620677e+00 3.373047e-01 3.797254e-01 -1.035840e+00 -1.441550e+00 -4.138707e-01 5.082483e-01 -4.246664e-02
<VARIANCE> 39
 9.428988e+00 2.568624e+01 3.214363e+01 7.187474e+00 2.169418e+01 2.949696e+01 2.152654e+01 2.793859e+01 4.257135e+00 1.236874e+01 1.707801e+01 6.928297e+00 5.000000e-02 9.247078e-01 2.410986e-01 8.131402e-01 1.858656e+00 7.357059e+00 1.938577e+00 8.173994e-01 1.867785e+00 1.255874e+00 3.239102e+00 5.311775e-01 8.286245e-01 5.000000e-02 1.877604e-01 5.283785e-01 3.255570e-01 1.494628e-01 8.158372e-01 2.540724e-01 2.817879e-01 2.654544e-01 2.075392e-01 1.719866e-01 3.704232e-01 1.587566e-01 5.000000e-02
<GCONST> 8.212919e+01
<STATE> 7
<MEAN> 39
 -9.161054e+00 -2.083812e+01 -1.012151e+01 -1.712526e+01 -1.133526e+01 -1.380019e+01 1.542412e+01 2.588515e+00 -1.264268e-01 -3.616792e-01 -3.926756e+00 -8.629251e+00 8.891603e-01 -2.499522e-01 -3.380298e+00 -2.322076e+00 3.206182e+00 2.800512e+00 2.416454e+00 3.370373e+00 1.463615e+00 -2.284985e+00 -3.512018e+00 -2.085839e+00 8.021657e-01 5.289449e-02 -7.467330e-01 9.607950e-01 -2.343311e-02 8.668190e-01 2.553161e+00 7.408850e-01 -1.051325e+00 -5.201206e-01 -4.456291e-01 -6.130265e-01 -1.228724e-01 1.156463e+00 -2.413614e-02
<VARIANCE> 39
 1.539984e+01 1.172007e+01 2.874989e+01 1.456029e+01 1.676451e+01 4.498263e+01 1.504396e+01 1.182633e+01 1.405188e+01 1.869138e+01 7.435151e+00 1.187929e+01 5.000000e-02 6.059472e-01 8.364501e-01 3.994883e-01 3.344519e-01 2.604937e+00 6.855472e-01 2.506603e-01 9.186784e-01 8.094265e-01 6.540471e-01 1.183281e+00 5.258482e-01 5.000000e-02 6.802660e-02 1.982426e-01 1.278343e-01 2.382618e-01 2.528664e-01 2.841246e-01 1.239079e-01 5.000000e-02 2.552301e-01 5.160455e-01 1.045928e-01 1.180393e-01 5.000000e-02
<GCONST> 6.915353e+01
<STATE> 8
<MEAN> 39
 -9.440792e+00 -2.370763e+01 -1.232161e+01 -1.186388e+01 -4.756493e+00 -8.409303e+00 1.581758e+01 4.728760e+00 -1.843433e+00 -5.722748e+00 -4.820821e+00 -1.641763e+00 9.480978e-01 -5.715639e-01 -1.341053e+00 -1.686866e+00 3.096800e+00 4.823307e+00 2.092667e+00 5.703048e-01 5.193125e-02 -1.384164e+00 -2.535675e+00 -1.502455e+00 2.180221e+00 3.214886e-02 -2.730980e-01 1.105712e+00 2.735651e-01 -3.509475e-01 6.271126e-01 -3.497078e-01 -1.392354e+00 -1.014061e+00 6.210533e-01 8.196553e-01 3.136846e-01 8.449132e-02 -1.285427e-02
<VARIANCE> 39
 2.211872e+01 5.517518e+00 2.012558e+01 2.305705e+01 1.875971e+01 2.107404e+01 1.346036e+01 3.166944e+01 1.120803e+01 1.173653e+01 2.069283e+01 1.223482e+01 5.000000e-02 3.043575e-01 1.032415e+00 8.103830e-01 4.799790e-01 5.956740e-01 1.104284e+00 1.128130e+00 8.113629e-01 1.926840e+00 2.551542e+00 1.271643e+00 3.871679e-01 5.000000e-02 1.655744e-01 5.000000e-02 5.038367e-02 3.070529e-01 4.320935e-01 9.249655e-02 1.176858e-01 9.965213e-02 5.104187e-02 1.370405e-01 1.941013e-01 2.356171e-01 5.000000e-02
<GCONST> 6.968142e+01
<STATE> 9
<MEAN> 39
 -1.112205e+01 -2.436942e+01 -1.425624e+01 -7.585418e+00 2.836746e+00 -6.347848e+00 1.567356e+01 3.236961e+00 -3.258617e+00 -8.112945e+00 -7.152559e+00 2.052620e-01 9.844386e-01 -6.679561e-01 -2.070352e-01 -1.548311e+00 2.122230e+00 4.216562e+00 1.047541e+00 -1.146747e+00 -1.503685e+00 -3.844458e-01 -4.848929e-01 -7.406675e-01 1.566514e+00 1.914187e-02 8.822909e-02 5.374209e-01 2.675654e-01 -9.237619e-01 -6.503594e-01 -5.026697e-01 -7.967958e-01 -8.379319e-01 9.432422e-01 1.081244e+00 3.658939e-01 -7.008322e-01 -1.229008e-02
<VARIANCE> 39
 1.599399e+01 4.619862e+00 1.151360e+01 8.574504e+00 1.275386e+01 1.951923e+01 6.759075e+00 2.969264e+01 1.904812e+01 1.403039e+01 9.256117e+00 5.385948e+00 5.000000e-02 4.815678e-01 9.769753e-01 3.722112e-01 2.322735e+00 6.980824e-01 2.118060e-01 1.091665e+00 2.964154e-01 1.158945e+00 6.212441e-01 5.629260e-01 7.316498e-01 5.000000e-02 5.000000e-02 5.000000e-02 8.031569e-02 5.000000e-02 5.051749e-02 1.819371e-01 1.177792e-01 3.199853e-01 1.318427e-01 1.913571e-01 1.298901e-01 8.939311e-02 5.000000e-02
<GCONST> 5.913377e+01
<STATE> 10
<MEAN> 39
 -1.186986e+01 -2.348733e+01 -1.601729e+01 -5.421729e+00 7.553449e+00 -5.653644e+00 1.434798e+01 -9.213999e-01 -2.175752e+00 -7.332512e+00 -6.808966e+00 1.004285e+00 9.964007e-01 -2.997313e-01 7.036118e-02 -9.978867e-01 4.573205e-01 2.819038e+00 5.569791e-01 -1.302236e+00 -2.163470e+00 1.124751e+00 4.900478e-01 -6.375512e-01 -2.382630e-01 1.305844e-03 1.212777e-01 6.905372e-02 3.305531e-01 -1.124711e+00 -1.048604e+00 -2.717805e-01 -2.699718e-01 -2.105370e-01 7.710486e-01 5.773481e-01 2.785620e-01 -9.261360e-01 -1.205281e-02
<VARIANCE> 39
 8.423868e+00 1.548571e-01 1.281433e+01 5.779221e+00 9.474019e+00 1.121843e+01 3.889020e+00 2.840798e+01 3.098708e+01 1.333643e+01 1.268232e+01 1.271680e+00 5.000000e-02 3.423592e-01 4.642065e-01 1.230222e-01 9.217268e-01 9.337013e-01 6.215730e-01 1.555055e-01 9.647086e-01 6.276782e-01 1.755733e-01 4.803779e-01 6.204921e-01 5.000000e-02 5.000000e-02 1.137937e-01 8.461139e-02 9.452161e-02 5.000000e-02 5.099159e-02 1.108535e-01 1.639668e-01 2.737199e-01 1.806027e-01 8.943525e-02 5.000000e-02 5.000000e-02
<GCONST> 4.716878e+01
<STATE> 11
<MEAN> 39
 -1.162317e+01 -2.421595e+01 -1.752834e+01 -7.289142e+00 8.604985e+00 -5.710585e+00 1.025731e+01 -2.769911e+00 -6.414507e-01 -5.042867e+00 -8.177890e+00 -8.647207e-01 9.807158e-01 -3.181255e-01 -1.514949e-01 -7.092834e-01 -7.710633e-01 1.378307e+00 8.176664e-01 -1.260613e+00 -1.963073e+00 1.793416e+00 4.729701e-01 -2.304348e-01 -1.105200e+00 -1.159374e-02 2.563176e-01 1.611724e-01 2.207452e-01 -5.798752e-01 -7.282904e-01 7.639594e-02 2.096592e-01 4.989470e-01 4.529129e-01 1.808400e-01 2.000426e-01 -4.352868e-01 -6.454255e-03
<VARIANCE> 39
 6.518922e+00 5.375550e+00 1.779663e+01 4.315916e+00 1.779583e+01 2.516350e+01 1.144465e+01 1.989100e+01 2.973546e+01 1.728211e+01 1.476722e+00 6.423811e+00 5.000000e-02 1.091398e-01 6.303043e-02 2.433925e-01 3.410504e-01 2.268798e-01 2.740224e-01 2.290582e-01 7.402370e-01 5.173785e-01 3.461762e-01 1.054095e-01 1.430297e-01 5.000000e-02 5.000000e-02 6.257383e-02 5.000000e-02 5.000000e-02 1.146172e-01 6.432389e-02 1.044188e-01 1.309322e-01 1.377330e-01 6.048646e-02 1.136241e-01 9.337971e-02 5.000000e-02
<GCONST> 4.238226e+01
<STATE> 12
<MEAN> 39
 -1.194996e+01 -2.437378e+01 -1.809688e+01 -8.951880e+00 1.136291e+01 -4.167337e+00 1.020969e+01 -5.877987e+00 3.537911e+00 -5.036190e+00 -7.576046e+00 -3.217380e+00 9.504810e-01 1.970825e-01 3.595241e-01 -3.874935e-01 -1.583077e+00 2.737623e-01 7.918585e-01 -8.705942e-01 -5.894173e-01 2.286711e+00 1.197205e+00 3.381087e-01 -1.825415e+00 -2.293590e-02 3.746980e-01 3.135581e-01 2.791392e-01 -3.295874e-01 -8.853846e-01 -4.277127e-01 -2.525204e-02 3.857042e-01 1.268399e-01 -5.189790e-03 3.484990e-01 -2.280351e-01 -7.530504e-03
<VARIANCE> 39
 9.517887e+00 2.034425e+00 1.045781e+01 3.082497e+00 3.491292e+00 1.017954e+01 3.393082e+00 1.834659e+01 2.953841e+01 5.217297e+00 1.377710e+01 2.506114e+00 5.000000e-02 5.000000e-02 2.713635e-01 3.040552e-01 1.792075e-01 4.850501e-01 6.741010e-01 3.488067e-01 4.440555e-01 9.159213e-01 5.270944e-01 2.333087e-01 3.486317e-01 5.000000e-02 5.000000e-02 5.000000e-02 1.110846e-01 5.000000e-02 1.324319e-01 1.635228e-01 1.471446e-01 1.590257e-01 1.131223e-01 1.116109e-01 5.000000e-02 8.319333e-02 5.000000e-02
<GCONST> 4.335117e+01
<STATE> 13
<MEAN> 39
 -1.210222e+01 -2.364025e+01 -1.861591e+01 -1.211847e+01 9.682664e+00 -3.010036e+00 7.778932e+00 -6.119140e+00 7.567967e+00 -2.525199e+00 -7.636384e+00 -5.147837e+00 9.150817e-01 9.820815e-01 9.753088e-01 -2.640813e-02 -1.849952e+00 -1.000639e+00 -3.404005e-01 -1.059431e+00 -6.510096e-02 2.308912e+00 7.036744e-01 9.227615e-01 -1.917053e+00 -3.124884e-02 6.144404e-01 2.625583e-01 7.271457e-01 2.518630e-01 -8.709584e-01 -9.726984e-01 -1.310604e-01 5.049773e-02 -4.488247e-01 -2.438828e-01 4.250353e-01 1.962635e-01 -1.122011e-02
<VARIANCE> 39
 5.688998e+00 3.826521e+00 4.028079e+00 8.212729e+00 1.257021e+01 9.052454e+00 9.523305e+00 2.480140e+01 1.556393e+01 9.752582e+00 1.239225e+01 8.911339e+00 5.000000e-02 1.025575e-01 7.362063e-02 4.884494e-01 2.499995e-01 1.151524e+00 2.030482e-01 6.061072e-01 1.159459e-01 1.270817e+00 9.348526e-01 4.772087e-01 2.699328e-01 5.000000e-02 5.884947e-02 5.000000e-02 7.435092e-02 5.000000e-02 3.271559e-01 4.372597e-01 3.038509e-01 2.997981e-01 8.865217e-02 1.817181e-01 1.066500e-01 6.784413e-02 5.000000e-02
<GCONST> 5.140003e+01
<STATE> 14
<MEAN> 39
 -1.009194e+01 -2.107788e+01 -1.832585e+01 -1.428829e+01 1.031006e+01 -1.300812e+00 8.286718e+00 -5.072911e+00 1.139326e+01 -1.622789e+00 -7.030865e+00 -9.949099e+00 8.731847e-01 1.964768e+00 1.300824e+00 1.512672e+00 -1.285857e+00 -2.577579e+00 -2.219380e+00 -1.568011e+00 -3.290302e-01 1.716868e+00 3.386069e-01 1.673430e+00 -1.370720e+00 -5.354316e-02 6.881484e-01 -2.006213e-01 9.916552e-01 8.050833e-01 -8.853723e-01 -1.065302e+00 -2.078134e-01 -5.262723e-01 -1.148651e+00 -5.761571e-01 -2.870935e-02 7.461185e-01 -1.100280e-02
<VARIANCE> 39
 5.373570e+00 2.681375e+00 7.012812e+00 1.565525e+00 1.351881e+01 1.119878e+01 1.518153e+01 2.319497e+01 5.318210e+00 1.891610e+01 9.118390e+00 3.778014e+00 5.000000e-02 3.632798e-01 2.226681e-01 1.301226e+00 1.177981e+00 1.699235e+00 1.718643e+00 1.844750e+00 1.488912e+00 6.177034e-01 3.474211e-01 1.296112e+00 5.197852e-02 5.000000e-02 8.636940e-02 5.000000e-02 5.000000e-02 5.000000e-02 3.065928e-01 1.189750e-01 2.014565e-01 1.136322e-01 3.134932e-01 1.668898e-01 7.654703e-02 9.949911e-02 5.000000e-02
<GCONST> 5.619413e+01
<STATE> 15
<MEAN> 39
 -7.482800e+00 -2.008753e+01 -1.578499e+01 -1.597840e+01 3.868742e+00 -8.144831e+00 4.543859e+00 -5.728931e+00 1.273880e+01 -1.149269e+00 -1.848537e+00 -8.903563e+00 7.729218e-01 2.648032e+00 5.076342e-01 2.877830e+00 4.087914e-01 -2.954854e+00 -3.575476e+00 -1.239703e+00 -1.677374e+00 -7.043008e-01 -4.867213e-01 1.087639e+00 6.951017e-02 -7.055001e-02 2.775168e-01 -4.907883e-01 5.533057e-01 8.641090e-01 -2.367049e-01 1.241691e-01 1.519667e-01 -5.915372e-01 -1.060984e+00 -4.460048e-01 -7.525831e-01 6.891053e-01 -1.587673e-03
<VARIANCE> 39
 6.907575e+00 1.982030e+00 6.713909e+00 1.006528e+01 1.119813e+01 1.297181e+01 1.698368e+01 1.317730e+01 7.286868e+00 2.192050e+01 2.225171e+01 5.494852e+00 5.000000e-02 4.197962e-01 4.423917e-01 8.958717e-01 8.527545e-01 2.351105e+00 2.102917e+00 2.322456e+00 1.125544e+00 2.080356e+00 4.280306e-01 6.922693e-01 6.247519e-01 5.000000e-02 1.124875e-01 5.000000e-02 8.129603e-02 1.791856e-01 6.270338e-02 4.105919e-01 1.479449e-01 2.797602e-01 4.160799e-01 5.000000e-02 1.586466e-01 1.226264e-01 5.000000e-02
<GCONST> 6.537495e+01
<STATE> 16
<MEAN> 39
 -3.455640e-01 -1.935190e+01 -8.258617e+00 -1.282734e+01 -1.998368e+00 -1.660184e+01 1.516926e+00 -1.232618e+01 6.216943e+00 -4.439179e+00 -2.885379e+00 -9.077647e+00 6.742234e-01 3.010519e+00 -4.136558e-01 3.018442e+00 1.589449e+00 -3.217432e+00 -1.208948e+00 -1.293280e+00 -2.196473e+00 -2.521112e+00 -1.134931e+00 -1.066451e+00 9.040740e-01 -4.689395e-02 -4.005517e-01 -3.902001e-01 -5.541673e-01 3.277572e-01 6.896471e-01 1.339208e+00 4.894390e-01 5.126825e-01 -3.773943e-01 3.846042e-01 -6.666753e-01 3.146023e-01 1.472329e-02
<VARIANCE> 39
 1.889955e+01 2.642866e+00 7.174725e+00 3.645168e+00 1.269491e+01 1.423049e+01 2.999936e+01 8.513937e+00 1.480148e+01 1.352121e+01 1.371204e+01 8.242266e+00 5.000000e-02 6.504936e-01 1.045850e-01 4.263344e-01 4.659263e-01 2.004960e+00 2.344297e+00 2.316558e+00 2.211109e+00 1.611439e+00 5.068218e-01 3.256911e-01 8.075498e-01 5.000000e-02 1.345918e-01 5.000000e-02 2.044434e-01 2.328173e-01 4.633600e-01 2.551707e-01 2.223054e-01 1.492143e-01 4.605705e-01 2.072817e-01 1.340137e-01 9.853229e-02 5.000000e-02
<GCONST> 6.770658e+01
<STATE> 17
<MEAN> 39
 1.325028e+00 -2.195966e+01 -6.838654e+00 -1.001312e+01 -3.466705e+00 -1.183801e+01 3.281235e+00 -1.350652e+01 4.444250e+00 -7.416611e+00 -5.206018e+00 -5.556996e+00 6.000566e-01 1.614102e+00 -8.084439e-01 1.399199e+00 1.388195e+00 -1.973514e+00 7.084163e-01 -2.003228e-01 -7.731261e-01 -9.898653e-01 8.264989e-02 -1.459310e+00 8.449368e-01 -2.732199e-02 -6.794658e-01 -8.126399e-03 -6.579626e-01 -5.043805e-01 7.949911e-01 7.077919e-01 1.340778e-01 9.334676e-01 5.975149e-01 5.424615e-01 -1.354928e-01 -1.917677e-01 1.527031e-02
<VARIANCE> 39
 1.722513e+01 1.394717e+00 6.437050e+00 2.496663e+00 2.254202e+01 6.694933e+00 1.869302e+01 3.558834e+01 1.452196e+01 1.500146e+01 6.210763e+00 1.938245e+00 5.000000e-02 1.037915e-01 1.812735e-01 8.679940e-01 5.752853e-01 5.444193e-01 1.074793e+00 4.661132e-01 1.141809e+00 1.419163e+00 1.843968e+00 4.481370e-01 1.075189e+00 5.000000e-02 1.500528e-01 5.000000e-02 6.189299e-02 7.494301e-02 3.838105e-01 5.635913e-01 2.975280e-01 5.095505e-01 4.516702e-01 1.006071e-01 6.779968e-02 2.095347e-01 5.000000e-02
<GCONST> 6.140372e+01
<STATE> 18
<MEAN> 39
 2.157564e+00 -2.171673e+01 -4.858907e+00 -9.855024e+00 -6.883371e+00 -1.091802e+01 1.699805e+00 -1.237536e+01 5.217325e+00 -1.943806e+00 -7.881570e+00 -5.963242e+00 6.047519e-01 7.654924e-01 -3.813541e-01 6.924462e-01 1.350913e-01 -6.057674e-01 1.195150e+00 -6.506968e-01 9.529011e-01 -7.730473e-01 9.433793e-01 -7.418784e-01 8.420923e-01 -8.418344e-03 -5.810290e-01 1.861315e-01 -4.627683e-01 -5.862483e-01 9.072477e-01 -1.572057e-01 2.765637e-03 9.256219e-01 1.945401e-01 1.249179e-01 2.726776e-01 -1.621245e-01 8.663141e-03
<VARIANCE> 39
 1.468104e+01 3.482168e+00 1.719195e+00 2.521656e+00 5.435749e+00 3.685172e+00 3.654525e+01 9.161016e+00 2.770684e+01 1.996099e+01 1.465878e+01 1.687580e+01 5.000000e-02 3.594167e-01 2.178013e-01 3.573882e-01 4.827170e-01 5.577629e-01 1.083495e+00 4.462411e-01 7.867362e-01 1.377950e+00 5.061980e-01 3.990837e-01 4.040572e-01 5.000000e-02 1.070281e-01 5.000000e-02 6.231160e-02 5.813186e-02 1.289847e-01 4.833851e-01 2.805750e-01 2.760739e-01 3.040575e-01 7.651900e-02 5.812088e-02 5.164834e-01 5.000000e-02
<GCONST> 5.723736e+01
<STATE> 19
<MEAN> 39
 3.981365e+00 -2.259885e+01 -4.413988e+00 -9.378062e+00 -5.826393e+00 -1.109968e+01 3.303978e-01 -1.062369e+01 2.632818e+00 -3.243660e+00 -7.211613e+00 -5.152736e+00 5.948993e-01 -5.695151e-02 -7.794531e-02 6.124919e-01 -7.868550e-01 9.580518e-01 -6.022285e-01 -5.561938e-01 1.687504e+00 -8.469930e-01 6.379578e-01 -9.850526e-01 -5.727865e-01 -3.333194e-03 -4.327559e-01 2.003781e-01 -1.818447e-01 -3.137451e-01 4.355098e-01 -4.096716e-01 2.518238e-01 1.138494e-01 3.852494e-01 -3.534860e-01 1.594007e-01 -2.670855e-01 1.409437e-03
<VARIANCE> 39
 8.097689e+00 5.218909e+00 1.043145e+00 6.081170e+00 1.456789e+00 8.210460e+00 1.977283e+01 1.736047e+01 1.642635e+01 3.827943e+01 1.196529e+01 7.308320e+00 5.000000e-02 5.127913e-01 2.080721e-01 3.036948e-01 4.326940e-01 5.073715e-01 2.361515e+00 7.246263e-01 2.169374e+00 1.300444e+00 6.801699e-01 5.892748e-01 2.048340e+00 5.000000e-02 5.000000e-02 5.000000e-02 9.267607e-02 7.570389e-02 1.341737e-01 1.135390e-01 1.064726e-01 5.000000e-02 1.393961e-01 2.977480e-01 1.129009e-01 9.870715e-02 5.000000e-02
<GCONST> 5.589799e+01
<STATE> 20
<MEAN> 39
 3.035234e+00 -2.186929e+01 -4.060041e+00 -1.263048e+01 -3.680737e+00 -1.269908e+01 1.508171e-02 -7.347202e+00 1.202600e+00 1.287170e-01 -9.745143e+00 -6.345250e+00 6.373355e-01 -4.778695e-01 7.832853e-02 1.921968e-01 -5.364195e-01 6.963159e-01 -3.581760e-01 6.335040e-01 7.005382e-01 5.379625e-01 -5.153568e-01 -6.410040e-01 2.403531e-01 -4.730743e-03 -1.031754e-01 2.958923e-02 -1.951479e-01 2.914185e-01 -3.559341e-01 1.657167e-01 4.982057e-02 -6.217232e-01 6.140351e-01 -3.770044e-01 1.320889e-01 6.515873e-02 -5.683627e-03
<VARIANCE> 39
 4.319930e+00 5.381223e+00 2.012472e+00 8.589988e+00 5.246282e+00 2.231929e+01 1.250952e+01 2.108824e+01 2.774157e+01 2.335934e+01 3.734477e+00 1.510017e+01 5.000000e-02 4.217507e-01 1.903676e-01 2.894386e-01 3.444404e-01 7.527999e-01 1.120128e+00 1.223186e+00 2.022703e+00 1.838271e+00 2.083611e+00 4.403985e-01 6.349567e-01 5.000000e-02 5.000000e-02 5.000000e-02 5.641488e-02 1.230784e-01 5.000000e-02 1.722920e-01 8.606751e-02 3.251756e-01 2.367398e-01 1.404227e-01 1.175563e-01 2.463336e-01 5.000000e-02
<GCONST> 5.926923e+01
<STATE> 21
<MEAN> 39
 2.182472e+00 -2.160254e+01 -4.434813e+00 -1.225187e+01 -3.344894e+00 -1.379504e+01 1.717861e+00 -8.366809e+00 3.636736e+00 -3.039096e+00 -1.023905e+01 -6.542985e+00 5.959891e-01 -3.662051e-01 1.344293e-01 -1.946254e-01 2.455846e-01 -4.926705e-01 4.160016e-01 1.626136e-01 3.786306e-02 1.554056e+00 -6.462204e-01 -1.890259e-01 4.530501e-01 -2.158363e-02 1.307909e-01 -1.328370e-02 -2.102750e-01 5.552140e-01 -3.158198e-01 4.820276e-01 -1.513896e-01 -9.423451e-02 -8.308120e-02 1.195214e-01 5.875515e-01 2.811075e-01 -1.014043e-02
<VARIANCE> 39
 5.301095e+00 6.634778e+00 6.058231e+00 7.584620e+00 7.228464e+00 1.525240e+01 2.551515e+00 2.858904e+01 2.387979e+01 1.841997e+01 6.582922e+00 1.478015e+01 5.000000e-02 5.957350e-02 1.094115e-01 3.127510e-01 3.758080e-01 2.711291e-01 4.536311e-01 9.571112e-01 1.022158e+00 1.025830e+00 1.142788e+00 4.888879e-01 9.582066e-01 5.000000e-02 6.934106e-02 6.973512e-02 1.673979e-01 2.159808e-01 9.424935e-02 3.439889e-01 1.084387e-01 7.526553e-01 5.565512e-01 3.829965e-01 5.000000e-02 2.675012e-01 5.000000e-02
<GCONST> 5.939691e+01
<STATE> 22
<MEAN> 39
 1.674402e+00 -2.249450e+01 -3.852866e+00 -1.080732e+01 -5.950464e+00 -9.647474e+00 6.809832e-01 -8.014698e+00 8.287196e+00 -5.292012e+00 -1.030604e+01 -3.988347e+00 5.427696e-01 -2.228044e-02 1.570554e-01 -3.722753e-02 1.479861e+00 -5.822846e-01 9.972823e-01 -5.603763e-01 -5.071593e-01 7.073988e-01 4.440697e-01 1.165825e+00 2.990847e-01 -4.020261e-02 1.262678e-01 6.031926e-02 -3.212872e-01 5.551943e-01 3.178866e-01 2.364898e-02 1.323500e-01 1.936784e-01 -7.127374e-01 4.654548e-01 6.868590e-01 1.399968e-01 -8.431975e-03
<VARIANCE> 39
 1.451367e+00 8.826085e+00 2.272842e+00 9.859153e+00 9.109878e+00 1.682130e+01 1.557648e+01 2.745702e+01 1.171053e+01 9.506839e+00 8.665504e+00 1.234457e+01 5.000000e-02 1.533044e-01 4.053146e-01 9.561657e-01 2.484214e+00 5.541320e-01 1.853643e+00 1.894754e-01 3.187792e+00 3.509028e-01 1.890563e+00 5.349019e-01 8.547513e-01 5.000000e-02 5.000000e-02 5.000000e-02 7.528684e-02 1.486445e-01 1.507994e-01 1.960138e-01 1.571224e-01 5.035288e-01 2.363028e-01 2.997027e-01 1.460240e-01 1.634817e-01 5.000000e-02
<GCONST> 6.231648e+01
<STATE> 23
<MEAN> 39
 1.422963e+00 -2.175015e+01 -4.373590e+00 -8.546121e+00 -5.731050e+00 -8.681104e+00 8.737198e-01 -9.888221e+00 5.981879e+00 -2.840804e+00 -7.118642e+00 -5.061204e+00 4.645748e-01 2.699781e-01 7.609078e-02 -8.312333e-01 1.885413e+00 5.216047e-01 1.198807e+00 -5.051990e-02 1.207538e+00 -1.347768e+00 3.218192e-01 1.856971e+00 6.674274e-01 -4.714872e-02 7.463022e-02 -3.123969e-02 -4.411012e-01 1.595842e-01 3.838363e-01 -2.202202e-01 2.359456e-01 4.089966e-01 -5.445842e-01 -1.621504e-01 8.187564e-02 1.551718e-01 1.310579e-04
<VARIANCE> 39
 2.805306e+00 6.700359e+00 6.266831e+00 1.383708e+01 5.948460e-01 3.254662e+01 1.485909e+01 1.024019e+01 8.369324e+00 1.729984e+01 1.713378e+01 2.107291e+01 5.000000e-02 8.314866e-02 4.717523e-01 4.536826e-01 2.974428e+00 1.040806e+00 2.311421e+00 3.961072e-01 2.524396e+00 1.226308e+00 1.144901e+00 1.700369e+00 5.305884e-01 5.000000e-02 5.000000e-02 5.000000e-02 1.318779e-01 3.575017e-01 5.000000e-02 3.348873e-01 7.998142e-02 2.959096e-01 7.329690e-02 1.744000e-01 4.014122e-01 1.214501e-01 5.000000e-02
<GCONST> 6.285421e+01
<STATE> 24
<MEAN> 39
 2.788586e+00 -2.203138e+01 -6.753993e+00 -5.754913e+00 -3.524662e+00 -9.383919e+00 1.711677e+00 -5.658283e+00 4.125691e+00 -2.823153e+00 -5.024370e+00 -2.390311e+00 4.214881e-01 1.849316e-01 5.363224e-02 -1.715871e+00 1.872286e+00 7.150738e-01 1.646868e-01 6.909662e-01 1.256006e+00 -1.219927e+00 -2.739235e-01 1.389236e+00 1.142258e+00 -3.808767e-02 -1.816331e-01 -1.101657e-01 -2.803172e-01 -2.981135e-01 4.237968e-02 -2.076173e-01 1.577163e-01 -7.652871e-02 1.933978e-02 -3.483847e-01 -3.388572e-01 4.247717e-02 4.326407e-03
<VARIANCE> 39
 3.020880e+00 9.755553e+00 3.734468e+00 1.617845e+01 3.491102e+00 2.377781e+01 4.509496e+00 1.628803e+01 5.842623e+00 1.471988e+01 4.263192e+00 1.459702e+01 5.000000e-02 6.765950e-02 6.776562e-02 2.860023e-01 1.077794e-01 4.004804e-01 8.580768e-01 4.238000e-01 9.645339e-01 7.912528e-01 6.628828e-01 3.642838e+00 1.279607e+00 5.000000e-02 5.000000e-02 7.663618e-02 1.501793e-01 6.192995e-01 7.940362e-02 6.608812e-01 5.000000e-02 3.204786e-01 2.298800e-01 4.639325e-01 2.729086e-01 1.177723e-01 5.000000e-02
<GCONST> 5.684593e+01
<STATE> 25
<MEAN> 39
 3.043444e+00 -2.045242e+01 -8.748095e+00 -3.070007e+00 -2.445158e+00 -8.702785e+00 9.246870e-01 -4.599895e+00 3.609265e+00 -3.107479e+00 -3.261993e+00 -1.870184e+00 3.882940e-01 -2.347744e-01 -1.999221e-01 -1.861207e+00 8.882545e-01 5.136153e-01 5.016701e-01 4.404980e-01 5.314442e-01 -7.286096e-01 -9.579482e-01 9.602920e-01 1.092028e+00 -3.424247e-02 -2.994813e-01 -1.167558e-01 3.259974e-01 -3.512285e-01 2.853621e-02 -1.054392e-02 -8.968404e-02 -2.995334e-01 -2.192864e-02 -3.870680e-01 -6.537471e-01 -1.591184e-01 4.333758e-03
<VARIANCE> 39
 4.986377e+00 7.971797e+00 6.485393e+00 1.081383e+01 1.013407e+01 5.579291e+00 5.604704e+00 6.609325e+00 5.592446e+00 1.324393e+01 1.156045e+01 3.981871e+00 5.000000e-02 1.052496e-01 3.180636e-01 4.174037e-01 9.411028e-01 3.839800e-01 2.576969e+00 6.909961e-01 2.795473e-01 1.655590e-01 1.289792e+00 2.315964e+00 4.218519e-01 5.000000e-02 5.000000e-02 6.536661e-02 1.354559e-01 1.834224e-01 1.467240e-01 3.045221e-01 6.758373e-02 1.045834e-01 2.290306e-01 3.504239e-01 3.523116e-01 6.513597e-02 5.000000e-02
<GCONST> 5.507512e+01
<STATE> 26
<MEAN> 39
 1.091180e+00 -2.319930e+01 -1.147138e+01 -3.977421e+00 -4.110084e+00 -7.780350e+00 3.598531e+00 -5.235962e+00 1.620477e+00 -5.570702e+00 -2.383707e+00 -4.916490e-01 3.272044e-01 -5.789564e-01 -2.767391e-01 -6.477237e-01 5.077397e-01 5.510007e-01 1.049043e-01 -1.898115e-02 1.766596e-01 -5.055201e-01 -5.448802e-01 -4.349238e-01 4.726683e-01 -2.228421e-02 -3.568352e-02 2.640674e-01 6.207037e-01 -5.927926e-02 2.709264e-01 9.248395e-02 -1.375798e-01 -9.843361e-02 2.314253e-01 1.802761e-01 -2.735277e-01 -2.032678e-01 1.681374e-03
<VARIANCE> 39
 4.903511e+00 1.339188e+01 3.621246e+00 2.496711e+00 5.639953e+00 5.880385e+00 1.108072e+01 9.783151e+00 5.366562e+00 8.408776e+00 9.091744e+00 1.912254e+01 5.000000e-02 1.897682e-01 5.485737e-01 4.125970e-01 5.796528e-01 9.085055e-01 9.756952e-01 5.834975e-01 3.717158e-01 6.454581e-01 1.782397e+00 1.131118e+00 3.321919e-01 5.000000e-02 8.198737e-02 2.542368e-01 7.835756e-02 7.858307e-02 1.088055e-01 2.268679e-01 9.436889e-02 7.050615e-02 1.142935e-01 1.171264e-01 4.623820e-01 9.633157e-02 5.000000e-02
<GCONST> 5.495116e+01
<STATE> 27
<MEAN> 39
 5.761093e-01 -2.226865e+01 -1.019233e+01 -1.820943e+00 -8.660290e-01 -6.613999e+00 2.444469e+00 -4.211857e+00 2.196056e+00 -6.862131e+00 -5.650745e+00 3.785851e-01 3.172119e-01 -2.881671e-01 6.364526e-01 4.391763e-01 1.015082e+00 1.329671e+00 3.986956e-01 2.380190e-01 3.414727e-01 -7.093923e-01 -4.105702e-01 -2.989967e-01 6.686155e-02 -2.482266e-02 -7.251102e-02 1.608482e-01 3.073219e-01 1.067093e-01 3.857474e-02 -8.926309e-03 1.466766e-01 2.354635e-01 2.330742e-01 5.164636e-01 3.960143e-01 -2.150545e-01 -3.547755e-03
<VARIANCE> 39
 3.357124e+00 5.340032e+00 6.654758e+00 5.715884e+00 6.633593e+00 1.667272e+01 1.285352e+01 3.031962e+00 2.048918e+00 1.195349e+01 1.522219e+01 6.464272e+00 5.000000e-02 6.627187e-01 1.041470e+00 2.533011e-01 1.946202e-01 6.562545e-01 7.461700e-01 5.476798e-01 2.874994e-01 1.720229e+00 9.897186e-01 1.015560e+00 9.079776e-01 5.000000e-02 5.000000e-02 1.232817e-01 1.108469e-01 9.135929e-02 1.299407e-01 3.979706e-01 1.666802e-01 5.000000e-02 1.363582e-01 3.793491e-01 2.570031e-01 1.006591e-01 5.000000e-02
<GCONST> 5.583129e+01
<STATE> 28
<MEAN> 39
 3.735177e-01 -2.070075e+01 -9.854332e+00 -5.971171e-01 8.200531e-01 -6.828710e+00 2.929764e+00 -3.843792e+00 -2.684076e-01 -6.000195e+00 -3.302752e+00 1.105418e-01 2.509718e-01 -7.552176e-01 6.861514e-01 5.824563e-01 1.058894e+00 1.038150e+00 7.902045e-01 3.937825e-01 1.052990e+00 2.756846e-01 4.624201e-01 6.266379e-01 -5.525357e-02 -3.575247e-02 -6.821816e-02 7.126853e-02 9.223241e-02 -1.071926e-01 -1.545362e-01 -2.281045e-02 -2.619230e-01 1.462381e-02 3.163177e-01 2.373991e-02 -4.166741e-02 -3.131066e-01 3.640271e-04
<VARIANCE> 39
 1.612689e+00 2.948978e+00 5.470998e+00 4.370149e+00 5.681612e+00 5.457701e+00 1.167081e+01 1.681348e+01 1.356700e+01 1.151589e+01 1.607136e+01 6.850213e+00 5.000000e-02 6.316991e-01 1.389735e+00 4.647119e-01 6.766006e-01 3.831448e-01 1.783666e+00 1.374844e+00 5.018532e-01 3.686493e-01 1.574590e+00 9.390644e-01 1.264672e+00 5.000000e-02 5.979842e-02 3.145899e-01 2.078577e-01 5.799012e-02 1.989225e-01 1.833439e-01 1.432606e-01 3.072326e-01 3.001584e-01 2.190832e-01 1.454380e-01 7.791678e-02 5.000000e-02
<GCONST> 6.145089e+01
<STATE> 29
<MEAN> 39
 -1.821108e+00 -2.074658e+01 -9.218106e+00 8.405747e-01 9.268672e-01 -4.912756e+00 4.904352e+00 -7.234093e-01 2.680020e+00 -3.400074e+00 -2.533230e+00 -5.691336e-01 2.044424e-01 -7.128737e-01 6.517345e-01 4.587191e-01 3.793262e-01 3.545995e-01 1.225719e-01 -5.951222e-01 6.501541e-01 1.108650e+00 3.268339e-01 2.364777e-01 -8.913798e-01 -2.863247e-02 1.450379e-01 -1.037380e-01 -9.082979e-02 -2.567546e-01 -6.011819e-02 -2.114228e-01 -2.156940e-01 -1.678148e-01 -8.027705e-02 -3.359962e-01 -3.047748e-01 -1.468796e-01 7.008420e-03
<VARIANCE> 39
 2.852467e+00 1.603533e+01 3.880415e+00 2.050793e+00 4.026979e+00 3.256057e+00 1.236433e+01 7.647254e+00 9.039621e+00 1.803826e+00 5.563128e+00 3.171519e+00 5.000000e-02 6.530769e-02 1.232722e+00 1.792413e+00 2.406327e-01 7.439133e-01 5.579801e-01 3.159611e-01 2.911249e+00 1.273289e+00 2.039413e+00 9.823830e-01 3.268541e-01 5.000000e-02 1.295886e-01 4.427262e-01 1.039297e-01 9.527843e-02 5.000000e-02 1.263007e-01 4.493826e-01 1.412449e-01 1.833236e-01 2.264477e-01 1.063807e-01 2.275542e-01 5.000000e-02
<GCONST> 5.466885e+01
<STATE> 30
<MEAN> 39
 -1.955853e+00 -1.957254e+01 -8.984735e+00 1.870593e+00 3.956833e+00 -5.659412e+00 -3.870606e-01 -3.138942e+00 2.375641e+00 -5.789965e+00 -3.154524e+00 -2.208724e+00 1.711534e-01 -4.097084e-01 1.633970e-01 2.281956e-01 3.885239e-01 9.371586e-01 -1.059174e-01 -1.044070e+00 -1.251738e-01 -5.619450e-01 -7.174685e-01 -4.434845e-01 -5.109764e-01 -1.373798e-02 9.965207e-02 -2.809697e-01 -1.770350e-01 -1.268988e-01 -1.577826e-01 -3.672973e-02 4.704657e-01 1.257198e-01 -2.813541e-01 -3.707715e-02 -3.661709e-02 2.703114e-01 5.910825e-03
<VARIANCE> 39
 3.676939e+00 1.401297e+01 2.342871e+00 9.273299e+00 4.389671e+00 1.121113e+01 1.835856e+01 1.189746e+01 1.298637e+01 1.215455e+01 1.000089e+01 1.024994e+01 5.000000e-02 3.359772e-01 1.138137e+00 1.214120e+00 7.764313e-02 4.806722e-01 1.259557e-01 2.154814e+00 1.116817e+00 8.513803e-01 3.024140e-01 1.862481e-01 7.282098e-01 5.000000e-02 9.738583e-02 2.815866e-01 1.210650e-01 7.902176e-02 7.267965e-02 2.630554e-01 5.044068e-01 2.665904e-01 1.884781e-01 5.625826e-01 3.301129e-01 2.245543e-01 5.000000e-02
<GCONST> 6.102559e+01
<STATE> 31
<MEAN> 39
 -2.309157e+00 -1.813615e+01 -7.422197e+00 5.701540e-01 2.811527e+00 -5.619114e+00 1.853878e+00 -7.392386e-01 1.226950e+00 -6.550357e+00 -3.658529e+00 -2.224584e+00 1.442023e-01 -5.864649e-01 -7.747923e-01 -3.956988e-01 4.391594e-02 3.052865e-01 3.819459e-01 1.390356e+00 8.723185e-01 -2.913166e-01 1.365937e-01 -4.672266e-01 -1.417669e-01 -9.982556e-03 5.433263e-02 -5.114171e-02 -1.650946e-01 -1.127360e-01 -9.327465e-02 1.700399e-01 4.263796e-01 -2.464934e-01 -9.760717e-02 2.615992e-01 1.476827e-01 2.752176e-01 -7.870888e-04
<VARIANCE> 39
 1.806206e+00 2.846155e+01 2.363996e+01 9.035222e-01 4.932844e+00 4.663813e+00 8.312335e+00 4.982415e+00 6.843000e+00 7.659826e+00 5.094577e+00 4.063836e+00 5.000000e-02 7.494012e-01 1.923478e+00 7.916435e-01 2.806624e-01 9.182499e-02 1.734960e+00 3.548652e+00 6.265678e-01 1.755609e+00 3.022886e+00 1.415933e+00 1.392064e+00 5.000000e-02 5.000000e-02 4.860725e-01 5.364431e-01 5.000000e-02 9.011937e-02 2.085082e-01 4.509320e-01 3.835405e-01 2.731692e-01 1.089985e-01 9.901661e-02 6.273630e-02 5.000000e-02
<GCONST> 6.205120e+01
<STATE> 32
<MEAN> 39
 -3.011076e+00 -2.163371e+01 -9.641337e+00 2.517253e+00 4.594202e+00 -4.805964e+00 3.961087e+00 6.155854e-01 1.691497e+00 -5.724205e+00 -3.568386e+00 -1.740433e+00 1.651929e-01 -2.957832e-01 6.116380e-01 2.185270e-01 6.702019e-02 1.497924e-01 6.927745e-01 1.045548e+00 2.768207e-01 1.879016e-01 3.475046e-01 4.250025e-01 3.359990e-01 -2.382769e-02 -9.720912e-02 7.599606e-01 4.136384e-01 -3.482305e-01 -1.874373e-01 1.098843e-01 -4.972122e-02 -1.306034e-01 4.760121e-01 4.970918e-01 4.279603e-01 1.662629e-01 -9.176866e-03
<VARIANCE> 39
 2.464443e+00 1.045493e+01 5.086769e+00 6.417981e+00 8.469281e+00 9.600643e+00 3.117301e+01 9.634716e+00 1.792708e+01 1.718409e+01 5.489774e+00 9.876603e+00 5.000000e-02 3.949278e-01 1.699205e+00 1.453749e+00 6.416328e-01 4.231094e-01 2.806582e+00 1.456350e+00 1.771362e+00 9.563760e-01 4.266237e-01 1.399594e-01 2.712854e-01 5.000000e-02 1.408823e-01 3.260764e-01 2.227020e-01 7.570142e-02 7.825681e-02 1.743551e-01 5.296171e-01 1.764103e-01 4.366179e-01 6.665656e-01 1.121228e-01 1.971712e-01 5.000000e-02
<GCONST> 6.686050e+01
<STATE> 33
<MEAN> 39
 -3.678470e+00 -1.927548e+01 -8.361162e+00 2.129637e+00 4.412133e+00 -3.119761e+00 6.032311e+00 2.692656e-01 1.447424e+00 -4.503732e+00 -4.855241e+00 -2.678900e+00 1.042901e-01 -5.490249e-01 1.833621e+00 8.866513e-01 -9.099045e-01 -1.824026e-01 3.851951e-01 1.353489e-01 -1.026612e-01 8.899356e-01 1.588498e+00 1.445828e+00 9.853739e-01 -3.587589e-02 9.812015e-04 6.150525e-01 4.079137e-01 -3.315651e-01 -8.765720e-02 -1.639945e-01 -5.293819e-01 -1.607027e-01 1.695776e-01 1.009440e-01 3.666633e-01 -4.274260e-02 -4.019844e-03
<VARIANCE> 39
 5.618411e+00 1.037955e+01 3.682127e+00 1.127502e+01 2.472280e+00 1.214486e+01 7.714521e+00 7.623209e+00 3.273082e+00 5.331114e+00 8.742895e+00 9.488376e+00 5.000000e-02 2.611037e-01 1.670542e+00 1.548463e+00 3.930381e-01 6.237564e-01 6.593241e-01 5.431056e-01 1.343173e+00 2.258195e+00 2.295107e+00 3.316262e-01 1.173072e+00 5.000000e-02 1.105564e-01 2.378041e-01 5.000000e-02 1.768046e-01 5.000000e-02 4.967707e-01 4.837550e-01 2.078346e-01 2.824314e-01 5.307720e-01 6.756116e-02 1.760606e-01 5.000000e-02
<GCONST> 6.271800e+01
<STATE> 34
<MEAN> 39
 -4.332254e+00 -1.442647e+01 -6.435599e+00 -7.652727e-01 3.817174e+00 -3.404714e+00 4.406655e+00 -7.708458e-01 3.572763e+00 -2.438406e+00 3.399389e-01 3.999223e-01 3.707559e-02 -4.693249e-01 2.170642e+00 1.369617e+00 -9.453499e-01 1.974723e-02 2.934109e-01 -4.375067e-02 8.328215e-02 7.059978e-01 8.685542e-01 1.146618e+00 -8.694869e-02 -3.470863e-02 3.303168e-02 -2.266634e-01 -7.671975e-02 -2.611080e-02 -9.726118e-02 -5.560472e-02 -2.221375e-01 3.259271e-02 -3.369431e-01 -3.936287e-01 -3.338645e-01 -3.435464e-01 2.142873e-03
<VARIANCE> 39
 2.444360e+00 4.955543e+00 5.090786e+00 1.919824e+00 6.921179e+00 2.601509e+01 9.940620e+00 1.411503e+01 2.994463e+01 1.577538e+01 1.504908e+01 1.925085e+01 5.000000e-02 5.208184e-01 1.665974e+00 9.629712e-01 6.750530e-01 3.358952e-01 1.236537e+00 2.089397e+00 1.480518e+00 2.079779e+00 2.727417e+00 6.524262e-01 1.464563e+00 5.000000e-02 5.000000e-02 2.139059e-01 1.851009e-01 6.834655e-02 5.000000e-02 5.526921e-01 1.568896e-01 5.356147e-01 5.936816e-01 3.124676e-01 1.338287e-01 4.371298e-01 5.000000e-02
<GCONST> 7.129928e+01
<STATE> 35
<MEAN> 39
 -5.258598e+00 -1.186439e+01 -3.442263e+00 -1.101474e+00 4.017990e+00 -3.442129e+00 5.807161e+00 8.971507e-01 4.335217e+00 -1.744611e+00 3.724127e-01 -2.025164e+00 -2.081373e-03 -4.603186e-01 8.331206e-01 5.432596e-01 -8.997764e-01 -4.834428e-01 2.809918e-01 5.761161e-03 2.352596e-01 -4.449122e-01 4.578258e-02 -2.327718e-01 -5.776660e-01 -2.588602e-02 1.219292e-01 -6.613894e-01 -4.958082e-01 2.417129e-01 -5.079812e-02 -1.194115e-01 -3.312184e-01 -1.891040e-01 -5.966442e-01 -4.868491e-01 -3.245212e-01 -3.131500e-02 5.551155e-03
<VARIANCE> 39
 3.051257e+00 5.004120e+00 8.678583e+00 3.558080e+00 4.904804e+00 8.141860e+00 1.117864e+01 1.123055e+01 1.351122e+01 1.167214e+01 2.457305e+01 1.659873e+01 5.000000e-02 2.837281e-01 8.119045e-02 7.821275e-02 1.248510e-01 3.101368e-01 3.672536e+00 2.256217e+00 2.708131e+00 2.826789e+00 4.933633e-01 5.279514e-01 2.931149e+00 5.000000e-02 5.000000e-02 1.976510e-01 2.029280e-01 1.695534e-01 5.000000e-02 9.740084e-02 3.881980e-01 4.164832e-01 5.707626e-01 6.909248e-01 1.796411e-01 2.192855e-01 5.000000e-02
<GCONST> 6.344921e+01
<STATE> 36
<MEAN> 39
 -5.413628e+00 -1.243750e+01 -4.019031e+00 -2.028006e+00 3.432966e+00 -1.858045e+00 3.650948e+00 -3.194621e-01 4.201349e+00 -2.020365e+00 -6.177555e-01 -2.747195e+00 -2.805204e-02 -2.442344e-01 2.860295e-01 -7.462998e-02 -4.728607e-01 -3.977943e-01 2.370946e-01 -9.686148e-01 -5.127458e-01 -1.126691e+00 -9.972584e-01 -2.419867e-01 -5.398090e-01 -2.388852e-02 1.675340e-01 -4.013916e-01 -3.272699e-01 3.278404e-01 3.871623e-02 -2.640274e-01 -2.106630e-01 -2.628247e-01 -4.528099e-01 -2.607875e-01 -1.243670e-02 1.471366e-01 6.559641e-03
<VARIANCE> 39
 7.043511e-01 2.984199e+00 4.936038e+00 6.147454e+00 1.387219e+00 2.041162e+00 8.405282e+00 9.766253e+00 2.634755e+01 1.301885e+01 3.078535e+00 5.324854e+00 5.000000e-02 5.000000e-02 1.021884e-01 1.672727e-01 8.052457e-01 2.227714e-01 6.957445e-01 2.583944e-01 1.951719e+00 3.073093e+00 1.686790e+00 9.416991e-01 2.004803e+00 5.000000e-02 5.478551e-02 8.366901e-02 1.602143e-01 1.697643e-01 5.000000e-02 3.236093e-01 4.433760e-01 2.675430e-01 4.619652e-01 4.042271e-01 1.153421e-01 2.562464e-01 5.000000e-02
<GCONST> 5.293425e+01
<TRANSP> 37
 0.000000e+00 1.000000e+00 0.000000e+00 0.000000e+00 0.000000e+00 0.000000e+00 0.000000e+00 0.000000e+00 0.000000e+00 0.000000e+00 0.000000e+00 0.000000e+00 0.000000e+00 0.000000e+00 0.000000e+00 0.000000e+00 0.000000e+00 0.000000e+00 0.000000e+00 0.000000e+00 0.000000e+00 0.000000e+00 0.000000e+00 0.000000e+00 0.000000e+00 0.000000e+00 0.000000e+00 0.000000e+00 0.000000e+00 0.000000e+00 0.000000e+00 0.000000e+00 0.000000e+00 0.000000e+00 0.000000e+00 0.000000e+00 0.000000e+00
 0.000000e+00 4.475924e-01 5.524076e-01 0.000000e+00 0.000000e+00 0.000000e+00 0.000000e+00 0.000000e+00 0.000000e+00 0.000000e+00 0.000000e+00 0.000000e+00 0.000000e+00 0.000000e+00 0.000000e+00 0.000000e+00 0.000000e+00 0.000000e+00 0.000000e+00 0.000000e+00 0.000000e+00 0.000000e+00 0.000000e+00 0.000000e+00 0.000000e+00 0.000000e+00 0.000000e+00 0.000000e+00 0.000000e+00 0.000000e+00 0.000000e+00 0.000000e+00 0.000000e+00 0.000000e+00 0.000000e+00 0.000000e+00 0.000000e+00
 0.000000e+00 0.000000e+00 0.000000e+00 1.000000e+00 0.000000e+00 0.000000e+00 0.000000e+00 0.000000e+00 0.000000e+00 0.000000e+00 0.000000e+00 0.000000e+00 0.000000e+00 0.000000e+00 0.000000e+00 0.000000e+00 0.000000e+00 0.000000e+00 0.000000e+00 0.000000e+00 0.000000e+00 0.000000e+00 0.000000e+00 0.000000e+00 0.000000e+00 0.000000e+00 0.000000e+00 0.000000e+00 0.000000e+00 0.000000e+00 0.000000e+00 0.000000e+00 0.000000e+00 0.000000e+00 0.000000e+00 0.000000e+00 0.000000e+00
 0.000000e+00 0.000000e+00 0.000000e+00 5.000000e-01 5.000000e-01 0.000000e+00 0.000000e+00 0.000000e+00 0.000000e+00 0.000000e+00 0.000000e+00 0.000000e+00 0.000000e+00 0.000000e+00 0.000000e+00 0.000000e+00 0.000000e+00 0.000000e+00 0.000000e+00 0.000000e+00 0.000000e+00 0.000000e+00 0.000000e+00 0.000000e+00 0.000000e+00 0.000000e+00 0.000000e+00 0.000000e+00 0.000000e+00 0.000000e+00 0.000000e+00 0.000000e+00 0.000000e+00 0.000000e+00 0.000000e+00 0.000000e+00 0.000000e+00
 0.000000e+00 0.000000e+00 0.000000e+00 0.000000e+00 0.000000e+00 1.000000e+00 0.000000e+00 0.000000e+00 0.000000e+00 0.000000e+00 0.000000e+00 0.000000e+00 0.000000e+00 0.000000e+00 0.000000e+00 0.000000e+00 0.000000e+00 0.000000e+00 0.000000e+00 0.000000e+00 0.000000e+00 0.000000e+00 0.000000e+00 0.000000e+00 0.000000e+00 0.000000e+00 0.000000e+00 0.000000e+00 0.000000e+00 0.000000e+00 0.000000e+00 0.000000e+00 0.000000e+00 0.000000e+00 0.000000e+00 0.000000e+00 0.000000e+00
 0.000000e+00 0.000000e+00 0.000000e+00 0.000000e+00 0.000000e+00 4.444444e-01 5.555556e-01 0.000000e+00 0.000000e+00 0.000000e+00 0.000000e+00 0.000000e+00 0.000000e+00 0.000000e+00 0.000000e+00 0.000000e+00 0.000000e+00 0.000000e+00 0.000000e+00 0.000000e+00 0.000000e+00 0.000000e+00 0.000000e+00 0.000000e+00 0.000000e+00 0.000000e+00 0.000000e+00 0.000000e+00 0.000000e+00 0.000000e+00 0.000000e+00 0.000000e+00 0.000000e+00 0.000000e+00 0.000000e+00 0.000000e+00 0.000000e+00
 0.000000e+00 0.000000e+00 0.000000e+00 0.000000e+00 0.000000e+00 0.000000e+00 1.666667e-01 8.333333e-01 0.000000e+00 0.000000e+00 0.000000e+00 0.000000e+00 0.000000e+00 0.000000e+00 0.000000e+00 0.000000e+00 0.000000e+00 0.000000e+00 0.000000e+00 0.000000e+00 0.000000e+00 0.000000e+00 0.000000e+00 0.000000e+00 0.000000e+00 0.000000e+00 0.000000e+00 0.000000e+00 0.000000e+00 0.000000e+00 0.000000e+00 0.000000e+00 0.000000e+00 0.000000e+00 0.000000e+00 0.000000e+00 0.000000e+00
 0.000000e+00 0.000000e+00 0.000000e+00 0.000000e+00 0.000000e+00 0.000000e+00 0.000000e+00 3.750000e-01 6.250001e-01 0.000000e+00 0.000000e+00 0.000000e+00 0.000000e+00 0.000000e+00 0.000000e+00 0.000000e+00 0.000000e+00 0.000000e+00 0.000000e+00 0.000000e+00 0.000000e+00 0.000000e+00 0.000000e+00 0.000000e+00 0.000000e+00 0.000000e+00 0.000000e+00 0.000000e+00 0.000000e+00 0.000000e+00 0.000000e+00 0.000000e+00 0.000000e+00 0.000000e+00 0.000000e+00 0.000000e+00 0.000000e+00
 0.000000e+00 0.000000e+00 0.000000e+00 0.000000e+00 0.000000e+00 0.000000e+00 0.000000e+00 0.000000e+00 0.000000e+00 1.000000e+00 0.000000e+00 0.000000e+00 0.000000e+00 0.000000e+00 0.000000e+00 0.000000e+00 0.000000e+00 0.000000e+00 0.000000e+00 0.000000e+00 0.000000e+00 0.000000e+00 0.000000e+00 0.000000e+00 0.000000e+00 0.000000e+00 0.000000e+00 0.000000e+00 0.000000e+00 0.000000e+00 0.000000e+00 0.000000e+00 0.000000e+00 0.000000e+00 0.000000e+00 0.000000e+00 0.000000e+00
 0.000000e+00 0.000000e+00 0.000000e+00 0.000000e+00 0.000000e+00 0.000000e+00 0.000000e+00 0.000000e+00 0.000000e+00 3.749929e-01 6.250071e-01 0.000000e+00 0.000000e+00 0.000000e+00 0.000000e+00 0.000000e+00 0.000000e+00 0.000000e+00 0.000000e+00 0.000000e+00 0.000000e+00 0.000000e+00 0.000000e+00 0.000000e+00 0.000000e+00 0.000000e+00 0.000000e+00 0.000000e+00 0.000000e+00 0.000000e+00 0.000000e+00 0.000000e+00 0.000000e+00 0.000000e+00 0.000000e+00 0.000000e+00 0.000000e+00
 0.000000e+00 0.000000e+00 0.000000e+00 0.000000e+00 0.000000e+00 0.000000e+00 0.000000e+00 0.000000e+00 0.000000e+00 0.000000e+00 2.857307e-01 7.142693e-01 0.000000e+00 0.000000e+00 0.000000e+00 0.000000e+00 0.000000e+00 0.000000e+00 0.000000e+00 0.000000e+00 0.000000e+00 0.000000e+00 0.000000e+00 0.000000e+00 0.000000e+00 0.000000e+00 0.000000e+00 0.000000e+00 0.000000e+00 0.000000e+00 0.000000e+00 0.000000e+00 0.000000e+00 0.000000e+00 0.000000e+00 0.000000e+00 0.000000e+00
 0.000000e+00 0.000000e+00 0.000000e+00 0.000000e+00 0.000000e+00 0.000000e+00 0.000000e+00 0.000000e+00 0.000000e+00 0.000000e+00 0.000000e+00 4.444204e-01 5.555796e-01 0.000000e+00 0.000000e+00 0.000000e+00 0.000000e+00 0.000000e+00 0.000000e+00 0.000000e+00 0.000000e+00 0.000000e+00 0.000000e+00 0.000000e+00 0.000000e+00 0.000000e+00 0.000000e+00 0.000000e+00 0.000000e+00 0.000000e+00 0.000000e+00 0.000000e+00 0.000000e+00 0.000000e+00 0.000000e+00 0.000000e+00 0.000000e+00
 0.000000e+00 0.000000e+00 0.000000e+00 0.000000e+00 0.000000e+00 0.000000e+00 0.000000e+00 0.000000e+00 0.000000e+00 0.000000e+00 0.000000e+00 0.000000e+00 2.857469e-01 7.142531e-01 0.000000e+00 0.000000e+00 0.000000e+00 0.000000e+00 0.000000e+00 0.000000e+00 0.000000e+00 0.000000e+00 0.000000e+00 0.000000e+00 0.000000e+00 0.000000e+00 0.000000e+00 0.000000e+00 0.000000e+00 0.000000e+00 0.000000e+00 0.000000e+00 0.000000e+00 0.000000e+00 0.000000e+00 0.000000e+00 0.000000e+00
 0.000000e+00 0.000000e+00 0.000000e+00 0.000000e+00 0.000000e+00 0.000000e+00 0.000000e+00 0.000000e+00 0.000000e+00 0.000000e+00 0.000000e+00 0.000000e+00 0.000000e+00 0.000000e+00 1.000000e+00 0.000000e+00 0.000000e+00 0.000000e+00 0.000000e+00 0.000000e+00 0.000000e+00 0.000000e+00 0.000000e+00 0.000000e+00 0.000000e+00 0.000000e+00 0.000000e+00 0.000000e+00 0.000000e+00 0.000000e+00 0.000000e+00 0.000000e+00 0.000000e+00 0.000000e+00 0.000000e+00 0.000000e+00 0.000000e+00
 0.000000e+00 0.000000e+00 0.000000e+00 0.000000e+00 0.000000e+00 0.000000e+00 0.000000e+00 0.000000e+00 0.000000e+00 0.000000e+00 0.000000e+00 0.000000e+00 0.000000e+00 0.000000e+00 3.750000e-01 6.250001e-01 0.000000e+00 0.000000e+00 0.000000e+00 0.000000e+00 0.000000e+00 0.000000e+00 0.000000e+00 0.000000e+00 0.000000e+00 0.000000e+00 0.000000e+00 0.000000e+00 0.000000e+00 0.000000e+00 0.000000e+00 0.000000e+00 0.000000e+00 0.000000e+00 0.000000e+00 0.000000e+00 0.000000e+00
 0.000000e+00 0.000000e+00 0.000000e+00 0.000000e+00 0.000000e+00 0.000000e+00 0.000000e+00 0.000000e+00 0.000000e+00 0.000000e+00 0.000000e+00 0.000000e+00 0.000000e+00 0.000000e+00 0.000000e+00 2.857399e-01 7.142601e-01 0.000000e+00 0.000000e+00 0.000000e+00 0.000000e+00 0.000000e+00 0.000000e+00 0.000000e+00 0.000000e+00 0.000000e+00 0.000000e+00 0.000000e+00 0.000000e+00 0.000000e+00 0.000000e+00 0.000000e+00 0.000000e+00 0.000000e+00 0.000000e+00 0.000000e+00 0.000000e+00
 0.000000e+00 0.000000e+00 0.000000e+00 0.000000e+00 0.000000e+00 0.000000e+00 0.000000e+00 0.000000e+00 0.000000e+00 0.000000e+00 0.000000e+00 0.000000e+00 0.000000e+00 0.000000e+00 0.000000e+00 0.000000e+00 2.856821e-01 7.143179e-01 0.000000e+00 0.000000e+00 0.000000e+00 0.000000e+00 0.000000e+00 0.000000e+00 0.000000e+00 0.000000e+00 0.000000e+00 0.000000e+00 0.000000e+00 0.000000e+00 0.000000e+00 0.000000e+00 0.000000e+00 0.000000e+00 0.000000e+00 0.000000e+00 0.000000e+00
 0.000000e+00 0.000000e+00 0.000000e+00 0.000000e+00 0.000000e+00 0.000000e+00 0.000000e+00 0.000000e+00 0.000000e+00 0.000000e+00 0.000000e+00 0.000000e+00 0.000000e+00 0.000000e+00 0.000000e+00 0.000000e+00 0.000000e+00 1.666757e-01 8.333243e-01 0.000000e+00 0.000000e+00 0.000000e+00 0.000000e+00 0.000000e+00 0.000000e+00 0.000000e+00 0.000000e+00 0.000000e+00 0.000000e+00 0.000000e+00 0.000000e+00 0.000000e+00 0.000000e+00 0.000000e+00 0.000000e+00 0.000000e+00 0.000000e+00
 0.000000e+00 0.000000e+00 0.000000e+00 0.000000e+00 0.000000e+00 0.000000e+00 0.000000e+00 0.000000e+00 0.000000e+00 0.000000e+00 0.000000e+00 0.000000e+00 0.000000e+00 0.000000e+00 0.000000e+00 0.000000e+00 0.000000e+00 0.000000e+00 2.856272e-01 7.143728e-01 0.000000e+00 0.000000e+00 0.000000e+00 0.000000e+00 0.000000e+00 0.000000e+00 0.000000e+00 0.000000e+00 0.000000e+00 0.000000e+00 0.000000e+00 0.000000e+00 0.000000e+00 0.000000e+00 0.000000e+00 0.000000e+00 0.000000e+00
 0.000000e+00 0.000000e+00 0.000000e+00 0.000000e+00 0.000000e+00 0.000000e+00 0.000000e+00 0.000000e+00 0.000000e+00 0.000000e+00 0.000000e+00 0.000000e+00 0.000000e+00 0.000000e+00 0.000000e+00 0.000000e+00 0.000000e+00 0.000000e+00 0.000000e+00 3.750984e-01 6.249016e-01 0.000000e+00 0.000000e+00 0.000000e+00 0.000000e+00 0.000000e+00 0.000000e+00 0.000000e+00 0.000000e+00 0.000000e+00 0.000000e+00 0.000000e+00 0.000000e+00 0.000000e+00 0.000000e+00 0.000000e+00 0.000000e+00
 0.000000e+00 0.000000e+00 0.000000e+00 0.000000e+00 0.000000e+00 0.000000e+00 0.000000e+00 0.000000e+00 0.000000e+00 0.000000e+00 0.000000e+00 0.000000e+00 0.000000e+00 0.000000e+00 0.000000e+00 0.000000e+00 0.000000e+00 0.000000e+00 0.000000e+00 0.000000e+00 3.749677e-01 6.250323e-01 0.000000e+00 0.000000e+00 0.000000e+00 0.000000e+00 0.000000e+00 0.000000e+00 0.000000e+00 0.000000e+00 0.000000e+00 0.000000e+00 0.000000e+00 0.000000e+00 0.000000e+00 0.000000e+00 0.000000e+00
 0.000000e+00 0.000000e+00 0.000000e+00 0.000000e+00 0.000000e+00 0.000000e+00 0.000000e+00 0.000000e+00 0.000000e+00 0.000000e+00 0.000000e+00 0.000000e+00 0.000000e+00 0.000000e+00 0.000000e+00 0.000000e+00 0.000000e+00 0.000000e+00 0.000000e+00 0.000000e+00 0.000000e+00 1.666678e-01 8.333322e-01 0.000000e+00 0.000000e+00 0.000000e+00 0.000000e+00 0.000000e+00 0.000000e+00 0.000000e+00 0.000000e+00 0.000000e+00 0.000000e+00 0.000000e+00 0.000000e+00 0.000000e+00 0.000000e+00
 0.000000e+00 0.000000e+00 0.000000e+00 0.000000e+00 0.000000e+00 0.000000e+00 0.000000e+00 0.000000e+00 0.000000e+00 0.000000e+00 0.000000e+00 0.000000e+00 0.000000e+00 0.000000e+00 0.000000e+00 0.000000e+00 0.000000e+00 0.000000e+00 0.000000e+00 0.000000e+00 0.000000e+00 0.000000e+00 2.857145e-01 7.142855e-01 0.000000e+00 0.000000e+00 0.000000e+00 0.000000e+00 0.000000e+00 0.000000e+00 0.000000e+00 0.000000e+00 0.000000e+00 0.000000e+00 0.000000e+00 0.000000e+00 0.000000e+00
 0.000000e+00 0.000000e+00 0.000000e+00 0.000000e+00 0.000000e+00 0.000000e+00 0.000000e+00 0.000000e+00 0.000000e+00 0.000000e+00 0.000000e+00 0.000000e+00 0.000000e+00 0.000000e+00 0.000000e+00 0.000000e+00 0.000000e+00 0.000000e+00 0.000000e+00 0.000000e+00 0.000000e+00 0.000000e+00 0.000000e+00 0.000000e+00 1.000000e+00 0.000000e+00 0.000000e+00 0.000000e+00 0.000000e+00 0.000000e+00 0.000000e+00 0.000000e+00 0.000000e+00 0.000000e+00 0.000000e+00 0.000000e+00 0.000000e+00
 0.000000e+00 0.000000e+00 0.000000e+00 0.000000e+00 0.000000e+00 0.000000e+00 0.000000e+00 0.000000e+00 0.000000e+00 0.000000e+00 0.000000e+00 0.000000e+00 0.000000e+00 0.000000e+00 0.000000e+00 0.000000e+00 0.000000e+00 0.000000e+00 0.000000e+00 0.000000e+00 0.000000e+00 0.000000e+00 0.000000e+00 0.000000e+00 2.876376e-01 7.123625e-01 0.000000e+00 0.000000e+00 0.000000e+00 0.000000e+00 0.000000e+00 0.000000e+00 0.000000e+00 0.000000e+00 0.000000e+00 0.000000e+00 0.000000e+00
 0.000000e+00 0.000000e+00 0.000000e+00 0.000000e+00 0.000000e+00 0.000000e+00 0.000000e+00 0.000000e+00 0.000000e+00 0.000000e+00 0.000000e+00 0.000000e+00 0.000000e+00 0.000000e+00 0.000000e+00 0.000000e+00 0.000000e+00 0.000000e+00 0.000000e+00 0.000000e+00 0.000000e+00 0.000000e+00 0.000000e+00 0.000000e+00 0.000000e+00 3.735087e-01 6.264914e-01 0.000000e+00 0.000000e+00 0.000000e+00 0.000000e+00 0.000000e+00 0.000000e+00 0.000000e+00 0.000000e+00 0.000000e+00 0.000000e+00
 0.000000e+00 0.000000e+00 0.000000e+00 0.000000e+00 0.000000e+00 0.000000e+00 0.000000e+00 0.000000e+00 0.000000e+00 0.000000e+00 0.000000e+00 0.000000e+00 0.000000e+00 0.000000e+00 0.000000e+00 0.000000e+00 0.000000e+00 0.000000e+00 0.000000e+00 0.000000e+00 0.000000e+00 0.000000e+00 0.000000e+00 0.000000e+00 0.000000e+00 0.000000e+00 2.858646e-01 7.141353e-01 0.000000e+00 0.000000e+00 0.000000e+00 0.000000e+00 0.000000e+00 0.000000e+00 0.000000e+00 0.000000e+00 0.000000e+00
 0.000000e+00 0.000000e+00 0.000000e+00 0.000000e+00 0.000000e+00 0.000000e+00 0.000000e+00 0.000000e+00 0.000000e+00 0.000000e+00 0.000000e+00 0.000000e+00 0.000000e+00 0.000000e+00 0.000000e+00 0.000000e+00 0.000000e+00 0.000000e+00 0.000000e+00 0.000000e+00 0.000000e+00 0.000000e+00 0.000000e+00 0.000000e+00 0.000000e+00 0.000000e+00 0.000000e+00 4.443541e-01 5.556459e-01 0.000000e+00 0.000000e+00 0.000000e+00 0.000000e+00 0.000000e+00 0.000000e+00 0.000000e+00 0.000000e+00
 0.000000e+00 0.000000e+00 0.000000e+00 0.000000e+00 0.000000e+00 0.000000e+00 0.000000e+00 0.000000e+00 0.000000e+00 0.000000e+00 0.000000e+00 0.000000e+00 0.000000e+00 0.000000e+00 0.000000e+00 0.000000e+00 0.000000e+00 0.000000e+00 0.000000e+00 0.000000e+00 0.000000e+00 0.000000e+00 0.000000e+00 0.000000e+00 0.000000e+00 0.000000e+00 0.000000e+00 0.000000e+00 1.667969e-01 8.332031e-01 0.000000e+00 0.000000e+00 0.000000e+00 0.000000e+00 0.000000e+00 0.000000e+00 0.000000e+00
 0.000000e+00 0.000000e+00 0.000000e+00 0.000000e+00 0.000000e+00 0.000000e+00 0.000000e+00 0.000000e+00 0.000000e+00 0.000000e+00 0.000000e+00 0.000000e+00 0.000000e+00 0.000000e+00 0.000000e+00 0.000000e+00 0.000000e+00 0.000000e+00 0.000000e+00 0.000000e+00 0.000000e+00 0.000000e+00 0.000000e+00 0.000000e+00 0.000000e+00 0.000000e+00 0.000000e+00 0.000000e+00 0.000000e+00 2.858159e-01 7.141841e-01 0.000000e+00 0.000000e+00 0.000000e+00 0.000000e+00 0.000000e+00 0.000000e+00
 0.000000e+00 0.000000e+00 0.000000e+00 0.000000e+00 0.000000e+00 0.000000e+00 0.000000e+00 0.000000e+00 0.000000e+00 0.000000e+00 0.000000e+00 0.000000e+00 0.000000e+00 0.000000e+00 0.000000e+00 0.000000e+00 0.000000e+00 0.000000e+00 0.000000e+00 0.000000e+00 0.000000e+00 0.000000e+00 0.000000e+00 0.000000e+00 0.000000e+00 0.000000e+00 0.000000e+00 0.000000e+00 0.000000e+00 0.000000e+00 2.855342e-01 7.144658e-01 0.000000e+00 0.000000e+00 0.000000e+00 0.000000e+00 0.000000e+00
 0.000000e+00 0.000000e+00 0.000000e+00 0.000000e+00 0.000000e+00 0.000000e+00 0.000000e+00 0.000000e+00 0.000000e+00 0.000000e+00 0.000000e+00 0.000000e+00 0.000000e+00 0.000000e+00 0.000000e+00 0.000000e+00 0.000000e+00 0.000000e+00 0.000000e+00 0.000000e+00 0.000000e+00 0.000000e+00 0.000000e+00 0.000000e+00 0.000000e+00 0.000000e+00 0.000000e+00 0.000000e+00 0.000000e+00 0.000000e+00 0.000000e+00 3.753417e-01 6.246583e-01 0.000000e+00 0.000000e+00 0.000000e+00 0.000000e+00
 0.000000e+00 0.000000e+00 0.000000e+00 0.000000e+00 0.000000e+00 0.000000e+00 0.000000e+00 0.000000e+00 0.000000e+00 0.000000e+00 0.000000e+00 0.000000e+00 0.000000e+00 0.000000e+00 0.000000e+00 0.000000e+00 0.000000e+00 0.000000e+00 0.000000e+00 0.000000e+00 0.000000e+00 0.000000e+00 0.000000e+00 0.000000e+00 0.000000e+00 0.000000e+00 0.000000e+00 0.000000e+00 0.000000e+00 0.000000e+00 0.000000e+00 0.000000e+00 0.000000e+00 1.000000e+00 0.000000e+00 0.000000e+00 0.000000e+00
 0.000000e+00 0.000000e+00 0.000000e+00 0.000000e+00 0.000000e+00 0.000000e+00 0.000000e+00 0.000000e+00 0.000000e+00 0.000000e+00 0.000000e+00 0.000000e+00 0.000000e+00 0.000000e+00 0.000000e+00 0.000000e+00 0.000000e+00 0.000000e+00 0.000000e+00 0.000000e+00 0.000000e+00 0.000000e+00 0.000000e+00 0.000000e+00 0.000000e+00 0.000000e+00 0.000000e+00 0.000000e+00 0.000000e+00 0.000000e+00 0.000000e+00 0.000000e+00 0.000000e+00 5.019580e-01 4.980420e-01 0.000000e+00 0.000000e+00
 0.000000e+00 0.000000e+00 0.000000e+00 0.000000e+00 0.000000e+00 0.000000e+00 0.000000e+00 0.000000e+00 0.000000e+00 0.000000e+00 0.000000e+00 0.000000e+00 0.000000e+00 0.000000e+00 0.000000e+00 0.000000e+00 0.000000e+00 0.000000e+00 0.000000e+00 0.000000e+00 0.000000e+00 0.000000e+00 0.000000e+00 0.000000e+00 0.000000e+00 0.000000e+00 0.000000e+00 0.000000e+00 0.000000e+00 0.000000e+00 0.000000e+00 0.000000e+00 0.000000e+00 0.000000e+00 0.000000e+00 1.000000e+00 0.000000e+00
 0.000000e+00 0.000000e+00 0.000000e+00 0.000000e+00 0.000000e+00 0.000000e+00 0.000000e+00 0.000000e+00 0.000000e+00 0.000000e+00 0.000000e+00 0.000000e+00 0.000000e+00 0.000000e+00 0.000000e+00 0.000000e+00 0.000000e+00 0.000000e+00 0.000000e+00 0.000000e+00 0.000000e+00 0.000000e+00 0.000000e+00 0.000000e+00 0.000000e+00 0.000000e+00 0.000000e+00 0.000000e+00 0.000000e+00 0.000000e+00 0.000000e+00 0.000000e+00 0.000000e+00 0.000000e+00 0.000000e+00 0.000000e+00 1.000000e+00
 0.000000e+00 0.000000e+00 0.000000e+00 0.000000e+00 0.000000e+00 0.000000e+00 0.000000e+00 0.000000e+00 0.000000e+00 0.000000e+00 0.000000e+00 0.000000e+00 0.000000e+00 0.000000e+00 0.000000e+00 0.000000e+00 0.000000e+00 0.000000e+00 0.000000e+00 0.000000e+00 0.000000e+00 0.000000e+00 0.000000e+00 0.000000e+00 0.000000e+00 0.000000e+00 0.000000e+00 0.000000e+00 0.000000e+00 0.000000e+00 0.000000e+00 0.000000e+00 0.000000e+00 0.000000e+00 0.000000e+00 0.000000e+00 0.000000e+00
<ENDHMM>
