~o
<STREAMINFO> 1 39
<VECSIZE> 39<NULLD><MFCC_E_D_A><DIAGC>
~h "Chay"
<BEGINHMM>
<NUMSTATES> 28
<STATE> 2
<MEAN> 39
 -6.916791e+00 -8.852150e+00 -1.631226e+00 -1.493655e+00 -1.091703e-01 -4.990442e+00 6.736372e-01 -2.318834e+00 2.475948e-01 -2.635628e+00 4.240761e-01 -2.523002e+00 -9.994821e-02 -1.208130e+00 3.963146e-01 -4.276545e-01 -1.682831e+00 5.025234e-01 -1.587505e-01 -5.141783e-01 1.326718e-01 8.214446e-01 7.763728e-01 -5.664260e-01 -1.827607e-01 5.852532e-02 -3.559962e-01 2.853954e-01 -3.350050e-01 -1.421076e+00 -3.456605e-02 -2.005266e-01 1.486125e-01 9.254451e-02 4.152548e-01 3.170592e-01 -1.033144e-01 1.185363e-01 5.635990e-02
<VARIANCE> 39
 1.815069e+00 2.094537e+00 3.368443e+00 3.679442e+00 6.384472e+00 3.523638e+00 2.993198e+00 3.417121e+00 8.222403e+00 5.924833e+00 1.411461e+01 1.452651e+01 5.000000e-02 8.027411e-01 8.609061e-01 9.343126e-01 4.749410e+00 1.624388e+00 1.127491e+00 1.108246e+00 1.982463e+00 5.127383e-01 9.288647e-01 1.242210e+00 1.889973e+00 5.000000e-02 1.191710e-01 1.008957e-01 2.647802e-01 2.743908e-01 6.070083e-01 6.640005e-01 1.808972e-01 3.502519e-01 1.697639e-01 1.910778e-01 2.042909e-01 3.594635e-01 5.000000e-02
<GCONST> 6.706455e+01
<STATE> 3
<MEAN> 39
 -1.111572e+01 -5.444398e+00 -3.365578e+00 -1.218604e+01 2.313908e+00 -4.635297e+00 -1.535409e+00 1.114565e+00 3.666185e+00 1.988610e-01 1.010580e+00 1.816992e-01 2.751561e-01 -1.868898e+00 8.992835e-01 -1.502421e+00 -5.248559e+00 -1.332218e+00 -2.044321e+00 5.160722e-01 -3.168839e-01 1.349260e+00 8.882775e-01 -9.254822e-01 1.720189e-01 2.037965e-01 4.943503e-01 -1.082410e+00 -1.685872e-01 2.282757e-01 -1.661411e+00 -2.480936e-01 8.733609e-01 -2.213457e-01 -4.084454e-01 -2.191903e-01 -7.539172e-02 -4.809094e-01 2.017870e-02
<VARIANCE> 39
 1.730222e+01 1.623974e+01 7.627911e+00 5.561733e+01 2.274479e+01 2.812051e+01 3.255886e+01 1.116645e+01 9.214065e+00 1.514059e+01 1.279217e+01 1.057373e+01 6.455030e-02 1.119025e+00 1.497623e+00 1.498392e+00 9.903446e-01 4.652662e+00 5.424480e+00 1.441944e+00 1.441389e+00 1.161275e+00 2.002914e+00 7.277339e-01 1.997801e+00 5.000000e-02 1.172621e-01 3.975361e-01 5.000000e-02 1.248000e+00 5.266190e-01 2.890147e-01 3.540496e-01 3.380148e-01 1.068294e-01 2.074602e-01 1.820639e-01 2.920008e-01 5.000000e-02
<GCONST> 8.633622e+01
<STATE> 4
<MEAN> 39
 -1.335299e+01 -6.621817e+00 -6.959599e+00 -1.976588e+01 -5.709863e+00 -1.197186e+01 2.257795e+00 -4.588655e+00 5.612473e+00 1.150686e+00 -2.596730e+00 -2.633746e+00 6.025696e-01 2.599226e-01 -3.009662e+00 -1.245336e+00 -2.101493e+00 -5.333485e+00 -8.574658e-01 2.282005e+00 4.714247e-01 -2.136779e-01 6.118361e-01 -2.041067e-01 -1.134764e+00 1.675601e-01 6.799095e-01 -1.470156e+00 -1.236566e-01 1.930533e+00 1.332696e-01 1.194708e+00 8.087080e-01 5.701746e-01 -9.442175e-01 -7.519823e-01 2.943247e-01 -1.221793e-01 -3.211794e-02
<VARIANCE> 39
 1.335852e+01 1.470996e+01 1.871449e+01 9.887716e+00 8.615544e+01 3.927920e+01 2.194099e+01 1.389998e+01 4.415034e+00 2.442790e+01 1.356507e+01 1.300559e+01 5.000000e-02 6.707650e-01 2.893842e+00 8.450017e-01 3.783280e+00 1.340686e+00 4.153737e+00 1.797154e+00 1.295201e+00 1.069171e+00 5.044199e-01 7.217047e-01 5.662061e-01 5.000000e-02 1.310706e-01 1.449110e-01 3.504272e-01 1.671953e-01 1.797231e+00 5.204664e-01 2.810847e-01 3.257053e-01 1.388494e-01 4.059338e-01 1.084325e-01 2.143132e-01 5.000000e-02
<GCONST> 8.387070e+01
<STATE> 5
<MEAN> 39
 -1.071278e+01 -1.784990e+01 -9.490691e+00 -1.825724e+01 -1.500937e+01 -7.616516e+00 9.144124e+00 1.384794e+00 2.253872e+00 1.309097e+00 -1.959841e+00 -5.763112e+00 8.494999e-01 6.088252e-01 -4.264669e+00 -2.024894e+00 2.267539e+00 4.132352e-02 2.311304e+00 3.471580e+00 8.402364e-01 -2.621607e+00 -2.565482e+00 -1.911215e-01 -5.993506e-01 7.429218e-02 -1.147814e-01 3.562711e-01 -8.449121e-02 1.299036e+00 2.540997e+00 4.684452e-01 -4.944655e-01 -4.309905e-01 -5.340449e-01 -8.986489e-01 3.197982e-01 7.786393e-01 -3.312823e-02
<VARIANCE> 39
 1.600198e+01 1.053878e+01 1.450865e+01 5.162055e+00 1.300291e+01 4.277239e+01 1.803223e+01 1.158623e+00 1.010761e+01 1.672881e+01 6.255524e+00 1.030305e+01 5.000000e-02 7.036593e-01 8.917936e-01 1.054376e+00 4.046895e-01 5.825082e+00 6.180298e-01 1.201710e+00 2.123835e+00 4.843987e-01 1.899627e+00 1.117275e+00 1.148129e+00 5.000000e-02 5.000000e-02 2.494081e-01 1.283339e-01 1.836485e-01 1.650163e-01 4.439663e-01 3.193568e-01 2.460524e-01 2.578887e-01 2.346397e-01 7.668037e-02 1.846469e-01 5.000000e-02
<GCONST> 7.150475e+01
<STATE> 6
<MEAN> 39
 -9.950170e+00 -2.234948e+01 -1.372904e+01 -1.180407e+01 -7.341554e+00 -3.329496e+00 1.501158e+01 -5.553865e-02 -5.004900e+00 -8.608844e+00 -2.446811e+00 -4.201206e+00 9.340743e-01 -3.835810e-02 -2.329962e+00 -1.570434e+00 3.251559e+00 4.162621e+00 1.220357e+00 7.414042e-01 -8.611348e-01 -1.967492e+00 -2.340820e+00 1.280939e+00 1.912172e+00 3.271105e-02 -1.551401e-01 8.913321e-01 3.242140e-01 9.579094e-03 9.820049e-01 -6.928469e-01 -1.257330e+00 -3.598489e-01 8.389950e-01 8.989380e-01 3.584920e-01 6.170764e-01 -1.490651e-02
<VARIANCE> 39
 2.374303e+01 8.076434e+00 7.369811e+00 1.632154e+01 3.079872e+01 2.296094e+01 3.539444e+01 1.125441e+01 6.268199e+00 1.060123e+01 7.785235e+00 1.543851e+01 5.000000e-02 1.153336e-01 2.088455e-01 2.751943e-01 3.963251e-01 4.265064e-01 3.861805e-01 1.374914e+00 8.586197e-01 7.333363e-01 1.825933e+00 7.195314e-01 7.380300e-01 5.000000e-02 8.309203e-02 9.155154e-02 1.282817e-01 1.465215e-01 4.691163e-01 1.523370e-01 2.451290e-01 3.337828e-01 1.583314e-01 3.331056e-01 1.726616e-01 1.388764e-01 5.000000e-02
<GCONST> 6.568223e+01
<STATE> 7
<MEAN> 39
 -1.101323e+01 -2.621544e+01 -1.553923e+01 -5.059501e+00 8.156223e-01 -2.119516e+00 1.136679e+01 -1.767489e+00 -4.669928e+00 -7.325157e+00 1.822221e+00 1.019688e+00 9.778906e-01 1.184562e-01 -5.172024e-01 -8.331358e-01 2.258709e+00 3.666780e+00 6.236780e-02 -1.066269e+00 -5.336732e-01 3.555569e-01 2.023830e-01 6.894388e-01 1.308248e+00 1.576896e-02 -1.431645e-02 6.564382e-01 2.076909e-01 -7.996370e-01 -6.414106e-01 -3.757914e-01 -2.782431e-01 -1.361579e-02 7.119813e-01 4.717029e-01 -6.015369e-01 -6.199601e-01 -7.577772e-03
<VARIANCE> 39
 1.722946e+01 8.126463e+00 4.691380e+00 1.430053e+01 2.763118e+01 3.598531e+01 4.551278e+01 9.099671e+00 7.217437e+00 7.829652e+00 8.218692e+00 9.722538e+00 5.000000e-02 2.583022e-01 7.288607e-01 5.126899e-01 1.173669e+00 9.753621e-01 1.376313e+00 7.994604e-01 7.704638e-01 1.385358e+00 1.748854e+00 9.100602e-01 3.964748e-01 5.000000e-02 5.000000e-02 9.134614e-02 8.087449e-02 5.903036e-02 1.613631e-01 1.222222e-01 2.811504e-01 1.985817e-01 1.772921e-01 2.316540e-01 1.561204e-01 5.542834e-02 5.000000e-02
<GCONST> 6.519180e+01
<STATE> 8
<MEAN> 39
 -9.849357e+00 -2.579479e+01 -1.646264e+01 -3.314497e+00 6.591359e+00 -2.326461e+00 1.028599e+01 -2.855760e+00 -2.567981e+00 -8.102082e+00 5.000168e-01 1.796205e+00 9.953054e-01 -2.647212e-01 2.557992e-01 -6.159621e-01 1.179378e-01 1.498016e+00 -5.476738e-01 -4.703376e-01 -9.811796e-01 1.077812e+00 -3.559848e-01 -8.946826e-01 -4.567702e-01 1.390136e-04 -3.435357e-01 7.983442e-02 9.626963e-02 -5.147259e-01 -8.468506e-01 -4.419299e-02 2.872576e-01 -3.079875e-02 1.078517e-01 -4.887182e-02 -1.574334e-01 -4.181176e-01 -6.171173e-03
<VARIANCE> 39
 1.221129e+01 9.799664e+00 8.104119e+00 7.176566e+00 3.621475e+01 4.893198e+01 3.593479e+01 6.019300e+00 2.014880e+01 5.257796e+00 4.375763e+00 9.540274e+00 5.000000e-02 4.472814e-01 3.234616e-01 5.632665e-01 3.333266e-01 9.511124e-01 6.917837e-01 5.997868e-01 5.773669e-01 3.992202e-01 4.829242e-01 4.594800e-01 2.590148e-01 5.000000e-02 6.242046e-02 1.029334e-01 7.244691e-02 1.143019e-01 7.630209e-02 2.120448e-01 9.066290e-02 8.805094e-02 2.505324e-01 1.040144e-01 2.144513e-01 5.000000e-02 5.000000e-02
<GCONST> 5.695071e+01
<STATE> 9
<MEAN> 39
 -1.189217e+01 -2.629675e+01 -1.922106e+01 -5.516277e+00 9.104246e+00 -6.750891e+00 1.083176e+01 -5.047028e+00 -2.961069e-01 -8.109188e+00 -1.309178e+00 -1.437411e+00 9.820676e-01 -9.462530e-01 1.651887e-01 -1.256483e-02 9.895695e-02 2.141489e-01 1.609094e-01 2.399578e-01 -5.527075e-01 8.988159e-01 -1.432410e-01 -9.531575e-02 -2.491700e-01 -1.043058e-02 3.939592e-02 9.007269e-02 3.568070e-01 8.062938e-02 -5.298067e-01 1.450170e-01 2.588862e-01 3.526597e-01 -4.097010e-01 -1.870541e-01 3.006800e-01 2.444289e-01 -2.572296e-03
<VARIANCE> 39
 1.129494e+01 5.971982e+00 3.167970e+00 7.983881e+00 3.861251e+01 3.730503e+01 2.248329e+01 1.236676e+01 1.999293e+01 9.783708e+00 2.448454e+00 1.005577e+01 5.000000e-02 5.904512e-01 2.375195e-01 2.989459e-01 4.496827e-01 2.778643e-01 6.582488e-01 2.304515e-01 1.663195e-01 7.926635e-01 3.481550e-01 7.545567e-01 5.540106e-01 5.000000e-02 5.000000e-02 5.415963e-02 6.248523e-02 5.000000e-02 8.704238e-02 1.356985e-01 5.000000e-02 7.969092e-02 1.696818e-01 1.159958e-01 7.669546e-02 5.061117e-02 5.000000e-02
<GCONST> 4.929739e+01
<STATE> 10
<MEAN> 39
 -1.438346e+01 -2.423386e+01 -1.776557e+01 -2.438611e+00 6.187462e+00 -2.283602e+00 1.039087e+01 -5.711030e+00 3.263802e-01 -9.026873e+00 -1.135375e+00 -4.399095e-01 9.416255e-01 -4.267837e-01 1.346454e-02 3.577697e-01 -3.136858e-01 -1.330092e+00 -5.544602e-01 5.136464e-01 3.490037e-01 -4.861674e-01 -7.471357e-01 -3.329405e-02 -1.687592e-01 -1.414460e-02 4.606965e-01 1.207517e-02 3.311416e-01 -2.041102e-01 -4.480610e-01 -5.513164e-02 2.038806e-01 3.618077e-01 -4.432382e-01 -7.778802e-02 1.681216e-01 9.469176e-02 6.146955e-04
<VARIANCE> 39
 4.856122e+00 3.151820e+00 7.227776e+00 4.193553e+00 3.969090e+01 4.537908e+01 2.530665e+01 3.160661e+00 1.104992e+01 5.533462e+00 1.644833e+00 5.265684e+00 5.000000e-02 4.591772e-01 3.562893e-01 3.863514e-01 5.242234e-01 5.303665e-01 4.217680e-01 6.499273e-02 1.298306e-01 7.766775e-01 3.735318e-01 4.063310e-01 2.118262e-01 5.000000e-02 1.060956e-01 6.181535e-02 5.000000e-02 5.000000e-02 5.000000e-02 9.914186e-02 5.000000e-02 6.101143e-02 1.493362e-01 1.349947e-01 5.000000e-02 5.000000e-02 5.000000e-02
<GCONST> 4.159669e+01
<STATE> 11
<MEAN> 39
 -1.353500e+01 -2.443092e+01 -1.622417e+01 -4.632857e+00 3.408117e+00 -5.608776e+00 1.225084e+01 -3.929463e+00 -2.762784e+00 -1.147710e+01 -6.249500e-01 9.579299e-02 9.353481e-01 6.330354e-01 2.592150e-01 1.400578e+00 -9.085128e-01 -1.666957e+00 -1.172092e-01 1.401596e+00 9.963389e-01 -1.286720e+00 -6.147228e-01 3.231550e-01 -8.163203e-02 -7.598063e-03 1.167295e-01 5.189141e-02 2.858917e-01 -4.998499e-01 -3.596571e-01 -8.275144e-02 1.031154e-01 6.127774e-02 2.819656e-01 5.040310e-01 -2.161491e-01 -5.110148e-01 -3.183086e-03
<VARIANCE> 39
 3.785058e+00 6.057702e+00 8.561054e+00 8.747726e+00 3.726703e+01 3.146298e+01 1.995966e+01 7.473908e+00 7.787176e+00 7.545198e+00 4.740469e+00 1.422825e+01 5.000000e-02 2.757102e-01 1.241587e-01 4.262906e-01 7.975011e-01 4.181007e-01 3.353016e-01 2.264522e-01 3.373617e-01 5.512065e-01 9.625772e-01 2.204383e-01 8.703859e-01 5.000000e-02 5.000000e-02 5.888616e-02 6.779425e-02 1.451307e-01 5.000000e-02 5.000000e-02 5.731788e-02 5.000000e-02 1.633890e-01 1.112453e-01 1.043023e-01 1.534135e-01 5.000000e-02
<GCONST> 4.878206e+01
<STATE> 12
<MEAN> 39
 -1.147527e+01 -2.414822e+01 -1.246105e+01 -7.609486e+00 -1.819267e-02 -5.862617e+00 1.639598e+01 -1.762472e+00 -4.138045e+00 -1.148867e+01 -1.087866e-01 -2.334190e+00 8.958227e-01 4.206874e-01 6.325922e-01 1.691161e+00 -1.832463e+00 -2.898638e+00 -7.431595e-01 6.801622e-01 8.355819e-01 5.623028e-01 1.320248e+00 -3.884584e-01 -1.713088e+00 -2.545431e-02 -1.650803e-01 2.972278e-01 9.229182e-02 -1.686937e-01 -3.233652e-01 -3.616880e-01 -6.388400e-01 -1.700384e-01 8.419866e-01 1.095654e+00 -2.819030e-02 -2.499759e-01 -4.444772e-03
<VARIANCE> 39
 5.634949e+00 5.602839e+00 8.891909e+00 1.019586e+01 4.548154e+01 2.233381e+01 1.508099e+01 1.128331e+01 1.000737e+01 1.917458e+01 8.261193e+00 7.063012e+00 5.000000e-02 2.671991e-01 3.236426e-01 3.779796e-01 8.785487e-01 5.460436e-01 3.989509e-01 3.730351e-01 8.674642e-01 4.271895e-01 1.007541e+00 7.824537e-01 7.633784e-01 5.000000e-02 5.000000e-02 5.000000e-02 5.000000e-02 9.401407e-02 1.124775e-01 7.229248e-02 1.183909e-01 8.981711e-02 5.000000e-02 1.023966e-01 8.362025e-02 1.509188e-01 5.000000e-02
<GCONST> 5.411764e+01
<STATE> 13
<MEAN> 39
 -1.198955e+01 -2.229457e+01 -9.356275e+00 -1.192245e+01 -7.433406e+00 -7.844345e+00 1.649181e+01 6.248568e-01 -2.100325e-01 -6.990894e+00 -1.433403e+00 -6.141284e+00 8.477122e-01 1.181214e-01 1.230044e+00 1.773395e+00 -1.827388e+00 -3.078984e+00 -1.209152e+00 -1.016400e+00 4.124435e-01 1.854922e+00 3.752889e+00 2.939927e-01 -1.010123e+00 -2.534316e-02 -1.478593e-02 4.749160e-02 -6.931759e-02 2.104579e-02 3.333032e-01 -3.526264e-01 -7.010527e-01 -4.440053e-01 4.452377e-01 5.522357e-01 4.229423e-01 5.900922e-01 4.580390e-03
<VARIANCE> 39
 7.840734e+00 1.990221e+00 1.597643e+01 1.135103e+01 1.686415e+01 2.234179e+01 1.538061e+01 2.238106e+01 1.357684e+01 1.265920e+01 1.393710e+01 2.470176e+00 5.000000e-02 6.799551e-02 1.295048e-01 8.038407e-02 1.974518e-01 4.110418e-01 7.618715e-01 6.331607e-01 8.809262e-01 4.227177e-01 5.015469e-01 5.744343e-01 5.496894e-01 5.000000e-02 5.417143e-02 5.000000e-02 8.045647e-02 2.447887e-01 8.429165e-02 8.261111e-02 9.046476e-02 1.747223e-01 1.141352e-01 2.094263e-01 1.320319e-01 9.985821e-02 5.000000e-02
<GCONST> 5.075663e+01
<STATE> 14
<MEAN> 39
 -1.027897e+01 -2.042248e+01 -6.146005e+00 -1.423633e+01 -1.029412e+01 -1.066532e+01 1.466228e+01 1.524109e-01 2.257961e+00 1.322445e+00 1.772333e+00 -6.355445e+00 7.956381e-01 1.950491e-01 9.005929e-01 1.626994e+00 -1.932975e+00 -1.902140e+00 -2.347739e+00 -1.815409e+00 -7.528255e-01 2.752442e+00 3.722902e+00 1.033176e+00 2.104023e-02 -1.000982e-02 -1.366523e-01 -1.224000e-01 -2.996024e-01 1.281541e-01 7.171258e-01 -1.903316e-02 -2.645395e-01 -4.421650e-01 -1.769186e-01 -8.078029e-01 -3.634681e-02 5.646393e-01 4.267089e-03
<VARIANCE> 39
 5.166378e+00 4.085941e+00 1.378273e+01 3.727285e+00 2.044972e+01 3.068351e+01 1.547490e+01 1.592482e+01 1.048597e+01 7.471752e+00 1.273465e+01 8.771565e+00 5.000000e-02 5.808968e-02 3.186184e-01 3.179969e-01 5.450128e-01 2.644182e-01 1.267844e+00 6.842882e-01 7.373740e-01 7.440386e-01 1.213469e+00 6.199427e-01 2.432844e-01 5.000000e-02 5.000000e-02 5.000000e-02 6.553496e-02 5.259177e-02 1.207889e-01 1.670870e-01 7.657231e-02 8.407002e-02 1.671175e-01 1.932950e-01 1.126720e-01 7.983664e-02 5.000000e-02
<GCONST> 5.243762e+01
<STATE> 15
<MEAN> 39
 -1.089313e+01 -1.829802e+01 -4.666280e+00 -1.852538e+01 -1.298196e+01 -1.709105e+01 8.484870e+00 -2.280383e+00 7.150423e+00 6.062277e+00 2.839665e+00 -5.035128e+00 7.926775e-01 -3.817904e-01 7.610518e-01 6.545035e-01 -1.094147e+00 -2.293277e-01 -9.425189e-01 -1.583942e+00 -1.264853e+00 3.750749e-01 2.282293e-01 2.257681e-01 1.195521e+00 -1.917661e-02 -9.247242e-02 1.362151e-02 -1.998727e-01 3.005816e-01 4.983054e-01 5.689297e-01 2.914693e-01 -3.426244e-02 -8.031474e-01 -9.613105e-01 -2.490146e-01 3.862818e-01 -4.989951e-03
<VARIANCE> 39
 4.589675e+00 2.754740e+00 4.812582e+00 6.087273e+00 1.362890e+01 3.945297e+01 2.330606e+01 1.681185e+01 1.202536e+01 6.673764e+00 1.538993e+01 5.539335e+00 5.000000e-02 3.357808e-01 1.696279e-01 2.303971e-01 3.358400e-01 5.381412e-01 1.243045e+00 6.806403e-01 3.603968e-01 1.629551e+00 1.906698e+00 6.699206e-01 5.589666e-01 5.000000e-02 5.000000e-02 5.000000e-02 6.555415e-02 6.017453e-02 1.460919e-01 3.427468e-01 1.702016e-01 9.384815e-02 2.796408e-01 2.935622e-01 1.625859e-01 2.044008e-01 5.000000e-02
<GCONST> 5.805091e+01
<STATE> 16
<MEAN> 39
 -1.403971e+01 -1.636336e+01 -1.676467e+00 -2.009581e+01 -1.343579e+01 -1.197816e+01 4.421291e+00 -6.387269e+00 4.594914e+00 3.383785e+00 7.873788e-01 1.101543e+00 7.158611e-01 8.626565e-03 7.592990e-01 3.915083e-01 2.096929e-01 1.054269e+00 1.708359e-01 -8.257231e-01 -5.906417e-01 -9.556708e-01 -1.238395e+00 -3.389522e-01 1.623986e+00 -3.548783e-02 4.950793e-01 -3.379637e-01 -2.314972e-01 5.570536e-01 2.079000e-01 7.249009e-02 1.723745e-01 2.438058e-01 -2.410651e-02 -2.647566e-01 -2.046381e-01 -3.743214e-01 -7.229969e-03
<VARIANCE> 39
 3.563874e+00 1.793866e+00 4.780388e+00 4.784119e+00 1.835763e+01 4.213448e+01 6.743472e+00 3.112044e+00 4.416790e+00 5.736813e+00 8.208121e+00 1.302246e+01 5.000000e-02 5.754177e-01 1.335627e-01 1.265262e+00 1.000061e+00 6.501167e-01 1.172242e+00 6.650882e-01 4.641111e-01 7.076653e-01 9.611745e-01 2.747808e-01 1.023455e+00 5.000000e-02 1.101812e-01 7.005538e-02 1.521721e-01 1.274236e-01 1.333629e-01 3.816139e-01 9.177175e-02 5.527372e-02 1.306137e-01 1.460325e-01 5.000000e-02 2.392952e-01 5.000000e-02
<GCONST> 5.438806e+01
<STATE> 17
<MEAN> 39
 -1.063597e+01 -1.572296e+01 -1.741225e+00 -1.875409e+01 -9.636761e+00 -1.484170e+01 3.757525e+00 -7.574003e+00 3.155212e+00 -6.173501e-01 -1.046751e+00 1.197468e+00 6.248898e-01 1.460790e+00 -1.026221e+00 -5.815696e-01 6.683175e-01 2.915576e-01 2.794349e-01 1.406369e-01 2.054330e-01 -5.680207e-01 -9.236717e-01 -5.676217e-01 3.389728e-01 -5.292846e-02 4.644083e-01 -7.049059e-01 -1.266104e-01 5.824268e-01 -4.107232e-01 8.357880e-01 2.810620e-01 4.824024e-01 1.426689e-02 3.925069e-01 2.187136e-01 -8.666893e-02 -4.412840e-03
<VARIANCE> 39
 5.413938e+00 1.069216e+01 2.475214e+01 2.826585e+01 9.754600e+00 4.297938e+01 1.412376e+01 2.138775e+00 7.407596e+00 1.569008e+01 1.952078e+01 5.936999e+00 5.000000e-02 6.712531e-01 1.898337e+00 6.824951e-01 8.188910e-01 1.227619e+00 2.510731e+00 7.904679e-01 1.146606e+00 8.374991e-01 1.082619e+00 3.824177e-01 1.696802e+00 5.000000e-02 2.208497e-01 1.770828e-01 3.195022e-01 2.878989e-01 1.704927e-01 3.858634e-01 1.557690e-01 5.000000e-02 2.104815e-01 1.615847e-01 9.513956e-02 1.833750e-01 5.000000e-02
<GCONST> 7.177757e+01
<STATE> 18
<MEAN> 39
 -7.902641e+00 -1.818952e+01 -3.009370e+00 -1.607603e+01 -1.068358e+01 -1.200340e+01 5.155822e+00 -4.716921e+00 3.348485e+00 4.921119e-01 6.480735e-01 3.017781e+00 5.057276e-01 2.271175e+00 -1.814418e+00 6.764770e-02 2.897764e+00 -1.886269e-01 3.035007e+00 -2.741130e-03 7.147375e-01 -7.073353e-01 -5.217252e-01 -2.339710e-01 4.551564e-01 -5.023709e-02 2.282120e-01 -3.886122e-01 -4.205520e-02 6.869076e-01 2.259945e-01 3.950873e-01 1.502627e-01 8.250694e-02 -5.211958e-03 -2.311909e-01 -3.450349e-02 -1.574997e-01 4.171902e-03
<VARIANCE> 39
 1.376497e+01 1.277767e+01 5.467648e+00 1.221892e+01 1.684503e+01 3.421978e+01 1.603618e+01 1.347871e+01 7.394032e+00 8.574047e+00 4.390856e+00 7.653110e+00 5.000000e-02 7.260858e-01 1.401851e+00 1.030750e+00 7.290253e-01 2.110399e+00 1.194094e+00 1.454480e+00 3.704719e-01 1.018719e+00 8.607472e-01 1.396087e+00 2.136490e+00 5.000000e-02 3.407929e-01 4.787635e-01 1.412293e-01 1.059295e-01 2.482083e-01 2.433187e-01 3.971376e-01 3.550131e-01 3.085657e-01 7.503869e-02 5.000000e-02 4.387225e-01 5.000000e-02
<GCONST> 7.409133e+01
<STATE> 19
<MEAN> 39
 -1.315182e+00 -2.374440e+01 -2.823071e+00 -7.839512e+00 -1.006944e+01 -5.594814e+00 4.449333e+00 -5.284119e+00 6.244642e-01 -4.013957e+00 -2.013327e+00 2.015440e+00 4.189798e-01 2.048293e+00 -2.152771e+00 -6.679505e-01 3.244956e+00 7.805386e-01 2.241288e+00 7.805603e-01 7.765047e-01 -5.053127e-01 -1.552988e+00 -4.671511e-01 6.038821e-02 -3.761656e-02 -7.191254e-01 4.150579e-01 -3.593997e-01 -6.354021e-01 1.285430e-01 -9.699509e-01 1.750472e-01 1.925266e-01 1.558152e-01 1.167652e-01 2.904537e-01 1.195414e-01 6.901701e-03
<VARIANCE> 39
 6.931278e+00 7.837321e+00 1.467952e+00 2.151381e+01 1.630481e+01 2.252550e+01 6.568429e+00 5.880964e+00 7.689719e+00 9.263178e+00 8.189802e+00 1.535176e+01 5.000000e-02 1.862921e+00 1.081646e+00 6.255339e-01 4.227868e-01 1.632503e+00 2.231544e+00 2.296006e+00 1.713859e+00 1.430529e+00 5.043179e-01 4.992754e-01 1.261444e+00 5.000000e-02 1.649794e-01 2.501150e-01 8.733441e-02 1.953197e-01 6.004981e-01 2.331865e-01 3.768035e-01 1.810969e-01 2.370715e-01 2.626731e-01 7.609101e-02 4.121439e-01 5.000000e-02
<GCONST> 7.189413e+01
<STATE> 20
<MEAN> 39
 -1.828859e+00 -2.557745e+01 -6.480126e+00 -5.012463e+00 -7.094822e+00 -4.265444e+00 7.897335e+00 -1.908644e+00 -8.626334e-02 -3.735981e+00 -5.730291e-02 3.720774e+00 3.555257e-01 -1.690307e-01 -1.177431e-01 -1.192503e+00 1.081062e-01 7.372048e-01 -4.850211e-01 3.909021e-01 1.175699e+00 4.557299e-02 7.440004e-01 5.214361e-01 3.490705e-01 -2.019799e-02 -3.231974e-01 4.126180e-01 7.618006e-02 -4.286891e-01 -1.923774e-01 -2.929985e-01 -2.119788e-01 -2.001483e-01 2.786810e-01 3.990853e-01 6.013706e-04 -3.156995e-01 2.177914e-03
<VARIANCE> 39
 6.630861e+00 7.955844e+00 5.520957e+00 1.155838e+01 7.594861e+00 1.335864e+01 1.015822e+01 6.467970e+00 1.086177e+01 3.118129e+01 7.201501e+00 1.015331e+01 5.000000e-02 3.947771e-01 8.939323e-01 1.078960e-01 2.301013e+00 2.237915e+00 2.139432e+00 1.350736e+00 1.363313e+00 1.610066e+00 2.415503e+00 1.544255e+00 3.415111e+00 5.000000e-02 3.017292e-01 2.874663e-01 7.387283e-02 8.691746e-01 1.698609e-01 6.656303e-01 2.835476e-01 1.793272e-01 2.298299e-01 9.123976e-01 1.810849e-01 4.204792e-01 5.000000e-02
<GCONST> 7.800987e+01
<STATE> 21
<MEAN> 39
 -1.197010e+00 -2.617548e+01 -8.374798e+00 -4.535729e+00 -7.938209e+00 -5.235742e+00 8.000941e+00 -6.096481e-01 1.973996e+00 -2.911504e+00 7.902806e-01 3.757377e+00 3.191747e-01 -7.510939e-03 1.468883e-01 -4.991405e-01 1.173077e+00 3.166727e-01 -1.211669e-01 2.719689e-01 -6.555635e-01 -2.332922e-01 -3.566884e-01 1.087133e-01 -5.269063e-01 -2.457422e-02 -5.647612e-02 4.173335e-01 5.552022e-01 1.811380e-01 2.288703e-01 -1.148603e-01 -1.538741e-01 -5.030156e-01 -3.079806e-01 -3.216709e-01 -2.074254e-01 -1.826764e-01 7.133486e-04
<VARIANCE> 39
 1.709176e+00 1.581622e+00 6.825732e+00 3.788080e+00 1.532557e+01 1.157264e+01 3.561642e+00 1.560637e+01 1.699324e+01 5.402051e+00 9.906054e+00 9.365224e+00 5.000000e-02 4.749511e-01 3.201024e-01 6.568819e-01 1.818975e+00 1.028973e+00 1.074708e+00 6.474258e-01 1.024355e+00 1.618545e+00 2.436802e+00 8.785805e-01 1.305275e+00 5.000000e-02 8.011163e-02 1.079430e-01 6.034821e-02 2.390277e-01 2.263653e-01 3.349189e-01 1.663519e-01 3.701527e-01 4.485431e-01 1.948707e-01 2.118962e-01 2.809255e-01 5.000000e-02
<GCONST> 6.506156e+01
<STATE> 22
<MEAN> 39
 -1.039386e+00 -2.533771e+01 -7.933082e+00 -7.222248e-01 -6.901242e+00 -6.882260e+00 7.033841e+00 -3.889317e+00 -1.474428e+00 -5.925273e+00 -2.002887e+00 6.272825e-01 2.554283e-01 -4.749228e-01 9.411705e-01 9.861906e-01 1.065490e+00 8.012905e-01 -2.725259e-01 -8.215981e-01 -4.705403e-01 -6.238483e-01 -8.476244e-01 -2.660117e-01 -3.471317e-02 -2.775491e-02 -3.175977e-02 3.019980e-01 4.556158e-01 -3.405223e-01 -7.590926e-02 3.439033e-02 -2.079838e-01 3.050304e-01 2.390494e-01 4.314035e-01 1.196489e-01 2.934903e-01 2.876896e-03
<VARIANCE> 39
 1.370518e+00 4.935354e+00 3.727933e+00 7.287777e+00 8.259565e+00 7.092038e+00 1.086790e+01 1.432405e+01 9.555753e+00 1.748805e+01 4.044250e+00 1.353889e+01 5.000000e-02 2.980153e-01 1.558094e+00 3.273404e-01 6.382256e-01 4.808641e-01 1.018289e+00 6.791702e-01 9.580557e-01 2.572835e+00 1.382253e+00 4.371637e-01 1.470078e+00 5.000000e-02 9.612847e-02 1.079860e-01 1.515890e-01 5.136882e-01 1.838858e-01 1.870758e-01 9.891078e-02 3.544873e-01 7.537782e-01 4.387532e-01 1.369388e-01 2.935190e-01 5.000000e-02
<GCONST> 6.533178e+01
<STATE> 23
<MEAN> 39
 -2.606522e+00 -2.325632e+01 -5.843194e+00 -2.161600e-01 -3.708737e+00 -4.614603e+00 5.842937e+00 -2.272741e+00 -7.827225e-01 -5.740602e+00 -6.412668e-01 3.311200e+00 2.025577e-01 1.419145e-01 1.153648e+00 1.328569e+00 8.508395e-01 6.315315e-01 4.319707e-02 -1.966186e-01 3.985651e-01 1.489687e-01 4.255115e-01 9.193818e-02 2.476466e-02 -1.373681e-02 2.547184e-01 5.554488e-02 -1.173901e-01 -1.406059e-01 -1.968049e-01 -1.508498e-01 1.341350e-01 2.094729e-01 2.935648e-01 3.056956e-01 -8.179777e-02 -3.563575e-01 6.558128e-03
<VARIANCE> 39
 6.057900e-01 1.254683e+01 5.792974e+00 9.279323e+00 5.642521e+00 3.453904e+00 1.440963e+01 5.296740e+00 7.777845e+00 9.933686e+00 5.574492e+00 3.311231e+01 5.000000e-02 3.204817e-01 7.627881e-01 6.204094e-01 2.662581e+00 1.408732e+00 5.489627e-01 2.856807e-01 1.452142e+00 2.541512e+00 2.224020e+00 5.941830e-01 1.618582e+00 5.000000e-02 5.000000e-02 2.720891e-01 1.646393e-01 2.526489e-01 6.724232e-02 9.755331e-02 2.005018e-01 1.697477e-01 3.613645e-01 2.883908e-01 5.532809e-02 2.166786e-01 5.000000e-02
<GCONST> 6.265278e+01
<STATE> 24
<MEAN> 39
 -3.435126e-01 -1.944063e+01 -1.752182e+00 6.295530e-01 -6.459916e+00 -6.987705e+00 5.833667e+00 -3.471122e+00 -1.756063e-02 -3.288273e+00 9.536428e-02 1.378169e+00 2.435874e-01 5.119047e-01 1.121795e+00 5.829734e-01 1.667868e-01 3.451486e-01 -5.344046e-01 -9.040572e-02 2.242597e-01 -1.533709e-01 -6.637623e-02 -7.307137e-01 -1.401276e+00 -1.188537e-03 -3.612088e-01 -2.935312e-01 -4.790084e-01 -1.334881e-01 2.540854e-01 7.278542e-02 6.743354e-02 2.129779e-02 -2.244903e-01 -3.110569e-01 -5.358327e-02 -6.374417e-02 -6.661755e-03
<VARIANCE> 39
 4.795215e+00 1.631598e+01 1.104747e+01 1.224720e+01 1.057419e+01 6.897506e+00 6.594860e+00 1.202539e+01 1.771864e+01 1.461311e+01 5.777229e+00 3.125098e+00 5.000000e-02 3.112409e-01 1.245974e+00 1.378015e+00 1.128958e+00 9.166577e-01 2.352394e-01 8.093890e-01 6.564120e-01 8.989821e-01 1.867882e+00 2.295800e-01 5.203736e-01 5.000000e-02 1.714472e-01 2.046278e-01 1.152171e-01 2.880996e-01 2.548184e-01 1.544955e-01 1.477861e-01 3.099345e-01 4.811408e-01 3.308119e-01 7.647897e-02 1.478879e-01 5.000000e-02
<GCONST> 6.539826e+01
<STATE> 25
<MEAN> 39
 -1.191423e+00 -1.916857e+01 -2.973944e+00 1.817998e+00 -2.700738e+00 -7.289438e+00 5.785424e+00 -1.101022e+00 7.843724e-01 -4.723155e+00 -2.025003e+00 -6.312435e-01 1.917832e-01 -1.088627e+00 7.488049e-01 -2.144809e-01 1.106574e-01 9.700124e-01 3.261746e-02 -4.471642e-01 1.059348e-01 -1.439024e-01 1.014264e-01 2.198214e-01 -1.122641e-01 -4.257894e-02 -4.990239e-01 9.844927e-02 -1.888808e-01 -4.366307e-01 -8.711603e-03 3.940577e-01 -1.169267e-01 -2.368137e-01 -1.358939e-01 1.570383e-01 2.845046e-01 4.041528e-01 -1.760336e-02
<VARIANCE> 39
 3.530432e+00 8.503457e+00 1.104214e+01 1.167494e+01 9.469969e+00 4.601556e+00 7.200975e+00 9.378948e+00 8.083125e+00 7.333934e+00 6.429860e+00 1.699002e+01 5.000000e-02 8.169461e-01 6.437905e-01 4.747767e-01 7.792159e-01 1.174982e+00 9.154711e-01 1.192901e+00 1.663656e+00 1.848341e+00 4.734171e-01 3.771945e-01 7.551684e-01 5.000000e-02 5.069068e-02 9.815750e-02 1.214799e-01 2.458547e-01 1.875206e-01 1.035021e-01 1.449389e-01 2.504560e-01 2.703249e-01 3.299501e-01 7.330676e-02 1.492089e-01 5.000000e-02
<GCONST> 6.244162e+01
<STATE> 26
<MEAN> 39
 -5.404223e+00 -1.655609e+01 -4.019150e+00 1.121308e-01 -7.754986e-01 -6.042815e+00 3.448652e+00 -2.832425e+00 -2.998667e+00 -5.133439e+00 -5.985982e-01 -1.188200e+00 1.936017e-02 -1.645849e+00 1.221189e+00 -2.968683e-01 -1.391080e+00 2.491677e-01 1.219680e+00 4.532089e-02 5.188524e-02 -1.935621e-01 3.193866e-01 7.607428e-01 4.896780e-01 -7.190865e-02 3.481226e-01 3.981122e-02 1.972151e-01 3.343992e-02 -1.944759e-01 8.072394e-02 2.885665e-01 1.335053e-01 3.094128e-01 4.727643e-02 8.156794e-03 1.992722e-01 1.071996e-02
<VARIANCE> 39
 5.498330e+00 3.801209e+00 5.889858e+00 7.639216e+00 3.452786e+00 6.850771e+00 1.101203e+01 7.674414e+00 1.521736e+00 7.438377e+00 8.592542e+00 5.308546e+00 5.000000e-02 3.039913e-01 9.684780e-01 3.974730e-01 6.810020e-01 6.076010e-01 4.079202e-01 1.338606e+00 1.590271e+00 1.121500e+00 1.108544e+00 6.078475e-01 1.720701e+00 5.000000e-02 1.640808e-01 9.148734e-02 9.679691e-02 2.329035e-01 1.251978e-01 1.400656e-01 2.569458e-01 2.629312e-01 1.540649e-01 1.560380e-01 1.657979e-01 2.291252e-01 5.000000e-02
<GCONST> 5.874908e+01
<STATE> 27
<MEAN> 39
 -7.273286e+00 -1.482647e+01 -4.554188e+00 -2.239134e+00 -1.051644e+00 -2.523008e+00 6.639223e+00 -1.619489e+00 6.241758e-02 -1.449125e+00 7.182770e-01 9.129477e-01 -7.368843e-02 -6.432624e-03 6.587186e-01 4.571331e-01 2.570587e-01 3.386308e-01 6.253352e-01 2.941807e-01 -9.631822e-03 2.518846e-01 3.524635e-01 1.849003e-01 -3.915580e-03 -1.015236e-02 4.133687e-01 -6.987593e-02 2.135807e-01 3.913558e-01 3.467207e-03 -3.809913e-01 -2.856191e-01 1.359059e-02 1.731633e-02 -2.262043e-01 -1.876345e-01 -3.155874e-01 1.573611e-02
<VARIANCE> 39
 8.459678e-01 1.887086e+00 2.477200e+00 6.916571e+00 4.028093e+00 9.803920e+00 1.060503e+01 4.094079e+00 2.883952e+00 5.175417e+00 1.274041e+01 7.158323e+00 5.000000e-02 2.913924e-01 3.696610e-01 5.577401e-01 6.365029e-01 3.982424e-01 5.543687e-01 6.933382e-01 3.388454e-01 7.958249e-01 1.040672e+00 1.017847e+00 1.344138e+00 5.000000e-02 7.593989e-02 1.412599e-01 8.293388e-02 1.198602e-01 6.768075e-02 1.244827e-01 2.240138e-01 1.279962e-01 1.694983e-01 2.035887e-01 2.295437e-01 3.040774e-01 5.000000e-02
<GCONST> 5.106072e+01
<TRANSP> 28
 0.000000e+00 1.000000e+00 0.000000e+00 0.000000e+00 0.000000e+00 0.000000e+00 0.000000e+00 0.000000e+00 0.000000e+00 0.000000e+00 0.000000e+00 0.000000e+00 0.000000e+00 0.000000e+00 0.000000e+00 0.000000e+00 0.000000e+00 0.000000e+00 0.000000e+00 0.000000e+00 0.000000e+00 0.000000e+00 0.000000e+00 0.000000e+00 0.000000e+00 0.000000e+00 0.000000e+00 0.000000e+00
 0.000000e+00 6.348999e-01 3.651002e-01 0.000000e+00 0.000000e+00 0.000000e+00 0.000000e+00 0.000000e+00 0.000000e+00 0.000000e+00 0.000000e+00 0.000000e+00 0.000000e+00 0.000000e+00 0.000000e+00 0.000000e+00 0.000000e+00 0.000000e+00 0.000000e+00 0.000000e+00 0.000000e+00 0.000000e+00 0.000000e+00 0.000000e+00 0.000000e+00 0.000000e+00 0.000000e+00 0.000000e+00
 0.000000e+00 0.000000e+00 3.791137e-01 6.208863e-01 0.000000e+00 0.000000e+00 0.000000e+00 0.000000e+00 0.000000e+00 0.000000e+00 0.000000e+00 0.000000e+00 0.000000e+00 0.000000e+00 0.000000e+00 0.000000e+00 0.000000e+00 0.000000e+00 0.000000e+00 0.000000e+00 0.000000e+00 0.000000e+00 0.000000e+00 0.000000e+00 0.000000e+00 0.000000e+00 0.000000e+00 0.000000e+00
 0.000000e+00 0.000000e+00 0.000000e+00 4.973356e-01 5.026644e-01 0.000000e+00 0.000000e+00 0.000000e+00 0.000000e+00 0.000000e+00 0.000000e+00 0.000000e+00 0.000000e+00 0.000000e+00 0.000000e+00 0.000000e+00 0.000000e+00 0.000000e+00 0.000000e+00 0.000000e+00 0.000000e+00 0.000000e+00 0.000000e+00 0.000000e+00 0.000000e+00 0.000000e+00 0.000000e+00 0.000000e+00
 0.000000e+00 0.000000e+00 0.000000e+00 0.000000e+00 5.000000e-01 5.000000e-01 0.000000e+00 0.000000e+00 0.000000e+00 0.000000e+00 0.000000e+00 0.000000e+00 0.000000e+00 0.000000e+00 0.000000e+00 0.000000e+00 0.000000e+00 0.000000e+00 0.000000e+00 0.000000e+00 0.000000e+00 0.000000e+00 0.000000e+00 0.000000e+00 0.000000e+00 0.000000e+00 0.000000e+00 0.000000e+00
 0.000000e+00 0.000000e+00 0.000000e+00 0.000000e+00 0.000000e+00 4.444444e-01 5.555556e-01 0.000000e+00 0.000000e+00 0.000000e+00 0.000000e+00 0.000000e+00 0.000000e+00 0.000000e+00 0.000000e+00 0.000000e+00 0.000000e+00 0.000000e+00 0.000000e+00 0.000000e+00 0.000000e+00 0.000000e+00 0.000000e+00 0.000000e+00 0.000000e+00 0.000000e+00 0.000000e+00 0.000000e+00
 0.000000e+00 0.000000e+00 0.000000e+00 0.000000e+00 0.000000e+00 0.000000e+00 5.446197e-01 4.553803e-01 0.000000e+00 0.000000e+00 0.000000e+00 0.000000e+00 0.000000e+00 0.000000e+00 0.000000e+00 0.000000e+00 0.000000e+00 0.000000e+00 0.000000e+00 0.000000e+00 0.000000e+00 0.000000e+00 0.000000e+00 0.000000e+00 0.000000e+00 0.000000e+00 0.000000e+00 0.000000e+00
 0.000000e+00 0.000000e+00 0.000000e+00 0.000000e+00 0.000000e+00 0.000000e+00 0.000000e+00 5.840285e-01 4.159715e-01 0.000000e+00 0.000000e+00 0.000000e+00 0.000000e+00 0.000000e+00 0.000000e+00 0.000000e+00 0.000000e+00 0.000000e+00 0.000000e+00 0.000000e+00 0.000000e+00 0.000000e+00 0.000000e+00 0.000000e+00 0.000000e+00 0.000000e+00 0.000000e+00 0.000000e+00
 0.000000e+00 0.000000e+00 0.000000e+00 0.000000e+00 0.000000e+00 0.000000e+00 0.000000e+00 0.000000e+00 5.005445e-01 4.994555e-01 0.000000e+00 0.000000e+00 0.000000e+00 0.000000e+00 0.000000e+00 0.000000e+00 0.000000e+00 0.000000e+00 0.000000e+00 0.000000e+00 0.000000e+00 0.000000e+00 0.000000e+00 0.000000e+00 0.000000e+00 0.000000e+00 0.000000e+00 0.000000e+00
 0.000000e+00 0.000000e+00 0.000000e+00 0.000000e+00 0.000000e+00 0.000000e+00 0.000000e+00 0.000000e+00 0.000000e+00 5.829179e-01 4.170821e-01 0.000000e+00 0.000000e+00 0.000000e+00 0.000000e+00 0.000000e+00 0.000000e+00 0.000000e+00 0.000000e+00 0.000000e+00 0.000000e+00 0.000000e+00 0.000000e+00 0.000000e+00 0.000000e+00 0.000000e+00 0.000000e+00 0.000000e+00
 0.000000e+00 0.000000e+00 0.000000e+00 0.000000e+00 0.000000e+00 0.000000e+00 0.000000e+00 0.000000e+00 0.000000e+00 0.000000e+00 5.002534e-01 4.997467e-01 0.000000e+00 0.000000e+00 0.000000e+00 0.000000e+00 0.000000e+00 0.000000e+00 0.000000e+00 0.000000e+00 0.000000e+00 0.000000e+00 0.000000e+00 0.000000e+00 0.000000e+00 0.000000e+00 0.000000e+00 0.000000e+00
 0.000000e+00 0.000000e+00 0.000000e+00 0.000000e+00 0.000000e+00 0.000000e+00 0.000000e+00 0.000000e+00 0.000000e+00 0.000000e+00 0.000000e+00 5.377535e-01 4.622465e-01 0.000000e+00 0.000000e+00 0.000000e+00 0.000000e+00 0.000000e+00 0.000000e+00 0.000000e+00 0.000000e+00 0.000000e+00 0.000000e+00 0.000000e+00 0.000000e+00 0.000000e+00 0.000000e+00 0.000000e+00
 0.000000e+00 0.000000e+00 0.000000e+00 0.000000e+00 0.000000e+00 0.000000e+00 0.000000e+00 0.000000e+00 0.000000e+00 0.000000e+00 0.000000e+00 0.000000e+00 3.887100e-01 6.112900e-01 0.000000e+00 0.000000e+00 0.000000e+00 0.000000e+00 0.000000e+00 0.000000e+00 0.000000e+00 0.000000e+00 0.000000e+00 0.000000e+00 0.000000e+00 0.000000e+00 0.000000e+00 0.000000e+00
 0.000000e+00 0.000000e+00 0.000000e+00 0.000000e+00 0.000000e+00 0.000000e+00 0.000000e+00 0.000000e+00 0.000000e+00 0.000000e+00 0.000000e+00 0.000000e+00 0.000000e+00 3.750349e-01 6.249651e-01 0.000000e+00 0.000000e+00 0.000000e+00 0.000000e+00 0.000000e+00 0.000000e+00 0.000000e+00 0.000000e+00 0.000000e+00 0.000000e+00 0.000000e+00 0.000000e+00 0.000000e+00
 0.000000e+00 0.000000e+00 0.000000e+00 0.000000e+00 0.000000e+00 0.000000e+00 0.000000e+00 0.000000e+00 0.000000e+00 0.000000e+00 0.000000e+00 0.000000e+00 0.000000e+00 0.000000e+00 6.873671e-01 3.126328e-01 0.000000e+00 0.000000e+00 0.000000e+00 0.000000e+00 0.000000e+00 0.000000e+00 0.000000e+00 0.000000e+00 0.000000e+00 0.000000e+00 0.000000e+00 0.000000e+00
 0.000000e+00 0.000000e+00 0.000000e+00 0.000000e+00 0.000000e+00 0.000000e+00 0.000000e+00 0.000000e+00 0.000000e+00 0.000000e+00 0.000000e+00 0.000000e+00 0.000000e+00 0.000000e+00 0.000000e+00 5.457250e-01 4.542750e-01 0.000000e+00 0.000000e+00 0.000000e+00 0.000000e+00 0.000000e+00 0.000000e+00 0.000000e+00 0.000000e+00 0.000000e+00 0.000000e+00 0.000000e+00
 0.000000e+00 0.000000e+00 0.000000e+00 0.000000e+00 0.000000e+00 0.000000e+00 0.000000e+00 0.000000e+00 0.000000e+00 0.000000e+00 0.000000e+00 0.000000e+00 0.000000e+00 0.000000e+00 0.000000e+00 0.000000e+00 5.004988e-01 4.995013e-01 0.000000e+00 0.000000e+00 0.000000e+00 0.000000e+00 0.000000e+00 0.000000e+00 0.000000e+00 0.000000e+00 0.000000e+00 0.000000e+00
 0.000000e+00 0.000000e+00 0.000000e+00 0.000000e+00 0.000000e+00 0.000000e+00 0.000000e+00 0.000000e+00 0.000000e+00 0.000000e+00 0.000000e+00 0.000000e+00 0.000000e+00 0.000000e+00 0.000000e+00 0.000000e+00 0.000000e+00 4.985660e-01 5.014340e-01 0.000000e+00 0.000000e+00 0.000000e+00 0.000000e+00 0.000000e+00 0.000000e+00 0.000000e+00 0.000000e+00 0.000000e+00
 0.000000e+00 0.000000e+00 0.000000e+00 0.000000e+00 0.000000e+00 0.000000e+00 0.000000e+00 0.000000e+00 0.000000e+00 0.000000e+00 0.000000e+00 0.000000e+00 0.000000e+00 0.000000e+00 0.000000e+00 0.000000e+00 0.000000e+00 0.000000e+00 5.009130e-01 4.990870e-01 0.000000e+00 0.000000e+00 0.000000e+00 0.000000e+00 0.000000e+00 0.000000e+00 0.000000e+00 0.000000e+00
 0.000000e+00 0.000000e+00 0.000000e+00 0.000000e+00 0.000000e+00 0.000000e+00 0.000000e+00 0.000000e+00 0.000000e+00 0.000000e+00 0.000000e+00 0.000000e+00 0.000000e+00 0.000000e+00 0.000000e+00 0.000000e+00 0.000000e+00 0.000000e+00 0.000000e+00 5.001272e-01 4.998728e-01 0.000000e+00 0.000000e+00 0.000000e+00 0.000000e+00 0.000000e+00 0.000000e+00 0.000000e+00
 0.000000e+00 0.000000e+00 0.000000e+00 0.000000e+00 0.000000e+00 0.000000e+00 0.000000e+00 0.000000e+00 0.000000e+00 0.000000e+00 0.000000e+00 0.000000e+00 0.000000e+00 0.000000e+00 0.000000e+00 0.000000e+00 0.000000e+00 0.000000e+00 0.000000e+00 0.000000e+00 5.834435e-01 4.165565e-01 0.000000e+00 0.000000e+00 0.000000e+00 0.000000e+00 0.000000e+00 0.000000e+00
 0.000000e+00 0.000000e+00 0.000000e+00 0.000000e+00 0.000000e+00 0.000000e+00 0.000000e+00 0.000000e+00 0.000000e+00 0.000000e+00 0.000000e+00 0.000000e+00 0.000000e+00 0.000000e+00 0.000000e+00 0.000000e+00 0.000000e+00 0.000000e+00 0.000000e+00 0.000000e+00 0.000000e+00 3.750920e-01 6.249080e-01 0.000000e+00 0.000000e+00 0.000000e+00 0.000000e+00 0.000000e+00
 0.000000e+00 0.000000e+00 0.000000e+00 0.000000e+00 0.000000e+00 0.000000e+00 0.000000e+00 0.000000e+00 0.000000e+00 0.000000e+00 0.000000e+00 0.000000e+00 0.000000e+00 0.000000e+00 0.000000e+00 0.000000e+00 0.000000e+00 0.000000e+00 0.000000e+00 0.000000e+00 0.000000e+00 0.000000e+00 4.440240e-01 5.559761e-01 0.000000e+00 0.000000e+00 0.000000e+00 0.000000e+00
 0.000000e+00 0.000000e+00 0.000000e+00 0.000000e+00 0.000000e+00 0.000000e+00 0.000000e+00 0.000000e+00 0.000000e+00 0.000000e+00 0.000000e+00 0.000000e+00 0.000000e+00 0.000000e+00 0.000000e+00 0.000000e+00 0.000000e+00 0.000000e+00 0.000000e+00 0.000000e+00 0.000000e+00 0.000000e+00 0.000000e+00 4.444390e-01 5.555610e-01 0.000000e+00 0.000000e+00 0.000000e+00
 0.000000e+00 0.000000e+00 0.000000e+00 0.000000e+00 0.000000e+00 0.000000e+00 0.000000e+00 0.000000e+00 0.000000e+00 0.000000e+00 0.000000e+00 0.000000e+00 0.000000e+00 0.000000e+00 0.000000e+00 0.000000e+00 0.000000e+00 0.000000e+00 0.000000e+00 0.000000e+00 0.000000e+00 0.000000e+00 0.000000e+00 0.000000e+00 5.835826e-01 4.164174e-01 0.000000e+00 0.000000e+00
 0.000000e+00 0.000000e+00 0.000000e+00 0.000000e+00 0.000000e+00 0.000000e+00 0.000000e+00 0.000000e+00 0.000000e+00 0.000000e+00 0.000000e+00 0.000000e+00 0.000000e+00 0.000000e+00 0.000000e+00 0.000000e+00 0.000000e+00 0.000000e+00 0.000000e+00 0.000000e+00 0.000000e+00 0.000000e+00 0.000000e+00 0.000000e+00 0.000000e+00 5.038903e-01 4.961097e-01 0.000000e+00
 0.000000e+00 0.000000e+00 0.000000e+00 0.000000e+00 0.000000e+00 0.000000e+00 0.000000e+00 0.000000e+00 0.000000e+00 0.000000e+00 0.000000e+00 0.000000e+00 0.000000e+00 0.000000e+00 0.000000e+00 0.000000e+00 0.000000e+00 0.000000e+00 0.000000e+00 0.000000e+00 0.000000e+00 0.000000e+00 0.000000e+00 0.000000e+00 0.000000e+00 0.000000e+00 6.407590e-01 3.592410e-01
 0.000000e+00 0.000000e+00 0.000000e+00 0.000000e+00 0.000000e+00 0.000000e+00 0.000000e+00 0.000000e+00 0.000000e+00 0.000000e+00 0.000000e+00 0.000000e+00 0.000000e+00 0.000000e+00 0.000000e+00 0.000000e+00 0.000000e+00 0.000000e+00 0.000000e+00 0.000000e+00 0.000000e+00 0.000000e+00 0.000000e+00 0.000000e+00 0.000000e+00 0.000000e+00 0.000000e+00 0.000000e+00
<ENDHMM>
