~o
<STREAMINFO> 1 39
<VECSIZE> 39<NULLD><MFCC_E_D_A><DIAGC>
~h "Chin"
<BEGINHMM>
<NUMSTATES> 26
<STATE> 2
<MEAN> 39
 -6.711508e+00 -8.920766e+00 -1.042462e+00 -1.222343e+00 2.814055e+00 -3.657543e+00 6.088251e-01 -2.764315e+00 7.574002e-01 -2.895943e+00 1.653615e+00 -2.068137e+00 4.338506e-02 -7.564886e-01 5.910298e-01 2.472148e-01 -4.629675e-01 -1.221118e-01 -2.418133e-01 1.874847e-01 3.685289e-01 -1.705622e-01 -4.579927e-01 9.093556e-01 4.804390e-01 3.475749e-02 -6.861313e-01 7.402095e-01 -2.267300e-01 -1.209339e+00 2.020178e-01 -2.579696e-01 -7.241959e-02 4.242741e-01 -7.029931e-03 -2.173365e-01 5.005081e-02 6.171797e-02 3.361578e-02
<VARIANCE> 39
 3.532336e+00 3.836394e+00 2.340382e+00 3.232000e+00 9.577045e+00 4.775980e+00 8.653011e+00 5.077033e+00 2.768285e+01 3.928716e+00 4.654384e+00 7.654747e+00 5.000000e-02 2.736691e+00 7.127583e-01 6.115862e-01 1.673664e+00 8.485557e-01 8.575761e-01 1.875682e+00 1.164602e+00 1.435794e+00 9.188193e-01 5.363701e-01 4.406510e-01 5.000000e-02 5.212081e-01 6.784656e-02 1.714347e-01 1.887965e-01 1.441910e-01 2.968316e-01 3.755572e-01 5.912667e-02 4.399073e-01 2.517732e-01 1.977485e-01 5.000000e-02 5.000000e-02
<GCONST> 6.262906e+01
<STATE> 3
<MEAN> 39
 -7.292109e+00 -6.886912e+00 -1.312549e+00 -3.237737e+00 2.245023e+00 -5.465027e+00 2.737563e+00 -7.162004e-01 -3.327084e-01 -4.420386e+00 3.494474e+00 -8.764789e-01 1.394646e-01 -2.658720e+00 2.948229e+00 -1.301524e+00 -4.520343e+00 1.489833e+00 -1.919119e+00 -8.597893e-01 7.436181e-01 -5.326950e-01 -8.774903e-01 -7.265358e-02 1.445521e-01 1.319200e-01 -2.802315e-01 -1.392051e-02 -3.090051e-01 -1.399049e+00 -6.328864e-01 -7.544163e-01 -5.776852e-01 -4.144164e-01 1.007609e-01 -6.985106e-02 -5.728064e-01 -3.379645e-01 3.277635e-02
<VARIANCE> 39
 1.282572e+01 9.806938e+00 5.337348e+00 8.521223e+00 2.575126e+01 7.128058e+00 1.450291e+01 4.764266e+00 3.712684e+00 1.165590e+01 8.596894e+00 8.551929e+00 5.000000e-02 2.488035e+00 9.895253e-01 1.536882e+00 2.059802e+00 1.234948e+00 4.277993e+00 2.700996e+00 6.897871e-01 8.742194e-01 2.094760e+00 3.483214e-01 9.178147e-02 5.000000e-02 3.080403e-01 4.699208e-01 4.288834e-01 2.125525e-01 6.202235e-01 5.609277e-01 2.267557e-01 9.701825e-02 2.883117e-01 1.727344e-01 4.784487e-01 7.015243e-02 5.000000e-02
<GCONST> 7.476267e+01
<STATE> 4
<MEAN> 39
 -1.666827e+01 2.056706e+00 -5.640060e+00 -1.902785e+01 6.346531e+00 -1.203526e+01 -3.932448e+00 2.980110e-01 -1.233636e+00 -7.258574e+00 1.746611e+00 -2.010395e+00 5.614793e-01 -1.027607e+00 -1.018736e-01 -3.468853e-01 -5.408643e+00 -2.864928e+00 -2.571025e+00 -1.535069e+00 -1.022060e+00 7.317563e-01 -5.219816e-01 -1.500113e+00 -7.678574e-01 1.583451e-01 1.105597e+00 -1.755387e+00 8.523387e-01 7.070335e-01 -1.636235e+00 5.049978e-01 6.725208e-01 -1.558119e-01 9.228188e-01 8.554375e-01 -2.205652e-01 -3.803202e-01 -1.111438e-02
<VARIANCE> 39
 3.194315e+01 1.169621e+01 3.819546e+01 2.949186e+01 2.361354e+01 7.175771e+01 2.693100e+01 2.212884e+01 1.311651e+01 3.410904e+01 4.017223e+00 5.459185e+00 5.000000e-02 2.760626e+00 6.650324e+00 3.370869e+00 8.190243e-01 4.782957e+00 3.510014e+00 1.164618e+00 1.163153e+00 2.370648e+00 1.485221e+00 3.123518e+00 9.108963e-01 5.000000e-02 4.804328e-01 4.353995e-01 5.601746e-01 5.343640e-01 3.551316e-01 9.923577e-01 4.756743e-01 7.271814e-01 1.483620e-01 7.530433e-01 1.439112e-01 8.556983e-02 5.000000e-02
<GCONST> 9.654690e+01
<STATE> 5
<MEAN> 39
 -1.304637e+01 -5.715653e+00 -1.304130e+00 -2.447189e+01 -9.204169e+00 -1.384131e+01 -4.412908e+00 -5.521270e+00 2.815894e+00 -6.812602e+00 -4.149123e+00 -4.323008e+00 7.872584e-01 1.425874e+00 -3.472183e+00 1.918103e+00 -1.775685e+00 -5.040313e+00 -5.599257e-01 1.528530e+00 -2.894394e-01 2.741574e+00 2.098757e+00 -8.659461e-01 -1.610521e+00 9.888523e-02 3.687268e-01 -4.210915e-01 3.417113e-01 1.326879e+00 4.184434e-01 8.026178e-01 8.231224e-01 7.645992e-01 4.227152e-01 9.453938e-01 6.962030e-01 5.426889e-02 -2.860611e-02
<VARIANCE> 39
 1.135870e+01 1.433015e+01 2.537799e+01 2.475073e+00 8.640904e+00 2.382773e+01 2.853105e+01 8.810751e+00 8.315914e+00 6.134189e+00 3.018517e+01 1.554109e+01 5.000000e-02 1.192068e+00 2.178532e+00 2.487321e+00 2.017311e+00 1.213848e+00 1.193008e+00 1.354762e+00 4.908685e+00 3.110031e-01 3.305703e+00 1.259082e+00 6.099299e-01 5.000000e-02 3.295089e-01 3.191620e-01 2.127728e-01 6.484719e-02 3.260006e-01 2.404138e-01 2.551283e-01 1.820160e-01 2.086957e-01 1.873714e-01 3.640728e-01 1.855008e-01 5.000000e-02
<GCONST> 7.936761e+01
<STATE> 6
<MEAN> 39
 -1.264217e+01 -1.070303e+01 5.246467e-01 -2.789910e+01 -1.038880e+01 -1.319550e+01 3.186306e-01 -2.850313e-01 7.563643e+00 -8.619665e-02 -2.602571e+00 -6.385900e+00 9.022118e-01 2.383375e-02 -1.926182e+00 1.447124e+00 -1.155329e+00 -1.937300e+00 7.658933e-01 1.581503e+00 1.276606e+00 2.461342e+00 3.135706e+00 3.565619e-01 -5.452481e-01 6.333617e-02 -3.544508e-01 8.730586e-01 -4.119920e-01 8.071004e-01 1.257974e+00 2.263695e-01 -1.574016e-01 5.880571e-03 -3.361887e-01 3.216012e-02 5.500502e-01 4.899290e-01 -2.224089e-02
<VARIANCE> 39
 7.215129e+00 1.262848e+01 2.998698e+01 5.054691e+00 1.323887e+01 2.683474e+01 1.578084e+01 2.726451e+01 1.163542e+01 2.086432e+00 2.641404e+01 5.691313e-01 5.000000e-02 6.037487e-01 1.145478e+00 6.639984e-01 1.161216e+00 2.922826e+00 1.055900e+00 7.140952e-01 3.296156e+00 6.616233e-01 1.596403e+00 9.780324e-01 5.974414e-01 5.000000e-02 1.458204e-01 4.302932e-01 1.960394e-01 8.168966e-02 1.059757e-01 1.529906e-01 3.965093e-01 3.129725e-01 1.281860e-01 4.408573e-01 3.573589e-01 5.467254e-02 5.000000e-02
<GCONST> 7.101151e+01
<STATE> 7
<MEAN> 39
 -1.176011e+01 -1.062256e+01 1.678391e+00 -2.638084e+01 -1.338556e+01 -1.536388e+01 5.624207e-01 -1.769431e+00 1.030385e+01 3.842783e+00 -4.055363e-02 -5.165826e+00 9.724326e-01 3.069876e-01 -3.025418e-01 6.033581e-01 3.525528e-01 -8.388176e-01 9.574671e-02 1.944929e-02 -2.856701e-01 1.275674e+00 1.403192e+00 4.625176e-01 -2.515418e-01 2.511438e-02 3.558219e-03 4.599155e-01 -3.581383e-01 1.670672e-01 5.116710e-01 1.454229e-01 -5.521645e-02 -1.083837e-01 -3.394324e-01 -9.017294e-01 -2.486902e-01 -4.153447e-02 -1.830225e-02
<VARIANCE> 39
 9.261179e+00 5.779277e+00 2.949587e+01 8.081578e+00 9.316159e+00 4.029492e+01 1.995799e+01 7.980228e+01 1.448123e+00 3.775309e+00 1.623958e+01 6.745271e+00 5.000000e-02 5.925141e-01 4.927977e-01 2.328750e-01 5.719023e-01 4.114203e-01 7.166120e-01 2.065270e+00 1.503646e+00 1.044455e+00 5.827850e-01 1.342679e+00 7.619040e-01 5.000000e-02 7.068242e-02 2.859188e-01 1.470460e-01 1.589240e-01 1.996966e-01 1.559497e-01 3.828228e-01 8.484702e-01 1.680261e-01 2.152149e-01 3.017575e-01 1.330463e-01 5.000000e-02
<GCONST> 6.924459e+01
<STATE> 8
<MEAN> 39
 -1.225522e+01 -1.139759e+01 1.908637e+00 -2.595116e+01 -1.475028e+01 -9.162958e+00 9.317030e-01 -3.704820e-02 1.326238e+01 4.451520e+00 2.822114e-01 -7.643507e+00 9.932780e-01 3.754509e-02 -8.985388e-02 -3.313397e-01 -1.975806e-01 -3.949820e-01 8.425445e-01 7.907922e-01 1.987729e-02 5.027265e-01 -8.105538e-01 -8.781405e-02 -2.133724e-01 -5.515254e-03 7.892855e-02 4.403417e-02 -9.014415e-02 -9.331935e-02 1.334656e-01 -3.157341e-03 -1.092890e-01 -1.707814e-01 -7.619504e-01 -9.415418e-01 -4.532660e-01 1.231388e-01 -1.140854e-02
<VARIANCE> 39
 7.089136e+00 2.065009e+00 1.926271e+01 1.133299e+01 2.904260e+01 4.287579e+01 2.493611e+01 2.682258e+01 2.358299e+00 7.623877e+00 1.155662e+01 6.268584e+00 5.000000e-02 3.248798e-01 3.467104e-01 1.034206e+00 7.546768e-01 7.008265e-01 5.575368e-01 1.045348e+00 1.440572e+00 6.975299e-01 7.259299e-01 1.332172e+00 3.626572e-01 5.000000e-02 9.181716e-02 6.851933e-02 1.297794e-01 1.917679e-01 1.697090e-01 1.029701e-01 5.144740e-01 3.349267e-01 3.341230e-01 1.891247e-01 1.976712e-01 1.709186e-01 5.000000e-02
<GCONST> 6.647782e+01
<STATE> 9
<MEAN> 39
 -1.163231e+01 -1.220878e+01 1.793771e+00 -2.638237e+01 -1.708850e+01 -6.685246e+00 1.068896e+00 -2.003240e+00 1.164364e+01 -1.685240e+00 -3.831638e+00 -7.603452e+00 9.241609e-01 5.585346e-01 3.757550e-03 -2.832923e-01 -6.778389e-01 8.977111e-01 6.421463e-01 -3.859548e-01 -4.992593e-01 -1.853772e+00 -2.032919e+00 -1.482566e+00 4.802861e-01 -2.894135e-02 3.580931e-01 -1.327470e-02 -2.441330e-02 -7.172117e-02 4.991647e-01 -1.574917e-01 -5.013906e-01 -3.053093e-01 -7.115350e-01 3.091977e-01 -2.176824e-01 3.043329e-01 -3.017585e-03
<VARIANCE> 39
 3.194260e+00 5.202646e+00 5.510158e+00 8.024735e+00 2.829585e+01 7.788308e+01 3.119663e+01 3.620787e+01 9.156244e+00 1.946791e+01 1.251793e+01 5.061444e+00 5.000000e-02 3.478101e-01 2.826296e-01 8.589938e-01 9.199061e-01 1.151252e+00 9.395534e-01 2.119952e+00 3.513997e+00 1.234945e+00 1.806721e+00 7.768173e-01 6.385933e-01 5.000000e-02 5.383866e-02 5.000000e-02 1.642026e-01 2.514477e-01 2.659419e-01 3.431762e-01 2.599003e-01 2.883357e-01 4.925371e-01 3.596428e-01 1.274361e-01 1.995578e-01 5.000000e-02
<GCONST> 7.348978e+01
<STATE> 10
<MEAN> 39
 -9.511288e+00 -1.131904e+01 -7.775947e-01 -2.944686e+01 -9.408277e+00 -1.221943e+01 2.078606e+00 -1.354955e+00 3.392392e+00 -3.258261e+00 -4.079865e+00 -6.014309e+00 9.047805e-01 1.601786e+00 -4.734515e-01 -2.712119e-01 7.218794e-01 2.102275e-01 2.943311e-01 -1.599583e+00 -1.185184e+00 -2.507150e+00 -5.247976e-01 -2.033928e+00 6.896343e-01 -2.370802e-02 3.784212e-01 -1.784091e-01 -5.563059e-02 3.043796e-01 -7.037722e-02 -1.159817e-02 -4.743552e-02 -8.339949e-02 2.668192e-01 2.961118e-01 -1.887174e-01 1.996834e-01 6.476528e-04
<VARIANCE> 39
 5.042681e+00 4.646843e+00 8.022562e+00 5.638930e+00 1.539765e+01 4.273486e+01 3.264930e+01 1.172991e+01 1.454903e+01 4.375962e+00 8.898186e+00 2.291068e+00 5.000000e-02 1.492602e-01 8.201469e-02 6.859096e-01 1.566646e+00 2.492017e+00 1.137283e+00 1.337719e+00 1.325962e+00 2.477994e+00 1.797445e+00 4.598424e-01 1.928426e+00 5.000000e-02 5.000000e-02 5.000000e-02 5.000000e-02 2.464688e-01 1.522087e-01 1.250651e-01 6.500194e-01 4.765761e-01 2.154093e-01 1.574707e-01 1.760807e-01 5.000000e-02 5.000000e-02
<GCONST> 6.428196e+01
<STATE> 11
<MEAN> 39
 -4.183612e+00 -1.360117e+01 9.099972e-01 -2.731223e+01 -1.116776e+01 -9.191406e+00 -1.313635e+00 -5.741417e+00 2.185403e-01 -2.112687e+00 -1.184286e+01 -2.122867e+00 8.116703e-01 2.343245e+00 -6.272821e-01 -2.479000e-01 6.927632e-01 5.650205e-01 1.776765e-01 -3.389399e-01 -1.518779e+00 -1.247321e+00 -3.111672e-01 -1.724011e+00 1.248290e+00 -2.473240e-02 1.652154e-02 -8.433856e-02 -1.902031e-02 2.076974e-01 -6.752235e-01 3.686002e-01 -6.423943e-02 -1.091764e-01 6.957449e-01 -1.388541e-01 5.303340e-01 -2.148408e-01 3.995489e-03
<VARIANCE> 39
 7.257544e+00 1.075052e+01 1.406633e+01 1.688566e+01 7.133907e+00 3.337551e+01 1.851744e+01 1.074131e+01 8.508292e+00 4.111869e+01 2.894616e+00 1.438130e+01 5.000000e-02 3.881484e-01 1.850039e-01 4.578471e-01 8.565566e-01 2.040677e+00 2.187269e+00 2.187453e+00 1.112532e+00 8.523833e-01 9.724985e-01 1.767902e+00 7.320399e-01 5.000000e-02 1.207062e-01 1.092429e-01 1.534544e-01 4.609685e-01 5.020816e-01 2.276625e-01 5.550794e-01 4.369345e-01 2.439909e-01 7.612517e-01 9.784254e-02 3.023011e-01 5.000000e-02
<GCONST> 7.598780e+01
<STATE> 12
<MEAN> 39
 -1.369102e+00 -1.431088e+01 -8.005259e-03 -2.585139e+01 -1.059585e+01 -7.292999e+00 -2.970542e+00 -8.553651e+00 1.462114e+00 -3.733476e+00 -1.345791e+01 -2.299727e-01 7.881070e-01 1.956817e+00 -7.897465e-01 -4.898292e-01 2.340095e-01 -9.431084e-01 1.202974e+00 -1.277519e+00 -8.307771e-01 -4.495136e-01 -1.054251e+00 -1.861895e-01 7.988059e-01 -1.531344e-02 -2.459391e-01 -3.386563e-02 1.062186e-01 -2.992748e-01 -6.292925e-01 3.393779e-01 -2.046846e-01 2.595173e-01 8.573886e-02 -2.067711e-01 7.469081e-01 -2.498924e-01 2.980585e-03
<VARIANCE> 39
 1.668207e+01 5.720565e+00 3.328219e+00 1.574144e+00 1.754941e+01 4.905557e+01 3.061411e+01 1.254868e+01 1.237438e+01 1.460437e+01 6.299780e+00 2.931288e+01 5.000000e-02 6.477499e-01 8.082545e-01 1.560804e-01 1.370984e+00 2.992723e+00 1.911022e+00 1.215992e+00 1.008778e+00 5.209676e-01 2.929828e+00 1.489369e+00 1.124764e+00 5.000000e-02 1.371523e-01 5.000000e-02 5.000000e-02 8.154742e-02 3.120560e-01 2.370206e-01 1.387392e-01 2.198553e-01 9.993628e-02 2.554297e-01 1.819388e-01 4.800500e-01 5.000000e-02
<GCONST> 7.004224e+01
<STATE> 13
<MEAN> 39
 1.504273e+00 -1.546683e+01 -2.659491e-01 -2.636602e+01 -1.464403e+01 -2.920174e+00 -6.532869e+00 -1.036376e+01 6.456412e-02 -6.870602e+00 -9.428531e+00 -1.990362e+00 7.562613e-01 1.139007e+00 -6.184031e-01 -8.044424e-02 -1.083043e-01 -1.194582e+00 1.667049e+00 -6.105988e-01 -3.715933e-01 -1.106105e-01 -9.375072e-01 7.976210e-01 -2.807689e-01 -1.510831e-02 -5.380558e-01 1.152852e-01 1.306926e-01 1.509884e-01 2.347044e-01 4.648024e-02 3.968433e-01 4.114363e-01 5.152873e-01 4.240513e-01 3.713316e-02 -2.123015e-01 -2.209111e-03
<VARIANCE> 39
 5.090317e+00 2.411072e+00 5.469184e+00 4.623571e+00 3.067444e+01 1.996352e+01 2.461332e+01 7.186230e+00 4.446152e+00 2.337956e+01 5.681520e+00 5.530000e+00 5.000000e-02 9.060579e-01 2.111029e-01 3.849950e-01 3.928797e-01 2.177729e+00 1.203502e+00 2.979527e+00 1.660448e+00 8.331773e-01 2.061570e+00 6.861500e-01 3.015292e+00 5.000000e-02 5.979204e-02 6.326198e-02 1.113936e-01 1.880667e-01 5.005934e-01 2.198789e-01 1.219729e-01 9.948228e-02 1.608334e-01 2.629183e-01 2.333416e-01 3.122071e-01 5.000000e-02
<GCONST> 6.655534e+01
<STATE> 14
<MEAN> 39
 2.997271e+00 -1.618115e+01 -2.241049e+00 -2.491879e+01 -1.531074e+01 -3.255462e+00 -7.087581e+00 -1.007315e+01 -2.409825e-01 -8.819066e+00 -1.152123e+01 -5.706894e-01 7.431784e-01 1.709335e-01 -3.502735e-01 9.150456e-02 5.832888e-01 -5.242740e-01 8.184371e-01 -3.572530e-01 2.214805e-01 2.844007e-01 2.142254e-01 7.037671e-02 2.771392e-02 -1.703258e-02 -3.480720e-01 3.501465e-01 1.344389e-01 3.359577e-01 2.936912e-01 -6.255043e-01 5.691872e-01 1.656167e-01 2.462772e-01 6.488364e-01 1.454402e-01 -6.455185e-02 -4.312079e-03
<VARIANCE> 39
 2.464450e+00 3.077116e+00 6.345724e+00 1.491512e+01 4.640300e+01 1.941024e+01 2.744675e+01 3.265063e+01 9.329970e+00 2.413500e+01 1.120026e+01 1.180731e+01 5.000000e-02 1.591673e-01 4.591712e-01 1.510983e+00 1.265280e+00 1.411928e+00 1.433028e+00 2.267163e+00 1.126183e+00 2.387990e+00 1.653559e+00 1.200229e+00 7.295632e-01 5.000000e-02 5.000000e-02 5.109896e-02 9.827520e-02 1.603924e-01 3.594836e-01 8.284744e-02 6.260535e-01 4.324274e-01 1.699785e-01 7.279541e-01 2.286031e-01 3.031590e-01 5.000000e-02
<GCONST> 7.438434e+01
<STATE> 15
<MEAN> 39
 1.928790e+00 -1.642875e+01 3.165646e-01 -2.347930e+01 -1.504338e+01 -7.076031e-01 -4.650567e+00 -8.244644e+00 3.279756e+00 -4.462309e+00 -9.136752e+00 -2.143589e+00 6.722262e-01 -6.914608e-02 7.837906e-01 9.718040e-02 1.979076e+00 5.582066e-01 -7.550447e-01 3.019849e-01 5.478056e-03 9.561260e-01 1.499082e+00 9.042985e-01 -1.531132e-02 -4.442527e-02 -5.119101e-02 3.298928e-01 -1.621698e-01 5.034512e-01 5.360489e-01 -5.089929e-01 -8.834815e-02 -3.617661e-02 -1.729087e-01 2.204411e-02 3.765812e-01 -1.737441e-03 -5.894444e-03
<VARIANCE> 39
 5.884040e+00 4.785038e+00 1.550818e+01 1.655598e+01 2.000979e+01 3.637711e+01 2.484389e+01 7.723335e+00 5.580692e+01 1.431018e+01 1.262738e+01 6.150676e+00 5.000000e-02 1.863660e-01 9.206305e-01 5.516449e-01 8.577157e-01 1.380956e+00 1.428587e+00 1.776753e+00 1.250926e+00 1.646688e+00 1.280681e+00 1.034725e+00 1.142161e+00 5.000000e-02 5.000000e-02 2.102507e-01 1.413087e-01 3.011974e-01 1.829295e-01 3.209929e-01 2.057018e-01 1.446605e-01 7.795073e-01 2.908469e-01 3.015076e-01 2.995586e-01 5.000000e-02
<GCONST> 7.638833e+01
<STATE> 16
<MEAN> 39
 3.112141e+00 -1.452022e+01 -1.344687e+00 -1.964799e+01 -1.612397e+01 -4.646718e+00 -4.216853e+00 -9.578439e+00 2.540807e+00 -4.524227e+00 -8.461621e+00 -1.129844e+00 6.126387e-01 -2.039248e-01 5.693042e-01 -1.827326e-01 1.653403e+00 1.177382e+00 -5.123529e-01 4.734195e-02 3.071537e-01 6.417664e-01 5.632287e-01 1.240556e+00 -9.219977e-02 -3.796518e-02 -1.125514e-01 -5.513040e-02 3.929587e-02 -9.364924e-02 3.456391e-01 2.460532e-01 -3.521422e-02 1.951326e-01 6.965026e-02 -2.593100e-01 2.337109e-01 8.557758e-02 -2.652439e-03
<VARIANCE> 39
 6.999968e+00 6.178992e+00 6.320581e+00 1.296871e+01 2.013909e+01 7.099585e+00 6.558893e+00 9.035398e+00 2.353194e+01 1.292652e+01 8.644026e+00 1.967752e+00 5.000000e-02 2.006253e-01 1.528978e+00 4.811248e-01 4.838337e+00 3.477469e+00 2.071942e+00 1.464917e+00 2.387600e-01 2.497478e+00 1.406006e+00 1.918918e+00 1.377044e+00 5.000000e-02 5.000000e-02 7.335815e-02 5.235389e-02 7.308965e-02 8.960025e-02 5.608181e-02 3.694108e-01 4.517326e-01 3.223439e-01 2.346444e-01 1.899294e-01 2.686362e-01 5.000000e-02
<GCONST> 6.745963e+01
<STATE> 17
<MEAN> 39
 1.624471e+00 -1.323599e+01 -1.189604e+00 -1.510503e+01 -8.923469e+00 -5.112731e+00 -5.656610e+00 -8.149508e+00 4.743879e+00 -1.622211e+00 -3.981338e+00 -1.642750e+00 5.018886e-01 -2.713541e-01 7.524181e-01 1.429481e-01 1.722509e+00 1.941420e+00 -6.941841e-03 6.829536e-01 5.346436e-01 5.631521e-01 4.767767e-01 1.955886e+00 1.109163e-01 -4.289516e-02 -7.604006e-02 9.658534e-03 1.242917e-01 -2.466526e-01 -1.887497e-01 2.491562e-01 3.480041e-01 2.607711e-01 -6.452894e-03 -1.210209e-01 -2.140791e-01 -6.892112e-02 5.081340e-04
<VARIANCE> 39
 6.951848e+00 1.465653e+01 1.189470e+01 3.917353e+01 2.620595e+01 1.314205e+01 1.730042e+01 3.373093e+00 1.268827e+01 2.074674e+01 2.566068e+01 4.345684e+00 5.000000e-02 1.502013e-01 4.530336e-01 4.577103e-01 9.708150e-01 9.179585e-01 7.908387e-01 1.692986e+00 3.231561e+00 2.946305e+00 7.261129e-01 1.024279e+00 1.149230e+00 5.000000e-02 7.902383e-02 4.784829e-01 5.011413e-02 8.280085e-01 5.880061e-01 3.594660e-01 2.374047e-01 2.060709e-01 1.698741e-01 6.033720e-01 5.462835e-01 2.183759e-01 5.000000e-02
<GCONST> 7.702454e+01
<STATE> 18
<MEAN> 39
 6.099862e-01 -1.090638e+01 -4.913288e-01 -1.237777e+01 -8.072777e+00 -3.632156e+00 -1.901075e+00 -6.692241e+00 5.671025e+00 -1.342976e+00 -9.532834e-01 -7.906443e-01 3.885860e-01 -5.189597e-01 8.375133e-01 2.693392e-01 1.208187e+00 7.441085e-01 -4.158140e-01 8.037396e-01 1.046482e+00 1.375598e-02 -3.800832e-02 3.021454e-01 -1.287709e-01 -3.962805e-02 -2.141886e-01 -3.031407e-02 -1.231795e-02 -2.030484e-01 -3.361742e-01 -2.824320e-01 -2.915043e-01 -1.741942e-02 -2.040063e-01 -3.990502e-02 -3.391686e-01 -8.491337e-02 -2.157421e-03
<VARIANCE> 39
 7.217365e+00 5.007411e+00 8.887568e+00 1.349809e+01 1.356904e+01 5.012239e+00 1.256406e+01 2.023500e+01 7.394351e+00 9.807235e+00 1.603836e+01 7.368865e+00 5.000000e-02 4.520336e-01 1.820617e+00 3.575188e-01 1.258632e+00 1.633241e+00 1.787495e+00 1.950250e+00 9.836383e-01 9.831082e-01 2.791559e+00 1.746928e+00 1.268400e+00 5.000000e-02 5.000000e-02 7.905244e-02 1.314379e-01 1.163362e-01 1.311801e-01 1.033239e-01 2.049068e-01 5.805840e-01 2.004026e-01 1.325803e-01 3.167273e-01 1.398482e-01 5.000000e-02
<GCONST> 6.952453e+01
<STATE> 19
<MEAN> 39
 -1.448442e+00 -1.157615e+01 3.942426e-01 -1.190961e+01 -7.865640e+00 -5.341153e+00 -2.442901e+00 -4.224833e+00 3.863978e+00 -3.505760e+00 -2.192477e+00 -3.236482e+00 3.781390e-01 -9.271049e-01 4.059125e-01 5.427555e-02 5.232813e-01 2.541857e-01 -3.009626e-01 -4.928682e-01 5.469930e-01 3.593626e-01 6.421513e-01 6.361442e-01 -1.253106e-01 -4.943103e-02 1.810284e-02 1.567663e-01 8.700942e-02 -4.283331e-02 5.234401e-02 7.366946e-02 -2.076495e-01 -3.772707e-01 -1.300161e-02 4.558499e-01 4.415436e-02 1.827423e-01 -2.500839e-03
<VARIANCE> 39
 1.249885e+01 1.831380e+01 2.652587e+00 3.926997e+01 2.536539e+01 3.195605e+00 8.202482e+00 1.320118e+01 1.409305e+01 1.631063e+01 1.281099e+01 1.661542e+01 5.606558e-02 3.842473e-01 1.763089e+00 5.102655e-01 4.574330e-01 1.993013e+00 1.854836e+00 8.389246e-01 2.290134e+00 9.700509e-01 9.356110e-01 1.039528e+00 6.304646e-01 5.000000e-02 1.286134e-01 3.763486e-01 1.610776e-01 1.726319e-01 4.500345e-01 1.957506e-01 4.536438e-01 4.825997e-01 1.205174e-01 2.126345e-01 1.421928e-01 3.450117e-01 5.000000e-02
<GCONST> 7.512052e+01
<STATE> 20
<MEAN> 39
 -9.203928e-01 -7.766499e+00 2.002105e+00 -1.178257e+01 -7.091917e+00 -7.186790e+00 -4.322246e+00 -3.647464e+00 6.751067e+00 5.233881e-01 -1.618361e+00 -1.340709e+00 2.722214e-01 -7.831827e-01 1.070301e+00 7.088414e-01 9.581143e-01 2.064868e-02 -2.100170e-01 -6.301167e-02 -6.404863e-01 7.225654e-02 1.299601e+00 6.437499e-01 6.552844e-02 -5.130048e-02 -1.242197e-01 -4.251519e-01 -2.868630e-01 -1.404408e-02 -1.445288e-01 3.751450e-01 3.060153e-01 -2.448231e-01 -2.176323e-01 -2.423971e-01 2.246438e-01 1.001964e-01 1.583565e-03
<VARIANCE> 39
 1.729313e+01 7.311376e+00 9.227413e+00 2.116875e+01 2.043383e+01 2.503779e+01 1.177462e+01 1.318568e+01 2.307564e+00 6.321537e+00 6.278896e+00 4.604795e+00 5.000000e-02 3.521698e-01 8.888349e-01 9.228296e-01 6.820647e-01 1.251620e+00 9.648438e-01 1.805934e+00 2.226676e+00 5.753406e-01 2.615329e-01 1.544625e+00 1.425019e+00 5.000000e-02 3.072875e-01 2.884538e-01 1.536183e-01 1.713776e-01 3.945112e-01 4.254447e-01 3.644602e-01 2.936157e-01 7.419744e-02 5.000000e-02 2.200062e-01 1.084481e-01 5.000000e-02
<GCONST> 6.957010e+01
<STATE> 21
<MEAN> 39
 -3.264449e+00 -8.353369e+00 -6.752545e-01 -9.192205e+00 -7.133176e+00 -7.318359e+00 -2.544870e+00 -6.570293e+00 4.690350e+00 2.368137e+00 1.848388e+00 -7.272596e-01 1.672141e-01 -1.393090e+00 -9.107910e-02 -2.689383e-01 1.007472e+00 6.451780e-01 5.518047e-01 6.206562e-01 3.196986e-01 -2.272115e-01 3.282830e-01 1.189331e+00 1.129310e-01 -6.034276e-02 2.085650e-01 -1.306289e-01 1.899442e-02 8.864954e-02 3.656351e-01 2.272879e-01 2.478392e-01 5.718949e-01 -3.263973e-02 -5.119714e-01 -3.430419e-01 -1.490664e-02 1.069713e-02
<VARIANCE> 39
 5.202922e+00 1.766063e+00 1.617628e+01 9.113689e+00 1.463130e+01 1.307180e+01 1.082983e+01 5.382679e+00 4.139946e+00 4.915874e+00 1.452472e+01 1.193192e+01 5.000000e-02 1.622777e+00 5.758996e-01 9.163894e-01 1.386676e+00 1.228169e+00 1.023831e+00 6.841764e-01 1.486461e+00 4.309266e-01 4.266430e-01 1.031922e+00 1.774830e-01 5.000000e-02 2.506222e-01 1.273975e-01 2.910924e-01 7.630305e-02 1.376815e-01 1.220327e-01 3.756920e-01 4.615959e-01 1.099597e-01 5.000000e-02 1.003642e-01 9.967649e-02 5.000000e-02
<GCONST> 6.151752e+01
<STATE> 22
<MEAN> 39
 -5.406238e+00 -8.568716e+00 5.781853e-01 -7.171294e+00 -3.959305e+00 -3.675082e+00 -2.028535e+00 -5.364864e+00 2.489647e+00 -4.754672e-01 1.249425e+00 -2.098425e+00 1.173418e-01 -3.137817e-01 -1.269207e-01 -1.358743e-01 3.096502e-01 6.211073e-01 4.751242e-01 6.092766e-01 5.769823e-01 -1.038400e-01 -3.133397e-01 -1.429145e-01 2.816805e-01 -1.507047e-02 5.985868e-02 -1.120455e-01 -8.140360e-02 -2.095216e-02 -7.440528e-02 -1.505865e-01 1.192607e-01 2.498916e-01 2.213239e-01 5.813412e-02 -1.261714e-01 -4.128675e-03 3.596878e-03
<VARIANCE> 39
 1.215222e+00 1.240726e+00 2.817845e+00 1.181755e+01 1.064774e+01 4.935314e+00 6.929730e+00 5.254999e+00 7.021249e+00 8.609550e+00 5.888044e+00 4.940655e+00 5.000000e-02 6.620780e-01 2.032098e-01 5.017349e-01 1.430209e+00 9.619087e-01 4.710099e-01 2.104651e+00 1.935255e+00 1.350209e+00 9.028534e-01 1.982764e-01 2.911355e-01 5.000000e-02 1.771232e-01 5.000000e-02 7.977726e-02 3.288964e-01 2.809496e-01 1.211471e-01 2.086110e-01 3.863000e-01 2.515289e-01 2.641159e-01 8.494251e-02 5.000000e-02 5.000000e-02
<GCONST> 5.481712e+01
<STATE> 23
<MEAN> 39
 -6.887578e+00 -9.619954e+00 -1.027794e+00 -4.775174e+00 -2.087214e+00 -3.703931e+00 2.060004e+00 -4.255381e-05 5.831211e+00 1.640396e+00 1.661233e+00 -2.613200e-01 4.899951e-02 -6.865618e-02 -2.477769e-01 -5.926797e-01 5.969363e-01 2.642892e-01 -3.793170e-01 6.510668e-01 1.103099e+00 8.206425e-02 7.954854e-03 4.141852e-01 1.947918e-01 -1.191578e-02 2.134253e-01 8.085966e-02 2.060056e-01 -2.345812e-01 -2.779187e-01 -2.249756e-01 -5.028593e-01 -5.943621e-01 -4.790727e-01 -3.436350e-01 -1.506780e-01 -1.276192e-01 7.064878e-03
<VARIANCE> 39
 8.766337e-01 7.261885e-01 5.574529e+00 5.267385e+00 8.085557e+00 6.882670e+00 5.290102e+00 7.696879e+00 8.496366e+00 5.015835e+00 7.638415e+00 3.915900e+00 5.000000e-02 5.274872e-01 1.201509e-01 6.155688e-01 5.153548e-01 7.845814e-01 6.304320e-01 1.377923e+00 1.954135e+00 1.118337e+00 8.228247e-01 5.490902e-01 2.562531e-01 5.000000e-02 8.118468e-02 5.000000e-02 1.651701e-01 1.409856e-01 1.164288e-01 5.755472e-02 1.781944e-01 4.037445e-01 6.500605e-02 8.485208e-02 1.335410e-01 5.000000e-02 5.000000e-02
<GCONST> 4.771672e+01
<STATE> 24
<MEAN> 39
 -5.234190e+00 -9.263951e+00 -9.797242e-01 -6.695389e+00 -4.382754e+00 -5.773130e+00 2.686177e-01 -1.607711e+00 1.819436e+00 -1.380237e+00 1.374423e+00 -6.641005e-01 8.258127e-02 -1.228437e-01 -1.058122e-02 4.092946e-01 2.757614e-01 -8.992549e-03 -5.283101e-02 -5.528127e-01 -1.119757e+00 -1.192890e+00 -7.581543e-01 -5.639494e-01 -3.488373e-01 -9.328274e-03 -1.071975e-01 6.673536e-02 1.243635e-02 1.941828e-01 2.785911e-01 2.346638e-01 4.754737e-02 -2.922329e-01 1.072038e-01 1.172363e-01 -1.311403e-02 -8.686576e-02 -4.997964e-03
<VARIANCE> 39
 1.088167e+01 1.571945e+00 2.299340e+00 5.411057e+00 1.372781e+01 1.038887e+01 2.244499e+01 2.336409e+01 8.214562e+00 5.546134e+00 5.906268e+00 3.593124e+00 5.000000e-02 7.957997e-01 1.953865e-01 1.743390e-01 4.090345e-01 6.973562e-01 4.523398e-01 1.261958e+00 1.581971e+00 8.537129e-01 5.551456e-01 5.085227e-01 3.980026e-01 5.000000e-02 2.061174e-01 5.000000e-02 6.563657e-02 1.132312e-01 2.071696e-01 1.646481e-01 3.958386e-01 3.288918e-01 1.497519e-01 5.000000e-02 6.586222e-02 1.307735e-01 5.000000e-02
<GCONST> 5.429546e+01
<STATE> 25
<MEAN> 39
 -6.638083e+00 -8.897838e+00 9.750552e-01 -2.876652e+00 -2.356152e+00 -5.713315e+00 -1.140319e+00 -4.253177e+00 2.439083e+00 -8.858397e-01 6.508567e-01 -1.736418e+00 -4.698224e-03 -8.522761e-02 2.512096e-01 1.311207e-01 1.138548e+00 1.131735e+00 9.496475e-02 -2.115345e-01 -2.871611e-01 -4.830354e-01 -4.276265e-01 -1.476992e-01 -1.454757e-01 -1.028549e-02 8.387367e-02 -1.858003e-02 -2.656202e-01 -1.587200e-01 1.832525e-01 1.551647e-01 3.173538e-01 5.431209e-01 3.412557e-01 1.953051e-01 2.096699e-01 4.269828e-03 7.161886e-03
<VARIANCE> 39
 3.250287e-01 1.272827e+00 1.952223e+00 1.911615e+00 5.021683e+00 3.213506e+00 6.817296e+00 8.502249e+00 7.908626e+00 1.874051e+00 4.992534e+00 1.113155e+01 5.000000e-02 4.928243e-01 5.000000e-02 1.699202e-01 8.813159e-01 1.322566e+00 1.805110e+00 2.608157e+00 1.067769e+00 3.212197e-01 1.108743e-01 1.009985e+00 1.530948e+00 5.000000e-02 5.000000e-02 5.000000e-02 5.000000e-02 7.807086e-02 6.358929e-02 9.278905e-02 1.839586e-01 1.984349e-01 1.610952e-01 8.101471e-02 9.364172e-02 1.110117e-01 5.000000e-02
<GCONST> 4.118647e+01
<TRANSP> 26
 0.000000e+00 1.000000e+00 0.000000e+00 0.000000e+00 0.000000e+00 0.000000e+00 0.000000e+00 0.000000e+00 0.000000e+00 0.000000e+00 0.000000e+00 0.000000e+00 0.000000e+00 0.000000e+00 0.000000e+00 0.000000e+00 0.000000e+00 0.000000e+00 0.000000e+00 0.000000e+00 0.000000e+00 0.000000e+00 0.000000e+00 0.000000e+00 0.000000e+00 0.000000e+00
 0.000000e+00 5.032594e-01 4.967406e-01 0.000000e+00 0.000000e+00 0.000000e+00 0.000000e+00 0.000000e+00 0.000000e+00 0.000000e+00 0.000000e+00 0.000000e+00 0.000000e+00 0.000000e+00 0.000000e+00 0.000000e+00 0.000000e+00 0.000000e+00 0.000000e+00 0.000000e+00 0.000000e+00 0.000000e+00 0.000000e+00 0.000000e+00 0.000000e+00 0.000000e+00
 0.000000e+00 0.000000e+00 4.444434e-01 5.555566e-01 0.000000e+00 0.000000e+00 0.000000e+00 0.000000e+00 0.000000e+00 0.000000e+00 0.000000e+00 0.000000e+00 0.000000e+00 0.000000e+00 0.000000e+00 0.000000e+00 0.000000e+00 0.000000e+00 0.000000e+00 0.000000e+00 0.000000e+00 0.000000e+00 0.000000e+00 0.000000e+00 0.000000e+00 0.000000e+00
 0.000000e+00 0.000000e+00 0.000000e+00 5.454544e-01 4.545456e-01 0.000000e+00 0.000000e+00 0.000000e+00 0.000000e+00 0.000000e+00 0.000000e+00 0.000000e+00 0.000000e+00 0.000000e+00 0.000000e+00 0.000000e+00 0.000000e+00 0.000000e+00 0.000000e+00 0.000000e+00 0.000000e+00 0.000000e+00 0.000000e+00 0.000000e+00 0.000000e+00 0.000000e+00
 0.000000e+00 0.000000e+00 0.000000e+00 0.000000e+00 2.857160e-01 7.142841e-01 0.000000e+00 0.000000e+00 0.000000e+00 0.000000e+00 0.000000e+00 0.000000e+00 0.000000e+00 0.000000e+00 0.000000e+00 0.000000e+00 0.000000e+00 0.000000e+00 0.000000e+00 0.000000e+00 0.000000e+00 0.000000e+00 0.000000e+00 0.000000e+00 0.000000e+00 0.000000e+00
 0.000000e+00 0.000000e+00 0.000000e+00 0.000000e+00 0.000000e+00 3.748990e-01 6.251010e-01 0.000000e+00 0.000000e+00 0.000000e+00 0.000000e+00 0.000000e+00 0.000000e+00 0.000000e+00 0.000000e+00 0.000000e+00 0.000000e+00 0.000000e+00 0.000000e+00 0.000000e+00 0.000000e+00 0.000000e+00 0.000000e+00 0.000000e+00 0.000000e+00 0.000000e+00
 0.000000e+00 0.000000e+00 0.000000e+00 0.000000e+00 0.000000e+00 0.000000e+00 5.406026e-01 4.593974e-01 0.000000e+00 0.000000e+00 0.000000e+00 0.000000e+00 0.000000e+00 0.000000e+00 0.000000e+00 0.000000e+00 0.000000e+00 0.000000e+00 0.000000e+00 0.000000e+00 0.000000e+00 0.000000e+00 0.000000e+00 0.000000e+00 0.000000e+00 0.000000e+00
 0.000000e+00 0.000000e+00 0.000000e+00 0.000000e+00 0.000000e+00 0.000000e+00 0.000000e+00 5.873232e-01 4.126769e-01 0.000000e+00 0.000000e+00 0.000000e+00 0.000000e+00 0.000000e+00 0.000000e+00 0.000000e+00 0.000000e+00 0.000000e+00 0.000000e+00 0.000000e+00 0.000000e+00 0.000000e+00 0.000000e+00 0.000000e+00 0.000000e+00 0.000000e+00
 0.000000e+00 0.000000e+00 0.000000e+00 0.000000e+00 0.000000e+00 0.000000e+00 0.000000e+00 0.000000e+00 6.154267e-01 3.845733e-01 0.000000e+00 0.000000e+00 0.000000e+00 0.000000e+00 0.000000e+00 0.000000e+00 0.000000e+00 0.000000e+00 0.000000e+00 0.000000e+00 0.000000e+00 0.000000e+00 0.000000e+00 0.000000e+00 0.000000e+00 0.000000e+00
 0.000000e+00 0.000000e+00 0.000000e+00 0.000000e+00 0.000000e+00 0.000000e+00 0.000000e+00 0.000000e+00 0.000000e+00 5.000005e-01 4.999995e-01 0.000000e+00 0.000000e+00 0.000000e+00 0.000000e+00 0.000000e+00 0.000000e+00 0.000000e+00 0.000000e+00 0.000000e+00 0.000000e+00 0.000000e+00 0.000000e+00 0.000000e+00 0.000000e+00 0.000000e+00
 0.000000e+00 0.000000e+00 0.000000e+00 0.000000e+00 0.000000e+00 0.000000e+00 0.000000e+00 0.000000e+00 0.000000e+00 0.000000e+00 4.444560e-01 5.555440e-01 0.000000e+00 0.000000e+00 0.000000e+00 0.000000e+00 0.000000e+00 0.000000e+00 0.000000e+00 0.000000e+00 0.000000e+00 0.000000e+00 0.000000e+00 0.000000e+00 0.000000e+00 0.000000e+00
 0.000000e+00 0.000000e+00 0.000000e+00 0.000000e+00 0.000000e+00 0.000000e+00 0.000000e+00 0.000000e+00 0.000000e+00 0.000000e+00 0.000000e+00 3.752270e-01 6.247730e-01 0.000000e+00 0.000000e+00 0.000000e+00 0.000000e+00 0.000000e+00 0.000000e+00 0.000000e+00 0.000000e+00 0.000000e+00 0.000000e+00 0.000000e+00 0.000000e+00 0.000000e+00
 0.000000e+00 0.000000e+00 0.000000e+00 0.000000e+00 0.000000e+00 0.000000e+00 0.000000e+00 0.000000e+00 0.000000e+00 0.000000e+00 0.000000e+00 0.000000e+00 4.442218e-01 5.557781e-01 0.000000e+00 0.000000e+00 0.000000e+00 0.000000e+00 0.000000e+00 0.000000e+00 0.000000e+00 0.000000e+00 0.000000e+00 0.000000e+00 0.000000e+00 0.000000e+00
 0.000000e+00 0.000000e+00 0.000000e+00 0.000000e+00 0.000000e+00 0.000000e+00 0.000000e+00 0.000000e+00 0.000000e+00 0.000000e+00 0.000000e+00 0.000000e+00 0.000000e+00 4.448239e-01 5.551761e-01 0.000000e+00 0.000000e+00 0.000000e+00 0.000000e+00 0.000000e+00 0.000000e+00 0.000000e+00 0.000000e+00 0.000000e+00 0.000000e+00 0.000000e+00
 0.000000e+00 0.000000e+00 0.000000e+00 0.000000e+00 0.000000e+00 0.000000e+00 0.000000e+00 0.000000e+00 0.000000e+00 0.000000e+00 0.000000e+00 0.000000e+00 0.000000e+00 0.000000e+00 5.451816e-01 4.548184e-01 0.000000e+00 0.000000e+00 0.000000e+00 0.000000e+00 0.000000e+00 0.000000e+00 0.000000e+00 0.000000e+00 0.000000e+00 0.000000e+00
 0.000000e+00 0.000000e+00 0.000000e+00 0.000000e+00 0.000000e+00 0.000000e+00 0.000000e+00 0.000000e+00 0.000000e+00 0.000000e+00 0.000000e+00 0.000000e+00 0.000000e+00 0.000000e+00 0.000000e+00 2.858140e-01 7.141860e-01 0.000000e+00 0.000000e+00 0.000000e+00 0.000000e+00 0.000000e+00 0.000000e+00 0.000000e+00 0.000000e+00 0.000000e+00
 0.000000e+00 0.000000e+00 0.000000e+00 0.000000e+00 0.000000e+00 0.000000e+00 0.000000e+00 0.000000e+00 0.000000e+00 0.000000e+00 0.000000e+00 0.000000e+00 0.000000e+00 0.000000e+00 0.000000e+00 0.000000e+00 4.439685e-01 5.560315e-01 0.000000e+00 0.000000e+00 0.000000e+00 0.000000e+00 0.000000e+00 0.000000e+00 0.000000e+00 0.000000e+00
 0.000000e+00 0.000000e+00 0.000000e+00 0.000000e+00 0.000000e+00 0.000000e+00 0.000000e+00 0.000000e+00 0.000000e+00 0.000000e+00 0.000000e+00 0.000000e+00 0.000000e+00 0.000000e+00 0.000000e+00 0.000000e+00 0.000000e+00 5.445321e-01 4.554679e-01 0.000000e+00 0.000000e+00 0.000000e+00 0.000000e+00 0.000000e+00 0.000000e+00 0.000000e+00
 0.000000e+00 0.000000e+00 0.000000e+00 0.000000e+00 0.000000e+00 0.000000e+00 0.000000e+00 0.000000e+00 0.000000e+00 0.000000e+00 0.000000e+00 0.000000e+00 0.000000e+00 0.000000e+00 0.000000e+00 0.000000e+00 0.000000e+00 0.000000e+00 5.011739e-01 4.988261e-01 0.000000e+00 0.000000e+00 0.000000e+00 0.000000e+00 0.000000e+00 0.000000e+00
 0.000000e+00 0.000000e+00 0.000000e+00 0.000000e+00 0.000000e+00 0.000000e+00 0.000000e+00 0.000000e+00 0.000000e+00 0.000000e+00 0.000000e+00 0.000000e+00 0.000000e+00 0.000000e+00 0.000000e+00 0.000000e+00 0.000000e+00 0.000000e+00 0.000000e+00 3.754542e-01 6.245458e-01 0.000000e+00 0.000000e+00 0.000000e+00 0.000000e+00 0.000000e+00
 0.000000e+00 0.000000e+00 0.000000e+00 0.000000e+00 0.000000e+00 0.000000e+00 0.000000e+00 0.000000e+00 0.000000e+00 0.000000e+00 0.000000e+00 0.000000e+00 0.000000e+00 0.000000e+00 0.000000e+00 0.000000e+00 0.000000e+00 0.000000e+00 0.000000e+00 0.000000e+00 3.794842e-01 6.205158e-01 0.000000e+00 0.000000e+00 0.000000e+00 0.000000e+00
 0.000000e+00 0.000000e+00 0.000000e+00 0.000000e+00 0.000000e+00 0.000000e+00 0.000000e+00 0.000000e+00 0.000000e+00 0.000000e+00 0.000000e+00 0.000000e+00 0.000000e+00 0.000000e+00 0.000000e+00 0.000000e+00 0.000000e+00 0.000000e+00 0.000000e+00 0.000000e+00 0.000000e+00 6.471178e-01 3.528822e-01 0.000000e+00 0.000000e+00 0.000000e+00
 0.000000e+00 0.000000e+00 0.000000e+00 0.000000e+00 0.000000e+00 0.000000e+00 0.000000e+00 0.000000e+00 0.000000e+00 0.000000e+00 0.000000e+00 0.000000e+00 0.000000e+00 0.000000e+00 0.000000e+00 0.000000e+00 0.000000e+00 0.000000e+00 0.000000e+00 0.000000e+00 0.000000e+00 0.000000e+00 6.085773e-01 3.914228e-01 0.000000e+00 0.000000e+00
 0.000000e+00 0.000000e+00 0.000000e+00 0.000000e+00 0.000000e+00 0.000000e+00 0.000000e+00 0.000000e+00 0.000000e+00 0.000000e+00 0.000000e+00 0.000000e+00 0.000000e+00 0.000000e+00 0.000000e+00 0.000000e+00 0.000000e+00 0.000000e+00 0.000000e+00 0.000000e+00 0.000000e+00 0.000000e+00 0.000000e+00 5.833246e-01 4.166754e-01 0.000000e+00
 0.000000e+00 0.000000e+00 0.000000e+00 0.000000e+00 0.000000e+00 0.000000e+00 0.000000e+00 0.000000e+00 0.000000e+00 0.000000e+00 0.000000e+00 0.000000e+00 0.000000e+00 0.000000e+00 0.000000e+00 0.000000e+00 0.000000e+00 0.000000e+00 0.000000e+00 0.000000e+00 0.000000e+00 0.000000e+00 0.000000e+00 0.000000e+00 2.886949e-01 7.113052e-01
 0.000000e+00 0.000000e+00 0.000000e+00 0.000000e+00 0.000000e+00 0.000000e+00 0.000000e+00 0.000000e+00 0.000000e+00 0.000000e+00 0.000000e+00 0.000000e+00 0.000000e+00 0.000000e+00 0.000000e+00 0.000000e+00 0.000000e+00 0.000000e+00 0.000000e+00 0.000000e+00 0.000000e+00 0.000000e+00 0.000000e+00 0.000000e+00 0.000000e+00 0.000000e+00
<ENDHMM>
