~o
<STREAMINFO> 1 39
<VECSIZE> 39<NULLD><MFCC_E_D_A><DIAGC>
~h "Chu"
<BEGINHMM>
<NUMSTATES> 26
<STATE> 2
<MEAN> 39
 -4.208115e+00 -6.521294e+00 1.137227e+00 -3.056118e-01 1.916307e+00 -4.188179e+00 1.843676e+00 -3.903320e+00 -1.084211e+00 -2.527590e+00 3.399135e+00 -1.810021e+00 7.343796e-02 -5.185153e-01 9.250396e-02 3.681442e-01 -2.398519e-01 1.302256e-01 -3.179817e-01 -3.286542e-01 3.336121e-01 4.702640e-01 4.223976e-01 2.602379e-01 8.515447e-02 3.613549e-03 -8.235841e-01 -5.488372e-02 -2.125315e-01 -1.353619e+00 -3.451823e-02 -8.540071e-02 -6.806484e-01 7.447032e-01 6.661559e-02 -1.511362e-01 -2.635749e-01 1.751490e-02 2.717507e-02
<VARIANCE> 39
 8.057057e-01 2.354414e+00 3.637452e+00 2.657010e+00 4.276289e+00 9.626716e-01 7.357862e+00 7.478406e+00 1.613071e+01 1.006794e+01 9.125504e+00 4.745985e+00 5.000000e-02 6.737007e-01 3.143021e-01 3.592673e-01 1.438412e+00 4.707775e-01 1.009344e+00 9.174582e-01 9.321060e-01 6.267287e-01 6.248364e-01 1.026918e+00 8.079796e-01 5.000000e-02 1.081286e-01 5.050562e-02 6.790400e-02 3.830260e-01 9.998909e-02 2.667608e-01 2.028007e-01 5.276815e-02 1.571841e-01 5.000000e-02 1.061353e-01 5.884131e-02 5.000000e-02
<GCONST> 4.869989e+01
<STATE> 3
<MEAN> 39
 -5.138891e+00 -7.334140e+00 -3.479899e-01 -1.119691e+00 1.694081e+00 -5.243943e+00 1.753569e+00 -6.939095e-01 1.722967e+00 -1.252612e+00 4.477362e+00 -2.143466e+00 3.541229e-02 -2.725000e+00 -2.360819e-02 -7.084081e-01 -5.084617e+00 5.749461e-01 -3.527016e-01 -2.313932e+00 2.507911e+00 -3.563766e-01 -2.609487e-01 -7.703493e-02 1.195279e-01 1.227230e-01 -3.415261e-01 1.986588e-02 2.912900e-02 -1.490676e+00 -6.303926e-01 -5.579765e-01 -1.091442e-01 -1.264746e-01 -4.505895e-01 1.295902e-01 -5.356308e-01 -1.744351e-01 5.072818e-02
<VARIANCE> 39
 3.270511e+00 4.909087e+00 2.033894e+00 4.269278e+00 6.036733e+00 1.277610e+01 3.459242e+00 1.104880e+01 9.203198e+00 1.154449e+01 5.645794e+00 4.683470e+00 5.000000e-02 9.337662e-01 2.667184e-01 5.548665e-01 1.983165e+00 1.244867e+00 1.894933e+00 1.729441e+00 2.143412e-01 1.433042e+00 8.613428e-01 7.224834e-01 3.969073e-01 5.000000e-02 2.005726e-01 1.123620e-01 5.000000e-02 1.197461e-01 3.982087e-01 3.709895e-01 2.180656e-01 2.210423e-01 7.733998e-02 2.067524e-01 2.064075e-01 1.579280e-01 5.000000e-02
<GCONST> 5.967505e+01
<STATE> 4
<MEAN> 39
 -1.533604e+01 -7.068757e+00 -1.581927e+00 -2.116646e+01 3.973400e+00 -5.201975e+00 -7.721546e+00 5.775508e+00 -1.493842e+00 -3.668010e+00 2.311516e+00 -7.587327e-01 5.397838e-01 -1.601489e+00 -2.531072e-01 1.777782e-01 -5.620047e+00 -2.817335e+00 -2.279649e+00 -6.071351e-01 -3.151846e-02 -1.057696e+00 1.055910e+00 -1.766418e+00 -5.334055e-01 1.765273e-01 1.671293e+00 -1.059250e+00 -5.896227e-02 1.566403e+00 -1.129318e+00 -1.292108e+00 1.614885e+00 -7.869912e-01 5.080574e-02 8.238816e-01 -3.135985e-01 2.281682e-01 -1.108759e-02
<VARIANCE> 39
 9.273519e+00 4.824269e+00 1.257268e+01 9.524053e+00 2.703390e+01 3.074220e+01 1.815417e+01 1.407226e+01 2.384600e+01 1.265671e+01 1.029349e+01 6.137846e+00 5.000000e-02 2.587590e+00 1.210397e+00 4.661911e-01 1.368189e+00 3.954031e+00 4.117460e+00 2.468565e+00 1.284163e+00 9.001925e-01 2.227644e+00 8.123509e-01 9.185731e-01 5.000000e-02 1.641718e-01 1.909576e-01 8.451445e-02 5.220697e-01 3.302563e-01 8.464747e-02 3.847721e-01 1.516870e-01 2.821216e-01 4.642066e-01 1.615977e-01 2.625386e-01 5.000000e-02
<GCONST> 8.024220e+01
<STATE> 5
<MEAN> 39
 -9.883021e+00 -1.006141e+01 3.486580e-01 -2.206366e+01 -9.666821e+00 -1.440378e+01 3.284735e-01 1.127598e-01 -2.325199e+00 4.772571e+00 -1.507536e+00 -3.137078e+00 7.613962e-01 3.281206e+00 -3.958175e+00 -1.057954e+00 8.907345e-01 -2.489425e+00 -4.790870e+00 3.302604e+00 1.278186e-01 2.607448e-01 2.576366e+00 -1.583570e+00 1.278117e+00 7.987908e-02 4.979779e-01 -4.803685e-01 -8.071777e-01 1.640545e+00 1.801288e+00 4.576103e-01 7.769327e-02 6.112946e-01 1.075308e+00 -4.702108e-01 -5.962191e-01 8.520695e-02 -3.141037e-02
<VARIANCE> 39
 2.986583e+01 2.841439e+01 1.453859e+01 6.698800e+00 4.235721e+01 5.173609e+01 1.454647e+01 8.806560e+00 1.094974e+01 2.875650e+01 5.675526e+00 2.225034e+01 5.000000e-02 2.785970e-01 9.411376e-01 1.016910e+00 9.509525e-01 5.003025e+00 7.676686e-01 2.168054e+00 2.870415e+00 6.828283e-01 3.294544e+00 7.244823e-01 2.478935e+00 5.000000e-02 8.292135e-01 5.881432e-01 9.444220e-02 4.448480e-01 6.469080e-01 8.714465e-01 9.226292e-01 1.208027e-01 1.730044e-01 6.069702e-01 1.968197e-01 6.056841e-01 5.000000e-02
<GCONST> 8.931052e+01
<STATE> 6
<MEAN> 39
 -3.939482e+00 -2.111152e+01 -5.552408e+00 -1.770123e+01 -5.116769e+00 -2.356066e+01 5.037548e+00 5.566043e+00 2.773595e-01 4.447587e+00 -5.956097e+00 2.314763e+00 8.677858e-01 7.467104e-01 -1.939139e+00 -2.853369e+00 1.187461e+00 3.604873e+00 -4.990872e-01 2.917129e-01 1.593734e+00 3.272907e+00 -2.853161e-01 -4.251543e+00 -8.366315e-01 3.955785e-02 -9.927292e-01 1.449901e+00 -1.176900e-01 -8.725395e-01 1.473278e+00 2.105122e+00 -8.812661e-01 -4.988520e-01 5.758507e-01 1.129180e-01 -1.823158e-01 -1.339131e+00 -1.480392e-02
<VARIANCE> 39
 1.008716e+01 2.555814e+00 6.652049e+00 5.029581e+00 2.923936e+01 5.376289e+01 1.891599e+01 1.183227e+01 2.357330e+01 1.620242e+01 1.633850e+01 6.434659e+00 5.000000e-02 1.285941e+00 2.801872e+00 7.867489e-01 8.708217e-01 1.374094e+00 2.179235e+00 1.943260e+00 7.722636e-01 1.110843e+00 1.359314e+00 8.762318e-01 2.839001e+00 5.000000e-02 1.001267e-01 1.518799e-01 1.886373e-01 1.761351e-01 7.296240e-01 2.181292e-01 4.086207e-01 6.156507e-01 5.463462e-01 7.162899e-01 3.205474e-01 3.599536e-01 5.000000e-02
<GCONST> 8.264507e+01
<STATE> 7
<MEAN> 39
 -5.120595e+00 -1.922650e+01 -1.111037e+01 -1.809666e+01 3.601494e+00 -1.863774e+01 2.573436e+00 5.942598e+00 9.806451e+00 6.197772e+00 -1.734676e+01 -5.222372e+00 9.298154e-01 -3.174294e-01 1.070034e+00 -1.730400e+00 -2.162979e+00 3.577621e+00 3.246832e+00 -6.309114e-02 -1.521271e+00 2.467416e+00 2.900954e+00 -1.881503e+00 -3.385899e+00 2.394434e-02 -5.121769e-02 7.066865e-01 6.581931e-01 -1.038228e+00 -5.801876e-01 9.320033e-01 1.318472e-01 -1.047757e+00 -1.089967e+00 9.329346e-01 2.010860e+00 3.274665e-01 -8.419996e-03
<VARIANCE> 39
 9.063505e+00 3.197118e+00 1.078118e+01 9.643846e+00 2.993463e+01 3.052139e+01 8.514847e+00 5.320915e+00 1.964330e+01 1.169236e+01 6.501165e+00 1.695849e+01 5.000000e-02 5.170798e-01 4.780583e-01 7.525978e-01 9.295229e-01 1.105508e+00 1.234084e+00 9.643053e-01 1.411470e+00 4.271978e+00 1.843326e+00 2.701460e+00 1.293881e+00 5.000000e-02 2.059247e-01 2.381884e-01 1.985817e-01 1.342138e-01 2.802065e-01 2.859111e-01 3.007403e-01 3.123301e-01 4.597937e-01 1.956383e-01 1.317033e-01 7.051184e-01 5.000000e-02
<GCONST> 7.733567e+01
<STATE> 8
<MEAN> 39
 -5.658123e+00 -1.706712e+01 -1.293401e+01 -2.570447e+01 9.408377e+00 -1.133980e+01 4.923771e+00 -6.035344e-01 1.134028e+01 1.473152e+01 -1.367506e+01 -1.105439e+01 9.635899e-01 1.693179e-01 1.173830e+00 -3.261789e-01 -2.922779e+00 1.808269e+00 3.165344e+00 6.680340e-01 -2.580017e+00 -5.218398e-01 3.079280e+00 3.176519e+00 1.601537e-01 6.996517e-03 2.978290e-01 -7.559315e-02 4.522091e-01 2.276461e-01 -1.036155e+00 -5.467141e-01 7.444625e-02 4.586582e-01 -1.183795e+00 -9.189718e-01 1.045736e+00 1.840334e+00 -9.591863e-03
<VARIANCE> 39
 5.318897e+00 2.390180e+00 1.130215e+01 1.217135e+01 1.168654e+01 1.681215e+01 4.988026e+00 8.582657e+00 1.287255e+01 1.083452e+01 1.038661e+01 1.259848e+01 5.000000e-02 6.389367e-01 1.820046e-01 1.393335e+00 3.148052e-01 1.497877e+00 1.270430e+00 9.599953e-01 1.314801e+00 2.845327e+00 6.357744e-01 9.466053e-01 3.068525e+00 5.000000e-02 5.000000e-02 1.196559e-01 1.677624e-01 1.017292e-01 7.556639e-02 2.588682e-01 2.348095e-01 3.756806e-01 2.674044e-01 2.421623e-01 5.188231e-01 1.698943e-01 5.000000e-02
<GCONST> 6.784795e+01
<STATE> 9
<MEAN> 39
 -4.641956e+00 -1.485558e+01 -1.284640e+01 -2.943583e+01 1.090761e+01 -7.698872e+00 5.607137e+00 -3.475818e+00 7.972732e+00 1.795543e+01 -5.629484e+00 -5.492530e+00 9.564529e-01 6.799797e-01 8.904161e-01 -8.405904e-02 -1.540698e+00 -3.813586e-01 1.354598e+00 1.706515e-01 9.166931e-02 -1.986477e+00 -2.205939e-01 2.044393e+00 3.293585e+00 -1.054953e-02 4.885818e-02 -1.921747e-01 1.259053e-01 4.420906e-01 -8.610219e-01 -8.042422e-01 -2.511103e-01 8.762753e-01 -5.268703e-01 -1.390155e+00 -6.721445e-01 7.268534e-01 -6.669775e-03
<VARIANCE> 39
 7.800164e+00 1.367235e+00 4.908929e+00 6.083593e+00 1.210383e+01 2.473271e+01 1.937433e+01 2.334815e+01 1.537757e+01 5.474813e+00 1.845108e+01 1.406813e+01 5.000000e-02 2.562505e-01 3.497284e-01 6.991445e-01 2.711900e-01 5.137270e-01 2.312932e+00 1.611386e+00 1.109049e+00 8.551769e-01 1.634666e+00 1.494823e+00 1.268221e+00 5.000000e-02 8.123326e-02 5.000000e-02 1.984021e-01 5.000000e-02 1.007811e-01 3.491767e-01 1.060146e-01 2.161557e-01 3.629974e-01 1.369995e-01 2.842884e-01 3.719455e-01 5.000000e-02
<GCONST> 6.542426e+01
<STATE> 10
<MEAN> 39
 -2.516816e+00 -1.372126e+01 -1.233805e+01 -3.057603e+01 6.569767e+00 -3.670851e+00 3.337321e+00 3.906461e-01 3.080184e+00 1.351383e+01 -5.663052e+00 3.165539e+00 9.182473e-01 4.738786e-01 4.383089e-01 4.605466e-01 -1.347889e+00 -1.145423e+00 -1.869611e-01 -2.915210e-01 5.281656e-01 -2.323087e+00 -2.246180e+00 8.818695e-01 2.875629e+00 -1.861886e-02 -1.918651e-01 -1.552134e-01 2.760822e-01 1.019752e-01 -1.054675e-01 -8.479873e-01 -1.175198e-01 2.798717e-02 1.008296e-01 -4.572247e-01 -3.539324e-01 -1.649192e-01 4.250346e-04
<VARIANCE> 39
 9.830553e+00 3.228559e+00 5.420713e+00 1.861538e+01 8.433217e+00 4.353622e+01 3.773227e+01 9.214025e+00 1.402223e+01 9.082851e+00 2.838161e+01 1.875976e+01 5.000000e-02 5.011497e-01 2.788279e-01 5.569611e-01 8.699969e-01 1.361617e+00 2.840161e+00 8.299618e-01 6.062554e-01 9.034635e-01 7.081228e-01 1.321267e+00 5.558897e-01 5.000000e-02 8.852969e-02 5.000000e-02 1.140586e-01 3.452190e-01 7.693110e-02 5.421406e-01 1.102774e-01 1.214619e-01 1.467697e-01 2.829693e-01 1.598252e-01 4.214502e-01 5.000000e-02
<GCONST> 6.883738e+01
<STATE> 11
<MEAN> 39
 -3.083191e+00 -1.296490e+01 -1.079051e+01 -3.437761e+01 5.457582e+00 -9.101535e+00 4.011272e+00 -2.955039e-01 -2.069976e+00 8.131499e+00 -4.405703e+00 6.478012e+00 8.714553e-01 3.274679e-01 3.506581e-03 5.407924e-01 -5.352984e-01 -1.034522e+00 -1.079722e+00 -7.604469e-01 8.489876e-01 -1.359087e+00 -1.475829e+00 5.249652e-01 2.897172e+00 -7.793885e-03 2.488494e-01 -1.122778e-01 -3.966795e-01 5.687622e-01 -6.407219e-02 2.033370e-01 -1.163509e-01 1.268989e-01 5.147771e-01 6.678500e-01 3.114966e-02 -1.052016e-01 9.642639e-03
<VARIANCE> 39
 3.604864e+00 2.792378e+00 6.928565e+00 7.707368e+00 1.647166e+01 2.780679e+01 4.473578e+01 1.738190e+01 2.737590e+00 6.875531e+00 1.765606e+01 2.187181e+01 5.000000e-02 7.437631e-01 2.196686e-01 5.015997e-01 3.070083e+00 8.419963e-01 8.962789e-01 3.101321e-01 4.145888e-01 5.422155e-01 8.535731e-01 6.052849e-01 2.052303e+00 5.000000e-02 1.373543e-01 1.093794e-01 1.528503e-01 9.267358e-02 9.028152e-02 2.369981e-01 1.310197e-01 1.608833e-01 1.150205e-01 5.000000e-02 2.319380e-01 2.017467e-01 5.000000e-02
<GCONST> 6.200583e+01
<STATE> 12
<MEAN> 39
 -1.004133e+00 -1.400530e+01 -9.833692e+00 -3.440689e+01 3.279705e+00 -1.011421e+01 2.570095e+00 2.495075e+00 -3.658748e+00 6.596087e+00 -1.320616e+00 1.526204e+01 9.079997e-01 1.174235e+00 9.711433e-02 -1.047288e+00 8.620629e-01 -1.578424e+00 4.249927e-01 -6.880588e-01 6.327519e-01 -7.206912e-01 2.555155e-01 5.254328e-01 2.251791e+00 2.122280e-02 2.997813e-01 1.666158e-01 -3.403313e-01 7.955307e-01 -2.243494e-01 1.469393e-01 2.602012e-01 3.308245e-01 7.388705e-01 5.191906e-01 -3.084860e-01 -1.413182e+00 6.069581e-04
<VARIANCE> 39
 3.280767e+00 4.335298e+00 3.200827e+00 1.510923e+01 1.858040e+01 2.187926e+01 4.768966e+01 1.340356e+01 1.653577e+01 6.096612e+00 1.150375e+01 1.791405e+01 5.000000e-02 1.830458e+00 1.482568e+00 8.110087e-01 1.552564e+00 7.084987e-01 8.465523e-01 4.178466e-01 5.654775e-01 3.492250e-01 6.563268e-01 1.802031e+00 1.608390e+00 5.000000e-02 8.437968e-02 6.781723e-02 2.203495e-01 3.976310e-01 1.142708e-01 1.920791e-01 1.462285e-01 4.982493e-01 1.310976e-01 8.219539e-02 1.509707e-01 4.346575e-01 5.000000e-02
<GCONST> 6.920810e+01
<STATE> 13
<MEAN> 39
 1.299151e+00 -1.279533e+01 -1.368455e+01 -3.112639e+01 -5.971522e-01 -7.896929e+00 1.300605e+00 3.091632e+00 -3.846130e+00 8.433256e+00 -1.609497e+00 1.478098e+01 9.323500e-01 1.232061e+00 4.937775e-01 -7.502974e-01 1.808497e+00 -1.529871e+00 -8.184883e-01 4.003443e-01 1.520674e+00 1.215189e+00 4.712639e-01 -1.832829e-01 -1.722577e+00 4.560140e-03 -1.467117e-01 5.262119e-02 2.394338e-01 -1.636639e-02 4.723521e-01 -3.639514e-01 3.769577e-01 1.471485e-01 3.439760e-01 -2.507210e-01 -5.694413e-01 -1.336587e+00 -9.663383e-03
<VARIANCE> 39
 1.189591e+01 8.997951e+00 5.307366e+00 2.439549e+01 3.097443e+01 2.495448e+01 5.919242e+01 2.467334e+01 1.024537e+01 1.250924e+01 1.634978e+01 1.037710e+01 5.000000e-02 5.935627e-01 4.814790e-01 9.100863e-01 1.456941e+00 1.074121e+00 1.023533e+00 8.955638e-01 4.305046e+00 1.722781e+00 3.642140e-01 1.606705e+00 2.319415e+00 5.000000e-02 1.255077e-01 1.320434e-01 2.614251e-01 2.216124e-01 2.299308e-01 1.253367e-01 2.287330e-01 2.550680e-01 1.938794e-01 1.979747e-01 1.423482e-01 4.541720e-01 5.000000e-02
<GCONST> 7.813834e+01
<STATE> 14
<MEAN> 39
 3.460231e+00 -1.204503e+01 -1.345750e+01 -2.679420e+01 -2.361577e+00 -1.320563e+01 4.802814e+00 7.326353e+00 1.914903e+00 9.528274e+00 -3.352171e+00 7.891306e+00 9.139779e-01 6.543322e-01 3.224628e-01 -8.450995e-02 9.929889e-01 -7.877208e-02 -9.206991e-01 5.048428e-01 1.579931e+00 7.830729e-01 -9.233527e-01 -1.441239e+00 -2.541480e+00 -2.089103e-02 -3.038634e-01 -3.065359e-01 7.664700e-02 -5.501447e-01 4.301266e-01 3.576973e-01 -1.281090e-01 -6.291351e-01 -7.742241e-01 -6.960426e-01 -4.744169e-01 1.284197e-01 -7.726831e-03
<VARIANCE> 39
 1.501219e+01 2.326885e+00 5.524255e+00 3.664046e+01 4.070475e+01 3.498095e+01 6.391703e+01 4.713961e+01 1.812696e+01 2.024936e+01 1.514189e+01 1.583085e+01 5.000000e-02 1.805249e-01 1.804134e-01 2.015240e+00 9.736809e-01 7.581596e-01 1.529985e+00 7.209576e-01 1.180919e+00 1.360228e+00 7.149259e-01 3.370625e-01 1.568955e+00 5.000000e-02 5.925971e-02 7.998630e-02 1.002930e-01 2.074258e-01 5.476274e-01 3.339730e-01 3.806779e-01 8.647482e-01 2.012858e-01 7.309908e-02 1.442327e-01 1.733229e-01 5.000000e-02
<GCONST> 7.484044e+01
<STATE> 15
<MEAN> 39
 3.563531e+00 -1.184421e+01 -1.399042e+01 -2.685063e+01 -1.204325e+00 -1.211199e+01 4.761299e+00 9.917674e+00 -1.058786e+00 6.012822e+00 -6.149643e+00 4.495886e+00 8.712103e-01 2.065272e-01 -6.793373e-01 -3.131523e-01 -3.818191e-02 5.337488e-01 3.185102e-01 2.382940e-01 -7.977231e-01 -1.290539e+00 -2.221153e+00 -1.910271e+00 -1.472430e+00 -2.476315e-02 2.383890e-02 -1.421601e-01 -2.519940e-01 -1.094696e-01 2.116402e-03 3.041466e-01 -1.768210e-04 -9.791881e-01 -6.387042e-01 -3.187091e-01 3.687643e-01 6.683363e-01 7.626382e-04
<VARIANCE> 39
 1.259902e+01 8.790183e+00 1.823142e+01 2.086883e+01 4.093742e+01 3.413591e+00 2.711468e+01 2.777966e+01 2.928918e+01 1.559708e+01 1.394455e+01 4.633207e+00 5.000000e-02 7.133432e-02 2.527480e-01 9.165471e-01 4.354259e-01 4.356163e+00 1.999482e+00 3.703589e+00 1.902449e+00 2.108291e-01 3.997218e-01 3.993267e-01 8.209369e-01 5.000000e-02 5.000000e-02 7.891881e-02 3.290253e-01 1.717489e-01 2.796334e-01 1.038725e-01 8.263974e-02 2.523088e-01 1.247111e-01 2.159185e-01 1.905822e-01 1.968142e-01 5.000000e-02
<GCONST> 6.807370e+01
<STATE> 16
<MEAN> 39
 3.753273e+00 -1.367023e+01 -1.344525e+01 -2.921346e+01 1.221022e+00 -1.105354e+01 2.915564e+00 4.400312e+00 -3.499032e+00 1.522896e+00 -1.037260e+01 4.778379e+00 8.186538e-01 8.185318e-01 -9.783294e-02 -1.489387e+00 9.970331e-01 -4.947726e-01 1.261496e-01 5.845476e-01 -1.443731e+00 -1.662746e+00 -1.761071e+00 -2.114595e-01 -5.181946e-01 -1.491353e-02 1.946682e-01 3.083666e-01 -4.385549e-01 6.069559e-01 -4.788512e-01 1.906575e-01 5.715688e-03 -1.910270e-01 -4.986183e-02 2.103166e-01 9.029384e-01 -2.477292e-02 -1.117383e-03
<VARIANCE> 39
 1.007565e+01 9.110287e+00 1.970940e+01 1.731028e+01 2.536803e+01 5.754168e+00 4.308555e+01 2.022363e+01 2.067590e+01 9.390055e+00 5.245856e+00 1.639561e+01 5.000000e-02 2.020567e-01 5.467095e-01 1.127721e+00 2.375725e+00 1.892354e+00 1.226106e+00 7.033662e-01 1.451184e+00 3.652977e-01 9.843445e-01 1.491712e+00 4.086268e-01 5.000000e-02 5.000000e-02 1.082023e-01 3.092133e-01 1.861942e-01 7.571077e-01 1.043584e-01 5.608957e-01 1.778894e-01 1.526384e-01 6.003831e-02 8.463871e-02 2.592162e-01 5.000000e-02
<GCONST> 7.121618e+01
<STATE> 17
<MEAN> 39
 6.658753e+00 -1.227759e+01 -1.930230e+01 -2.330010e+01 -3.381333e+00 -1.085677e+01 6.019423e+00 3.034282e+00 -7.425224e+00 -1.203067e+00 -6.039924e+00 2.218763e+00 7.954446e-01 8.263751e-01 6.326315e-01 -1.041109e+00 1.786982e+00 -1.015845e+00 8.281170e-01 -1.587052e-01 -1.256357e+00 -1.147831e+00 -1.029343e+00 1.499322e+00 -1.430069e+00 -3.373059e-02 -2.364580e-01 2.906718e-02 5.218663e-01 1.469112e-01 -5.018472e-02 3.195079e-01 -5.291811e-01 -7.464574e-02 6.072358e-01 1.710065e-01 2.347957e-01 -1.780222e-01 -1.135803e-02
<VARIANCE> 39
 7.754542e+00 4.995602e+00 4.433147e+00 2.686440e+01 2.371179e+01 8.030536e+00 1.756145e+01 1.000106e+01 3.047549e+01 1.212495e+01 2.014846e+01 7.891996e+00 5.000000e-02 5.653278e-01 5.652686e-01 1.670681e+00 1.951256e+00 3.354952e+00 2.538505e+00 2.074695e+00 9.656989e-01 1.258443e+00 9.409105e-01 4.499219e-01 1.401630e+00 5.000000e-02 5.000000e-02 1.270136e-01 1.114878e-01 6.986229e-01 3.128972e-01 3.300353e-01 1.628040e-01 1.111282e-01 3.192197e-01 2.550787e-01 3.537416e-01 1.436573e-01 5.000000e-02
<GCONST> 7.572929e+01
<STATE> 18
<MEAN> 39
 7.541059e+00 -1.124641e+01 -1.922136e+01 -2.021544e+01 -5.301113e+00 -7.819833e+00 3.111231e+00 -8.388896e-01 -8.024746e+00 -3.332513e+00 -3.957488e+00 -1.895123e+00 6.899607e-01 -1.962352e-01 2.874127e-02 6.293184e-01 1.653193e+00 -6.143389e-01 1.429946e+00 -1.217600e+00 -1.865227e+00 9.833861e-01 -1.033863e+00 1.035597e+00 -1.236424e+00 -6.074489e-02 -3.438310e-01 -8.892610e-02 7.716370e-01 1.206304e-02 5.733130e-01 -1.648555e-01 -1.652835e-02 1.904923e-01 9.037612e-01 2.613210e-01 -1.719531e-01 4.700986e-01 -6.316792e-03
<VARIANCE> 39
 8.395555e-01 6.870278e+00 5.452170e+00 6.205236e+00 4.388460e+00 2.332020e+01 1.014568e+01 1.604856e+01 1.252396e+01 8.332995e+00 6.159447e+00 1.963215e+01 5.000000e-02 2.093542e-01 6.922530e-01 3.725008e-01 3.257175e+00 7.965156e-01 1.482704e+00 1.325173e+00 4.779484e-01 2.121281e+00 6.312629e-01 1.892327e+00 1.148850e+00 5.000000e-02 5.000000e-02 8.070118e-02 1.662539e-01 2.519407e-01 3.152183e-01 5.225373e-01 2.755107e-01 1.448803e-01 2.316796e-01 1.434605e-01 5.007811e-02 2.763540e-01 5.000000e-02
<GCONST> 6.477334e+01
<STATE> 19
<MEAN> 39
 6.060221e+00 -1.148140e+01 -1.617471e+01 -1.655511e+01 -3.968062e+00 -5.416984e+00 1.500061e+00 -3.746371e+00 -3.831607e+00 -4.826273e+00 -1.946084e+00 -1.351570e+00 5.407871e-01 -4.040337e-01 2.824405e-01 1.794390e+00 2.267339e+00 8.265570e-01 1.391358e-01 -4.743051e-01 -5.189018e-01 2.391312e+00 1.301126e-01 1.043849e+00 -9.006331e-04 -5.871764e-02 -1.241015e-01 6.099029e-02 2.104595e-01 8.649527e-02 1.992018e-01 -4.538920e-01 2.858693e-01 5.132738e-01 5.004831e-02 5.046034e-01 -3.437303e-02 2.835113e-01 3.598949e-03
<VARIANCE> 39
 2.348136e+00 7.188327e+00 6.132685e+00 8.459705e+00 1.098705e+01 8.215019e+00 1.517981e+01 1.034798e+01 1.846522e+01 1.363518e+01 1.595018e+01 8.969117e+00 5.000000e-02 2.130994e-01 3.351235e-01 3.980217e-01 1.216763e+00 5.389872e-01 1.375975e+00 3.591371e-01 1.148459e+00 9.839248e-01 1.390613e+00 3.594302e-01 1.889151e+00 5.000000e-02 5.000000e-02 8.783191e-02 1.235555e-01 4.011790e-01 1.829340e-01 3.065193e-01 1.973404e-01 1.082685e-01 3.826343e-01 1.921436e-01 2.669122e-01 3.170871e-01 5.000000e-02
<GCONST> 6.465470e+01
<STATE> 20
<MEAN> 39
 5.413464e+00 -1.058188e+01 -1.253761e+01 -1.148956e+01 -2.724780e+00 -7.227328e+00 -5.954245e-01 -4.387156e+00 1.276574e+00 -3.791495e+00 -2.292575e-01 -2.247328e+00 4.474684e-01 -7.848980e-01 3.021121e-01 1.567928e+00 1.723734e+00 5.822405e-01 3.093365e-02 2.292521e-01 5.043148e-01 1.151173e+00 8.442621e-01 6.914497e-01 2.650934e-01 -4.618698e-02 -1.274999e-01 -7.323317e-02 -2.381002e-01 -4.578823e-01 -6.365432e-02 2.033177e-01 3.221997e-01 4.777206e-01 -4.189168e-01 1.137743e-01 -1.941264e-02 1.472599e-01 3.319074e-03
<VARIANCE> 39
 2.575305e+00 9.793269e+00 1.051988e+01 9.149775e+00 4.412024e+00 1.345996e+01 2.736223e+01 1.068556e+01 1.139907e+01 6.577074e+00 4.095096e+00 7.876155e+00 5.000000e-02 4.711562e-01 2.199765e-01 8.862383e-01 4.660905e-01 5.515717e-01 1.469999e+00 1.596277e+00 1.046084e+00 7.071111e-01 9.899371e-01 6.140429e-01 4.533916e-01 5.000000e-02 5.000000e-02 6.048704e-02 2.071084e-01 2.328152e-01 1.936303e-01 1.748815e-01 3.282014e-01 3.415589e-01 1.840395e-01 3.043019e-01 9.944220e-02 1.072847e-01 5.000000e-02
<GCONST> 6.172452e+01
<STATE> 21
<MEAN> 39
 3.585551e+00 -1.035517e+01 -9.821062e+00 -8.447214e+00 -8.696055e-01 -5.572839e+00 2.764998e+00 -1.814807e+00 2.542222e+00 -3.803512e-01 6.918046e-01 -2.100949e+00 3.342351e-01 -1.016689e+00 1.351543e-01 8.289753e-01 6.682966e-02 3.092018e-02 1.377218e-01 4.862547e-01 1.070935e+00 2.838591e-01 2.803282e-01 7.714278e-01 6.483933e-01 -4.704416e-02 9.119350e-03 -7.011081e-02 -2.531347e-01 -4.871470e-01 -1.300891e-01 1.475317e-01 -6.842486e-02 -3.892068e-03 -3.312805e-01 -1.045542e-01 7.663682e-02 1.006166e-01 2.992295e-03
<VARIANCE> 39
 4.107575e+00 4.073100e+00 1.239658e+01 6.484127e+00 1.189045e+01 3.101537e+00 4.405439e+00 1.605775e+01 7.622060e+00 5.434154e+00 1.308204e+00 1.127106e+01 5.000000e-02 8.281048e-02 5.433250e-01 1.204097e+00 8.218805e-01 1.565409e+00 1.213487e+00 2.427329e+00 1.698096e+00 1.403206e+00 1.448610e+00 7.026964e-01 9.688772e-02 5.000000e-02 9.880222e-02 7.021693e-02 1.794996e-01 1.069261e-01 1.387373e-01 2.382558e-01 3.273858e-01 2.699375e-01 5.000000e-02 2.508855e-01 7.590477e-02 9.081926e-02 5.000000e-02
<GCONST> 5.702851e+01
<STATE> 22
<MEAN> 39
 1.498934e+00 -1.068039e+01 -9.352584e+00 -1.028371e+01 -2.424310e+00 -5.818093e+00 2.750332e+00 7.445037e-01 2.815360e+00 -1.346397e+00 3.514246e+00 1.188507e+00 2.910582e-01 -6.239992e-01 -2.438098e-02 3.936896e-01 4.922126e-02 2.256130e-01 7.678912e-01 1.630965e-01 3.550491e-01 3.745661e-02 3.268827e-01 8.567326e-01 4.395276e-01 -3.307974e-02 1.163413e-01 1.732344e-01 -3.726074e-02 1.805116e-02 -1.070492e-01 -9.523677e-02 -2.449054e-01 -7.276220e-01 -4.278259e-01 -2.142673e-01 -2.226373e-01 -3.576983e-01 4.761833e-03
<VARIANCE> 39
 2.036803e+00 7.755805e+00 2.071211e+01 1.452098e+01 2.204157e+01 1.018954e+01 8.482395e+00 1.707096e+01 8.304835e+00 6.444376e+00 8.934693e+00 2.387753e+00 5.000000e-02 5.931104e-01 3.561547e-01 7.453843e-01 6.370597e-01 1.008535e+00 1.260071e+00 1.240242e+00 1.982470e+00 9.767690e-01 9.740216e-01 7.156110e-01 8.764288e-01 5.000000e-02 6.649596e-02 8.033764e-02 2.797436e-01 1.125451e-01 2.489167e-01 2.425349e-01 3.203280e-01 3.523520e-01 2.982754e-01 2.664433e-01 2.024674e-01 5.000000e-02 5.000000e-02
<GCONST> 6.610517e+01
<STATE> 23
<MEAN> 39
 6.096044e-01 -9.707475e+00 -8.048615e+00 -9.563567e+00 -1.120029e+00 -4.324220e+00 2.254348e+00 -4.252061e-01 1.447561e+00 -7.940279e-01 3.444181e+00 -3.020993e-01 2.113618e-01 -7.060014e-01 4.544007e-01 9.751444e-01 5.789720e-01 1.529562e-01 -7.184091e-02 -4.007984e-01 -1.119649e+00 -7.194995e-01 4.495421e-01 3.473804e-01 -7.888246e-01 -3.171398e-02 -7.370731e-02 8.039092e-02 1.992332e-01 2.614076e-01 4.096749e-02 -3.713340e-02 6.723225e-03 -1.754013e-01 -9.774966e-02 -6.078034e-02 -2.373901e-01 -2.933468e-01 -1.931248e-03
<VARIANCE> 39
 2.972061e+00 5.073142e+00 1.374278e+01 8.336884e+00 8.565229e+00 1.386808e+01 1.232611e+01 7.285420e+00 5.738436e+00 1.384771e+01 9.393978e+00 8.016654e+00 5.000000e-02 6.481281e-01 5.051734e-01 7.826404e-01 6.978584e-01 4.548427e-01 1.003059e+00 5.194608e-01 1.357797e+00 1.241033e+00 1.178617e+00 1.290799e+00 1.173193e+00 5.000000e-02 7.359884e-02 5.000000e-02 2.090302e-01 2.796235e-01 1.621191e-01 4.440613e-01 2.893560e-01 1.814370e-01 1.021908e-01 3.349141e-01 2.433170e-01 2.268586e-01 5.000000e-02
<GCONST> 6.576208e+01
<STATE> 24
<MEAN> 39
 -8.181561e-01 -8.573738e+00 -5.742975e+00 -7.473633e+00 -1.795265e+00 -4.181701e+00 2.739619e+00 -3.818287e+00 -8.930868e-03 1.377805e-01 5.123123e+00 -1.500206e+00 1.705959e-01 -9.974753e-01 3.538763e-01 9.996975e-01 8.323279e-01 5.352644e-02 -1.090207e-01 2.148071e-01 1.996260e-01 -2.709447e-01 -1.081342e-01 -5.797148e-02 -4.732193e-01 -3.727325e-02 4.244005e-04 -1.056533e-01 -3.849477e-02 8.797088e-02 1.499951e-01 -8.872955e-02 7.159819e-02 5.271996e-01 2.764225e-01 -2.809865e-01 -1.483056e-01 2.440055e-01 3.160726e-03
<VARIANCE> 39
 1.118074e+01 1.538610e+00 7.146304e+00 9.869516e+00 7.838297e+00 9.269735e+00 1.513587e+01 1.539630e+01 1.661563e+01 1.919608e+01 9.838259e+00 1.157925e+01 5.000000e-02 3.178234e-01 1.920405e-01 1.151140e+00 1.137144e+00 4.894592e-01 1.920439e+00 1.354059e+00 1.228100e+00 3.899289e-01 1.203689e+00 9.534643e-01 5.044343e-01 5.000000e-02 1.550581e-01 5.000000e-02 5.000000e-02 1.070179e-01 5.000000e-02 3.232274e-01 2.485604e-01 3.487472e-01 2.508698e-01 3.233916e-01 2.623877e-01 1.736027e-01 5.000000e-02
<GCONST> 6.419849e+01
<STATE> 25
<MEAN> 39
 -2.941739e+00 -7.988171e+00 -3.044716e+00 -5.423348e+00 2.345226e-02 -4.119631e+00 2.335493e+00 -1.915434e+00 1.943612e-01 -1.564116e+00 2.183038e+00 -2.730078e+00 8.825054e-02 -7.475780e-01 3.442363e-02 9.296919e-01 1.093947e+00 6.947804e-01 4.287051e-01 4.250578e-01 5.387469e-01 -4.965635e-02 -1.073179e+00 -5.086432e-01 -2.364363e-02 -2.345212e-02 1.941803e-01 -9.032259e-02 -3.223526e-01 -3.177223e-01 -5.525574e-02 -2.327821e-01 -1.156452e-01 2.370287e-01 3.530968e-01 2.010049e-01 2.098829e-01 2.351815e-01 7.221719e-03
<VARIANCE> 39
 4.062811e+00 3.431699e+00 1.603649e+00 6.569827e+00 6.382401e+00 9.150657e+00 6.849800e+00 1.317494e+01 1.038278e+01 1.267993e+01 2.833869e+00 8.763218e+00 5.000000e-02 2.607746e-01 1.291214e-01 4.867069e-01 6.251608e-01 1.335640e-01 1.264261e+00 7.057660e-01 1.382893e+00 1.097670e+00 1.240917e+00 1.166662e+00 1.147486e+00 5.000000e-02 5.000000e-02 5.000000e-02 8.707697e-02 2.000430e-01 6.932789e-02 2.510638e-01 2.262866e-01 2.171438e-01 1.842503e-01 2.603874e-01 7.288364e-02 1.323471e-01 5.000000e-02
<GCONST> 5.377480e+01
<TRANSP> 26
 0.000000e+00 1.000000e+00 0.000000e+00 0.000000e+00 0.000000e+00 0.000000e+00 0.000000e+00 0.000000e+00 0.000000e+00 0.000000e+00 0.000000e+00 0.000000e+00 0.000000e+00 0.000000e+00 0.000000e+00 0.000000e+00 0.000000e+00 0.000000e+00 0.000000e+00 0.000000e+00 0.000000e+00 0.000000e+00 0.000000e+00 0.000000e+00 0.000000e+00 0.000000e+00
 0.000000e+00 4.996841e-01 5.003159e-01 0.000000e+00 0.000000e+00 0.000000e+00 0.000000e+00 0.000000e+00 0.000000e+00 0.000000e+00 0.000000e+00 0.000000e+00 0.000000e+00 0.000000e+00 0.000000e+00 0.000000e+00 0.000000e+00 0.000000e+00 0.000000e+00 0.000000e+00 0.000000e+00 0.000000e+00 0.000000e+00 0.000000e+00 0.000000e+00 0.000000e+00
 0.000000e+00 0.000000e+00 4.444442e-01 5.555558e-01 0.000000e+00 0.000000e+00 0.000000e+00 0.000000e+00 0.000000e+00 0.000000e+00 0.000000e+00 0.000000e+00 0.000000e+00 0.000000e+00 0.000000e+00 0.000000e+00 0.000000e+00 0.000000e+00 0.000000e+00 0.000000e+00 0.000000e+00 0.000000e+00 0.000000e+00 0.000000e+00 0.000000e+00 0.000000e+00
 0.000000e+00 0.000000e+00 0.000000e+00 5.000000e-01 5.000000e-01 0.000000e+00 0.000000e+00 0.000000e+00 0.000000e+00 0.000000e+00 0.000000e+00 0.000000e+00 0.000000e+00 0.000000e+00 0.000000e+00 0.000000e+00 0.000000e+00 0.000000e+00 0.000000e+00 0.000000e+00 0.000000e+00 0.000000e+00 0.000000e+00 0.000000e+00 0.000000e+00 0.000000e+00
 0.000000e+00 0.000000e+00 0.000000e+00 0.000000e+00 5.454530e-01 4.545471e-01 0.000000e+00 0.000000e+00 0.000000e+00 0.000000e+00 0.000000e+00 0.000000e+00 0.000000e+00 0.000000e+00 0.000000e+00 0.000000e+00 0.000000e+00 0.000000e+00 0.000000e+00 0.000000e+00 0.000000e+00 0.000000e+00 0.000000e+00 0.000000e+00 0.000000e+00 0.000000e+00
 0.000000e+00 0.000000e+00 0.000000e+00 0.000000e+00 0.000000e+00 5.000022e-01 4.999978e-01 0.000000e+00 0.000000e+00 0.000000e+00 0.000000e+00 0.000000e+00 0.000000e+00 0.000000e+00 0.000000e+00 0.000000e+00 0.000000e+00 0.000000e+00 0.000000e+00 0.000000e+00 0.000000e+00 0.000000e+00 0.000000e+00 0.000000e+00 0.000000e+00 0.000000e+00
 0.000000e+00 0.000000e+00 0.000000e+00 0.000000e+00 0.000000e+00 0.000000e+00 5.000002e-01 4.999998e-01 0.000000e+00 0.000000e+00 0.000000e+00 0.000000e+00 0.000000e+00 0.000000e+00 0.000000e+00 0.000000e+00 0.000000e+00 0.000000e+00 0.000000e+00 0.000000e+00 0.000000e+00 0.000000e+00 0.000000e+00 0.000000e+00 0.000000e+00 0.000000e+00
 0.000000e+00 0.000000e+00 0.000000e+00 0.000000e+00 0.000000e+00 0.000000e+00 0.000000e+00 4.444475e-01 5.555524e-01 0.000000e+00 0.000000e+00 0.000000e+00 0.000000e+00 0.000000e+00 0.000000e+00 0.000000e+00 0.000000e+00 0.000000e+00 0.000000e+00 0.000000e+00 0.000000e+00 0.000000e+00 0.000000e+00 0.000000e+00 0.000000e+00 0.000000e+00
 0.000000e+00 0.000000e+00 0.000000e+00 0.000000e+00 0.000000e+00 0.000000e+00 0.000000e+00 0.000000e+00 4.453472e-01 5.546529e-01 0.000000e+00 0.000000e+00 0.000000e+00 0.000000e+00 0.000000e+00 0.000000e+00 0.000000e+00 0.000000e+00 0.000000e+00 0.000000e+00 0.000000e+00 0.000000e+00 0.000000e+00 0.000000e+00 0.000000e+00 0.000000e+00
 0.000000e+00 0.000000e+00 0.000000e+00 0.000000e+00 0.000000e+00 0.000000e+00 0.000000e+00 0.000000e+00 0.000000e+00 5.459391e-01 4.540609e-01 0.000000e+00 0.000000e+00 0.000000e+00 0.000000e+00 0.000000e+00 0.000000e+00 0.000000e+00 0.000000e+00 0.000000e+00 0.000000e+00 0.000000e+00 0.000000e+00 0.000000e+00 0.000000e+00 0.000000e+00
 0.000000e+00 0.000000e+00 0.000000e+00 0.000000e+00 0.000000e+00 0.000000e+00 0.000000e+00 0.000000e+00 0.000000e+00 0.000000e+00 5.820798e-01 4.179202e-01 0.000000e+00 0.000000e+00 0.000000e+00 0.000000e+00 0.000000e+00 0.000000e+00 0.000000e+00 0.000000e+00 0.000000e+00 0.000000e+00 0.000000e+00 0.000000e+00 0.000000e+00 0.000000e+00
 0.000000e+00 0.000000e+00 0.000000e+00 0.000000e+00 0.000000e+00 0.000000e+00 0.000000e+00 0.000000e+00 0.000000e+00 0.000000e+00 0.000000e+00 2.867507e-01 7.132493e-01 0.000000e+00 0.000000e+00 0.000000e+00 0.000000e+00 0.000000e+00 0.000000e+00 0.000000e+00 0.000000e+00 0.000000e+00 0.000000e+00 0.000000e+00 0.000000e+00 0.000000e+00
 0.000000e+00 0.000000e+00 0.000000e+00 0.000000e+00 0.000000e+00 0.000000e+00 0.000000e+00 0.000000e+00 0.000000e+00 0.000000e+00 0.000000e+00 0.000000e+00 5.019835e-01 4.980165e-01 0.000000e+00 0.000000e+00 0.000000e+00 0.000000e+00 0.000000e+00 0.000000e+00 0.000000e+00 0.000000e+00 0.000000e+00 0.000000e+00 0.000000e+00 0.000000e+00
 0.000000e+00 0.000000e+00 0.000000e+00 0.000000e+00 0.000000e+00 0.000000e+00 0.000000e+00 0.000000e+00 0.000000e+00 0.000000e+00 0.000000e+00 0.000000e+00 0.000000e+00 3.717717e-01 6.282284e-01 0.000000e+00 0.000000e+00 0.000000e+00 0.000000e+00 0.000000e+00 0.000000e+00 0.000000e+00 0.000000e+00 0.000000e+00 0.000000e+00 0.000000e+00
 0.000000e+00 0.000000e+00 0.000000e+00 0.000000e+00 0.000000e+00 0.000000e+00 0.000000e+00 0.000000e+00 0.000000e+00 0.000000e+00 0.000000e+00 0.000000e+00 0.000000e+00 0.000000e+00 3.750522e-01 6.249478e-01 0.000000e+00 0.000000e+00 0.000000e+00 0.000000e+00 0.000000e+00 0.000000e+00 0.000000e+00 0.000000e+00 0.000000e+00 0.000000e+00
 0.000000e+00 0.000000e+00 0.000000e+00 0.000000e+00 0.000000e+00 0.000000e+00 0.000000e+00 0.000000e+00 0.000000e+00 0.000000e+00 0.000000e+00 0.000000e+00 0.000000e+00 0.000000e+00 0.000000e+00 5.002968e-01 4.997032e-01 0.000000e+00 0.000000e+00 0.000000e+00 0.000000e+00 0.000000e+00 0.000000e+00 0.000000e+00 0.000000e+00 0.000000e+00
 0.000000e+00 0.000000e+00 0.000000e+00 0.000000e+00 0.000000e+00 0.000000e+00 0.000000e+00 0.000000e+00 0.000000e+00 0.000000e+00 0.000000e+00 0.000000e+00 0.000000e+00 0.000000e+00 0.000000e+00 0.000000e+00 5.452086e-01 4.547915e-01 0.000000e+00 0.000000e+00 0.000000e+00 0.000000e+00 0.000000e+00 0.000000e+00 0.000000e+00 0.000000e+00
 0.000000e+00 0.000000e+00 0.000000e+00 0.000000e+00 0.000000e+00 0.000000e+00 0.000000e+00 0.000000e+00 0.000000e+00 0.000000e+00 0.000000e+00 0.000000e+00 0.000000e+00 0.000000e+00 0.000000e+00 0.000000e+00 0.000000e+00 5.000788e-01 4.999212e-01 0.000000e+00 0.000000e+00 0.000000e+00 0.000000e+00 0.000000e+00 0.000000e+00 0.000000e+00
 0.000000e+00 0.000000e+00 0.000000e+00 0.000000e+00 0.000000e+00 0.000000e+00 0.000000e+00 0.000000e+00 0.000000e+00 0.000000e+00 0.000000e+00 0.000000e+00 0.000000e+00 0.000000e+00 0.000000e+00 0.000000e+00 0.000000e+00 0.000000e+00 5.405812e-01 4.594187e-01 0.000000e+00 0.000000e+00 0.000000e+00 0.000000e+00 0.000000e+00 0.000000e+00
 0.000000e+00 0.000000e+00 0.000000e+00 0.000000e+00 0.000000e+00 0.000000e+00 0.000000e+00 0.000000e+00 0.000000e+00 0.000000e+00 0.000000e+00 0.000000e+00 0.000000e+00 0.000000e+00 0.000000e+00 0.000000e+00 0.000000e+00 0.000000e+00 0.000000e+00 5.502006e-01 4.497994e-01 0.000000e+00 0.000000e+00 0.000000e+00 0.000000e+00 0.000000e+00
 0.000000e+00 0.000000e+00 0.000000e+00 0.000000e+00 0.000000e+00 0.000000e+00 0.000000e+00 0.000000e+00 0.000000e+00 0.000000e+00 0.000000e+00 0.000000e+00 0.000000e+00 0.000000e+00 0.000000e+00 0.000000e+00 0.000000e+00 0.000000e+00 0.000000e+00 0.000000e+00 3.749350e-01 6.250650e-01 0.000000e+00 0.000000e+00 0.000000e+00 0.000000e+00
 0.000000e+00 0.000000e+00 0.000000e+00 0.000000e+00 0.000000e+00 0.000000e+00 0.000000e+00 0.000000e+00 0.000000e+00 0.000000e+00 0.000000e+00 0.000000e+00 0.000000e+00 0.000000e+00 0.000000e+00 0.000000e+00 0.000000e+00 0.000000e+00 0.000000e+00 0.000000e+00 0.000000e+00 4.457999e-01 5.542002e-01 0.000000e+00 0.000000e+00 0.000000e+00
 0.000000e+00 0.000000e+00 0.000000e+00 0.000000e+00 0.000000e+00 0.000000e+00 0.000000e+00 0.000000e+00 0.000000e+00 0.000000e+00 0.000000e+00 0.000000e+00 0.000000e+00 0.000000e+00 0.000000e+00 0.000000e+00 0.000000e+00 0.000000e+00 0.000000e+00 0.000000e+00 0.000000e+00 0.000000e+00 4.964878e-01 5.035121e-01 0.000000e+00 0.000000e+00
 0.000000e+00 0.000000e+00 0.000000e+00 0.000000e+00 0.000000e+00 0.000000e+00 0.000000e+00 0.000000e+00 0.000000e+00 0.000000e+00 0.000000e+00 0.000000e+00 0.000000e+00 0.000000e+00 0.000000e+00 0.000000e+00 0.000000e+00 0.000000e+00 0.000000e+00 0.000000e+00 0.000000e+00 0.000000e+00 0.000000e+00 5.019667e-01 4.980333e-01 0.000000e+00
 0.000000e+00 0.000000e+00 0.000000e+00 0.000000e+00 0.000000e+00 0.000000e+00 0.000000e+00 0.000000e+00 0.000000e+00 0.000000e+00 0.000000e+00 0.000000e+00 0.000000e+00 0.000000e+00 0.000000e+00 0.000000e+00 0.000000e+00 0.000000e+00 0.000000e+00 0.000000e+00 0.000000e+00 0.000000e+00 0.000000e+00 0.000000e+00 3.946428e-01 6.053572e-01
 0.000000e+00 0.000000e+00 0.000000e+00 0.000000e+00 0.000000e+00 0.000000e+00 0.000000e+00 0.000000e+00 0.000000e+00 0.000000e+00 0.000000e+00 0.000000e+00 0.000000e+00 0.000000e+00 0.000000e+00 0.000000e+00 0.000000e+00 0.000000e+00 0.000000e+00 0.000000e+00 0.000000e+00 0.000000e+00 0.000000e+00 0.000000e+00 0.000000e+00 0.000000e+00
<ENDHMM>
