~o
<STREAMINFO> 1 39
<VECSIZE> 39<NULLD><MFCC_E_D_A><DIAGC>
~h "Co"
<BEGINHMM>
<NUMSTATES> 26
<STATE> 2
<MEAN> 39
 -7.801744e+00 -7.741315e+00 -3.552585e-01 -2.224716e-01 -4.394032e-01 -1.829016e+00 1.704348e+00 1.251935e-01 3.465171e+00 -3.606137e+00 1.970951e+00 7.075500e-01 -7.084268e-02 -3.013444e-01 -7.271805e-01 -1.155604e+00 -4.187385e-01 9.264196e-01 -1.339393e+00 -1.067888e+00 7.598940e-01 6.123959e-01 5.278462e-01 -1.325250e+00 -1.841384e-02 9.702218e-02 3.299342e-02 -5.302785e-01 -9.562019e-01 -6.680529e-01 6.478983e-01 -9.130418e-01 -1.509851e-01 2.593901e-01 5.558993e-02 3.193521e-01 -8.745059e-01 -1.736717e-01 3.914972e-02
<VARIANCE> 39
 5.954977e+00 3.450362e+00 7.381398e+00 3.382020e+00 1.273900e+01 1.831636e+01 1.212763e+01 7.578619e+00 2.082646e+01 1.017305e+01 8.999936e+00 2.422778e+01 5.000000e-02 5.029295e-01 1.234062e+00 6.075118e+00 1.306801e+00 3.797396e+00 4.495017e+00 2.605548e+00 1.330634e+00 1.946768e+00 5.977814e-01 2.782317e+00 6.708465e-01 5.000000e-02 7.673102e-02 9.979422e-02 9.561899e-01 1.870878e-01 5.169851e-01 3.341330e-01 4.711398e-01 2.847221e-01 2.711796e-01 1.190910e-01 3.216874e-01 2.399826e-01 5.000000e-02
<GCONST> 7.974310e+01
<STATE> 3
<MEAN> 39
 -8.768988e+00 -1.252073e+01 -1.229116e+01 -4.515724e+00 8.627763e+00 -1.279267e+01 -4.798699e+00 4.108623e+00 3.882357e+00 -1.416476e+00 -5.350801e+00 4.513908e-01 4.703566e-01 4.075707e-01 -1.960813e+00 -4.285565e+00 -3.019521e+00 2.872042e+00 -3.428734e+00 -3.011158e-01 1.158368e+00 5.558603e-01 1.597762e+00 -3.666946e+00 -7.919689e-01 1.888928e-01 4.517219e-01 -2.220259e-01 2.854990e-01 -4.353065e-01 -5.123925e-01 7.611826e-01 1.546080e+00 -9.313689e-01 -4.707810e-01 -6.304722e-04 5.988114e-01 -7.049437e-01 -1.556441e-02
<VARIANCE> 39
 1.016782e+01 1.123811e+01 6.184744e+01 3.467376e+00 4.774276e+01 1.359484e+02 2.604958e+01 9.494829e+00 3.169435e+01 1.544610e+01 1.434690e+01 1.738858e+01 7.343581e-02 8.730111e-01 9.524986e-01 8.515210e+00 9.726809e-01 3.738095e+00 2.506803e+00 2.882462e+00 1.453785e+00 1.594950e+00 6.103105e-01 1.428856e+00 2.061711e+00 5.000000e-02 9.240172e-02 1.545925e-01 8.077614e-01 2.728807e-01 4.516141e-01 1.989270e+00 6.949369e-01 2.436047e-01 8.190156e-01 9.200030e-02 1.562551e-01 5.000000e-02 5.000000e-02
<GCONST> 9.075454e+01
<STATE> 4
<MEAN> 39
 -6.845222e+00 -1.354245e+01 -9.536383e+00 -8.895843e+00 6.398919e+00 -1.054201e+01 1.265739e+00 2.168553e+00 5.221669e+00 1.627655e+00 -7.572851e+00 -5.676908e-01 4.086861e-01 7.978233e-01 -1.268254e+00 -1.363920e+00 -1.044858e+00 1.601394e-01 -2.667498e-02 2.562867e+00 -1.391604e+00 -1.334350e+00 4.680205e-02 9.995829e-02 -1.397565e+00 6.155586e-02 -4.234110e-02 2.626362e-01 3.079362e-01 6.076486e-01 -3.581144e-01 8.591937e-01 3.282268e-01 -6.903339e-01 -4.087104e-01 -4.960687e-01 8.954121e-01 3.652173e-03 -2.349325e-02
<VARIANCE> 39
 2.272836e+01 2.706668e+01 1.162631e+02 3.446847e+01 3.562668e+01 4.736654e+01 4.315904e+01 2.485763e+01 2.989277e+01 1.790725e+01 3.466025e+01 3.524831e+01 1.959686e-01 1.115484e+00 1.810941e+00 2.581729e+00 3.023957e+00 1.388360e+00 4.620934e+00 5.466373e+00 4.160342e+00 3.084878e+00 2.234118e+00 2.396178e+00 2.046171e+00 5.000000e-02 2.686696e-01 3.514169e-01 4.737676e-01 3.244681e-01 5.394982e-01 5.386176e-01 9.011119e-01 8.648834e-01 5.552748e-01 2.165980e-01 8.985838e-01 4.735037e-01 5.000000e-02
<GCONST> 1.091446e+02
<STATE> 5
<MEAN> 39
 -5.686507e+00 -2.011618e+01 -1.985086e+01 -9.607964e+00 8.593747e+00 -9.241067e+00 8.261494e+00 -4.865371e+00 3.276342e-01 -1.934890e+00 -5.244485e+00 -8.465333e+00 8.323145e-01 2.840715e-01 -4.762410e-01 -2.135594e+00 8.997781e-01 1.253123e-01 1.684960e+00 8.472707e-01 -2.966811e+00 -1.524404e+00 -4.656648e-02 1.613886e+00 -9.194505e-01 3.470820e-02 -1.305168e-01 6.479068e-01 9.664837e-02 3.658689e-01 -5.083333e-02 9.552714e-02 -7.436033e-01 2.386029e-01 7.993029e-02 6.917928e-01 -1.704700e-01 6.608405e-01 -1.364887e-02
<VARIANCE> 39
 8.695174e+00 1.305148e+01 6.835594e+01 2.200551e+01 2.503090e+01 2.443116e+01 2.681638e+01 1.045404e+01 2.609435e+01 1.208039e+01 1.270049e+00 9.305256e+00 1.097844e-01 3.015977e-01 1.206758e+00 2.109557e+00 8.459259e-01 7.096706e-01 8.799944e-01 1.740121e+00 7.352569e-01 1.584357e+00 1.260803e+00 6.833537e-01 1.292686e+00 5.000000e-02 5.000000e-02 2.671918e-01 3.491420e-01 3.559495e-01 1.506261e-01 3.503537e-01 3.284517e-01 1.317146e-01 3.967571e-01 3.489884e-01 1.470934e-01 6.524994e-02 5.000000e-02
<GCONST> 7.660468e+01
<STATE> 6
<MEAN> 39
 -7.509380e+00 -1.684594e+01 -1.548946e+01 -7.528141e+00 8.315398e+00 -4.979327e+00 4.510082e+00 -4.488115e+00 -1.285612e+00 2.671941e-01 -4.899990e+00 -9.594316e-01 5.596890e-01 -2.866079e-01 -3.526699e-01 -2.348995e+00 -7.536566e-01 1.021516e+00 -3.466988e-01 3.670083e-01 -6.182095e-01 -7.112407e-01 1.732285e+00 -8.324025e-01 7.791047e-01 9.187854e-02 9.096750e-02 1.527657e-01 5.345372e-02 -4.137888e-01 -1.681122e-01 -4.475406e-01 3.310626e-02 3.603293e-01 5.939155e-01 9.641895e-02 -1.166968e-01 -3.000596e-01 6.077901e-03
<VARIANCE> 39
 2.303920e+01 2.549174e+01 1.474256e+02 2.082749e+01 4.320794e+01 2.507094e+01 6.678094e+01 2.865135e+01 3.475745e+01 1.862074e+01 1.527072e+01 9.820732e+01 2.167632e-01 8.637762e-01 3.305306e+00 1.959852e+00 2.239404e+00 3.781982e+00 5.732929e+00 1.249641e+00 3.601709e+00 1.477302e+00 1.636060e+00 2.622326e+00 4.437006e+00 5.000000e-02 2.026884e-01 2.391947e-01 7.991536e-01 5.096664e-02 7.275513e-01 6.343811e-01 5.626948e-01 7.195261e-01 2.392801e-01 6.832336e-01 6.430536e-01 2.309551e+00 5.000000e-02
<GCONST> 1.080172e+02
<STATE> 7
<MEAN> 39
 -3.103843e+00 -1.714509e+01 -2.335493e+01 -1.625292e+01 1.001061e+01 -8.131447e+00 1.318061e+01 -9.710090e+00 -4.598908e+00 4.954958e+00 -4.177771e+00 -5.206574e+00 9.149661e-01 4.358651e-01 1.819771e-01 -9.676595e-01 -2.799251e-01 -2.957654e-01 1.610740e+00 1.173000e+00 -1.970573e+00 9.381652e-01 6.918401e-01 1.446715e+00 -1.071171e+00 2.829794e-02 -9.505905e-02 -4.294163e-03 3.698992e-01 2.255169e-01 -5.695201e-02 4.092154e-01 -1.935608e-01 -8.597767e-02 3.835464e-01 -7.387877e-02 1.309801e-01 1.880528e-01 -1.072540e-02
<VARIANCE> 39
 2.257163e+01 1.072369e+01 2.248031e+01 6.509449e+01 1.193448e+01 1.531557e+01 7.657462e+01 2.883925e+01 6.489871e+01 2.975190e+01 2.503170e+01 3.317193e+01 5.000000e-02 1.842481e-01 1.130093e+00 2.674165e+00 1.817448e+00 1.380600e+00 3.877543e+00 1.256118e+00 1.003121e+00 8.542418e-01 1.742301e+00 2.069487e+00 7.968640e+00 5.000000e-02 5.000000e-02 2.370846e-01 4.017727e-01 5.127348e-01 2.949408e-01 1.012399e+00 2.833120e-01 5.379260e-01 1.568321e-01 3.453162e-01 7.143900e-01 1.104373e+00 5.000000e-02
<GCONST> 9.552699e+01
<STATE> 8
<MEAN> 39
 -4.790649e+00 -1.771943e+01 -2.608798e+01 -9.142949e+00 8.001963e+00 -1.573743e+00 1.097279e+01 -1.415592e+01 1.037145e+00 4.713750e+00 -1.154736e+00 -8.499752e+00 9.647314e-01 1.319203e-01 3.395376e-01 4.456928e-01 -3.528225e-01 -6.692502e-01 1.418087e+00 1.775642e-01 -9.900960e-01 7.442303e-01 -4.163068e-01 3.577381e-01 5.385200e-01 -6.195466e-04 -5.249489e-02 -1.919347e-01 1.961982e-01 -8.582886e-02 -1.398624e-01 -1.520963e-01 -1.045614e-01 2.884502e-01 1.799467e-02 -5.622389e-01 -1.837606e-01 8.302767e-02 -3.234853e-03
<VARIANCE> 39
 6.476497e+00 1.134964e+00 3.494310e+00 2.073372e+01 5.382267e+00 6.401576e+00 2.076904e+01 9.723598e+00 2.010750e+01 1.569844e+01 4.850289e+00 1.536880e+01 5.000000e-02 2.003275e-01 3.418076e-01 5.177539e-01 5.558964e-01 6.928546e-01 5.251883e-01 1.229159e-01 9.432186e-01 7.878205e-01 8.303622e-01 3.934899e-01 4.860372e-01 5.000000e-02 5.000000e-02 5.000000e-02 1.726917e-01 1.634278e-01 1.176561e-01 2.695469e-01 6.924229e-02 1.393208e-01 1.585402e-01 1.700760e-01 1.662543e-01 1.276459e-01 5.000000e-02
<GCONST> 5.359324e+01
<STATE> 9
<MEAN> 39
 -2.059385e+00 -1.708991e+01 -2.501708e+01 -1.384422e+01 7.495245e+00 1.322177e+00 1.565582e+01 -1.837371e+01 2.476591e+00 1.867466e+00 2.189729e+00 -8.309166e+00 9.648891e-01 -3.424460e-01 -1.266709e-01 3.546922e-01 -6.670545e-02 2.605579e-01 6.364310e-01 1.721688e-01 -3.269458e-01 9.844736e-01 -1.038237e+00 2.475291e-01 -1.077664e-01 -3.219585e-03 -1.114527e-01 -3.672053e-02 -3.746063e-02 -3.898520e-02 3.408659e-01 -3.076485e-01 -8.896331e-02 3.495952e-01 -4.088552e-01 4.523828e-02 -1.806073e-01 -1.523175e-01 -5.120056e-05
<VARIANCE> 39
 5.858714e+00 1.581146e+00 5.084942e+00 5.119634e+01 5.823020e+00 2.363373e+00 2.052196e+01 1.740120e+01 1.376407e+01 2.280361e+01 1.022732e+01 2.015324e+01 5.000000e-02 9.666137e-02 5.716604e-02 6.782888e-01 4.747961e-01 7.918277e-01 7.611734e-01 5.255424e-01 2.138376e+00 1.341167e+00 1.242343e+00 8.238580e-01 5.652715e-01 5.000000e-02 5.000000e-02 5.102799e-02 1.956905e-01 9.667649e-02 2.022253e-01 5.000000e-02 5.000000e-02 4.055724e-01 2.022897e-01 1.175842e-01 1.921599e-01 5.540492e-02 5.000000e-02
<GCONST> 5.636856e+01
<STATE> 10
<MEAN> 39
 -7.282073e+00 -1.928381e+01 -2.351575e+01 -1.111654e+01 6.791783e+00 6.296532e+00 9.246881e+00 -1.672976e+01 4.134995e+00 -1.446058e+00 -2.191604e+00 -6.419383e+00 9.628794e-01 -1.827399e-01 -1.272037e-01 -4.328427e-02 -2.722852e-01 4.757621e-01 7.785025e-01 -3.206370e-01 -5.927340e-01 6.538687e-02 -5.010888e-01 3.418610e-02 -4.718964e-01 3.939888e-03 5.954594e-02 6.520372e-02 -4.978142e-02 1.193435e-01 1.222654e-01 -1.596879e-01 -5.019138e-02 -3.063357e-02 1.827199e-01 2.504915e-02 1.930389e-02 -1.537278e-01 -3.555147e-04
<VARIANCE> 39
 3.177691e+00 2.003994e+00 6.255009e+00 1.523804e+01 5.678580e+00 1.437528e+01 1.449751e+01 6.839853e+00 5.798575e+00 7.531760e+00 6.508745e+00 6.978408e+00 5.000000e-02 1.180317e-01 3.708211e-01 1.612704e-01 6.618254e-01 3.328731e-01 6.138143e-01 3.235269e-01 4.329064e-01 8.490807e-01 9.842846e-01 5.429091e-01 7.851250e-01 5.000000e-02 5.000000e-02 8.144319e-02 5.115002e-02 1.870617e-01 5.000000e-02 1.341192e-01 8.387887e-02 1.401247e-01 1.129559e-01 2.178005e-01 6.694867e-02 9.788176e-02 5.000000e-02
<GCONST> 4.740394e+01
<STATE> 11
<MEAN> 39
 -6.284044e+00 -1.836275e+01 -2.362324e+01 -1.159212e+01 9.516834e+00 6.787570e+00 9.250316e+00 -1.987593e+01 7.224903e+00 -2.946401e+00 -6.673765e-01 -1.005291e+01 9.734172e-01 -1.182781e-01 3.632619e-01 4.234787e-02 3.313364e-01 8.087205e-02 -6.418192e-01 4.509455e-02 5.719510e-01 5.303966e-01 -1.133790e+00 -5.373358e-01 -4.982565e-01 -8.927699e-03 -9.790277e-03 5.253698e-02 1.354466e-02 3.733837e-02 -1.408171e-01 -1.761602e-01 -8.407916e-03 4.718262e-01 -3.007761e-01 -1.910271e-01 -2.013945e-01 3.227096e-01 -3.364017e-03
<VARIANCE> 39
 5.536941e+00 3.208562e+00 1.768421e+00 1.442987e+01 5.029577e+00 1.516686e+01 2.474274e+01 6.812645e+00 2.183338e+01 1.353927e+01 1.269169e+01 7.910361e+00 5.000000e-02 6.720331e-02 2.927814e-01 3.413316e-01 1.749306e+00 6.348270e-01 3.082465e-01 4.844666e-01 1.347569e+00 1.856841e+00 1.329610e+00 6.281837e-01 8.397416e-01 5.000000e-02 5.000000e-02 6.875996e-02 5.000000e-02 1.541719e-01 1.474936e-01 2.683170e-01 9.454037e-02 5.485665e-02 3.019912e-01 3.226515e-01 1.452064e-01 1.866038e-01 5.000000e-02
<GCONST> 5.736253e+01
<STATE> 12
<MEAN> 39
 -4.403008e+00 -1.770903e+01 -2.587638e+01 -1.230266e+01 1.203266e+01 -4.139105e-01 1.273554e+01 -1.668891e+01 3.638522e+00 -5.901545e+00 -1.189989e+00 -1.239830e+01 9.349894e-01 1.485915e-01 1.690924e-01 -3.933483e-01 -9.963315e-02 7.332159e-01 -1.236248e+00 -9.196111e-01 1.021803e+00 -7.393479e-01 -1.554650e+00 2.296690e-01 1.760588e-01 -6.682704e-03 1.780434e-01 2.058877e-01 9.246897e-03 -2.249382e-01 -2.504966e-02 1.932289e-01 -1.477223e-01 -9.503165e-02 -2.936776e-01 2.577892e-01 5.933906e-01 3.236678e-01 -2.401156e-04
<VARIANCE> 39
 7.385530e+00 2.386715e+00 6.758249e+00 2.879444e+01 1.092284e+01 2.108915e+01 1.358728e+01 1.289711e+01 2.034417e+01 1.019511e+01 4.532147e+00 1.940280e+01 5.000000e-02 8.424154e-02 6.056930e-01 4.340324e-01 6.297297e-01 6.157981e-01 7.095820e-01 5.678264e-01 8.004569e-01 8.491993e-01 5.546114e-01 1.435257e+00 6.319931e-01 5.000000e-02 5.000000e-02 1.444690e-01 5.000000e-02 2.498349e-01 1.600498e-01 2.220660e-01 1.138583e-01 1.304795e-01 1.656275e-01 2.137502e-01 1.102605e-01 1.158417e-01 5.000000e-02
<GCONST> 5.994711e+01
<STATE> 13
<MEAN> 39
 -4.123903e+00 -1.496133e+01 -2.550950e+01 -1.294756e+01 1.295723e+01 1.391540e+00 9.350500e+00 -1.344892e+01 2.373113e+00 -8.795256e+00 2.041985e+00 -8.718851e+00 9.165168e-01 4.736673e-01 4.362137e-01 3.793898e-01 1.605954e-01 1.585254e-01 7.561415e-01 -6.379538e-01 2.531977e-01 -5.745086e-01 2.371095e-01 7.460235e-01 8.051739e-01 -1.330510e-02 -1.102936e-01 -5.069428e-01 3.297969e-01 -1.253196e-01 3.480577e-03 2.088111e-01 -1.994388e-01 -2.616395e-01 2.131847e-01 3.855964e-01 -2.713644e-01 -3.335151e-01 -3.094924e-03
<VARIANCE> 39
 1.289654e+01 8.585073e+00 1.424531e+01 1.456797e+01 2.228454e+01 4.423537e+01 1.199211e+01 1.253712e+01 2.639338e+01 2.423172e+00 2.315893e+01 1.318049e+01 5.000000e-02 1.449128e-01 1.317004e+00 6.917419e-01 1.735213e+00 8.025904e-01 5.946670e-01 1.161346e+00 1.392083e+00 7.635887e-01 7.911167e-01 1.064115e+00 9.794494e-01 5.000000e-02 5.000000e-02 2.948385e-01 2.077407e-01 3.352129e-01 1.487310e-01 2.966692e-01 3.041748e-01 3.386729e-01 2.611111e-01 1.882935e-01 4.049838e-01 1.132580e-01 5.000000e-02
<GCONST> 7.395258e+01
<STATE> 14
<MEAN> 39
 -4.653532e+00 -1.702262e+01 -2.427790e+01 -1.061889e+01 1.064075e+01 4.270818e+00 4.711788e+00 -1.705784e+01 2.412086e+00 -8.139819e+00 1.186439e+00 -8.966919e+00 8.739390e-01 -2.612523e-01 -7.440816e-01 5.393157e-01 -5.461957e-01 6.851522e-01 2.314067e-01 -1.539435e+00 1.119811e+00 -3.523760e-01 -5.463813e-01 2.310651e-01 -3.794948e-01 -2.196653e-02 -2.507488e-01 -2.473281e-01 1.551799e-01 -1.402480e-01 4.526350e-03 6.525780e-02 -4.339468e-01 6.007776e-01 2.833581e-01 2.385114e-02 -3.181038e-01 5.769189e-02 -6.678313e-03
<VARIANCE> 39
 9.133621e+00 2.779659e+00 4.293250e+00 1.642225e+01 1.326386e+01 1.519555e+01 1.495231e+01 1.986337e+01 1.948407e+01 1.183045e+01 4.242355e+00 8.378674e+00 5.000000e-02 8.731992e-01 8.736007e-01 9.625902e-01 1.757821e+00 8.447427e-01 5.853477e-01 1.981492e+00 2.194778e+00 1.211242e+00 1.181298e+00 1.255857e+00 6.289183e-01 5.000000e-02 1.870432e-01 1.121309e-01 6.222472e-02 3.604096e-01 2.547860e-01 1.379986e-01 2.434020e-01 8.757894e-02 7.045523e-02 2.982166e-01 1.510602e-01 2.476358e-01 5.000000e-02
<GCONST> 6.932735e+01
<STATE> 15
<MEAN> 39
 -6.658497e+00 -1.997300e+01 -2.073201e+01 -1.573940e+01 1.510109e+01 4.172385e+00 1.294029e-01 -1.008312e+01 3.421178e+00 -9.158270e+00 9.996389e-01 -8.663670e+00 8.010581e-01 -1.492551e-01 -1.247548e+00 1.040331e+00 -1.511209e-01 -3.154488e-01 6.283999e-01 -2.401435e+00 2.062924e+00 4.050897e-01 1.209610e+00 -1.482985e+00 -5.972962e-03 -5.382688e-02 8.626434e-01 1.161078e-01 -3.676747e-01 7.525962e-01 -8.338554e-01 2.741719e-03 6.740331e-01 -1.820736e-01 -2.615108e-01 4.607972e-01 -2.117003e-01 2.325209e-01 -1.408581e-02
<VARIANCE> 39
 1.288356e+01 2.380762e+00 8.288560e+00 2.089594e+01 2.441187e+01 2.777829e+01 3.909574e+01 1.207803e+01 2.527003e+01 1.605739e+01 6.472415e+00 1.199250e+01 5.000000e-02 1.946783e+00 7.757137e-01 4.913860e-01 2.230668e+00 1.957732e+00 1.005142e+00 5.216119e-01 2.181316e+00 1.395809e+00 3.178370e-01 9.423831e-01 8.393201e-01 5.000000e-02 1.508732e-01 6.033398e-02 1.167695e-01 4.933532e-01 4.027994e-01 1.330914e-01 5.455033e-01 4.603909e-01 5.061846e-01 2.144180e-01 2.306738e-01 1.611405e-01 5.000000e-02
<GCONST> 7.719097e+01
<STATE> 16
<MEAN> 39
 -2.908899e+00 -2.143049e+01 -1.980373e+01 -1.292128e+01 1.035294e+01 6.325843e+00 -2.782889e+00 -5.101038e+00 2.194431e+00 -3.647882e+00 -2.488864e+00 -8.521621e+00 6.110867e-01 2.786508e+00 -9.255881e-01 -2.844915e-01 1.540618e+00 -2.051101e+00 -3.599361e-02 1.064412e+00 1.773947e-01 -1.214953e-01 1.204279e+00 -6.784486e-01 1.159679e+00 -7.992259e-02 3.823899e-01 2.136596e-01 -4.837487e-01 3.729168e-01 -7.636245e-02 -4.467120e-01 7.826551e-01 -7.997839e-01 -9.030291e-02 -3.958871e-01 4.481849e-01 2.830053e-01 4.901100e-03
<VARIANCE> 39
 2.241235e+01 5.165725e+00 6.024502e+00 3.949570e+00 1.438962e+01 3.027980e+01 2.196366e+01 1.432809e+01 3.632859e+01 8.734334e+00 4.436642e+00 1.449262e+01 5.000000e-02 8.877152e-01 3.480850e-01 5.252010e-01 2.211404e+00 2.965366e+00 2.557072e+00 3.116035e+00 1.837104e+00 1.663650e+00 1.047538e+00 5.504248e-01 8.557292e-01 5.000000e-02 5.330687e-01 1.350894e-01 1.167886e-01 1.945121e-01 2.100809e-01 3.802701e-01 5.539719e-01 3.721079e-01 1.415633e-01 1.061242e-01 5.000000e-02 1.565266e-01 5.000000e-02
<GCONST> 7.534119e+01
<STATE> 17
<MEAN> 39
 3.371480e+00 -2.239417e+01 -2.056981e+01 -6.661671e+00 7.306702e+00 3.915182e+00 3.040157e+00 -8.436016e+00 1.053862e+00 -3.967406e+00 -1.780261e+00 -5.025650e+00 4.909663e-01 6.250473e-01 2.639496e-01 -3.106838e-01 7.633948e-01 -5.123275e-01 -7.519608e-01 3.047119e-02 -4.782201e-01 -1.671986e-01 3.204447e-01 3.984950e-01 7.052615e-01 -2.930401e-02 -6.210663e-01 1.898982e-01 2.114512e-01 -5.415703e-01 4.146565e-01 5.233759e-03 -4.678820e-01 1.345484e-02 1.108679e-01 -9.406646e-02 1.574958e-01 -1.636933e-01 1.124237e-02
<VARIANCE> 39
 1.163113e+00 5.415571e+00 1.413744e+01 5.226067e+00 6.000158e+00 1.029917e+01 1.088472e+01 6.051331e+00 2.422993e+01 7.951738e+00 1.257382e+01 6.604621e+00 5.000000e-02 8.519624e-01 7.567607e-01 1.394787e+00 1.342919e+00 1.190774e+00 1.097958e+00 2.399706e+00 9.078726e-01 2.510634e+00 6.963350e-01 7.638183e-01 9.174721e-01 5.000000e-02 8.061297e-02 2.624412e-01 4.204214e-01 8.597630e-02 2.534889e-01 3.804703e-01 5.259185e-01 1.963668e-01 3.125540e-01 1.170678e-01 3.241261e-01 9.761151e-02 5.000000e-02
<GCONST> 6.971664e+01
<STATE> 18
<MEAN> 39
 1.618156e+00 -2.276248e+01 -2.187258e+01 -7.958051e+00 7.250440e+00 1.914050e+00 -1.260756e-01 -7.665054e+00 2.289802e+00 -2.498471e+00 -7.405269e-01 -3.231022e+00 3.941925e-01 -1.057554e-01 4.378994e-01 7.931495e-01 3.603027e-01 8.130858e-02 -3.328596e-01 -2.387929e-01 6.044957e-01 -2.383481e-01 -2.508048e-01 3.763498e-01 5.056741e-01 -1.585542e-02 1.486686e-01 3.115498e-01 5.911932e-01 3.270105e-01 5.921952e-02 4.523961e-02 8.738162e-02 1.693247e-02 -2.938441e-01 -2.370948e-01 -5.046966e-03 -2.557417e-02 3.099238e-03
<VARIANCE> 39
 1.767171e+00 3.555077e+00 7.175873e+00 7.512623e+00 6.306426e+00 1.120504e+01 1.707821e+01 1.987001e+01 1.138567e+01 8.623345e+00 7.750763e+00 8.369935e+00 5.000000e-02 4.004753e-01 1.002978e+00 1.882391e+00 1.042717e+00 4.182996e-01 7.888462e-01 6.077331e-01 1.372334e+00 9.804003e-01 5.516450e-01 6.465476e-01 1.144937e+00 5.000000e-02 6.653541e-02 1.087146e-01 1.669443e-01 1.559771e-01 1.372769e-01 1.303149e-01 1.535082e-01 4.953818e-01 1.928815e-01 1.052948e-01 7.808939e-02 2.465175e-01 5.000000e-02
<GCONST> 6.189184e+01
<STATE> 19
<MEAN> 39
 4.252113e+00 -1.764810e+01 -1.465285e+01 -4.909545e+00 6.651233e+00 8.264388e-01 -7.685998e-01 -8.045566e+00 -1.664141e+00 -3.958093e+00 7.833992e-01 -1.869475e+00 3.876149e-01 3.795741e-01 1.131560e+00 2.410103e+00 1.569995e+00 2.110238e-01 9.656908e-02 -8.305424e-04 -6.577257e-01 -9.751626e-01 -3.710673e-01 -1.436804e-01 -2.025267e-01 -1.140464e-02 -3.175170e-01 -3.815197e-01 -7.117285e-01 -2.941108e-01 1.255248e-01 2.346940e-01 1.778119e-01 1.038728e-01 3.303846e-01 2.059865e-01 -1.681316e-01 -3.355019e-01 -3.363489e-03
<VARIANCE> 39
 1.101235e+00 2.929351e+00 1.038834e+01 8.216155e+00 4.618250e+00 6.987433e+00 7.716139e+00 7.999077e+00 5.286017e+00 1.127773e+01 7.317511e+00 7.380905e+00 5.000000e-02 1.796202e-01 2.304796e-01 6.778213e-01 8.931067e-01 7.348725e-01 1.114967e+00 1.195065e+00 1.139040e+00 6.696587e-01 8.622397e-01 8.078856e-01 5.309902e-01 5.000000e-02 5.005189e-02 9.330405e-02 3.017959e-01 2.745275e-01 7.231597e-02 3.057259e-01 9.572285e-02 1.874881e-01 1.100258e-01 1.975066e-01 1.285097e-01 3.301931e-01 5.000000e-02
<GCONST> 5.633074e+01
<STATE> 20
<MEAN> 39
 2.818441e+00 -1.748669e+01 -1.300342e+01 -1.844962e+00 8.880735e+00 2.256747e+00 -1.026141e-01 -7.050295e+00 -1.543557e+00 -5.323398e+00 -1.403178e+00 -4.182193e+00 3.320428e-01 -7.329355e-01 -3.579380e-01 -9.927889e-01 -5.905986e-01 3.742855e-01 6.179867e-01 -2.495128e-01 5.884051e-01 3.226094e-01 1.439962e-01 9.086502e-02 -2.751152e-01 -1.738860e-02 -2.449479e-01 -4.235704e-01 -8.939446e-01 -6.649399e-01 -1.191934e-02 5.190099e-03 -4.680254e-03 2.546508e-01 1.436671e-01 1.994830e-01 2.090284e-01 1.228947e-01 4.153679e-04
<VARIANCE> 39
 1.256044e+00 2.492290e+00 3.441007e+00 4.827396e+00 4.092138e+00 1.561475e+01 1.959566e+01 1.272581e+01 1.457689e+01 4.682647e+00 4.356142e+00 8.363544e+00 5.000000e-02 1.432152e-01 1.707698e-01 3.548280e-01 7.648134e-01 3.138846e-01 9.642053e-01 4.387214e-01 1.285289e+00 9.459322e-01 1.331470e+00 5.209483e-01 1.819116e+00 5.000000e-02 5.000000e-02 5.000000e-02 1.196465e-01 2.100420e-01 1.648320e-01 3.622389e-01 3.154595e-01 3.945018e-01 1.449398e-01 1.426843e-01 8.882586e-02 1.541559e-01 5.000000e-02
<GCONST> 5.478332e+01
<STATE> 21
<MEAN> 39
 1.238646e+00 -1.897125e+01 -1.704826e+01 -6.231507e+00 8.659228e+00 3.116720e+00 -9.086347e-01 -6.683120e+00 4.389330e-02 -2.433852e+00 1.323453e+00 -2.615532e+00 2.942110e-01 -5.926325e-01 -4.922829e-01 -9.781790e-01 -1.014499e+00 4.955257e-02 1.994206e-02 4.260303e-01 5.112919e-01 3.209804e-01 7.543135e-01 1.900944e-01 4.220872e-02 -1.408413e-02 4.350515e-02 1.098072e-01 2.283526e-01 1.650433e-01 -1.729903e-01 1.167556e-02 2.371182e-01 1.366616e-01 -2.970525e-02 -7.333861e-02 -4.508087e-02 1.371748e-01 -1.295947e-03
<VARIANCE> 39
 9.258969e-01 1.948443e+00 2.396156e+00 4.760283e+00 6.873412e+00 8.600859e+00 1.360765e+01 4.621974e+00 1.723989e+01 9.434858e+00 4.092519e+00 1.862547e+01 5.000000e-02 1.851569e-01 2.216149e-01 8.473943e-01 5.256604e-01 4.864358e-01 9.744184e-01 1.491172e+00 1.102315e+00 8.395886e-01 5.582885e-01 5.251219e-01 5.765095e-01 5.000000e-02 5.000000e-02 5.000000e-02 7.984903e-02 9.841558e-02 5.410750e-02 1.554259e-01 1.177540e-01 9.647081e-02 1.369716e-01 2.931098e-01 5.000000e-02 2.763936e-01 5.000000e-02
<GCONST> 4.956571e+01
<STATE> 22
<MEAN> 39
 -8.143317e-01 -2.003229e+01 -1.893039e+01 -7.542976e+00 8.427149e+00 3.716727e+00 3.374663e-02 -3.708339e+00 1.000684e+00 -3.070153e+00 2.404605e-01 -2.949502e+00 2.304854e-01 -1.105122e-01 7.842177e-01 8.320475e-01 5.554930e-01 -4.980138e-01 -5.276845e-01 -3.429518e-01 -1.006425e-01 -1.039792e+00 -4.412511e-01 4.686802e-01 6.473394e-02 -2.189881e-02 2.217581e-01 4.198525e-01 5.978324e-01 3.610676e-01 2.340781e-02 -2.508756e-01 -2.179364e-01 -4.449594e-01 -2.888909e-01 -9.593102e-02 8.778401e-02 -1.370081e-02 7.034799e-04
<VARIANCE> 39
 1.271247e+00 3.640851e+00 7.485666e+00 3.366272e+00 6.107503e+00 1.355449e+01 7.117145e+00 8.373957e+00 2.342262e+01 5.419505e+00 8.901013e+00 7.098267e+00 5.000000e-02 3.283577e-01 7.910169e-01 2.007626e+00 4.851347e-01 4.526160e-01 1.888463e+00 2.246976e+00 1.695362e+00 1.111997e+00 4.757679e-01 2.945749e-01 1.522443e+00 5.000000e-02 5.000000e-02 5.889562e-02 2.374800e-01 1.168531e-01 9.230079e-02 3.139107e-01 6.157075e-01 2.682068e-01 3.155963e-01 1.764040e-01 7.575545e-02 2.412582e-01 5.000000e-02
<GCONST> 6.166515e+01
<STATE> 23
<MEAN> 39
 3.128953e-01 -1.561523e+01 -1.354521e+01 -4.730227e+00 7.107323e+00 6.847941e-01 -5.515270e-01 -6.427278e+00 -3.736059e+00 -3.302546e+00 1.585603e+00 -2.010147e+00 1.943277e-01 -4.593129e-01 7.658069e-01 1.055693e+00 1.366077e-01 -3.391267e-01 2.631207e-01 7.735678e-01 5.967085e-01 1.721742e-01 1.580736e-01 -2.852334e-01 2.247380e-01 -3.170238e-02 -3.833049e-01 -2.628671e-02 2.008750e-01 -7.749613e-02 -3.951301e-02 1.496662e-01 9.787221e-02 1.248461e-01 5.011846e-01 1.658792e-01 -1.707673e-01 -1.337234e-01 -1.261231e-02
<VARIANCE> 39
 2.153924e+00 8.512345e+00 1.150787e+01 5.285474e+00 8.818560e+00 1.085602e+01 2.836671e+01 1.381262e+01 1.256518e+01 7.798265e+00 1.287099e+01 6.719534e+00 5.000000e-02 5.634647e-01 1.718735e-01 2.062575e-01 6.024284e-01 8.714626e-01 8.881876e-01 8.829372e-01 1.676197e+00 2.303028e+00 1.422078e+00 7.563332e-01 1.009932e+00 5.000000e-02 6.725320e-02 1.922125e-01 2.856719e-01 1.325177e-01 1.110165e-01 2.598335e-01 3.626002e-01 4.150469e-01 1.978415e-01 1.057356e-01 1.760400e-01 2.154147e-01 5.000000e-02
<GCONST> 6.571541e+01
<STATE> 24
<MEAN> 39
 -3.445493e+00 -1.348501e+01 -9.598418e+00 -4.703800e+00 6.149739e+00 2.245067e+00 3.135743e+00 -3.905490e+00 -1.493699e+00 -2.372853e+00 1.041188e+00 -2.707127e+00 3.038069e-02 -1.322874e+00 1.081185e+00 2.086814e+00 3.897117e-01 -2.911316e-01 -3.192088e-01 -5.011031e-02 -6.800004e-01 4.285118e-01 4.071738e-01 5.387325e-01 3.934649e-01 -5.926158e-02 1.316819e-01 -1.439147e-01 -2.508448e-01 1.344170e-02 -6.095488e-02 -2.942107e-01 -2.715462e-01 -1.557054e-01 -3.113895e-02 4.866496e-02 2.840343e-01 1.998016e-01 8.665205e-03
<VARIANCE> 39
 3.145848e+00 7.831486e+00 1.726866e+01 8.498714e+00 1.186882e+01 2.870337e+00 1.768386e+01 1.032055e+01 1.075051e+01 9.297316e+00 5.550803e+00 6.780344e+00 5.000000e-02 3.058073e-01 1.555868e+00 1.555235e+00 2.294241e-01 3.423651e-01 8.520289e-01 8.517230e-01 7.104181e-01 8.054240e-01 3.761316e-01 1.100103e+00 1.063597e+00 5.000000e-02 5.765333e-02 1.867867e-01 2.501865e-01 1.191209e-01 1.354926e-01 1.188627e-01 1.617601e-01 4.723446e-01 1.845827e-01 1.236041e-01 1.250681e-01 1.730172e-01 5.000000e-02
<GCONST> 6.094779e+01
<STATE> 25
<MEAN> 39
 -6.037049e+00 -1.272879e+01 -6.715261e+00 -3.762516e+00 5.096842e+00 5.762982e-01 5.642484e-01 -5.676976e+00 3.652353e-01 -6.418439e-01 2.861146e+00 -8.117597e-02 -5.776957e-02 -5.108832e-01 -8.726985e-02 1.563533e-01 1.422154e-01 -7.571728e-01 -6.190316e-01 -5.586046e-01 6.204428e-02 8.801811e-01 5.829895e-01 1.550698e-01 -9.694497e-02 -1.677191e-02 2.906432e-01 -7.752690e-02 -2.771172e-01 6.276783e-02 5.085123e-02 6.545030e-02 -1.868347e-02 1.195364e-01 -2.251407e-01 -3.144644e-01 -3.442397e-01 -3.780728e-01 9.151252e-03
<VARIANCE> 39
 1.809639e+00 1.772575e+00 4.488325e+00 2.386214e+00 6.904802e+00 1.322721e+01 7.650132e+00 2.600675e+01 1.403248e+01 9.752522e+00 5.841368e+00 5.304312e+00 5.000000e-02 2.061112e-01 3.502425e-01 3.453273e-01 3.734173e-01 2.688966e-01 5.024033e-01 6.561222e-01 2.276159e+00 8.864262e-01 2.253530e-01 7.185204e-01 7.911274e-01 5.000000e-02 5.000000e-02 1.716213e-01 2.562361e-01 5.000000e-02 1.245024e-01 8.559111e-02 9.406868e-02 3.714408e-01 1.883737e-01 1.034401e-01 7.652406e-02 1.408451e-01 5.000000e-02
<GCONST> 5.045407e+01
<TRANSP> 26
 0.000000e+00 1.000000e+00 0.000000e+00 0.000000e+00 0.000000e+00 0.000000e+00 0.000000e+00 0.000000e+00 0.000000e+00 0.000000e+00 0.000000e+00 0.000000e+00 0.000000e+00 0.000000e+00 0.000000e+00 0.000000e+00 0.000000e+00 0.000000e+00 0.000000e+00 0.000000e+00 0.000000e+00 0.000000e+00 0.000000e+00 0.000000e+00 0.000000e+00 0.000000e+00
 0.000000e+00 6.930984e-01 3.069016e-01 0.000000e+00 0.000000e+00 0.000000e+00 0.000000e+00 0.000000e+00 0.000000e+00 0.000000e+00 0.000000e+00 0.000000e+00 0.000000e+00 0.000000e+00 0.000000e+00 0.000000e+00 0.000000e+00 0.000000e+00 0.000000e+00 0.000000e+00 0.000000e+00 0.000000e+00 0.000000e+00 0.000000e+00 0.000000e+00 0.000000e+00
 0.000000e+00 0.000000e+00 2.857249e-01 7.142751e-01 0.000000e+00 0.000000e+00 0.000000e+00 0.000000e+00 0.000000e+00 0.000000e+00 0.000000e+00 0.000000e+00 0.000000e+00 0.000000e+00 0.000000e+00 0.000000e+00 0.000000e+00 0.000000e+00 0.000000e+00 0.000000e+00 0.000000e+00 0.000000e+00 0.000000e+00 0.000000e+00 0.000000e+00 0.000000e+00
 0.000000e+00 0.000000e+00 0.000000e+00 7.057871e-01 2.942130e-01 0.000000e+00 0.000000e+00 0.000000e+00 0.000000e+00 0.000000e+00 0.000000e+00 0.000000e+00 0.000000e+00 0.000000e+00 0.000000e+00 0.000000e+00 0.000000e+00 0.000000e+00 0.000000e+00 0.000000e+00 0.000000e+00 0.000000e+00 0.000000e+00 0.000000e+00 0.000000e+00 0.000000e+00
 0.000000e+00 0.000000e+00 0.000000e+00 0.000000e+00 5.001649e-01 4.998351e-01 0.000000e+00 0.000000e+00 0.000000e+00 0.000000e+00 0.000000e+00 0.000000e+00 0.000000e+00 0.000000e+00 0.000000e+00 0.000000e+00 0.000000e+00 0.000000e+00 0.000000e+00 0.000000e+00 0.000000e+00 0.000000e+00 0.000000e+00 0.000000e+00 0.000000e+00 0.000000e+00
 0.000000e+00 0.000000e+00 0.000000e+00 0.000000e+00 0.000000e+00 3.750007e-01 6.249993e-01 0.000000e+00 0.000000e+00 0.000000e+00 0.000000e+00 0.000000e+00 0.000000e+00 0.000000e+00 0.000000e+00 0.000000e+00 0.000000e+00 0.000000e+00 0.000000e+00 0.000000e+00 0.000000e+00 0.000000e+00 0.000000e+00 0.000000e+00 0.000000e+00 0.000000e+00
 0.000000e+00 0.000000e+00 0.000000e+00 0.000000e+00 0.000000e+00 0.000000e+00 6.155328e-01 3.844672e-01 0.000000e+00 0.000000e+00 0.000000e+00 0.000000e+00 0.000000e+00 0.000000e+00 0.000000e+00 0.000000e+00 0.000000e+00 0.000000e+00 0.000000e+00 0.000000e+00 0.000000e+00 0.000000e+00 0.000000e+00 0.000000e+00 0.000000e+00 0.000000e+00
 0.000000e+00 0.000000e+00 0.000000e+00 0.000000e+00 0.000000e+00 0.000000e+00 0.000000e+00 6.777210e-01 3.222790e-01 0.000000e+00 0.000000e+00 0.000000e+00 0.000000e+00 0.000000e+00 0.000000e+00 0.000000e+00 0.000000e+00 0.000000e+00 0.000000e+00 0.000000e+00 0.000000e+00 0.000000e+00 0.000000e+00 0.000000e+00 0.000000e+00 0.000000e+00
 0.000000e+00 0.000000e+00 0.000000e+00 0.000000e+00 0.000000e+00 0.000000e+00 0.000000e+00 0.000000e+00 5.998001e-01 4.001999e-01 0.000000e+00 0.000000e+00 0.000000e+00 0.000000e+00 0.000000e+00 0.000000e+00 0.000000e+00 0.000000e+00 0.000000e+00 0.000000e+00 0.000000e+00 0.000000e+00 0.000000e+00 0.000000e+00 0.000000e+00 0.000000e+00
 0.000000e+00 0.000000e+00 0.000000e+00 0.000000e+00 0.000000e+00 0.000000e+00 0.000000e+00 0.000000e+00 0.000000e+00 7.821913e-01 2.178086e-01 0.000000e+00 0.000000e+00 0.000000e+00 0.000000e+00 0.000000e+00 0.000000e+00 0.000000e+00 0.000000e+00 0.000000e+00 0.000000e+00 0.000000e+00 0.000000e+00 0.000000e+00 0.000000e+00 0.000000e+00
 0.000000e+00 0.000000e+00 0.000000e+00 0.000000e+00 0.000000e+00 0.000000e+00 0.000000e+00 0.000000e+00 0.000000e+00 0.000000e+00 6.164325e-01 3.835675e-01 0.000000e+00 0.000000e+00 0.000000e+00 0.000000e+00 0.000000e+00 0.000000e+00 0.000000e+00 0.000000e+00 0.000000e+00 0.000000e+00 0.000000e+00 0.000000e+00 0.000000e+00 0.000000e+00
 0.000000e+00 0.000000e+00 0.000000e+00 0.000000e+00 0.000000e+00 0.000000e+00 0.000000e+00 0.000000e+00 0.000000e+00 0.000000e+00 0.000000e+00 5.884106e-01 4.115894e-01 0.000000e+00 0.000000e+00 0.000000e+00 0.000000e+00 0.000000e+00 0.000000e+00 0.000000e+00 0.000000e+00 0.000000e+00 0.000000e+00 0.000000e+00 0.000000e+00 0.000000e+00
 0.000000e+00 0.000000e+00 0.000000e+00 0.000000e+00 0.000000e+00 0.000000e+00 0.000000e+00 0.000000e+00 0.000000e+00 0.000000e+00 0.000000e+00 0.000000e+00 6.096222e-01 3.903778e-01 0.000000e+00 0.000000e+00 0.000000e+00 0.000000e+00 0.000000e+00 0.000000e+00 0.000000e+00 0.000000e+00 0.000000e+00 0.000000e+00 0.000000e+00 0.000000e+00
 0.000000e+00 0.000000e+00 0.000000e+00 0.000000e+00 0.000000e+00 0.000000e+00 0.000000e+00 0.000000e+00 0.000000e+00 0.000000e+00 0.000000e+00 0.000000e+00 0.000000e+00 6.436448e-01 3.563552e-01 0.000000e+00 0.000000e+00 0.000000e+00 0.000000e+00 0.000000e+00 0.000000e+00 0.000000e+00 0.000000e+00 0.000000e+00 0.000000e+00 0.000000e+00
 0.000000e+00 0.000000e+00 0.000000e+00 0.000000e+00 0.000000e+00 0.000000e+00 0.000000e+00 0.000000e+00 0.000000e+00 0.000000e+00 0.000000e+00 0.000000e+00 0.000000e+00 0.000000e+00 5.458806e-01 4.541194e-01 0.000000e+00 0.000000e+00 0.000000e+00 0.000000e+00 0.000000e+00 0.000000e+00 0.000000e+00 0.000000e+00 0.000000e+00 0.000000e+00
 0.000000e+00 0.000000e+00 0.000000e+00 0.000000e+00 0.000000e+00 0.000000e+00 0.000000e+00 0.000000e+00 0.000000e+00 0.000000e+00 0.000000e+00 0.000000e+00 0.000000e+00 0.000000e+00 0.000000e+00 5.454413e-01 4.545587e-01 0.000000e+00 0.000000e+00 0.000000e+00 0.000000e+00 0.000000e+00 0.000000e+00 0.000000e+00 0.000000e+00 0.000000e+00
 0.000000e+00 0.000000e+00 0.000000e+00 0.000000e+00 0.000000e+00 0.000000e+00 0.000000e+00 0.000000e+00 0.000000e+00 0.000000e+00 0.000000e+00 0.000000e+00 0.000000e+00 0.000000e+00 0.000000e+00 0.000000e+00 7.077579e-01 2.922421e-01 0.000000e+00 0.000000e+00 0.000000e+00 0.000000e+00 0.000000e+00 0.000000e+00 0.000000e+00 0.000000e+00
 0.000000e+00 0.000000e+00 0.000000e+00 0.000000e+00 0.000000e+00 0.000000e+00 0.000000e+00 0.000000e+00 0.000000e+00 0.000000e+00 0.000000e+00 0.000000e+00 0.000000e+00 0.000000e+00 0.000000e+00 0.000000e+00 0.000000e+00 7.353286e-01 2.646714e-01 0.000000e+00 0.000000e+00 0.000000e+00 0.000000e+00 0.000000e+00 0.000000e+00 0.000000e+00
 0.000000e+00 0.000000e+00 0.000000e+00 0.000000e+00 0.000000e+00 0.000000e+00 0.000000e+00 0.000000e+00 0.000000e+00 0.000000e+00 0.000000e+00 0.000000e+00 0.000000e+00 0.000000e+00 0.000000e+00 0.000000e+00 0.000000e+00 0.000000e+00 5.833323e-01 4.166677e-01 0.000000e+00 0.000000e+00 0.000000e+00 0.000000e+00 0.000000e+00 0.000000e+00
 0.000000e+00 0.000000e+00 0.000000e+00 0.000000e+00 0.000000e+00 0.000000e+00 0.000000e+00 0.000000e+00 0.000000e+00 0.000000e+00 0.000000e+00 0.000000e+00 0.000000e+00 0.000000e+00 0.000000e+00 0.000000e+00 0.000000e+00 0.000000e+00 0.000000e+00 4.999475e-01 5.000525e-01 0.000000e+00 0.000000e+00 0.000000e+00 0.000000e+00 0.000000e+00
 0.000000e+00 0.000000e+00 0.000000e+00 0.000000e+00 0.000000e+00 0.000000e+00 0.000000e+00 0.000000e+00 0.000000e+00 0.000000e+00 0.000000e+00 0.000000e+00 0.000000e+00 0.000000e+00 0.000000e+00 0.000000e+00 0.000000e+00 0.000000e+00 0.000000e+00 0.000000e+00 6.666895e-01 3.333105e-01 0.000000e+00 0.000000e+00 0.000000e+00 0.000000e+00
 0.000000e+00 0.000000e+00 0.000000e+00 0.000000e+00 0.000000e+00 0.000000e+00 0.000000e+00 0.000000e+00 0.000000e+00 0.000000e+00 0.000000e+00 0.000000e+00 0.000000e+00 0.000000e+00 0.000000e+00 0.000000e+00 0.000000e+00 0.000000e+00 0.000000e+00 0.000000e+00 0.000000e+00 6.134318e-01 3.865682e-01 0.000000e+00 0.000000e+00 0.000000e+00
 0.000000e+00 0.000000e+00 0.000000e+00 0.000000e+00 0.000000e+00 0.000000e+00 0.000000e+00 0.000000e+00 0.000000e+00 0.000000e+00 0.000000e+00 0.000000e+00 0.000000e+00 0.000000e+00 0.000000e+00 0.000000e+00 0.000000e+00 0.000000e+00 0.000000e+00 0.000000e+00 0.000000e+00 0.000000e+00 6.883811e-01 3.116189e-01 0.000000e+00 0.000000e+00
 0.000000e+00 0.000000e+00 0.000000e+00 0.000000e+00 0.000000e+00 0.000000e+00 0.000000e+00 0.000000e+00 0.000000e+00 0.000000e+00 0.000000e+00 0.000000e+00 0.000000e+00 0.000000e+00 0.000000e+00 0.000000e+00 0.000000e+00 0.000000e+00 0.000000e+00 0.000000e+00 0.000000e+00 0.000000e+00 0.000000e+00 6.161598e-01 3.838402e-01 0.000000e+00
 0.000000e+00 0.000000e+00 0.000000e+00 0.000000e+00 0.000000e+00 0.000000e+00 0.000000e+00 0.000000e+00 0.000000e+00 0.000000e+00 0.000000e+00 0.000000e+00 0.000000e+00 0.000000e+00 0.000000e+00 0.000000e+00 0.000000e+00 0.000000e+00 0.000000e+00 0.000000e+00 0.000000e+00 0.000000e+00 0.000000e+00 0.000000e+00 5.831116e-01 4.168884e-01
 0.000000e+00 0.000000e+00 0.000000e+00 0.000000e+00 0.000000e+00 0.000000e+00 0.000000e+00 0.000000e+00 0.000000e+00 0.000000e+00 0.000000e+00 0.000000e+00 0.000000e+00 0.000000e+00 0.000000e+00 0.000000e+00 0.000000e+00 0.000000e+00 0.000000e+00 0.000000e+00 0.000000e+00 0.000000e+00 0.000000e+00 0.000000e+00 0.000000e+00 0.000000e+00
<ENDHMM>
