~o
<STREAMINFO> 1 39
<VECSIZE> 39<NULLD><MFCC_E_D_A><DIAGC>
~h "Cuo^i"
<BEGINHMM>
<NUMSTATES> 5
<STATE> 2
<MEAN> 39
 -3.479628e+00 -8.960592e+00 -6.547336e+00 -7.182447e+00 3.623968e+00 -7.537019e+00 -9.229669e-01 -3.503519e+00 -2.438206e+00 1.032815e+00 8.152055e-01 5.355402e-01 2.987647e-01 8.596499e-01 -2.527452e-01 -9.266008e-01 -1.530337e+00 -3.652046e-01 -5.593279e-01 -3.489691e-01 3.072877e-01 -5.856336e-01 5.625354e-01 -7.838606e-02 5.529701e-01 5.687947e-02 6.452133e-02 6.539789e-03 1.131099e-01 -1.413569e-01 -2.284502e-01 6.524915e-02 -3.773654e-02 1.487218e-01 7.688878e-02 1.394820e-02 1.963942e-01 5.564798e-02 3.178493e-03
<VARIANCE> 39
 3.976445e+01 3.572031e+01 6.339908e+01 7.550748e+01 5.804744e+01 5.049231e+01 3.360846e+01 1.685649e+01 4.915179e+01 4.489088e+01 2.934542e+01 1.755900e+01 1.113341e-01 2.466599e+00 5.161088e+00 5.252289e+00 4.112576e+00 1.171450e+01 5.258702e+00 4.235534e+00 2.310794e+00 5.303759e+00 4.717956e+00 4.407281e+00 1.659310e+00 5.000000e-02 4.469345e-01 1.157049e+00 9.493694e-01 6.038904e-01 2.135478e+00 1.031899e+00 8.239960e-01 4.272600e-01 1.116413e+00 9.654553e-01 7.488710e-01 3.328869e-01 5.000000e-02
<GCONST> 1.219335e+02
<STATE> 3
<MEAN> 39
 2.915866e+00 -1.379581e+01 -9.907587e+00 -2.536292e+01 -3.135117e+00 -1.357829e+01 -1.726229e+00 3.833047e+00 -1.864488e+00 1.064997e+01 -1.635864e+00 5.053850e+00 9.387607e-01 -6.059742e-01 -4.716479e-01 6.952163e-01 6.523234e-02 4.049185e-02 -2.523235e-01 6.788733e-01 -4.927560e-02 2.907016e-01 1.170934e-01 -5.999702e-01 -4.807088e-01 -1.752270e-03 -7.807603e-02 3.386495e-02 4.017559e-02 1.197599e-01 9.982198e-02 -2.013711e-02 1.384736e-01 -1.822329e-01 -3.754598e-02 -2.053022e-02 -8.915847e-02 -1.160631e-01 -5.162156e-03
<VARIANCE> 39
 1.816208e+01 2.272400e+01 2.572469e+01 5.252484e+01 4.711139e+01 3.925548e+01 7.361944e+01 1.700230e+01 4.427788e+01 3.574947e+01 5.311129e+01 6.974255e+01 5.000000e-02 3.568613e-01 9.168392e-01 1.518013e+00 3.104838e+00 3.046611e+00 2.104143e+00 2.716233e+00 2.525281e+00 4.749885e+00 4.597199e+00 3.522779e+00 4.222116e+00 5.000000e-02 9.139453e-02 1.697586e-01 1.755278e-01 4.542380e-01 6.210433e-01 4.621080e-01 5.223961e-01 4.695654e-01 9.620791e-01 8.358254e-01 7.853179e-01 5.119742e-01 5.000000e-02
<GCONST> 1.056826e+02
<STATE> 4
<MEAN> 39
 -2.013198e+00 -1.432364e+01 2.058818e-01 -1.307022e+01 -8.677478e+00 -1.059775e+01 3.251906e+00 -4.401479e+00 2.496610e+00 5.134823e+00 -1.634576e+00 -1.468243e+00 4.607384e-01 3.405727e-02 5.784237e-01 -4.674332e-02 9.761240e-01 4.711407e-02 7.146746e-01 -3.499919e-01 -1.693656e-01 1.388991e-01 -2.707806e-01 7.530403e-01 1.010121e-01 -4.276910e-02 1.787101e-02 3.754141e-02 -5.377621e-02 5.340504e-02 1.571157e-01 5.312685e-02 -8.919349e-02 9.937429e-02 -4.564087e-02 -4.821377e-02 -7.271224e-02 4.114073e-03 2.556255e-04
<VARIANCE> 39
 2.223891e+01 1.470283e+01 2.242965e+01 6.281403e+01 1.909478e+01 2.675346e+01 2.336887e+01 1.821774e+01 2.319560e+01 2.029443e+01 3.158488e+01 1.216214e+01 5.125838e-02 2.718397e+00 9.202240e-01 2.417451e+00 4.497941e+00 3.126638e+00 2.516894e+00 2.698494e+00 2.217481e+00 2.568328e+00 2.283873e+00 1.017432e+00 1.353628e+00 5.000000e-02 4.709534e-01 1.773924e-01 3.929097e-01 9.565539e-01 5.086328e-01 5.402669e-01 4.651396e-01 3.816861e-01 5.316106e-01 5.387564e-01 1.939032e-01 2.913223e-01 5.000000e-02
<GCONST> 9.878965e+01
<TRANSP> 5
 0.000000e+00 1.000000e+00 0.000000e+00 0.000000e+00 0.000000e+00
 0.000000e+00 9.284660e-01 7.153401e-02 0.000000e+00 0.000000e+00
 0.000000e+00 0.000000e+00 9.444668e-01 5.553319e-02 0.000000e+00
 0.000000e+00 0.000000e+00 0.000000e+00 9.396898e-01 6.031023e-02
 0.000000e+00 0.000000e+00 0.000000e+00 0.000000e+00 0.000000e+00
<ENDHMM>
