~o
<STREAMINFO> 1 39
<VECSIZE> 39<NULLD><MFCC_E_D_A><DIAGC>
~h "Du*ng"
<BEGINHMM>
<NUMSTATES> 26
<STATE> 2
<MEAN> 39
 -8.170163e+00 -9.256592e+00 -5.826572e-01 -4.640541e+00 1.838897e+00 -4.162924e+00 2.549090e+00 2.404023e-01 2.439878e-01 -8.554365e-01 2.369491e+00 -2.054900e+00 8.247095e-03 -3.665040e-02 6.955188e-02 -1.547577e-01 -2.476956e-01 -3.030840e-01 -3.339829e-01 -3.144215e-01 -7.265744e-02 -6.927783e-01 -1.619603e-01 -9.576545e-01 -3.840959e-01 4.645411e-03 7.148101e-01 5.093375e-01 1.567894e-02 -2.145373e-01 -2.377619e-01 -3.675103e-01 -5.574864e-01 -3.882815e-01 -3.781241e-01 -4.012768e-01 -7.511689e-01 -4.337101e-01 2.414059e-02
<VARIANCE> 39
 8.978964e+00 2.816727e+00 8.474289e+00 1.363721e+01 2.152208e+01 1.391988e+01 4.550915e+00 2.185863e+01 7.242445e+00 8.480539e+00 6.042699e+00 3.093237e+00 5.000000e-02 1.320889e+00 6.948809e-01 8.763553e-01 3.777844e-01 2.346155e+00 2.482715e+00 1.023201e+00 2.649355e+00 1.093820e+00 8.073679e-01 1.570523e+00 9.317577e-01 5.000000e-02 1.055649e-01 5.000000e-02 2.282293e-01 2.531770e-01 2.909956e-01 1.306877e-01 8.248951e-02 4.155184e-01 1.578092e-01 3.287598e-01 2.174558e-01 1.162188e-01 5.000000e-02
<GCONST> 6.846835e+01
<STATE> 3
<MEAN> 39
 -4.615016e+00 -7.049621e+00 -1.741958e+00 -4.573754e+00 8.228572e-01 -6.004828e+00 3.050099e-02 -2.877100e+00 -1.444018e+00 -2.207465e+00 -7.841955e-01 -3.969946e+00 9.276316e-02 2.155830e+00 1.221826e+00 -3.095890e-01 -1.477538e+00 -1.113405e+00 -1.213758e+00 -1.431183e+00 2.444013e-01 -1.426947e+00 -1.253411e+00 -2.245825e+00 -6.327365e-01 1.054439e-01 1.570179e-01 1.221809e-01 -7.670619e-02 -9.107139e-01 1.330821e-01 -1.431864e-01 -3.493284e-01 3.416586e-01 -3.561646e-01 -4.437419e-01 -4.598584e-01 3.458294e-02 3.249373e-02
<VARIANCE> 39
 3.994478e+00 1.514752e+00 9.367196e+00 1.013424e+01 4.067238e+00 1.279330e+01 4.874941e+00 5.186863e+00 2.901838e+00 1.112443e+01 1.978511e+01 9.342031e+00 5.000000e-02 5.220912e-01 3.442868e-01 9.537756e-01 1.151532e+00 7.255828e-01 6.377307e-01 6.036968e-01 1.700540e+00 1.368226e+00 2.884470e+00 1.321914e+00 1.075917e+00 5.000000e-02 1.757024e-01 1.387990e-01 2.500261e-01 2.354107e-01 5.514107e-01 4.556599e-01 5.000000e-02 2.152566e-01 3.415826e-01 6.578289e-01 2.838781e-01 1.284206e-01 5.000000e-02
<GCONST> 6.701380e+01
<STATE> 4
<MEAN> 39
 1.253674e+00 -2.912821e+00 -2.139805e+00 -1.129194e+01 -1.620856e+00 -9.453671e+00 -4.413080e+00 9.499328e-02 -7.061495e+00 -6.491330e+00 -7.644044e+00 -5.015298e+00 4.693644e-01 8.314677e-01 8.510327e-01 2.387460e-01 -3.622482e+00 4.632901e-01 -9.498861e-01 -1.897213e+00 8.007193e-01 -1.697365e+00 -1.536564e+00 -1.832334e+00 -4.504025e-01 1.368026e-01 -8.625436e-01 -6.897928e-01 4.320832e-01 -1.882333e-01 -2.772060e-01 2.749689e-01 6.884548e-02 -2.988332e-01 5.444629e-01 7.140361e-01 6.620520e-01 2.920416e-01 -1.365477e-02
<VARIANCE> 39
 2.216446e+01 6.791633e+00 2.091567e+00 1.015324e+01 1.245990e+01 1.499140e+01 7.341185e+00 1.596526e+01 1.252694e+01 3.045006e+01 1.659864e+01 5.090676e+00 5.000000e-02 1.642994e+00 1.501691e+00 1.193932e+00 1.366512e+00 1.831308e+00 4.951907e+00 1.656369e-01 8.921336e-01 3.552250e+00 5.642347e+00 1.912250e+00 4.496761e-01 5.000000e-02 2.027455e-01 1.752559e-01 2.242750e-01 5.665978e-01 6.008332e-01 2.839650e-01 7.645166e-02 4.415572e-01 2.438569e-01 6.979467e-01 2.974647e-01 9.250151e-02 5.000000e-02
<GCONST> 7.974581e+01
<STATE> 5
<MEAN> 39
 -6.594643e-01 -3.606103e+00 -7.797582e-01 -2.094208e+01 2.234044e+00 -1.250610e+01 -7.998335e+00 8.493826e-01 -8.959681e+00 -9.247374e+00 -9.181078e+00 -6.483582e+00 6.716613e-01 -1.099737e+00 -1.138834e+00 1.005906e+00 -2.126320e+00 -2.958966e+00 1.084988e-01 -1.094010e+00 -1.301740e+00 8.040532e-01 1.951610e+00 5.554611e-01 3.409775e-01 5.698473e-02 -4.126678e-01 -5.647960e-01 -1.806814e-01 1.318961e+00 -1.903651e+00 3.539827e-01 5.500097e-01 -6.049030e-01 1.035655e+00 1.426650e+00 1.533367e+00 4.421911e-01 -1.131534e-02
<VARIANCE> 39
 1.263745e+01 1.136032e+01 9.286632e+00 9.301466e+00 2.399195e+01 5.258459e+01 1.201181e+01 1.053347e+01 3.736421e+01 3.098981e+01 1.469091e+01 6.141735e+00 5.000000e-02 6.282603e-01 8.915575e-01 1.245145e+00 4.988363e+00 4.423932e+00 2.108168e+00 1.255327e+00 1.474055e+00 2.457183e+00 1.921951e+00 4.977730e+00 6.213378e-01 5.000000e-02 3.171855e-01 1.430252e-01 1.833309e-01 3.739363e-01 1.646509e-01 6.667132e-01 9.849269e-02 2.992453e-01 3.980809e-01 5.382651e-01 4.801314e-01 5.000000e-02 5.000000e-02
<GCONST> 8.565268e+01
<STATE> 6
<MEAN> 39
 -3.051664e+00 -7.644895e+00 1.933860e+00 -2.012957e+01 -1.255770e+01 -9.262720e+00 -1.023878e+01 -3.708131e+00 -5.058301e+00 5.817102e-02 -8.972182e+00 -3.796402e+00 7.562692e-01 -1.652661e+00 -1.836341e+00 1.451653e-01 5.154268e-01 -6.184704e+00 -4.466774e-01 2.549398e-02 -1.452570e+00 1.700710e+00 3.470020e+00 3.513408e+00 1.487675e+00 8.666556e-02 -3.360111e-02 -1.312251e-01 -8.199819e-01 6.939403e-01 3.319691e-01 -7.443282e-01 1.370252e+00 5.095581e-01 -1.636644e-02 -1.217573e-01 1.221351e+00 1.606014e-01 -2.634325e-03
<VARIANCE> 39
 1.381869e+01 9.743252e+00 1.858550e+01 1.607180e+01 2.399226e+01 4.390200e+01 3.733910e+01 6.854064e+00 4.484223e+01 2.050410e+01 1.546538e+01 7.474874e+00 5.000000e-02 5.742710e-01 1.215791e+00 2.621958e+00 1.855962e+00 5.183263e-01 1.053602e+00 1.815228e+00 1.673638e+00 2.158984e-01 1.366327e+00 4.625894e+00 5.425017e-01 5.000000e-02 8.816449e-02 1.460014e-01 2.070101e-01 4.738544e-01 8.142943e-01 2.323350e-01 3.673866e-01 2.130020e-01 5.670979e-01 3.616957e-01 5.449468e-01 6.196996e-02 5.000000e-02
<GCONST> 8.293948e+01
<STATE> 7
<MEAN> 39
 -5.535569e+00 -1.011962e+01 -1.282473e+00 -1.824645e+01 -2.025425e+01 -1.331324e+01 -6.670579e+00 -5.794444e+00 -2.304946e+00 4.511194e+00 5.452169e+00 -5.958915e-01 9.499652e-01 -7.662677e-01 -2.010797e+00 -1.658103e+00 8.327790e-01 -1.892433e+00 -1.962963e+00 3.492122e+00 7.439101e-01 1.067659e+00 1.472301e+00 3.642777e+00 3.491000e-01 5.422241e-02 3.441070e-01 -7.784487e-02 -4.237509e-01 2.905603e-01 1.977880e+00 -1.045203e-01 7.066500e-01 1.374881e+00 -3.690600e-01 -1.174507e+00 -1.738956e+00 -6.260531e-01 -2.189657e-02
<VARIANCE> 39
 1.675860e+00 1.424960e+01 4.536998e+01 7.365909e+00 1.566722e+01 3.022727e+01 2.881803e+01 9.184074e+00 1.826666e+01 1.749882e+01 2.992161e+01 1.555146e+01 5.000000e-02 3.675496e-01 5.647877e-01 1.521126e+00 5.848790e-01 6.619073e+00 7.348372e-01 2.143045e+00 1.270633e+00 2.292000e+00 3.426971e+00 5.129000e+00 1.855018e+00 5.000000e-02 5.868069e-02 1.540727e-01 4.440890e-01 1.717380e-01 3.122238e-01 2.821482e-01 5.283110e-01 3.505170e-01 1.085543e-01 2.495676e-01 9.807901e-01 1.922173e-01 5.000000e-02
<GCONST> 8.385958e+01
<STATE> 8
<MEAN> 39
 -6.313165e+00 -1.553230e+01 -5.347752e+00 -1.634619e+01 -1.896466e+01 -1.753768e+01 4.114108e+00 2.849138e-01 -8.809273e-01 4.160255e+00 5.579978e+00 -2.950355e+00 9.699208e-01 -3.478620e-01 -1.566564e+00 -1.834445e+00 1.513535e+00 1.865767e+00 -5.715326e-01 2.351194e+00 4.044134e+00 4.306558e-01 -1.318274e+00 -2.703061e+00 -5.354727e-01 -1.920023e-03 7.649507e-02 5.344148e-01 -9.946293e-02 -1.881475e-02 1.164273e+00 9.171984e-01 -1.335632e+00 6.389729e-01 2.134297e-01 -8.520053e-01 -1.930937e+00 -6.369933e-02 -1.159863e-02
<VARIANCE> 39
 2.180367e+00 1.326896e+01 3.074088e+01 1.373871e+01 1.266795e+01 2.122806e+01 2.460489e+01 6.393376e+00 1.535031e+01 9.240224e+00 1.817467e+01 2.613239e+01 5.000000e-02 1.061111e-01 2.681428e-01 6.714278e-01 6.383048e-01 1.093581e+00 1.479606e+00 2.718129e+00 1.176114e+00 5.748527e-01 1.300945e+00 3.348612e+00 1.233213e+00 5.000000e-02 5.000000e-02 5.000000e-02 1.674196e-01 5.000000e-02 7.163908e-01 8.470365e-02 2.474958e-01 4.837008e-01 4.175557e-01 7.076069e-01 4.790765e-01 2.112036e-01 5.000000e-02
<GCONST> 7.302621e+01
<STATE> 9
<MEAN> 39
 -6.763235e+00 -1.649398e+01 -8.062758e+00 -1.302684e+01 -1.320663e+01 -1.520749e+01 2.547774e+00 1.036882e+01 2.735862e-01 -6.327384e-02 -3.925212e+00 -2.041072e+00 9.600462e-01 -2.437971e-01 -2.128429e-01 -2.165482e+00 7.752253e-01 2.844138e+00 1.498050e+00 -1.107684e+00 3.224420e+00 1.784839e+00 -1.818051e+00 -4.177464e+00 -2.313900e-01 5.321748e-03 6.286808e-02 3.796441e-01 -2.758473e-02 -4.968766e-01 3.665161e-01 8.207030e-01 -8.756519e-01 -1.121915e+00 5.191649e-01 1.678228e-01 -7.649153e-02 -3.004718e-01 6.104910e-04
<VARIANCE> 39
 4.927527e+00 9.105940e+00 2.189544e+01 1.237982e+01 5.104916e+00 1.528137e+01 2.808660e+01 1.555964e+01 1.179289e+01 8.984597e+00 7.895814e+00 2.536806e+01 5.000000e-02 1.425433e-01 5.176000e-01 3.789545e-01 5.868514e-01 9.091683e-01 1.769379e+00 2.814814e-01 2.819942e+00 1.007552e+00 1.261422e+00 5.127981e-01 3.270390e-01 5.000000e-02 5.000000e-02 5.000000e-02 5.569471e-02 7.454281e-02 1.174449e-01 1.547953e-01 2.978621e-01 3.530998e-01 1.363515e-01 1.882714e-01 3.059551e-01 1.559917e-01 5.000000e-02
<GCONST> 6.264446e+01
<STATE> 10
<MEAN> 39
 -8.126769e+00 -1.705308e+01 -1.218489e+01 -1.504838e+01 -8.026973e+00 -1.185080e+01 -1.151733e+00 1.122716e+01 7.877107e+00 -2.008090e+00 -1.042255e+01 -2.944792e+00 9.871404e-01 -2.546589e-02 1.250117e-01 -1.836685e+00 -4.899659e-01 3.875755e+00 2.229129e+00 -9.696807e-01 9.000763e-02 2.161009e+00 -7.707471e-01 -3.163678e+00 -1.612443e+00 3.293269e-04 2.580011e-01 1.788651e-02 5.125282e-01 -2.747959e-01 -6.951028e-03 2.676686e-01 -2.308024e-01 -9.786273e-01 -8.710272e-01 4.345641e-01 6.329538e-01 -3.563601e-01 -9.394748e-03
<VARIANCE> 39
 4.369094e+00 4.873953e+00 8.751828e+00 1.343629e+01 1.629424e+01 9.663177e+00 1.282129e+01 1.891475e+01 2.234501e+01 1.094255e+01 8.627294e+00 1.870980e+01 5.000000e-02 1.599125e-01 4.434878e-01 4.330772e-01 5.288053e-01 4.358825e-01 1.168047e+00 5.692331e-01 8.634105e-01 1.129918e+00 8.306095e-01 1.357982e+00 5.125385e-01 5.000000e-02 5.000000e-02 5.251278e-02 1.053272e-01 6.205908e-02 4.505907e-01 9.052627e-02 2.465137e-01 6.609124e-01 5.939301e-01 1.890973e-01 2.750348e-01 5.788142e-02 5.000000e-02
<GCONST> 6.340445e+01
<STATE> 11
<MEAN> 39
 -7.193758e+00 -1.632459e+01 -1.504855e+01 -1.476422e+01 1.242543e+00 -6.202216e+00 -2.463570e+00 1.087936e+01 7.510403e+00 -3.780368e+00 -1.697609e+01 -8.032397e+00 9.526536e-01 6.821010e-01 -7.490696e-02 -2.220570e-01 -4.669841e-01 1.898443e+00 2.316466e+00 -2.153755e+00 -1.401356e+00 -1.239180e+00 1.967546e-01 -1.055074e+00 -1.555836e+00 -3.276097e-02 4.238137e-01 6.212115e-03 7.991243e-01 6.301726e-02 -1.563034e+00 -3.374974e-01 -4.233464e-01 -7.188883e-01 -9.803881e-01 5.807816e-01 1.464913e+00 4.530672e-01 -1.224168e-02
<VARIANCE> 39
 3.958089e+00 2.165523e+00 1.011181e+01 2.916754e+01 1.295240e+01 4.026481e+00 2.784775e+01 2.084694e+01 2.618463e+01 1.459636e+01 6.784393e+00 1.678039e+01 5.000000e-02 2.085257e-01 1.060145e-01 1.181780e+00 5.105605e-01 3.143347e+00 2.313003e+00 2.344026e+00 1.945693e+00 4.839902e+00 9.522661e-01 2.638548e+00 3.233170e-01 5.000000e-02 5.000000e-02 1.342210e-01 1.029728e-01 2.110966e-01 4.360758e-01 1.693493e-01 4.267066e-01 9.453137e-01 4.191649e-01 1.667500e-01 2.716078e-01 1.397582e-01 5.000000e-02
<GCONST> 7.379905e+01
<STATE> 12
<MEAN> 39
 -3.667050e+00 -1.584347e+01 -1.434129e+01 -1.315353e+01 -2.575261e+00 -1.950580e+00 -8.056867e+00 4.767450e+00 1.785100e+00 -1.886962e+00 -1.341760e+01 -1.107413e+01 8.391871e-01 1.896146e+00 -5.806395e-02 1.481273e+00 1.365222e-01 -2.615963e+00 9.874890e-01 -2.384355e+00 -2.570006e+00 -1.577830e+00 7.368515e-01 2.298699e+00 8.523340e-01 -4.419733e-02 3.472765e-01 -1.015172e-01 4.911678e-01 2.452320e-01 -8.149393e-01 -5.531346e-01 7.121670e-01 2.136110e-01 1.884512e-01 -3.704631e-01 6.154245e-01 7.394480e-01 2.146793e-03
<VARIANCE> 39
 5.025283e+00 6.560402e+00 3.294095e+01 5.771563e+01 7.492378e+01 2.060067e+01 1.128302e+01 2.006107e+01 9.611930e+00 1.101761e+01 2.003345e+01 1.657520e+01 5.000000e-02 4.571207e-01 6.969892e-01 2.280563e+00 1.431068e+00 4.154449e+00 1.355637e+00 4.472296e+00 2.687153e+00 3.169685e+00 1.487435e+00 1.500757e+00 2.555773e+00 5.000000e-02 5.000000e-02 7.962856e-02 8.966317e-02 6.108484e-01 1.382145e+00 5.399447e-01 6.803796e-01 2.516264e-01 9.053363e-01 1.792891e-01 8.241513e-01 2.541078e-01 5.000000e-02
<GCONST> 9.024649e+01
<STATE> 13
<MEAN> 39
 1.573246e+00 -1.883846e+01 -5.689315e+00 -1.525059e+01 -7.088701e+00 -2.236660e+00 -1.038825e+01 2.039109e-01 7.386617e-01 -2.360754e+00 -8.837751e+00 -6.096227e+00 7.333801e-01 1.881356e+00 -5.976446e-01 1.421590e+00 2.932252e-01 -2.259214e+00 4.084201e-01 1.506780e-02 -1.116360e+00 -4.372002e-01 -1.710716e+00 1.395333e+00 7.534135e-01 -2.644338e-02 -2.796315e-01 2.698611e-01 -5.128058e-01 1.378493e-01 8.341657e-02 -2.563998e-01 5.018524e-01 2.495437e-01 2.665802e-01 -3.352458e-01 -1.903510e-01 -2.253884e-01 7.488239e-03
<VARIANCE> 39
 1.103231e+01 1.060410e+01 7.163919e+01 4.383212e+01 5.423161e+01 1.578678e+01 2.546270e+01 2.325490e+01 8.514764e+00 3.364823e+01 1.056834e+01 8.755618e+00 5.000000e-02 6.672628e-01 8.835788e-01 2.820456e+00 3.349638e+00 3.725206e+00 2.262176e+00 2.911343e+00 2.054411e+00 1.713504e+00 2.734545e+00 2.409003e+00 1.002681e+00 5.000000e-02 7.966457e-02 1.046843e-01 4.665975e-01 3.519932e-01 7.664708e-01 2.250260e-01 4.395467e-01 1.404060e-01 5.159163e-01 9.617944e-01 2.049538e-01 4.723146e-01 5.000000e-02
<GCONST> 9.271767e+01
<STATE> 14
<MEAN> 39
 4.004569e+00 -1.757871e+01 -6.961209e+00 -1.361804e+01 -1.129142e+01 -2.862941e+00 -9.013592e+00 -2.112231e+00 -2.053487e+00 -5.366111e+00 -6.099041e+00 -5.845338e+00 7.269976e-01 1.084973e+00 5.311785e-01 4.847124e-01 8.168606e-01 -1.398440e+00 1.703498e-01 5.204394e-01 -7.636824e-01 1.529171e-02 -2.322051e-01 1.268369e+00 3.795528e-01 -1.686662e-02 -2.275538e-01 1.590402e-01 -1.771696e-01 2.709174e-01 4.662556e-01 -6.775866e-05 4.008258e-01 2.970698e-01 7.217455e-01 2.336818e-01 -5.303887e-01 5.605277e-02 2.373548e-03
<VARIANCE> 39
 1.699867e+01 1.716385e+01 5.194623e+01 2.033286e+01 3.509974e+01 1.645993e+01 4.044870e+01 6.417036e+01 7.439604e+00 2.803130e+01 7.863271e+00 8.106339e+00 5.000000e-02 4.417261e-01 8.048962e-02 6.180515e-01 1.166983e+00 2.660877e+00 1.504659e+00 2.327979e+00 8.533468e-01 2.288670e+00 6.107969e-01 1.151546e+00 8.874618e-01 5.000000e-02 1.448358e-01 1.370962e-01 2.863298e-01 1.337126e-01 4.842696e-01 3.305087e-01 9.136780e-01 7.501668e-01 7.473728e-02 5.836625e-01 5.544325e-01 1.473501e-01 5.000000e-02
<GCONST> 8.278211e+01
<STATE> 15
<MEAN> 39
 3.628895e+00 -1.585497e+01 -9.465322e+00 -1.088820e+01 -1.266270e+01 4.217282e-01 -1.049160e+01 2.256687e+00 4.148125e-01 -3.951704e+00 -4.796710e+00 -4.645391e+00 7.267164e-01 1.551761e+00 2.401739e-01 6.840863e-01 1.279040e+00 -1.166346e+00 -3.305256e-01 1.607242e+00 -1.396788e+00 5.314574e-01 -6.773461e-01 3.796620e-01 7.241786e-01 -1.945709e-02 -8.944502e-02 -1.880060e-01 -2.100356e-02 -2.988502e-01 7.018887e-01 -4.792238e-01 6.221325e-01 -1.826074e-01 3.236336e-01 -1.075506e-01 -6.114471e-01 -1.377854e-01 3.908888e-03
<VARIANCE> 39
 1.689137e+01 1.537737e+01 5.013143e+01 2.055518e+01 2.478066e+01 6.020882e+00 6.922477e+01 9.821149e+01 2.085258e+01 1.336531e+01 1.204775e+01 5.743905e+00 5.000000e-02 1.162223e+00 4.943654e-01 3.076158e-01 1.422544e+00 2.172973e+00 1.831557e+00 3.272117e+00 5.530088e+00 2.192781e+00 2.006485e+00 3.900566e+00 1.601776e+00 5.000000e-02 1.618679e-01 7.335206e-02 1.390551e-01 1.745456e-01 2.243148e-01 1.839595e-01 1.216779e+00 1.207418e+00 8.323716e-02 1.165102e-01 4.447749e-01 8.833467e-02 5.000000e-02
<GCONST> 8.626686e+01
<STATE> 16
<MEAN> 39
 6.867048e+00 -1.705843e+01 -5.057215e+00 -1.147089e+01 -1.180232e+01 -2.350008e+00 -5.291102e+00 -2.948446e+00 3.101988e+00 -6.356215e+00 -8.239794e+00 -3.605160e+00 6.740192e-01 6.108550e-01 -2.434316e-02 1.700696e-01 1.008117e-01 5.492408e-01 -1.402856e+00 9.713443e-01 7.422249e-03 6.503552e-01 -7.180922e-01 -4.080009e-01 1.607024e-01 -1.108307e-02 -2.240667e-01 -3.718681e-02 -1.735160e-01 -7.960852e-02 2.261831e-01 -5.824083e-01 -1.014425e-01 2.354931e-01 -3.341336e-01 -7.496169e-02 1.745722e-01 -1.925495e-01 -8.142308e-04
<VARIANCE> 39
 5.006100e+00 7.104330e+00 3.786084e+01 1.406359e+01 1.040442e+01 1.722819e+00 4.395120e+00 8.798715e+00 2.253547e+01 5.587190e+00 1.476363e+01 3.941332e+00 5.000000e-02 5.142893e-01 5.613245e-01 1.638961e+00 1.177630e+00 5.194099e-01 4.984426e-01 5.678685e+00 4.580973e+00 6.284860e-01 7.259755e-01 1.526865e+00 1.526815e-01 5.000000e-02 9.998848e-02 5.000000e-02 8.865625e-02 2.448118e-01 2.298344e-01 3.012663e-01 1.966765e-01 1.772128e-01 1.844023e-01 1.632283e-01 3.379007e-01 2.202290e-01 5.000000e-02
<GCONST> 6.580422e+01
<STATE> 17
<MEAN> 39
 7.763776e+00 -1.628519e+01 -6.969009e+00 -9.786866e+00 -1.148412e+01 -8.421595e+00 -3.528606e+00 -1.640852e+00 2.233505e+00 -9.060261e+00 -6.400245e+00 -4.034588e+00 6.426530e-01 1.245784e-01 3.288101e-01 -6.301004e-02 5.146884e-01 4.641955e-01 -2.032161e+00 1.161339e+00 1.530487e-01 -7.569368e-02 -1.740490e-01 2.956423e-01 2.149544e-01 -1.714145e-02 -2.588520e-01 6.474856e-02 2.032689e-02 -1.931861e-01 1.275913e-01 5.368608e-01 -1.906780e-01 7.689244e-02 6.945425e-02 5.152051e-01 2.474359e-01 6.857312e-02 -1.725217e-03
<VARIANCE> 39
 6.726349e+00 7.848852e+00 2.662891e+01 2.257745e+00 7.693760e+00 2.144359e+01 1.093281e+01 8.870435e+00 3.475811e+01 6.560213e+00 2.124400e+01 1.128981e+01 5.000000e-02 5.903844e-02 4.963839e-01 2.025591e+00 1.472762e+00 3.356730e-01 1.839047e+00 1.196810e+00 1.195665e+00 7.477794e-01 5.951998e-01 4.761296e-01 7.544020e-01 5.000000e-02 7.620177e-02 5.000000e-02 1.633678e-01 9.537665e-02 7.641546e-02 3.298009e-01 9.689530e-01 6.051283e-01 8.186783e-02 1.186956e-01 3.071766e-01 7.487572e-02 5.000000e-02
<GCONST> 6.459554e+01
<STATE> 18
<MEAN> 39
 8.205438e+00 -1.581300e+01 -6.422536e+00 -1.059053e+01 -1.090932e+01 -8.107911e+00 -4.512884e-01 -3.520525e+00 1.303853e+00 -5.638989e+00 -5.330935e+00 -3.877952e+00 6.444029e-01 -2.238879e-01 2.017195e-01 -5.252266e-02 -6.191462e-02 7.473032e-01 3.075190e-01 1.232382e-01 -6.591101e-02 7.690176e-01 3.780507e-01 4.087566e-01 1.054725e-01 -2.074995e-02 -7.679308e-02 1.915800e-01 -3.568896e-01 9.593814e-02 1.574899e-02 2.139353e-01 -5.236165e-01 -5.044374e-03 -7.827579e-02 -2.067271e-01 -1.291091e-01 -9.480896e-02 -1.975262e-03
<VARIANCE> 39
 3.204291e+00 4.690307e+00 1.218408e+01 5.046513e+00 5.108679e+00 1.624570e+01 4.862996e+00 1.544021e+01 2.014375e+01 6.045846e+00 9.474319e+00 8.986588e+00 5.000000e-02 5.000000e-02 3.324407e-01 9.116499e-01 5.768586e-01 3.198709e-01 5.480599e-01 1.258513e+00 4.318325e-01 4.581983e-01 1.516142e+00 1.285856e+00 6.142990e-01 5.000000e-02 5.000000e-02 5.473468e-02 1.387615e-01 2.127187e-01 5.000000e-02 3.292882e-01 1.075169e-01 1.454871e-01 1.211368e-01 1.412397e-01 5.000000e-02 2.531356e-01 5.000000e-02
<GCONST> 5.368620e+01
<STATE> 19
<MEAN> 39
 6.038866e+00 -1.542720e+01 -8.100151e+00 -9.136664e+00 -7.815899e+00 -8.528151e+00 -3.537337e+00 -1.896080e+00 6.225538e+00 -6.270137e+00 -3.049049e+00 -2.281832e+00 5.373847e-01 -4.098361e-01 5.713224e-01 -8.040469e-01 -2.364848e-01 3.231336e-01 -2.618333e-01 -3.490769e-01 -3.128157e-01 -6.357818e-01 -2.644385e-01 4.133523e-01 2.851218e-01 -2.766180e-02 -9.856231e-02 2.019098e-01 3.953321e-01 1.814063e-01 -3.760519e-02 -1.148390e-01 2.199851e-01 1.900797e-01 -5.246916e-01 -1.929705e-01 -1.828406e-01 -4.375612e-02 -4.353449e-03
<VARIANCE> 39
 3.748721e+00 5.648692e+00 8.529634e+00 2.506529e+00 4.119376e+00 7.661054e+00 1.217215e+01 1.010386e+01 1.040471e+01 8.180119e+00 3.842472e+00 8.610904e+00 5.000000e-02 9.111441e-02 2.411964e-01 3.899509e-01 8.772643e-01 8.051327e-01 8.264017e-01 9.084877e-01 2.749206e-01 7.695061e-01 1.028044e+00 1.038351e+00 2.235140e+00 5.000000e-02 5.000000e-02 6.626384e-02 6.465853e-02 9.997367e-02 2.005540e-01 1.551436e-01 1.554818e-01 2.379713e-01 8.366869e-02 2.316027e-01 1.415700e-01 1.286560e-01 5.000000e-02
<GCONST> 5.346734e+01
<STATE> 20
<MEAN> 39
 6.340632e+00 -1.237731e+01 -7.932495e+00 -9.949426e+00 -8.016304e+00 -9.448370e+00 -2.591378e+00 -2.907227e+00 8.467273e-01 -7.942340e+00 -4.068536e+00 -3.042809e+00 5.099828e-01 -5.124899e-01 1.346276e+00 7.773570e-01 9.495183e-01 9.415902e-01 -1.994346e-01 5.509648e-01 4.153210e-01 -1.270603e+00 -2.119753e-01 1.426991e-01 -2.466284e-01 -3.664419e-02 -3.102607e-01 6.095333e-02 5.281321e-01 3.679764e-01 1.710118e-01 1.831700e-01 3.313388e-01 7.008192e-02 -1.808209e-02 1.680922e-01 -1.134502e-01 -1.766836e-01 -9.122101e-03
<VARIANCE> 39
 7.098899e+00 1.429994e+01 6.447297e+00 1.102272e+01 2.400422e+00 7.598310e+00 2.797354e+00 1.301933e+01 1.108751e+01 7.392384e+00 9.938807e+00 1.480897e+01 5.000000e-02 3.681258e-01 1.473032e-01 6.210033e-01 1.066322e+00 5.953441e-01 1.930741e+00 6.221578e-01 1.419151e+00 6.523967e-01 1.080583e+00 4.781635e-01 2.959438e-01 5.000000e-02 5.000000e-02 5.663311e-02 5.499082e-02 1.197319e-01 1.074130e-01 5.765336e-02 1.450499e-01 1.480411e-01 2.603119e-01 1.521634e-01 2.413301e-01 3.790377e-01 5.000000e-02
<GCONST> 5.641777e+01
<STATE> 21
<MEAN> 39
 4.596311e+00 -1.007708e+01 -5.453785e+00 -6.803620e+00 -4.520076e+00 -6.892974e+00 -6.327018e-01 -7.295297e-01 1.372846e+00 -6.502623e+00 -3.584015e+00 -3.243852e+00 4.105799e-01 -1.472686e+00 9.406388e-01 1.254741e+00 1.350239e+00 1.005602e+00 9.523625e-02 6.823568e-01 -9.980652e-02 -6.701393e-01 -3.982325e-01 -6.997842e-01 -4.764057e-01 -6.129463e-02 -2.956958e-01 -2.831471e-01 5.722437e-02 1.093307e-01 5.549897e-02 -1.432639e-02 -1.089962e-01 9.765643e-02 5.419166e-01 2.343691e-01 9.088622e-02 -5.741270e-02 -6.878194e-03
<VARIANCE> 39
 1.481558e+01 1.195490e+01 8.655072e+00 2.103420e+01 4.398820e+00 1.197550e+01 1.325298e+01 1.472834e+01 1.988328e+01 1.585972e+01 1.190899e+01 5.137959e+00 5.000000e-02 1.231108e-01 2.392938e-01 2.547258e-01 3.933140e-01 4.405470e-01 7.458383e-01 5.882536e-01 1.145732e+00 5.970595e-01 8.561420e-01 1.597743e+00 1.835274e+00 5.000000e-02 1.691882e-01 5.000000e-02 1.944346e-01 3.005951e-01 1.771887e-01 4.560828e-01 6.152878e-02 1.983205e-01 1.767317e-01 2.506940e-01 2.997243e-01 6.871251e-02 5.000000e-02
<GCONST> 6.371544e+01
<STATE> 22
<MEAN> 39
 1.044246e+00 -9.962124e+00 -3.952934e+00 -5.411786e+00 -4.911497e+00 -1.033071e+01 -5.333136e-01 -2.361952e+00 -2.540014e+00 -9.544820e+00 -5.228613e+00 -3.974689e+00 3.049606e-01 -1.767223e+00 5.990000e-01 1.363688e+00 1.038174e+00 9.893457e-01 3.308254e-01 3.254966e-01 4.344629e-01 7.352323e-01 7.120062e-01 3.508619e-01 -7.590884e-01 -7.040711e-02 8.879671e-02 -2.047056e-01 -1.246823e-01 -2.857700e-01 1.545528e-01 4.862772e-01 -2.245021e-01 2.409974e-02 5.787012e-01 5.108136e-01 4.195403e-01 1.201993e-01 4.267154e-03
<VARIANCE> 39
 1.130319e+01 4.770274e+00 3.476394e+00 1.836639e+01 1.773873e+00 1.410343e+01 9.869792e+00 6.401224e+00 1.263126e+01 5.195218e+00 2.004220e+01 9.128015e+00 5.000000e-02 5.334511e-01 4.732887e-01 7.596897e-01 1.313042e+00 5.289327e-01 1.364072e+00 1.386673e-01 5.324059e-01 1.035195e+00 7.715629e-01 1.128695e+00 4.228600e-01 5.000000e-02 9.807209e-02 5.000000e-02 6.768590e-02 1.536419e-01 6.513562e-02 1.924930e-01 5.354199e-02 2.333489e-01 2.098944e-01 1.859142e-01 3.898708e-01 3.183687e-01 5.000000e-02
<GCONST> 5.834148e+01
<STATE> 23
<MEAN> 39
 -6.886578e-01 -7.899839e+00 -4.824002e-01 -2.676002e+00 -1.768462e+00 -6.596624e+00 1.671324e+00 -1.862636e-01 1.645142e+00 -5.218602e+00 -3.501278e+00 -6.790595e+00 2.079036e-01 -1.200728e+00 3.236859e-02 2.898718e-01 2.676903e-01 1.123590e+00 1.246449e+00 2.346757e-01 4.846938e-01 8.416283e-01 1.157175e+00 8.177492e-01 -1.214954e-02 -5.250909e-02 9.533484e-02 -3.416112e-01 -5.250025e-01 -3.076360e-01 -2.697241e-01 -9.617221e-02 -2.384654e-02 1.298106e-01 1.283250e-02 -3.265569e-02 1.927577e-01 4.890682e-01 2.516815e-03
<VARIANCE> 39
 3.314577e+00 7.116105e+00 3.215067e+00 3.331395e+00 3.207773e+00 6.545694e+00 3.505286e+00 8.197523e+00 9.698726e+00 6.508976e+00 1.312249e+01 6.950941e+00 5.000000e-02 5.329013e-01 5.695657e-01 1.217216e+00 1.652830e+00 9.999955e-01 6.884010e-01 3.732873e-01 6.769338e-01 1.038412e+00 1.401590e+00 1.976178e+00 5.032970e-01 5.000000e-02 5.184519e-02 6.653445e-02 7.255368e-02 1.868628e-01 1.323505e-01 1.428282e-01 8.690754e-02 7.001450e-02 1.151054e-01 8.888511e-02 3.198786e-01 6.971312e-02 5.000000e-02
<GCONST> 5.398426e+01
<STATE> 24
<MEAN> 39
 -3.317197e+00 -9.631744e+00 -2.535119e+00 -3.025887e+00 3.900577e-01 -5.524660e+00 -7.207416e-01 1.120549e+00 4.106090e+00 -3.330790e+00 -1.007952e+00 -3.426471e+00 9.587879e-02 -8.978973e-01 -2.248376e-01 8.525301e-02 3.187201e-01 2.778056e-01 2.519337e-01 1.118019e-01 6.639936e-01 4.426263e-01 7.654983e-02 8.388798e-01 1.280167e+00 -3.381962e-02 2.480282e-01 5.801184e-02 1.319960e-01 2.217679e-02 -2.801548e-01 -1.541537e-01 1.251949e-01 -2.945324e-01 -4.759370e-01 -4.480550e-01 -2.111392e-01 1.097663e-01 1.071353e-02
<VARIANCE> 39
 1.111745e+00 3.716869e+00 4.001517e+00 8.943449e+00 1.442612e+01 3.298283e+00 7.676864e+00 6.896700e+00 2.568380e+01 8.551032e+00 1.246053e+01 7.559814e+00 5.000000e-02 2.190016e-01 7.915089e-01 9.154751e-01 4.875896e-01 1.793529e+00 4.741150e-01 1.104061e+00 9.518325e-01 1.640334e+00 1.690694e+00 1.894862e+00 4.262359e-01 5.000000e-02 6.314421e-02 5.352558e-02 1.298734e-01 1.810660e-01 3.861980e-01 7.577154e-02 1.302833e-01 1.093202e-01 5.148376e-01 4.316234e-01 2.873367e-01 8.275901e-02 5.000000e-02
<GCONST> 6.112428e+01
<STATE> 25
<MEAN> 39
 -5.414542e+00 -9.932082e+00 -1.908410e+00 -1.551425e+00 -1.054075e-01 -4.659218e+00 4.328698e+00 3.126350e+00 3.290532e+00 -3.613130e+00 7.300764e-01 -1.612018e+00 9.903213e-03 -2.016672e-01 -1.623419e-03 7.246038e-02 2.209366e-01 2.098925e-01 2.032561e-01 3.478107e-01 -2.625668e-01 -2.154703e-01 2.927725e-01 5.579735e-01 4.444094e-01 -8.516240e-03 2.434414e-01 1.683490e-01 7.762051e-02 -1.452366e-01 -8.125117e-02 -1.215032e-01 -2.781347e-01 -3.918594e-01 -2.399334e-01 4.772333e-02 -1.820041e-01 -3.806790e-01 1.004049e-02
<VARIANCE> 39
 1.629751e+00 1.328086e+00 3.316633e+00 8.768713e+00 8.970319e+00 5.338127e+00 1.388352e+01 5.363123e+00 8.494838e+00 9.278647e+00 6.233593e+00 7.509674e+00 5.000000e-02 9.586159e-02 1.502068e-01 5.372459e-01 1.477878e+00 1.123715e+00 5.170794e-01 1.340445e+00 7.502679e-01 2.447019e+00 9.908965e-01 7.340079e-01 5.724239e-01 5.000000e-02 5.000000e-02 6.386816e-02 1.732601e-01 1.895701e-01 2.075153e-01 7.006313e-02 1.133752e-01 1.059154e-01 1.283536e-01 1.862151e-01 1.882303e-01 7.720740e-02 5.000000e-02
<GCONST> 5.245389e+01
<TRANSP> 26
 0.000000e+00 1.000000e+00 0.000000e+00 0.000000e+00 0.000000e+00 0.000000e+00 0.000000e+00 0.000000e+00 0.000000e+00 0.000000e+00 0.000000e+00 0.000000e+00 0.000000e+00 0.000000e+00 0.000000e+00 0.000000e+00 0.000000e+00 0.000000e+00 0.000000e+00 0.000000e+00 0.000000e+00 0.000000e+00 0.000000e+00 0.000000e+00 0.000000e+00 0.000000e+00
 0.000000e+00 5.001577e-01 4.998424e-01 0.000000e+00 0.000000e+00 0.000000e+00 0.000000e+00 0.000000e+00 0.000000e+00 0.000000e+00 0.000000e+00 0.000000e+00 0.000000e+00 0.000000e+00 0.000000e+00 0.000000e+00 0.000000e+00 0.000000e+00 0.000000e+00 0.000000e+00 0.000000e+00 0.000000e+00 0.000000e+00 0.000000e+00 0.000000e+00 0.000000e+00
 0.000000e+00 0.000000e+00 5.455056e-01 4.544944e-01 0.000000e+00 0.000000e+00 0.000000e+00 0.000000e+00 0.000000e+00 0.000000e+00 0.000000e+00 0.000000e+00 0.000000e+00 0.000000e+00 0.000000e+00 0.000000e+00 0.000000e+00 0.000000e+00 0.000000e+00 0.000000e+00 0.000000e+00 0.000000e+00 0.000000e+00 0.000000e+00 0.000000e+00 0.000000e+00
 0.000000e+00 0.000000e+00 0.000000e+00 5.833338e-01 4.166662e-01 0.000000e+00 0.000000e+00 0.000000e+00 0.000000e+00 0.000000e+00 0.000000e+00 0.000000e+00 0.000000e+00 0.000000e+00 0.000000e+00 0.000000e+00 0.000000e+00 0.000000e+00 0.000000e+00 0.000000e+00 0.000000e+00 0.000000e+00 0.000000e+00 0.000000e+00 0.000000e+00 0.000000e+00
 0.000000e+00 0.000000e+00 0.000000e+00 0.000000e+00 4.999999e-01 5.000001e-01 0.000000e+00 0.000000e+00 0.000000e+00 0.000000e+00 0.000000e+00 0.000000e+00 0.000000e+00 0.000000e+00 0.000000e+00 0.000000e+00 0.000000e+00 0.000000e+00 0.000000e+00 0.000000e+00 0.000000e+00 0.000000e+00 0.000000e+00 0.000000e+00 0.000000e+00 0.000000e+00
 0.000000e+00 0.000000e+00 0.000000e+00 0.000000e+00 0.000000e+00 3.750005e-01 6.249995e-01 0.000000e+00 0.000000e+00 0.000000e+00 0.000000e+00 0.000000e+00 0.000000e+00 0.000000e+00 0.000000e+00 0.000000e+00 0.000000e+00 0.000000e+00 0.000000e+00 0.000000e+00 0.000000e+00 0.000000e+00 0.000000e+00 0.000000e+00 0.000000e+00 0.000000e+00
 0.000000e+00 0.000000e+00 0.000000e+00 0.000000e+00 0.000000e+00 0.000000e+00 5.454345e-01 4.545656e-01 0.000000e+00 0.000000e+00 0.000000e+00 0.000000e+00 0.000000e+00 0.000000e+00 0.000000e+00 0.000000e+00 0.000000e+00 0.000000e+00 0.000000e+00 0.000000e+00 0.000000e+00 0.000000e+00 0.000000e+00 0.000000e+00 0.000000e+00 0.000000e+00
 0.000000e+00 0.000000e+00 0.000000e+00 0.000000e+00 0.000000e+00 0.000000e+00 0.000000e+00 5.000252e-01 4.999748e-01 0.000000e+00 0.000000e+00 0.000000e+00 0.000000e+00 0.000000e+00 0.000000e+00 0.000000e+00 0.000000e+00 0.000000e+00 0.000000e+00 0.000000e+00 0.000000e+00 0.000000e+00 0.000000e+00 0.000000e+00 0.000000e+00 0.000000e+00
 0.000000e+00 0.000000e+00 0.000000e+00 0.000000e+00 0.000000e+00 0.000000e+00 0.000000e+00 0.000000e+00 5.000099e-01 4.999902e-01 0.000000e+00 0.000000e+00 0.000000e+00 0.000000e+00 0.000000e+00 0.000000e+00 0.000000e+00 0.000000e+00 0.000000e+00 0.000000e+00 0.000000e+00 0.000000e+00 0.000000e+00 0.000000e+00 0.000000e+00 0.000000e+00
 0.000000e+00 0.000000e+00 0.000000e+00 0.000000e+00 0.000000e+00 0.000000e+00 0.000000e+00 0.000000e+00 0.000000e+00 4.444315e-01 5.555685e-01 0.000000e+00 0.000000e+00 0.000000e+00 0.000000e+00 0.000000e+00 0.000000e+00 0.000000e+00 0.000000e+00 0.000000e+00 0.000000e+00 0.000000e+00 0.000000e+00 0.000000e+00 0.000000e+00 0.000000e+00
 0.000000e+00 0.000000e+00 0.000000e+00 0.000000e+00 0.000000e+00 0.000000e+00 0.000000e+00 0.000000e+00 0.000000e+00 0.000000e+00 5.454641e-01 4.545359e-01 0.000000e+00 0.000000e+00 0.000000e+00 0.000000e+00 0.000000e+00 0.000000e+00 0.000000e+00 0.000000e+00 0.000000e+00 0.000000e+00 0.000000e+00 0.000000e+00 0.000000e+00 0.000000e+00
 0.000000e+00 0.000000e+00 0.000000e+00 0.000000e+00 0.000000e+00 0.000000e+00 0.000000e+00 0.000000e+00 0.000000e+00 0.000000e+00 0.000000e+00 5.429910e-01 4.570090e-01 0.000000e+00 0.000000e+00 0.000000e+00 0.000000e+00 0.000000e+00 0.000000e+00 0.000000e+00 0.000000e+00 0.000000e+00 0.000000e+00 0.000000e+00 0.000000e+00 0.000000e+00
 0.000000e+00 0.000000e+00 0.000000e+00 0.000000e+00 0.000000e+00 0.000000e+00 0.000000e+00 0.000000e+00 0.000000e+00 0.000000e+00 0.000000e+00 0.000000e+00 4.480604e-01 5.519396e-01 0.000000e+00 0.000000e+00 0.000000e+00 0.000000e+00 0.000000e+00 0.000000e+00 0.000000e+00 0.000000e+00 0.000000e+00 0.000000e+00 0.000000e+00 0.000000e+00
 0.000000e+00 0.000000e+00 0.000000e+00 0.000000e+00 0.000000e+00 0.000000e+00 0.000000e+00 0.000000e+00 0.000000e+00 0.000000e+00 0.000000e+00 0.000000e+00 0.000000e+00 2.876680e-01 7.123321e-01 0.000000e+00 0.000000e+00 0.000000e+00 0.000000e+00 0.000000e+00 0.000000e+00 0.000000e+00 0.000000e+00 0.000000e+00 0.000000e+00 0.000000e+00
 0.000000e+00 0.000000e+00 0.000000e+00 0.000000e+00 0.000000e+00 0.000000e+00 0.000000e+00 0.000000e+00 0.000000e+00 0.000000e+00 0.000000e+00 0.000000e+00 0.000000e+00 0.000000e+00 4.434387e-01 5.565613e-01 0.000000e+00 0.000000e+00 0.000000e+00 0.000000e+00 0.000000e+00 0.000000e+00 0.000000e+00 0.000000e+00 0.000000e+00 0.000000e+00
 0.000000e+00 0.000000e+00 0.000000e+00 0.000000e+00 0.000000e+00 0.000000e+00 0.000000e+00 0.000000e+00 0.000000e+00 0.000000e+00 0.000000e+00 0.000000e+00 0.000000e+00 0.000000e+00 0.000000e+00 5.016236e-01 4.983764e-01 0.000000e+00 0.000000e+00 0.000000e+00 0.000000e+00 0.000000e+00 0.000000e+00 0.000000e+00 0.000000e+00 0.000000e+00
 0.000000e+00 0.000000e+00 0.000000e+00 0.000000e+00 0.000000e+00 0.000000e+00 0.000000e+00 0.000000e+00 0.000000e+00 0.000000e+00 0.000000e+00 0.000000e+00 0.000000e+00 0.000000e+00 0.000000e+00 0.000000e+00 5.439112e-01 4.560887e-01 0.000000e+00 0.000000e+00 0.000000e+00 0.000000e+00 0.000000e+00 0.000000e+00 0.000000e+00 0.000000e+00
 0.000000e+00 0.000000e+00 0.000000e+00 0.000000e+00 0.000000e+00 0.000000e+00 0.000000e+00 0.000000e+00 0.000000e+00 0.000000e+00 0.000000e+00 0.000000e+00 0.000000e+00 0.000000e+00 0.000000e+00 0.000000e+00 0.000000e+00 6.151807e-01 3.848193e-01 0.000000e+00 0.000000e+00 0.000000e+00 0.000000e+00 0.000000e+00 0.000000e+00 0.000000e+00
 0.000000e+00 0.000000e+00 0.000000e+00 0.000000e+00 0.000000e+00 0.000000e+00 0.000000e+00 0.000000e+00 0.000000e+00 0.000000e+00 0.000000e+00 0.000000e+00 0.000000e+00 0.000000e+00 0.000000e+00 0.000000e+00 0.000000e+00 0.000000e+00 4.448786e-01 5.551214e-01 0.000000e+00 0.000000e+00 0.000000e+00 0.000000e+00 0.000000e+00 0.000000e+00
 0.000000e+00 0.000000e+00 0.000000e+00 0.000000e+00 0.000000e+00 0.000000e+00 0.000000e+00 0.000000e+00 0.000000e+00 0.000000e+00 0.000000e+00 0.000000e+00 0.000000e+00 0.000000e+00 0.000000e+00 0.000000e+00 0.000000e+00 0.000000e+00 0.000000e+00 5.454424e-01 4.545577e-01 0.000000e+00 0.000000e+00 0.000000e+00 0.000000e+00 0.000000e+00
 0.000000e+00 0.000000e+00 0.000000e+00 0.000000e+00 0.000000e+00 0.000000e+00 0.000000e+00 0.000000e+00 0.000000e+00 0.000000e+00 0.000000e+00 0.000000e+00 0.000000e+00 0.000000e+00 0.000000e+00 0.000000e+00 0.000000e+00 0.000000e+00 0.000000e+00 0.000000e+00 2.859661e-01 7.140339e-01 0.000000e+00 0.000000e+00 0.000000e+00 0.000000e+00
 0.000000e+00 0.000000e+00 0.000000e+00 0.000000e+00 0.000000e+00 0.000000e+00 0.000000e+00 0.000000e+00 0.000000e+00 0.000000e+00 0.000000e+00 0.000000e+00 0.000000e+00 0.000000e+00 0.000000e+00 0.000000e+00 0.000000e+00 0.000000e+00 0.000000e+00 0.000000e+00 0.000000e+00 3.757422e-01 6.242578e-01 0.000000e+00 0.000000e+00 0.000000e+00
 0.000000e+00 0.000000e+00 0.000000e+00 0.000000e+00 0.000000e+00 0.000000e+00 0.000000e+00 0.000000e+00 0.000000e+00 0.000000e+00 0.000000e+00 0.000000e+00 0.000000e+00 0.000000e+00 0.000000e+00 0.000000e+00 0.000000e+00 0.000000e+00 0.000000e+00 0.000000e+00 0.000000e+00 0.000000e+00 5.449674e-01 4.550326e-01 0.000000e+00 0.000000e+00
 0.000000e+00 0.000000e+00 0.000000e+00 0.000000e+00 0.000000e+00 0.000000e+00 0.000000e+00 0.000000e+00 0.000000e+00 0.000000e+00 0.000000e+00 0.000000e+00 0.000000e+00 0.000000e+00 0.000000e+00 0.000000e+00 0.000000e+00 0.000000e+00 0.000000e+00 0.000000e+00 0.000000e+00 0.000000e+00 0.000000e+00 5.459959e-01 4.540041e-01 0.000000e+00
 0.000000e+00 0.000000e+00 0.000000e+00 0.000000e+00 0.000000e+00 0.000000e+00 0.000000e+00 0.000000e+00 0.000000e+00 0.000000e+00 0.000000e+00 0.000000e+00 0.000000e+00 0.000000e+00 0.000000e+00 0.000000e+00 0.000000e+00 0.000000e+00 0.000000e+00 0.000000e+00 0.000000e+00 0.000000e+00 0.000000e+00 0.000000e+00 5.480745e-01 4.519255e-01
 0.000000e+00 0.000000e+00 0.000000e+00 0.000000e+00 0.000000e+00 0.000000e+00 0.000000e+00 0.000000e+00 0.000000e+00 0.000000e+00 0.000000e+00 0.000000e+00 0.000000e+00 0.000000e+00 0.000000e+00 0.000000e+00 0.000000e+00 0.000000e+00 0.000000e+00 0.000000e+00 0.000000e+00 0.000000e+00 0.000000e+00 0.000000e+00 0.000000e+00 0.000000e+00
<ENDHMM>
