~o
<STREAMINFO> 1 39
<VECSIZE> 39<NULLD><MFCC_E_D_A><DIAGC>
~h "D~ung"
<BEGINHMM>
<NUMSTATES> 37
<STATE> 2
<MEAN> 39
 -7.420451e+00 -8.060051e+00 -8.407521e-01 -5.067325e-01 3.492098e+00 -2.393761e+00 9.342409e-01 -9.354141e-01 1.648650e+00 -2.976679e+00 2.447816e+00 -4.427939e-01 9.058037e-03 -8.605576e-02 5.623018e-01 -1.024003e+00 -7.054109e-01 -1.632227e+00 -7.328465e-01 4.966912e-01 5.575462e-01 3.748107e-01 -5.956393e-01 -7.667907e-01 3.160937e-01 1.070473e-02 9.935277e-01 -9.061833e-02 -4.565149e-01 -6.368269e-01 -7.199620e-01 -8.166897e-01 -1.261451e-01 -1.949079e-01 -2.727097e-01 -3.118647e-01 -5.281824e-01 -3.343413e-01 3.277721e-02
<VARIANCE> 39
 1.385201e+01 1.615156e+01 1.105284e+01 2.456875e+00 6.977544e+00 3.892545e+00 7.980893e+00 9.128397e+00 9.811129e+00 1.000247e+01 7.492681e+00 9.686009e+00 5.000000e-02 2.522534e+00 1.122904e+00 4.905055e-01 1.936657e+00 6.406865e-01 9.843564e-01 2.026947e+00 6.323683e-01 1.526276e+00 2.203093e+00 2.082578e+00 1.435050e+00 5.000000e-02 1.948727e-01 2.137013e-01 3.181524e-01 5.000000e-02 4.454981e-01 2.192726e-01 1.377271e-01 1.546222e-01 2.198595e-01 5.005777e-02 1.104576e-01 2.054365e-01 5.000000e-02
<GCONST> 6.915789e+01
<STATE> 3
<MEAN> 39
 -7.258667e+00 -7.642490e+00 -3.300658e+00 -2.482657e+00 -4.256080e-01 -5.073233e+00 2.299332e+00 5.194779e-01 1.283527e+00 -3.529137e+00 2.364176e+00 -7.023900e-02 -8.249364e-03 2.306924e+00 -1.335458e-01 -1.054962e+00 -1.562080e+00 -1.734554e+00 -1.949922e+00 -2.162567e-01 -1.153367e-01 -7.167732e-01 -6.002387e-01 -1.296322e+00 -5.085616e-01 7.465707e-02 9.893787e-01 -1.491964e-01 7.259523e-02 -2.926700e-01 2.528980e-02 -6.172044e-01 -2.373614e-01 -3.541209e-01 -6.035632e-01 -6.268682e-01 -5.262896e-01 -5.862399e-01 3.989299e-02
<VARIANCE> 39
 1.962862e+01 1.121061e+01 3.049174e+00 2.038963e+01 5.186166e+00 4.447975e+00 4.820054e+00 3.985284e+00 8.233227e+00 1.328531e+01 1.742299e+01 2.729101e+00 5.000000e-02 2.236243e+00 1.455858e+00 2.668686e+00 2.479502e-01 3.577253e+00 2.610232e+00 1.718316e+00 1.539409e+00 1.761401e+00 9.444306e-01 4.984326e-01 6.008962e-01 5.000000e-02 1.553181e-01 2.227875e-01 2.530079e-01 1.619417e-01 3.848246e-01 8.802667e-02 1.200741e-01 8.690432e-02 2.084236e-01 8.722336e-02 1.041271e-01 1.026173e-01 5.000000e-02
<GCONST> 6.708902e+01
<STATE> 4
<MEAN> 39
 -6.798220e-01 -6.346699e+00 -4.355338e+00 -5.724325e+00 -3.207242e+00 -8.596804e+00 1.003701e-01 -7.130780e-01 -9.076716e-01 -5.727975e+00 -2.029213e+00 -2.725900e+00 2.309193e-01 3.257421e+00 4.664110e-03 -1.125449e+00 -1.532134e+00 -1.752112e+00 -2.862874e+00 -1.214969e-01 -4.544652e-01 -1.702186e+00 -2.531259e+00 -2.497743e+00 -1.566578e+00 1.433264e-01 -5.233092e-01 -1.113382e-01 2.759347e-01 1.570562e-01 4.342383e-01 1.947557e-02 -1.194875e-01 -2.936202e-01 -2.091854e-02 -2.871327e-01 -9.942985e-03 -2.232240e-01 9.062355e-03
<VARIANCE> 39
 3.181426e+01 3.605837e+00 5.146111e+00 1.769157e+01 1.335835e+01 1.192642e+01 6.767308e+00 4.205590e+00 1.569656e+01 1.222394e+01 4.797230e+00 2.797892e+00 5.000000e-02 1.528749e+00 9.883491e-01 2.274482e+00 5.511165e-01 2.604240e+00 3.947027e+00 2.801072e-01 2.909049e-01 1.152198e+00 2.970710e-01 1.204326e+00 6.274700e-01 5.000000e-02 3.305624e-01 5.823447e-01 4.230160e-01 1.261118e-01 2.557898e-01 1.798759e-01 5.200448e-01 1.454164e-01 1.914402e-01 1.109830e-01 2.422383e-01 1.630047e-01 5.000000e-02
<GCONST> 7.000332e+01
<STATE> 5
<MEAN> 39
 6.995748e+00 -9.923414e+00 -7.179320e+00 -7.314981e+00 -7.690761e+00 -1.553147e+01 1.874644e-01 -1.222789e+00 -3.206501e+00 -1.206687e+01 -6.804082e+00 -6.224282e+00 5.620667e-01 7.155028e-01 -1.048903e+00 5.069865e-01 -9.109026e-01 -6.673564e-02 -1.567665e+00 -7.758544e-01 -8.666850e-01 -7.530967e-01 -2.140909e+00 -1.642571e+00 -1.612669e+00 1.053115e-01 -1.374811e+00 -6.400934e-01 8.811275e-01 9.164526e-02 3.845553e-01 1.218184e+00 -6.614389e-01 3.824325e-01 7.619255e-01 8.482222e-01 1.061513e+00 5.693994e-01 -2.826031e-02
<VARIANCE> 39
 3.036653e+01 4.817072e+00 1.024886e+01 1.043479e+01 2.417580e+01 2.739238e+01 5.998315e+00 2.672374e+00 1.456063e+01 7.358345e+00 2.140695e+01 4.781439e+00 5.000000e-02 2.282653e+00 4.061872e+00 2.603010e+00 1.924639e+00 3.022187e+00 3.970855e+00 1.930255e+00 1.536757e+00 5.589747e-01 8.086503e-01 2.541026e+00 1.301879e+00 5.000000e-02 1.936853e-01 2.507451e-01 6.086774e-01 3.210682e-01 6.346769e-01 5.671176e-01 1.367848e-01 4.660119e-01 1.991595e-01 2.983252e-01 2.663974e-01 2.543079e-01 5.000000e-02
<GCONST> 8.478619e+01
<STATE> 6
<MEAN> 39
 5.511075e-03 -7.843056e+00 -5.127636e+00 -7.458385e+00 -1.527695e+00 -1.255135e+01 -9.699794e-01 -4.047358e+00 -3.745847e+00 -1.152140e+01 -4.992088e+00 -5.614353e+00 4.167391e-01 -8.422647e-01 -1.067864e+00 1.042442e+00 -1.311248e+00 -8.506252e-01 -1.848567e-03 -1.866679e+00 -9.735799e-02 1.145255e+00 2.206158e-01 2.329007e-01 -1.731245e-01 4.045333e-02 -3.426206e-01 -3.072642e-01 -4.026486e-01 -1.059552e-02 -3.239286e-01 3.777068e-01 -3.625269e-02 8.823739e-01 9.601820e-01 1.117252e+00 3.165606e-01 4.346213e-01 -8.645181e-03
<VARIANCE> 39
 4.100034e+01 2.136689e+01 9.748872e+00 2.283588e+01 5.393326e+01 1.097640e+02 1.617067e+01 1.406102e+01 7.583866e+00 2.219762e+01 6.307437e+01 1.835776e+01 1.176811e-01 1.812277e+00 5.716683e+00 3.266309e+00 1.270372e+00 1.203140e+00 3.591887e+00 3.648640e+00 2.889847e+00 6.101514e-01 1.123663e+00 1.797938e+00 1.465514e+00 5.000000e-02 3.805815e-01 4.667161e-01 2.607003e-01 2.720206e-01 6.518481e-01 1.265085e+00 2.183777e-01 5.564303e-01 3.225365e-01 9.830403e-01 7.989622e-01 4.232275e-01 5.000000e-02
<GCONST> 1.012836e+02
<STATE> 7
<MEAN> 39
 -1.297396e-01 -9.070751e+00 2.395313e-03 -1.177680e+01 -5.371971e+00 -1.368469e+01 -2.924589e+00 -5.253768e+00 -3.172271e+00 -1.278174e+01 -7.050838e+00 -8.274590e+00 6.529591e-01 -6.148770e-01 -2.350979e+00 -1.887198e-01 -6.217519e-01 -1.755620e+00 1.347412e+00 -2.108994e+00 2.587999e+00 2.277056e+00 1.219041e+00 1.504124e+00 1.058283e+00 5.649045e-02 2.480483e-01 -5.655242e-01 -1.453553e+00 2.197641e-01 1.461729e-01 4.009410e-01 3.025964e-01 1.176730e+00 5.257015e-01 1.340120e+00 -1.868371e-01 2.986809e-01 -2.076366e-03
<VARIANCE> 39
 3.635830e+01 9.444120e+01 1.753181e+01 2.269567e+01 9.636889e+00 5.505001e+01 4.211008e+01 1.173211e+01 8.959291e+00 2.788291e+01 2.528003e+01 7.941061e+00 7.952335e-02 2.490332e+00 4.742086e+00 1.700432e+00 2.114786e+00 3.216010e+00 3.660706e+00 1.832775e+00 5.229182e+00 2.061771e+00 3.823408e+00 2.326005e+00 8.713386e-01 5.000000e-02 6.581241e-01 2.252559e+00 7.847345e-01 4.040064e-01 3.078433e-01 1.270300e+00 1.072998e+00 7.972865e-01 4.918731e-01 1.357406e+00 5.524019e-01 3.550248e-01 5.000000e-02
<GCONST> 1.079435e+02
<STATE> 8
<MEAN> 39
 2.127894e+00 -1.502936e+01 -3.943014e+00 -1.037656e+01 -1.110665e+01 -1.392695e+01 -8.334676e+00 2.851654e+00 2.038964e+00 -1.013688e+01 -3.125405e+00 -2.923505e+00 6.194528e-01 -4.522359e-01 -2.256113e+00 -2.113233e+00 -1.135874e+00 -8.358415e-01 -2.995214e-01 -1.106847e+00 3.025909e+00 1.046272e+00 2.055841e+00 -1.633354e+00 4.258210e-01 9.336960e-02 -3.859546e-01 3.494361e-01 -7.747222e-01 5.614878e-02 8.382933e-01 5.524284e-01 4.164622e-01 -4.334095e-01 -1.607118e-01 9.688557e-01 -6.910288e-01 -3.946858e-01 2.506264e-03
<VARIANCE> 39
 1.189642e+01 6.207837e+01 1.963486e+01 1.822869e+01 3.090594e+01 3.445364e+01 4.560484e+01 2.021714e+01 1.364261e+01 2.334842e+01 8.143519e+00 1.905009e+01 7.551352e-02 4.057713e+00 4.957307e+00 3.370520e+00 1.106115e+00 2.116393e+00 5.297218e+00 2.779670e+00 4.349516e+00 5.639055e+00 9.562540e+00 3.759529e+00 4.282381e-01 5.000000e-02 3.844160e-01 8.690831e-01 1.607796e+00 4.643272e-01 9.095308e-01 1.394843e+00 2.139610e+00 5.424827e-01 3.309849e-01 8.540182e-01 4.744071e-01 1.066041e+00 5.000000e-02
<GCONST> 1.109359e+02
<STATE> 9
<MEAN> 39
 -2.996522e-01 -1.799652e+01 -1.113116e+01 -1.283554e+01 -9.560075e+00 -1.198526e+01 -6.775454e+00 9.889932e+00 2.895674e+00 -3.472167e+00 -7.171955e+00 -5.400976e+00 8.529087e-01 -9.774088e-01 -1.314423e+00 -3.869723e+00 -9.419399e-01 1.990450e+00 1.480121e+00 7.267035e-01 1.358562e+00 2.001006e+00 5.031681e+00 -2.377803e+00 -1.169398e+00 6.166679e-02 6.258865e-03 1.082435e+00 -2.320148e-01 -1.840724e-01 1.082658e+00 3.076226e-01 7.533736e-01 -1.763130e+00 -2.314712e-01 4.609452e-01 -2.224669e-01 -7.229818e-01 -8.774021e-03
<VARIANCE> 39
 2.820158e+01 4.094727e+01 2.649596e+01 2.324994e+01 2.759785e+00 4.808276e+00 1.291495e+01 2.545346e+01 5.075051e+01 5.852247e+00 4.046378e+01 1.381040e+01 5.000000e-02 2.402547e+00 4.408179e+00 7.356153e+00 1.547789e+00 5.335957e+00 5.509708e+00 9.679914e+00 2.884239e+00 2.021121e+00 4.777739e+00 8.353614e-01 5.463266e+00 5.000000e-02 2.175198e-01 1.082637e+00 3.072786e-01 6.392494e-01 1.119288e+00 4.350412e-01 4.654327e-01 1.513752e+00 7.548680e-01 6.188366e-01 1.064173e+00 8.451435e-01 5.000000e-02
<GCONST> 1.068431e+02
<STATE> 10
<MEAN> 39
 -1.434227e+00 -1.859210e+01 -1.299734e+01 -1.296260e+01 -7.823028e+00 -8.394393e+00 -9.308794e+00 6.003293e+00 4.312919e+00 1.170350e+00 -1.316367e+01 -5.439280e+00 9.098982e-01 -4.000014e-01 -5.357840e-01 -2.792312e+00 -1.084396e+00 1.995682e+00 1.808862e+00 7.366061e-01 -1.147360e+00 1.408005e+00 3.992750e+00 -3.797671e-01 -2.107128e+00 5.194203e-02 2.885736e-01 7.187350e-01 4.522230e-01 -4.244626e-01 7.820842e-01 7.976224e-02 5.934213e-01 -1.078805e+00 -6.295598e-01 -2.047825e-01 7.043424e-01 -1.278541e-01 -1.578182e-02
<VARIANCE> 39
 1.816143e+01 2.053016e+01 4.819116e+01 1.132171e+01 6.593593e+01 3.503989e+01 1.347558e+02 1.257834e+01 2.288992e+01 2.079346e+01 5.629663e+00 4.049843e+01 5.000000e-02 1.754132e+00 5.459289e+00 1.395984e+00 2.216238e+00 1.070007e+01 4.256893e+00 1.049070e+01 6.664463e+00 8.253163e-01 4.117259e+00 3.156884e+00 8.048071e+00 5.000000e-02 3.167908e-01 6.230667e-01 9.526048e-01 2.109086e-01 1.174048e+00 8.772203e-01 2.276312e+00 6.683327e-01 6.688209e-01 1.317433e+00 8.388388e-01 7.051954e-01 5.000000e-02
<GCONST> 1.141713e+02
<STATE> 11
<MEAN> 39
 -1.824893e+00 -1.798083e+01 -1.718737e+01 -1.616618e+01 -4.868945e-01 -7.248345e+00 -4.278180e+00 2.659467e+00 8.237854e+00 8.006454e+00 -1.027673e+01 -1.287246e+01 9.884397e-01 -4.023959e-01 1.160569e+00 -1.098241e+00 -2.031463e+00 3.274242e+00 2.325869e+00 1.062416e+00 -3.009134e+00 6.813193e-02 3.683439e+00 3.605660e-01 -8.751908e-01 1.785454e-02 3.657360e-01 1.760434e-01 1.041981e+00 -1.362830e-01 -8.196761e-01 7.498851e-01 -7.760793e-01 -2.723849e-01 -1.294361e+00 -1.415646e+00 6.464600e-01 1.441453e+00 -1.636937e-02
<VARIANCE> 39
 6.822439e+00 1.777939e-01 2.157332e+01 1.190800e+00 7.522678e+00 1.774023e+01 2.210537e+01 9.869998e+00 2.903709e+01 2.627609e+01 1.715877e+01 6.981571e+01 5.000000e-02 1.707772e-01 5.000000e-02 5.083022e-01 1.100474e+00 2.645274e+00 1.929444e+00 4.684333e+00 5.668467e-01 1.180735e+00 2.858522e+00 9.260019e+00 2.026307e+00 5.000000e-02 2.628737e-01 2.723056e-01 1.346733e-01 1.268270e-01 1.673745e-01 4.305936e-01 3.014730e-01 6.566150e-01 7.405725e-01 7.512249e-01 2.282974e-01 6.312776e-01 5.000000e-02
<GCONST> 7.806464e+01
<STATE> 12
<MEAN> 39
 -1.881883e+00 -1.727846e+01 -1.714267e+01 -1.949325e+01 1.487703e+00 -3.973193e+00 -5.003005e+00 -8.812243e-01 7.473303e+00 1.316473e+01 -1.068153e+01 -9.286160e+00 9.977559e-01 4.709212e-01 8.190066e-01 -7.606799e-01 -1.957893e+00 1.036450e+00 3.462154e+00 -3.576712e-01 -2.135711e+00 -2.110393e+00 1.497997e+00 1.164215e+00 2.018390e+00 1.306259e-03 2.957522e-01 -2.329420e-01 4.471464e-01 1.382519e-01 -1.257185e+00 3.774276e-01 -9.288595e-01 9.287220e-01 -1.031990e+00 -1.996976e+00 4.525828e-01 1.237938e+00 -1.209276e-02
<VARIANCE> 39
 2.903215e+00 1.103204e+00 9.123379e+00 8.532414e+00 4.073381e+00 1.624734e+01 1.527606e+01 1.972764e+00 1.271618e+01 1.742448e+01 3.515257e+01 4.513245e+01 5.000000e-02 3.364611e-01 1.170099e-01 5.749788e-01 3.520201e-01 8.180915e-01 5.859202e-01 2.581630e+00 1.233367e+00 4.297271e+00 2.926970e+00 1.964969e+00 9.254581e-01 5.000000e-02 6.482497e-02 5.852760e-02 1.743766e-01 1.452699e-01 2.356947e-01 2.939399e-01 7.160863e-01 2.866507e-01 1.592563e-01 2.957082e-01 5.313082e-01 3.668344e-01 5.000000e-02
<GCONST> 6.910349e+01
<STATE> 13
<MEAN> 39
 -1.149199e-01 -1.615444e+01 -1.887093e+01 -2.274575e+01 1.625082e+00 3.621386e+00 -5.717521e+00 -3.888583e+00 2.470546e-01 1.098870e+01 -6.457405e+00 -4.075212e+00 9.776710e-01 4.226055e-01 1.758902e-01 -5.974355e-03 -1.225984e+00 -6.220863e-01 2.888190e+00 -1.129719e+00 8.280468e-01 -3.108431e+00 -2.926108e+00 9.577001e-01 2.777295e+00 -1.786107e-02 1.352699e-01 -2.720503e-01 3.408431e-01 5.881677e-01 -9.022868e-01 -5.867015e-01 4.841844e-02 1.684889e+00 1.184444e-01 -1.118323e+00 -3.399913e-01 9.260981e-03 -5.531001e-03
<VARIANCE> 39
 2.253202e+00 2.563718e+00 5.940367e+00 1.036044e+01 9.043335e+00 1.800243e+01 2.211619e+01 5.099813e+00 1.102696e+01 2.830809e+01 3.218730e+01 7.073132e+01 5.000000e-02 1.285657e-01 3.987893e-01 1.647806e+00 2.494912e-01 5.945081e-01 5.887571e-01 2.296561e+00 1.947035e+00 8.273388e-01 1.520721e+00 7.489091e-01 6.526368e-01 5.000000e-02 5.082559e-02 5.777704e-02 5.000000e-02 7.617941e-02 4.225206e-01 3.210647e-01 6.346521e-01 4.086565e-01 7.987204e-01 4.656492e-01 8.284730e-01 4.752629e-01 5.000000e-02
<GCONST> 7.128854e+01
<STATE> 14
<MEAN> 39
 7.551995e-02 -1.709986e+01 -1.826273e+01 -2.357901e+01 -1.248140e+00 5.494272e+00 -8.394970e+00 1.008947e+00 -5.676084e+00 6.642694e-01 -6.924670e+00 -2.750396e+00 9.255896e-01 6.884007e-01 -1.658469e-01 6.300114e-01 2.309051e-01 -2.464150e+00 1.535445e+00 -5.868431e-01 4.021102e+00 -2.010565e+00 -2.970871e+00 2.577109e-01 2.134202e+00 -2.214959e-02 1.418158e-01 -2.172131e-01 3.096865e-01 2.849990e-01 -7.567506e-01 -1.112798e+00 6.076744e-01 6.197376e-01 1.448711e+00 3.859059e-01 -2.445965e-01 -6.689218e-01 1.741713e-03
<VARIANCE> 39
 1.383309e+00 3.430741e+00 1.765360e+00 1.068206e+01 1.138158e+01 1.707204e+00 3.567501e+01 1.069607e+01 6.572083e+00 3.283833e+01 2.244051e+01 5.670332e+01 5.000000e-02 5.000000e-02 5.906869e-01 1.051904e+00 1.018822e+00 3.562017e+00 1.687493e+00 3.058477e+00 2.137670e+00 1.446987e+00 1.163964e+00 2.794293e+00 5.815159e-01 5.000000e-02 5.000000e-02 5.000000e-02 1.413824e-01 7.706783e-02 2.166966e-01 2.317125e-01 2.012418e-01 3.065041e-01 1.309017e-01 3.339324e-01 2.889163e-01 2.807778e-01 5.000000e-02
<GCONST> 6.791347e+01
<STATE> 15
<MEAN> 39
 2.070747e+00 -1.637098e+01 -1.729776e+01 -2.086442e+01 -2.931825e+00 9.679805e+00 -7.541048e+00 7.464536e+00 -5.568170e+00 1.374614e+00 -4.613536e+00 2.183250e+00 9.159601e-01 8.466119e-01 -3.223332e-01 7.627013e-01 -1.031798e-01 -2.963211e+00 -8.327727e-02 5.267287e-01 3.860664e+00 2.927678e-01 -2.223766e+00 3.111724e-01 9.143363e-01 -1.457326e-02 1.026700e-01 -1.564375e-01 3.760892e-01 4.885762e-02 -2.782159e-01 -1.245365e+00 3.809097e-01 -8.216333e-01 1.597662e+00 5.272270e-01 -1.697021e-01 -9.838027e-01 6.504743e-04
<VARIANCE> 39
 3.609072e+00 7.093061e+00 3.931660e+00 2.406824e+01 2.627319e+01 1.015101e+01 3.086353e+01 2.176198e+01 7.027580e+00 2.182355e+01 9.499189e+00 4.503456e+01 5.000000e-02 8.640809e-02 8.402335e-01 1.237011e-01 6.823749e-02 4.370751e+00 4.067231e+00 1.265117e+00 3.747028e+00 1.016567e+00 1.592585e+00 3.426405e+00 1.741267e+00 5.000000e-02 5.000000e-02 9.626307e-02 2.396518e-01 2.580114e-01 2.869873e-01 5.000000e-02 3.751177e-01 3.369063e-01 2.559406e-01 4.055299e-01 8.219755e-02 8.004861e-02 5.000000e-02
<GCONST> 7.125304e+01
<STATE> 16
<MEAN> 39
 2.075437e+00 -1.634227e+01 -1.634509e+01 -2.469227e+01 -6.623325e+00 8.237931e+00 -8.703134e+00 1.246935e+01 -3.689607e+00 -9.405017e-01 -5.741531e+00 1.934798e+00 9.105251e-01 9.860651e-01 -7.115660e-01 1.446499e+00 -1.332422e-01 -2.719514e+00 -1.245302e+00 6.909800e-01 1.199330e+00 2.959594e+00 -1.796422e+00 1.545200e-01 -7.791756e-01 -1.841281e-02 1.674157e-01 -3.892756e-02 2.870741e-01 5.384234e-01 4.586377e-01 -1.269350e+00 -1.620730e-02 -2.419329e+00 4.755635e-01 2.864815e-01 -1.618407e-01 -6.097386e-01 -7.679958e-03
<VARIANCE> 39
 3.199016e+00 1.391125e+01 4.747058e+00 2.625587e+01 2.867275e+01 1.908757e+01 4.571511e+01 1.957727e+01 1.735872e+01 8.791136e+00 7.049141e+00 2.194270e+01 5.000000e-02 2.054966e-01 1.213551e-01 3.782965e-01 6.579093e-01 8.610672e-01 2.180855e+00 4.296796e-01 3.517738e+00 1.107023e+00 2.165583e+00 2.635790e+00 2.298251e+00 5.000000e-02 5.000000e-02 1.916251e-01 8.009364e-02 2.888116e-01 5.394005e-01 3.991683e-01 2.855620e-01 4.626085e-01 4.888591e-01 9.782179e-02 3.702331e-01 1.555283e-01 5.000000e-02
<GCONST> 7.524957e+01
<STATE> 17
<MEAN> 39
 4.299543e+00 -1.974822e+01 -1.311805e+01 -2.385879e+01 -1.422404e+01 2.299121e+00 -4.312503e+00 7.843750e+00 3.409651e+00 -3.888356e+00 -6.218939e+00 -1.376979e+00 8.682623e-01 1.209991e+00 -2.453568e-01 1.831163e+00 1.106616e+00 -5.151086e-01 -3.494966e+00 -3.832490e-01 -3.639781e+00 1.004389e+00 -1.259666e+00 9.337997e-02 -8.787146e-01 -3.682470e-02 -7.248017e-03 4.159000e-01 -1.574552e-01 5.312638e-01 1.576520e+00 -6.978777e-02 -7.941430e-01 -1.401093e+00 -1.391050e+00 -2.344376e-01 1.594253e-01 -2.640745e-01 -5.781282e-03
<VARIANCE> 39
 4.491539e+00 5.321028e+00 6.396726e+00 2.273518e+01 2.990777e+01 2.933984e+01 3.957147e+01 5.991189e+01 1.184802e+01 2.516382e+00 1.239338e+01 6.312112e+00 5.000000e-02 1.500805e-01 7.676967e-01 5.350041e-01 2.605553e+00 3.413550e+00 1.132239e+00 9.710485e-01 2.125854e+00 2.531177e+00 2.579605e+00 8.536039e-01 8.105370e-01 5.000000e-02 5.000000e-02 5.061658e-02 9.290366e-02 2.084346e-01 3.168212e-01 4.068222e-01 1.921201e-01 1.008921e+00 1.654272e-01 3.277674e-01 4.397903e-01 2.706629e-01 5.000000e-02
<GCONST> 7.624609e+01
<STATE> 18
<MEAN> 39
 6.245067e+00 -1.797097e+01 -1.061650e+01 -1.940307e+01 -1.111787e+01 -2.443887e+00 -7.882658e+00 3.007429e+00 2.833433e+00 -4.677522e+00 -4.430490e+00 -1.064235e+00 7.955593e-01 1.180810e+00 5.298536e-01 1.146671e+00 2.284871e+00 1.545880e+00 -2.526690e+00 -1.306879e+00 -4.846514e+00 -1.552119e+00 -2.156106e+00 1.188006e-01 -1.136425e+00 -4.391888e-02 -2.276517e-01 2.897145e-01 -5.169216e-01 -1.013698e-01 9.571142e-01 6.950223e-01 -4.155481e-01 2.143635e-02 -1.183314e+00 -1.342335e-01 -4.614256e-02 1.473845e-01 3.740377e-03
<VARIANCE> 39
 4.156926e+00 1.799956e+00 9.897779e+00 1.673885e+01 2.469134e+01 6.888255e+00 6.179849e+01 3.752561e+01 1.157958e+01 1.107918e+01 6.072844e+00 1.935003e+01 5.000000e-02 1.792969e-01 3.961422e-01 4.179861e-01 1.599690e+00 3.302582e+00 1.647541e+00 2.845268e+00 2.452786e+00 1.247661e+00 6.645489e-01 1.080179e+00 7.811236e-02 5.000000e-02 7.655936e-02 5.000000e-02 1.406641e-01 2.729218e-01 1.445142e-01 2.549610e-01 1.547657e-01 7.756996e-01 1.956558e-01 5.362276e-01 7.384291e-02 6.203295e-02 5.000000e-02
<GCONST> 6.836166e+01
<STATE> 19
<MEAN> 39
 7.736764e+00 -1.704857e+01 -1.025577e+01 -1.642521e+01 -7.068731e+00 -5.780098e+00 -9.026126e+00 -7.247359e+00 -3.388081e+00 -9.051873e+00 -5.822872e+00 -3.779012e+00 7.373753e-01 5.736867e-01 5.952072e-01 1.688848e-01 1.179356e+00 2.182737e+00 -1.181499e+00 -1.855058e+00 -3.247746e+00 -2.565454e+00 -2.159153e+00 -5.358556e-02 -5.813341e-01 -3.163504e-02 -4.327800e-01 -3.856795e-02 -4.170969e-01 -8.289360e-01 1.081397e-01 8.448654e-01 9.855488e-03 1.363825e+00 -7.872315e-02 9.913269e-02 1.162435e-01 2.263911e-01 1.034816e-02
<VARIANCE> 39
 3.497157e+00 4.063522e+00 1.690661e+01 1.897694e+01 1.189784e+01 1.583075e+01 1.640352e+01 9.268133e+00 4.405421e+00 1.100369e+01 2.392772e+00 8.624415e+00 5.000000e-02 5.436733e-01 2.986168e-01 7.790545e-01 1.815375e+00 8.678263e-01 1.578946e+00 1.892720e+00 3.946449e+00 2.615654e-01 1.263114e+00 1.306786e+00 8.227739e-01 5.000000e-02 5.122660e-02 5.676463e-02 2.274739e-01 3.295777e-01 3.758922e-01 3.061300e-01 6.070728e-01 2.800113e-01 3.168780e-01 2.557583e-01 1.622907e-01 1.305346e-01 5.000000e-02
<GCONST> 6.937240e+01
<STATE> 20
<MEAN> 39
 6.996170e+00 -1.701718e+01 -9.353994e+00 -1.953542e+01 -2.996316e+00 -3.601860e+00 -1.418233e+01 -4.789386e+00 -3.277153e+00 -1.258772e+01 -4.464278e+00 -4.752113e+00 7.059327e-01 1.186024e-02 4.013240e-01 3.830534e-04 1.341306e-01 1.727122e+00 -2.080173e-01 -9.701054e-01 -1.929723e-01 -7.412804e-01 -1.366081e+00 3.755183e-01 -3.638174e-01 -7.098260e-03 -2.075995e-01 -1.636561e-01 -1.397198e-01 -2.678579e-01 -7.850791e-01 1.954738e-01 4.735696e-01 7.142878e-01 4.626210e-01 6.916561e-01 1.243399e-02 2.065833e-01 7.495409e-03
<VARIANCE> 39
 3.920209e+00 2.821930e+00 2.303084e+00 3.295573e+01 1.945218e+01 6.446460e+00 3.788137e+01 2.214760e+01 1.193981e+01 1.001686e+01 3.879789e+00 6.711155e+00 5.000000e-02 2.701399e-01 1.588606e-01 6.475243e-01 1.389149e+00 2.532551e-01 1.727538e+00 9.082754e-01 8.318530e-01 1.208409e+00 6.467403e-01 5.116335e-01 1.208151e+00 5.000000e-02 5.713538e-02 5.420411e-02 6.664293e-02 5.075760e-01 2.516959e-01 1.634336e-01 2.367729e-01 4.843081e-01 1.384748e-01 2.484934e-01 1.521442e-01 6.837330e-02 5.000000e-02
<GCONST> 6.148587e+01
<STATE> 21
<MEAN> 39
 6.940073e+00 -1.664731e+01 -1.092826e+01 -1.875798e+01 -4.064753e+00 -5.195388e+00 -1.268031e+01 -4.365202e+00 -6.182094e+00 -1.288988e+01 -4.237339e+00 -3.096545e+00 7.269565e-01 -2.324578e-01 -1.944706e-01 -1.132095e-01 -6.813210e-01 -8.179979e-01 -1.942813e-01 -6.607221e-02 -8.010380e-01 -5.215422e-01 4.866308e-02 2.015480e-01 -9.468772e-02 -6.101071e-03 -3.895240e-01 -3.252404e-01 4.862585e-01 -3.244532e-01 -4.495825e-01 1.948958e-01 4.042147e-01 1.109827e-01 5.291407e-01 9.333555e-01 2.874719e-02 -1.843376e-01 -3.052704e-03
<VARIANCE> 39
 4.108440e+00 6.110232e-01 4.772443e+00 1.499759e+01 1.637577e+01 7.848522e+00 4.253099e+01 1.490495e+01 1.773225e+01 6.350343e+00 1.303852e+01 1.150686e+01 5.000000e-02 1.153367e-01 1.543007e-01 3.789985e-01 1.702303e+00 1.132819e+00 2.834695e-01 1.599036e+00 9.781781e-01 1.317669e+00 2.132714e+00 5.267522e-01 7.492335e-01 5.000000e-02 8.681636e-02 5.000000e-02 1.182925e-01 2.363489e-01 3.009703e-01 4.034394e-01 2.223402e-01 2.632394e-01 5.000000e-02 3.628187e-01 1.648161e-01 1.691364e-01 5.000000e-02
<GCONST> 6.231889e+01
<STATE> 22
<MEAN> 39
 6.964606e+00 -1.702206e+01 -1.009562e+01 -1.769824e+01 -6.233933e+00 -4.290448e+00 -1.164320e+01 -7.285381e+00 -4.108773e+00 -1.238807e+01 -3.884013e+00 -3.812420e+00 6.938021e-01 -1.009741e+00 -8.508256e-01 1.508627e+00 -9.016888e-01 -3.506204e-01 -5.324910e-02 2.566665e-01 -7.287564e-01 3.332353e-01 1.335959e+00 2.288701e-01 -7.090051e-01 -1.799302e-02 -4.232300e-01 -2.712244e-02 4.084648e-01 -2.998290e-01 5.486299e-01 -2.094754e-01 -9.068242e-02 6.435273e-01 1.525381e-01 5.318549e-01 1.422689e-01 -3.021793e-01 -8.434650e-03
<VARIANCE> 39
 1.578311e+00 2.243103e+00 7.686218e+00 2.787785e+00 3.537074e+01 8.002492e+00 1.946668e+01 2.641644e+01 5.306832e+01 2.903929e+00 8.788912e+00 3.667204e+00 5.000000e-02 4.563150e-01 1.923390e-01 3.328677e-01 2.884884e+00 1.042241e+00 2.907829e+00 6.069894e-01 1.370068e+00 6.525522e-01 2.188904e+00 7.396901e-01 9.063522e-01 5.000000e-02 7.930372e-02 5.059707e-02 1.542323e-01 5.751622e-01 3.556724e-01 1.045343e-01 5.535998e-01 1.111563e-01 6.430890e-01 5.573086e-01 1.105851e-01 1.191630e-01 5.000000e-02
<GCONST> 6.644908e+01
<STATE> 23
<MEAN> 39
 5.479608e+00 -1.823644e+01 -7.582823e+00 -1.797822e+01 -6.091266e+00 -7.927892e+00 -1.201509e+01 -7.026428e+00 -4.707206e+00 -8.030328e+00 -2.611058e+00 -7.345562e+00 6.647977e-01 -1.600926e+00 -5.070381e-01 2.150573e+00 -1.606763e+00 9.628023e-01 -1.064827e-01 5.464270e-01 1.356314e+00 1.259404e-01 2.272324e+00 7.605671e-01 -9.780315e-01 -2.750287e-02 -1.017506e-02 3.833225e-01 -3.030977e-01 1.719115e-01 6.869296e-01 3.005541e-01 2.655733e-01 4.540130e-01 3.436927e-01 1.520179e-02 5.896652e-02 2.581896e-01 -1.092999e-02
<VARIANCE> 39
 2.143527e+00 4.510422e+00 9.361440e+00 1.133040e+01 2.564621e+01 1.463939e+01 2.925636e+01 3.602438e+01 3.881342e+01 2.361382e+01 7.840389e+00 1.621638e+01 5.000000e-02 6.326759e-01 3.198732e-01 4.317650e-01 2.342712e+00 1.183055e+00 2.458044e+00 1.190797e+00 1.513494e+00 7.808509e-01 1.217443e+00 3.278160e-01 1.451288e+00 5.000000e-02 5.000000e-02 5.967415e-02 3.401991e-01 8.593959e-01 1.298864e-01 6.400939e-01 2.160279e-01 7.846135e-01 3.592100e-01 6.189815e-01 6.375439e-02 2.842155e-01 5.000000e-02
<GCONST> 7.663335e+01
<STATE> 24
<MEAN> 39
 1.658798e-01 -1.971818e+01 -2.601141e+00 -2.682531e+01 -1.550398e+00 -4.361046e+00 -1.512835e+01 -2.622307e+00 -5.027230e+00 -8.182349e+00 -3.197598e+00 -5.784654e+00 5.835839e-01 -8.726561e-01 9.862258e-01 1.074563e-01 4.974586e-01 1.560199e+00 -2.538943e-01 1.112101e+00 1.470354e+00 9.364243e-01 1.829012e+00 1.152283e+00 -2.808051e-01 -5.429157e-02 6.752619e-01 8.354301e-01 -1.099916e+00 2.017509e+00 -7.590018e-02 -2.304616e-01 1.075900e+00 -2.522945e-01 6.494741e-01 -3.535936e-02 -1.514991e-02 2.804033e-01 -1.119637e-02
<VARIANCE> 39
 1.761984e+00 1.792510e+00 1.950963e+00 1.583936e+01 4.014958e+00 6.069381e+00 6.188689e+01 4.164238e+01 2.329288e+01 1.779791e+01 8.624620e+00 1.320307e+01 5.000000e-02 7.554898e-01 6.316040e-01 1.830500e+00 6.311238e+00 1.366568e+00 1.560066e+00 4.872841e+00 2.132492e+00 2.850565e+00 3.093836e+00 2.437019e-01 1.888195e+00 5.000000e-02 5.579139e-02 7.785112e-02 3.731001e-01 3.118040e-01 5.000000e-02 1.087157e-01 7.004680e-01 6.420494e-01 5.670252e-02 7.385772e-01 9.126395e-02 1.517677e-01 5.000000e-02
<GCONST> 7.423005e+01
<STATE> 25
<MEAN> 39
 1.556845e+00 -1.665746e+01 -4.944633e+00 -2.075660e+01 -1.675717e+00 -6.153151e+00 -7.122656e+00 -4.624016e+00 -1.963015e+00 -6.094242e-01 -4.603183e-01 -8.696497e+00 5.424696e-01 4.423578e-01 1.958449e+00 -1.724996e+00 4.041546e+00 1.091878e+00 -5.379741e-01 1.846280e+00 5.431108e-01 2.365454e+00 4.056030e-01 8.217403e-02 5.060241e-01 -7.678109e-02 5.097556e-01 9.708948e-02 -9.110878e-01 1.213332e+00 -4.558989e-01 1.118156e-01 3.539057e-01 -2.013954e-01 -5.192925e-02 -6.567584e-01 -2.050413e-01 7.131128e-01 -3.304378e-03
<VARIANCE> 39
 1.732978e+00 2.400532e+00 8.169684e+00 3.388316e+01 1.713350e+01 2.448442e+01 1.306244e+01 3.651998e+01 1.565206e+01 1.118353e+01 1.501433e+01 2.159403e+01 5.000000e-02 4.502117e-01 6.119254e-01 1.315530e+00 2.810175e+00 3.795297e-01 2.695934e-01 3.967677e+00 2.764190e+00 8.436096e-01 1.904835e+00 3.777484e-01 9.848012e-01 5.000000e-02 9.922921e-02 1.176932e-01 4.555176e-01 7.940052e-01 1.381116e-01 4.202931e-01 8.213940e-02 2.770841e-01 2.203637e-01 4.897971e-01 1.569706e-01 4.907813e-01 5.000000e-02
<GCONST> 7.562515e+01
<STATE> 26
<MEAN> 39
 3.490001e+00 -1.177056e+01 -9.694643e+00 -9.640321e+00 2.537926e-01 -8.582668e+00 -4.120089e+00 -2.056645e+00 1.232087e+00 -4.326344e+00 2.276701e-01 -4.861006e+00 3.852447e-01 6.200379e-01 1.384911e+00 -2.085042e+00 4.098874e+00 5.643496e-01 2.915268e-01 3.117892e+00 1.112103e-01 1.262708e+00 3.192976e-01 3.782681e-02 7.674655e-01 -5.395117e-02 -3.016335e-01 -6.639323e-01 1.898248e-01 -8.213142e-01 -3.842372e-01 2.165081e-01 -5.108174e-01 -2.221530e-02 -3.430525e-01 -2.472583e-01 -5.992731e-02 1.878840e-01 7.032338e-03
<VARIANCE> 39
 2.012303e+00 7.878465e+00 7.589754e+00 9.396349e+00 4.130009e+00 4.579694e+00 2.147320e+01 1.501955e+01 8.587619e+00 1.480874e+01 3.761441e+01 1.740748e+01 5.000000e-02 3.320515e-01 6.548145e-01 3.165207e+00 4.237644e+00 9.167097e-01 2.184037e+00 3.122508e+00 2.082048e+00 4.664236e-01 2.318623e+00 7.760274e-01 2.512428e+00 5.000000e-02 5.000000e-02 1.135204e-01 1.117990e-01 7.040429e-01 1.809722e-01 9.454598e-02 7.339253e-01 2.387765e-01 5.000000e-02 3.759049e-01 2.993572e-01 1.536570e-01 5.000000e-02
<GCONST> 7.357256e+01
<STATE> 27
<MEAN> 39
 3.474077e+00 -1.181804e+01 -1.183015e+01 -8.950547e+00 3.976263e-01 -5.371568e+00 -1.823430e+00 -4.000468e+00 3.093001e+00 -2.732715e+00 -2.494731e+00 -4.524731e+00 3.567510e-01 -4.851454e-01 -2.588737e-01 -1.380721e+00 1.766394e+00 5.642686e-02 1.931192e-02 1.121512e+00 1.537393e-01 9.035368e-01 1.735152e-01 2.488331e-01 1.070798e+00 -4.784934e-02 -5.441041e-01 -3.906089e-01 7.141790e-01 -1.027568e+00 -3.421443e-01 -8.622782e-03 -6.231333e-01 -6.878801e-02 -5.673453e-01 -3.604776e-02 2.710644e-01 1.874041e-01 9.748245e-04
<VARIANCE> 39
 2.969791e+00 2.536574e+00 1.053151e+01 1.319420e+01 3.781518e+00 8.229716e+00 1.953576e+01 2.529593e+00 8.780258e+00 1.185757e+01 8.332695e+00 1.224449e+00 5.000000e-02 4.927925e-01 4.289615e-01 2.018479e+00 3.177831e+00 9.982541e-01 1.178678e+00 1.498003e+00 7.515708e-01 5.664343e-01 1.490870e+00 1.825030e+00 1.476048e+00 5.000000e-02 5.000000e-02 8.093739e-02 1.382857e-01 8.035837e-01 1.171332e-01 1.704876e-01 1.968131e-01 3.441557e-01 5.211129e-02 1.760446e-01 9.327369e-02 3.201561e-01 5.000000e-02
<GCONST> 6.284222e+01
<STATE> 28
<MEAN> 39
 1.090870e+00 -1.359190e+01 -1.111535e+01 -7.981050e+00 5.394242e-01 -5.572034e+00 -3.164559e-01 -1.733997e+00 1.728011e+00 -2.670460e+00 7.532112e-01 -3.241046e+00 2.807959e-01 -1.259634e+00 -4.749199e-02 4.757952e-01 6.695236e-01 -4.630932e-01 3.528785e-01 7.892874e-01 8.175918e-02 -2.164150e-01 6.698349e-01 9.119704e-01 1.674452e+00 -5.148351e-02 -2.048259e-01 1.466495e-01 7.101153e-01 -9.375697e-01 -3.669755e-01 -3.377444e-02 -4.687760e-01 -6.601543e-02 -3.632914e-01 8.404528e-02 6.910270e-02 -2.646650e-01 5.015408e-03
<VARIANCE> 39
 1.446794e+01 6.507978e+00 1.877781e+01 1.747824e+01 2.217638e+00 1.080163e+01 1.064081e+01 2.852642e+00 1.143128e+01 1.202301e+01 3.010776e+01 9.376966e+00 5.000000e-02 2.615270e-01 1.001080e-01 8.904437e-01 9.935360e-01 3.934512e-01 5.974764e-01 5.778217e-01 5.213338e-01 1.725175e+00 1.283403e+00 7.935247e-01 8.691768e-01 5.000000e-02 1.434977e-01 1.646744e-01 4.392975e-01 7.991614e-01 2.276207e-01 5.544171e-01 2.544362e-01 2.336450e-01 1.002021e-01 2.274338e-01 4.569807e-01 2.496314e-01 5.000000e-02
<GCONST> 6.855743e+01
<STATE> 29
<MEAN> 39
 4.814479e-01 -1.330217e+01 -1.000393e+01 -7.795016e+00 -1.150052e+00 -5.476337e+00 -4.314914e-01 -2.842116e+00 1.860873e+00 -1.795080e+00 1.099013e+00 -2.622898e-01 2.389520e-01 -8.458520e-01 6.395415e-01 4.166276e-01 -7.758798e-01 -1.027184e+00 -2.838174e-01 -1.289092e-01 1.180598e-01 -2.936486e-02 2.108811e-01 2.657076e-01 1.085922e-01 -4.212757e-02 -5.455202e-02 2.101404e-01 3.945728e-01 -3.653925e-01 1.091154e-01 -7.311572e-02 -2.142762e-01 1.195626e-01 -1.126980e-01 -1.014611e-01 -2.134586e-01 -5.493075e-01 2.189538e-03
<VARIANCE> 39
 7.883831e+00 9.197970e+00 2.177954e+01 8.512589e+00 1.164536e+01 1.064358e+01 7.878991e+00 5.473773e+00 3.072998e+00 7.047040e+00 8.012591e+00 1.046733e+01 5.000000e-02 2.019798e-01 6.500961e-01 4.430661e-01 1.665785e+00 9.494174e-01 1.267129e+00 9.577558e-01 9.359968e-01 2.440223e-01 1.240294e+00 1.797066e+00 6.076905e-01 5.000000e-02 7.426168e-02 8.853782e-02 4.312553e-01 3.047248e-01 2.022989e-01 3.183774e-01 1.369095e-01 6.626808e-02 1.325968e-01 1.078310e-01 2.457444e-01 2.245184e-01 5.000000e-02
<GCONST> 6.327562e+01
<STATE> 30
<MEAN> 39
 -7.821251e-01 -1.165452e+01 -1.064981e+01 -9.855117e+00 -2.207516e+00 -7.208837e+00 -1.965903e+00 -2.670114e+00 2.300925e+00 -1.150295e+00 1.262291e+00 -2.087062e+00 1.825083e-01 -9.881550e-01 9.842551e-01 1.143238e+00 -1.213004e-01 -5.828465e-02 1.103949e-01 2.533281e-01 6.509840e-01 -2.670826e-01 -1.517152e-01 5.646943e-01 2.076829e-03 -4.014482e-02 1.930381e-01 -1.778521e-02 3.013549e-01 2.725483e-01 2.569179e-01 1.457573e-01 6.113685e-02 6.554367e-02 -9.500986e-02 -2.855438e-01 -1.214623e-01 -2.454945e-01 9.278951e-03
<VARIANCE> 39
 6.437646e+00 3.842207e+00 1.173365e+01 9.146962e+00 8.822185e+00 1.451295e+01 9.617887e+00 1.726908e+01 9.242383e+00 1.279393e+01 9.782860e+00 8.621265e+00 5.000000e-02 2.417227e-01 5.051104e-01 1.105807e+00 5.830542e-01 1.562567e+00 2.546391e+00 7.956333e-01 1.673172e+00 6.982492e-01 9.774955e-01 1.544463e+00 8.254923e-01 5.000000e-02 6.737349e-02 1.670519e-01 2.040754e-01 4.076507e-01 3.401959e-01 2.852862e-01 1.300446e-01 2.425001e-01 9.803985e-02 2.386704e-01 3.099090e-01 1.264034e-01 5.000000e-02
<GCONST> 6.897533e+01
<STATE> 31
<MEAN> 39
 -2.866862e+00 -1.008353e+01 -8.020663e+00 -9.750893e+00 -1.949686e+00 -4.829775e+00 5.365312e-01 -5.304276e-01 7.999485e-01 -2.215920e+00 1.964991e+00 -1.686385e+00 1.027430e-01 -5.261445e-01 1.493249e-01 1.009361e+00 3.729952e-01 2.580384e-01 5.297766e-01 5.972078e-01 3.437993e-01 -1.421331e-01 -5.581613e-01 -4.831463e-01 -3.969921e-01 -2.051616e-02 1.426506e-01 -2.886337e-01 -5.975100e-02 4.856456e-01 4.226860e-01 3.197950e-02 -8.694022e-02 -3.111083e-01 1.076700e-01 1.693301e-01 1.031509e-01 4.130154e-04 5.918426e-03
<VARIANCE> 39
 4.735721e+00 2.352085e+00 1.142961e+01 3.083064e+00 4.035243e+00 1.258869e+01 8.380573e+00 3.318974e+01 2.749666e+01 7.944290e+00 9.327847e+00 7.921345e+00 5.000000e-02 3.630957e-01 9.152796e-01 2.048135e+00 1.528478e+00 1.794734e+00 8.599387e-01 4.434527e-01 4.335529e-01 3.602733e-01 8.944426e-01 3.953925e-01 1.461019e-01 5.000000e-02 5.000000e-02 8.802834e-02 8.658296e-02 5.237866e-02 1.508506e-01 2.671584e-01 9.119986e-02 2.888689e-01 2.146027e-01 5.000000e-02 3.222817e-01 2.917714e-01 5.000000e-02
<GCONST> 5.818012e+01
<STATE> 32
<MEAN> 39
 -3.572341e+00 -1.033091e+01 -6.070512e+00 -8.300822e+00 -6.967221e-01 -5.616960e+00 6.050767e-01 5.266466e-01 1.562067e+00 -2.886342e+00 1.678488e+00 -2.532136e+00 6.555421e-02 -1.610419e-01 1.470099e-01 8.243414e-01 1.392868e+00 8.094112e-01 1.175898e-01 -2.760575e-01 5.117455e-02 2.210444e-01 2.795978e-01 7.325073e-01 7.050508e-02 -6.686440e-03 1.049406e-01 -6.300937e-02 7.668258e-02 4.573272e-01 1.077079e-01 -1.027402e-01 -2.434328e-01 -2.655171e-01 8.149862e-02 3.840697e-01 2.684953e-01 7.909252e-02 4.834634e-03
<VARIANCE> 39
 6.217416e+00 1.510857e+00 1.401460e+01 6.287355e+00 1.083984e+01 8.724228e+00 4.674181e+00 6.371284e+00 3.193744e+00 1.475305e+01 5.059536e+00 2.712329e+00 5.000000e-02 3.105956e-01 8.714472e-01 3.093345e+00 1.541183e+00 8.073065e-01 6.028283e-01 2.568642e-01 4.893949e-01 9.421756e-01 3.812668e-01 6.724565e-01 1.402212e+00 5.000000e-02 6.575748e-02 1.263320e-01 3.967904e-01 1.782871e-01 2.394313e-01 2.326489e-01 1.162356e-01 7.432563e-02 5.121924e-02 1.199243e-01 8.116215e-02 9.650133e-02 5.000000e-02
<GCONST> 5.518145e+01
<STATE> 33
<MEAN> 39
 -2.442940e+00 -1.034883e+01 -4.826820e+00 -5.843807e+00 -7.933343e-01 -4.244588e+00 -5.923564e-01 -3.511482e+00 6.370576e-01 -2.526179e+00 1.007385e+00 -2.601694e+00 1.178717e-01 -2.439235e-01 5.881885e-02 7.691436e-01 1.322351e+00 7.826244e-01 2.814073e-02 -5.750618e-02 -6.095174e-01 -9.355194e-02 1.220023e+00 8.825675e-01 -2.613162e-01 -1.474610e-02 -5.106295e-02 -8.849920e-02 -3.893092e-01 -3.275937e-01 8.763906e-03 -7.066821e-02 -5.469901e-02 8.509842e-02 1.223930e-01 9.686942e-02 -1.012044e-01 -1.908631e-01 -7.758584e-04
<VARIANCE> 39
 2.801132e+00 1.023503e+01 2.069656e+01 1.073843e+01 2.746257e+01 1.632170e+01 4.192069e+00 1.628004e+01 1.109986e+01 1.473045e+01 9.687402e+00 9.982467e+00 5.000000e-02 2.187981e-01 4.912876e-01 1.869035e+00 8.006781e-01 1.160523e-01 9.584492e-01 7.413316e-01 1.384848e+00 9.562756e-01 1.070511e+00 1.108916e+00 1.112934e+00 5.000000e-02 8.561463e-02 2.502151e-01 5.087821e-01 1.887397e-01 2.992640e-01 1.370935e-01 5.000000e-02 1.143459e-01 2.736392e-01 2.857172e-01 3.117078e-01 2.575620e-01 5.000000e-02
<GCONST> 6.806820e+01
<STATE> 34
<MEAN> 39
 -3.625606e+00 -9.997799e+00 -4.281527e+00 -3.748646e+00 1.517332e+00 -5.352759e+00 -4.153511e-01 -1.535487e+00 2.680843e+00 1.175924e+00 5.386600e+00 -2.742242e+00 6.484954e-02 -7.762622e-01 5.348869e-02 6.667418e-01 7.130914e-01 5.955803e-01 9.196072e-02 -2.213269e-01 -2.554101e-02 5.010035e-01 5.041318e-01 1.799893e-01 -6.115309e-01 -2.704241e-02 -1.324947e-01 -4.293572e-02 -3.685454e-01 -6.093448e-01 -1.755183e-01 1.583005e-01 1.780822e-01 5.079070e-02 -1.879368e-01 -6.316537e-01 -5.650327e-01 -3.638768e-02 -4.205581e-03
<VARIANCE> 39
 4.475649e-01 4.459198e+00 1.195661e+01 5.447765e+00 3.674005e+00 8.561524e+00 6.629338e+00 8.697254e+00 7.734255e+00 1.187276e+01 6.005731e+00 1.125595e+01 5.000000e-02 6.021420e-01 4.793292e-01 9.523020e-01 7.094421e-01 8.684000e-01 8.569334e-01 7.211616e-01 7.801304e-01 1.073259e+00 1.639192e+00 9.087620e-01 5.973541e-01 5.000000e-02 5.654946e-02 1.290342e-01 2.504226e-01 1.376156e-01 6.476712e-02 3.560848e-01 7.267535e-02 1.291386e-01 7.739432e-02 8.800094e-02 1.042167e-01 3.662762e-01 5.000000e-02
<GCONST> 5.626138e+01
<STATE> 35
<MEAN> 39
 -4.548666e+00 -1.042660e+01 -3.792961e+00 -4.616758e+00 1.176171e+00 -5.945076e+00 -1.051424e+00 -8.957981e-01 2.311496e+00 -5.692608e-01 3.105638e+00 -3.680260e+00 3.599946e-02 -8.362899e-01 -2.454265e-01 -5.051075e-01 -5.671727e-01 2.735326e-02 8.708681e-01 3.058464e-01 -2.596935e-01 -3.286777e-01 -1.248889e+00 -1.268736e+00 -7.990753e-01 -2.936627e-02 1.769704e-02 3.325272e-02 -1.676513e-01 -1.460088e-01 -2.113747e-01 1.229675e-01 1.486216e-01 -5.029070e-02 -1.730705e-01 -2.439216e-01 -9.500393e-02 3.492544e-01 -1.980515e-03
<VARIANCE> 39
 1.352403e+00 3.907786e+00 8.702670e+00 4.597483e+00 1.024161e+01 5.336799e+00 3.026408e+00 4.980149e+00 9.596653e+00 1.508444e+01 1.038148e+01 4.867296e+00 5.000000e-02 1.931139e-01 7.019286e-01 1.004678e+00 3.724252e-01 7.058083e-01 2.494431e+00 7.134274e-02 7.321170e-01 6.583149e-01 1.180629e-01 6.833884e-01 1.457591e+00 5.000000e-02 1.353157e-01 8.343156e-02 2.628043e-01 1.688772e-01 5.191556e-02 1.517894e-01 1.870698e-01 6.066782e-02 3.419271e-01 4.134778e-01 2.382640e-01 1.509530e-01 5.000000e-02
<GCONST> 5.352689e+01
<STATE> 36
<MEAN> 39
 -6.191059e+00 -1.113802e+01 -5.398564e+00 -4.535532e+00 1.509826e+00 -3.064497e+00 -9.260404e-01 -8.117762e-01 4.016634e+00 -4.904442e-01 1.050457e+00 -5.342618e+00 7.223070e-03 -5.278407e-01 1.640117e-01 -2.383521e-02 -2.782723e-01 1.198771e-01 6.037310e-01 3.634887e-01 -2.135717e-01 -5.870945e-01 -1.047393e+00 -4.293464e-01 3.758614e-01 -2.265087e-02 3.204192e-01 1.948447e-01 1.483324e-01 4.441211e-02 -3.055364e-01 -2.808573e-01 7.668903e-02 -9.749713e-02 -2.096886e-01 1.399595e-01 2.441981e-01 4.253819e-01 7.189058e-03
<VARIANCE> 39
 1.757521e+00 1.559647e+00 4.778232e+00 1.155193e+00 3.460208e+00 6.968874e+00 4.985946e+00 3.222782e+00 1.767187e+00 5.956537e+00 3.657457e+00 7.430448e+00 5.000000e-02 2.317002e-01 3.712350e-01 1.237982e+00 2.506759e-01 2.014549e-01 8.576860e-01 3.074251e-01 5.857818e-01 1.230464e+00 1.246482e+00 7.079027e-01 6.864508e-01 5.000000e-02 5.000000e-02 5.000000e-02 6.431086e-02 9.070454e-02 5.000000e-02 2.073714e-01 1.663910e-01 1.325936e-01 5.000000e-02 6.020351e-02 1.775350e-01 2.212736e-01 5.000000e-02
<GCONST> 4.107404e+01
<TRANSP> 37
 0.000000e+00 1.000000e+00 0.000000e+00 0.000000e+00 0.000000e+00 0.000000e+00 0.000000e+00 0.000000e+00 0.000000e+00 0.000000e+00 0.000000e+00 0.000000e+00 0.000000e+00 0.000000e+00 0.000000e+00 0.000000e+00 0.000000e+00 0.000000e+00 0.000000e+00 0.000000e+00 0.000000e+00 0.000000e+00 0.000000e+00 0.000000e+00 0.000000e+00 0.000000e+00 0.000000e+00 0.000000e+00 0.000000e+00 0.000000e+00 0.000000e+00 0.000000e+00 0.000000e+00 0.000000e+00 0.000000e+00 0.000000e+00 0.000000e+00
 0.000000e+00 3.750448e-01 6.249552e-01 0.000000e+00 0.000000e+00 0.000000e+00 0.000000e+00 0.000000e+00 0.000000e+00 0.000000e+00 0.000000e+00 0.000000e+00 0.000000e+00 0.000000e+00 0.000000e+00 0.000000e+00 0.000000e+00 0.000000e+00 0.000000e+00 0.000000e+00 0.000000e+00 0.000000e+00 0.000000e+00 0.000000e+00 0.000000e+00 0.000000e+00 0.000000e+00 0.000000e+00 0.000000e+00 0.000000e+00 0.000000e+00 0.000000e+00 0.000000e+00 0.000000e+00 0.000000e+00 0.000000e+00 0.000000e+00
 0.000000e+00 0.000000e+00 2.856696e-01 7.143304e-01 0.000000e+00 0.000000e+00 0.000000e+00 0.000000e+00 0.000000e+00 0.000000e+00 0.000000e+00 0.000000e+00 0.000000e+00 0.000000e+00 0.000000e+00 0.000000e+00 0.000000e+00 0.000000e+00 0.000000e+00 0.000000e+00 0.000000e+00 0.000000e+00 0.000000e+00 0.000000e+00 0.000000e+00 0.000000e+00 0.000000e+00 0.000000e+00 0.000000e+00 0.000000e+00 0.000000e+00 0.000000e+00 0.000000e+00 0.000000e+00 0.000000e+00 0.000000e+00 0.000000e+00
 0.000000e+00 0.000000e+00 0.000000e+00 3.749512e-01 6.250488e-01 0.000000e+00 0.000000e+00 0.000000e+00 0.000000e+00 0.000000e+00 0.000000e+00 0.000000e+00 0.000000e+00 0.000000e+00 0.000000e+00 0.000000e+00 0.000000e+00 0.000000e+00 0.000000e+00 0.000000e+00 0.000000e+00 0.000000e+00 0.000000e+00 0.000000e+00 0.000000e+00 0.000000e+00 0.000000e+00 0.000000e+00 0.000000e+00 0.000000e+00 0.000000e+00 0.000000e+00 0.000000e+00 0.000000e+00 0.000000e+00 0.000000e+00 0.000000e+00
 0.000000e+00 0.000000e+00 0.000000e+00 0.000000e+00 3.749988e-01 6.250012e-01 0.000000e+00 0.000000e+00 0.000000e+00 0.000000e+00 0.000000e+00 0.000000e+00 0.000000e+00 0.000000e+00 0.000000e+00 0.000000e+00 0.000000e+00 0.000000e+00 0.000000e+00 0.000000e+00 0.000000e+00 0.000000e+00 0.000000e+00 0.000000e+00 0.000000e+00 0.000000e+00 0.000000e+00 0.000000e+00 0.000000e+00 0.000000e+00 0.000000e+00 0.000000e+00 0.000000e+00 0.000000e+00 0.000000e+00 0.000000e+00 0.000000e+00
 0.000000e+00 0.000000e+00 0.000000e+00 0.000000e+00 0.000000e+00 2.859154e-01 7.140846e-01 0.000000e+00 0.000000e+00 0.000000e+00 0.000000e+00 0.000000e+00 0.000000e+00 0.000000e+00 0.000000e+00 0.000000e+00 0.000000e+00 0.000000e+00 0.000000e+00 0.000000e+00 0.000000e+00 0.000000e+00 0.000000e+00 0.000000e+00 0.000000e+00 0.000000e+00 0.000000e+00 0.000000e+00 0.000000e+00 0.000000e+00 0.000000e+00 0.000000e+00 0.000000e+00 0.000000e+00 0.000000e+00 0.000000e+00 0.000000e+00
 0.000000e+00 0.000000e+00 0.000000e+00 0.000000e+00 0.000000e+00 0.000000e+00 1.664551e-01 8.335449e-01 0.000000e+00 0.000000e+00 0.000000e+00 0.000000e+00 0.000000e+00 0.000000e+00 0.000000e+00 0.000000e+00 0.000000e+00 0.000000e+00 0.000000e+00 0.000000e+00 0.000000e+00 0.000000e+00 0.000000e+00 0.000000e+00 0.000000e+00 0.000000e+00 0.000000e+00 0.000000e+00 0.000000e+00 0.000000e+00 0.000000e+00 0.000000e+00 0.000000e+00 0.000000e+00 0.000000e+00 0.000000e+00 0.000000e+00
 0.000000e+00 0.000000e+00 0.000000e+00 0.000000e+00 0.000000e+00 0.000000e+00 0.000000e+00 2.856972e-01 7.143028e-01 0.000000e+00 0.000000e+00 0.000000e+00 0.000000e+00 0.000000e+00 0.000000e+00 0.000000e+00 0.000000e+00 0.000000e+00 0.000000e+00 0.000000e+00 0.000000e+00 0.000000e+00 0.000000e+00 0.000000e+00 0.000000e+00 0.000000e+00 0.000000e+00 0.000000e+00 0.000000e+00 0.000000e+00 0.000000e+00 0.000000e+00 0.000000e+00 0.000000e+00 0.000000e+00 0.000000e+00 0.000000e+00
 0.000000e+00 0.000000e+00 0.000000e+00 0.000000e+00 0.000000e+00 0.000000e+00 0.000000e+00 0.000000e+00 1.629190e-01 8.370810e-01 0.000000e+00 0.000000e+00 0.000000e+00 0.000000e+00 0.000000e+00 0.000000e+00 0.000000e+00 0.000000e+00 0.000000e+00 0.000000e+00 0.000000e+00 0.000000e+00 0.000000e+00 0.000000e+00 0.000000e+00 0.000000e+00 0.000000e+00 0.000000e+00 0.000000e+00 0.000000e+00 0.000000e+00 0.000000e+00 0.000000e+00 0.000000e+00 0.000000e+00 0.000000e+00 0.000000e+00
 0.000000e+00 0.000000e+00 0.000000e+00 0.000000e+00 0.000000e+00 0.000000e+00 0.000000e+00 0.000000e+00 0.000000e+00 4.460977e-01 5.539023e-01 0.000000e+00 0.000000e+00 0.000000e+00 0.000000e+00 0.000000e+00 0.000000e+00 0.000000e+00 0.000000e+00 0.000000e+00 0.000000e+00 0.000000e+00 0.000000e+00 0.000000e+00 0.000000e+00 0.000000e+00 0.000000e+00 0.000000e+00 0.000000e+00 0.000000e+00 0.000000e+00 0.000000e+00 0.000000e+00 0.000000e+00 0.000000e+00 0.000000e+00 0.000000e+00
 0.000000e+00 0.000000e+00 0.000000e+00 0.000000e+00 0.000000e+00 0.000000e+00 0.000000e+00 0.000000e+00 0.000000e+00 0.000000e+00 1.432968e-41 1.000000e+00 0.000000e+00 0.000000e+00 0.000000e+00 0.000000e+00 0.000000e+00 0.000000e+00 0.000000e+00 0.000000e+00 0.000000e+00 0.000000e+00 0.000000e+00 0.000000e+00 0.000000e+00 0.000000e+00 0.000000e+00 0.000000e+00 0.000000e+00 0.000000e+00 0.000000e+00 0.000000e+00 0.000000e+00 0.000000e+00 0.000000e+00 0.000000e+00 0.000000e+00
 0.000000e+00 0.000000e+00 0.000000e+00 0.000000e+00 0.000000e+00 0.000000e+00 0.000000e+00 0.000000e+00 0.000000e+00 0.000000e+00 0.000000e+00 3.750031e-01 6.249970e-01 0.000000e+00 0.000000e+00 0.000000e+00 0.000000e+00 0.000000e+00 0.000000e+00 0.000000e+00 0.000000e+00 0.000000e+00 0.000000e+00 0.000000e+00 0.000000e+00 0.000000e+00 0.000000e+00 0.000000e+00 0.000000e+00 0.000000e+00 0.000000e+00 0.000000e+00 0.000000e+00 0.000000e+00 0.000000e+00 0.000000e+00 0.000000e+00
 0.000000e+00 0.000000e+00 0.000000e+00 0.000000e+00 0.000000e+00 0.000000e+00 0.000000e+00 0.000000e+00 0.000000e+00 0.000000e+00 0.000000e+00 0.000000e+00 4.993266e-01 5.006735e-01 0.000000e+00 0.000000e+00 0.000000e+00 0.000000e+00 0.000000e+00 0.000000e+00 0.000000e+00 0.000000e+00 0.000000e+00 0.000000e+00 0.000000e+00 0.000000e+00 0.000000e+00 0.000000e+00 0.000000e+00 0.000000e+00 0.000000e+00 0.000000e+00 0.000000e+00 0.000000e+00 0.000000e+00 0.000000e+00 0.000000e+00
 0.000000e+00 0.000000e+00 0.000000e+00 0.000000e+00 0.000000e+00 0.000000e+00 0.000000e+00 0.000000e+00 0.000000e+00 0.000000e+00 0.000000e+00 0.000000e+00 0.000000e+00 1.685288e-01 8.314713e-01 0.000000e+00 0.000000e+00 0.000000e+00 0.000000e+00 0.000000e+00 0.000000e+00 0.000000e+00 0.000000e+00 0.000000e+00 0.000000e+00 0.000000e+00 0.000000e+00 0.000000e+00 0.000000e+00 0.000000e+00 0.000000e+00 0.000000e+00 0.000000e+00 0.000000e+00 0.000000e+00 0.000000e+00 0.000000e+00
 0.000000e+00 0.000000e+00 0.000000e+00 0.000000e+00 0.000000e+00 0.000000e+00 0.000000e+00 0.000000e+00 0.000000e+00 0.000000e+00 0.000000e+00 0.000000e+00 0.000000e+00 0.000000e+00 0.000000e+00 1.000000e+00 0.000000e+00 0.000000e+00 0.000000e+00 0.000000e+00 0.000000e+00 0.000000e+00 0.000000e+00 0.000000e+00 0.000000e+00 0.000000e+00 0.000000e+00 0.000000e+00 0.000000e+00 0.000000e+00 0.000000e+00 0.000000e+00 0.000000e+00 0.000000e+00 0.000000e+00 0.000000e+00 0.000000e+00
 0.000000e+00 0.000000e+00 0.000000e+00 0.000000e+00 0.000000e+00 0.000000e+00 0.000000e+00 0.000000e+00 0.000000e+00 0.000000e+00 0.000000e+00 0.000000e+00 0.000000e+00 0.000000e+00 0.000000e+00 3.750026e-01 6.249974e-01 0.000000e+00 0.000000e+00 0.000000e+00 0.000000e+00 0.000000e+00 0.000000e+00 0.000000e+00 0.000000e+00 0.000000e+00 0.000000e+00 0.000000e+00 0.000000e+00 0.000000e+00 0.000000e+00 0.000000e+00 0.000000e+00 0.000000e+00 0.000000e+00 0.000000e+00 0.000000e+00
 0.000000e+00 0.000000e+00 0.000000e+00 0.000000e+00 0.000000e+00 0.000000e+00 0.000000e+00 0.000000e+00 0.000000e+00 0.000000e+00 0.000000e+00 0.000000e+00 0.000000e+00 0.000000e+00 0.000000e+00 0.000000e+00 3.749625e-01 6.250375e-01 0.000000e+00 0.000000e+00 0.000000e+00 0.000000e+00 0.000000e+00 0.000000e+00 0.000000e+00 0.000000e+00 0.000000e+00 0.000000e+00 0.000000e+00 0.000000e+00 0.000000e+00 0.000000e+00 0.000000e+00 0.000000e+00 0.000000e+00 0.000000e+00 0.000000e+00
 0.000000e+00 0.000000e+00 0.000000e+00 0.000000e+00 0.000000e+00 0.000000e+00 0.000000e+00 0.000000e+00 0.000000e+00 0.000000e+00 0.000000e+00 0.000000e+00 0.000000e+00 0.000000e+00 0.000000e+00 0.000000e+00 0.000000e+00 0.000000e+00 1.000000e+00 0.000000e+00 0.000000e+00 0.000000e+00 0.000000e+00 0.000000e+00 0.000000e+00 0.000000e+00 0.000000e+00 0.000000e+00 0.000000e+00 0.000000e+00 0.000000e+00 0.000000e+00 0.000000e+00 0.000000e+00 0.000000e+00 0.000000e+00 0.000000e+00
 0.000000e+00 0.000000e+00 0.000000e+00 0.000000e+00 0.000000e+00 0.000000e+00 0.000000e+00 0.000000e+00 0.000000e+00 0.000000e+00 0.000000e+00 0.000000e+00 0.000000e+00 0.000000e+00 0.000000e+00 0.000000e+00 0.000000e+00 0.000000e+00 2.857115e-01 7.142885e-01 0.000000e+00 0.000000e+00 0.000000e+00 0.000000e+00 0.000000e+00 0.000000e+00 0.000000e+00 0.000000e+00 0.000000e+00 0.000000e+00 0.000000e+00 0.000000e+00 0.000000e+00 0.000000e+00 0.000000e+00 0.000000e+00 0.000000e+00
 0.000000e+00 0.000000e+00 0.000000e+00 0.000000e+00 0.000000e+00 0.000000e+00 0.000000e+00 0.000000e+00 0.000000e+00 0.000000e+00 0.000000e+00 0.000000e+00 0.000000e+00 0.000000e+00 0.000000e+00 0.000000e+00 0.000000e+00 0.000000e+00 0.000000e+00 2.857956e-01 7.142044e-01 0.000000e+00 0.000000e+00 0.000000e+00 0.000000e+00 0.000000e+00 0.000000e+00 0.000000e+00 0.000000e+00 0.000000e+00 0.000000e+00 0.000000e+00 0.000000e+00 0.000000e+00 0.000000e+00 0.000000e+00 0.000000e+00
 0.000000e+00 0.000000e+00 0.000000e+00 0.000000e+00 0.000000e+00 0.000000e+00 0.000000e+00 0.000000e+00 0.000000e+00 0.000000e+00 0.000000e+00 0.000000e+00 0.000000e+00 0.000000e+00 0.000000e+00 0.000000e+00 0.000000e+00 0.000000e+00 0.000000e+00 0.000000e+00 4.999855e-01 5.000146e-01 0.000000e+00 0.000000e+00 0.000000e+00 0.000000e+00 0.000000e+00 0.000000e+00 0.000000e+00 0.000000e+00 0.000000e+00 0.000000e+00 0.000000e+00 0.000000e+00 0.000000e+00 0.000000e+00 0.000000e+00
 0.000000e+00 0.000000e+00 0.000000e+00 0.000000e+00 0.000000e+00 0.000000e+00 0.000000e+00 0.000000e+00 0.000000e+00 0.000000e+00 0.000000e+00 0.000000e+00 0.000000e+00 0.000000e+00 0.000000e+00 0.000000e+00 0.000000e+00 0.000000e+00 0.000000e+00 0.000000e+00 0.000000e+00 1.666689e-01 8.333311e-01 0.000000e+00 0.000000e+00 0.000000e+00 0.000000e+00 0.000000e+00 0.000000e+00 0.000000e+00 0.000000e+00 0.000000e+00 0.000000e+00 0.000000e+00 0.000000e+00 0.000000e+00 0.000000e+00
 0.000000e+00 0.000000e+00 0.000000e+00 0.000000e+00 0.000000e+00 0.000000e+00 0.000000e+00 0.000000e+00 0.000000e+00 0.000000e+00 0.000000e+00 0.000000e+00 0.000000e+00 0.000000e+00 0.000000e+00 0.000000e+00 0.000000e+00 0.000000e+00 0.000000e+00 0.000000e+00 0.000000e+00 0.000000e+00 3.750011e-01 6.249989e-01 0.000000e+00 0.000000e+00 0.000000e+00 0.000000e+00 0.000000e+00 0.000000e+00 0.000000e+00 0.000000e+00 0.000000e+00 0.000000e+00 0.000000e+00 0.000000e+00 0.000000e+00
 0.000000e+00 0.000000e+00 0.000000e+00 0.000000e+00 0.000000e+00 0.000000e+00 0.000000e+00 0.000000e+00 0.000000e+00 0.000000e+00 0.000000e+00 0.000000e+00 0.000000e+00 0.000000e+00 0.000000e+00 0.000000e+00 0.000000e+00 0.000000e+00 0.000000e+00 0.000000e+00 0.000000e+00 0.000000e+00 0.000000e+00 2.857201e-01 7.142798e-01 0.000000e+00 0.000000e+00 0.000000e+00 0.000000e+00 0.000000e+00 0.000000e+00 0.000000e+00 0.000000e+00 0.000000e+00 0.000000e+00 0.000000e+00 0.000000e+00
 0.000000e+00 0.000000e+00 0.000000e+00 0.000000e+00 0.000000e+00 0.000000e+00 0.000000e+00 0.000000e+00 0.000000e+00 0.000000e+00 0.000000e+00 0.000000e+00 0.000000e+00 0.000000e+00 0.000000e+00 0.000000e+00 0.000000e+00 0.000000e+00 0.000000e+00 0.000000e+00 0.000000e+00 0.000000e+00 0.000000e+00 0.000000e+00 2.857074e-01 7.142926e-01 0.000000e+00 0.000000e+00 0.000000e+00 0.000000e+00 0.000000e+00 0.000000e+00 0.000000e+00 0.000000e+00 0.000000e+00 0.000000e+00 0.000000e+00
 0.000000e+00 0.000000e+00 0.000000e+00 0.000000e+00 0.000000e+00 0.000000e+00 0.000000e+00 0.000000e+00 0.000000e+00 0.000000e+00 0.000000e+00 0.000000e+00 0.000000e+00 0.000000e+00 0.000000e+00 0.000000e+00 0.000000e+00 0.000000e+00 0.000000e+00 0.000000e+00 0.000000e+00 0.000000e+00 0.000000e+00 0.000000e+00 0.000000e+00 1.666682e-01 8.333318e-01 0.000000e+00 0.000000e+00 0.000000e+00 0.000000e+00 0.000000e+00 0.000000e+00 0.000000e+00 0.000000e+00 0.000000e+00 0.000000e+00
 0.000000e+00 0.000000e+00 0.000000e+00 0.000000e+00 0.000000e+00 0.000000e+00 0.000000e+00 0.000000e+00 0.000000e+00 0.000000e+00 0.000000e+00 0.000000e+00 0.000000e+00 0.000000e+00 0.000000e+00 0.000000e+00 0.000000e+00 0.000000e+00 0.000000e+00 0.000000e+00 0.000000e+00 0.000000e+00 0.000000e+00 0.000000e+00 0.000000e+00 0.000000e+00 1.666670e-01 8.333330e-01 0.000000e+00 0.000000e+00 0.000000e+00 0.000000e+00 0.000000e+00 0.000000e+00 0.000000e+00 0.000000e+00 0.000000e+00
 0.000000e+00 0.000000e+00 0.000000e+00 0.000000e+00 0.000000e+00 0.000000e+00 0.000000e+00 0.000000e+00 0.000000e+00 0.000000e+00 0.000000e+00 0.000000e+00 0.000000e+00 0.000000e+00 0.000000e+00 0.000000e+00 0.000000e+00 0.000000e+00 0.000000e+00 0.000000e+00 0.000000e+00 0.000000e+00 0.000000e+00 0.000000e+00 0.000000e+00 0.000000e+00 0.000000e+00 1.667624e-01 8.332376e-01 0.000000e+00 0.000000e+00 0.000000e+00 0.000000e+00 0.000000e+00 0.000000e+00 0.000000e+00 0.000000e+00
 0.000000e+00 0.000000e+00 0.000000e+00 0.000000e+00 0.000000e+00 0.000000e+00 0.000000e+00 0.000000e+00 0.000000e+00 0.000000e+00 0.000000e+00 0.000000e+00 0.000000e+00 0.000000e+00 0.000000e+00 0.000000e+00 0.000000e+00 0.000000e+00 0.000000e+00 0.000000e+00 0.000000e+00 0.000000e+00 0.000000e+00 0.000000e+00 0.000000e+00 0.000000e+00 0.000000e+00 0.000000e+00 3.740503e-01 6.259497e-01 0.000000e+00 0.000000e+00 0.000000e+00 0.000000e+00 0.000000e+00 0.000000e+00 0.000000e+00
 0.000000e+00 0.000000e+00 0.000000e+00 0.000000e+00 0.000000e+00 0.000000e+00 0.000000e+00 0.000000e+00 0.000000e+00 0.000000e+00 0.000000e+00 0.000000e+00 0.000000e+00 0.000000e+00 0.000000e+00 0.000000e+00 0.000000e+00 0.000000e+00 0.000000e+00 0.000000e+00 0.000000e+00 0.000000e+00 0.000000e+00 0.000000e+00 0.000000e+00 0.000000e+00 0.000000e+00 0.000000e+00 0.000000e+00 3.758738e-01 6.241262e-01 0.000000e+00 0.000000e+00 0.000000e+00 0.000000e+00 0.000000e+00 0.000000e+00
 0.000000e+00 0.000000e+00 0.000000e+00 0.000000e+00 0.000000e+00 0.000000e+00 0.000000e+00 0.000000e+00 0.000000e+00 0.000000e+00 0.000000e+00 0.000000e+00 0.000000e+00 0.000000e+00 0.000000e+00 0.000000e+00 0.000000e+00 0.000000e+00 0.000000e+00 0.000000e+00 0.000000e+00 0.000000e+00 0.000000e+00 0.000000e+00 0.000000e+00 0.000000e+00 0.000000e+00 0.000000e+00 0.000000e+00 0.000000e+00 1.667145e-01 8.332855e-01 0.000000e+00 0.000000e+00 0.000000e+00 0.000000e+00 0.000000e+00
 0.000000e+00 0.000000e+00 0.000000e+00 0.000000e+00 0.000000e+00 0.000000e+00 0.000000e+00 0.000000e+00 0.000000e+00 0.000000e+00 0.000000e+00 0.000000e+00 0.000000e+00 0.000000e+00 0.000000e+00 0.000000e+00 0.000000e+00 0.000000e+00 0.000000e+00 0.000000e+00 0.000000e+00 0.000000e+00 0.000000e+00 0.000000e+00 0.000000e+00 0.000000e+00 0.000000e+00 0.000000e+00 0.000000e+00 0.000000e+00 0.000000e+00 2.857094e-01 7.142906e-01 0.000000e+00 0.000000e+00 0.000000e+00 0.000000e+00
 0.000000e+00 0.000000e+00 0.000000e+00 0.000000e+00 0.000000e+00 0.000000e+00 0.000000e+00 0.000000e+00 0.000000e+00 0.000000e+00 0.000000e+00 0.000000e+00 0.000000e+00 0.000000e+00 0.000000e+00 0.000000e+00 0.000000e+00 0.000000e+00 0.000000e+00 0.000000e+00 0.000000e+00 0.000000e+00 0.000000e+00 0.000000e+00 0.000000e+00 0.000000e+00 0.000000e+00 0.000000e+00 0.000000e+00 0.000000e+00 0.000000e+00 0.000000e+00 2.858330e-01 7.141670e-01 0.000000e+00 0.000000e+00 0.000000e+00
 0.000000e+00 0.000000e+00 0.000000e+00 0.000000e+00 0.000000e+00 0.000000e+00 0.000000e+00 0.000000e+00 0.000000e+00 0.000000e+00 0.000000e+00 0.000000e+00 0.000000e+00 0.000000e+00 0.000000e+00 0.000000e+00 0.000000e+00 0.000000e+00 0.000000e+00 0.000000e+00 0.000000e+00 0.000000e+00 0.000000e+00 0.000000e+00 0.000000e+00 0.000000e+00 0.000000e+00 0.000000e+00 0.000000e+00 0.000000e+00 0.000000e+00 0.000000e+00 0.000000e+00 3.749087e-01 6.250913e-01 0.000000e+00 0.000000e+00
 0.000000e+00 0.000000e+00 0.000000e+00 0.000000e+00 0.000000e+00 0.000000e+00 0.000000e+00 0.000000e+00 0.000000e+00 0.000000e+00 0.000000e+00 0.000000e+00 0.000000e+00 0.000000e+00 0.000000e+00 0.000000e+00 0.000000e+00 0.000000e+00 0.000000e+00 0.000000e+00 0.000000e+00 0.000000e+00 0.000000e+00 0.000000e+00 0.000000e+00 0.000000e+00 0.000000e+00 0.000000e+00 0.000000e+00 0.000000e+00 0.000000e+00 0.000000e+00 0.000000e+00 0.000000e+00 1.666685e-01 8.333315e-01 0.000000e+00
 0.000000e+00 0.000000e+00 0.000000e+00 0.000000e+00 0.000000e+00 0.000000e+00 0.000000e+00 0.000000e+00 0.000000e+00 0.000000e+00 0.000000e+00 0.000000e+00 0.000000e+00 0.000000e+00 0.000000e+00 0.000000e+00 0.000000e+00 0.000000e+00 0.000000e+00 0.000000e+00 0.000000e+00 0.000000e+00 0.000000e+00 0.000000e+00 0.000000e+00 0.000000e+00 0.000000e+00 0.000000e+00 0.000000e+00 0.000000e+00 0.000000e+00 0.000000e+00 0.000000e+00 0.000000e+00 0.000000e+00 0.000000e+00 1.000000e+00
 0.000000e+00 0.000000e+00 0.000000e+00 0.000000e+00 0.000000e+00 0.000000e+00 0.000000e+00 0.000000e+00 0.000000e+00 0.000000e+00 0.000000e+00 0.000000e+00 0.000000e+00 0.000000e+00 0.000000e+00 0.000000e+00 0.000000e+00 0.000000e+00 0.000000e+00 0.000000e+00 0.000000e+00 0.000000e+00 0.000000e+00 0.000000e+00 0.000000e+00 0.000000e+00 0.000000e+00 0.000000e+00 0.000000e+00 0.000000e+00 0.000000e+00 0.000000e+00 0.000000e+00 0.000000e+00 0.000000e+00 0.000000e+00 0.000000e+00
<ENDHMM>
