~o
<STREAMINFO> 1 39
<VECSIZE> 39<NULLD><MFCC_E_D_A><DIAGC>
~h "Giam"
<BEGINHMM>
<NUMSTATES> 37
<STATE> 2
<MEAN> 39
 -5.758150e+00 -8.414334e+00 8.870772e-01 -1.878705e+00 1.989446e+00 -1.136958e+00 3.100839e+00 -1.350108e+00 2.008339e+00 -3.109414e+00 2.067393e+00 -7.573475e-01 2.679392e-02 4.776895e-01 -6.987959e-02 -1.218478e-01 -8.272041e-01 -4.964238e-01 7.083488e-02 -7.838249e-01 -6.084664e-01 -3.503369e-01 3.258521e-02 -7.616911e-01 -4.820269e-01 3.226984e-02 5.293301e-01 3.523976e-02 -3.003188e-01 -7.968811e-01 -8.209379e-01 -5.790507e-01 -4.311722e-01 -2.437077e-01 -1.618952e-01 -2.917365e-01 -7.493447e-01 -3.106712e-01 2.368370e-02
<VARIANCE> 39
 3.118295e+00 3.838228e+00 2.438954e+00 2.016903e+01 1.667152e+01 7.921642e+00 3.489242e+00 1.910879e+00 1.847909e+01 1.062802e+01 4.391551e+00 5.747680e+00 5.000000e-02 1.184409e+00 3.616472e-01 1.141800e+00 1.115860e+00 9.995529e-01 1.632499e+00 1.273834e+00 1.221950e+00 2.153122e+00 1.872247e+00 1.666768e+00 6.242850e-01 5.000000e-02 1.605183e-01 9.204005e-02 2.386759e-01 8.345455e-01 4.790755e-01 1.415537e-01 3.216588e-01 1.596298e-01 9.672764e-02 2.715132e-01 1.142540e-01 7.817098e-02 5.000000e-02
<GCONST> 6.627119e+01
<STATE> 3
<MEAN> 39
 -5.139168e+00 -8.298567e+00 5.636824e-01 -7.035768e+00 -4.399946e+00 -1.655782e+00 -1.344724e+00 -3.957201e+00 2.717229e+00 -3.536297e+00 -2.407233e+00 -1.403974e+00 8.000127e-02 1.077205e+00 5.183596e-01 -4.755399e-01 -3.002354e+00 -2.466341e+00 -1.738130e+00 -1.662367e+00 -5.759759e-01 -6.022652e-01 -1.363694e+00 -2.209774e+00 -5.231421e-01 8.973743e-02 -5.761297e-02 7.420696e-02 -1.309308e-01 -6.977270e-01 -1.515597e-01 -5.016124e-01 -1.495536e-01 1.462736e-01 1.190225e-01 -1.949974e-01 1.683273e-01 1.474528e-01 2.966043e-02
<VARIANCE> 39
 7.047695e+00 4.744399e+00 4.774221e+00 2.934925e+01 1.831308e+01 3.212261e+01 1.384536e+01 4.653531e+00 2.426403e+01 1.716595e+01 1.089651e+01 1.293371e+01 5.000000e-02 2.318592e+00 3.707730e-01 1.422302e+00 8.195080e+00 3.769954e+00 1.421539e+00 9.343642e-01 7.507570e-01 1.651262e+00 1.833021e+00 3.427657e-01 1.219080e+00 5.000000e-02 1.404580e-01 1.278914e-01 1.247617e-01 9.798285e-01 3.785290e-01 3.713611e-01 6.130123e-01 1.841677e-01 4.041225e-01 6.491506e-01 4.182150e-01 6.128298e-02 5.000000e-02
<GCONST> 8.126225e+01
<STATE> 4
<MEAN> 39
 2.324162e+00 -6.765604e+00 -2.545059e+00 -1.058694e+01 -6.906166e+00 -9.112000e+00 -2.539772e+00 -4.928627e+00 -3.933880e+00 -1.060990e+01 -6.931892e+00 -4.782334e+00 4.120285e-01 5.076379e-01 1.717472e-01 -8.807234e-01 -3.498011e+00 -1.314747e+00 -2.296769e+00 -9.419959e-01 -1.969240e-01 3.060704e-01 -2.000254e-01 -5.361765e-02 3.365345e-01 1.281351e-01 -1.224722e+00 -3.377173e-01 9.556437e-02 -1.350168e-01 -3.638956e-02 2.896864e-01 9.681177e-02 1.331202e-01 1.112656e+00 1.530320e+00 1.430582e+00 6.735007e-01 -1.597892e-03
<VARIANCE> 39
 5.196192e+01 3.072042e+00 1.764534e+01 5.571103e+01 1.304916e+01 2.609388e+01 1.864718e+01 7.256936e+00 3.014987e+01 1.205718e+01 9.738081e+00 9.967129e+00 5.000000e-02 4.327967e+00 8.084419e-01 5.139418e-01 3.316537e+00 1.941790e+00 9.734322e-01 4.443868e+00 1.207446e+00 3.331658e+00 5.272398e+00 2.313325e+00 1.213476e+00 5.000000e-02 7.063956e-01 1.085559e-01 2.420333e-01 1.136939e+00 2.240205e-01 1.053789e-01 3.866204e-01 1.180272e-01 2.122137e-01 3.564273e-01 2.033711e-01 9.342223e-02 5.000000e-02
<GCONST> 8.662644e+01
<STATE> 5
<MEAN> 39
 -2.864696e+00 -7.144620e+00 -2.722658e+00 -2.095079e+01 -6.850835e+00 -9.291063e+00 -7.536676e+00 -2.569907e+00 3.100357e+00 -5.730640e+00 -3.805887e+00 -2.059654e+00 5.745112e-01 -1.668783e+00 -6.372610e-01 -1.822091e-02 -2.636745e+00 -2.189307e+00 -6.661786e-01 -1.667194e+00 -3.306311e-01 2.343070e+00 3.137997e+00 2.525632e+00 1.463727e+00 1.310350e-01 -7.743259e-01 -4.044576e-01 1.294521e-01 1.345593e+00 -2.827863e-01 7.375854e-01 1.083602e+00 -1.278382e-01 2.544521e-01 7.626927e-01 4.707927e-01 -1.306549e-01 -1.464323e-02
<VARIANCE> 39
 1.971934e+01 7.309970e+00 1.147779e+01 1.607907e+01 2.175214e+01 2.469725e+01 3.376526e+01 1.379430e+01 2.539475e+01 1.751129e+01 7.864244e+00 2.965132e+00 5.000000e-02 2.928635e+00 4.359334e-01 7.215053e-01 2.829123e+00 2.170303e-01 8.322188e-01 2.250618e+00 4.866912e-01 1.121498e+00 2.303103e+00 1.656352e+00 3.035360e-01 5.000000e-02 1.592856e-01 1.036362e-01 3.031346e-01 3.137169e-01 4.292789e-01 1.842420e-01 3.703666e-01 4.832218e-01 3.121002e-01 4.795132e-01 1.836620e-01 2.352322e-01 5.000000e-02
<GCONST> 7.839859e+01
<STATE> 6
<MEAN> 39
 -6.215048e+00 -7.954787e+00 -8.789329e-01 -2.150527e+01 -1.501906e+01 -9.383629e+00 -8.018760e+00 -6.818032e+00 6.904501e+00 6.414711e-01 1.027812e+00 1.195810e+00 7.565030e-01 -2.710149e+00 -8.983119e-01 -4.985159e-01 -5.430218e-01 -2.988984e+00 -1.917211e-01 1.483203e+00 -5.244809e-01 1.553844e+00 2.860809e+00 2.043092e+00 3.814010e-01 7.988131e-02 -1.474417e-01 -5.277674e-01 -5.139815e-01 1.015158e+00 4.023024e-01 6.977341e-01 1.671327e+00 8.384542e-01 -6.909895e-01 -6.580683e-01 -9.027160e-01 -1.173859e+00 -2.447466e-02
<VARIANCE> 39
 1.755281e+01 9.839637e+00 1.532478e+01 5.550736e+00 1.468800e+01 5.669894e+01 1.904599e+01 7.791852e+00 1.094484e+01 1.724573e+01 4.263252e+00 1.647075e+01 5.000000e-02 9.290359e-01 2.204528e-01 1.162795e+00 3.156112e+00 2.771576e-01 1.728230e+00 1.751833e+00 1.401490e+00 1.508151e+00 1.798792e+00 1.088397e+00 1.553583e+00 5.000000e-02 1.694994e-01 1.872475e-01 8.856127e-02 2.149110e-01 1.391715e-01 1.751363e-01 1.675590e-01 2.561403e-01 8.225346e-02 3.600028e-01 2.029978e-01 2.693579e-01 5.000000e-02
<GCONST> 7.420132e+01
<STATE> 7
<MEAN> 39
 -9.494577e+00 -1.068311e+01 -5.057460e+00 -2.054635e+01 -1.707877e+01 -1.111900e+01 -2.560981e+00 -4.289120e+00 6.733551e+00 4.700014e+00 4.407073e+00 4.554155e-01 8.401271e-01 -1.858254e+00 -2.506313e+00 -1.583644e+00 7.834820e-01 -1.025671e+00 1.698959e+00 4.270368e+00 2.468352e+00 3.218851e-01 7.448615e-01 -1.146385e+00 -2.791078e+00 5.258387e-02 4.706692e-01 -5.207505e-01 -1.218919e-01 6.300292e-01 1.326851e+00 7.260365e-01 1.075304e+00 6.172773e-01 -9.934593e-01 -1.447001e+00 -1.217454e+00 -7.782862e-01 -1.361915e-02
<VARIANCE> 39
 1.511722e+01 4.507370e+00 1.736930e+01 8.572993e+00 1.136765e+01 5.632023e+01 2.099594e+01 1.138523e+01 8.359376e+00 1.217230e+01 1.148753e+01 3.079454e+01 5.000000e-02 2.263988e-01 5.329396e-01 6.836752e-01 6.512208e-01 1.207286e+00 8.101207e-01 9.197844e-01 1.200747e+00 7.909197e-01 2.260909e+00 2.147724e+00 3.322804e+00 5.000000e-02 7.825224e-02 9.590227e-02 1.729425e-01 4.194792e-01 6.909686e-02 2.245908e-01 1.626516e-01 2.015585e-01 1.244500e-01 1.138261e-01 3.139815e-01 5.594285e-01 5.000000e-02
<GCONST> 7.294852e+01
<STATE> 8
<MEAN> 39
 -1.259554e+01 -1.658395e+01 -7.013162e+00 -1.824258e+01 -1.648654e+01 -3.629369e+00 8.993237e+00 1.803016e+00 6.174202e+00 1.569498e+00 -4.151738e+00 -8.724222e+00 9.258892e-01 -1.217085e+00 -2.744017e+00 -1.213645e+00 1.376641e+00 2.074720e+00 2.121771e+00 4.869139e+00 1.736890e+00 -1.729225e+00 -2.207809e+00 -1.641903e+00 -1.621573e+00 3.142849e-02 3.391844e-01 8.136584e-02 1.770227e-01 3.925540e-01 1.177827e+00 -2.369971e-01 -7.307804e-01 -7.825621e-01 -7.212819e-01 -8.956631e-01 5.898189e-01 1.149629e+00 -1.064589e-02
<VARIANCE> 39
 1.774744e+01 6.630336e+00 8.010998e+00 8.313798e+00 1.216315e+01 3.592670e+01 2.181307e+01 8.790055e+00 9.316895e+00 1.066297e+01 6.345386e+00 2.479982e+01 5.000000e-02 1.183732e-01 6.238068e-01 5.922434e-01 3.179241e-01 6.686027e-01 5.232362e-01 7.701504e-01 7.073935e-01 4.058798e-01 1.020288e+00 1.140030e+00 2.389245e+00 5.000000e-02 5.516339e-02 5.000000e-02 5.165213e-02 6.339099e-02 1.126703e-01 1.042032e-01 2.352556e-01 1.514633e-01 1.176061e-01 1.567882e-01 3.017050e-01 3.069323e-01 5.000000e-02
<GCONST> 6.107029e+01
<STATE> 9
<MEAN> 39
 -1.348146e+01 -1.977779e+01 -9.047128e+00 -1.623364e+01 -1.135261e+01 -4.953052e+00 1.468904e+01 3.379073e+00 1.639037e+00 -2.157513e+00 -2.629354e+00 -8.192454e+00 9.594728e-01 -8.196864e-01 -2.280319e+00 -1.055328e+00 1.764634e+00 3.290754e+00 1.003862e+00 2.413443e+00 -3.294613e-01 -2.436818e+00 -2.453404e+00 5.576112e-01 9.516283e-01 1.564406e-02 2.686975e-01 2.429341e-01 7.379775e-03 2.984516e-01 4.274491e-01 -5.495177e-01 -1.331294e+00 -1.023921e+00 -1.170250e-01 2.771885e-02 1.076126e+00 1.310673e+00 -8.060051e-03
<VARIANCE> 39
 1.110957e+01 3.314562e+00 3.795923e+00 3.023345e+00 6.398589e+00 6.737834e+01 4.721343e+00 1.182856e+01 7.325154e+00 5.766089e+00 3.380377e+00 2.131338e+01 5.000000e-02 2.756204e-01 9.555641e-02 1.637636e-01 1.808343e-01 4.644195e-01 1.103220e-01 4.828977e-01 2.536197e-01 5.457041e-01 1.345982e+00 8.174075e-01 1.074776e+00 5.000000e-02 5.089651e-02 7.314815e-02 8.606419e-02 5.000000e-02 7.834091e-02 9.779216e-02 1.641442e-01 1.099723e-01 5.885656e-02 1.287343e-01 8.483495e-02 2.017174e-01 5.000000e-02
<GCONST> 4.530222e+01
<STATE> 10
<MEAN> 39
 -1.392413e+01 -2.252312e+01 -1.011752e+01 -1.184859e+01 -4.329510e+00 -3.187761e+00 1.689482e+01 8.989226e-01 -2.178262e+00 -7.662922e+00 -1.378584e+00 -5.623636e+00 9.699914e-01 -4.325598e-01 -1.849452e+00 -9.642673e-01 2.445731e+00 3.296352e+00 6.720803e-01 6.073846e-01 -1.097692e+00 -1.992132e+00 -2.102286e+00 1.567229e+00 2.061860e+00 7.543123e-03 2.367704e-01 3.806068e-01 -1.147212e-01 3.039529e-02 -4.124265e-01 -2.437532e-01 -1.016117e+00 -2.853608e-01 4.651660e-01 5.097758e-01 2.403409e-01 2.549086e-01 -6.876240e-03
<VARIANCE> 39
 6.890897e+00 3.681300e+00 5.680705e+00 6.892750e+00 2.080201e+01 4.147515e+01 1.832499e+01 6.405680e+00 1.191568e+01 1.692533e+01 4.965486e+00 1.102560e+01 5.000000e-02 7.025930e-01 2.129461e-01 3.068272e-01 3.026984e-01 2.124153e-01 2.775564e-01 6.360552e-01 4.914578e-01 1.019862e+00 6.286643e-01 3.679523e-01 2.238155e-01 5.000000e-02 5.000000e-02 5.950412e-02 1.084687e-01 5.000000e-02 5.612144e-02 6.572898e-02 1.667177e-01 5.000000e-02 7.113659e-02 3.586994e-01 1.683379e-01 1.228268e-01 5.000000e-02
<GCONST> 5.024353e+01
<STATE> 11
<MEAN> 39
 -1.586471e+01 -2.659993e+01 -1.116504e+01 -9.870047e+00 -3.817380e+00 -5.992480e-01 1.425025e+01 -1.472172e+00 -3.948540e+00 -6.540256e+00 1.523270e+00 -8.046703e-01 9.808277e-01 1.325552e-01 -1.226853e+00 -1.153669e+00 2.313603e+00 1.882596e+00 -1.340759e-01 -7.383367e-01 -9.796108e-01 -6.810439e-01 -6.939660e-01 1.329232e+00 1.477901e+00 -3.729959e-03 2.312860e-01 6.045985e-01 -2.322384e-02 -7.071806e-02 -5.191081e-01 -3.110821e-02 -5.988207e-01 2.301811e-01 8.324115e-01 5.889807e-01 -2.815256e-01 -4.322279e-01 -6.854496e-03
<VARIANCE> 39
 5.165938e+00 5.271336e+00 6.958983e+00 1.297408e+01 2.089761e+01 2.567671e+01 1.908026e+01 5.042013e+00 9.725277e+00 1.432857e+01 3.327494e+00 8.545460e+00 5.000000e-02 4.713397e-01 4.694991e-01 5.775743e-01 4.459422e-01 1.508277e-01 6.821675e-01 4.421149e-01 2.333927e-01 7.384189e-01 1.323429e+00 7.393257e-01 1.107940e+00 5.000000e-02 5.804560e-02 5.000000e-02 9.846602e-02 1.004718e-01 5.365924e-02 5.000000e-02 1.075070e-01 5.895647e-02 5.000000e-02 1.177800e-01 5.443015e-02 8.927029e-02 5.000000e-02
<GCONST> 5.009928e+01
<STATE> 12
<MEAN> 39
 -1.416707e+01 -2.643902e+01 -1.455392e+01 -5.528844e+00 1.123220e+00 -2.645067e+00 1.442801e+01 -2.044945e+00 -5.482906e+00 -9.384130e+00 3.571316e+00 7.280322e-01 9.587485e-01 3.787726e-01 1.544428e-01 -8.602149e-01 1.669508e+00 1.171508e+00 4.261592e-01 -1.395034e+00 -3.133032e-01 4.298345e-01 -6.842719e-02 4.776504e-01 5.044456e-01 -1.486118e-02 -3.594646e-02 2.270229e-01 1.112060e-01 -3.765012e-01 -3.569080e-01 -3.342579e-02 -1.521153e-01 3.211296e-01 5.985896e-01 3.660507e-01 -3.803786e-01 -6.639792e-01 -5.209668e-04
<VARIANCE> 39
 2.427551e+00 5.144138e+00 3.196888e+00 3.233972e+00 2.113120e+01 2.273738e+01 3.041226e+01 1.990106e+00 1.756605e+01 1.401380e+01 4.203722e+00 7.022091e+00 5.000000e-02 1.157927e-01 1.521847e-01 5.635543e-01 6.302793e-01 2.238686e-01 1.531792e-01 2.917725e-01 3.632782e-01 4.185905e-01 2.563615e-01 4.984241e-01 1.085576e+00 5.000000e-02 1.347969e-01 8.877689e-02 5.000000e-02 1.372059e-01 7.018195e-02 6.754715e-02 1.360540e-01 8.652685e-02 7.654700e-02 1.882291e-01 1.354122e-01 5.846386e-02 5.000000e-02
<GCONST> 4.490239e+01
<STATE> 13
<MEAN> 39
 -1.345142e+01 -2.488766e+01 -1.524531e+01 -2.413454e+00 3.719807e+00 -9.075137e-01 1.256230e+01 -1.307816e+00 -2.185724e+00 -8.864071e+00 2.685746e+00 -1.267704e+00 9.202474e-01 -2.157465e-01 -1.582550e-01 -1.009787e+00 7.567638e-01 4.384335e-01 8.549868e-02 -1.269686e+00 5.618532e-02 1.212390e+00 5.042914e-02 -1.475825e-01 -6.257923e-01 -6.827626e-03 -2.508581e-01 -5.746963e-03 7.673404e-02 -5.687022e-01 -4.145514e-01 -3.800688e-01 -2.179650e-01 -5.871526e-02 -8.622569e-02 -2.531318e-01 -1.875796e-01 -2.012581e-01 6.325250e-03
<VARIANCE> 39
 2.006964e+00 1.638820e+00 5.476227e+00 2.597909e+00 1.750705e+01 1.950993e+01 1.299385e+01 9.214588e+00 2.376005e+01 7.696896e+00 7.364012e+00 4.896982e+00 5.000000e-02 1.422084e-01 1.906879e-01 5.066804e-01 4.186491e-01 2.158999e-01 3.019140e-01 5.592890e-01 4.719891e-01 3.190507e-01 4.717063e-01 3.249734e-01 2.592135e-01 5.000000e-02 5.000000e-02 5.000000e-02 1.787464e-01 6.801249e-02 5.928341e-02 9.468744e-02 8.240889e-02 6.198835e-02 6.126488e-02 5.000000e-02 1.046562e-01 9.048732e-02 5.000000e-02
<GCONST> 4.105133e+01
<STATE> 14
<MEAN> 39
 -1.496010e+01 -2.734342e+01 -1.775459e+01 -3.640726e+00 9.344794e-01 -1.981956e+00 6.692412e+00 -3.483362e+00 1.322689e+00 -8.839060e+00 2.992265e+00 -1.401439e+00 9.414786e-01 -7.122067e-01 2.949246e-02 -4.429485e-01 -3.891527e-01 -1.385485e-02 -1.039238e+00 -1.832718e+00 -1.874723e-01 6.391362e-01 -4.676804e-01 -3.773436e-01 -5.033544e-01 1.083219e-02 6.959451e-02 2.812833e-01 3.777393e-01 -8.299550e-02 -2.730908e-02 -3.070542e-02 1.786682e-01 2.094508e-01 -1.871364e-01 -1.400741e-01 -1.762725e-01 4.870708e-02 2.634288e-03
<VARIANCE> 39
 5.001029e+00 7.030994e+00 3.276269e+00 3.674224e+00 1.173957e+01 2.552088e+01 1.259252e+01 7.478791e+00 3.037668e+01 1.801670e+01 2.896298e+00 2.334648e+00 5.000000e-02 2.362139e-01 2.834520e-01 7.345062e-01 2.216122e-01 6.928656e-01 1.135980e+00 1.024803e+00 3.694691e-01 4.181836e-01 2.914070e-01 5.440616e-01 8.595455e-01 5.000000e-02 8.772463e-02 5.000000e-02 1.133936e-01 9.539478e-02 5.999022e-02 1.252214e-01 9.270188e-02 6.626533e-02 7.436171e-02 5.000000e-02 5.794725e-02 7.129484e-02 5.000000e-02
<GCONST> 4.758396e+01
<STATE> 15
<MEAN> 39
 -1.653412e+01 -2.530265e+01 -1.733345e+01 -3.092404e+00 2.011848e+00 -2.610289e+00 3.716882e+00 -3.059932e+00 2.096594e+00 -1.066436e+01 8.306980e-01 -2.721106e+00 9.568392e-01 -6.988683e-02 5.247350e-01 6.460925e-02 2.402825e-01 3.063103e-01 1.670407e-01 -8.208448e-01 4.307834e-01 5.466184e-02 -9.503258e-01 -5.793573e-01 -5.764292e-01 9.207820e-03 5.155514e-01 -1.179694e-01 2.527279e-01 -5.149703e-02 9.878649e-02 4.181940e-01 4.202352e-01 2.840046e-01 -7.229592e-02 1.236779e-02 1.568113e-01 2.514499e-01 -3.643715e-04
<VARIANCE> 39
 3.888949e+00 3.912807e+00 2.982135e+00 1.761489e+00 5.690012e+00 4.971017e+01 8.030936e+00 4.402357e+00 3.357442e+01 1.394521e+01 9.665649e+00 1.573170e+01 5.000000e-02 7.812198e-01 2.405787e-01 5.505696e-01 1.071447e-01 2.833256e-01 9.350204e-01 2.552618e-01 6.142370e-01 6.756842e-01 2.632223e-01 1.715865e-01 5.653585e-01 5.000000e-02 1.145249e-01 5.000000e-02 7.167411e-02 6.172251e-02 7.978360e-02 4.132969e-01 1.187104e-01 6.234844e-02 1.010093e-01 8.213240e-02 6.069238e-02 1.494816e-01 5.000000e-02
<GCONST> 4.731579e+01
<STATE> 16
<MEAN> 39
 -1.590664e+01 -2.491760e+01 -1.671228e+01 -2.720652e+00 2.706152e+00 -2.003491e+00 5.405362e+00 -1.047570e+00 4.646436e-02 -1.034095e+01 9.635642e-01 -2.961621e+00 9.665194e-01 1.080965e+00 -1.172386e-01 4.332351e-01 -2.917326e-01 7.908782e-02 2.500249e-02 -3.812114e-01 9.263328e-01 5.627274e-01 -7.770719e-02 1.283045e-01 4.980226e-01 5.360966e-03 5.447064e-01 -3.533655e-01 7.943543e-02 -2.792685e-01 -1.121605e-01 1.846435e-01 5.269333e-02 1.844721e-01 1.583924e-01 1.136943e-02 2.271700e-02 1.189031e-01 -4.435317e-03
<VARIANCE> 39
 7.706994e+00 1.065807e+00 1.138799e+01 2.499155e+00 1.384753e+01 4.703939e+01 1.320723e+01 1.244748e+01 2.983475e+01 2.603067e+01 4.606742e+00 1.075638e+01 5.000000e-02 6.241924e-01 3.988011e-01 4.985619e-01 2.915549e-01 5.747493e-01 1.181049e+00 3.837456e-01 4.301254e-01 6.937620e-01 9.156395e-01 2.495940e-01 3.943688e-01 5.000000e-02 5.000000e-02 5.041574e-02 3.142388e-01 1.025620e-01 5.000000e-02 1.428202e-01 6.588207e-02 9.943292e-02 1.451919e-01 1.104441e-01 5.569488e-02 6.508229e-02 5.000000e-02
<GCONST> 5.286249e+01
<STATE> 17
<MEAN> 39
 -1.117877e+01 -2.564549e+01 -1.676474e+01 -3.546093e+00 4.129319e+00 -3.861666e+00 4.886767e+00 1.233415e+00 -9.719532e-03 -1.340038e+01 1.693282e+00 -1.602142e+00 9.701523e-01 1.706024e+00 -6.768380e-01 1.941053e-01 -2.666694e-01 -9.159574e-02 1.152746e+00 -5.197498e-01 7.834902e-01 6.998712e-01 -9.046723e-01 -1.978524e-01 8.668084e-02 -2.559531e-03 1.842250e-01 4.076489e-02 1.476466e-02 -3.264228e-02 -3.417131e-01 1.060220e-02 -1.960452e-01 -3.616560e-01 2.881696e-01 -3.146913e-02 -1.491165e-01 -4.854281e-01 -1.147332e-02
<VARIANCE> 39
 1.932602e+01 4.259554e+00 1.936398e+00 5.823345e+00 2.070774e+01 2.449466e+01 1.275842e+01 7.891089e+00 2.026351e+01 3.729390e+01 9.635367e+00 9.632735e+00 5.000000e-02 1.784258e-01 3.165302e-01 1.572214e+00 9.116413e-01 1.100749e+00 1.140200e+00 7.333636e-01 5.445961e-01 1.165681e+00 1.000031e+00 2.451482e-01 4.767919e-01 5.000000e-02 1.402721e-01 5.000000e-02 6.695895e-02 1.448504e-01 8.088698e-02 3.445343e-01 5.000000e-02 1.599595e-01 6.973015e-02 2.063930e-01 5.160285e-02 1.133459e-01 5.000000e-02
<GCONST> 5.893761e+01
<STATE> 18
<MEAN> 39
 -1.031630e+01 -2.766886e+01 -1.475971e+01 -5.210316e+00 1.824093e+00 1.547228e+00 2.339458e+00 1.945328e+00 3.291384e+00 -1.121825e+01 -3.748527e-02 -1.291177e+00 9.586679e-01 1.959864e+00 8.467154e-03 1.507216e-01 -6.487363e-01 -5.198541e-01 -1.980185e-02 -1.019902e+00 2.303597e-02 1.146931e+00 -1.146303e+00 -8.950208e-01 -1.899810e+00 -3.086104e-02 2.559148e-01 3.613429e-01 2.267334e-01 1.505437e-02 -7.329216e-01 -7.882200e-01 -3.221717e-01 -8.977994e-01 1.704759e-02 1.509746e-03 -3.057122e-01 -5.503753e-01 -1.612729e-02
<VARIANCE> 39
 8.171071e+00 5.976974e+00 1.251626e+01 4.944641e+00 2.497531e+01 1.588906e+01 9.283063e+00 4.482837e+00 1.097404e+01 3.375053e+01 4.699671e+00 1.390452e+01 5.000000e-02 4.074850e-01 5.414885e-01 1.176175e+00 1.658440e+00 4.381872e-01 1.538260e+00 4.511814e-01 9.651282e-01 4.316820e-01 8.509167e-01 3.187554e-01 1.334179e+00 5.000000e-02 1.574445e-01 6.699092e-02 5.850971e-01 2.280403e-01 3.809263e-01 2.310702e-01 1.959312e-01 5.000000e-02 5.000000e-02 4.556594e-01 1.408032e-01 3.237168e-01 5.000000e-02
<GCONST> 6.609264e+01
<STATE> 19
<MEAN> 39
 -6.842533e+00 -2.604782e+01 -1.685101e+01 -3.745688e+00 -5.763210e-01 -9.389809e-01 3.832371e-01 7.901628e-02 7.325309e+00 -1.693865e+01 -2.131284e+00 -8.704709e+00 8.913046e-01 2.367168e+00 5.253128e-01 1.482377e+00 -7.836529e-01 -2.486951e+00 -1.810759e+00 -1.393285e+00 -1.933804e+00 1.077518e+00 5.786032e-02 -1.135776e+00 -1.501657e+00 -6.418604e-02 3.635819e-01 3.203531e-02 9.814011e-01 -2.796426e-01 -6.499491e-01 -6.558539e-01 -2.084286e-02 -4.444696e-01 -8.649685e-01 7.793542e-01 -6.884342e-02 8.916932e-01 -9.465447e-03
<VARIANCE> 39
 8.122501e+00 3.401551e+00 6.152292e+00 2.551378e+01 2.728814e+01 1.314622e+01 1.221991e+01 7.422222e+00 8.048924e+00 3.299508e+01 1.240919e+01 6.740690e+00 5.000000e-02 8.381264e-01 3.438622e-01 1.510142e+00 9.295871e-01 1.856988e+00 2.347682e+00 9.234948e-01 2.592713e-01 1.013547e+00 2.154259e+00 9.284453e-01 2.912324e+00 5.000000e-02 5.000000e-02 7.723420e-02 1.989418e-01 6.647903e-01 3.583132e-01 1.823103e-01 2.590694e-01 3.881363e-01 2.194939e-01 2.977704e-01 2.924398e-01 2.698244e-01 5.000000e-02
<GCONST> 7.450469e+01
<STATE> 20
<MEAN> 39
 -1.995934e+00 -2.484264e+01 -1.202091e+01 -7.447943e+00 -2.843855e+00 -5.186666e+00 -1.969389e+00 -3.322594e+00 6.872099e+00 -1.469364e+01 -3.257252e+00 -8.689642e+00 7.686855e-01 3.219697e+00 3.048562e-01 2.787501e+00 -9.434875e-01 -3.751276e+00 -2.397634e+00 -1.481567e+00 -2.632795e+00 -1.064987e+00 8.853954e-01 -1.486190e+00 5.959725e-01 -6.212910e-02 -1.894108e-01 -1.798986e-01 1.340363e-01 1.965585e-01 -1.977292e-01 1.075830e-01 3.796869e-01 3.627971e-02 -8.844929e-01 -1.694002e-02 8.876959e-02 1.040996e+00 7.569332e-03
<VARIANCE> 39
 7.337939e+00 1.572213e+00 4.403343e+00 1.408459e+01 2.856770e+01 1.393572e+01 1.374435e+01 1.263088e+01 3.037504e+01 1.293425e+01 1.519556e+01 1.928472e+01 5.000000e-02 4.702673e-01 6.893373e-01 1.025535e+00 2.940981e+00 2.748136e+00 6.148126e-01 2.517489e+00 1.119720e+00 6.782529e-01 2.374365e+00 2.374865e+00 1.232385e+00 5.000000e-02 1.259291e-01 7.966681e-02 9.155013e-02 3.035792e-01 5.870510e-01 7.614397e-01 2.464300e-01 3.618951e-01 1.995890e-01 2.796703e-01 2.295581e-01 2.373580e-01 5.000000e-02
<GCONST> 7.794637e+01
<STATE> 21
<MEAN> 39
 2.532243e+00 -2.550761e+01 -5.986030e+00 -7.663274e+00 -1.015715e+01 -8.218384e+00 -3.030825e+00 -7.517701e+00 2.986898e+00 -1.165172e+01 -4.673877e+00 -4.585728e+00 6.711419e-01 1.592334e+00 -3.940497e-01 1.727775e+00 -2.699105e-01 -2.224245e+00 -7.197591e-01 -4.332113e-01 -9.167997e-01 -1.984583e+00 -2.010352e-01 -1.052144e+00 1.749541e+00 -3.117718e-02 -7.007395e-01 -8.666196e-02 -7.040579e-01 3.128890e-01 6.668678e-01 6.521530e-01 3.399805e-01 6.036585e-01 -1.048244e-01 -2.985660e-01 1.641843e-01 2.465906e-01 1.515346e-02
<VARIANCE> 39
 3.989777e+00 5.134464e+00 2.808263e+00 6.538224e+00 5.146668e+00 9.072630e+00 4.304646e+00 4.682913e+00 9.814178e+00 1.278846e+01 8.521210e+00 6.329868e+00 5.000000e-02 7.901919e-01 1.671747e-01 1.575758e+00 1.695050e+00 2.486017e+00 1.131651e+00 1.670518e+00 1.817191e+00 1.230344e+00 2.084463e+00 3.993959e-01 8.478320e-01 5.000000e-02 6.990601e-02 1.532509e-01 7.139134e-02 2.333380e-01 2.371519e-01 1.026921e-01 2.377128e-01 9.789217e-02 1.930247e-01 3.287668e-01 3.268797e-01 2.132206e-01 5.000000e-02
<GCONST> 6.372163e+01
<STATE> 22
<MEAN> 39
 4.515815e+00 -2.625498e+01 -6.413599e+00 -8.439439e+00 -1.337473e+01 -8.985056e+00 -4.307467e+00 -6.761734e+00 -1.096362e+00 -1.552264e+01 -7.355968e+00 -2.815588e+00 6.761211e-01 5.110455e-01 4.547004e-01 2.726640e-01 5.836484e-01 -8.511491e-01 1.592377e-01 3.326137e-01 -3.603186e-01 -1.098784e+00 -3.192127e-01 1.075384e-02 1.479913e+00 -1.487658e-02 -4.243778e-01 3.484650e-01 -3.565601e-01 5.318252e-01 1.035845e+00 4.559367e-01 3.050900e-01 1.165928e-01 4.796152e-01 2.689410e-01 5.491772e-01 -2.718346e-01 3.909725e-03
<VARIANCE> 39
 3.872919e+00 2.018246e+00 6.248550e+00 3.777753e+00 1.568919e+01 1.454363e+01 1.189485e+01 1.004141e+01 1.048657e+01 2.054219e+01 5.556569e+00 8.353207e+00 5.000000e-02 3.618355e-01 4.999794e-01 1.116817e-01 2.443765e-01 1.058954e+00 1.103855e+00 1.970080e+00 4.315863e-01 8.790755e-01 3.965299e-01 1.213938e+00 6.645371e-01 5.000000e-02 6.895052e-02 7.141301e-02 1.627018e-01 1.390899e-01 5.812249e-01 1.613991e-01 3.303043e-01 3.118806e-01 1.857422e-01 4.288720e-01 1.229484e-01 8.602508e-02 5.000000e-02
<GCONST> 5.992461e+01
<STATE> 23
<MEAN> 39
 3.984846e+00 -2.524300e+01 -5.578139e+00 -6.582354e+00 -1.311420e+01 -7.067490e+00 -2.312710e+00 -8.208831e+00 -1.540047e+00 -1.423399e+01 -6.050716e+00 1.137773e+00 6.387916e-01 4.176756e-01 4.916894e-01 5.575498e-01 1.121946e+00 5.239601e-01 2.925538e-01 1.766916e-01 -5.263021e-01 -6.255994e-01 1.049720e+00 5.021679e-01 1.048228e+00 -1.447234e-02 -1.229582e-01 1.548246e-01 -1.351675e-01 2.080623e-01 4.810169e-01 -1.879960e-01 -7.522838e-02 2.689324e-01 2.457641e-01 2.747087e-01 1.654865e-01 -7.207935e-01 -1.571742e-03
<VARIANCE> 39
 1.919598e+00 4.952959e+00 4.042217e+00 7.190990e+00 5.506630e+00 8.284489e+00 2.344660e+01 5.993699e+00 1.493101e+01 1.173873e+01 9.979931e+00 4.431111e+00 5.000000e-02 2.776099e-01 3.540141e-01 5.234492e-01 2.186474e-01 8.402424e-01 2.138868e-01 1.204198e+00 2.930362e-01 5.850520e-01 1.617173e+00 2.996082e-01 6.317121e-01 5.000000e-02 5.000000e-02 7.346733e-02 1.006497e-01 9.347235e-02 1.186231e-01 1.548207e-01 4.955616e-01 2.680360e-01 1.935844e-01 2.097980e-01 1.330477e-01 5.000000e-02 5.000000e-02
<GCONST> 5.256222e+01
<STATE> 24
<MEAN> 39
 5.070005e+00 -2.408341e+01 -3.805965e+00 -3.650809e+00 -1.017635e+01 -6.448506e+00 -2.918462e+00 -8.924411e+00 -1.923405e+00 -1.057071e+01 -5.023244e+00 -4.007907e-01 6.091731e-01 4.907050e-02 6.988567e-01 -5.634988e-02 9.383271e-01 8.155054e-01 -3.293315e-01 -1.304564e-01 4.463795e-01 -1.482119e-01 5.028753e-01 2.980489e-01 -9.268323e-01 -1.955708e-02 -1.714937e-01 -1.484232e-01 -3.894041e-01 -7.025146e-02 4.090187e-02 -1.969029e-01 2.625383e-01 4.670458e-01 3.066161e-01 -3.910016e-01 -2.046501e-01 -2.865035e-01 -3.271249e-03
<VARIANCE> 39
 2.169565e+00 2.048859e+00 9.019073e+00 1.730991e+00 6.752949e+00 6.563550e+00 9.989293e+00 3.258911e+00 1.040138e+01 6.825679e+00 2.526912e+00 8.043655e+00 5.000000e-02 7.059814e-02 4.461287e-01 5.636441e-01 9.839104e-01 6.912975e-01 6.312238e-01 2.168740e+00 2.656987e+00 6.779550e-01 5.420730e-01 2.632154e-01 3.197735e-01 5.000000e-02 5.000000e-02 6.404317e-02 1.404393e-01 8.130912e-02 1.090582e-01 5.000000e-02 3.036095e-01 1.314039e-01 1.719490e-01 1.513791e-01 1.009643e-01 2.564841e-01 5.000000e-02
<GCONST> 4.892572e+01
<STATE> 25
<MEAN> 39
 5.050319e+00 -2.232993e+01 -5.858621e+00 -3.479932e+00 -1.118698e+01 -9.008569e+00 -2.434762e+00 -6.447231e+00 -4.055213e+00 -1.320496e+01 -4.705505e+00 -1.317627e+00 5.801312e-01 -1.239885e-01 2.624481e-01 -3.754890e-01 1.066385e+00 7.250144e-01 -3.445244e-01 1.371655e+00 1.443119e+00 -3.582896e-03 -3.187425e-01 -1.209021e-01 -5.688819e-01 -2.936037e-02 -1.921209e-01 -1.788720e-01 -9.267251e-02 8.425722e-02 2.793078e-01 3.507228e-01 5.531199e-01 1.790399e-01 4.679127e-01 3.689674e-01 2.457732e-02 2.532210e-01 -6.176776e-03
<VARIANCE> 39
 2.779760e+00 3.895138e+00 2.523647e+00 6.621699e+00 8.402380e+00 1.378350e+01 7.847168e+00 1.595214e+01 9.571202e+00 2.756947e+01 4.132493e+00 8.168886e+00 5.000000e-02 9.553499e-02 1.387226e-01 1.038783e+00 8.682904e-01 6.846777e-01 8.058373e-01 5.885394e-01 5.718532e-01 1.053124e+00 5.645093e-01 6.374810e-01 8.924916e-01 5.000000e-02 5.000000e-02 7.918126e-02 5.000000e-02 1.945360e-01 2.402881e-01 1.252501e-01 2.342585e-01 2.587764e-01 1.902015e-01 3.130884e-01 1.207661e-01 1.279485e-01 5.000000e-02
<GCONST> 5.590808e+01
<STATE> 26
<MEAN> 39
 4.512588e+00 -2.315200e+01 -6.645995e+00 -6.229172e-01 -7.917449e+00 -8.863667e+00 1.596464e+00 -4.001513e+00 -1.321920e+00 -1.136349e+01 -5.996783e+00 -2.637902e+00 5.127270e-01 -5.510360e-01 -7.344360e-02 -6.823683e-01 9.633987e-01 1.534118e+00 7.909032e-01 1.821345e+00 1.105716e+00 1.835474e+00 1.151692e+00 2.279943e-01 4.678688e-01 -3.505234e-02 -3.232871e-01 -2.858711e-01 5.066006e-03 -2.231850e-01 4.470987e-02 2.891701e-01 -2.572063e-01 -3.610790e-01 6.506504e-02 2.028418e-01 3.564420e-01 5.712515e-01 -1.752040e-03
<VARIANCE> 39
 1.170488e+00 3.660300e+00 3.835354e+00 6.011520e+00 9.285991e+00 8.294355e+00 4.350623e+00 1.437959e+01 2.157991e+01 5.635993e+00 8.099593e+00 1.586220e+00 5.000000e-02 2.090328e-01 4.317381e-01 6.872825e-01 7.778717e-01 6.291149e-01 8.082296e-01 7.379627e-01 3.783243e-01 1.221671e+00 2.326992e+00 1.501979e+00 7.574069e-01 5.000000e-02 5.000000e-02 5.000000e-02 5.000000e-02 1.310895e-01 1.655197e-01 1.833204e-01 1.829378e-01 2.921451e-01 4.231070e-01 1.033386e-01 1.067515e-01 7.704966e-02 5.000000e-02
<GCONST> 5.393353e+01
<STATE> 27
<MEAN> 39
 2.365451e+00 -2.373892e+01 -7.664157e+00 7.111334e-01 -5.220608e+00 -5.810807e+00 2.431247e+00 -3.910780e+00 2.715982e+00 -8.523011e+00 -3.529709e+00 -1.456536e-01 4.608022e-01 -1.223116e+00 -7.520832e-01 -6.890997e-01 1.280505e-01 8.646356e-01 4.447581e-01 4.785642e-01 1.069619e-01 -1.176142e-01 7.755949e-01 7.607988e-01 7.110921e-01 -3.343558e-02 -2.235793e-02 -5.145007e-03 6.943554e-02 -1.917627e-01 -1.284204e-01 -1.736557e-01 -1.971608e-01 -4.271678e-02 -7.614493e-01 -2.700468e-01 1.688790e-02 -1.141644e-01 2.769641e-03
<VARIANCE> 39
 2.297883e+00 7.914274e+00 8.191383e+00 9.189476e+00 1.270673e+01 1.594219e+01 6.380223e+00 1.231032e+01 1.088129e+01 5.396184e+00 1.279026e+01 8.217063e+00 5.000000e-02 5.000000e-02 2.175798e-01 2.637874e-01 1.000713e+00 1.208832e+00 7.458852e-01 8.959766e-01 1.388637e+00 1.582569e+00 6.091598e-01 1.287338e+00 7.164550e-01 5.000000e-02 5.000000e-02 7.238352e-02 7.782801e-02 2.168368e-01 5.000000e-02 1.167088e-01 1.659489e-01 9.890945e-02 2.580358e-01 2.084845e-01 3.182650e-01 1.901193e-01 5.000000e-02
<GCONST> 5.777446e+01
<STATE> 28
<MEAN> 39
 2.789747e-01 -2.510055e+01 -8.552740e+00 2.190003e-01 -3.587691e+00 -6.104003e+00 4.503342e+00 -2.955264e+00 -5.244573e-01 -8.825579e+00 -2.559009e+00 1.394404e+00 3.902653e-01 -7.174392e-01 -1.349392e-01 -4.714444e-01 6.806118e-01 1.049188e+00 -5.289174e-02 4.613290e-01 8.593166e-01 -1.187333e+00 -6.224557e-02 9.322714e-01 6.377494e-01 -2.674123e-02 2.826156e-01 2.415236e-01 1.086316e-01 -1.179957e-01 -2.534835e-01 -2.053524e-01 -1.455141e-01 1.286888e-01 -1.221642e-01 -2.437942e-01 -1.619783e-01 -3.164184e-01 6.099804e-03
<VARIANCE> 39
 4.796637e+00 1.240607e+01 1.267844e+01 4.767678e+00 7.474768e+00 4.540260e+00 2.771735e+01 2.842076e+01 3.742378e+00 2.871175e+00 4.435254e+00 2.479839e+00 5.000000e-02 7.968429e-02 1.107288e-01 1.687867e-01 6.680287e-01 1.219185e+00 5.997298e-01 6.238750e-01 9.872554e-01 1.446581e+00 3.281429e-01 8.962746e-01 9.606953e-01 5.000000e-02 5.000000e-02 1.243282e-01 1.997368e-01 2.418490e-01 3.223585e-01 1.327734e-01 3.775997e-01 2.820270e-01 1.287686e-01 9.831355e-02 1.634146e-01 1.464771e-01 5.000000e-02
<GCONST> 5.563514e+01
<STATE> 29
<MEAN> 39
 3.654698e-01 -2.447200e+01 -8.958182e+00 1.714708e+00 -3.397810e+00 -5.578778e+00 3.853148e+00 -1.749490e+00 -2.230112e+00 -8.826817e+00 -8.888293e-01 1.477054e+00 3.733057e-01 -3.980244e-01 5.075366e-02 -4.009480e-01 1.503067e-01 3.781407e-01 1.245258e-01 6.456304e-01 5.874053e-01 -4.764341e-01 -1.683730e-02 2.851662e-01 -9.212384e-03 -1.661352e-02 6.277307e-02 2.450905e-01 2.161125e-01 -3.120439e-02 4.473689e-02 2.821118e-02 1.234779e-01 1.323313e-01 3.599089e-01 -1.240121e-01 -3.090543e-01 -6.304225e-02 3.446423e-04
<VARIANCE> 39
 1.929322e+00 7.183197e+00 6.230033e+00 1.227933e+01 1.004692e+01 6.276947e+00 3.743747e+00 3.323214e+01 3.667686e+00 6.240113e+00 1.457718e+01 1.431642e+01 5.000000e-02 1.928169e-01 4.423196e-01 7.069309e-01 6.677377e-01 6.378674e-01 9.367481e-01 1.248860e+00 1.422307e+00 1.093617e+00 3.900468e-01 6.570892e-01 9.742788e-01 5.000000e-02 5.000000e-02 5.000000e-02 5.000000e-02 2.115665e-01 2.468608e-01 8.195788e-02 1.629946e-01 3.843224e-01 2.553116e-01 5.000000e-02 2.099074e-01 2.030720e-01 5.000000e-02
<GCONST> 5.791703e+01
<STATE> 30
<MEAN> 39
 -9.392071e-01 -2.421303e+01 -9.510795e+00 1.888643e+00 -1.533641e+00 -6.872703e+00 6.179051e+00 -5.027910e-01 -1.379135e+00 -8.177231e+00 -1.812779e+00 9.909368e-01 3.473744e-01 -3.765341e-01 7.040108e-01 5.135949e-01 2.665194e-01 1.284871e+00 1.177142e-01 6.811151e-01 1.451908e+00 3.647715e-01 -3.835377e-01 -3.924562e-01 -3.430905e-02 -2.178362e-02 6.508522e-02 2.044889e-01 2.167189e-01 -2.301347e-01 -1.473211e-01 -7.932936e-02 -5.759689e-01 -1.910373e-01 1.418231e-01 -5.509008e-02 -1.473244e-02 -6.274664e-02 -7.827652e-04
<VARIANCE> 39
 1.825147e+00 1.508187e+00 9.565780e+00 4.590724e+00 1.056259e+01 2.890286e+00 1.650243e+01 1.761877e+01 1.082215e+01 8.935431e+00 1.366315e+01 1.498358e+01 5.000000e-02 2.713337e-01 4.033497e-01 2.789942e-01 6.804460e-01 9.041277e-01 3.748619e-01 1.542669e+00 1.989532e+00 4.463252e-01 5.541468e-01 3.743916e-01 6.077502e-01 5.000000e-02 5.000000e-02 1.206032e-01 1.352148e-01 6.129168e-02 6.733048e-02 1.084917e-01 2.673711e-01 3.504460e-01 2.037769e-01 1.035849e-01 1.204615e-01 2.596148e-01 5.000000e-02
<GCONST> 5.524329e+01
<STATE> 31
<MEAN> 39
 -1.413944e+00 -2.362298e+01 -8.817264e+00 9.802462e-01 -1.667567e-01 -5.194052e+00 5.346731e+00 1.023111e+00 -1.157714e+00 -1.063764e+01 -2.867165e+00 9.900810e-01 3.044869e-01 -3.345139e-01 8.683788e-01 4.727189e-01 -1.882283e-01 2.629722e-01 -1.192032e-01 -9.213517e-01 -4.998436e-01 -1.851361e-01 1.548428e-01 4.347694e-01 -1.614042e-01 -2.401773e-02 -4.604924e-02 1.003497e-01 1.798542e-01 2.577513e-01 -1.693309e-02 -4.639421e-02 -3.075191e-01 -6.364406e-01 -7.868810e-02 3.317217e-01 3.244857e-01 6.062574e-02 -1.832188e-03
<VARIANCE> 39
 8.313855e-01 1.797023e+00 3.728864e+00 6.386190e+00 9.218764e+00 1.971841e+00 6.265535e+00 1.136235e+01 9.740174e+00 2.349953e+00 5.854511e+00 1.115048e+01 5.000000e-02 3.399567e-01 7.115088e-01 1.013832e+00 5.389070e-01 3.786412e-01 4.143125e-01 7.094593e-01 1.251611e+00 1.046522e+00 5.752674e-01 6.795239e-01 1.159076e+00 5.000000e-02 5.000000e-02 8.629068e-02 5.819045e-02 1.279683e-01 1.657049e-01 7.459144e-02 2.240987e-01 2.255101e-01 1.034604e-01 8.318814e-02 1.005152e-01 2.376971e-01 5.000000e-02
<GCONST> 4.978203e+01
<STATE> 32
<MEAN> 39
 -1.522180e+00 -1.985549e+01 -7.356429e+00 -3.691568e-02 -1.337839e+00 -6.807664e+00 3.103478e+00 -3.355504e-01 -2.398028e+00 -7.416874e+00 9.760763e-02 -5.764616e-01 2.331743e-01 -3.327858e-01 7.016928e-01 5.660310e-01 4.723078e-01 4.892859e-01 -5.296236e-01 -1.211534e+00 -1.156079e+00 -2.759131e-02 3.990170e-01 5.093505e-01 1.382949e-01 -2.081509e-02 -7.664993e-03 2.617978e-02 -2.734344e-03 5.465259e-02 1.750633e-01 1.117070e-01 2.165957e-01 2.963443e-03 2.550688e-01 9.530269e-02 5.035112e-02 9.305039e-02 6.917740e-04
<VARIANCE> 39
 3.111793e+00 5.984035e+00 3.612990e+00 3.931991e+00 7.318377e+00 9.509400e+00 1.908398e+01 2.524901e+01 2.176473e+01 4.186802e+00 8.749960e-01 2.538699e+00 5.000000e-02 1.800008e-01 5.975287e-01 4.729376e-01 8.112999e-01 5.002500e-01 3.238332e-01 4.776260e-01 2.665470e-01 3.488688e-01 8.856989e-01 1.110079e+00 1.561434e+00 5.000000e-02 1.542882e-01 1.295846e-01 1.471744e-01 5.000000e-02 1.226766e-01 1.398781e-01 2.418792e-01 2.427109e-01 1.841041e-01 9.002563e-02 7.582270e-02 2.462178e-01 5.000000e-02
<GCONST> 5.249983e+01
<STATE> 33
<MEAN> 39
 -2.605822e+00 -2.033998e+01 -5.983280e+00 4.259473e+00 1.713062e+00 -6.812308e+00 2.080886e+00 -2.600421e+00 -1.093468e+00 -8.865239e+00 -1.210269e+00 1.664390e+00 2.392198e-01 -7.248527e-01 9.610501e-01 5.223724e-01 2.668091e-01 1.278207e+00 5.113232e-01 1.641876e-01 -2.697190e-01 4.498997e-01 4.664931e-01 7.793872e-01 2.968874e-01 -3.708911e-02 -9.122483e-02 2.811847e-01 -3.131564e-02 -5.286896e-01 -2.222151e-01 3.063917e-01 4.151265e-01 4.394020e-01 1.357313e-01 4.610851e-02 4.541636e-02 -1.321136e-01 -7.256505e-03
<VARIANCE> 39
 2.083465e+00 4.699374e+00 5.673794e+00 5.319057e+00 1.061850e+01 6.800352e+00 4.112026e+00 1.169754e+01 1.192802e+01 1.173288e+01 2.908591e+00 5.900000e+00 5.000000e-02 6.654115e-01 3.046956e-01 3.624599e-01 8.347205e-01 5.760005e-01 7.737898e-01 1.005316e+00 1.092697e+00 1.279356e+00 6.082754e-01 5.190188e-01 2.260131e+00 5.000000e-02 5.813241e-02 1.410135e-01 1.302054e-01 9.930974e-02 1.033579e-01 7.379281e-02 7.206634e-02 1.361973e-01 5.000000e-02 2.129124e-01 1.928936e-01 2.947153e-01 5.000000e-02
<GCONST> 5.465688e+01
<STATE> 34
<MEAN> 39
 -3.036230e+00 -1.851173e+01 -5.306212e+00 1.839069e+00 2.550185e+00 -5.561021e+00 3.237164e+00 -2.053882e+00 -6.781126e-01 -6.718145e+00 2.388153e+00 1.590304e+00 1.716292e-01 -3.766259e-01 2.141731e+00 9.264590e-01 -1.176986e+00 -7.245362e-02 5.657565e-01 3.239014e-01 6.412249e-01 5.144122e-01 8.934361e-01 4.730277e-01 -7.254881e-01 -3.702080e-02 -8.750061e-02 2.562417e-01 7.219783e-02 -3.582288e-01 -2.294383e-01 3.033586e-02 -1.076104e-01 1.945285e-01 -8.131048e-02 6.065292e-02 -4.769872e-01 -2.723423e-01 -5.203481e-03
<VARIANCE> 39
 4.320100e+00 8.825033e+00 2.690541e+00 4.311790e+00 7.305640e+00 6.712471e+00 2.475585e+00 2.006760e+00 8.019435e+00 8.118901e+00 2.808704e+00 1.594492e+01 5.000000e-02 2.964761e-01 4.571888e-01 4.121567e-01 3.682979e-01 3.024963e-01 6.293890e-01 3.023815e-01 9.126855e-01 2.992324e-01 5.268623e-01 1.003676e+00 5.186973e-01 5.000000e-02 5.000000e-02 1.091674e-01 5.000000e-02 8.185440e-02 1.581131e-01 1.957267e-01 1.439489e-01 1.502737e-01 1.100528e-01 1.571255e-01 5.000000e-02 3.681864e-01 5.000000e-02
<GCONST> 4.685497e+01
<STATE> 35
<MEAN> 39
 -4.811212e+00 -1.304740e+01 -3.458535e+00 -8.463115e-01 1.735199e+00 -4.432948e+00 3.128081e+00 -8.216520e-02 -7.148599e-02 -5.882575e+00 8.412442e-01 -8.434749e-01 6.798913e-02 -7.812107e-01 1.470748e+00 7.363079e-01 -8.130712e-01 -1.892358e-01 3.835743e-01 -4.383049e-01 2.569401e-01 3.047097e-01 6.111169e-01 -5.489030e-01 -3.063134e-01 -4.263943e-02 1.222443e-01 -4.894646e-01 -1.505626e-01 3.041820e-01 -1.148673e-01 -2.727274e-01 -1.736985e-01 -2.163219e-01 -1.159001e-01 -2.164940e-01 -2.246680e-01 2.604628e-01 9.893370e-03
<VARIANCE> 39
 2.650182e+00 1.849436e+00 7.215666e+00 2.043626e+00 6.926701e+00 8.342810e+00 4.047051e+00 5.717987e+00 1.158640e+01 6.299520e+00 9.629330e+00 7.717525e+00 5.000000e-02 7.705734e-02 8.208995e-01 2.185514e-01 3.639574e-01 8.583979e-01 8.789316e-01 7.476566e-01 5.490708e-01 1.421706e+00 8.686128e-01 5.359825e-01 1.058112e+00 5.000000e-02 5.000000e-02 7.002245e-02 8.125393e-02 5.182375e-02 9.079183e-02 1.839080e-01 7.956627e-02 1.785411e-01 1.311866e-01 9.781814e-02 3.160145e-01 2.112546e-01 5.000000e-02
<GCONST> 4.941344e+01
<STATE> 36
<MEAN> 39
 -6.529265e+00 -1.320813e+01 -2.901003e+00 -9.623519e-01 3.505111e+00 -3.411111e+00 1.284965e+00 -1.418916e+00 1.403205e+00 -4.420956e+00 9.612007e-01 2.506122e-01 1.884376e-02 -1.640604e-01 4.503427e-01 4.381486e-01 -8.533810e-02 -2.456675e-01 -3.773262e-01 -4.713237e-01 -3.732634e-01 1.164230e-02 1.544764e-02 -6.877151e-01 2.174008e-01 -1.424714e-02 1.810904e-01 -4.365270e-01 -1.925481e-01 2.959322e-01 5.745420e-02 -2.516651e-01 9.642588e-02 -1.019347e-01 -6.758235e-02 -2.253635e-01 1.943180e-01 1.219614e-01 1.133964e-02
<VARIANCE> 39
 1.015570e+00 1.800308e+00 3.254606e+00 1.270058e+00 1.542745e+00 1.346841e+01 1.210841e+01 4.210544e+00 2.631972e+01 6.610328e+00 4.093478e+00 2.929485e+00 5.000000e-02 1.576400e-01 1.736982e-01 4.440890e-01 3.181794e-01 6.100654e-01 1.229336e+00 9.162461e-01 2.361992e-01 3.304062e-01 2.084327e-01 1.599411e+00 5.102883e-01 5.000000e-02 5.000000e-02 1.661172e-01 1.047833e-01 5.000000e-02 1.752784e-01 1.198378e-01 1.192567e-01 8.962478e-02 4.448911e-01 1.715439e-01 5.000000e-02 3.326661e-01 5.000000e-02
<GCONST> 4.395622e+01
<TRANSP> 37
 0.000000e+00 1.000000e+00 0.000000e+00 0.000000e+00 0.000000e+00 0.000000e+00 0.000000e+00 0.000000e+00 0.000000e+00 0.000000e+00 0.000000e+00 0.000000e+00 0.000000e+00 0.000000e+00 0.000000e+00 0.000000e+00 0.000000e+00 0.000000e+00 0.000000e+00 0.000000e+00 0.000000e+00 0.000000e+00 0.000000e+00 0.000000e+00 0.000000e+00 0.000000e+00 0.000000e+00 0.000000e+00 0.000000e+00 0.000000e+00 0.000000e+00 0.000000e+00 0.000000e+00 0.000000e+00 0.000000e+00 0.000000e+00 0.000000e+00
 0.000000e+00 5.248255e-01 4.751746e-01 0.000000e+00 0.000000e+00 0.000000e+00 0.000000e+00 0.000000e+00 0.000000e+00 0.000000e+00 0.000000e+00 0.000000e+00 0.000000e+00 0.000000e+00 0.000000e+00 0.000000e+00 0.000000e+00 0.000000e+00 0.000000e+00 0.000000e+00 0.000000e+00 0.000000e+00 0.000000e+00 0.000000e+00 0.000000e+00 0.000000e+00 0.000000e+00 0.000000e+00 0.000000e+00 0.000000e+00 0.000000e+00 0.000000e+00 0.000000e+00 0.000000e+00 0.000000e+00 0.000000e+00 0.000000e+00
 0.000000e+00 0.000000e+00 4.999379e-01 5.000621e-01 0.000000e+00 0.000000e+00 0.000000e+00 0.000000e+00 0.000000e+00 0.000000e+00 0.000000e+00 0.000000e+00 0.000000e+00 0.000000e+00 0.000000e+00 0.000000e+00 0.000000e+00 0.000000e+00 0.000000e+00 0.000000e+00 0.000000e+00 0.000000e+00 0.000000e+00 0.000000e+00 0.000000e+00 0.000000e+00 0.000000e+00 0.000000e+00 0.000000e+00 0.000000e+00 0.000000e+00 0.000000e+00 0.000000e+00 0.000000e+00 0.000000e+00 0.000000e+00 0.000000e+00
 0.000000e+00 0.000000e+00 0.000000e+00 4.444974e-01 5.555027e-01 0.000000e+00 0.000000e+00 0.000000e+00 0.000000e+00 0.000000e+00 0.000000e+00 0.000000e+00 0.000000e+00 0.000000e+00 0.000000e+00 0.000000e+00 0.000000e+00 0.000000e+00 0.000000e+00 0.000000e+00 0.000000e+00 0.000000e+00 0.000000e+00 0.000000e+00 0.000000e+00 0.000000e+00 0.000000e+00 0.000000e+00 0.000000e+00 0.000000e+00 0.000000e+00 0.000000e+00 0.000000e+00 0.000000e+00 0.000000e+00 0.000000e+00 0.000000e+00
 0.000000e+00 0.000000e+00 0.000000e+00 0.000000e+00 2.857695e-01 7.142305e-01 0.000000e+00 0.000000e+00 0.000000e+00 0.000000e+00 0.000000e+00 0.000000e+00 0.000000e+00 0.000000e+00 0.000000e+00 0.000000e+00 0.000000e+00 0.000000e+00 0.000000e+00 0.000000e+00 0.000000e+00 0.000000e+00 0.000000e+00 0.000000e+00 0.000000e+00 0.000000e+00 0.000000e+00 0.000000e+00 0.000000e+00 0.000000e+00 0.000000e+00 0.000000e+00 0.000000e+00 0.000000e+00 0.000000e+00 0.000000e+00 0.000000e+00
 0.000000e+00 0.000000e+00 0.000000e+00 0.000000e+00 0.000000e+00 2.857148e-01 7.142852e-01 0.000000e+00 0.000000e+00 0.000000e+00 0.000000e+00 0.000000e+00 0.000000e+00 0.000000e+00 0.000000e+00 0.000000e+00 0.000000e+00 0.000000e+00 0.000000e+00 0.000000e+00 0.000000e+00 0.000000e+00 0.000000e+00 0.000000e+00 0.000000e+00 0.000000e+00 0.000000e+00 0.000000e+00 0.000000e+00 0.000000e+00 0.000000e+00 0.000000e+00 0.000000e+00 0.000000e+00 0.000000e+00 0.000000e+00 0.000000e+00
 0.000000e+00 0.000000e+00 0.000000e+00 0.000000e+00 0.000000e+00 0.000000e+00 4.444444e-01 5.555556e-01 0.000000e+00 0.000000e+00 0.000000e+00 0.000000e+00 0.000000e+00 0.000000e+00 0.000000e+00 0.000000e+00 0.000000e+00 0.000000e+00 0.000000e+00 0.000000e+00 0.000000e+00 0.000000e+00 0.000000e+00 0.000000e+00 0.000000e+00 0.000000e+00 0.000000e+00 0.000000e+00 0.000000e+00 0.000000e+00 0.000000e+00 0.000000e+00 0.000000e+00 0.000000e+00 0.000000e+00 0.000000e+00 0.000000e+00
 0.000000e+00 0.000000e+00 0.000000e+00 0.000000e+00 0.000000e+00 0.000000e+00 0.000000e+00 4.443747e-01 5.556253e-01 0.000000e+00 0.000000e+00 0.000000e+00 0.000000e+00 0.000000e+00 0.000000e+00 0.000000e+00 0.000000e+00 0.000000e+00 0.000000e+00 0.000000e+00 0.000000e+00 0.000000e+00 0.000000e+00 0.000000e+00 0.000000e+00 0.000000e+00 0.000000e+00 0.000000e+00 0.000000e+00 0.000000e+00 0.000000e+00 0.000000e+00 0.000000e+00 0.000000e+00 0.000000e+00 0.000000e+00 0.000000e+00
 0.000000e+00 0.000000e+00 0.000000e+00 0.000000e+00 0.000000e+00 0.000000e+00 0.000000e+00 0.000000e+00 1.668236e-01 8.331765e-01 0.000000e+00 0.000000e+00 0.000000e+00 0.000000e+00 0.000000e+00 0.000000e+00 0.000000e+00 0.000000e+00 0.000000e+00 0.000000e+00 0.000000e+00 0.000000e+00 0.000000e+00 0.000000e+00 0.000000e+00 0.000000e+00 0.000000e+00 0.000000e+00 0.000000e+00 0.000000e+00 0.000000e+00 0.000000e+00 0.000000e+00 0.000000e+00 0.000000e+00 0.000000e+00 0.000000e+00
 0.000000e+00 0.000000e+00 0.000000e+00 0.000000e+00 0.000000e+00 0.000000e+00 0.000000e+00 0.000000e+00 0.000000e+00 3.749859e-01 6.250141e-01 0.000000e+00 0.000000e+00 0.000000e+00 0.000000e+00 0.000000e+00 0.000000e+00 0.000000e+00 0.000000e+00 0.000000e+00 0.000000e+00 0.000000e+00 0.000000e+00 0.000000e+00 0.000000e+00 0.000000e+00 0.000000e+00 0.000000e+00 0.000000e+00 0.000000e+00 0.000000e+00 0.000000e+00 0.000000e+00 0.000000e+00 0.000000e+00 0.000000e+00 0.000000e+00
 0.000000e+00 0.000000e+00 0.000000e+00 0.000000e+00 0.000000e+00 0.000000e+00 0.000000e+00 0.000000e+00 0.000000e+00 0.000000e+00 3.751671e-01 6.248329e-01 0.000000e+00 0.000000e+00 0.000000e+00 0.000000e+00 0.000000e+00 0.000000e+00 0.000000e+00 0.000000e+00 0.000000e+00 0.000000e+00 0.000000e+00 0.000000e+00 0.000000e+00 0.000000e+00 0.000000e+00 0.000000e+00 0.000000e+00 0.000000e+00 0.000000e+00 0.000000e+00 0.000000e+00 0.000000e+00 0.000000e+00 0.000000e+00 0.000000e+00
 0.000000e+00 0.000000e+00 0.000000e+00 0.000000e+00 0.000000e+00 0.000000e+00 0.000000e+00 0.000000e+00 0.000000e+00 0.000000e+00 0.000000e+00 4.443877e-01 5.556123e-01 0.000000e+00 0.000000e+00 0.000000e+00 0.000000e+00 0.000000e+00 0.000000e+00 0.000000e+00 0.000000e+00 0.000000e+00 0.000000e+00 0.000000e+00 0.000000e+00 0.000000e+00 0.000000e+00 0.000000e+00 0.000000e+00 0.000000e+00 0.000000e+00 0.000000e+00 0.000000e+00 0.000000e+00 0.000000e+00 0.000000e+00 0.000000e+00
 0.000000e+00 0.000000e+00 0.000000e+00 0.000000e+00 0.000000e+00 0.000000e+00 0.000000e+00 0.000000e+00 0.000000e+00 0.000000e+00 0.000000e+00 0.000000e+00 4.999428e-01 5.000572e-01 0.000000e+00 0.000000e+00 0.000000e+00 0.000000e+00 0.000000e+00 0.000000e+00 0.000000e+00 0.000000e+00 0.000000e+00 0.000000e+00 0.000000e+00 0.000000e+00 0.000000e+00 0.000000e+00 0.000000e+00 0.000000e+00 0.000000e+00 0.000000e+00 0.000000e+00 0.000000e+00 0.000000e+00 0.000000e+00 0.000000e+00
 0.000000e+00 0.000000e+00 0.000000e+00 0.000000e+00 0.000000e+00 0.000000e+00 0.000000e+00 0.000000e+00 0.000000e+00 0.000000e+00 0.000000e+00 0.000000e+00 0.000000e+00 4.444769e-01 5.555232e-01 0.000000e+00 0.000000e+00 0.000000e+00 0.000000e+00 0.000000e+00 0.000000e+00 0.000000e+00 0.000000e+00 0.000000e+00 0.000000e+00 0.000000e+00 0.000000e+00 0.000000e+00 0.000000e+00 0.000000e+00 0.000000e+00 0.000000e+00 0.000000e+00 0.000000e+00 0.000000e+00 0.000000e+00 0.000000e+00
 0.000000e+00 0.000000e+00 0.000000e+00 0.000000e+00 0.000000e+00 0.000000e+00 0.000000e+00 0.000000e+00 0.000000e+00 0.000000e+00 0.000000e+00 0.000000e+00 0.000000e+00 0.000000e+00 4.443745e-01 5.556256e-01 0.000000e+00 0.000000e+00 0.000000e+00 0.000000e+00 0.000000e+00 0.000000e+00 0.000000e+00 0.000000e+00 0.000000e+00 0.000000e+00 0.000000e+00 0.000000e+00 0.000000e+00 0.000000e+00 0.000000e+00 0.000000e+00 0.000000e+00 0.000000e+00 0.000000e+00 0.000000e+00 0.000000e+00
 0.000000e+00 0.000000e+00 0.000000e+00 0.000000e+00 0.000000e+00 0.000000e+00 0.000000e+00 0.000000e+00 0.000000e+00 0.000000e+00 0.000000e+00 0.000000e+00 0.000000e+00 0.000000e+00 0.000000e+00 3.750258e-01 6.249742e-01 0.000000e+00 0.000000e+00 0.000000e+00 0.000000e+00 0.000000e+00 0.000000e+00 0.000000e+00 0.000000e+00 0.000000e+00 0.000000e+00 0.000000e+00 0.000000e+00 0.000000e+00 0.000000e+00 0.000000e+00 0.000000e+00 0.000000e+00 0.000000e+00 0.000000e+00 0.000000e+00
 0.000000e+00 0.000000e+00 0.000000e+00 0.000000e+00 0.000000e+00 0.000000e+00 0.000000e+00 0.000000e+00 0.000000e+00 0.000000e+00 0.000000e+00 0.000000e+00 0.000000e+00 0.000000e+00 0.000000e+00 0.000000e+00 3.750170e-01 6.249830e-01 0.000000e+00 0.000000e+00 0.000000e+00 0.000000e+00 0.000000e+00 0.000000e+00 0.000000e+00 0.000000e+00 0.000000e+00 0.000000e+00 0.000000e+00 0.000000e+00 0.000000e+00 0.000000e+00 0.000000e+00 0.000000e+00 0.000000e+00 0.000000e+00 0.000000e+00
 0.000000e+00 0.000000e+00 0.000000e+00 0.000000e+00 0.000000e+00 0.000000e+00 0.000000e+00 0.000000e+00 0.000000e+00 0.000000e+00 0.000000e+00 0.000000e+00 0.000000e+00 0.000000e+00 0.000000e+00 0.000000e+00 0.000000e+00 4.444437e-01 5.555563e-01 0.000000e+00 0.000000e+00 0.000000e+00 0.000000e+00 0.000000e+00 0.000000e+00 0.000000e+00 0.000000e+00 0.000000e+00 0.000000e+00 0.000000e+00 0.000000e+00 0.000000e+00 0.000000e+00 0.000000e+00 0.000000e+00 0.000000e+00 0.000000e+00
 0.000000e+00 0.000000e+00 0.000000e+00 0.000000e+00 0.000000e+00 0.000000e+00 0.000000e+00 0.000000e+00 0.000000e+00 0.000000e+00 0.000000e+00 0.000000e+00 0.000000e+00 0.000000e+00 0.000000e+00 0.000000e+00 0.000000e+00 0.000000e+00 2.857387e-01 7.142613e-01 0.000000e+00 0.000000e+00 0.000000e+00 0.000000e+00 0.000000e+00 0.000000e+00 0.000000e+00 0.000000e+00 0.000000e+00 0.000000e+00 0.000000e+00 0.000000e+00 0.000000e+00 0.000000e+00 0.000000e+00 0.000000e+00 0.000000e+00
 0.000000e+00 0.000000e+00 0.000000e+00 0.000000e+00 0.000000e+00 0.000000e+00 0.000000e+00 0.000000e+00 0.000000e+00 0.000000e+00 0.000000e+00 0.000000e+00 0.000000e+00 0.000000e+00 0.000000e+00 0.000000e+00 0.000000e+00 0.000000e+00 0.000000e+00 2.846267e-01 7.153733e-01 0.000000e+00 0.000000e+00 0.000000e+00 0.000000e+00 0.000000e+00 0.000000e+00 0.000000e+00 0.000000e+00 0.000000e+00 0.000000e+00 0.000000e+00 0.000000e+00 0.000000e+00 0.000000e+00 0.000000e+00 0.000000e+00
 0.000000e+00 0.000000e+00 0.000000e+00 0.000000e+00 0.000000e+00 0.000000e+00 0.000000e+00 0.000000e+00 0.000000e+00 0.000000e+00 0.000000e+00 0.000000e+00 0.000000e+00 0.000000e+00 0.000000e+00 0.000000e+00 0.000000e+00 0.000000e+00 0.000000e+00 0.000000e+00 5.005001e-01 4.994999e-01 0.000000e+00 0.000000e+00 0.000000e+00 0.000000e+00 0.000000e+00 0.000000e+00 0.000000e+00 0.000000e+00 0.000000e+00 0.000000e+00 0.000000e+00 0.000000e+00 0.000000e+00 0.000000e+00 0.000000e+00
 0.000000e+00 0.000000e+00 0.000000e+00 0.000000e+00 0.000000e+00 0.000000e+00 0.000000e+00 0.000000e+00 0.000000e+00 0.000000e+00 0.000000e+00 0.000000e+00 0.000000e+00 0.000000e+00 0.000000e+00 0.000000e+00 0.000000e+00 0.000000e+00 0.000000e+00 0.000000e+00 0.000000e+00 2.878169e-01 7.121831e-01 0.000000e+00 0.000000e+00 0.000000e+00 0.000000e+00 0.000000e+00 0.000000e+00 0.000000e+00 0.000000e+00 0.000000e+00 0.000000e+00 0.000000e+00 0.000000e+00 0.000000e+00 0.000000e+00
 0.000000e+00 0.000000e+00 0.000000e+00 0.000000e+00 0.000000e+00 0.000000e+00 0.000000e+00 0.000000e+00 0.000000e+00 0.000000e+00 0.000000e+00 0.000000e+00 0.000000e+00 0.000000e+00 0.000000e+00 0.000000e+00 0.000000e+00 0.000000e+00 0.000000e+00 0.000000e+00 0.000000e+00 0.000000e+00 4.419447e-01 5.580553e-01 0.000000e+00 0.000000e+00 0.000000e+00 0.000000e+00 0.000000e+00 0.000000e+00 0.000000e+00 0.000000e+00 0.000000e+00 0.000000e+00 0.000000e+00 0.000000e+00 0.000000e+00
 0.000000e+00 0.000000e+00 0.000000e+00 0.000000e+00 0.000000e+00 0.000000e+00 0.000000e+00 0.000000e+00 0.000000e+00 0.000000e+00 0.000000e+00 0.000000e+00 0.000000e+00 0.000000e+00 0.000000e+00 0.000000e+00 0.000000e+00 0.000000e+00 0.000000e+00 0.000000e+00 0.000000e+00 0.000000e+00 0.000000e+00 4.457051e-01 5.542949e-01 0.000000e+00 0.000000e+00 0.000000e+00 0.000000e+00 0.000000e+00 0.000000e+00 0.000000e+00 0.000000e+00 0.000000e+00 0.000000e+00 0.000000e+00 0.000000e+00
 0.000000e+00 0.000000e+00 0.000000e+00 0.000000e+00 0.000000e+00 0.000000e+00 0.000000e+00 0.000000e+00 0.000000e+00 0.000000e+00 0.000000e+00 0.000000e+00 0.000000e+00 0.000000e+00 0.000000e+00 0.000000e+00 0.000000e+00 0.000000e+00 0.000000e+00 0.000000e+00 0.000000e+00 0.000000e+00 0.000000e+00 0.000000e+00 3.757917e-01 6.242083e-01 0.000000e+00 0.000000e+00 0.000000e+00 0.000000e+00 0.000000e+00 0.000000e+00 0.000000e+00 0.000000e+00 0.000000e+00 0.000000e+00 0.000000e+00
 0.000000e+00 0.000000e+00 0.000000e+00 0.000000e+00 0.000000e+00 0.000000e+00 0.000000e+00 0.000000e+00 0.000000e+00 0.000000e+00 0.000000e+00 0.000000e+00 0.000000e+00 0.000000e+00 0.000000e+00 0.000000e+00 0.000000e+00 0.000000e+00 0.000000e+00 0.000000e+00 0.000000e+00 0.000000e+00 0.000000e+00 0.000000e+00 0.000000e+00 3.745493e-01 6.254507e-01 0.000000e+00 0.000000e+00 0.000000e+00 0.000000e+00 0.000000e+00 0.000000e+00 0.000000e+00 0.000000e+00 0.000000e+00 0.000000e+00
 0.000000e+00 0.000000e+00 0.000000e+00 0.000000e+00 0.000000e+00 0.000000e+00 0.000000e+00 0.000000e+00 0.000000e+00 0.000000e+00 0.000000e+00 0.000000e+00 0.000000e+00 0.000000e+00 0.000000e+00 0.000000e+00 0.000000e+00 0.000000e+00 0.000000e+00 0.000000e+00 0.000000e+00 0.000000e+00 0.000000e+00 0.000000e+00 0.000000e+00 0.000000e+00 4.999451e-01 5.000549e-01 0.000000e+00 0.000000e+00 0.000000e+00 0.000000e+00 0.000000e+00 0.000000e+00 0.000000e+00 0.000000e+00 0.000000e+00
 0.000000e+00 0.000000e+00 0.000000e+00 0.000000e+00 0.000000e+00 0.000000e+00 0.000000e+00 0.000000e+00 0.000000e+00 0.000000e+00 0.000000e+00 0.000000e+00 0.000000e+00 0.000000e+00 0.000000e+00 0.000000e+00 0.000000e+00 0.000000e+00 0.000000e+00 0.000000e+00 0.000000e+00 0.000000e+00 0.000000e+00 0.000000e+00 0.000000e+00 0.000000e+00 0.000000e+00 2.853579e-01 7.146421e-01 0.000000e+00 0.000000e+00 0.000000e+00 0.000000e+00 0.000000e+00 0.000000e+00 0.000000e+00 0.000000e+00
 0.000000e+00 0.000000e+00 0.000000e+00 0.000000e+00 0.000000e+00 0.000000e+00 0.000000e+00 0.000000e+00 0.000000e+00 0.000000e+00 0.000000e+00 0.000000e+00 0.000000e+00 0.000000e+00 0.000000e+00 0.000000e+00 0.000000e+00 0.000000e+00 0.000000e+00 0.000000e+00 0.000000e+00 0.000000e+00 0.000000e+00 0.000000e+00 0.000000e+00 0.000000e+00 0.000000e+00 0.000000e+00 3.781391e-01 6.218610e-01 0.000000e+00 0.000000e+00 0.000000e+00 0.000000e+00 0.000000e+00 0.000000e+00 0.000000e+00
 0.000000e+00 0.000000e+00 0.000000e+00 0.000000e+00 0.000000e+00 0.000000e+00 0.000000e+00 0.000000e+00 0.000000e+00 0.000000e+00 0.000000e+00 0.000000e+00 0.000000e+00 0.000000e+00 0.000000e+00 0.000000e+00 0.000000e+00 0.000000e+00 0.000000e+00 0.000000e+00 0.000000e+00 0.000000e+00 0.000000e+00 0.000000e+00 0.000000e+00 0.000000e+00 0.000000e+00 0.000000e+00 0.000000e+00 3.718313e-01 6.281686e-01 0.000000e+00 0.000000e+00 0.000000e+00 0.000000e+00 0.000000e+00 0.000000e+00
 0.000000e+00 0.000000e+00 0.000000e+00 0.000000e+00 0.000000e+00 0.000000e+00 0.000000e+00 0.000000e+00 0.000000e+00 0.000000e+00 0.000000e+00 0.000000e+00 0.000000e+00 0.000000e+00 0.000000e+00 0.000000e+00 0.000000e+00 0.000000e+00 0.000000e+00 0.000000e+00 0.000000e+00 0.000000e+00 0.000000e+00 0.000000e+00 0.000000e+00 0.000000e+00 0.000000e+00 0.000000e+00 0.000000e+00 0.000000e+00 4.999927e-01 5.000073e-01 0.000000e+00 0.000000e+00 0.000000e+00 0.000000e+00 0.000000e+00
 0.000000e+00 0.000000e+00 0.000000e+00 0.000000e+00 0.000000e+00 0.000000e+00 0.000000e+00 0.000000e+00 0.000000e+00 0.000000e+00 0.000000e+00 0.000000e+00 0.000000e+00 0.000000e+00 0.000000e+00 0.000000e+00 0.000000e+00 0.000000e+00 0.000000e+00 0.000000e+00 0.000000e+00 0.000000e+00 0.000000e+00 0.000000e+00 0.000000e+00 0.000000e+00 0.000000e+00 0.000000e+00 0.000000e+00 0.000000e+00 0.000000e+00 2.857124e-01 7.142876e-01 0.000000e+00 0.000000e+00 0.000000e+00 0.000000e+00
 0.000000e+00 0.000000e+00 0.000000e+00 0.000000e+00 0.000000e+00 0.000000e+00 0.000000e+00 0.000000e+00 0.000000e+00 0.000000e+00 0.000000e+00 0.000000e+00 0.000000e+00 0.000000e+00 0.000000e+00 0.000000e+00 0.000000e+00 0.000000e+00 0.000000e+00 0.000000e+00 0.000000e+00 0.000000e+00 0.000000e+00 0.000000e+00 0.000000e+00 0.000000e+00 0.000000e+00 0.000000e+00 0.000000e+00 0.000000e+00 0.000000e+00 0.000000e+00 3.755035e-01 6.244965e-01 0.000000e+00 0.000000e+00 0.000000e+00
 0.000000e+00 0.000000e+00 0.000000e+00 0.000000e+00 0.000000e+00 0.000000e+00 0.000000e+00 0.000000e+00 0.000000e+00 0.000000e+00 0.000000e+00 0.000000e+00 0.000000e+00 0.000000e+00 0.000000e+00 0.000000e+00 0.000000e+00 0.000000e+00 0.000000e+00 0.000000e+00 0.000000e+00 0.000000e+00 0.000000e+00 0.000000e+00 0.000000e+00 0.000000e+00 0.000000e+00 0.000000e+00 0.000000e+00 0.000000e+00 0.000000e+00 0.000000e+00 0.000000e+00 3.744985e-01 6.255016e-01 0.000000e+00 0.000000e+00
 0.000000e+00 0.000000e+00 0.000000e+00 0.000000e+00 0.000000e+00 0.000000e+00 0.000000e+00 0.000000e+00 0.000000e+00 0.000000e+00 0.000000e+00 0.000000e+00 0.000000e+00 0.000000e+00 0.000000e+00 0.000000e+00 0.000000e+00 0.000000e+00 0.000000e+00 0.000000e+00 0.000000e+00 0.000000e+00 0.000000e+00 0.000000e+00 0.000000e+00 0.000000e+00 0.000000e+00 0.000000e+00 0.000000e+00 0.000000e+00 0.000000e+00 0.000000e+00 0.000000e+00 0.000000e+00 5.000032e-01 4.999968e-01 0.000000e+00
 0.000000e+00 0.000000e+00 0.000000e+00 0.000000e+00 0.000000e+00 0.000000e+00 0.000000e+00 0.000000e+00 0.000000e+00 0.000000e+00 0.000000e+00 0.000000e+00 0.000000e+00 0.000000e+00 0.000000e+00 0.000000e+00 0.000000e+00 0.000000e+00 0.000000e+00 0.000000e+00 0.000000e+00 0.000000e+00 0.000000e+00 0.000000e+00 0.000000e+00 0.000000e+00 0.000000e+00 0.000000e+00 0.000000e+00 0.000000e+00 0.000000e+00 0.000000e+00 0.000000e+00 0.000000e+00 0.000000e+00 0.000000e+00 1.000000e+00
 0.000000e+00 0.000000e+00 0.000000e+00 0.000000e+00 0.000000e+00 0.000000e+00 0.000000e+00 0.000000e+00 0.000000e+00 0.000000e+00 0.000000e+00 0.000000e+00 0.000000e+00 0.000000e+00 0.000000e+00 0.000000e+00 0.000000e+00 0.000000e+00 0.000000e+00 0.000000e+00 0.000000e+00 0.000000e+00 0.000000e+00 0.000000e+00 0.000000e+00 0.000000e+00 0.000000e+00 0.000000e+00 0.000000e+00 0.000000e+00 0.000000e+00 0.000000e+00 0.000000e+00 0.000000e+00 0.000000e+00 0.000000e+00 0.000000e+00
<ENDHMM>
