~o
<STREAMINFO> 1 39
<VECSIZE> 39<NULLD><MFCC_E_D_A><DIAGC>
~h "Gio*"
<BEGINHMM>
<NUMSTATES> 28
<STATE> 2
<MEAN> 39
 -8.004377e+00 -1.125913e+01 -1.650800e+00 -1.395733e+00 2.791423e+00 -1.094372e+00 2.260485e+00 5.060483e-01 2.496547e+00 -2.745804e+00 3.720244e+00 -1.454825e-01 -5.852621e-02 4.356366e-01 9.399838e-01 6.037340e-02 -1.092915e+00 -2.457869e-01 -8.756799e-01 -2.819020e-01 -2.523767e-01 -1.323263e+00 -9.783027e-01 -1.258598e+00 -9.236333e-01 3.402876e-02 6.119291e-01 6.310537e-01 3.228197e-02 -1.046701e+00 -4.745955e-01 -8.820053e-01 -6.884039e-01 -5.109751e-01 -5.460417e-01 -4.120051e-01 -6.504443e-01 -2.772327e-01 3.254069e-02
<VARIANCE> 39
 1.051138e+00 2.448229e+00 8.949993e+00 9.948019e+00 7.697298e+00 9.795120e+00 5.134962e+00 8.082444e+00 1.833829e+01 1.532323e+01 1.799389e+01 1.047206e+01 5.000000e-02 7.131940e-01 8.631421e-01 9.481770e-01 1.923946e+00 2.413975e+00 1.620735e+00 5.282694e-01 1.017737e+00 1.719384e+00 1.142573e+00 9.768827e-01 1.345976e+00 5.000000e-02 2.631655e-01 1.116602e-01 9.604985e-02 3.570084e-01 2.675664e-01 1.972866e-01 9.971667e-02 1.690221e-01 5.488208e-01 3.791791e-01 3.782457e-01 2.094291e-01 5.000000e-02
<GCONST> 7.082832e+01
<STATE> 3
<MEAN> 39
 -5.520199e+00 -5.444442e+00 -3.375356e-01 -1.144110e+01 1.128208e+00 -7.499651e+00 -9.796599e-01 -2.499691e+00 -2.927208e+00 -7.289662e+00 -2.563174e+00 -3.227300e+00 1.530733e-01 2.112550e+00 1.683007e+00 -4.645702e-01 -3.978957e+00 -7.569055e-01 -2.274657e+00 -2.751874e+00 -9.321268e-01 -1.829551e+00 -1.500586e+00 -2.059126e+00 -1.104018e+00 1.373769e-01 3.572694e-01 -3.371791e-01 -1.066838e-01 8.390720e-02 -3.330688e-01 3.269137e-01 -1.450493e-01 4.912543e-02 4.268425e-02 3.690129e-01 1.684115e-01 1.268435e-01 1.596751e-02
<VARIANCE> 39
 1.146195e+01 4.867216e+00 6.734074e+00 6.770344e+01 5.872032e+01 2.455874e+01 3.151342e+01 4.800262e+00 1.661021e+01 1.290985e+01 1.808813e+01 1.818754e+00 5.000000e-02 2.716746e+00 8.745424e-01 1.297739e+00 3.234239e+00 2.372146e+00 2.703939e+00 9.467427e-01 1.114250e+00 5.199890e+00 3.892184e+00 2.909046e+00 1.491287e+00 5.000000e-02 3.912236e-01 1.675012e-01 3.618787e-01 8.616703e-01 1.186560e+00 3.255117e-01 4.312714e-01 1.161394e-01 4.345884e-01 7.092866e-01 2.227191e-01 2.607086e-01 5.000000e-02
<GCONST> 9.081615e+01
<STATE> 4
<MEAN> 39
 4.731815e+00 -3.197640e+00 -6.904491e+00 -1.412852e+01 -2.971109e+00 -1.413391e+01 -6.647431e+00 -6.206048e+00 -9.148789e+00 -1.121888e+01 -6.450342e+00 -7.669828e+00 5.299445e-01 1.430782e+00 5.396065e-01 -3.935518e-01 -1.742573e+00 -7.056033e-01 -8.497167e-01 -3.907067e-01 -8.831555e-03 -1.244219e+00 -5.805960e-01 -4.190468e-01 -7.863712e-01 8.956850e-02 -1.068554e+00 -4.542377e-01 7.108593e-01 1.137291e-01 3.068021e-01 6.665478e-01 8.041489e-01 4.663675e-01 6.582583e-01 1.049905e+00 9.669669e-01 6.340235e-01 -2.577488e-02
<VARIANCE> 39
 2.819981e+01 2.758392e+00 3.241788e+01 2.321478e+01 8.790494e+00 3.895555e+01 8.018177e+00 8.540716e+00 4.139792e+01 1.417155e+01 1.318008e+01 1.839494e+01 5.000000e-02 4.255022e+00 7.340074e-01 3.382914e+00 4.077760e+00 4.771472e+00 2.708966e+00 2.553018e+00 1.934974e+00 2.651884e+00 3.588561e+00 2.724818e+00 2.028595e+00 5.000000e-02 4.656719e-01 1.655297e-01 3.137245e-01 1.115720e+00 1.064996e+00 8.901286e-02 4.681371e-01 2.797164e-01 3.535981e-01 1.098664e-01 4.610053e-01 1.687284e-01 5.000000e-02
<GCONST> 9.367438e+01
<STATE> 5
<MEAN> 39
 1.251052e+00 -2.635191e+00 -2.179151e+00 -2.005921e+01 -1.648131e+00 -1.012375e+01 -4.344178e+00 -1.286370e+00 -9.478777e+00 -9.661666e+00 -2.874008e+00 -6.771875e+00 5.705909e-01 -5.808231e-01 -7.250819e-01 1.560560e+00 -2.553073e+00 -1.355464e+00 5.638093e-01 -4.251006e-01 9.947500e-03 6.506519e-01 2.965031e+00 7.105986e-01 1.070757e+00 6.236533e-02 -4.202875e-01 -7.777321e-01 -7.286502e-02 5.742960e-01 -1.130210e+00 -2.390207e-01 -2.062627e-02 -6.465034e-01 9.121535e-01 9.637294e-01 5.328934e-01 7.088113e-01 4.384192e-04
<VARIANCE> 39
 6.265087e+00 6.689045e+00 3.626212e+01 1.736101e+01 1.049957e+01 8.817059e+01 1.516398e+01 1.088549e+01 4.831186e+01 3.065925e+01 8.059349e+00 2.902828e+01 5.000000e-02 1.445052e+00 8.172585e-01 1.217765e+00 2.938176e+00 7.884981e+00 2.355316e+00 5.660764e+00 1.559964e+00 2.076048e+00 3.091993e+00 3.089875e+00 9.262455e-01 5.000000e-02 8.463020e-02 9.496355e-02 2.607046e-01 5.351250e-01 1.710646e-01 4.345784e-01 5.746778e-01 2.183910e-01 5.659485e-01 5.237776e-01 1.522537e-01 2.797278e-01 5.000000e-02
<GCONST> 9.117499e+01
<STATE> 6
<MEAN> 39
 -1.586379e+00 -7.963929e+00 2.437759e+00 -2.467987e+01 -1.111696e+01 -9.601167e+00 -9.496858e+00 -6.856636e+00 -2.500164e+00 2.499227e+00 -2.408983e+00 3.609000e-01 7.614412e-01 -9.149469e-01 -2.106939e+00 -7.047497e-01 5.062457e-01 -3.804921e+00 -1.821489e+00 1.227000e+00 -1.603289e+00 1.991088e+00 2.534971e+00 2.751649e+00 1.728699e+00 7.927138e-02 -1.536483e-01 -1.555145e-01 -1.033480e+00 1.224575e+00 3.456415e-01 -4.533931e-01 1.385818e+00 5.537462e-01 -9.530438e-02 -9.303955e-01 -4.019768e-02 -7.238204e-01 -1.258966e-02
<VARIANCE> 39
 6.680281e+00 1.217547e+01 3.185738e+01 8.580663e+00 3.625436e+01 9.000521e+01 6.050241e+01 2.026306e+01 2.194492e+01 4.573686e+01 4.473642e+01 2.033611e+01 5.000000e-02 6.129472e-01 7.895205e-01 2.033479e+00 1.970284e+00 1.307690e+00 2.546509e+00 5.601614e+00 1.899072e+00 1.495036e+00 4.271993e+00 1.273156e+00 2.124845e+00 5.000000e-02 1.321632e-01 1.309594e-01 1.537278e-01 2.100016e-01 1.116400e+00 7.120309e-01 6.476696e-01 6.969964e-01 3.891373e-01 7.622392e-01 1.258168e+00 4.472875e-01 5.000000e-02
<GCONST> 9.839999e+01
<STATE> 7
<MEAN> 39
 -3.971947e+00 -1.207019e+01 -4.519208e+00 -1.998464e+01 -1.690340e+01 -1.710609e+01 1.421458e+00 -6.731860e+00 7.968894e-01 3.364554e+00 6.556523e+00 3.487372e-01 8.974703e-01 -1.179942e+00 -1.749003e+00 -2.456394e+00 2.606342e+00 -8.377956e-01 -9.716769e-01 4.169713e+00 2.246643e+00 9.880874e-02 -2.445090e-01 -6.207680e-01 -1.699676e+00 1.503196e-02 2.444732e-01 2.138926e-01 -2.057840e-01 4.500383e-01 1.140845e+00 8.134133e-01 -2.620366e-01 1.460445e+00 -4.792468e-01 -8.503588e-01 -1.689901e+00 -6.952032e-01 -1.628613e-02
<VARIANCE> 39
 5.952336e+00 1.107512e+01 1.405268e+01 8.928023e+00 3.224030e+01 4.981629e+01 3.194515e+01 1.743570e+01 2.407458e+01 1.036669e+01 1.020119e+01 9.602083e+00 5.000000e-02 2.315352e-01 6.157886e-01 1.419437e+00 7.835596e-01 1.492993e+00 2.201348e+00 1.624987e+00 1.724514e+00 1.328425e+00 4.077466e+00 5.792168e+00 2.481865e+00 5.000000e-02 9.145585e-02 1.016521e-01 6.302252e-02 2.662282e-01 2.042996e-01 1.860316e-01 6.528444e-01 2.027218e-01 1.823088e-01 5.268354e-01 1.374597e-01 6.749121e-01 5.000000e-02
<GCONST> 8.147397e+01
<STATE> 8
<MEAN> 39
 -5.652388e+00 -1.565940e+01 -8.268556e+00 -1.336987e+01 -1.572846e+01 -1.614092e+01 7.293155e+00 6.211321e-01 -1.837914e+00 1.717533e+00 -1.749076e+00 -5.131605e+00 8.719719e-01 -1.081380e-01 -1.408293e+00 -2.039709e+00 2.740059e+00 8.076405e-01 9.742259e-01 1.383008e+00 4.235404e+00 5.257658e-01 -1.092923e+00 -2.946908e+00 -1.008817e+00 1.326044e-02 4.022340e-01 1.982370e-01 4.953279e-02 -3.884019e-01 4.763530e-01 5.109474e-01 -1.243811e+00 -5.921962e-02 5.145326e-01 -3.379289e-01 -3.194359e-01 5.218977e-01 5.737824e-03
<VARIANCE> 39
 6.030633e+00 6.513263e+00 4.009774e+00 5.438459e+00 8.770382e+00 1.757745e+01 2.268147e+01 2.252106e+01 2.742829e+01 5.888905e+00 1.172315e+01 2.517998e+01 5.000000e-02 2.640974e-01 2.272917e-01 1.059854e+00 6.773641e-01 4.431371e-01 9.258175e-01 2.414967e+00 3.639602e-01 4.949764e-01 1.249311e+00 4.683478e-01 1.904313e+00 5.000000e-02 5.000000e-02 1.014240e-01 1.880735e-01 1.956292e-01 1.102866e-01 3.002840e-01 2.057547e-01 3.796747e-01 2.114973e-01 4.266419e-01 6.616812e-01 3.428934e-01 5.000000e-02
<GCONST> 6.829725e+01
<STATE> 9
<MEAN> 39
 -5.015603e+00 -1.870941e+01 -1.207034e+01 -1.006714e+01 -1.231641e+01 -1.210934e+01 4.981674e+00 1.040820e+01 4.797711e+00 -1.562128e+00 -7.034238e+00 -2.824484e+00 9.618694e-01 3.839769e-01 -8.557524e-01 -1.848280e+00 8.777555e-01 1.378106e+00 1.044085e+00 -8.554308e-01 1.740189e+00 1.381438e+00 -1.026468e+00 -1.797323e+00 3.983837e-01 2.509974e-02 -8.578059e-03 3.600028e-01 -4.913301e-02 -4.102296e-01 1.038217e-01 -1.848227e-01 -4.230260e-01 -1.289456e+00 -4.291664e-02 -5.409637e-03 3.114958e-01 2.133606e-01 -4.938202e-03
<VARIANCE> 39
 4.798093e+00 6.898054e+00 4.331297e+00 2.113303e+00 1.360197e+01 1.806720e+01 3.212496e+01 6.846232e+00 1.951053e+01 1.035080e+01 1.351612e+01 2.657029e+01 5.000000e-02 1.238241e-01 3.789414e-01 8.541387e-01 9.457980e-01 1.875247e-01 1.278442e+00 1.533349e+00 2.778862e+00 1.496688e+00 1.236020e+00 5.433869e-01 4.521173e-01 5.000000e-02 5.420536e-02 5.000000e-02 1.470234e-01 1.480696e-01 7.745885e-02 1.374376e-01 2.761452e-01 1.197786e-01 1.303456e-01 3.250428e-01 8.564285e-02 2.171264e-01 5.000000e-02
<GCONST> 6.161728e+01
<STATE> 10
<MEAN> 39
 -3.207028e+00 -1.861343e+01 -1.903464e+01 -7.492644e+00 -9.063064e+00 -1.347994e+01 6.171610e+00 7.354617e+00 4.288720e+00 -4.339005e+00 -1.022991e+01 -5.429576e+00 9.803501e-01 6.209457e-02 1.665599e-01 -2.137849e+00 5.188625e-01 1.319637e+00 3.921371e-01 -1.459176e+00 -1.212077e+00 6.748587e-01 -9.203123e-01 -1.873191e+00 4.777321e-01 -2.660630e-03 -6.561984e-02 2.655106e-01 3.135518e-01 -2.959192e-01 -7.763398e-02 -1.315121e-01 -2.348020e-01 -3.605338e-01 -2.936985e-01 3.932490e-01 2.836874e-01 5.331477e-02 -7.055892e-03
<VARIANCE> 39
 4.790773e+00 5.201938e+00 5.505013e+00 4.735139e+00 2.816096e+01 4.514810e+01 4.499661e+01 1.180233e+01 1.241807e+01 7.119430e+00 8.247480e+00 2.811279e+01 5.000000e-02 1.233061e-01 2.918562e-01 4.023503e-01 1.684214e-01 4.534335e-01 1.053380e+00 1.910597e-01 9.274477e-01 4.844742e-01 1.402332e+00 9.107848e-01 1.071990e+00 5.000000e-02 5.000000e-02 5.000000e-02 5.000000e-02 1.015022e-01 1.224589e-01 1.845288e-01 2.105751e-01 3.330098e-01 1.254571e-01 1.035093e-01 1.004139e-01 8.216769e-02 5.000000e-02
<GCONST> 5.675747e+01
<STATE> 11
<MEAN> 39
 -4.918368e+00 -1.788610e+01 -2.094641e+01 -8.941713e+00 -7.828373e+00 -8.698947e+00 -1.626810e+00 6.774893e+00 7.359671e+00 -4.986395e+00 -1.338753e+01 -1.216513e+00 9.707282e-01 1.506267e-01 7.748272e-01 -7.535498e-01 -3.068214e-02 9.374551e-01 6.729263e-01 -9.254529e-01 -7.643255e-01 8.259503e-01 3.978893e-01 2.575373e-01 -3.867078e-02 -6.870060e-03 5.587621e-02 1.517668e-02 4.891080e-01 -7.483358e-03 -3.057095e-01 2.440335e-01 2.187852e-01 3.493043e-01 6.686361e-02 5.064218e-01 6.881228e-01 -1.631378e-01 -8.376777e-04
<VARIANCE> 39
 4.602043e+00 3.862600e+00 1.140719e+01 4.557994e+00 1.837951e+01 1.988388e+01 2.030884e+01 3.771701e+00 1.556276e+01 6.065005e+00 2.798463e+00 1.293449e+01 5.000000e-02 1.676633e-01 1.602887e-01 4.292518e-01 1.749275e-01 1.314246e+00 8.551861e-01 1.631854e-01 4.612764e-01 6.685116e-01 6.589823e-01 1.296947e+00 5.467677e-01 5.000000e-02 5.000000e-02 8.478844e-02 6.787291e-02 5.000000e-02 1.247752e-01 5.936264e-02 5.000000e-02 6.675758e-02 2.138898e-01 1.917798e-01 1.990000e-01 8.559097e-02 5.000000e-02
<GCONST> 4.903286e+01
<STATE> 12
<MEAN> 39
 -4.298614e+00 -1.632737e+01 -2.305805e+01 -7.892465e+00 -4.645766e+00 -9.502645e+00 -1.033341e+00 5.180501e+00 8.121050e+00 -3.225746e+00 -1.073099e+01 -4.773726e+00 9.436513e-01 1.172607e-01 -6.698315e-02 -3.431783e-01 2.765479e-01 -1.241892e-01 1.494753e+00 -9.528109e-01 -4.743684e-03 5.981556e-01 6.028952e-01 4.887666e-01 -2.532579e-01 -6.892199e-03 7.965574e-02 -2.622388e-01 1.823011e-01 -3.589708e-02 -3.026275e-01 1.064079e-01 -2.615190e-02 1.095563e-01 -1.994482e-01 3.450722e-02 -1.124897e-01 -8.052088e-02 -9.164383e-05
<VARIANCE> 39
 3.927298e+00 3.845556e+00 2.202671e+01 6.141097e+00 3.549991e+01 7.498089e+01 4.481053e+01 3.834131e+00 1.759475e+01 9.760493e-01 4.998540e+00 9.758857e+00 5.000000e-02 8.998933e-02 1.788046e-01 3.470205e-01 7.208653e-02 4.296118e-01 1.240552e+00 3.772770e-01 4.568674e-01 1.293657e+00 3.964589e-01 3.923897e-01 1.353065e-01 5.000000e-02 5.000000e-02 5.000000e-02 9.901300e-02 5.000000e-02 1.473606e-01 3.074510e-01 5.000000e-02 1.061636e-01 1.120118e-01 1.515380e-01 1.903718e-01 8.156935e-02 5.000000e-02
<GCONST> 4.839360e+01
<STATE> 13
<MEAN> 39
 -2.362020e+00 -1.760851e+01 -2.279139e+01 -6.483570e+00 -5.889552e+00 -6.761410e+00 -9.777178e-01 6.054433e+00 7.846061e+00 -7.612125e-01 -1.159240e+01 -3.942214e+00 9.243504e-01 2.077458e-01 -3.602615e-01 2.144537e-01 -3.382443e-01 -9.624840e-02 5.716831e-01 -5.439278e-01 -1.191399e-01 1.361639e-01 5.110095e-01 1.542989e-01 -6.800168e-01 -8.167614e-03 5.270610e-02 4.750253e-02 8.934241e-02 -2.163402e-01 6.077408e-02 -3.595870e-01 -5.529401e-02 1.275256e-02 -2.498869e-01 -3.840357e-02 -3.781487e-02 -2.079007e-01 -7.896876e-04
<VARIANCE> 39
 3.996222e+00 2.139495e+00 7.954584e+00 2.921087e+00 1.764237e+01 3.164257e+01 1.859109e+01 7.100503e+00 3.015819e+01 8.803832e+00 1.150883e+01 1.722906e+01 5.000000e-02 1.902206e-01 2.656124e-01 3.381924e-01 3.425710e-01 8.209199e-01 6.826528e-01 9.072729e-01 1.594581e+00 1.735778e+00 2.218747e+00 7.450761e-01 1.517720e-01 5.000000e-02 5.000000e-02 5.000000e-02 8.574598e-02 5.000000e-02 1.455916e-01 2.046552e-01 3.259486e-01 3.237553e-01 5.051796e-01 2.050591e-01 2.364859e-01 5.847470e-02 5.000000e-02
<GCONST> 6.012485e+01
<STATE> 14
<MEAN> 39
 -2.156447e+00 -1.809979e+01 -2.226066e+01 -8.498252e+00 -7.711714e+00 -3.607100e+00 -6.172333e+00 4.967360e+00 8.206083e+00 -1.338197e+00 -1.138515e+01 -6.164838e+00 9.120212e-01 4.301306e-01 1.606482e-01 8.904472e-02 -7.325726e-01 -2.547796e-01 -1.765844e-01 -1.891355e+00 6.743130e-01 -1.267087e+00 9.652906e-01 -1.762506e-01 -1.005253e+00 -1.014661e-02 7.928757e-02 2.022115e-01 -1.809399e-01 7.411831e-02 1.508861e-01 -3.000501e-01 1.085389e-01 3.586863e-01 -2.766173e-01 2.043303e-01 4.693363e-02 5.079388e-02 -3.759844e-04
<VARIANCE> 39
 3.071059e+00 1.171008e+01 3.860630e+00 7.020259e+00 7.988808e+00 2.557019e+01 1.660046e+01 1.369666e+01 1.491400e+01 3.475720e+01 6.968700e+00 1.803764e+01 5.000000e-02 1.082377e-01 2.008291e-01 6.481849e-01 3.164992e-01 1.905515e-01 6.912821e-01 3.577225e-01 7.269709e-01 1.110235e+00 8.646057e-01 1.914224e+00 4.854693e-01 5.000000e-02 5.000000e-02 5.000000e-02 1.207308e-01 5.144445e-02 1.176034e-01 2.431402e-01 1.716481e-01 2.237342e-01 4.996929e-01 5.894829e-01 7.070115e-02 5.000000e-02 5.000000e-02
<GCONST> 5.774747e+01
<STATE> 15
<MEAN> 39
 -2.356354e+00 -1.632543e+01 -2.263176e+01 -8.816174e+00 -8.113159e+00 -4.145179e+00 -8.882593e+00 7.682249e+00 6.446919e+00 1.719104e+00 -1.089728e+01 -6.686944e+00 8.998469e-01 6.046206e-01 3.645464e-01 -7.809932e-01 3.595167e-01 -1.482295e-02 -2.058150e-01 8.198730e-02 5.334916e-01 -5.558587e-01 4.806481e-01 2.642246e-01 -5.747629e-01 -1.095001e-02 4.891849e-02 -1.087383e-01 2.581376e-02 1.337845e-01 -5.775116e-02 1.338593e-01 2.765395e-01 -9.729049e-02 3.284549e-01 -3.038858e-01 1.133083e-01 2.393384e-01 -1.631343e-03
<VARIANCE> 39
 3.608713e+00 6.520845e+00 9.848722e+00 4.019909e+00 1.423838e+01 2.177598e+01 1.075321e+01 6.402598e+00 7.079885e+00 3.654961e+00 9.775347e+00 1.457552e+01 5.000000e-02 2.861631e-01 1.907031e-01 1.241685e+00 1.054176e+00 1.431056e+00 2.117157e+00 5.579140e-01 6.355477e-01 1.284953e+00 1.454647e+00 6.920151e-01 2.729456e-01 5.000000e-02 5.000000e-02 5.000000e-02 1.667547e-01 6.943020e-02 8.686476e-02 5.000000e-02 1.155204e-01 5.000000e-02 6.915737e-02 1.215704e-01 1.239730e-01 5.910973e-02 5.000000e-02
<GCONST> 5.336170e+01
<STATE> 16
<MEAN> 39
 8.344991e-01 -1.790790e+01 -2.396345e+01 -7.219903e+00 -8.268501e+00 -3.876551e+00 -6.498186e+00 6.235276e+00 6.983148e+00 6.214705e-01 -9.850175e+00 -7.519767e+00 8.357537e-01 5.339320e-01 -8.790312e-02 2.398063e-01 5.084202e-02 -2.553859e-01 5.334346e-01 -6.975793e-01 5.719460e-01 2.765428e-01 3.552286e-02 1.392136e-02 9.128945e-01 -1.950854e-02 -1.387195e-01 1.291036e-01 2.741853e-01 1.518776e-02 1.907636e-01 -1.265042e-03 -2.762243e-02 1.105440e-01 6.556721e-02 9.669948e-02 -1.549346e-01 2.546411e-01 -3.102274e-03
<VARIANCE> 39
 6.069865e+00 9.043355e+00 8.851078e+00 1.357464e+01 6.444987e+01 4.247732e+01 2.407164e+01 1.161552e+01 1.682139e+01 1.047833e+01 1.116840e+01 1.119325e+01 5.000000e-02 2.097619e-01 2.634088e-01 5.027359e-01 7.280124e-01 1.183890e+00 1.353742e+00 2.512122e-01 2.807857e-01 1.151188e+00 6.072486e-01 2.006362e-01 9.262186e-01 5.000000e-02 8.682487e-02 8.912120e-02 2.719154e-01 2.689062e-01 4.006959e-01 3.028150e-01 1.208549e-01 8.995847e-02 2.259750e-01 1.338261e-01 1.423338e-01 1.724204e-01 5.000000e-02
<GCONST> 6.559691e+01
<STATE> 17
<MEAN> 39
 -4.607672e-01 -1.685161e+01 -2.151376e+01 -1.047094e+01 -6.971207e+00 -5.192270e+00 -1.083350e+01 1.073799e+01 6.727265e+00 4.342800e+00 -1.270201e+01 -3.013916e+00 8.114886e-01 3.684361e-01 2.851121e-01 6.433589e-01 4.607499e-01 2.197426e-01 -7.611919e-02 -2.466482e-01 7.879136e-02 3.381479e-01 6.821856e-02 -5.070599e-01 8.633284e-01 -2.965313e-02 4.085496e-02 1.216286e-01 -2.214312e-02 3.077568e-01 1.513236e-01 7.049944e-02 3.572759e-01 -3.429468e-01 6.159681e-02 -4.381910e-01 3.107924e-01 -2.095615e-01 -5.279752e-03
<VARIANCE> 39
 6.996546e+00 4.553304e+00 8.019411e+00 9.880072e+00 1.948067e+01 2.396425e+01 9.010056e+00 7.568017e+00 3.199554e+01 9.522942e+00 1.543472e+01 3.745163e+01 5.000000e-02 3.248085e-01 3.507088e-01 7.272742e-01 6.901860e-01 1.033199e+00 1.779733e+00 4.036003e-01 7.457582e-01 1.634175e+00 1.811039e+00 2.656843e+00 3.422840e-01 5.000000e-02 7.998487e-02 5.000000e-02 5.153402e-02 2.451870e-01 2.722358e-01 7.313958e-01 1.256245e-01 1.230832e-01 3.218183e-01 7.473253e-02 4.880581e-01 4.775083e-01 5.000000e-02
<GCONST> 6.964758e+01
<STATE> 18
<MEAN> 39
 1.959117e+00 -1.504120e+01 -2.183743e+01 -5.132890e+00 -7.260885e+00 -2.020331e+00 -9.557886e+00 9.192595e+00 8.333671e+00 1.736182e+00 -1.134557e+01 -3.350157e+00 7.277682e-01 5.199482e-01 4.294356e-01 6.650156e-01 6.267246e-01 1.361573e+00 -2.098460e-01 1.459160e+00 -9.671344e-01 -1.180197e-01 -9.739937e-01 8.455644e-01 -5.996355e-01 -4.026832e-02 2.413078e-02 -2.425837e-01 1.624178e-01 -2.739919e-01 3.170854e-01 -6.688431e-01 7.331164e-01 -4.279398e-01 -4.452858e-01 -3.040228e-01 -5.342352e-02 -5.838405e-01 -3.423242e-03
<VARIANCE> 39
 4.124961e+00 9.153978e+00 2.625220e+00 6.981819e+00 1.427644e+01 1.063799e+01 1.967769e+01 1.506455e+01 3.946224e+01 1.003402e+01 3.364057e+00 2.892120e+01 5.000000e-02 1.271674e+00 6.805360e-01 5.430537e-01 2.146939e+00 2.431588e+00 4.527284e+00 6.908993e-01 1.781021e+00 2.232526e+00 4.834078e-01 1.552434e+00 3.669271e+00 5.000000e-02 6.426930e-02 9.255065e-02 8.390195e-02 2.203953e-01 2.334108e-01 4.958449e-01 3.338828e-01 1.185420e-01 4.706549e-01 9.293784e-02 8.815325e-02 4.019772e-01 5.000000e-02
<GCONST> 7.396424e+01
<STATE> 19
<MEAN> 39
 1.651904e+00 -1.423510e+01 -2.092565e+01 -5.361773e+00 -8.500926e-01 -7.246822e+00 -2.315394e+00 5.660008e+00 5.593473e+00 -1.474282e+00 -7.852585e+00 -9.475788e+00 6.354907e-01 8.477107e-01 -3.240615e-01 1.036432e+00 4.740658e-01 1.056387e+00 -9.991766e-01 2.044929e+00 -7.529283e-01 -5.518349e-01 -1.125539e+00 -2.496380e-01 -6.535420e-01 -3.801027e-02 1.673443e-01 -5.150229e-01 2.868479e-01 -2.188787e-01 -4.924446e-01 1.726830e-01 -9.568491e-02 7.857731e-02 3.611487e-01 1.736602e-01 -1.106494e-01 7.560599e-01 -8.533054e-04
<VARIANCE> 39
 8.445833e+00 4.504288e+00 6.134319e+00 2.146138e+01 2.403569e+01 3.287803e+01 2.207964e+01 1.647019e+01 7.845116e+00 1.017173e+01 2.654318e+01 4.039870e+01 5.000000e-02 9.643741e-01 1.341528e+00 8.466852e-01 1.589289e+00 1.465788e+00 2.971663e+00 2.891603e+00 4.973377e-01 3.015662e+00 1.087359e+00 1.244603e+00 5.187641e+00 5.000000e-02 3.437221e-01 1.863725e-01 1.630540e-01 6.132786e-01 2.643549e-01 7.386140e-01 1.979254e-01 2.081203e-01 3.437340e-01 1.549177e-01 6.103452e-01 1.007927e+00 5.000000e-02
<GCONST> 8.728432e+01
<STATE> 20
<MEAN> 39
 5.728144e+00 -1.693237e+01 -1.742154e+01 -6.238194e+00 -3.320846e+00 -6.575157e+00 -7.955509e-01 4.967639e+00 4.985936e+00 -2.073713e+00 -9.471680e+00 -7.585923e+00 5.869212e-01 -8.765108e-03 -6.078462e-01 1.143867e+00 1.854604e-01 1.596593e-01 -5.562895e-01 8.176404e-01 -6.743407e-01 1.198241e-02 -7.194539e-01 3.645298e-01 1.835265e-01 -4.109905e-02 -3.234535e-01 4.662298e-02 -2.282434e-02 4.807818e-02 4.356868e-02 -1.677345e-01 -2.185202e-01 1.321154e-01 -3.969597e-02 1.995315e-01 2.977579e-01 9.721369e-02 -1.332939e-03
<VARIANCE> 39
 3.086232e+00 4.607464e+00 7.628210e+00 5.897476e+00 6.234877e+00 9.272414e+00 7.777153e+00 7.757400e+00 1.155023e+01 1.076629e+01 3.931766e+00 4.331840e+00 5.000000e-02 5.783057e-01 5.599870e-01 1.078398e+00 1.446914e+00 1.252922e+00 2.767440e+00 1.235221e+00 4.900454e-01 1.007238e+00 5.303549e-01 8.286159e-01 1.962805e+00 5.000000e-02 9.508930e-02 5.000000e-02 1.427303e-01 2.565061e-01 2.040249e-01 2.042661e-01 1.893046e-01 1.018426e-01 3.489694e-01 2.641779e-01 1.560425e-01 2.401544e-01 5.000000e-02
<GCONST> 6.343380e+01
<STATE> 21
<MEAN> 39
 3.502592e+00 -1.930708e+01 -1.398098e+01 -4.844149e+00 -1.713650e+00 -9.908936e+00 1.264059e+00 3.307843e+00 6.911478e+00 -4.444603e+00 -7.169809e+00 -3.300073e+00 4.298061e-01 -5.453253e-01 -5.275617e-01 9.844658e-01 -9.269609e-02 3.318352e-01 -1.287355e+00 5.406427e-01 1.205292e-02 2.133950e-01 4.901783e-01 1.399425e+00 7.150117e-01 -3.939396e-02 -2.081672e-01 2.852917e-01 -3.584373e-01 4.943931e-03 7.361934e-02 3.319210e-01 -4.300792e-01 2.363257e-01 1.409649e-01 4.150577e-01 -7.238360e-02 -2.898998e-02 4.138680e-03
<VARIANCE> 39
 1.226725e+00 1.882305e+00 4.077780e+00 7.647029e+00 5.245183e+00 1.156782e+01 7.210281e+00 7.003421e+00 8.548879e+00 8.672266e+00 1.123537e+01 2.481420e+01 5.000000e-02 1.360069e-01 2.018767e-01 5.513558e-01 1.562369e+00 9.910649e-01 6.554512e-01 6.403666e-01 8.454896e-01 1.425781e+00 1.737013e+00 7.942304e-01 5.292934e-01 5.000000e-02 5.000000e-02 5.000000e-02 1.775029e-01 3.553397e-01 1.927724e-01 3.908941e-01 4.445756e-01 1.551574e-01 2.924884e-01 1.362418e-01 1.676392e-01 2.903530e-01 5.000000e-02
<GCONST> 5.992191e+01
<STATE> 22
<MEAN> 39
 2.081315e+00 -1.882486e+01 -1.288136e+01 -4.722621e+00 2.413624e-01 -1.098225e+01 1.067936e+00 4.003666e+00 6.584875e+00 -1.587600e+00 -4.864591e+00 -3.291110e+00 3.552221e-01 -6.756309e-01 1.708604e-01 -2.348208e-01 -4.268044e-01 9.373502e-01 3.363634e-02 -3.335761e-01 -2.952289e-01 1.658703e-01 5.424117e-01 5.895985e-01 8.357871e-01 -3.425094e-02 1.260274e-01 2.968667e-01 -2.214283e-01 4.541815e-02 -1.999163e-01 4.091312e-01 -1.498577e-01 -1.167367e-01 -2.607958e-02 -4.822764e-01 -3.438070e-01 -8.837973e-02 4.501195e-03
<VARIANCE> 39
 1.760455e+00 1.199581e+01 1.256348e+01 6.716950e+00 1.883771e+01 1.048531e+01 7.591076e+00 7.934296e+00 1.711504e+01 1.828752e+01 9.875861e+00 1.384766e+01 5.000000e-02 1.081879e-01 3.935966e-01 1.093026e+00 6.050038e-01 1.181080e+00 1.481214e+00 1.666993e+00 1.346243e+00 4.138233e-01 5.375147e-01 1.200900e+00 1.198143e+00 5.000000e-02 5.682130e-02 7.932590e-02 1.805929e-01 2.633326e-01 4.326533e-01 1.208604e-01 2.101503e-01 1.986388e-01 1.824804e-01 3.826779e-01 2.530613e-01 1.920996e-01 5.000000e-02
<GCONST> 6.662187e+01
<STATE> 23
<MEAN> 39
 8.965480e-01 -1.877318e+01 -1.473091e+01 -6.061401e+00 1.008351e+00 -1.065723e+01 4.751508e-01 4.037423e+00 7.175756e+00 -3.090570e+00 -4.937665e+00 -1.691119e+00 2.895787e-01 1.670677e-01 1.152132e+00 7.005146e-01 7.447119e-01 1.268181e-01 5.987734e-01 1.510346e-01 -2.827148e-01 -4.067752e-01 -1.590786e+00 -4.284355e-01 -9.170736e-02 -1.562865e-02 1.120662e-01 2.160076e-01 5.873487e-01 3.864969e-01 -2.868765e-01 2.436015e-01 2.071987e-01 -5.893150e-02 -2.701029e-01 -4.562787e-01 -2.470768e-01 -2.437940e-01 2.335956e-03
<VARIANCE> 39
 2.063076e+00 6.693773e+00 2.984866e+00 2.617708e+00 1.198130e+01 2.754232e+01 1.580791e+01 1.018902e+01 6.682395e+00 8.453389e+00 1.529270e+01 8.072001e+00 5.000000e-02 5.486735e-01 3.109180e-01 7.678351e-01 7.718449e-01 2.510886e+00 5.738097e-01 6.924834e-01 1.177390e+00 3.209343e-01 7.643697e-01 1.286607e+00 6.520091e-01 5.000000e-02 6.526584e-02 6.374819e-02 9.643800e-02 6.285416e-02 3.088737e-01 1.590188e-01 2.020294e-01 2.598535e-01 9.161975e-02 1.145348e-01 3.137740e-01 2.580386e-01 5.000000e-02
<GCONST> 5.977127e+01
<STATE> 24
<MEAN> 39
 2.297809e+00 -1.496553e+01 -9.865392e+00 -2.320028e+00 2.672077e-01 -7.840140e+00 1.055475e+00 1.671349e+00 6.267721e+00 -6.811413e+00 -6.198761e+00 -1.690805e+00 2.812605e-01 -5.212119e-01 9.665069e-01 1.699208e+00 4.577422e-01 -4.056939e-01 8.416465e-01 -2.517085e-02 -3.731588e-01 -5.695130e-01 -9.639912e-01 -2.462393e-02 -3.192264e-01 -2.882500e-02 -4.162764e-01 -3.129562e-01 -1.223758e-01 -3.840830e-01 -1.810510e-01 -1.567829e-01 1.168048e-02 1.744320e-01 -1.502292e-01 4.422814e-01 4.557508e-01 3.790424e-02 -9.110775e-03
<VARIANCE> 39
 1.804305e+00 4.932934e+00 9.721454e+00 3.951695e+00 9.656280e+00 1.653557e+01 1.082800e+01 1.746081e+01 1.120000e+01 8.607577e+00 1.050711e+01 6.025631e+00 5.000000e-02 6.035792e-01 2.748988e-01 7.335643e-01 8.866462e-01 1.471919e+00 9.903618e-01 5.901101e-01 5.636559e-01 9.357398e-01 9.621413e-01 1.013268e+00 7.061734e-01 5.000000e-02 5.000000e-02 6.097531e-02 2.161485e-01 1.481989e-01 3.458767e-01 1.077319e-01 1.318428e-01 1.632505e-01 5.590080e-02 8.391724e-02 1.223858e-01 1.362169e-01 5.000000e-02
<GCONST> 5.834787e+01
<STATE> 25
<MEAN> 39
 -6.787853e-01 -1.576374e+01 -9.256028e+00 -3.133222e+00 -1.751093e-01 -9.322499e+00 4.946097e-01 2.144077e+00 2.829342e+00 -7.648692e+00 -3.362671e+00 -1.034167e+00 1.763435e-01 -1.260449e+00 1.504882e-01 6.358978e-01 -2.954745e-01 -4.447533e-01 2.753694e-01 2.652817e-01 4.691495e-02 -6.594899e-01 -8.674020e-03 8.664249e-01 1.737910e-03 -4.746000e-02 -8.507983e-02 9.482283e-02 -8.762421e-02 -1.371164e-01 1.479224e-01 4.984441e-02 -1.251662e-03 8.181486e-02 6.628302e-01 5.252393e-01 -1.411583e-01 -2.255993e-01 -4.055066e-03
<VARIANCE> 39
 3.153009e+00 9.894484e+00 1.525308e+01 5.832023e+00 5.313042e+00 1.776921e+01 2.874849e+00 6.362316e+00 2.300572e+01 9.921667e+00 5.669830e+00 4.231512e+00 5.000000e-02 1.084500e-01 5.818509e-01 4.234667e-01 1.081464e+00 9.668725e-01 1.717547e+00 1.364361e+00 8.674446e-01 1.259251e+00 4.495158e-01 6.168887e-01 4.020051e-01 5.000000e-02 6.416637e-02 1.212685e-01 2.405747e-01 1.323254e-01 1.916208e-01 1.382929e-01 6.300838e-02 5.000000e-02 2.974016e-01 1.506571e-01 1.565841e-01 1.174754e-01 5.000000e-02
<GCONST> 5.705378e+01
<STATE> 26
<MEAN> 39
 -3.640901e+00 -1.333816e+01 -7.094398e+00 -4.321978e+00 -1.040752e+00 -5.945621e+00 2.147053e+00 3.160319e+00 5.648771e+00 -4.882643e+00 -3.813483e+00 -4.815894e+00 6.880235e-02 -1.045215e+00 4.017843e-01 3.444474e-01 -3.775147e-01 8.398917e-02 6.732229e-01 1.493725e-01 3.283995e-01 1.524143e+00 1.086752e+00 5.798144e-01 -3.880259e-01 -4.032431e-02 1.616523e-01 1.325469e-02 -4.697710e-02 1.162893e-01 2.593880e-01 5.757626e-02 -1.215794e-01 -9.406286e-02 6.986856e-02 7.240574e-02 8.825585e-02 1.090498e-01 7.977274e-03
<VARIANCE> 39
 2.253169e+00 3.062467e+00 6.624629e+00 1.180011e+01 4.827040e+00 2.014926e+01 1.329566e+01 2.162892e+01 1.467208e+01 9.164922e+00 1.246216e+01 8.764388e+00 5.000000e-02 2.769485e-01 7.824571e-01 9.200841e-01 5.935921e-01 6.786985e-01 9.255217e-01 7.952951e-01 1.033397e+00 1.819888e+00 1.187648e+00 8.403090e-01 9.019613e-01 5.000000e-02 5.398703e-02 6.099453e-02 1.596785e-01 2.552482e-01 1.911275e-01 1.370664e-01 2.973023e-01 2.692996e-01 3.997175e-01 2.171646e-01 1.770317e-01 9.756521e-02 5.000000e-02
<GCONST> 6.492648e+01
<STATE> 27
<MEAN> 39
 -6.365098e+00 -1.277981e+01 -5.556484e+00 -5.394729e+00 -7.718057e-02 -3.387623e+00 1.142886e+00 2.978770e+00 9.775142e+00 -3.015118e+00 -9.941838e-01 -2.861220e+00 -8.668523e-03 -4.122771e-01 5.627968e-01 8.521145e-01 1.938912e-01 2.571588e-02 3.312615e-01 -2.986270e-01 -4.528199e-01 -3.011881e-01 -2.063514e-02 4.872942e-01 3.780565e-02 -1.857964e-02 3.238784e-01 3.799968e-02 5.124825e-02 5.718763e-02 -1.343963e-01 -1.658956e-01 4.705431e-02 -3.103475e-01 -6.048267e-01 -2.106974e-01 -3.197387e-02 3.286635e-02 8.877638e-03
<VARIANCE> 39
 1.547574e+00 3.074732e+00 6.424318e+00 5.248036e+00 6.482672e+00 1.945106e+01 9.879533e+00 8.713215e+00 5.163181e+00 1.847874e+01 1.768575e+01 1.419289e+01 5.000000e-02 4.330513e-01 3.383366e-01 4.581405e-01 1.071865e+00 1.596069e+00 5.759583e-01 1.641255e+00 1.848111e+00 1.959358e+00 2.138323e+00 1.010042e+00 5.238233e-01 5.000000e-02 5.000000e-02 6.282145e-02 1.105591e-01 1.607533e-01 8.928297e-02 1.103062e-01 1.818762e-01 2.470353e-01 3.238451e-01 4.324258e-01 2.731270e-01 1.507974e-01 5.000000e-02
<GCONST> 6.366172e+01
<TRANSP> 28
 0.000000e+00 1.000000e+00 0.000000e+00 0.000000e+00 0.000000e+00 0.000000e+00 0.000000e+00 0.000000e+00 0.000000e+00 0.000000e+00 0.000000e+00 0.000000e+00 0.000000e+00 0.000000e+00 0.000000e+00 0.000000e+00 0.000000e+00 0.000000e+00 0.000000e+00 0.000000e+00 0.000000e+00 0.000000e+00 0.000000e+00 0.000000e+00 0.000000e+00 0.000000e+00 0.000000e+00 0.000000e+00
 0.000000e+00 6.155604e-01 3.844396e-01 0.000000e+00 0.000000e+00 0.000000e+00 0.000000e+00 0.000000e+00 0.000000e+00 0.000000e+00 0.000000e+00 0.000000e+00 0.000000e+00 0.000000e+00 0.000000e+00 0.000000e+00 0.000000e+00 0.000000e+00 0.000000e+00 0.000000e+00 0.000000e+00 0.000000e+00 0.000000e+00 0.000000e+00 0.000000e+00 0.000000e+00 0.000000e+00 0.000000e+00
 0.000000e+00 0.000000e+00 5.774988e-01 4.225012e-01 0.000000e+00 0.000000e+00 0.000000e+00 0.000000e+00 0.000000e+00 0.000000e+00 0.000000e+00 0.000000e+00 0.000000e+00 0.000000e+00 0.000000e+00 0.000000e+00 0.000000e+00 0.000000e+00 0.000000e+00 0.000000e+00 0.000000e+00 0.000000e+00 0.000000e+00 0.000000e+00 0.000000e+00 0.000000e+00 0.000000e+00 0.000000e+00
 0.000000e+00 0.000000e+00 0.000000e+00 5.081892e-01 4.918108e-01 0.000000e+00 0.000000e+00 0.000000e+00 0.000000e+00 0.000000e+00 0.000000e+00 0.000000e+00 0.000000e+00 0.000000e+00 0.000000e+00 0.000000e+00 0.000000e+00 0.000000e+00 0.000000e+00 0.000000e+00 0.000000e+00 0.000000e+00 0.000000e+00 0.000000e+00 0.000000e+00 0.000000e+00 0.000000e+00 0.000000e+00
 0.000000e+00 0.000000e+00 0.000000e+00 0.000000e+00 4.999617e-01 5.000383e-01 0.000000e+00 0.000000e+00 0.000000e+00 0.000000e+00 0.000000e+00 0.000000e+00 0.000000e+00 0.000000e+00 0.000000e+00 0.000000e+00 0.000000e+00 0.000000e+00 0.000000e+00 0.000000e+00 0.000000e+00 0.000000e+00 0.000000e+00 0.000000e+00 0.000000e+00 0.000000e+00 0.000000e+00 0.000000e+00
 0.000000e+00 0.000000e+00 0.000000e+00 0.000000e+00 0.000000e+00 6.153845e-01 3.846155e-01 0.000000e+00 0.000000e+00 0.000000e+00 0.000000e+00 0.000000e+00 0.000000e+00 0.000000e+00 0.000000e+00 0.000000e+00 0.000000e+00 0.000000e+00 0.000000e+00 0.000000e+00 0.000000e+00 0.000000e+00 0.000000e+00 0.000000e+00 0.000000e+00 0.000000e+00 0.000000e+00 0.000000e+00
 0.000000e+00 0.000000e+00 0.000000e+00 0.000000e+00 0.000000e+00 0.000000e+00 4.999070e-01 5.000929e-01 0.000000e+00 0.000000e+00 0.000000e+00 0.000000e+00 0.000000e+00 0.000000e+00 0.000000e+00 0.000000e+00 0.000000e+00 0.000000e+00 0.000000e+00 0.000000e+00 0.000000e+00 0.000000e+00 0.000000e+00 0.000000e+00 0.000000e+00 0.000000e+00 0.000000e+00 0.000000e+00
 0.000000e+00 0.000000e+00 0.000000e+00 0.000000e+00 0.000000e+00 0.000000e+00 0.000000e+00 5.000985e-01 4.999015e-01 0.000000e+00 0.000000e+00 0.000000e+00 0.000000e+00 0.000000e+00 0.000000e+00 0.000000e+00 0.000000e+00 0.000000e+00 0.000000e+00 0.000000e+00 0.000000e+00 0.000000e+00 0.000000e+00 0.000000e+00 0.000000e+00 0.000000e+00 0.000000e+00 0.000000e+00
 0.000000e+00 0.000000e+00 0.000000e+00 0.000000e+00 0.000000e+00 0.000000e+00 0.000000e+00 0.000000e+00 6.158108e-01 3.841893e-01 0.000000e+00 0.000000e+00 0.000000e+00 0.000000e+00 0.000000e+00 0.000000e+00 0.000000e+00 0.000000e+00 0.000000e+00 0.000000e+00 0.000000e+00 0.000000e+00 0.000000e+00 0.000000e+00 0.000000e+00 0.000000e+00 0.000000e+00 0.000000e+00
 0.000000e+00 0.000000e+00 0.000000e+00 0.000000e+00 0.000000e+00 0.000000e+00 0.000000e+00 0.000000e+00 0.000000e+00 5.826944e-01 4.173056e-01 0.000000e+00 0.000000e+00 0.000000e+00 0.000000e+00 0.000000e+00 0.000000e+00 0.000000e+00 0.000000e+00 0.000000e+00 0.000000e+00 0.000000e+00 0.000000e+00 0.000000e+00 0.000000e+00 0.000000e+00 0.000000e+00 0.000000e+00
 0.000000e+00 0.000000e+00 0.000000e+00 0.000000e+00 0.000000e+00 0.000000e+00 0.000000e+00 0.000000e+00 0.000000e+00 0.000000e+00 4.991366e-01 5.008634e-01 0.000000e+00 0.000000e+00 0.000000e+00 0.000000e+00 0.000000e+00 0.000000e+00 0.000000e+00 0.000000e+00 0.000000e+00 0.000000e+00 0.000000e+00 0.000000e+00 0.000000e+00 0.000000e+00 0.000000e+00 0.000000e+00
 0.000000e+00 0.000000e+00 0.000000e+00 0.000000e+00 0.000000e+00 0.000000e+00 0.000000e+00 0.000000e+00 0.000000e+00 0.000000e+00 0.000000e+00 6.157067e-01 3.842933e-01 0.000000e+00 0.000000e+00 0.000000e+00 0.000000e+00 0.000000e+00 0.000000e+00 0.000000e+00 0.000000e+00 0.000000e+00 0.000000e+00 0.000000e+00 0.000000e+00 0.000000e+00 0.000000e+00 0.000000e+00
 0.000000e+00 0.000000e+00 0.000000e+00 0.000000e+00 0.000000e+00 0.000000e+00 0.000000e+00 0.000000e+00 0.000000e+00 0.000000e+00 0.000000e+00 0.000000e+00 5.834163e-01 4.165837e-01 0.000000e+00 0.000000e+00 0.000000e+00 0.000000e+00 0.000000e+00 0.000000e+00 0.000000e+00 0.000000e+00 0.000000e+00 0.000000e+00 0.000000e+00 0.000000e+00 0.000000e+00 0.000000e+00
 0.000000e+00 0.000000e+00 0.000000e+00 0.000000e+00 0.000000e+00 0.000000e+00 0.000000e+00 0.000000e+00 0.000000e+00 0.000000e+00 0.000000e+00 0.000000e+00 0.000000e+00 3.747497e-01 6.252503e-01 0.000000e+00 0.000000e+00 0.000000e+00 0.000000e+00 0.000000e+00 0.000000e+00 0.000000e+00 0.000000e+00 0.000000e+00 0.000000e+00 0.000000e+00 0.000000e+00 0.000000e+00
 0.000000e+00 0.000000e+00 0.000000e+00 0.000000e+00 0.000000e+00 0.000000e+00 0.000000e+00 0.000000e+00 0.000000e+00 0.000000e+00 0.000000e+00 0.000000e+00 0.000000e+00 0.000000e+00 6.155933e-01 3.844067e-01 0.000000e+00 0.000000e+00 0.000000e+00 0.000000e+00 0.000000e+00 0.000000e+00 0.000000e+00 0.000000e+00 0.000000e+00 0.000000e+00 0.000000e+00 0.000000e+00
 0.000000e+00 0.000000e+00 0.000000e+00 0.000000e+00 0.000000e+00 0.000000e+00 0.000000e+00 0.000000e+00 0.000000e+00 0.000000e+00 0.000000e+00 0.000000e+00 0.000000e+00 0.000000e+00 0.000000e+00 6.154653e-01 3.845347e-01 0.000000e+00 0.000000e+00 0.000000e+00 0.000000e+00 0.000000e+00 0.000000e+00 0.000000e+00 0.000000e+00 0.000000e+00 0.000000e+00 0.000000e+00
 0.000000e+00 0.000000e+00 0.000000e+00 0.000000e+00 0.000000e+00 0.000000e+00 0.000000e+00 0.000000e+00 0.000000e+00 0.000000e+00 0.000000e+00 0.000000e+00 0.000000e+00 0.000000e+00 0.000000e+00 0.000000e+00 5.455765e-01 4.544236e-01 0.000000e+00 0.000000e+00 0.000000e+00 0.000000e+00 0.000000e+00 0.000000e+00 0.000000e+00 0.000000e+00 0.000000e+00 0.000000e+00
 0.000000e+00 0.000000e+00 0.000000e+00 0.000000e+00 0.000000e+00 0.000000e+00 0.000000e+00 0.000000e+00 0.000000e+00 0.000000e+00 0.000000e+00 0.000000e+00 0.000000e+00 0.000000e+00 0.000000e+00 0.000000e+00 0.000000e+00 5.007691e-01 4.992309e-01 0.000000e+00 0.000000e+00 0.000000e+00 0.000000e+00 0.000000e+00 0.000000e+00 0.000000e+00 0.000000e+00 0.000000e+00
 0.000000e+00 0.000000e+00 0.000000e+00 0.000000e+00 0.000000e+00 0.000000e+00 0.000000e+00 0.000000e+00 0.000000e+00 0.000000e+00 0.000000e+00 0.000000e+00 0.000000e+00 0.000000e+00 0.000000e+00 0.000000e+00 0.000000e+00 0.000000e+00 4.444590e-01 5.555411e-01 0.000000e+00 0.000000e+00 0.000000e+00 0.000000e+00 0.000000e+00 0.000000e+00 0.000000e+00 0.000000e+00
 0.000000e+00 0.000000e+00 0.000000e+00 0.000000e+00 0.000000e+00 0.000000e+00 0.000000e+00 0.000000e+00 0.000000e+00 0.000000e+00 0.000000e+00 0.000000e+00 0.000000e+00 0.000000e+00 0.000000e+00 0.000000e+00 0.000000e+00 0.000000e+00 0.000000e+00 6.662842e-01 3.337158e-01 0.000000e+00 0.000000e+00 0.000000e+00 0.000000e+00 0.000000e+00 0.000000e+00 0.000000e+00
 0.000000e+00 0.000000e+00 0.000000e+00 0.000000e+00 0.000000e+00 0.000000e+00 0.000000e+00 0.000000e+00 0.000000e+00 0.000000e+00 0.000000e+00 0.000000e+00 0.000000e+00 0.000000e+00 0.000000e+00 0.000000e+00 0.000000e+00 0.000000e+00 0.000000e+00 0.000000e+00 5.453070e-01 4.546930e-01 0.000000e+00 0.000000e+00 0.000000e+00 0.000000e+00 0.000000e+00 0.000000e+00
 0.000000e+00 0.000000e+00 0.000000e+00 0.000000e+00 0.000000e+00 0.000000e+00 0.000000e+00 0.000000e+00 0.000000e+00 0.000000e+00 0.000000e+00 0.000000e+00 0.000000e+00 0.000000e+00 0.000000e+00 0.000000e+00 0.000000e+00 0.000000e+00 0.000000e+00 0.000000e+00 0.000000e+00 5.836825e-01 4.163176e-01 0.000000e+00 0.000000e+00 0.000000e+00 0.000000e+00 0.000000e+00
 0.000000e+00 0.000000e+00 0.000000e+00 0.000000e+00 0.000000e+00 0.000000e+00 0.000000e+00 0.000000e+00 0.000000e+00 0.000000e+00 0.000000e+00 0.000000e+00 0.000000e+00 0.000000e+00 0.000000e+00 0.000000e+00 0.000000e+00 0.000000e+00 0.000000e+00 0.000000e+00 0.000000e+00 0.000000e+00 4.440273e-01 5.559727e-01 0.000000e+00 0.000000e+00 0.000000e+00 0.000000e+00
 0.000000e+00 0.000000e+00 0.000000e+00 0.000000e+00 0.000000e+00 0.000000e+00 0.000000e+00 0.000000e+00 0.000000e+00 0.000000e+00 0.000000e+00 0.000000e+00 0.000000e+00 0.000000e+00 0.000000e+00 0.000000e+00 0.000000e+00 0.000000e+00 0.000000e+00 0.000000e+00 0.000000e+00 0.000000e+00 0.000000e+00 5.452592e-01 4.547409e-01 0.000000e+00 0.000000e+00 0.000000e+00
 0.000000e+00 0.000000e+00 0.000000e+00 0.000000e+00 0.000000e+00 0.000000e+00 0.000000e+00 0.000000e+00 0.000000e+00 0.000000e+00 0.000000e+00 0.000000e+00 0.000000e+00 0.000000e+00 0.000000e+00 0.000000e+00 0.000000e+00 0.000000e+00 0.000000e+00 0.000000e+00 0.000000e+00 0.000000e+00 0.000000e+00 0.000000e+00 5.002817e-01 4.997183e-01 0.000000e+00 0.000000e+00
 0.000000e+00 0.000000e+00 0.000000e+00 0.000000e+00 0.000000e+00 0.000000e+00 0.000000e+00 0.000000e+00 0.000000e+00 0.000000e+00 0.000000e+00 0.000000e+00 0.000000e+00 0.000000e+00 0.000000e+00 0.000000e+00 0.000000e+00 0.000000e+00 0.000000e+00 0.000000e+00 0.000000e+00 0.000000e+00 0.000000e+00 0.000000e+00 0.000000e+00 6.168205e-01 3.831795e-01 0.000000e+00
 0.000000e+00 0.000000e+00 0.000000e+00 0.000000e+00 0.000000e+00 0.000000e+00 0.000000e+00 0.000000e+00 0.000000e+00 0.000000e+00 0.000000e+00 0.000000e+00 0.000000e+00 0.000000e+00 0.000000e+00 0.000000e+00 0.000000e+00 0.000000e+00 0.000000e+00 0.000000e+00 0.000000e+00 0.000000e+00 0.000000e+00 0.000000e+00 0.000000e+00 0.000000e+00 6.444015e-01 3.555984e-01
 0.000000e+00 0.000000e+00 0.000000e+00 0.000000e+00 0.000000e+00 0.000000e+00 0.000000e+00 0.000000e+00 0.000000e+00 0.000000e+00 0.000000e+00 0.000000e+00 0.000000e+00 0.000000e+00 0.000000e+00 0.000000e+00 0.000000e+00 0.000000e+00 0.000000e+00 0.000000e+00 0.000000e+00 0.000000e+00 0.000000e+00 0.000000e+00 0.000000e+00 0.000000e+00 0.000000e+00 0.000000e+00
<ENDHMM>
