~o
<STREAMINFO> 1 39
<VECSIZE> 39<NULLD><MFCC_E_D_A><DIAGC>
~h "Hai"
<BEGINHMM>
<NUMSTATES> 5
<STATE> 2
<MEAN> 39
 -1.329070e+01 -1.635627e+01 -7.051008e+00 7.966015e-02 3.518888e+00 -4.543857e+00 2.620557e+00 -1.977288e+00 1.250602e+00 -1.289558e+01 1.586738e+00 -1.353955e+00 3.481090e-01 -3.581539e-02 -6.797875e-01 -1.684137e+00 5.281221e-01 -4.802971e-01 4.759444e-01 2.202125e-02 -4.581045e-01 5.132311e-01 -9.326140e-01 -8.456891e-02 -1.759028e-01 5.369968e-02 1.005155e-01 -1.228879e-03 -8.236829e-02 3.927203e-02 -6.297368e-02 1.022940e-01 9.935862e-03 2.538820e-03 1.347404e-01 7.312435e-02 3.123352e-02 1.280558e-02 2.211277e-03
<VARIANCE> 39
 2.340255e+01 5.500006e+01 9.404572e+01 2.058812e+01 3.004259e+01 4.776942e+01 2.881245e+01 3.239503e+01 1.584908e+01 3.426764e+01 1.428153e+01 1.732830e+01 7.629570e-02 4.246384e+00 2.949142e+00 5.008054e+00 2.538928e+00 2.269159e+00 1.651752e+00 1.443512e+00 2.945367e+00 2.259932e+00 2.374933e+00 1.630742e+00 1.300755e+00 5.000000e-02 7.260553e-01 5.459801e-01 8.693737e-01 5.094396e-01 3.784623e-01 2.095002e-01 3.095237e-01 5.911998e-01 3.738878e-01 6.060345e-01 3.064772e-01 2.497983e-01 5.000000e-02
<GCONST> 1.040019e+02
<STATE> 3
<MEAN> 39
 -1.077041e+01 -2.363000e+01 -1.950643e+01 2.249029e+00 -9.919110e-01 1.625028e+00 3.376979e+00 -2.364856e+00 3.324666e+00 -1.772881e+01 2.594293e+00 -4.463776e+00 9.430464e-01 -1.899495e-01 -6.299679e-02 6.285174e-01 -6.030198e-01 -3.477767e-01 -1.431152e-01 4.585003e-01 4.974827e-01 -5.105864e-01 4.962977e-01 1.025336e-02 -4.213993e-01 3.284397e-03 -2.640215e-02 5.433442e-02 1.342103e-01 -1.374862e-01 -9.883602e-02 -1.167970e-01 1.626115e-02 -7.332012e-04 2.323283e-02 1.175421e-01 -1.269714e-01 -7.294054e-02 -4.875761e-03
<VARIANCE> 39
 9.154452e+00 5.870251e+00 2.687404e+01 1.482335e+01 2.329044e+01 5.941671e+01 4.608064e+01 1.592266e+01 4.455303e+01 2.283354e+01 1.664711e+01 2.631722e+01 5.000000e-02 2.450484e-01 6.603453e-01 9.759165e-01 1.285753e+00 1.842283e+00 1.534134e+00 1.221635e+00 8.573163e-01 1.894202e+00 1.704008e+00 1.073464e+00 9.745524e-01 5.000000e-02 7.855959e-02 8.770277e-02 2.667758e-01 2.841751e-01 1.924613e-01 2.363714e-01 1.618721e-01 1.556980e-01 4.261298e-01 2.909509e-01 1.751908e-01 1.148780e-01 5.000000e-02
<GCONST> 7.988581e+01
<STATE> 4
<MEAN> 39
 -2.927220e+00 -2.364423e+01 -5.956851e+00 -5.285558e+00 -8.193542e+00 -4.722707e+00 7.032329e+00 -6.762145e-01 7.485681e-01 -5.743816e+00 -2.702922e+00 -4.426326e+00 4.986463e-01 3.115973e-01 2.085400e-01 3.635374e-01 2.871501e-01 4.514204e-01 -1.506484e-01 -2.385523e-01 -3.645229e-02 3.663902e-02 1.826198e-01 4.815465e-02 4.463468e-01 -3.252859e-02 -3.006576e-02 5.384598e-02 -2.620064e-02 7.047138e-02 1.057713e-01 6.802375e-02 -1.867868e-02 -9.071240e-03 -5.694414e-02 -1.094869e-01 3.540597e-02 4.957808e-02 -6.524348e-04
<VARIANCE> 39
 2.652198e+01 1.215485e+01 3.110404e+01 5.103699e+01 3.633844e+01 2.135741e+01 2.272650e+01 1.634830e+01 1.573283e+01 1.769025e+01 2.914869e+01 4.867169e+01 5.000000e-02 1.275944e+00 1.046595e+00 2.511230e+00 3.374904e+00 2.153519e+00 2.639745e+00 1.822887e+00 1.519881e+00 2.348235e+00 2.384655e+00 2.915891e+00 2.326244e+00 5.000000e-02 1.340596e-01 1.269916e-01 3.420188e-01 4.996498e-01 3.664521e-01 4.826435e-01 3.888279e-01 3.112752e-01 4.056435e-01 3.615686e-01 4.913043e-01 5.285182e-01 5.000000e-02
<GCONST> 9.716228e+01
<TRANSP> 5
 0.000000e+00 1.000000e+00 0.000000e+00 0.000000e+00 0.000000e+00
 0.000000e+00 9.324946e-01 6.750538e-02 0.000000e+00 0.000000e+00
 0.000000e+00 0.000000e+00 9.453737e-01 5.462626e-02 0.000000e+00
 0.000000e+00 0.000000e+00 0.000000e+00 9.570978e-01 4.290214e-02
 0.000000e+00 0.000000e+00 0.000000e+00 0.000000e+00 0.000000e+00
<ENDHMM>
