~o
<STREAMINFO> 1 39
<VECSIZE> 39<NULLD><MFCC_E_D_A><DIAGC>
~h "Ke^"
<BEGINHMM>
<NUMSTATES> 37
<STATE> 2
<MEAN> 39
 -5.158887e+00 -7.918038e+00 -3.580940e-01 -1.753608e-01 3.442426e+00 -3.933230e+00 7.380238e-01 -2.829091e+00 -9.207057e-02 -3.481881e+00 3.972630e+00 -1.571069e+00 7.744642e-02 -2.045916e-01 4.572295e-02 2.426593e-01 2.070673e-01 8.022081e-01 -1.134535e-02 -3.023885e-01 -2.386334e-01 -1.022759e-01 9.314622e-03 -8.911960e-01 1.879173e-01 7.418778e-03 -4.855635e-01 1.344715e-01 -1.399762e-01 -8.360097e-01 -8.230035e-01 -4.627458e-01 3.342322e-01 -3.333612e-02 -1.417226e-02 5.777139e-01 -5.928158e-01 -2.096028e-01 3.128987e-02
<VARIANCE> 39
 4.162252e+00 5.803748e-01 2.776615e+00 3.574037e+00 7.193097e+00 7.445488e+00 1.421612e+01 3.385417e+00 1.756736e+01 1.065520e+01 1.187788e+01 2.456579e+00 5.000000e-02 1.706193e-01 3.500739e-01 6.541474e-01 3.089537e-01 2.377699e-01 9.176534e-01 9.747099e-01 1.281346e+00 6.271673e-01 3.819010e-01 5.900220e-01 1.021888e-01 5.000000e-02 2.123916e-01 6.483766e-02 6.046257e-02 2.186725e-01 2.491062e-01 5.442560e-01 6.571632e-01 4.504282e-01 4.107676e-01 5.934533e-01 2.446568e-01 2.124036e-01 5.000000e-02
<GCONST> 5.617696e+01
<STATE> 3
<MEAN> 39
 -5.460357e+00 -7.591748e+00 7.172910e-01 -8.763116e-01 4.385814e+00 -4.291499e+00 2.712161e+00 -9.999961e-01 8.576677e-01 -2.432881e+00 1.502105e+00 -1.741223e+00 9.449290e-02 -1.732640e+00 5.555506e-01 -6.298854e-01 -2.613307e+00 -2.557762e+00 -1.557509e+00 4.955948e-01 -4.528997e-01 -7.633850e-01 1.786763e+00 -1.534160e+00 -5.508522e-01 1.188322e-01 -2.118914e-01 -2.486719e-01 -6.252362e-01 -1.300746e+00 -1.617365e+00 -9.196575e-01 6.156307e-02 -1.181141e-01 -1.295396e-01 7.737779e-01 -6.779033e-02 -5.585231e-02 5.605546e-02
<VARIANCE> 39
 2.103655e+00 2.197521e+00 8.390200e+00 4.794620e+00 4.071230e+00 5.752785e+00 8.093050e+00 1.555724e+01 1.520009e+01 1.011877e+01 1.593800e+01 1.009512e+01 5.000000e-02 1.611857e+00 8.676912e-01 5.880302e-01 2.760397e+00 2.844067e+00 4.525838e+00 3.079049e+00 2.023649e+00 1.992573e+00 2.830768e+00 1.469266e+00 2.554804e+00 5.000000e-02 1.701675e-01 1.098207e-01 5.000000e-02 1.375154e-01 2.350667e-01 3.427367e-01 2.626189e-01 3.995511e-01 2.528125e-01 1.283322e-01 1.602862e-01 1.065222e-01 5.000000e-02
<GCONST> 7.304712e+01
<STATE> 4
<MEAN> 39
 -1.258200e+01 -5.473490e+00 -2.098642e+00 -8.448256e+00 -4.913887e+00 -1.031530e+01 4.745532e+00 -4.466189e+00 -2.150470e+00 3.501276e+00 -9.595377e-01 -3.941730e+00 4.693159e-01 -9.587575e-01 -4.830900e-01 -2.310486e+00 -4.722999e+00 -4.807900e+00 -3.891314e+00 6.091543e-01 -6.898469e-01 -8.936495e-01 2.655871e+00 -1.396012e+00 -3.602290e-01 2.103604e-01 7.880573e-01 -1.007334e+00 -2.710644e-01 -2.588559e-01 -1.432272e-01 -1.667132e-01 -6.037271e-02 2.663556e-01 5.039661e-01 1.412534e-02 3.299413e-01 2.047379e-01 8.876419e-03
<VARIANCE> 39
 1.341998e+01 1.715780e+01 6.497841e+00 1.973978e+01 1.208891e+01 5.671962e+01 2.301981e+01 2.550728e+01 2.935335e+01 3.106705e+01 1.354642e+01 2.226704e+01 5.000000e-02 1.414297e+00 2.954482e-01 4.803190e-01 6.623366e-01 2.952836e+00 6.019093e+00 2.266558e+00 1.705501e+00 1.614898e+00 2.969766e-01 1.435372e+00 9.688432e-01 5.000000e-02 4.950848e-01 2.071731e-01 1.532232e-01 2.164095e-01 5.101911e-01 3.517472e-01 1.474104e-01 2.802241e-01 1.718834e-01 9.377453e-01 2.393100e-01 3.920837e-01 5.000000e-02
<GCONST> 8.544097e+01
<STATE> 5
<MEAN> 39
 -1.086316e+01 -7.527065e+00 -7.106382e+00 -1.486861e+01 -1.158695e+01 -1.309064e+01 3.150491e+00 -4.464207e+00 -3.042301e+00 4.238662e+00 -4.489982e+00 -3.298587e+00 7.274119e-01 -8.245964e-02 -2.060290e+00 -1.578917e+00 -3.862953e+00 -4.694629e+00 -2.911182e+00 -1.872517e-01 2.441625e-02 9.207745e-01 3.075514e+00 -5.548872e-01 -1.852766e-01 1.957012e-01 5.083495e-01 -8.443062e-01 7.349266e-01 1.043250e+00 9.852474e-01 8.111438e-01 1.070176e-01 4.670132e-01 5.988632e-01 -6.072621e-01 4.433618e-01 8.568524e-02 -3.461579e-02
<VARIANCE> 39
 1.212261e+01 1.022332e+01 1.452004e+01 2.696227e+01 1.324351e+01 5.931036e+01 2.837718e+01 1.114082e+01 4.022274e+00 1.913725e+01 8.811604e+00 2.279266e+01 5.000000e-02 2.582739e+00 4.385287e-01 1.999829e+00 4.301175e-01 4.915650e+00 2.461230e+00 1.603826e+00 1.447619e+00 9.856079e-01 1.782183e+00 1.193059e+00 2.471192e-01 5.000000e-02 1.992336e-01 1.853983e-01 1.070765e-01 2.453363e-01 2.172537e-01 6.729985e-01 2.209186e-01 2.989465e-01 1.984356e-01 6.434214e-01 1.848026e-01 4.091418e-01 5.000000e-02
<GCONST> 8.198104e+01
<STATE> 6
<MEAN> 39
 -8.709908e+00 -1.368340e+01 -6.073014e+00 -1.898094e+01 -1.547153e+01 -1.816186e+01 3.770770e+00 -2.391805e+00 1.761800e+00 1.056001e+01 -1.826051e+00 -2.729736e+00 9.335664e-01 5.917339e-01 -3.132442e+00 1.603924e-01 -1.166534e+00 -1.219105e+00 -1.227021e-01 6.432723e-01 7.327046e-01 9.452844e-01 3.622871e-01 7.748589e-02 2.652222e-01 7.305986e-02 1.691041e-03 4.595780e-02 5.869031e-01 1.281097e+00 1.316322e+00 1.486029e+00 1.971975e-01 1.385125e-01 -2.364454e-01 -1.384319e+00 9.214921e-02 -9.377520e-02 -5.105282e-02
<VARIANCE> 39
 8.540730e+00 1.062853e+01 2.516603e+01 4.479787e+00 4.514439e+01 8.310715e+01 5.966327e+01 9.324698e+00 1.161205e+01 1.050986e+01 2.065376e+01 9.905537e+00 5.000000e-02 4.867752e-01 9.622346e-01 2.148162e+00 1.241300e+00 1.473382e+00 2.125420e+00 9.783858e-01 5.181953e-01 2.823273e-01 4.413883e+00 5.735453e-01 1.379503e+00 5.000000e-02 2.856042e-01 1.729326e-01 2.834560e-01 9.446930e-02 5.660207e-01 4.631476e-01 2.965886e-01 1.730674e-01 2.524053e-01 1.443821e-01 2.426966e-01 1.295448e-01 5.000000e-02
<GCONST> 7.956246e+01
<STATE> 7
<MEAN> 39
 -9.013282e+00 -1.835212e+01 -5.681985e+00 -1.841556e+01 -1.406675e+01 -1.373367e+01 6.716069e+00 -1.588769e+00 7.186438e-01 5.793381e+00 -3.768884e+00 -3.243114e+00 9.619673e-01 -9.274295e-02 -1.731055e+00 5.189981e-01 8.009713e-01 1.252732e-01 2.312314e+00 6.813600e-01 5.133625e-01 -3.555305e-01 -2.363458e+00 -3.163049e-01 -7.923639e-01 8.097913e-03 -1.498518e-01 7.093581e-01 5.464968e-03 4.536981e-01 4.422868e-01 3.394681e-01 7.437493e-02 -6.614166e-03 -1.895216e-01 -4.466348e-01 6.643910e-02 -1.941069e-01 -1.854037e-02
<VARIANCE> 39
 5.220460e+00 4.255003e+00 2.747790e+01 1.433796e+00 2.043188e+01 6.910791e+01 3.327172e+01 6.947519e+00 4.119569e+00 1.976754e+01 1.402981e+01 2.294316e+01 5.000000e-02 3.146982e-01 3.032830e-01 3.269506e-01 2.339880e-01 5.528319e-01 7.584423e-01 7.083585e-01 7.804361e-01 9.170060e-01 1.105093e+00 2.624940e-01 7.965585e-01 5.000000e-02 6.413838e-02 8.771331e-02 1.683819e-01 1.542456e-01 2.272846e-01 2.622595e-01 1.194506e-01 5.000000e-02 9.529824e-02 4.799902e-01 2.019039e-01 1.561788e-01 5.000000e-02
<GCONST> 6.108787e+01
<STATE> 8
<MEAN> 39
 -9.071460e+00 -1.960087e+01 -5.166850e+00 -1.638002e+01 -1.317647e+01 -1.224543e+01 8.226682e+00 -9.102592e-01 1.324117e-01 1.745319e+00 -3.263130e+00 -5.603255e+00 9.575707e-01 -2.145321e-01 -4.568036e-01 1.286670e-01 6.935642e-01 8.766110e-01 1.387817e+00 1.061463e+00 6.759038e-01 -1.980060e-01 -1.865319e+00 -3.175296e-01 -5.656244e-01 8.402285e-04 -6.220570e-02 5.550230e-01 -3.208722e-01 1.059289e-01 7.126307e-02 -3.396716e-01 1.099296e-02 -1.439677e-01 -1.156814e-02 1.846950e-01 1.502870e-01 -9.831634e-02 -4.839836e-03
<VARIANCE> 39
 4.888247e+00 3.220653e+00 1.167271e+01 6.155663e-01 3.508666e+01 3.771774e+01 4.162540e+01 4.910431e+00 8.049374e-01 1.021789e+01 1.123115e+01 9.885453e+00 5.000000e-02 1.926024e-01 4.545244e-01 1.377008e-01 6.174710e-01 5.827872e-01 4.485554e-01 1.541694e-01 2.265480e-01 6.552978e-01 7.828225e-01 1.153773e+00 1.985197e-01 5.000000e-02 5.000000e-02 5.000000e-02 5.000000e-02 8.373591e-02 1.037012e-01 7.817878e-02 1.197978e-01 7.386477e-02 1.623576e-01 1.830430e-01 5.000000e-02 1.521537e-01 5.000000e-02
<GCONST> 4.560112e+01
<STATE> 9
<MEAN> 39
 -9.996760e+00 -1.940373e+01 -3.465078e+00 -1.583076e+01 -1.680506e+01 -6.259342e+00 4.977226e+00 1.372887e-01 1.502882e+00 2.544087e+00 -3.983258e+00 -4.319316e+00 9.701129e-01 -1.638764e-01 -1.640612e-01 -5.324577e-01 6.302592e-01 8.862795e-02 6.771223e-01 8.739905e-01 1.288393e-01 3.629623e-01 -1.088204e+00 4.512222e-01 -9.089083e-01 4.984172e-03 -8.652329e-02 3.161713e-01 -2.108295e-01 -9.451441e-02 -8.491463e-03 -4.289813e-01 -4.406970e-02 -3.149675e-01 -3.712459e-02 1.602636e-01 -1.730834e-02 -2.928496e-02 -1.263760e-03
<VARIANCE> 39
 3.230129e+00 4.958825e+00 1.440269e+01 4.322954e+00 3.789724e+01 4.204345e+01 3.224960e+01 1.348240e+00 7.274316e+00 2.142490e+01 8.892849e+00 1.286320e+01 5.000000e-02 1.006470e-01 3.226209e-01 1.660490e-01 3.758333e-01 4.619649e-01 4.446875e-01 1.061493e-01 4.159938e-01 6.131645e-01 1.273823e-01 4.821044e-01 2.494062e-01 5.000000e-02 5.000000e-02 5.000000e-02 5.000000e-02 5.000000e-02 1.289703e-01 7.294677e-02 5.000000e-02 5.000000e-02 1.130731e-01 1.194588e-01 1.169325e-01 6.885616e-02 5.000000e-02
<GCONST> 4.319036e+01
<STATE> 10
<MEAN> 39
 -9.220176e+00 -1.882719e+01 -6.890837e+00 -1.325518e+01 -9.818279e+00 -1.047044e+01 1.361399e+01 4.923306e-01 8.844640e-01 -1.313866e+00 -1.619540e-01 -7.759736e+00 9.672775e-01 -3.089914e-01 1.296648e-01 -5.294842e-01 2.801721e-01 -1.116794e-01 2.185781e-01 4.881615e-01 -5.692007e-01 -2.388101e-01 -6.746373e-01 -4.913437e-02 -4.912418e-01 -2.907395e-03 4.212447e-02 -5.072198e-02 4.039958e-02 -2.854073e-01 -1.935131e-01 -1.903920e-01 -2.755570e-01 -1.077621e-01 -1.766186e-01 1.176949e-01 -2.092530e-01 8.695147e-02 -1.390599e-03
<VARIANCE> 39
 1.643435e+00 2.176435e+00 1.610210e+01 3.390090e+00 5.044559e+01 5.567044e+01 5.256981e+01 3.289438e+00 1.032595e+01 1.382969e+01 2.818155e+01 8.059340e+00 5.000000e-02 5.000000e-02 2.720879e-01 4.661132e-01 2.758867e-01 7.230707e-01 9.758174e-01 4.439315e-01 4.137051e-01 4.022665e-01 1.170146e+00 5.193703e-01 3.749726e-01 5.000000e-02 5.000000e-02 5.000000e-02 5.123857e-02 5.000000e-02 1.453534e-01 5.984722e-02 5.598457e-02 5.000000e-02 7.286189e-02 8.503622e-02 3.421313e-01 5.000000e-02 5.000000e-02
<GCONST> 4.892946e+01
<STATE> 11
<MEAN> 39
 -1.060222e+01 -2.005905e+01 -7.117126e+00 -1.538385e+01 -1.410774e+01 -8.842695e+00 9.864121e+00 -2.133463e+00 4.909365e-01 -3.563237e+00 -4.042116e+00 -8.553438e+00 9.667029e-01 -9.240768e-02 4.367393e-02 -1.527967e-01 -7.914672e-03 8.557831e-02 9.197464e-02 1.006946e-01 -9.876480e-02 -6.177320e-01 -1.005057e+00 -4.557052e-01 -4.331871e-01 -3.108079e-03 5.603142e-02 1.067257e-01 1.815015e-01 -2.322482e-02 1.245489e-01 1.468804e-01 7.760577e-02 3.562857e-01 -1.395659e-01 3.828329e-01 1.663585e-01 3.007509e-01 -1.364852e-03
<VARIANCE> 39
 2.635082e+00 5.606120e+00 7.030083e+00 1.111492e+01 4.194715e+01 2.172942e+01 4.625736e+01 2.120928e+00 9.583782e+00 9.280120e+00 1.978305e+01 6.472642e+00 5.000000e-02 5.000000e-02 2.079937e-01 5.472798e-01 1.246924e-01 5.789839e-01 5.220954e-01 3.475855e-01 2.504386e-01 3.977982e-01 2.676252e-01 1.578475e+00 5.533949e-01 5.000000e-02 5.000000e-02 6.164382e-02 5.446294e-02 1.027817e-01 1.113543e-01 1.529291e-01 7.736145e-02 6.916741e-02 7.022479e-02 1.585554e-01 1.207667e-01 5.000000e-02 5.000000e-02
<GCONST> 4.734108e+01
<STATE> 12
<MEAN> 39
 -1.058590e+01 -1.924993e+01 -6.911375e+00 -1.486252e+01 -1.316604e+01 -9.216908e+00 1.072793e+01 -2.372032e-01 -1.190152e+00 -2.867216e+00 -2.864991e+00 -8.945759e+00 9.571572e-01 -8.472879e-02 5.482891e-01 -9.691909e-02 1.330592e-01 1.289698e-01 5.179327e-01 8.547352e-01 4.528912e-01 -4.195940e-01 3.595981e-01 3.803529e-01 2.316946e-01 -5.672689e-03 -6.427060e-02 1.091779e-01 -1.146115e-02 -4.963325e-02 -1.292232e-01 1.786796e-01 5.616296e-03 4.975508e-02 -5.082198e-02 3.336343e-01 -1.665762e-01 2.183639e-01 -1.269078e-03
<VARIANCE> 39
 1.911229e+00 5.555436e+00 1.495888e+01 2.470832e+00 3.151404e+01 5.579791e+01 1.876552e+01 6.877862e+00 1.419658e+01 8.926808e+00 7.872466e+00 2.607357e+00 5.000000e-02 5.000000e-02 1.627426e-01 5.748198e-01 4.483486e-01 4.457896e-01 6.561862e-01 6.594151e-01 4.164849e-01 4.897996e-01 3.899726e-01 8.887492e-01 2.723929e-01 5.000000e-02 5.000000e-02 1.001251e-01 9.649335e-02 5.616667e-02 7.297224e-02 1.633538e-01 5.000000e-02 1.508465e-01 1.632973e-01 5.546385e-02 4.097807e-01 5.000000e-02 5.000000e-02
<GCONST> 4.867244e+01
<STATE> 13
<MEAN> 39
 -1.019963e+01 -1.846909e+01 -6.393830e+00 -1.426827e+01 -1.199087e+01 -6.351744e+00 1.189908e+01 4.193393e-01 -8.296366e-01 -2.092279e+00 -3.488191e+00 -6.530087e+00 9.481877e-01 -4.123283e-01 1.692063e-01 -6.116651e-01 -1.650156e-01 -2.592991e-01 4.341150e-01 1.335252e-01 4.149681e-01 -5.217037e-01 2.262587e-01 9.162457e-02 7.139878e-02 -5.094205e-03 -8.368812e-02 -1.498551e-01 -8.201766e-02 -1.193841e-01 -2.118711e-01 -1.096793e-01 -8.688816e-02 -4.290160e-02 5.973218e-02 2.017924e-01 -3.035682e-02 5.588472e-02 6.670375e-04
<VARIANCE> 39
 2.539766e+00 2.106138e+00 1.267232e+01 5.060794e+00 4.009331e+01 3.212130e+01 3.124237e+01 2.552123e+00 1.372277e+01 7.628292e+00 1.682034e+01 1.768215e+00 5.000000e-02 1.499119e-01 3.602283e-01 3.526500e-01 4.898187e-01 2.693265e-01 4.622729e-01 4.991930e-01 1.125588e+00 6.066974e-01 4.363830e-01 1.432478e+00 1.572875e-01 5.000000e-02 5.000000e-02 5.000000e-02 1.459280e-01 5.000000e-02 5.000000e-02 6.642717e-02 5.926036e-02 6.310638e-02 1.604297e-01 1.511895e-01 2.617708e-01 7.518467e-02 5.000000e-02
<GCONST> 4.810175e+01
<STATE> 14
<MEAN> 39
 -1.171659e+01 -1.828352e+01 -8.909932e+00 -1.462455e+01 -1.346454e+01 -7.506580e+00 1.241365e+01 4.217435e-01 -2.333224e+00 -2.640143e+00 -1.877620e+00 -8.130734e+00 9.403629e-01 -2.547019e-01 1.691014e-01 -5.811682e-02 -1.888673e-01 -3.304184e-01 3.759218e-01 3.822436e-02 1.747209e-01 -6.322278e-01 5.017567e-01 -6.530088e-01 4.712391e-01 -4.374717e-03 1.548442e-01 -9.630481e-02 2.880453e-01 -4.850408e-02 1.459446e-01 7.262527e-03 -1.617737e-01 -7.850675e-02 1.263146e-01 -1.550695e-02 -2.115253e-01 1.834311e-01 8.833570e-04
<VARIANCE> 39
 3.744039e+00 3.927816e+00 1.033539e+01 2.857933e+00 3.379995e+01 3.859958e+01 1.537532e+01 9.355329e+00 1.065802e+01 6.779811e+00 3.019761e+01 2.341028e+00 5.000000e-02 1.066561e-01 4.312195e-01 4.315591e-01 2.225151e-01 3.086603e-01 6.199485e-01 9.623737e-01 2.755306e-01 8.876207e-01 8.078954e-01 9.915128e-01 2.864630e-01 5.000000e-02 5.000000e-02 9.689015e-02 5.000000e-02 5.000000e-02 5.000000e-02 5.000000e-02 6.052149e-02 7.249558e-02 1.189284e-01 5.000000e-02 4.485143e-01 5.000000e-02 5.000000e-02
<GCONST> 4.778597e+01
<STATE> 15
<MEAN> 39
 -1.170460e+01 -1.789114e+01 -7.312509e+00 -1.566475e+01 -1.520429e+01 -5.424276e+00 1.169259e+01 7.221108e-01 -2.698040e+00 5.584788e-01 -5.428524e+00 -5.902216e+00 9.382794e-01 -7.587150e-02 -1.990027e-01 2.728889e-01 -4.449331e-01 2.657382e-01 1.460096e-01 2.549593e-01 1.077897e-01 -2.092319e-01 2.753596e-01 -4.593153e-01 7.845808e-01 -2.667313e-03 1.264432e-01 1.594157e-02 -2.195891e-02 2.038302e-01 1.358618e-01 -1.532353e-01 -1.966520e-01 -3.203364e-01 3.766510e-01 -2.777412e-01 3.287309e-01 -1.489291e-01 8.354874e-04
<VARIANCE> 39
 1.854594e+00 3.905018e+00 1.575149e+01 7.187084e+00 1.327809e+01 4.301411e+01 6.819828e+00 3.001269e+00 8.228683e+00 1.549266e+01 1.682811e+01 4.919741e+00 5.000000e-02 1.000722e-01 9.126326e-02 1.232139e-01 2.589025e-01 1.262341e-01 5.000000e-02 6.308588e-01 8.767591e-02 1.133829e+00 3.204565e-01 9.519136e-01 9.462529e-02 5.000000e-02 5.000000e-02 6.770613e-02 5.000000e-02 1.182530e-01 8.107754e-02 1.203479e-01 1.108127e-01 5.993954e-02 2.129593e-01 1.833604e-01 2.099029e-01 7.261994e-02 5.000000e-02
<GCONST> 4.061971e+01
<STATE> 16
<MEAN> 39
 -1.199107e+01 -1.858019e+01 -5.647960e+00 -1.644817e+01 -1.427003e+01 -4.922820e+00 1.071623e+01 -1.803119e-01 -2.813680e+00 -1.971434e+00 -5.866178e+00 -4.943128e+00 9.384126e-01 1.997326e-01 1.167395e-01 -3.143440e-01 3.981077e-01 -6.418180e-02 2.210029e-03 -4.942029e-01 -8.592927e-01 8.969909e-01 -2.674204e-01 7.621750e-01 1.432158e-02 -3.565989e-03 1.406960e-01 1.029338e-01 -2.138181e-01 7.175398e-03 -6.291076e-02 -5.893228e-02 -1.360852e-01 -3.248875e-01 2.539299e-01 1.912324e-01 -1.862853e-03 -3.995714e-01 2.194177e-03
<VARIANCE> 39
 3.342339e+00 1.170620e+00 7.721502e+00 5.015275e+00 2.701933e+01 3.241615e+01 1.245176e+01 9.811674e-01 4.521520e+00 6.815079e+00 1.137127e+01 4.514993e+00 5.000000e-02 1.241676e-01 3.786169e-01 9.128200e-02 7.581154e-01 4.284065e-01 2.958653e-01 2.903045e-01 5.367185e-01 6.071295e-01 1.440840e+00 1.590690e+00 3.103735e-01 5.000000e-02 5.000000e-02 5.000000e-02 5.000000e-02 1.456945e-01 5.000000e-02 5.000000e-02 1.138951e-01 6.129688e-02 1.559179e-01 1.067124e-01 1.627512e-01 5.000000e-02 5.000000e-02
<GCONST> 4.308622e+01
<STATE> 17
<MEAN> 39
 -1.109383e+01 -1.743111e+01 -8.284215e+00 -1.356406e+01 -1.477653e+01 -5.595073e+00 1.124323e+01 -2.674318e+00 4.468455e-01 -1.121701e+00 -2.852315e+00 -5.917891e+00 9.221872e-01 4.425150e-01 4.135050e-01 -4.227508e-01 -3.097948e-02 2.097056e-01 2.971102e-02 -4.779811e-01 -1.109285e+00 5.583960e-01 7.056586e-01 -5.009616e-01 -6.442606e-01 3.613512e-03 5.298262e-02 4.658361e-02 -3.575859e-02 -3.189639e-01 9.421984e-02 9.704816e-02 -6.634588e-02 4.528473e-01 -3.867387e-01 2.188004e-01 -5.704691e-01 -2.385949e-01 2.664640e-03
<VARIANCE> 39
 2.716178e+00 2.228717e+00 8.891832e+00 4.667066e+00 3.230278e+01 4.544114e+01 1.184747e+01 1.325238e+01 1.067158e+01 4.664271e+00 2.642193e+00 2.522988e+00 5.000000e-02 5.000000e-02 2.407317e-01 1.488068e-01 6.472728e-01 1.583961e-01 6.274650e-01 1.890572e-01 1.125428e+00 3.363869e-01 6.265463e-01 7.321835e-01 7.246670e-02 5.000000e-02 5.000000e-02 5.000000e-02 5.000000e-02 5.000000e-02 1.124507e-01 5.000000e-02 1.341532e-01 1.938720e-01 5.000000e-02 3.785206e-01 1.869826e-01 5.000000e-02 5.000000e-02
<GCONST> 4.180630e+01
<STATE> 18
<MEAN> 39
 -9.253078e+00 -1.697155e+01 -1.029610e+01 -1.478899e+01 -1.061972e+01 -8.054739e+00 1.345571e+01 1.697544e-01 -2.789465e+00 8.606981e-01 -4.414411e+00 -8.759040e+00 9.535097e-01 2.347462e-01 1.690303e-01 -1.047903e-02 -7.371586e-01 6.743500e-02 1.919920e-01 1.062876e-01 8.975683e-01 -4.214854e-01 7.106181e-01 -1.150582e+00 -6.067709e-01 7.464400e-03 -1.824815e-01 -8.154730e-02 1.550267e-01 -2.426967e-01 1.843853e-01 6.415815e-03 -2.132367e-02 4.268250e-01 1.686147e-02 -1.122735e-01 2.911381e-02 2.723321e-01 -5.348385e-03
<VARIANCE> 39
 3.944099e+00 4.753892e+00 1.116901e+01 9.535227e+00 2.921386e+01 1.593362e+01 2.315782e+01 4.168274e+01 1.454393e+01 2.449930e+00 6.535879e+00 6.738309e+00 5.000000e-02 2.784315e-01 1.339528e-01 5.304922e-01 4.860309e-01 6.397699e-01 1.970538e-01 1.294345e+00 1.210868e+00 3.501644e-01 8.110096e-01 5.428303e-01 3.721952e-01 5.000000e-02 5.000000e-02 5.000000e-02 6.733339e-02 9.746476e-02 1.382893e-01 1.091580e-01 1.189770e-01 3.424957e-01 1.749840e-01 8.131673e-02 1.968787e-01 8.388577e-02 5.000000e-02
<GCONST> 5.477175e+01
<STATE> 19
<MEAN> 39
 -1.029993e+01 -1.760667e+01 -7.997669e+00 -1.718745e+01 -1.485931e+01 -4.457303e+00 7.977514e+00 -1.908054e+00 -4.134853e-01 2.159950e+00 -8.314159e+00 -7.672017e+00 9.662302e-01 -7.881187e-02 2.000099e-01 -4.129169e-01 -7.572559e-01 5.182931e-01 4.242766e-01 -4.405792e-01 9.781138e-01 2.686999e-01 -8.672700e-02 -6.738579e-01 -2.831241e-01 -4.709634e-03 -1.265529e-01 1.235470e-01 4.752539e-02 2.146647e-01 -4.648994e-02 1.208257e-01 1.532607e-01 2.284886e-01 4.654401e-02 -3.779292e-01 3.251782e-01 1.071081e-01 -8.132351e-03
<VARIANCE> 39
 2.447432e+00 6.813076e+00 1.106782e+01 2.826170e+01 1.594506e+01 2.911331e+01 2.851634e+01 2.906160e+01 1.001966e+01 8.154848e+00 8.624323e+00 7.983567e+00 5.000000e-02 4.370227e-01 1.319130e-01 4.925631e-01 8.580233e-01 6.484342e-01 5.059274e-01 3.686467e-01 5.668941e-01 7.492480e-01 5.926539e-01 1.083846e+00 7.778355e-01 5.000000e-02 5.000000e-02 5.000000e-02 7.477409e-02 1.610492e-01 5.000000e-02 9.929015e-02 1.715619e-01 5.706747e-01 6.166866e-02 1.131176e-01 1.088668e-01 9.233100e-02 5.000000e-02
<GCONST> 5.776226e+01
<STATE> 20
<MEAN> 39
 -1.058819e+01 -1.547175e+01 -8.552794e+00 -1.758560e+01 -1.025134e+01 -2.932432e+00 9.812047e+00 2.498463e+00 -3.803689e-01 -3.422715e-02 -7.046768e+00 -8.356038e+00 9.034540e-01 5.158436e-02 3.676026e-01 4.258146e-01 -2.985034e-01 3.044628e-01 2.664288e-01 -2.998388e-01 4.800839e-01 6.288235e-02 -1.783310e-01 1.318865e-01 1.979671e-01 -3.091178e-02 2.414843e-01 -1.142713e-01 3.344994e-01 5.265615e-01 -5.412359e-01 -2.111414e-02 -2.636002e-02 -4.978598e-01 -4.110785e-03 1.353452e-01 2.730366e-01 1.424684e-01 -1.137886e-02
<VARIANCE> 39
 4.872318e+00 7.065536e+00 6.833513e+00 8.276175e+00 2.829933e+01 3.213324e+01 4.410684e+01 1.244655e+01 9.807281e+00 7.229999e+00 5.997147e+00 6.093779e+00 5.000000e-02 6.241630e-01 1.068011e-01 1.256085e+00 8.569399e-01 5.661490e-01 7.261640e-01 9.277459e-01 4.123793e+00 7.946687e-01 7.326117e-01 2.695034e-01 1.518587e+00 5.000000e-02 5.185940e-01 1.361930e-01 5.000000e-02 1.560611e-01 1.547764e-01 9.365468e-02 2.855409e-01 2.668047e-01 7.430614e-02 1.703503e-01 1.534489e-01 1.061091e-01 5.000000e-02
<GCONST> 6.482952e+01
<STATE> 21
<MEAN> 39
 -9.945394e+00 -1.696625e+01 -7.637667e+00 -1.866826e+01 -1.168575e+01 -6.359091e+00 9.922074e+00 1.251753e+00 -1.022240e+00 9.310988e-01 -6.706626e+00 -6.974084e+00 8.470039e-01 6.731596e-01 7.038715e-02 9.462402e-01 1.260567e+00 -7.620777e-01 7.499658e-01 -4.796824e-01 -2.536827e-01 6.856280e-02 1.298629e-01 3.935250e-01 1.922504e-01 -4.963828e-02 2.771839e-01 -2.244493e-02 3.090445e-01 5.286413e-01 -3.854573e-01 4.032601e-01 1.057220e-01 9.255490e-02 2.022231e-01 1.345946e-01 1.651298e-01 -3.120080e-02 -9.390213e-03
<VARIANCE> 39
 1.458379e+01 5.968118e+00 1.915447e+01 1.773989e+01 3.199968e+01 3.293312e+01 1.058795e+01 1.271435e+01 1.010651e+01 4.372602e+00 1.067000e+01 9.281931e+00 5.000000e-02 3.967364e+00 1.945632e+00 7.113303e-01 1.015243e+00 8.625266e-01 3.931720e-01 1.846713e+00 3.901282e+00 3.849917e-01 6.097510e-01 5.320731e-01 3.820623e-01 5.000000e-02 4.023405e-01 1.284787e-01 3.092690e-01 1.279277e-01 1.838590e-01 1.966173e-01 1.895693e-01 4.097528e-01 3.741289e-01 1.312436e-01 9.662782e-02 2.591425e-01 5.000000e-02
<GCONST> 7.403183e+01
<STATE> 22
<MEAN> 39
 -6.961849e+00 -1.718766e+01 -6.519308e+00 -1.323167e+01 -1.418025e+01 -2.105005e+00 8.257388e+00 4.668632e-03 -4.019523e-02 8.044983e-01 -5.679757e+00 -8.087077e+00 7.689848e-01 6.594974e-01 2.639436e-01 1.189712e+00 1.196191e+00 -9.834915e-01 1.444697e+00 -7.622032e-02 8.744293e-01 7.547918e-01 6.629305e-01 2.259790e-01 1.233615e-01 -4.711201e-02 -1.772176e-02 -1.050686e-01 1.786708e-01 -2.120288e-01 -8.436979e-03 -9.865633e-02 2.811394e-01 1.918680e-01 2.059165e-01 5.347235e-02 -1.016096e-01 3.356916e-01 -4.162526e-03
<VARIANCE> 39
 3.235419e+01 1.567297e+01 1.365622e+01 1.015312e+01 1.110099e+01 1.759185e+01 8.597067e+00 1.011236e+01 6.456652e+00 4.762014e+00 2.489016e+01 7.125131e+00 5.000000e-02 2.537871e+00 1.004107e+00 6.550149e-01 1.310880e+00 1.654260e+00 1.046165e+00 1.158132e+00 9.321036e-01 1.757927e+00 1.477098e+00 1.252178e+00 6.589216e-01 5.000000e-02 6.656229e-01 3.450816e-01 3.929810e-01 1.503761e-01 2.020113e-01 2.096591e-01 1.893841e-01 5.113420e-01 5.877157e-02 2.859017e-01 1.649925e-01 1.870240e-01 5.000000e-02
<GCONST> 7.700354e+01
<STATE> 23
<MEAN> 39
 -8.908361e+00 -1.435049e+01 -3.964327e+00 -1.438294e+01 -1.497145e+01 4.773189e-01 9.501332e+00 3.540351e+00 8.678270e-01 2.022556e+00 -6.737511e+00 -6.726625e+00 6.982486e-01 1.438660e+00 -6.153525e-01 1.781879e+00 5.697468e-01 -1.392550e+00 9.095385e-01 1.728598e-01 3.351465e-01 1.087677e+00 -2.707221e-01 2.975254e-01 7.814311e-01 -6.925424e-02 5.786201e-01 -6.257023e-01 -5.306768e-02 -1.453740e-01 6.386808e-02 -3.833596e-01 3.853928e-02 -4.112457e-01 -1.010175e-01 -4.420391e-01 1.373835e-01 1.094565e-01 -7.542156e-05
<VARIANCE> 39
 2.672176e+01 1.106277e+01 1.521751e+01 1.779652e+01 1.459167e+01 1.791424e+01 3.576791e+01 1.164958e+01 1.388260e+01 1.225590e+01 2.443432e+01 8.323958e+00 5.000000e-02 3.334171e+00 7.929391e-01 1.023642e+00 4.284652e-01 1.175001e+00 2.280602e+00 3.500257e-01 7.852958e-01 2.275370e+00 1.523261e+00 5.723693e-01 1.519319e+00 5.000000e-02 5.992171e-01 3.416162e-01 1.654189e-01 2.122421e-01 2.946988e-01 1.647028e-01 5.813243e-01 1.979652e-01 5.206683e-01 1.468447e-01 2.059224e-01 9.820208e-02 5.000000e-02
<GCONST> 8.038123e+01
<STATE> 24
<MEAN> 39
 -6.979298e+00 -1.733901e+01 -1.671082e+00 -1.381435e+01 -1.837755e+01 -1.044760e+00 8.298962e+00 3.088358e+00 2.638104e+00 1.457516e+00 -6.869503e+00 -5.276742e+00 6.157344e-01 1.963863e+00 -1.608603e+00 1.049883e+00 7.885180e-01 -6.944399e-01 1.027067e-01 1.263919e+00 -2.986880e-01 3.859554e-01 -8.156003e-01 6.028671e-01 1.086655e+00 -6.144207e-02 3.509881e-01 -2.035466e-01 -3.948729e-01 8.045780e-02 4.932889e-01 -1.826596e-01 1.458818e-01 -6.880021e-01 -3.512574e-01 -4.180923e-01 3.097472e-01 -1.723017e-01 4.571551e-03
<VARIANCE> 39
 2.820525e+01 1.671747e+01 5.263974e+00 1.280242e+01 2.763890e+01 1.961696e+00 1.836127e+01 6.014062e+00 9.297593e+00 3.349495e+01 2.061105e+01 1.086399e+01 5.000000e-02 2.164520e+00 2.011290e+00 1.472889e+00 7.897068e-01 3.101201e+00 1.386798e+00 3.499291e+00 1.326267e+00 5.231554e-01 6.721607e-01 1.415345e+00 6.992351e-01 5.000000e-02 4.557448e-01 3.097375e-01 1.391511e-01 7.655537e-02 7.334808e-01 2.731397e-01 5.267114e-01 7.488929e-02 3.080083e-01 4.193739e-01 1.898594e-01 2.123735e-01 5.000000e-02
<GCONST> 7.986874e+01
<STATE> 25
<MEAN> 39
 -1.159574e+00 -1.955626e+01 -2.626090e-01 -1.121412e+01 -1.629944e+01 1.302433e+00 1.097196e+01 2.072250e+00 3.659871e+00 1.306227e-01 -4.244651e+00 -4.558106e+00 5.382044e-01 2.092597e+00 -1.078385e+00 1.425291e-01 5.578164e-01 1.416671e-01 4.980599e-02 5.649966e-02 -1.999004e+00 -2.981861e-01 -9.988846e-01 1.247112e+00 2.552729e-01 -4.412440e-02 -4.680140e-01 3.663981e-01 -5.396055e-01 -1.871474e-01 3.206069e-01 -2.506996e-01 -4.695994e-01 -6.015273e-01 -4.166560e-01 2.051078e-01 -7.795995e-02 -2.489085e-01 8.004975e-03
<VARIANCE> 39
 9.401997e+00 7.823405e+00 1.191691e+01 4.022844e+00 1.823059e+01 2.074019e+01 9.151590e+00 9.291029e+00 3.074616e+00 9.167822e+00 1.323956e+01 2.730484e+00 5.000000e-02 1.188411e+00 3.339013e+00 1.634888e+00 9.016554e-01 4.028790e+00 8.389962e-01 4.257488e+00 1.237788e+00 8.295150e-01 1.640564e+00 1.215733e+00 5.103966e-01 5.000000e-02 2.069721e-01 3.837179e-01 1.312074e-01 2.174766e-01 7.478043e-01 5.061697e-01 2.929525e-01 2.439324e-01 5.000000e-02 2.545819e-01 1.631091e-01 1.930002e-01 5.000000e-02
<GCONST> 7.511783e+01
<STATE> 26
<MEAN> 39
 5.187097e-01 -2.145022e+01 -3.371126e+00 -1.150162e+01 -1.699265e+01 -1.646031e+00 1.171772e+01 -1.292657e+00 4.019549e-01 -2.040226e+00 -2.207933e+00 -3.975527e+00 4.515004e-01 1.855489e-01 2.043912e-01 -4.806656e-01 4.433593e-01 1.016302e+00 -5.511693e-01 -4.147311e-01 -1.084638e+00 -5.026415e-01 -1.298832e-01 5.356454e-01 1.265778e-02 -3.817566e-02 -5.352784e-01 7.010283e-01 -2.237226e-02 1.096868e-01 4.541343e-01 1.359507e-02 -1.954721e-01 2.686993e-01 2.042381e-01 4.375677e-01 -1.243683e-01 -1.705300e-01 2.623325e-04
<VARIANCE> 39
 2.988187e+00 7.608514e+00 2.111750e+01 4.343962e+00 1.292091e+01 8.670882e+00 1.695362e+01 9.474413e+00 1.818056e+00 5.411865e+00 3.049786e+00 7.372408e+00 5.000000e-02 1.042979e+00 1.210785e+00 1.596384e+00 2.030940e+00 2.337597e+00 1.354517e+00 1.551105e+00 2.759154e+00 7.056745e-01 1.109836e+00 4.941946e-01 3.176670e-01 5.000000e-02 1.009766e-01 3.318076e-01 3.773031e-01 8.905370e-02 4.409164e-01 1.432454e-01 6.281640e-01 7.256716e-02 5.000000e-02 2.012011e-01 1.265642e-01 6.133975e-02 5.000000e-02
<GCONST> 6.535286e+01
<STATE> 27
<MEAN> 39
 -3.176311e-01 -1.928547e+01 -2.789658e+00 -1.110747e+01 -1.368827e+01 -1.197129e+00 7.044166e+00 -5.395036e+00 1.055123e+00 -5.334962e-01 -2.218660e+00 -5.325673e+00 3.883649e-01 -2.232760e-01 1.111987e+00 -2.277396e-01 8.151075e-01 1.094004e+00 9.936541e-02 -3.241308e-01 -6.271095e-01 2.006175e-01 3.383161e-01 -6.806079e-02 -2.752410e-01 -3.666846e-02 -1.345902e-01 2.042246e-01 5.103302e-03 2.242463e-01 3.324710e-02 1.721998e-01 4.631620e-01 7.787902e-01 9.350998e-02 -9.235531e-02 -1.479874e-01 1.324174e-01 6.334721e-03
<VARIANCE> 39
 1.485930e+00 5.365637e+00 2.508545e+01 1.276830e+01 2.091694e+01 8.821893e+00 7.166136e+00 2.328847e+01 6.016870e+00 4.880378e+00 5.825348e+00 9.279428e+00 5.000000e-02 2.908420e-01 8.490908e-01 1.854498e+00 1.723541e+00 1.791470e+00 6.048863e-01 1.197315e+00 1.872327e+00 2.934338e-01 9.733928e-01 5.702637e-01 4.926128e-01 5.000000e-02 1.052110e-01 1.524168e-01 3.841499e-01 2.968333e-01 4.918064e-01 1.392865e-01 1.903748e-01 3.411193e-01 1.384989e-01 3.855674e-01 7.699540e-02 1.437926e-01 5.000000e-02
<GCONST> 6.721577e+01
<STATE> 28
<MEAN> 39
 -2.789830e-01 -1.622110e+01 -7.170644e-01 -6.630740e+00 -1.303975e+01 -1.659296e+00 1.098985e+01 -2.190733e+00 1.646577e+00 -1.331986e+00 -2.986957e+00 -5.011664e+00 3.416452e-01 2.267034e-01 1.110520e+00 -1.372481e-01 9.467217e-01 1.212624e+00 4.862553e-01 1.020743e+00 8.227215e-01 -7.666636e-03 5.578776e-01 4.904620e-01 3.342588e-01 -1.917472e-02 -4.760179e-02 -3.026267e-01 -8.156728e-02 -3.344561e-01 -2.167319e-01 5.589499e-02 1.421036e-01 3.502278e-01 -1.053940e-01 -2.363068e-01 7.098471e-02 7.947075e-02 7.059528e-03
<VARIANCE> 39
 5.227444e+00 9.766542e+00 6.649700e+00 2.345944e+01 3.118474e+01 2.286260e+01 4.081746e+00 3.079302e+01 4.592041e+00 2.127553e+01 8.664671e+00 5.518109e+00 5.000000e-02 6.101732e-01 9.968965e-01 1.903721e+00 1.390653e+00 1.718020e+00 5.069954e-01 1.387049e+00 6.751743e-01 7.715123e-01 2.642540e+00 1.229569e-01 2.348136e-01 5.000000e-02 7.474374e-02 1.191397e-01 2.447227e-01 5.829611e-01 4.212902e-01 2.384534e-01 5.038063e-02 2.008525e-01 8.298492e-02 4.761649e-01 1.818618e-01 1.606526e-01 5.000000e-02
<GCONST> 6.864150e+01
<STATE> 29
<MEAN> 39
 -1.437254e-01 -1.617958e+01 -3.986544e+00 -7.589287e+00 -1.003287e+01 7.119338e-01 1.084345e+01 -2.339390e+00 1.364052e+00 -6.579130e-01 -1.757197e+00 -4.281403e+00 3.232248e-01 -1.466071e-01 4.279220e-01 -3.549546e-02 4.683494e-01 3.754131e-01 -4.298717e-01 4.618397e-02 2.375450e-01 -5.213689e-02 -5.541897e-01 3.090897e-01 3.397329e-02 -1.323139e-02 -6.476701e-02 -8.117557e-02 7.525807e-02 -3.276611e-01 -1.121088e-01 -3.112704e-01 -1.939049e-01 -1.759225e-01 -1.367127e-01 -5.852987e-03 7.913789e-02 -6.632944e-02 1.294893e-03
<VARIANCE> 39
 1.186805e+01 1.746285e+01 1.843149e+01 9.264073e+00 3.166699e+01 6.678554e+00 2.116224e+01 1.685362e+01 1.098575e+01 2.543635e+01 7.721489e+00 3.907042e+00 5.000000e-02 3.250504e-01 3.064286e-01 5.794007e-01 1.051390e+00 3.286576e-01 1.448078e+00 8.332409e-01 9.676282e-01 4.550100e-01 2.205008e+00 8.695061e-01 1.801957e+00 5.000000e-02 1.077845e-01 1.788492e-01 4.003644e-01 1.950087e-01 5.308273e-01 7.453550e-02 3.305548e-01 2.095399e-01 2.259063e-01 5.193516e-01 1.610152e-01 1.265132e-01 5.000000e-02
<GCONST> 7.169194e+01
<STATE> 30
<MEAN> 39
 -4.248370e-01 -1.638226e+01 -2.830511e+00 -7.447498e+00 -1.227895e+01 -2.286900e+00 9.921935e+00 -2.468712e+00 1.350668e+00 -1.579285e+00 -1.498120e+00 -4.708686e+00 3.255217e-01 -1.373036e-01 8.447132e-01 -1.343226e-01 -6.991350e-03 1.211220e+00 -2.648660e-01 3.510434e-01 6.037017e-01 -6.509998e-01 -4.172473e-01 5.171522e-01 -2.423435e-02 -1.611113e-02 -7.366266e-02 8.402260e-02 1.330729e-01 -7.719245e-02 9.792829e-02 -5.379918e-02 -1.846424e-01 1.231095e-01 1.387394e-01 6.105582e-02 -3.399687e-02 5.084825e-02 -3.390511e-03
<VARIANCE> 39
 3.280732e+00 7.707438e+00 6.137437e+00 5.754006e+00 1.692804e+01 6.637857e+00 1.662979e+01 2.017788e+01 6.806451e+00 1.705902e+01 5.015719e+00 1.458929e+01 5.000000e-02 4.098454e-01 8.392329e-01 1.891084e+00 1.437392e+00 3.072852e+00 3.325093e-01 1.218450e+00 1.468447e+00 8.404902e-01 2.512559e+00 7.965982e-01 4.475200e-01 5.000000e-02 5.000000e-02 8.686934e-02 1.367617e-01 7.929301e-02 1.660962e-01 8.701997e-02 1.926393e-01 1.200472e-01 1.016508e-01 3.409028e-01 1.266330e-01 2.472419e-01 5.000000e-02
<GCONST> 6.452862e+01
<STATE> 31
<MEAN> 39
 -1.822428e+00 -1.285571e+01 -2.555568e+00 -6.930693e+00 -6.033547e+00 2.176694e-02 1.207454e+01 -1.026914e+00 -8.147672e-01 -2.090402e+00 3.114361e-01 -4.425335e+00 2.094377e-01 -5.035089e-02 9.425560e-01 2.266922e-01 5.325465e-01 1.001328e+00 -6.459369e-01 -5.619704e-01 2.384086e-01 3.775828e-02 2.679200e-01 3.323762e-01 3.494757e-01 -1.398515e-02 2.391191e-02 -2.031418e-02 1.788110e-01 2.388440e-01 -1.541507e-02 -1.720510e-02 -3.172255e-01 6.224099e-02 2.626452e-01 -5.843683e-03 -2.576635e-01 1.151322e-01 2.269801e-03
<VARIANCE> 39
 6.446019e+00 3.125215e+00 1.686683e+01 3.906884e+00 5.247028e+00 1.290082e+00 7.305134e+00 2.163539e+01 4.430948e+00 1.927139e+01 3.128552e+00 3.019476e+00 5.000000e-02 1.394688e-01 4.504903e-01 6.699641e-01 5.392929e-01 9.097412e-01 3.136963e-01 1.003232e+00 8.552845e-01 2.845405e-01 8.085390e-01 6.739698e-01 6.755850e-01 5.000000e-02 5.000000e-02 5.000000e-02 1.815361e-01 1.359476e-01 2.120671e-01 1.148598e-01 1.091567e-01 1.583132e-01 2.191053e-01 4.582914e-01 2.864709e-01 1.394089e-01 5.000000e-02
<GCONST> 5.311549e+01
<STATE> 32
<MEAN> 39
 -6.913984e-01 -1.272156e+01 -3.046868e+00 -7.371733e+00 -8.935982e+00 -5.552796e+00 8.385911e+00 -1.282766e-01 1.789765e+00 -8.432958e-01 9.963451e-02 -2.771131e+00 2.578025e-01 -2.688203e-01 5.530732e-01 8.672335e-01 6.257671e-01 4.569654e-01 -5.320237e-01 -1.319136e+00 5.343914e-01 1.047803e+00 -2.839515e-01 -6.775984e-01 1.685943e-01 -2.229164e-02 -1.003593e-01 -7.918105e-02 2.048891e-01 2.986516e-01 2.665208e-03 2.588288e-01 -2.952764e-02 -2.571773e-01 -4.491333e-02 -4.381333e-02 -2.384298e-01 -1.564228e-01 -3.834476e-03
<VARIANCE> 39
 1.541602e+00 8.704539e+00 9.615908e+00 1.216372e+01 1.244143e+01 1.178751e+01 2.479158e+01 1.497573e+01 2.400500e+00 1.082681e+01 2.381535e+00 2.768546e+00 5.000000e-02 6.523992e-01 5.402098e-01 1.080756e+00 1.077004e+00 8.184627e-02 8.699118e-01 1.136450e+00 1.976042e+00 6.330133e-01 1.883820e+00 6.434057e-01 1.460179e+00 5.000000e-02 5.000000e-02 1.592298e-01 1.486369e-01 2.264380e-01 4.063728e-01 1.077280e-01 2.071146e-01 7.039956e-02 9.664010e-02 2.260616e-01 1.218543e-01 9.051140e-02 5.000000e-02
<GCONST> 5.957434e+01
<STATE> 33
<MEAN> 39
 -1.571146e+00 -1.202925e+01 5.415144e-01 -3.874171e+00 -5.582860e+00 -1.170044e+00 7.036384e+00 -8.592305e-01 2.959402e+00 -2.862186e+00 -3.000560e+00 -4.645235e+00 2.292890e-01 -7.061379e-01 4.335241e-01 5.692652e-01 9.396951e-01 9.031891e-01 3.620099e-01 -3.339151e-01 8.278836e-02 5.096466e-03 6.961358e-03 -5.828317e-01 -2.619781e-01 -3.342713e-02 -2.129046e-01 -3.846327e-02 -2.337510e-01 -2.224108e-01 -1.196977e-01 3.225353e-02 3.717906e-01 -2.622934e-01 -3.857755e-01 1.811830e-01 3.206312e-01 1.322042e-01 -4.933866e-03
<VARIANCE> 39
 7.089133e+00 5.807559e+00 5.362055e+00 8.175118e+00 2.055114e+01 1.019208e+01 4.744153e+00 1.302145e+01 5.472665e+00 5.388998e+00 9.063025e+00 1.169150e+01 5.000000e-02 6.748042e-01 7.504597e-01 2.967130e-01 8.883198e-01 1.845660e+00 5.536519e-01 8.014449e-01 9.599723e-01 5.302823e-01 1.087878e+00 1.906610e-01 8.302475e-01 5.000000e-02 9.181783e-02 5.015712e-02 1.576437e-01 2.032081e-01 3.560840e-01 1.788299e-01 1.053425e-01 4.679664e-01 1.601652e-01 4.608057e-01 2.441715e-01 4.216382e-01 5.000000e-02
<GCONST> 6.359050e+01
<STATE> 34
<MEAN> 39
 -2.562542e+00 -1.100843e+01 -3.450616e-01 -3.662834e+00 -4.573393e+00 -3.763198e+00 7.775353e+00 4.766410e-01 1.660722e+00 -3.839540e-01 -1.133836e+00 -3.885232e+00 1.584332e-01 -7.784773e-01 4.800893e-01 9.578349e-02 4.820504e-01 6.781783e-01 -4.800736e-02 5.342533e-02 -2.582044e-01 -6.291360e-01 -2.943327e-01 3.669448e-01 7.542328e-01 -3.180697e-02 -9.296490e-02 -1.703425e-01 -1.955664e-01 -3.610741e-01 -2.205973e-01 5.303399e-02 4.954495e-02 -1.031618e-01 2.734454e-02 -6.331682e-02 3.876154e-01 3.056070e-01 1.588001e-03
<VARIANCE> 39
 4.743742e+00 4.875036e+00 3.274204e+00 2.878553e+00 5.146939e+00 1.207380e+01 7.485787e+00 2.517516e+01 1.390522e+01 5.328941e+00 1.541160e+00 6.154073e+00 5.000000e-02 4.758757e-01 5.840884e-01 1.047122e+00 7.884076e-01 2.347408e+00 8.872890e-01 7.524027e-01 1.253142e+00 8.904207e-01 1.114451e+00 1.129696e+00 1.641317e+00 5.000000e-02 1.064168e-01 1.019840e-01 1.697001e-01 7.822260e-02 2.051358e-01 2.181571e-01 1.145713e-01 4.343760e-01 2.683352e-01 1.897268e-01 5.000000e-02 2.718935e-01 5.000000e-02
<GCONST> 6.158229e+01
<STATE> 35
<MEAN> 39
 -4.439304e+00 -1.032150e+01 -9.491979e-01 -3.565319e+00 -5.109128e+00 -3.176954e+00 7.610168e+00 -7.210850e-01 1.034057e-01 -3.427528e+00 -1.045354e+00 -9.533221e-01 8.397570e-02 -8.816996e-01 7.121918e-02 3.125240e-02 -4.366037e-01 -8.842863e-04 1.556106e-01 -2.059719e-01 -2.118302e-01 3.693959e-01 2.855121e-01 8.343632e-01 6.495808e-01 -1.980151e-02 1.623978e-01 -5.916971e-02 7.337822e-02 -7.654168e-02 7.284454e-02 4.836362e-02 -9.611639e-02 1.533223e-01 3.170854e-01 2.458934e-01 -3.016821e-02 -3.946326e-01 9.695737e-03
<VARIANCE> 39
 2.503090e+00 5.426797e+00 1.126393e+01 3.335258e+00 9.855760e+00 5.054502e+00 8.185643e+00 1.249633e+01 6.586978e+00 3.829752e+00 8.078204e+00 6.446418e+00 5.000000e-02 1.386601e-01 2.585592e-01 1.191995e+00 4.211572e-01 8.858738e-01 1.018655e+00 6.835512e-01 3.004790e+00 1.196683e+00 1.002775e+00 6.657544e-01 1.489151e+00 5.000000e-02 5.266839e-02 6.061815e-02 9.806728e-02 7.113400e-02 3.692477e-01 1.351845e-01 7.660713e-02 2.223435e-01 2.414544e-01 1.826602e-01 2.407918e-01 1.042460e-01 5.000000e-02
<GCONST> 5.682684e+01
<STATE> 36
<MEAN> 39
 -6.281752e+00 -1.061061e+01 6.495563e-01 -3.792087e+00 -2.363159e+00 -9.937072e-01 8.567971e+00 -1.171225e+00 2.684779e+00 8.177527e-02 2.774688e+00 -1.130316e+00 7.474979e-02 -2.629166e-01 1.713593e-01 2.184481e-01 -2.957869e-01 5.474377e-01 3.510915e-01 -3.708064e-01 5.779194e-02 6.634052e-01 7.663659e-01 5.454726e-01 -5.669780e-02 -2.766039e-03 3.806398e-01 -7.517848e-02 -1.555476e-01 8.315337e-02 1.084840e-01 -1.080572e-02 -1.696833e-01 3.925595e-03 4.564560e-02 -1.592571e-01 -3.266351e-01 -3.779799e-01 8.400553e-03
<VARIANCE> 39
 7.667004e-01 4.582310e-01 7.517340e+00 6.530574e+00 4.853001e+00 4.664893e+00 5.812770e+00 3.511150e+01 1.059244e+01 1.788173e+01 7.065257e+00 4.934076e+00 5.000000e-02 1.616086e-01 1.129731e-01 2.496213e-01 3.952026e-01 6.326026e-01 1.283898e+00 1.137308e+00 1.748245e+00 1.597959e+00 1.037269e+00 1.667361e+00 9.794405e-01 5.000000e-02 5.000000e-02 5.000000e-02 1.528663e-01 8.355149e-02 1.830754e-01 6.799389e-02 5.886869e-02 4.107428e-01 3.331352e-01 2.581220e-01 5.000000e-02 2.580819e-01 5.000000e-02
<GCONST> 5.266276e+01
<TRANSP> 37
 0.000000e+00 1.000000e+00 0.000000e+00 0.000000e+00 0.000000e+00 0.000000e+00 0.000000e+00 0.000000e+00 0.000000e+00 0.000000e+00 0.000000e+00 0.000000e+00 0.000000e+00 0.000000e+00 0.000000e+00 0.000000e+00 0.000000e+00 0.000000e+00 0.000000e+00 0.000000e+00 0.000000e+00 0.000000e+00 0.000000e+00 0.000000e+00 0.000000e+00 0.000000e+00 0.000000e+00 0.000000e+00 0.000000e+00 0.000000e+00 0.000000e+00 0.000000e+00 0.000000e+00 0.000000e+00 0.000000e+00 0.000000e+00 0.000000e+00
 0.000000e+00 3.746073e-01 6.253927e-01 0.000000e+00 0.000000e+00 0.000000e+00 0.000000e+00 0.000000e+00 0.000000e+00 0.000000e+00 0.000000e+00 0.000000e+00 0.000000e+00 0.000000e+00 0.000000e+00 0.000000e+00 0.000000e+00 0.000000e+00 0.000000e+00 0.000000e+00 0.000000e+00 0.000000e+00 0.000000e+00 0.000000e+00 0.000000e+00 0.000000e+00 0.000000e+00 0.000000e+00 0.000000e+00 0.000000e+00 0.000000e+00 0.000000e+00 0.000000e+00 0.000000e+00 0.000000e+00 0.000000e+00 0.000000e+00
 0.000000e+00 0.000000e+00 5.000004e-01 4.999997e-01 0.000000e+00 0.000000e+00 0.000000e+00 0.000000e+00 0.000000e+00 0.000000e+00 0.000000e+00 0.000000e+00 0.000000e+00 0.000000e+00 0.000000e+00 0.000000e+00 0.000000e+00 0.000000e+00 0.000000e+00 0.000000e+00 0.000000e+00 0.000000e+00 0.000000e+00 0.000000e+00 0.000000e+00 0.000000e+00 0.000000e+00 0.000000e+00 0.000000e+00 0.000000e+00 0.000000e+00 0.000000e+00 0.000000e+00 0.000000e+00 0.000000e+00 0.000000e+00 0.000000e+00
 0.000000e+00 0.000000e+00 0.000000e+00 1.666667e-01 8.333334e-01 0.000000e+00 0.000000e+00 0.000000e+00 0.000000e+00 0.000000e+00 0.000000e+00 0.000000e+00 0.000000e+00 0.000000e+00 0.000000e+00 0.000000e+00 0.000000e+00 0.000000e+00 0.000000e+00 0.000000e+00 0.000000e+00 0.000000e+00 0.000000e+00 0.000000e+00 0.000000e+00 0.000000e+00 0.000000e+00 0.000000e+00 0.000000e+00 0.000000e+00 0.000000e+00 0.000000e+00 0.000000e+00 0.000000e+00 0.000000e+00 0.000000e+00 0.000000e+00
 0.000000e+00 0.000000e+00 0.000000e+00 0.000000e+00 1.667375e-01 8.332626e-01 0.000000e+00 0.000000e+00 0.000000e+00 0.000000e+00 0.000000e+00 0.000000e+00 0.000000e+00 0.000000e+00 0.000000e+00 0.000000e+00 0.000000e+00 0.000000e+00 0.000000e+00 0.000000e+00 0.000000e+00 0.000000e+00 0.000000e+00 0.000000e+00 0.000000e+00 0.000000e+00 0.000000e+00 0.000000e+00 0.000000e+00 0.000000e+00 0.000000e+00 0.000000e+00 0.000000e+00 0.000000e+00 0.000000e+00 0.000000e+00 0.000000e+00
 0.000000e+00 0.000000e+00 0.000000e+00 0.000000e+00 0.000000e+00 4.999684e-01 5.000316e-01 0.000000e+00 0.000000e+00 0.000000e+00 0.000000e+00 0.000000e+00 0.000000e+00 0.000000e+00 0.000000e+00 0.000000e+00 0.000000e+00 0.000000e+00 0.000000e+00 0.000000e+00 0.000000e+00 0.000000e+00 0.000000e+00 0.000000e+00 0.000000e+00 0.000000e+00 0.000000e+00 0.000000e+00 0.000000e+00 0.000000e+00 0.000000e+00 0.000000e+00 0.000000e+00 0.000000e+00 0.000000e+00 0.000000e+00 0.000000e+00
 0.000000e+00 0.000000e+00 0.000000e+00 0.000000e+00 0.000000e+00 0.000000e+00 2.856927e-01 7.143073e-01 0.000000e+00 0.000000e+00 0.000000e+00 0.000000e+00 0.000000e+00 0.000000e+00 0.000000e+00 0.000000e+00 0.000000e+00 0.000000e+00 0.000000e+00 0.000000e+00 0.000000e+00 0.000000e+00 0.000000e+00 0.000000e+00 0.000000e+00 0.000000e+00 0.000000e+00 0.000000e+00 0.000000e+00 0.000000e+00 0.000000e+00 0.000000e+00 0.000000e+00 0.000000e+00 0.000000e+00 0.000000e+00 0.000000e+00
 0.000000e+00 0.000000e+00 0.000000e+00 0.000000e+00 0.000000e+00 0.000000e+00 0.000000e+00 3.739946e-01 6.260054e-01 0.000000e+00 0.000000e+00 0.000000e+00 0.000000e+00 0.000000e+00 0.000000e+00 0.000000e+00 0.000000e+00 0.000000e+00 0.000000e+00 0.000000e+00 0.000000e+00 0.000000e+00 0.000000e+00 0.000000e+00 0.000000e+00 0.000000e+00 0.000000e+00 0.000000e+00 0.000000e+00 0.000000e+00 0.000000e+00 0.000000e+00 0.000000e+00 0.000000e+00 0.000000e+00 0.000000e+00 0.000000e+00
 0.000000e+00 0.000000e+00 0.000000e+00 0.000000e+00 0.000000e+00 0.000000e+00 0.000000e+00 0.000000e+00 4.449280e-01 5.550720e-01 0.000000e+00 0.000000e+00 0.000000e+00 0.000000e+00 0.000000e+00 0.000000e+00 0.000000e+00 0.000000e+00 0.000000e+00 0.000000e+00 0.000000e+00 0.000000e+00 0.000000e+00 0.000000e+00 0.000000e+00 0.000000e+00 0.000000e+00 0.000000e+00 0.000000e+00 0.000000e+00 0.000000e+00 0.000000e+00 0.000000e+00 0.000000e+00 0.000000e+00 0.000000e+00 0.000000e+00
 0.000000e+00 0.000000e+00 0.000000e+00 0.000000e+00 0.000000e+00 0.000000e+00 0.000000e+00 0.000000e+00 0.000000e+00 3.711769e-01 6.288230e-01 0.000000e+00 0.000000e+00 0.000000e+00 0.000000e+00 0.000000e+00 0.000000e+00 0.000000e+00 0.000000e+00 0.000000e+00 0.000000e+00 0.000000e+00 0.000000e+00 0.000000e+00 0.000000e+00 0.000000e+00 0.000000e+00 0.000000e+00 0.000000e+00 0.000000e+00 0.000000e+00 0.000000e+00 0.000000e+00 0.000000e+00 0.000000e+00 0.000000e+00 0.000000e+00
 0.000000e+00 0.000000e+00 0.000000e+00 0.000000e+00 0.000000e+00 0.000000e+00 0.000000e+00 0.000000e+00 0.000000e+00 0.000000e+00 3.785801e-01 6.214198e-01 0.000000e+00 0.000000e+00 0.000000e+00 0.000000e+00 0.000000e+00 0.000000e+00 0.000000e+00 0.000000e+00 0.000000e+00 0.000000e+00 0.000000e+00 0.000000e+00 0.000000e+00 0.000000e+00 0.000000e+00 0.000000e+00 0.000000e+00 0.000000e+00 0.000000e+00 0.000000e+00 0.000000e+00 0.000000e+00 0.000000e+00 0.000000e+00 0.000000e+00
 0.000000e+00 0.000000e+00 0.000000e+00 0.000000e+00 0.000000e+00 0.000000e+00 0.000000e+00 0.000000e+00 0.000000e+00 0.000000e+00 0.000000e+00 2.865690e-01 7.134311e-01 0.000000e+00 0.000000e+00 0.000000e+00 0.000000e+00 0.000000e+00 0.000000e+00 0.000000e+00 0.000000e+00 0.000000e+00 0.000000e+00 0.000000e+00 0.000000e+00 0.000000e+00 0.000000e+00 0.000000e+00 0.000000e+00 0.000000e+00 0.000000e+00 0.000000e+00 0.000000e+00 0.000000e+00 0.000000e+00 0.000000e+00 0.000000e+00
 0.000000e+00 0.000000e+00 0.000000e+00 0.000000e+00 0.000000e+00 0.000000e+00 0.000000e+00 0.000000e+00 0.000000e+00 0.000000e+00 0.000000e+00 0.000000e+00 2.857804e-01 7.142196e-01 0.000000e+00 0.000000e+00 0.000000e+00 0.000000e+00 0.000000e+00 0.000000e+00 0.000000e+00 0.000000e+00 0.000000e+00 0.000000e+00 0.000000e+00 0.000000e+00 0.000000e+00 0.000000e+00 0.000000e+00 0.000000e+00 0.000000e+00 0.000000e+00 0.000000e+00 0.000000e+00 0.000000e+00 0.000000e+00 0.000000e+00
 0.000000e+00 0.000000e+00 0.000000e+00 0.000000e+00 0.000000e+00 0.000000e+00 0.000000e+00 0.000000e+00 0.000000e+00 0.000000e+00 0.000000e+00 0.000000e+00 0.000000e+00 2.854457e-01 7.145543e-01 0.000000e+00 0.000000e+00 0.000000e+00 0.000000e+00 0.000000e+00 0.000000e+00 0.000000e+00 0.000000e+00 0.000000e+00 0.000000e+00 0.000000e+00 0.000000e+00 0.000000e+00 0.000000e+00 0.000000e+00 0.000000e+00 0.000000e+00 0.000000e+00 0.000000e+00 0.000000e+00 0.000000e+00 0.000000e+00
 0.000000e+00 0.000000e+00 0.000000e+00 0.000000e+00 0.000000e+00 0.000000e+00 0.000000e+00 0.000000e+00 0.000000e+00 0.000000e+00 0.000000e+00 0.000000e+00 0.000000e+00 0.000000e+00 3.751172e-01 6.248828e-01 0.000000e+00 0.000000e+00 0.000000e+00 0.000000e+00 0.000000e+00 0.000000e+00 0.000000e+00 0.000000e+00 0.000000e+00 0.000000e+00 0.000000e+00 0.000000e+00 0.000000e+00 0.000000e+00 0.000000e+00 0.000000e+00 0.000000e+00 0.000000e+00 0.000000e+00 0.000000e+00 0.000000e+00
 0.000000e+00 0.000000e+00 0.000000e+00 0.000000e+00 0.000000e+00 0.000000e+00 0.000000e+00 0.000000e+00 0.000000e+00 0.000000e+00 0.000000e+00 0.000000e+00 0.000000e+00 0.000000e+00 0.000000e+00 3.749982e-01 6.250018e-01 0.000000e+00 0.000000e+00 0.000000e+00 0.000000e+00 0.000000e+00 0.000000e+00 0.000000e+00 0.000000e+00 0.000000e+00 0.000000e+00 0.000000e+00 0.000000e+00 0.000000e+00 0.000000e+00 0.000000e+00 0.000000e+00 0.000000e+00 0.000000e+00 0.000000e+00 0.000000e+00
 0.000000e+00 0.000000e+00 0.000000e+00 0.000000e+00 0.000000e+00 0.000000e+00 0.000000e+00 0.000000e+00 0.000000e+00 0.000000e+00 0.000000e+00 0.000000e+00 0.000000e+00 0.000000e+00 0.000000e+00 0.000000e+00 3.750021e-01 6.249979e-01 0.000000e+00 0.000000e+00 0.000000e+00 0.000000e+00 0.000000e+00 0.000000e+00 0.000000e+00 0.000000e+00 0.000000e+00 0.000000e+00 0.000000e+00 0.000000e+00 0.000000e+00 0.000000e+00 0.000000e+00 0.000000e+00 0.000000e+00 0.000000e+00 0.000000e+00
 0.000000e+00 0.000000e+00 0.000000e+00 0.000000e+00 0.000000e+00 0.000000e+00 0.000000e+00 0.000000e+00 0.000000e+00 0.000000e+00 0.000000e+00 0.000000e+00 0.000000e+00 0.000000e+00 0.000000e+00 0.000000e+00 0.000000e+00 4.443976e-01 5.556024e-01 0.000000e+00 0.000000e+00 0.000000e+00 0.000000e+00 0.000000e+00 0.000000e+00 0.000000e+00 0.000000e+00 0.000000e+00 0.000000e+00 0.000000e+00 0.000000e+00 0.000000e+00 0.000000e+00 0.000000e+00 0.000000e+00 0.000000e+00 0.000000e+00
 0.000000e+00 0.000000e+00 0.000000e+00 0.000000e+00 0.000000e+00 0.000000e+00 0.000000e+00 0.000000e+00 0.000000e+00 0.000000e+00 0.000000e+00 0.000000e+00 0.000000e+00 0.000000e+00 0.000000e+00 0.000000e+00 0.000000e+00 0.000000e+00 3.752864e-01 6.247136e-01 0.000000e+00 0.000000e+00 0.000000e+00 0.000000e+00 0.000000e+00 0.000000e+00 0.000000e+00 0.000000e+00 0.000000e+00 0.000000e+00 0.000000e+00 0.000000e+00 0.000000e+00 0.000000e+00 0.000000e+00 0.000000e+00 0.000000e+00
 0.000000e+00 0.000000e+00 0.000000e+00 0.000000e+00 0.000000e+00 0.000000e+00 0.000000e+00 0.000000e+00 0.000000e+00 0.000000e+00 0.000000e+00 0.000000e+00 0.000000e+00 0.000000e+00 0.000000e+00 0.000000e+00 0.000000e+00 0.000000e+00 0.000000e+00 3.750309e-01 6.249691e-01 0.000000e+00 0.000000e+00 0.000000e+00 0.000000e+00 0.000000e+00 0.000000e+00 0.000000e+00 0.000000e+00 0.000000e+00 0.000000e+00 0.000000e+00 0.000000e+00 0.000000e+00 0.000000e+00 0.000000e+00 0.000000e+00
 0.000000e+00 0.000000e+00 0.000000e+00 0.000000e+00 0.000000e+00 0.000000e+00 0.000000e+00 0.000000e+00 0.000000e+00 0.000000e+00 0.000000e+00 0.000000e+00 0.000000e+00 0.000000e+00 0.000000e+00 0.000000e+00 0.000000e+00 0.000000e+00 0.000000e+00 0.000000e+00 3.746510e-01 6.253490e-01 0.000000e+00 0.000000e+00 0.000000e+00 0.000000e+00 0.000000e+00 0.000000e+00 0.000000e+00 0.000000e+00 0.000000e+00 0.000000e+00 0.000000e+00 0.000000e+00 0.000000e+00 0.000000e+00 0.000000e+00
 0.000000e+00 0.000000e+00 0.000000e+00 0.000000e+00 0.000000e+00 0.000000e+00 0.000000e+00 0.000000e+00 0.000000e+00 0.000000e+00 0.000000e+00 0.000000e+00 0.000000e+00 0.000000e+00 0.000000e+00 0.000000e+00 0.000000e+00 0.000000e+00 0.000000e+00 0.000000e+00 0.000000e+00 2.855484e-01 7.144516e-01 0.000000e+00 0.000000e+00 0.000000e+00 0.000000e+00 0.000000e+00 0.000000e+00 0.000000e+00 0.000000e+00 0.000000e+00 0.000000e+00 0.000000e+00 0.000000e+00 0.000000e+00 0.000000e+00
 0.000000e+00 0.000000e+00 0.000000e+00 0.000000e+00 0.000000e+00 0.000000e+00 0.000000e+00 0.000000e+00 0.000000e+00 0.000000e+00 0.000000e+00 0.000000e+00 0.000000e+00 0.000000e+00 0.000000e+00 0.000000e+00 0.000000e+00 0.000000e+00 0.000000e+00 0.000000e+00 0.000000e+00 0.000000e+00 2.860702e-01 7.139298e-01 0.000000e+00 0.000000e+00 0.000000e+00 0.000000e+00 0.000000e+00 0.000000e+00 0.000000e+00 0.000000e+00 0.000000e+00 0.000000e+00 0.000000e+00 0.000000e+00 0.000000e+00
 0.000000e+00 0.000000e+00 0.000000e+00 0.000000e+00 0.000000e+00 0.000000e+00 0.000000e+00 0.000000e+00 0.000000e+00 0.000000e+00 0.000000e+00 0.000000e+00 0.000000e+00 0.000000e+00 0.000000e+00 0.000000e+00 0.000000e+00 0.000000e+00 0.000000e+00 0.000000e+00 0.000000e+00 0.000000e+00 0.000000e+00 2.858725e-01 7.141275e-01 0.000000e+00 0.000000e+00 0.000000e+00 0.000000e+00 0.000000e+00 0.000000e+00 0.000000e+00 0.000000e+00 0.000000e+00 0.000000e+00 0.000000e+00 0.000000e+00
 0.000000e+00 0.000000e+00 0.000000e+00 0.000000e+00 0.000000e+00 0.000000e+00 0.000000e+00 0.000000e+00 0.000000e+00 0.000000e+00 0.000000e+00 0.000000e+00 0.000000e+00 0.000000e+00 0.000000e+00 0.000000e+00 0.000000e+00 0.000000e+00 0.000000e+00 0.000000e+00 0.000000e+00 0.000000e+00 0.000000e+00 0.000000e+00 2.853782e-01 7.146219e-01 0.000000e+00 0.000000e+00 0.000000e+00 0.000000e+00 0.000000e+00 0.000000e+00 0.000000e+00 0.000000e+00 0.000000e+00 0.000000e+00 0.000000e+00
 0.000000e+00 0.000000e+00 0.000000e+00 0.000000e+00 0.000000e+00 0.000000e+00 0.000000e+00 0.000000e+00 0.000000e+00 0.000000e+00 0.000000e+00 0.000000e+00 0.000000e+00 0.000000e+00 0.000000e+00 0.000000e+00 0.000000e+00 0.000000e+00 0.000000e+00 0.000000e+00 0.000000e+00 0.000000e+00 0.000000e+00 0.000000e+00 0.000000e+00 4.982024e-01 5.017976e-01 0.000000e+00 0.000000e+00 0.000000e+00 0.000000e+00 0.000000e+00 0.000000e+00 0.000000e+00 0.000000e+00 0.000000e+00 0.000000e+00
 0.000000e+00 0.000000e+00 0.000000e+00 0.000000e+00 0.000000e+00 0.000000e+00 0.000000e+00 0.000000e+00 0.000000e+00 0.000000e+00 0.000000e+00 0.000000e+00 0.000000e+00 0.000000e+00 0.000000e+00 0.000000e+00 0.000000e+00 0.000000e+00 0.000000e+00 0.000000e+00 0.000000e+00 0.000000e+00 0.000000e+00 0.000000e+00 0.000000e+00 0.000000e+00 4.464997e-01 5.535004e-01 0.000000e+00 0.000000e+00 0.000000e+00 0.000000e+00 0.000000e+00 0.000000e+00 0.000000e+00 0.000000e+00 0.000000e+00
 0.000000e+00 0.000000e+00 0.000000e+00 0.000000e+00 0.000000e+00 0.000000e+00 0.000000e+00 0.000000e+00 0.000000e+00 0.000000e+00 0.000000e+00 0.000000e+00 0.000000e+00 0.000000e+00 0.000000e+00 0.000000e+00 0.000000e+00 0.000000e+00 0.000000e+00 0.000000e+00 0.000000e+00 0.000000e+00 0.000000e+00 0.000000e+00 0.000000e+00 0.000000e+00 0.000000e+00 1.671430e-01 8.328570e-01 0.000000e+00 0.000000e+00 0.000000e+00 0.000000e+00 0.000000e+00 0.000000e+00 0.000000e+00 0.000000e+00
 0.000000e+00 0.000000e+00 0.000000e+00 0.000000e+00 0.000000e+00 0.000000e+00 0.000000e+00 0.000000e+00 0.000000e+00 0.000000e+00 0.000000e+00 0.000000e+00 0.000000e+00 0.000000e+00 0.000000e+00 0.000000e+00 0.000000e+00 0.000000e+00 0.000000e+00 0.000000e+00 0.000000e+00 0.000000e+00 0.000000e+00 0.000000e+00 0.000000e+00 0.000000e+00 0.000000e+00 0.000000e+00 3.747368e-01 6.252632e-01 0.000000e+00 0.000000e+00 0.000000e+00 0.000000e+00 0.000000e+00 0.000000e+00 0.000000e+00
 0.000000e+00 0.000000e+00 0.000000e+00 0.000000e+00 0.000000e+00 0.000000e+00 0.000000e+00 0.000000e+00 0.000000e+00 0.000000e+00 0.000000e+00 0.000000e+00 0.000000e+00 0.000000e+00 0.000000e+00 0.000000e+00 0.000000e+00 0.000000e+00 0.000000e+00 0.000000e+00 0.000000e+00 0.000000e+00 0.000000e+00 0.000000e+00 0.000000e+00 0.000000e+00 0.000000e+00 0.000000e+00 0.000000e+00 3.751491e-01 6.248509e-01 0.000000e+00 0.000000e+00 0.000000e+00 0.000000e+00 0.000000e+00 0.000000e+00
 0.000000e+00 0.000000e+00 0.000000e+00 0.000000e+00 0.000000e+00 0.000000e+00 0.000000e+00 0.000000e+00 0.000000e+00 0.000000e+00 0.000000e+00 0.000000e+00 0.000000e+00 0.000000e+00 0.000000e+00 0.000000e+00 0.000000e+00 0.000000e+00 0.000000e+00 0.000000e+00 0.000000e+00 0.000000e+00 0.000000e+00 0.000000e+00 0.000000e+00 0.000000e+00 0.000000e+00 0.000000e+00 0.000000e+00 0.000000e+00 4.445380e-01 5.554620e-01 0.000000e+00 0.000000e+00 0.000000e+00 0.000000e+00 0.000000e+00
 0.000000e+00 0.000000e+00 0.000000e+00 0.000000e+00 0.000000e+00 0.000000e+00 0.000000e+00 0.000000e+00 0.000000e+00 0.000000e+00 0.000000e+00 0.000000e+00 0.000000e+00 0.000000e+00 0.000000e+00 0.000000e+00 0.000000e+00 0.000000e+00 0.000000e+00 0.000000e+00 0.000000e+00 0.000000e+00 0.000000e+00 0.000000e+00 0.000000e+00 0.000000e+00 0.000000e+00 0.000000e+00 0.000000e+00 0.000000e+00 0.000000e+00 3.749957e-01 6.250044e-01 0.000000e+00 0.000000e+00 0.000000e+00 0.000000e+00
 0.000000e+00 0.000000e+00 0.000000e+00 0.000000e+00 0.000000e+00 0.000000e+00 0.000000e+00 0.000000e+00 0.000000e+00 0.000000e+00 0.000000e+00 0.000000e+00 0.000000e+00 0.000000e+00 0.000000e+00 0.000000e+00 0.000000e+00 0.000000e+00 0.000000e+00 0.000000e+00 0.000000e+00 0.000000e+00 0.000000e+00 0.000000e+00 0.000000e+00 0.000000e+00 0.000000e+00 0.000000e+00 0.000000e+00 0.000000e+00 0.000000e+00 0.000000e+00 2.875221e-01 7.124779e-01 0.000000e+00 0.000000e+00 0.000000e+00
 0.000000e+00 0.000000e+00 0.000000e+00 0.000000e+00 0.000000e+00 0.000000e+00 0.000000e+00 0.000000e+00 0.000000e+00 0.000000e+00 0.000000e+00 0.000000e+00 0.000000e+00 0.000000e+00 0.000000e+00 0.000000e+00 0.000000e+00 0.000000e+00 0.000000e+00 0.000000e+00 0.000000e+00 0.000000e+00 0.000000e+00 0.000000e+00 0.000000e+00 0.000000e+00 0.000000e+00 0.000000e+00 0.000000e+00 0.000000e+00 0.000000e+00 0.000000e+00 0.000000e+00 4.431000e-01 5.569000e-01 0.000000e+00 0.000000e+00
 0.000000e+00 0.000000e+00 0.000000e+00 0.000000e+00 0.000000e+00 0.000000e+00 0.000000e+00 0.000000e+00 0.000000e+00 0.000000e+00 0.000000e+00 0.000000e+00 0.000000e+00 0.000000e+00 0.000000e+00 0.000000e+00 0.000000e+00 0.000000e+00 0.000000e+00 0.000000e+00 0.000000e+00 0.000000e+00 0.000000e+00 0.000000e+00 0.000000e+00 0.000000e+00 0.000000e+00 0.000000e+00 0.000000e+00 0.000000e+00 0.000000e+00 0.000000e+00 0.000000e+00 0.000000e+00 3.744890e-01 6.255110e-01 0.000000e+00
 0.000000e+00 0.000000e+00 0.000000e+00 0.000000e+00 0.000000e+00 0.000000e+00 0.000000e+00 0.000000e+00 0.000000e+00 0.000000e+00 0.000000e+00 0.000000e+00 0.000000e+00 0.000000e+00 0.000000e+00 0.000000e+00 0.000000e+00 0.000000e+00 0.000000e+00 0.000000e+00 0.000000e+00 0.000000e+00 0.000000e+00 0.000000e+00 0.000000e+00 0.000000e+00 0.000000e+00 0.000000e+00 0.000000e+00 0.000000e+00 0.000000e+00 0.000000e+00 0.000000e+00 0.000000e+00 0.000000e+00 0.000000e+00 1.000000e+00
 0.000000e+00 0.000000e+00 0.000000e+00 0.000000e+00 0.000000e+00 0.000000e+00 0.000000e+00 0.000000e+00 0.000000e+00 0.000000e+00 0.000000e+00 0.000000e+00 0.000000e+00 0.000000e+00 0.000000e+00 0.000000e+00 0.000000e+00 0.000000e+00 0.000000e+00 0.000000e+00 0.000000e+00 0.000000e+00 0.000000e+00 0.000000e+00 0.000000e+00 0.000000e+00 0.000000e+00 0.000000e+00 0.000000e+00 0.000000e+00 0.000000e+00 0.000000e+00 0.000000e+00 0.000000e+00 0.000000e+00 0.000000e+00 0.000000e+00
<ENDHMM>
