~o
<STREAMINFO> 1 39
<VECSIZE> 39<NULLD><MFCC_E_D_A><DIAGC>
~h "Kho^ng"
<BEGINHMM>
<NUMSTATES> 25
<STATE> 2
<MEAN> 39
 -6.989013e+00 -9.352979e+00 -2.331388e+00 -2.231463e+00 2.406215e+00 -5.756033e+00 1.358861e+00 -1.144577e-01 1.681489e+00 -9.532406e-01 -2.520939e-02 -2.505512e+00 -1.175466e-01 -7.523217e-02 -3.663006e-01 -6.698006e-01 -3.988174e-01 7.836990e-01 -6.015110e-01 -2.051318e-01 6.493717e-01 4.968320e-01 6.843103e-01 -6.566568e-01 1.536425e-01 7.876649e-03 4.751259e-02 -7.967592e-02 -1.970526e-01 -8.664603e-02 3.065190e-01 -1.381115e-01 -8.526412e-02 6.495050e-03 7.604720e-03 8.004878e-02 -1.834079e-01 5.511261e-02 8.961678e-03
<VARIANCE> 39
 3.854704e+00 5.615759e+00 7.023203e+00 9.664469e+00 1.284377e+01 7.546437e+00 1.666188e+01 8.712222e+00 2.024409e+01 1.680170e+01 1.559762e+01 1.029619e+01 5.000000e-02 6.212581e-01 6.652421e-01 8.348231e-01 1.118404e+00 3.433170e+00 1.226870e+00 2.195781e+00 1.492173e+00 2.586281e+00 1.717221e+00 2.701806e+00 9.162570e-01 5.000000e-02 1.413300e-01 1.242903e-01 1.401683e-01 2.323996e-01 6.461779e-01 3.106593e-01 5.755176e-01 1.851518e-01 6.004733e-01 3.736767e-01 4.704785e-01 1.984878e-01 5.000000e-02
<GCONST> 7.933618e+01
<STATE> 3
<MEAN> 39
 -5.668263e+00 -1.250186e+01 -9.498344e+00 -3.812705e+00 9.252087e+00 -1.137606e+01 -3.206789e-01 2.409564e+00 2.736492e+00 1.679767e+00 -7.119038e+00 -1.724791e+00 1.221056e-01 4.367230e-01 -1.200052e+00 -2.582325e+00 -7.803783e-01 1.797468e+00 -1.725871e+00 -3.962546e-01 6.388720e-01 7.638541e-01 4.881081e-01 -1.192330e+00 -1.525933e-01 8.700357e-02 2.144233e-02 -6.787615e-02 5.407544e-02 8.585340e-04 -2.678872e-01 1.703829e-01 7.547215e-02 -1.672063e-02 2.247645e-01 -1.904779e-01 7.064067e-01 1.414729e-01 7.666996e-04
<VARIANCE> 39
 1.332999e+01 4.721183e+00 1.557859e+01 5.693916e+00 1.132181e+01 4.203063e+01 1.314470e+01 1.447419e+01 5.496169e+00 1.043192e+01 1.044844e+01 5.577881e+00 5.000000e-02 1.413355e+00 1.267806e+00 8.248388e-01 8.200598e-01 1.187118e+00 2.898812e+00 2.867996e+00 6.215065e-01 1.426478e+00 8.127267e-01 2.495658e+00 5.557252e-01 5.000000e-02 2.756315e-01 2.016519e-01 2.055410e-01 6.171309e-02 2.222397e-01 3.990962e-01 1.507768e-01 1.996935e-01 2.445229e-01 1.302549e-01 2.338702e-01 1.122502e-01 5.000000e-02
<GCONST> 7.305667e+01
<STATE> 4
<MEAN> 39
 -4.599070e+00 -1.880952e+01 -1.559151e+01 -5.280775e+00 1.333689e+01 -1.180437e+01 -2.044665e+00 5.424146e+00 7.451289e+00 3.141936e+00 -6.953712e+00 -1.845268e+00 2.866869e-01 2.680657e-01 -6.138747e-01 -8.804482e-01 -6.869304e-01 7.666889e-01 -7.445192e-01 -2.623423e-01 8.298982e-01 4.060939e-01 9.557785e-03 3.622473e-01 3.281386e-01 4.616579e-02 -2.210502e-01 6.857675e-01 5.989790e-01 -6.313727e-02 -3.729522e-01 2.405514e-01 3.799377e-01 -1.978083e-01 -7.432763e-01 -2.847494e-02 -1.656848e-01 8.674873e-02 -1.510332e-02
<VARIANCE> 39
 5.570739e+00 9.670416e+00 9.286337e+00 4.216843e+00 1.552728e+01 3.005102e+01 5.086987e+01 2.239155e+01 2.347672e+01 8.943666e+00 1.773075e+01 1.776109e+00 5.000000e-02 8.673065e-01 2.026788e+00 1.735723e+00 1.240535e+00 3.438246e-01 2.229276e+00 1.378314e+00 1.031532e+00 2.493060e+00 3.353721e-01 1.119338e+00 2.761965e-01 5.000000e-02 7.488382e-02 2.456068e-01 1.786400e-01 2.326861e-01 1.885920e-01 3.187605e-01 3.216638e-01 2.907634e-01 3.500853e-01 1.564455e-01 5.973752e-01 5.087290e-02 5.000000e-02
<GCONST> 7.363293e+01
<STATE> 5
<MEAN> 39
 -4.882146e+00 -1.448155e+01 -1.419972e+01 -8.030088e+00 1.315455e+01 -1.431943e+01 -5.155789e-01 4.466853e+00 4.136008e+00 4.192533e+00 -5.513531e+00 -7.652588e-01 2.883264e-01 -2.186808e-01 3.268735e-01 -7.945309e-01 -7.884803e-01 5.474778e-01 -4.688974e-01 9.433864e-01 4.688460e-01 -1.102059e+00 1.958369e-01 -1.996078e+00 2.664253e-01 4.155584e-02 -4.605264e-02 -3.504553e-01 -6.126905e-02 -4.836923e-02 -1.783997e-01 2.455658e-01 9.621456e-02 -3.427320e-01 -5.649571e-02 -1.850357e-03 -6.451483e-01 -3.045036e-01 1.025807e-02
<VARIANCE> 39
 9.717381e+00 9.488778e+00 3.442083e+01 1.129937e+01 1.366776e+01 6.438012e+01 2.809131e+01 7.624945e+00 2.924320e+01 1.168272e+01 1.038854e+01 3.526594e+00 5.000000e-02 3.365391e-01 1.725676e+00 1.215193e+00 1.041669e+00 1.204492e+00 6.165610e-01 8.103514e-01 1.306442e+00 2.371517e+00 7.072564e-01 4.055653e+00 6.770976e-01 5.000000e-02 1.360619e-01 2.791611e-01 5.289858e-01 2.203235e-01 1.307526e-01 5.809081e-01 2.096942e-01 1.321642e-01 2.439982e-01 1.440142e-01 2.931361e-01 1.711621e-01 5.000000e-02
<GCONST> 7.781390e+01
<STATE> 6
<MEAN> 39
 -7.891132e+00 -1.695167e+01 -1.656571e+01 -7.805613e+00 1.295977e+01 -1.010045e+01 -9.652237e-01 5.524937e+00 5.007376e+00 2.633783e+00 -1.318608e+01 4.107699e-01 4.358705e-01 -5.258904e-02 -6.400807e-02 3.984729e-01 -4.392883e-01 -8.112197e-01 9.834209e-01 7.088555e-01 -1.060817e+00 -2.499666e-03 -4.473257e-01 -3.094771e-01 -5.910444e-01 3.284415e-02 3.674844e-01 -3.984249e-02 8.727926e-02 -1.366307e-01 -3.220724e-01 9.460092e-02 4.181015e-01 -7.367985e-01 7.244460e-02 -3.155376e-01 7.320807e-01 -8.298126e-01 1.041483e-02
<VARIANCE> 39
 7.520974e+00 7.447447e+00 7.556511e+00 1.473626e+01 1.914091e+01 5.314754e+01 4.572224e+01 6.710207e+00 1.721642e+01 1.666855e+01 3.486016e+01 1.333961e+01 5.000000e-02 1.361734e+00 8.138877e-01 1.938060e+00 1.698503e+00 1.931145e+00 3.122759e+00 2.328242e+00 1.808777e+00 1.284517e+00 1.619281e+00 3.215490e+00 1.768984e+00 5.000000e-02 1.660569e-01 3.334583e-01 4.678559e-01 2.565520e-01 3.939098e-01 5.620438e-01 5.580387e-01 4.357694e-01 5.363441e-01 2.895598e-01 7.661932e-01 3.414271e-01 5.000000e-02
<GCONST> 9.174171e+01
<STATE> 7
<MEAN> 39
 -2.772832e+00 -1.638863e+01 -1.651499e+01 -1.151633e+01 1.081314e+01 -1.289974e+01 5.348014e+00 -3.133227e+00 2.097805e+00 4.394300e-01 -1.143700e+01 -6.931628e+00 6.243966e-01 6.241858e-01 -1.245481e+00 -1.394788e+00 -1.664602e+00 -5.204400e-01 4.854704e-01 2.460315e+00 -3.733513e+00 -7.985953e-01 -1.031129e+00 1.541917e+00 -3.948280e+00 1.168259e-01 -4.999724e-01 -3.070559e-01 -3.120475e-01 2.195426e-01 3.730252e-01 4.147045e-01 8.807686e-02 2.390683e-02 -1.067710e-01 2.142109e-01 8.225318e-01 -8.456910e-02 1.121925e-02
<VARIANCE> 39
 9.432896e+00 9.178654e+00 1.493126e+01 5.635072e+01 2.550389e+01 3.096990e+01 4.300881e+01 4.703134e+01 3.063537e+01 1.070455e+01 1.459487e+01 1.980742e+01 5.000000e-02 6.553291e-01 2.046316e+00 2.702756e+00 5.102593e+00 1.183631e+00 1.885463e+00 2.065129e+00 1.534749e+00 1.691189e+00 1.113390e+00 3.836823e+00 4.394143e-01 5.000000e-02 5.970746e-02 1.708023e-01 6.092013e-01 4.600180e-01 3.494414e-01 3.090948e-01 2.412473e-01 7.078041e-01 1.905331e-01 2.007881e-01 2.323204e-01 3.276459e-01 5.000000e-02
<GCONST> 8.996908e+01
<STATE> 8
<MEAN> 39
 -5.533507e+00 -2.038283e+01 -1.887941e+01 -1.492077e+01 1.190273e+01 -9.080411e+00 1.239238e+01 -7.413153e+00 4.974448e-01 -7.314515e-01 -3.682516e+00 -1.484928e+01 8.826433e-01 -1.053040e+00 -9.602690e-01 -3.493833e-01 3.395313e-01 5.513799e-01 2.601653e+00 1.587932e+00 -1.608160e+00 -9.263077e-01 4.452041e-01 2.555786e+00 -1.648229e+00 7.683076e-02 -1.588812e-01 3.093821e-01 2.617292e-01 4.875080e-01 1.889508e-01 5.001537e-01 -9.912139e-01 5.044503e-01 -1.312724e-02 5.598581e-01 -3.333437e-01 1.077484e+00 -2.439664e-02
<VARIANCE> 39
 5.610439e+00 1.052518e+01 3.387807e+01 7.971766e+01 3.031850e+01 1.845635e+01 1.309702e+01 1.949779e+01 2.510763e+01 2.100677e+01 1.246219e+01 1.371658e+01 5.000000e-02 2.351308e-01 6.006846e-01 2.487926e+00 2.977264e+00 7.327749e-01 1.416212e+00 1.531959e+00 1.459790e+00 5.116955e-01 1.035918e+00 1.472882e+00 1.307137e+00 5.000000e-02 1.987133e-01 3.606569e-01 4.787572e-01 7.551926e-01 2.091820e-01 3.026115e-01 1.837275e-01 2.503937e-01 2.982235e-01 1.872486e-01 2.874401e-01 5.000000e-02 5.000000e-02
<GCONST> 8.223657e+01
<STATE> 9
<MEAN> 39
 -6.615961e+00 -2.082645e+01 -1.924411e+01 -1.398633e+01 1.253876e+01 7.718921e-01 9.407562e+00 -1.354339e+01 -2.092154e+00 1.677280e+00 -8.214887e-01 -1.613275e+01 9.786662e-01 -1.873537e-02 1.413469e-01 -2.400766e-01 -3.747369e-01 -2.927155e-01 2.552232e+00 -1.086303e+00 -1.228506e+00 -1.515022e-01 6.219179e-03 1.065110e-01 2.846371e-01 7.285455e-03 1.851470e-01 8.894099e-02 2.431551e-01 -3.920455e-01 -1.435201e-01 -1.597441e-01 -2.064335e-01 4.248590e-01 6.033313e-02 -4.468144e-01 -3.795621e-01 3.848746e-01 -1.437898e-02
<VARIANCE> 39
 9.849859e+00 6.233333e+00 1.978468e+01 5.300683e+01 1.438960e+01 1.951196e+01 1.490878e+01 1.722418e+01 2.307342e+01 3.157695e+01 7.931109e+00 5.107947e+00 5.000000e-02 3.037935e-01 5.613406e-01 1.094996e+00 3.680569e-01 7.511639e-01 4.545362e-01 3.814933e-01 8.740001e-01 9.493204e-01 1.513806e+00 6.237144e-01 3.732986e-01 5.000000e-02 5.000000e-02 5.000000e-02 2.438908e-01 1.207281e-01 9.462179e-02 9.957093e-02 2.759722e-01 1.012973e-01 1.788539e-01 2.033973e-01 1.853963e-01 7.805066e-02 5.000000e-02
<GCONST> 6.398779e+01
<STATE> 10
<MEAN> 39
 -7.486229e+00 -1.974146e+01 -2.063014e+01 -1.526168e+01 1.020910e+01 6.809011e+00 5.885419e+00 -1.292860e+01 1.064138e+00 -1.316529e-01 -8.509114e-01 -9.860411e+00 9.548510e-01 2.453512e-01 7.640226e-02 8.274013e-01 -2.139212e+00 -1.139537e-01 1.368360e+00 -3.318045e-01 7.622015e-01 -6.166146e-01 -1.400908e+00 2.463178e-01 1.412775e+00 -1.396453e-02 2.670796e-01 1.096155e-02 1.925565e-01 -2.121167e-01 -1.825554e-01 -2.551515e-01 1.854517e-01 4.784154e-01 -2.040002e-01 -1.852319e-01 -1.036741e-01 -1.192732e-02 -4.782999e-03
<VARIANCE> 39
 9.245674e+00 9.228494e+00 1.160634e+01 3.892365e+01 3.369296e+00 3.639830e+01 1.111236e+01 8.129405e+00 2.478891e+01 2.362793e+01 7.554042e+00 1.824516e+01 5.000000e-02 1.900093e-01 6.322485e-01 3.627662e-01 5.335693e-01 9.404002e-01 3.759073e-01 7.626473e-01 1.369914e+00 9.146050e-01 2.751832e+00 9.506061e-01 3.945627e-01 5.000000e-02 5.000000e-02 1.625924e-01 5.000000e-02 8.832774e-02 5.515433e-02 1.338255e-01 5.000000e-02 2.711141e-01 3.358652e-01 3.219878e-01 1.920488e-01 1.141113e-01 5.000000e-02
<GCONST> 6.355684e+01
<STATE> 11
<MEAN> 39
 -4.234388e+00 -1.977970e+01 -1.538362e+01 -2.409223e+01 9.481203e+00 1.085219e+01 6.825746e+00 -9.068787e+00 -4.359072e+00 -6.196170e+00 -6.915742e-01 -7.810873e+00 8.764458e-01 1.698659e+00 -6.848601e-01 1.301283e+00 -1.104418e+00 -1.355513e+00 3.948939e-01 -9.916700e-01 2.383030e+00 -5.872608e-01 -1.487587e-01 -8.106350e-01 6.465949e-02 -2.526349e-02 3.453699e-01 -1.900925e-01 1.549091e-01 7.508207e-01 -6.160570e-01 -7.376979e-01 -7.750499e-01 -9.369826e-02 7.056415e-01 7.160630e-01 -2.997989e-01 -3.683017e-01 -6.142021e-03
<VARIANCE> 39
 1.199413e+01 6.359661e+00 2.051371e+01 2.403822e+01 8.460224e+00 2.182832e+01 1.253936e+01 1.270184e+01 3.054522e+01 1.590005e+01 1.194613e+01 1.353888e+01 5.000000e-02 6.009934e-01 8.147305e-01 1.255127e+00 1.528686e+00 1.430768e+00 1.490815e+00 1.428313e+00 1.096820e+00 2.527276e+00 3.010147e+00 2.237777e+00 4.274112e-01 5.000000e-02 7.492775e-02 1.485847e-01 2.282261e-01 1.088625e-01 2.489271e-01 3.261108e-01 1.917720e-01 5.073907e-01 3.142834e-01 3.683203e-01 1.840755e-01 1.269603e-01 5.000000e-02
<GCONST> 7.896794e+01
<STATE> 12
<MEAN> 39
 2.592607e+00 -2.269777e+01 -1.261958e+01 -2.280036e+01 2.201350e+00 7.042720e+00 1.742419e+00 -8.122192e-01 -5.272882e+00 -2.662283e+00 -6.582231e+00 -1.200089e+01 8.108143e-01 1.771473e+00 1.084793e-01 1.605832e+00 1.744233e+00 -3.090175e+00 -3.043462e+00 -3.035838e+00 -1.362809e-01 2.353894e+00 1.485027e+00 -1.151248e-01 -2.706406e-01 -5.293887e-02 -2.090053e-01 3.703075e-01 1.646057e-01 9.811796e-01 2.317822e-01 -4.838442e-01 -2.391962e-01 -1.684408e+00 1.915980e-01 -1.082204e-01 7.809124e-01 3.266929e-01 -8.958964e-03
<VARIANCE> 39
 2.885183e+00 3.581455e+00 8.950096e+00 2.548067e+01 3.052495e+01 2.416786e+01 4.688727e+00 5.758867e+00 5.183820e+01 1.067894e+01 1.468083e+01 1.714837e+01 5.000000e-02 6.223233e-01 1.505888e+00 1.043420e+00 1.626555e+00 1.838663e+00 2.558038e+00 9.236121e-01 4.683360e+00 1.854843e+00 7.749138e-01 2.500837e+00 1.263482e+00 5.000000e-02 6.142362e-02 8.647472e-02 1.263299e-01 3.655584e-01 6.833822e-01 6.813321e-01 3.234797e-01 1.640038e-01 1.226349e+00 4.740188e-01 2.685232e-01 7.479827e-02 5.000000e-02
<GCONST> 8.072524e+01
<STATE> 13
<MEAN> 39
 5.430362e+00 -1.999986e+01 -8.745601e+00 -1.608664e+01 -1.654571e+00 3.340039e-01 -5.607774e+00 -8.818234e+00 -2.938894e+00 1.088666e-01 -4.109812e+00 -1.123039e+01 6.533043e-01 1.112061e+00 2.361255e-01 7.453079e-01 1.860808e+00 -9.165857e-01 -1.016322e+00 -1.028795e+00 -1.672933e+00 -1.281490e-01 -8.611917e-01 2.445582e-01 6.911590e-01 -4.285914e-02 -2.876506e-01 3.479772e-02 -5.634626e-01 -3.519276e-02 3.982406e-01 4.377807e-01 5.308795e-01 2.019226e-01 -2.379303e-01 -6.027781e-01 -1.783423e-01 4.442058e-02 6.956252e-03
<VARIANCE> 39
 7.575056e+00 4.457528e+00 4.263343e+00 4.348302e+01 2.000765e+01 3.700086e+01 1.736993e+01 1.568187e+01 3.406957e+01 8.314973e+00 1.267424e+01 1.445451e+01 5.000000e-02 2.992660e-01 7.564549e-01 3.412666e+00 6.425515e-01 4.258069e+00 9.275733e-01 5.750739e+00 4.471895e+00 3.112698e+00 1.042353e+00 1.366330e+00 8.281457e-01 5.000000e-02 1.402990e-01 1.902147e-01 2.326515e-01 4.364957e-01 1.854853e-01 4.795675e-01 5.339791e-01 1.101739e+00 1.087949e+00 2.081863e-01 2.204508e-01 8.044630e-02 5.000000e-02
<GCONST> 8.534599e+01
<STATE> 14
<MEAN> 39
 5.494621e+00 -2.190724e+01 -8.821517e+00 -1.499763e+01 -4.028523e+00 2.434851e+00 -4.867405e+00 -1.153778e+01 6.199752e-01 -5.382920e+00 -2.078279e+00 -6.570292e+00 6.263129e-01 5.146595e-01 5.952863e-01 6.548093e-01 2.416134e+00 -1.346759e+00 -1.308292e+00 -2.471293e+00 -2.156035e+00 1.342520e+00 -5.419560e-01 -1.103680e-01 3.289204e-01 -4.544348e-02 -4.344490e-01 4.480239e-01 -5.821608e-01 -2.068828e-01 9.239071e-01 1.312367e-01 2.827621e-01 1.748802e-01 -2.614097e-01 8.998255e-02 -6.966119e-02 -2.337250e-01 7.273841e-03
<VARIANCE> 39
 9.176532e+00 1.084615e+01 7.618371e+00 3.260498e+01 1.282251e+01 2.865702e+01 2.487283e+01 3.542804e+01 2.816543e+01 4.132803e+00 4.169220e+00 1.432626e+01 5.000000e-02 1.663157e-01 2.403758e-01 1.200054e+00 1.620130e+00 1.636168e+00 2.213500e+00 5.827654e+00 2.140255e+00 2.609975e+00 4.024394e-01 5.747073e-01 2.260036e-01 5.000000e-02 5.000000e-02 1.070249e-01 3.542103e-01 6.496041e-02 6.008050e-01 5.000000e-02 4.814695e-01 7.561831e-01 2.599556e-01 6.188241e-02 5.179704e-02 5.747928e-02 5.000000e-02
<GCONST> 7.013982e+01
<STATE> 15
<MEAN> 39
 5.635464e+00 -1.933143e+01 -8.375655e+00 -1.351018e+01 -2.182585e+00 9.878365e-01 -7.988226e+00 -1.248158e+01 2.535531e+00 -4.242010e+00 -3.345212e+00 -6.556554e+00 5.893849e-01 3.035519e-01 9.586195e-01 -1.021144e+00 1.084046e+00 8.028228e-01 -1.110742e+00 6.569286e-01 8.585993e-01 -2.170067e-01 -6.054938e-01 1.023075e-03 -2.701848e-01 -2.204463e-02 -1.385994e-01 5.733163e-02 -4.001231e-01 -2.560735e-01 2.692631e-01 8.604200e-03 9.861965e-01 6.975492e-01 -3.950554e-01 -1.368218e-01 -1.101010e-01 -2.487472e-01 5.231307e-03
<VARIANCE> 39
 7.023433e+00 3.621365e+00 8.377525e+00 2.163575e+01 1.238905e+01 1.867396e+01 2.299956e+01 1.630896e+01 1.371380e+01 7.109350e+00 9.145417e+00 1.633651e+01 5.000000e-02 5.000000e-02 2.341494e-01 8.913935e-01 1.197723e+00 6.437331e-01 1.483973e+00 4.932689e+00 2.943265e+00 1.076241e+00 1.929308e+00 3.114541e-01 6.130376e-01 5.000000e-02 5.000000e-02 6.783237e-02 2.023079e-01 1.090248e-01 4.324338e-01 2.025439e-01 8.742067e-01 6.619924e-01 2.170245e-01 2.355781e-01 7.716290e-02 1.900530e-01 5.000000e-02
<GCONST> 6.972758e+01
<STATE> 16
<MEAN> 39
 5.611470e+00 -1.768427e+01 -1.158742e+01 -1.148748e+01 -9.294922e-01 -1.523154e+00 -4.722918e+00 -8.488956e+00 -3.929360e-01 -6.675408e+00 -6.069780e+00 -1.073409e+01 4.997403e-01 -7.888818e-02 4.840784e-01 -6.015164e-01 7.261410e-01 4.284876e-01 -7.615408e-02 8.664235e-01 -2.228697e-01 -9.371863e-01 -3.635969e-01 -1.362856e+00 -6.721684e-01 -2.090519e-02 -1.075134e-01 -5.534204e-02 9.735460e-02 6.476349e-03 3.535693e-01 2.995929e-01 -1.555036e-01 -2.511408e-01 -1.886490e-01 1.709535e-01 1.711577e-01 1.698685e-01 -1.324188e-03
<VARIANCE> 39
 7.635520e+00 6.359656e+00 1.777649e+01 1.048847e+01 1.685476e+01 1.612363e+01 6.265561e+01 2.092353e+01 2.250676e+01 1.117909e+01 2.167763e+01 1.646057e+01 5.000000e-02 2.781807e-01 4.566292e-01 5.365200e-01 7.048311e-01 1.895134e+00 1.390847e+00 2.186719e+00 1.616970e+00 1.328345e+00 1.412353e+00 1.088638e+00 1.355905e+00 5.000000e-02 5.000000e-02 7.695315e-02 1.391516e-01 2.362650e-01 3.484254e-01 3.404035e-01 5.426422e-01 3.931842e-01 2.734357e-01 2.625454e-01 5.356565e-01 3.407000e-01 5.000000e-02
<GCONST> 7.921736e+01
<STATE> 17
<MEAN> 39
 5.521188e+00 -1.492476e+01 -1.446454e+01 -6.197325e+00 5.364390e+00 -1.056433e+00 -1.938800e+00 -1.010803e+01 -6.171388e+00 -7.638813e+00 -8.555483e+00 -1.176203e+01 3.981479e-01 -6.430696e-01 -9.553967e-02 -4.556740e-01 5.466489e-01 1.470139e+00 7.940249e-01 4.629146e-01 4.011645e-02 -2.496763e-01 6.544700e-01 1.865048e+00 1.450217e+00 -3.116377e-02 -8.935095e-02 -2.500584e-01 9.350104e-02 -4.873569e-01 -5.425704e-01 1.386916e-01 6.124947e-02 2.498285e-01 6.488615e-01 5.106376e-01 7.336345e-01 3.659341e-01 2.947826e-04
<VARIANCE> 39
 2.612342e+00 3.902203e+00 2.319766e+00 6.919755e+00 4.957408e+00 1.406247e+01 3.565396e+01 2.278882e+01 1.559266e+01 9.465696e+00 1.785575e+01 1.173781e+01 5.000000e-02 3.073932e-01 5.768570e-01 7.073379e-01 1.010091e+00 2.377790e+00 3.733837e-01 2.248934e+00 4.249341e+00 2.380432e+00 1.570174e+00 1.719100e+00 1.380770e+00 5.000000e-02 5.000000e-02 7.251632e-02 9.698408e-02 6.914165e-02 1.909480e-01 8.761528e-02 5.786412e-01 5.883918e-01 1.911147e-01 3.685470e-01 3.984935e-01 3.347536e-01 5.000000e-02
<GCONST> 7.086696e+01
<STATE> 18
<MEAN> 39
 2.871866e+00 -1.705263e+01 -1.470140e+01 -8.639160e+00 4.799441e+00 2.914102e+00 -5.695553e-02 -1.078067e+01 -4.787227e+00 -4.411852e+00 -2.120349e+00 -6.608750e+00 3.318060e-01 -5.186837e-01 -2.639581e-02 1.236425e-01 -6.057537e-01 1.417632e-01 6.428657e-02 -2.714667e-01 8.412587e-01 7.035819e-01 9.200476e-01 1.303084e+00 -6.327199e-02 -2.398312e-02 -7.145805e-02 1.617016e-01 1.147140e-01 3.411602e-02 -2.663433e-01 -3.833717e-01 4.114932e-02 4.766876e-01 5.266936e-02 -1.404108e-01 -3.137981e-01 -4.541118e-01 -1.583767e-03
<VARIANCE> 39
 2.141005e+00 2.327214e+00 3.292299e+00 4.324534e+00 5.124629e+00 5.728500e+00 1.428965e+01 1.085519e+01 8.515660e+00 9.198786e+00 8.381749e+00 9.059740e+00 5.000000e-02 5.000000e-02 3.775285e-01 2.188664e-01 3.738810e-01 4.619350e-01 1.043725e+00 2.548819e+00 2.954103e+00 8.387348e-01 1.616859e+00 2.073312e+00 1.766978e+00 5.000000e-02 6.217783e-02 9.384105e-02 9.081156e-02 1.755863e-01 1.650517e-01 1.323124e-01 3.220184e-01 5.440033e-01 2.803138e-01 2.811508e-01 6.538056e-01 4.119232e-01 5.000000e-02
<GCONST> 6.178469e+01
<STATE> 19
<MEAN> 39
 1.698709e+00 -1.537011e+01 -1.443930e+01 -7.427487e+00 5.280158e+00 -5.150371e-01 5.642064e-02 -6.685129e+00 -3.105366e+00 -1.542295e+00 2.099373e+00 -6.050578e+00 2.433358e-01 -7.722599e-01 3.535000e-01 2.910831e-01 2.296496e-01 -6.441010e-02 -2.275928e-01 -1.620802e-01 4.356484e-02 4.070228e-02 8.921286e-01 1.750794e+00 1.090866e+00 -3.028827e-02 7.650417e-02 -5.332290e-03 1.234771e-01 1.513528e-01 -4.550573e-02 1.733726e-02 -1.475533e-01 -2.856160e-01 -9.182715e-03 -2.707363e-01 -4.961207e-01 -7.371671e-02 2.971361e-03
<VARIANCE> 39
 6.919867e+00 4.741856e+00 4.926135e+00 4.473561e+00 4.910812e+00 3.632139e+00 6.400933e+00 1.411634e+01 7.312363e+00 1.248470e+01 1.210146e+01 1.258070e+01 5.000000e-02 4.234791e-01 4.858481e-01 6.684289e-01 1.751626e-01 7.107798e-01 9.443056e-01 1.057421e+00 1.750636e+00 8.423393e-01 9.850636e-01 1.818262e+00 1.563899e+00 5.000000e-02 9.730642e-02 7.976682e-02 5.000000e-02 5.000000e-02 7.342846e-02 1.948596e-01 3.490013e-01 6.613314e-01 3.405267e-01 4.214215e-01 4.507664e-01 2.546655e-01 5.000000e-02
<GCONST> 6.287864e+01
<STATE> 20
<MEAN> 39
 1.055375e+00 -1.521775e+01 -1.332347e+01 -7.459184e+00 5.555354e+00 1.014606e+00 -1.646062e+00 -7.329194e+00 -1.525224e+00 -3.388899e+00 2.719264e-01 -5.768471e+00 2.440298e-01 -2.696908e-01 2.391514e-01 2.585863e-01 3.701955e-01 7.264899e-02 1.857259e-01 4.563718e-01 6.378210e-01 3.224716e-01 -8.511626e-01 -1.241191e+00 -1.899373e-01 -1.652210e-02 1.818823e-01 7.320179e-02 -2.077890e-02 -1.373999e-01 -1.395854e-01 -6.606774e-02 2.426203e-01 3.655427e-02 -8.912075e-02 -1.278135e-01 2.505844e-02 4.904455e-02 5.145721e-03
<VARIANCE> 39
 7.428720e+00 3.812115e+00 3.846851e+00 5.148299e+00 8.038614e+00 2.786613e+00 7.828386e+00 8.882146e+00 9.005401e+00 1.159262e+01 2.347254e+01 2.340789e+01 5.000000e-02 5.344832e-01 4.129691e-01 7.307380e-01 3.818612e-01 5.807031e-01 6.401208e-01 1.386834e+00 1.418359e+00 1.080498e+00 8.115980e-01 1.652781e+00 6.678625e-01 5.000000e-02 1.615993e-01 8.077566e-02 5.000000e-02 1.213434e-01 2.135277e-01 1.503852e-01 1.328628e-01 2.159037e-01 8.118121e-02 2.452445e-01 8.985409e-01 4.640052e-01 5.000000e-02
<GCONST> 6.296968e+01
<STATE> 21
<MEAN> 39
 8.966949e-01 -1.409356e+01 -1.222254e+01 -6.001374e+00 3.965824e+00 -6.340964e-01 5.455185e-01 -5.438839e+00 -2.510225e+00 -3.109217e+00 2.471699e+00 -4.083890e+00 1.992250e-01 -1.748817e-01 3.388567e-01 3.379080e-01 -1.909007e-01 -4.369298e-01 5.087984e-02 5.520489e-01 4.594367e-01 2.127125e-01 8.724905e-02 6.133451e-01 2.775888e-01 -1.476658e-02 -2.632047e-01 -5.985334e-02 -2.285341e-02 -1.929365e-01 7.216190e-02 1.168251e-01 -6.898231e-02 -1.443820e-01 -8.960949e-02 7.351374e-02 -1.177531e-01 -1.326034e-01 -8.160940e-03
<VARIANCE> 39
 3.707444e+00 1.705818e+01 3.814420e+01 6.843099e+00 8.026250e+00 7.780933e+00 1.275708e+01 7.996391e+00 1.405801e+01 2.126609e+01 2.568602e+01 1.323765e+01 5.000000e-02 7.737691e-01 6.230963e-01 8.415052e-01 8.122587e-01 6.294295e-01 1.006863e+00 4.516423e-01 7.360326e-01 4.536207e-01 3.562422e-01 1.307588e+00 1.531275e+00 5.000000e-02 1.232095e-01 1.555061e-01 2.620536e-01 5.000000e-02 5.000000e-02 2.093030e-01 7.467003e-02 8.576360e-02 9.061892e-02 9.186525e-02 2.930159e-01 1.443943e-01 5.000000e-02
<GCONST> 6.304284e+01
<STATE> 22
<MEAN> 39
 -1.986766e+00 -1.395969e+01 -1.171019e+01 -7.865779e+00 4.384490e+00 8.154392e-01 1.375913e+00 -5.717800e+00 -2.070199e+00 -3.255190e+00 8.235334e-01 -5.280280e+00 8.549441e-02 -7.238580e-01 3.757364e-01 4.604093e-01 -1.738399e-01 -3.108321e-01 -4.598905e-01 -9.653304e-02 -1.581132e-02 -2.660058e-01 -1.362060e-01 -3.956265e-01 -1.869477e-01 -3.141497e-02 6.095501e-02 2.808686e-01 3.620746e-01 3.333122e-01 5.835414e-03 -2.474067e-01 -1.751712e-01 -3.717070e-03 -1.633276e-02 -4.151487e-02 3.409520e-02 1.639202e-01 -6.020275e-05
<VARIANCE> 39
 8.126098e+00 6.344393e+00 1.720828e+01 1.109108e+01 5.041106e+00 6.821867e+00 1.640259e+01 4.736824e+00 9.124043e+00 1.087635e+01 1.139352e+01 3.605250e+00 5.000000e-02 9.302086e-01 1.171730e+00 1.808577e+00 3.685411e-01 7.115195e-01 1.091061e+00 7.377033e-01 1.604773e-01 6.690519e-01 7.985757e-01 7.632653e-01 6.424081e-01 5.000000e-02 2.000886e-01 1.182058e-01 1.658538e-01 1.529113e-01 1.782710e-01 1.200369e-01 1.708553e-01 5.000000e-02 1.399961e-01 1.091455e-01 2.828044e-01 3.150761e-01 5.000000e-02
<GCONST> 6.141655e+01
<STATE> 23
<MEAN> 39
 -3.297796e+00 -1.081089e+01 -7.801867e+00 -6.891596e+00 2.484597e+00 -9.287826e-01 1.448364e+00 -5.111787e+00 -2.532613e+00 -4.180419e+00 5.861783e-02 -5.103819e+00 1.312526e-02 -7.580253e-01 8.721203e-01 1.608709e+00 1.259865e+00 4.385500e-01 1.233711e-02 -1.817505e-01 1.652943e-01 5.675201e-01 2.131062e-02 4.073151e-01 9.147894e-01 -3.574297e-02 9.410022e-03 -1.376630e-01 -7.534526e-02 1.509991e-01 2.194688e-01 6.311160e-02 -5.088891e-02 6.075162e-02 4.126844e-01 2.637158e-01 2.768447e-01 3.250871e-01 4.386998e-03
<VARIANCE> 39
 4.050124e+00 3.004323e+00 1.039075e+01 8.796689e+00 8.644119e+00 6.920966e+00 4.243318e+00 5.428620e+00 1.372575e+01 7.113645e+00 1.231227e+01 7.116701e+00 5.000000e-02 5.955127e-01 6.832266e-01 9.250140e-01 5.859299e-01 4.119134e-01 3.774506e-01 5.376996e-01 1.040432e-01 1.002061e+00 8.421572e-01 2.095547e+00 1.313267e+00 5.000000e-02 8.328900e-02 5.000000e-02 1.156962e-01 1.523097e-01 1.362752e-01 1.524247e-01 1.401372e-01 5.000000e-02 1.443799e-01 1.497221e-01 1.984894e-01 1.753243e-01 5.000000e-02
<GCONST> 5.502582e+01
<STATE> 24
<MEAN> 39
 -4.616028e+00 -9.241112e+00 -4.838926e+00 -3.211715e+00 4.761132e+00 -2.190942e+00 -3.710210e-01 -4.263479e+00 8.729919e-01 -3.088816e+00 2.300533e+00 -6.399365e-01 -2.741762e-02 -4.494260e-01 2.546432e-01 7.158598e-01 6.057102e-01 1.509745e-01 -8.696347e-01 -2.862452e-01 2.820460e-01 8.708298e-01 9.709736e-01 9.665146e-01 1.000601e+00 -1.112757e-02 1.636928e-02 -4.071996e-01 -4.563916e-01 -3.338293e-01 -1.592986e-01 1.355736e-01 2.118275e-01 8.501549e-03 -2.502717e-01 1.592067e-01 -9.167323e-02 -5.940244e-01 5.051650e-03
<VARIANCE> 39
 7.350199e-01 2.123107e+00 1.251182e+01 3.151349e+00 2.589968e+00 2.717516e+00 2.051485e+00 3.245608e+00 5.526724e+00 1.379772e+01 1.519497e+01 4.983890e+00 5.000000e-02 1.023859e-01 4.140056e-01 5.654375e-01 7.316468e-01 5.326323e-01 3.815084e-01 5.991655e-01 1.364554e-01 9.484823e-01 1.460281e+00 6.592969e-01 6.277857e-01 5.000000e-02 5.000000e-02 8.442917e-02 1.616026e-01 7.591057e-02 5.000000e-02 1.393524e-01 5.082099e-02 5.000000e-02 2.037699e-01 2.518104e-01 4.744260e-01 5.969654e-02 5.000000e-02
<GCONST> 4.327660e+01
<TRANSP> 25
 0.000000e+00 1.000000e+00 0.000000e+00 0.000000e+00 0.000000e+00 0.000000e+00 0.000000e+00 0.000000e+00 0.000000e+00 0.000000e+00 0.000000e+00 0.000000e+00 0.000000e+00 0.000000e+00 0.000000e+00 0.000000e+00 0.000000e+00 0.000000e+00 0.000000e+00 0.000000e+00 0.000000e+00 0.000000e+00 0.000000e+00 0.000000e+00 0.000000e+00
 0.000000e+00 8.369315e-01 1.630684e-01 0.000000e+00 0.000000e+00 0.000000e+00 0.000000e+00 0.000000e+00 0.000000e+00 0.000000e+00 0.000000e+00 0.000000e+00 0.000000e+00 0.000000e+00 0.000000e+00 0.000000e+00 0.000000e+00 0.000000e+00 0.000000e+00 0.000000e+00 0.000000e+00 0.000000e+00 0.000000e+00 0.000000e+00 0.000000e+00
 0.000000e+00 0.000000e+00 6.430080e-01 3.569920e-01 0.000000e+00 0.000000e+00 0.000000e+00 0.000000e+00 0.000000e+00 0.000000e+00 0.000000e+00 0.000000e+00 0.000000e+00 0.000000e+00 0.000000e+00 0.000000e+00 0.000000e+00 0.000000e+00 0.000000e+00 0.000000e+00 0.000000e+00 0.000000e+00 0.000000e+00 0.000000e+00 0.000000e+00
 0.000000e+00 0.000000e+00 0.000000e+00 5.541002e-01 4.458999e-01 0.000000e+00 0.000000e+00 0.000000e+00 0.000000e+00 0.000000e+00 0.000000e+00 0.000000e+00 0.000000e+00 0.000000e+00 0.000000e+00 0.000000e+00 0.000000e+00 0.000000e+00 0.000000e+00 0.000000e+00 0.000000e+00 0.000000e+00 0.000000e+00 0.000000e+00 0.000000e+00
 0.000000e+00 0.000000e+00 0.000000e+00 0.000000e+00 4.871050e-01 5.128950e-01 0.000000e+00 0.000000e+00 0.000000e+00 0.000000e+00 0.000000e+00 0.000000e+00 0.000000e+00 0.000000e+00 0.000000e+00 0.000000e+00 0.000000e+00 0.000000e+00 0.000000e+00 0.000000e+00 0.000000e+00 0.000000e+00 0.000000e+00 0.000000e+00 0.000000e+00
 0.000000e+00 0.000000e+00 0.000000e+00 0.000000e+00 0.000000e+00 6.883934e-01 3.116067e-01 0.000000e+00 0.000000e+00 0.000000e+00 0.000000e+00 0.000000e+00 0.000000e+00 0.000000e+00 0.000000e+00 0.000000e+00 0.000000e+00 0.000000e+00 0.000000e+00 0.000000e+00 0.000000e+00 0.000000e+00 0.000000e+00 0.000000e+00 0.000000e+00
 0.000000e+00 0.000000e+00 0.000000e+00 0.000000e+00 0.000000e+00 0.000000e+00 5.451492e-01 4.548508e-01 0.000000e+00 0.000000e+00 0.000000e+00 0.000000e+00 0.000000e+00 0.000000e+00 0.000000e+00 0.000000e+00 0.000000e+00 0.000000e+00 0.000000e+00 0.000000e+00 0.000000e+00 0.000000e+00 0.000000e+00 0.000000e+00 0.000000e+00
 0.000000e+00 0.000000e+00 0.000000e+00 0.000000e+00 0.000000e+00 0.000000e+00 0.000000e+00 5.469297e-01 4.530703e-01 0.000000e+00 0.000000e+00 0.000000e+00 0.000000e+00 0.000000e+00 0.000000e+00 0.000000e+00 0.000000e+00 0.000000e+00 0.000000e+00 0.000000e+00 0.000000e+00 0.000000e+00 0.000000e+00 0.000000e+00 0.000000e+00
 0.000000e+00 0.000000e+00 0.000000e+00 0.000000e+00 0.000000e+00 0.000000e+00 0.000000e+00 0.000000e+00 7.489241e-01 2.510760e-01 0.000000e+00 0.000000e+00 0.000000e+00 0.000000e+00 0.000000e+00 0.000000e+00 0.000000e+00 0.000000e+00 0.000000e+00 0.000000e+00 0.000000e+00 0.000000e+00 0.000000e+00 0.000000e+00 0.000000e+00
 0.000000e+00 0.000000e+00 0.000000e+00 0.000000e+00 0.000000e+00 0.000000e+00 0.000000e+00 0.000000e+00 0.000000e+00 6.884961e-01 3.115039e-01 0.000000e+00 0.000000e+00 0.000000e+00 0.000000e+00 0.000000e+00 0.000000e+00 0.000000e+00 0.000000e+00 0.000000e+00 0.000000e+00 0.000000e+00 0.000000e+00 0.000000e+00 0.000000e+00
 0.000000e+00 0.000000e+00 0.000000e+00 0.000000e+00 0.000000e+00 0.000000e+00 0.000000e+00 0.000000e+00 0.000000e+00 0.000000e+00 6.666580e-01 3.333420e-01 0.000000e+00 0.000000e+00 0.000000e+00 0.000000e+00 0.000000e+00 0.000000e+00 0.000000e+00 0.000000e+00 0.000000e+00 0.000000e+00 0.000000e+00 0.000000e+00 0.000000e+00
 0.000000e+00 0.000000e+00 0.000000e+00 0.000000e+00 0.000000e+00 0.000000e+00 0.000000e+00 0.000000e+00 0.000000e+00 0.000000e+00 0.000000e+00 4.438993e-01 5.561008e-01 0.000000e+00 0.000000e+00 0.000000e+00 0.000000e+00 0.000000e+00 0.000000e+00 0.000000e+00 0.000000e+00 0.000000e+00 0.000000e+00 0.000000e+00 0.000000e+00
 0.000000e+00 0.000000e+00 0.000000e+00 0.000000e+00 0.000000e+00 0.000000e+00 0.000000e+00 0.000000e+00 0.000000e+00 0.000000e+00 0.000000e+00 0.000000e+00 5.005102e-01 4.994898e-01 0.000000e+00 0.000000e+00 0.000000e+00 0.000000e+00 0.000000e+00 0.000000e+00 0.000000e+00 0.000000e+00 0.000000e+00 0.000000e+00 0.000000e+00
 0.000000e+00 0.000000e+00 0.000000e+00 0.000000e+00 0.000000e+00 0.000000e+00 0.000000e+00 0.000000e+00 0.000000e+00 0.000000e+00 0.000000e+00 0.000000e+00 0.000000e+00 1.669986e-01 8.330013e-01 0.000000e+00 0.000000e+00 0.000000e+00 0.000000e+00 0.000000e+00 0.000000e+00 0.000000e+00 0.000000e+00 0.000000e+00 0.000000e+00
 0.000000e+00 0.000000e+00 0.000000e+00 0.000000e+00 0.000000e+00 0.000000e+00 0.000000e+00 0.000000e+00 0.000000e+00 0.000000e+00 0.000000e+00 0.000000e+00 0.000000e+00 0.000000e+00 5.882691e-01 4.117309e-01 0.000000e+00 0.000000e+00 0.000000e+00 0.000000e+00 0.000000e+00 0.000000e+00 0.000000e+00 0.000000e+00 0.000000e+00
 0.000000e+00 0.000000e+00 0.000000e+00 0.000000e+00 0.000000e+00 0.000000e+00 0.000000e+00 0.000000e+00 0.000000e+00 0.000000e+00 0.000000e+00 0.000000e+00 0.000000e+00 0.000000e+00 0.000000e+00 7.733729e-01 2.266271e-01 0.000000e+00 0.000000e+00 0.000000e+00 0.000000e+00 0.000000e+00 0.000000e+00 0.000000e+00 0.000000e+00
 0.000000e+00 0.000000e+00 0.000000e+00 0.000000e+00 0.000000e+00 0.000000e+00 0.000000e+00 0.000000e+00 0.000000e+00 0.000000e+00 0.000000e+00 0.000000e+00 0.000000e+00 0.000000e+00 0.000000e+00 0.000000e+00 6.084357e-01 3.915643e-01 0.000000e+00 0.000000e+00 0.000000e+00 0.000000e+00 0.000000e+00 0.000000e+00 0.000000e+00
 0.000000e+00 0.000000e+00 0.000000e+00 0.000000e+00 0.000000e+00 0.000000e+00 0.000000e+00 0.000000e+00 0.000000e+00 0.000000e+00 0.000000e+00 0.000000e+00 0.000000e+00 0.000000e+00 0.000000e+00 0.000000e+00 0.000000e+00 5.010471e-01 4.989529e-01 0.000000e+00 0.000000e+00 0.000000e+00 0.000000e+00 0.000000e+00 0.000000e+00
 0.000000e+00 0.000000e+00 0.000000e+00 0.000000e+00 0.000000e+00 0.000000e+00 0.000000e+00 0.000000e+00 0.000000e+00 0.000000e+00 0.000000e+00 0.000000e+00 0.000000e+00 0.000000e+00 0.000000e+00 0.000000e+00 0.000000e+00 0.000000e+00 6.435038e-01 3.564962e-01 0.000000e+00 0.000000e+00 0.000000e+00 0.000000e+00 0.000000e+00
 0.000000e+00 0.000000e+00 0.000000e+00 0.000000e+00 0.000000e+00 0.000000e+00 0.000000e+00 0.000000e+00 0.000000e+00 0.000000e+00 0.000000e+00 0.000000e+00 0.000000e+00 0.000000e+00 0.000000e+00 0.000000e+00 0.000000e+00 0.000000e+00 0.000000e+00 5.830208e-01 4.169792e-01 0.000000e+00 0.000000e+00 0.000000e+00 0.000000e+00
 0.000000e+00 0.000000e+00 0.000000e+00 0.000000e+00 0.000000e+00 0.000000e+00 0.000000e+00 0.000000e+00 0.000000e+00 0.000000e+00 0.000000e+00 0.000000e+00 0.000000e+00 0.000000e+00 0.000000e+00 0.000000e+00 0.000000e+00 0.000000e+00 0.000000e+00 0.000000e+00 6.438221e-01 3.561778e-01 0.000000e+00 0.000000e+00 0.000000e+00
 0.000000e+00 0.000000e+00 0.000000e+00 0.000000e+00 0.000000e+00 0.000000e+00 0.000000e+00 0.000000e+00 0.000000e+00 0.000000e+00 0.000000e+00 0.000000e+00 0.000000e+00 0.000000e+00 0.000000e+00 0.000000e+00 0.000000e+00 0.000000e+00 0.000000e+00 0.000000e+00 0.000000e+00 7.080917e-01 2.919083e-01 0.000000e+00 0.000000e+00
 0.000000e+00 0.000000e+00 0.000000e+00 0.000000e+00 0.000000e+00 0.000000e+00 0.000000e+00 0.000000e+00 0.000000e+00 0.000000e+00 0.000000e+00 0.000000e+00 0.000000e+00 0.000000e+00 0.000000e+00 0.000000e+00 0.000000e+00 0.000000e+00 0.000000e+00 0.000000e+00 0.000000e+00 0.000000e+00 5.768756e-01 4.231243e-01 0.000000e+00
 0.000000e+00 0.000000e+00 0.000000e+00 0.000000e+00 0.000000e+00 0.000000e+00 0.000000e+00 0.000000e+00 0.000000e+00 0.000000e+00 0.000000e+00 0.000000e+00 0.000000e+00 0.000000e+00 0.000000e+00 0.000000e+00 0.000000e+00 0.000000e+00 0.000000e+00 0.000000e+00 0.000000e+00 0.000000e+00 0.000000e+00 5.463081e-01 4.536919e-01
 0.000000e+00 0.000000e+00 0.000000e+00 0.000000e+00 0.000000e+00 0.000000e+00 0.000000e+00 0.000000e+00 0.000000e+00 0.000000e+00 0.000000e+00 0.000000e+00 0.000000e+00 0.000000e+00 0.000000e+00 0.000000e+00 0.000000e+00 0.000000e+00 0.000000e+00 0.000000e+00 0.000000e+00 0.000000e+00 0.000000e+00 0.000000e+00 0.000000e+00
<ENDHMM>
