~o
<STREAMINFO> 1 39
<VECSIZE> 39<NULLD><MFCC_E_D_A><DIAGC>
~h "Lai"
<BEGINHMM>
<NUMSTATES> 28
<STATE> 2
<MEAN> 39
 -5.979647e+00 -8.500535e+00 -1.682648e-01 -7.081123e-01 3.147884e+00 -3.501220e+00 2.373734e+00 -1.352476e+00 -9.630519e-03 -2.378384e+00 4.208003e+00 7.917918e-01 4.715959e-03 4.681355e-01 -9.460622e-02 -1.891306e+00 -5.301642e-01 -1.493498e+00 -1.316209e+00 -6.749544e-01 9.736187e-01 9.859469e-02 -1.181171e+00 -7.527716e-01 -6.711272e-01 4.802661e-02 5.660347e-01 -1.465510e-01 -1.138220e+00 -3.013937e-01 -9.204928e-01 -8.037595e-01 -2.399273e-01 2.981199e-01 3.504653e-01 -5.071138e-01 -4.598225e-01 -2.608542e-01 3.556842e-02
<VARIANCE> 39
 5.305926e+00 8.296279e-01 2.642308e+00 4.261611e+00 5.951624e+00 1.224681e+01 3.905735e+00 6.467928e+00 2.304341e+01 1.015483e+01 8.190473e+00 1.079412e+01 5.000000e-02 1.370025e+00 8.485358e-01 3.135174e+00 1.685094e+00 2.837146e+00 1.257536e+00 2.586774e+00 2.376672e+00 1.472669e+00 2.099928e+00 2.517500e+00 1.375591e+00 5.000000e-02 1.428551e-01 5.000000e-02 5.021157e-01 2.081697e-01 1.652865e-01 3.266744e-01 1.846096e-01 1.827622e-01 9.469219e-01 2.058697e-01 3.433968e-01 5.092691e-01 5.000000e-02
<GCONST> 7.443653e+01
<STATE> 3
<MEAN> 39
 -3.908171e+00 -7.896809e+00 -9.686727e+00 -2.770210e+00 -4.495730e+00 -1.100175e+01 -1.509980e+00 1.935788e+00 2.133066e+00 -6.682847e+00 2.528933e+00 -1.586899e+00 1.752097e-01 1.519317e+00 -4.296070e-01 -2.989382e+00 -1.066634e-01 -2.303641e+00 -2.897054e+00 -7.384759e-01 4.872473e-01 2.066537e+00 -1.257553e+00 -6.854652e-01 3.585965e-01 1.273269e-01 -7.518633e-02 -4.745907e-01 2.631196e-01 1.199272e-01 2.300987e-01 4.454491e-01 4.632234e-01 -5.722418e-01 1.491662e-01 2.385304e-01 -2.743966e-01 5.124125e-01 1.885352e-02
<VARIANCE> 39
 3.781148e+01 1.314822e+01 2.918700e+01 1.817363e+01 2.316197e+01 2.462167e+01 4.667306e+01 3.098849e+01 1.616895e+01 2.440563e+01 2.529203e+01 1.268553e+01 7.278875e-02 1.808989e+00 6.189001e-01 7.524032e+00 1.414230e+00 2.639007e+00 2.609627e+00 1.451953e+00 1.369996e+00 3.615172e+00 8.284099e-01 2.104361e+00 1.362112e+00 5.000000e-02 6.071418e-01 1.681132e-01 5.138061e-01 3.660340e-01 3.534907e-01 7.960829e-01 1.038412e+00 4.949176e-01 4.752522e-01 1.951647e-01 3.751029e-01 3.045129e-01 5.000000e-02
<GCONST> 9.773075e+01
<STATE> 4
<MEAN> 39
 -1.643036e+00 -9.431259e+00 -1.062971e+01 -1.353042e+00 -4.638679e+00 -1.389504e+01 -5.594381e-01 -1.391734e+00 6.821100e+00 -7.014443e+00 4.633828e-01 1.466706e+00 4.196244e-01 1.330694e-01 -1.469788e+00 -1.210335e+00 -2.683248e-01 -6.436903e-01 8.657215e-01 1.390443e+00 -1.215110e+00 2.896824e-01 -4.415790e-01 -1.646224e+00 8.272561e-01 9.902957e-02 -7.458258e-01 -3.666599e-01 1.626135e-01 2.408426e-03 7.696935e-01 1.415922e+00 8.877968e-01 -2.134448e-02 -8.603985e-01 -6.117533e-02 -7.025027e-02 -1.005712e-01 -1.917638e-02
<VARIANCE> 39
 2.744871e+01 1.036340e+01 8.095174e+01 1.455469e+01 6.523658e+01 4.045810e+01 7.300644e+00 1.767921e+01 3.133459e+01 1.824586e+01 1.630405e+01 1.353912e+01 9.910917e-02 3.476429e+00 1.452364e+00 4.240438e+00 8.753006e-01 1.395891e+00 7.902682e+00 5.434757e+00 2.053283e+00 4.270270e+00 1.518532e+00 1.335149e+00 2.922199e+00 5.000000e-02 3.217908e-01 3.447216e-01 9.586861e-01 3.133462e-01 9.833702e-01 1.679069e+00 2.840548e-01 2.341361e-01 8.830449e-01 2.333832e-01 4.537845e-01 2.061951e-01 5.000000e-02
<GCONST> 1.019963e+02
<STATE> 5
<MEAN> 39
 -3.571370e+00 -1.731961e+01 -1.855074e+01 -2.643323e+00 -8.137927e+00 -7.827153e+00 6.176126e+00 -1.747611e+00 4.948668e+00 -1.243277e+01 -6.062463e+00 2.653728e+00 7.554995e-01 -1.494418e+00 -2.517431e+00 -1.902502e+00 5.549935e-02 2.130461e+00 3.780312e+00 2.435811e+00 1.712456e-01 -2.110247e+00 -1.640172e+00 -7.671968e-01 2.266350e-01 6.621307e-02 -3.889922e-02 3.284806e-01 4.759013e-01 1.138565e-01 1.117866e+00 1.099197e-01 -6.289403e-01 1.168084e-01 -4.817260e-01 6.180201e-01 6.833355e-01 -3.151097e-01 -2.455349e-02
<VARIANCE> 39
 2.951202e+01 1.422236e+01 5.305934e+01 5.132629e+00 1.247793e+01 6.407870e+01 1.796679e+01 3.560063e+01 4.329168e+01 1.999390e+01 1.292053e+01 2.794750e+01 6.756365e-02 6.141364e-01 2.431994e+00 1.879137e+00 1.497207e+00 2.534931e+00 5.394151e+00 1.490053e+00 8.168129e-01 2.423239e+00 5.700759e-01 3.577058e+00 1.098905e+00 5.000000e-02 3.080060e-01 2.504717e-01 1.630950e-01 5.474352e-02 1.478943e-01 1.678606e+00 6.652535e-01 3.066609e-01 5.624468e-01 2.721705e-01 2.108606e-01 8.008730e-01 5.000000e-02
<GCONST> 9.245586e+01
<STATE> 6
<MEAN> 39
 -4.839639e+00 -1.899132e+01 -2.212148e+01 -1.907165e+00 1.207713e+00 -4.078227e+00 8.464079e+00 -5.328025e-01 -1.006847e+00 -1.125152e+01 -4.406425e+00 4.060740e+00 8.295405e-01 -6.944330e-01 -1.047461e+00 -2.520362e-01 4.436326e-01 3.343403e+00 7.184642e-01 1.477946e-01 -1.349462e+00 -8.184640e-01 1.879815e+00 3.094296e-01 -5.763322e-02 2.362188e-02 2.518839e-01 3.884904e-01 3.932620e-01 -2.070740e-02 -3.115441e-01 -8.599412e-01 -6.297439e-01 -5.786085e-01 8.432093e-01 8.068942e-01 9.130196e-02 -2.470493e-01 -1.189963e-02
<VARIANCE> 39
 2.220172e+01 2.118253e+01 6.881609e+01 1.039680e+01 1.221511e+01 4.093079e+01 2.098064e+01 2.680429e+01 3.758452e+01 1.298121e+01 1.369653e+01 9.970506e+00 9.888265e-02 1.422724e-01 5.187986e-01 2.567666e-01 1.517190e+00 2.328498e+00 2.819075e+00 2.430700e+00 1.674050e+00 8.846990e-01 9.484976e-01 7.427627e-01 3.241174e+00 5.000000e-02 5.896354e-02 3.608956e-01 1.273718e-01 1.153254e-01 3.903894e-01 6.227396e-01 1.419626e-01 1.681392e-01 2.816080e-01 2.906690e-01 3.790039e-01 1.913377e-01 5.000000e-02
<GCONST> 8.184424e+01
<STATE> 7
<MEAN> 39
 -7.693126e+00 -2.193748e+01 -2.149106e+01 -1.928302e+00 6.631559e+00 -1.692485e+00 7.975530e+00 -7.613184e+00 2.157225e+00 -6.440670e+00 -5.281506e+00 2.239119e+00 9.110016e-01 -6.093599e-01 -4.855989e-02 -5.578171e-02 1.770221e-01 1.041079e+00 5.711921e-01 -2.605124e-01 -1.026838e+00 1.105286e+00 1.149306e+00 -4.154662e-01 -8.601587e-02 5.307224e-03 5.243717e-02 2.645088e-01 1.616028e-01 -3.560679e-03 -6.012270e-01 2.603253e-02 -2.018281e-01 4.125354e-01 2.986527e-01 -4.569374e-01 5.221160e-03 1.305651e-01 -5.482574e-03
<VARIANCE> 39
 1.757052e+01 1.449167e+01 4.621010e+01 2.084335e+01 6.309006e+00 2.609054e+01 2.097510e+01 1.742217e+01 2.368320e+01 1.639130e+01 1.362962e+01 4.272472e+00 6.820019e-02 2.110296e-01 3.716322e-01 1.123089e-01 5.549191e-01 1.399018e+00 7.349610e-01 3.840746e-01 1.974689e+00 1.508428e+00 1.291914e+00 5.101529e-01 5.655652e-01 5.000000e-02 6.409167e-02 5.000000e-02 5.000000e-02 2.499657e-01 1.720383e-01 2.636060e-01 1.230834e-01 1.627882e-01 3.238579e-01 1.945968e-01 1.477917e-01 1.852517e-01 5.000000e-02
<GCONST> 6.680440e+01
<STATE> 8
<MEAN> 39
 -8.187034e+00 -1.655279e+01 -1.369700e+01 -1.830527e+00 4.649835e+00 9.606794e-02 4.644022e+00 -5.339546e+00 4.228704e+00 -5.305069e+00 -2.839521e+00 1.228958e+00 5.975475e-01 3.019612e-01 -6.774087e-03 -1.591790e-01 2.347772e-02 -1.418495e-01 -8.911218e-02 -5.275782e-01 1.190162e-01 6.473549e-01 -2.447384e-01 1.655854e-01 1.811442e-01 1.363909e-02 2.121763e-01 -1.935821e-01 -3.724960e-01 -1.714001e-01 -1.603651e-01 -4.791241e-01 -8.460917e-02 -8.470865e-03 -8.039972e-02 -1.737102e-01 -2.934825e-02 4.863371e-02 1.016596e-02
<VARIANCE> 39
 1.556122e+01 4.683028e+01 9.843314e+01 1.038979e+01 1.437611e+01 2.089242e+01 8.687548e+00 2.670481e+01 1.672388e+01 1.106551e+01 2.806837e+01 7.779547e+00 2.274250e-01 1.741424e+00 2.719380e-01 1.275356e+00 1.219001e+00 8.964896e-01 1.876266e+00 5.912529e-01 1.129195e+00 2.405577e-01 3.296926e-01 7.639264e-02 6.899763e-01 5.000000e-02 1.880989e-01 7.302329e-02 2.231166e-01 1.505602e-01 1.009583e-01 2.148016e-01 5.170221e-02 1.789384e-01 1.443633e-01 1.303153e-01 5.000000e-02 1.106728e-01 5.000000e-02
<GCONST> 6.845182e+01
<STATE> 9
<MEAN> 39
 -2.446521e+00 -1.863193e+01 -2.030067e+01 -2.964576e+00 1.017677e+00 -8.554381e+00 3.796614e+00 -3.283472e+00 7.093945e+00 -7.137058e+00 -2.385273e+00 2.371892e+00 8.037216e-01 4.629951e-01 -9.607534e-01 -2.470167e+00 -3.443567e-01 -3.338980e-01 -1.599683e+00 -6.957357e-01 -7.035649e-01 9.004658e-02 -1.356181e+00 -6.454887e-01 -3.090643e-01 5.869959e-02 -4.503774e-01 -2.229259e-02 5.039040e-02 2.419834e-01 3.036160e-01 8.662875e-01 3.795328e-01 -1.646291e-01 -6.439680e-01 -1.252129e-01 -3.364900e-01 -2.772465e-01 -1.093667e-02
<VARIANCE> 39
 7.325904e+01 2.700024e+01 4.282856e+01 1.487548e+01 6.873935e+01 1.274954e+02 1.187078e+01 9.193253e+01 1.280822e+01 6.108496e+00 2.218225e+01 2.268715e+00 5.000000e-02 3.032179e+00 8.037799e-01 7.075192e+00 2.996185e+00 1.525387e+00 6.217812e+00 8.412799e-01 1.088331e+00 1.372467e+00 1.982466e+00 8.403799e-01 6.799063e-01 5.000000e-02 3.329875e-01 9.120853e-02 3.983237e-01 2.003387e-01 3.212115e-01 1.782122e+00 1.671495e-01 6.620460e-01 2.662140e-01 3.248915e-01 2.000883e-01 6.438115e-02 5.000000e-02
<GCONST> 9.205482e+01
<STATE> 10
<MEAN> 39
 -6.259655e+00 -2.117439e+01 -2.549139e+01 -1.294423e+00 7.707656e+00 -4.281556e+00 4.125655e+00 -6.088312e+00 2.225901e+00 -6.915337e+00 -6.186974e+00 1.773702e+00 9.248138e-01 -2.822488e-01 -3.540347e-01 -2.656198e-01 1.371998e-01 9.403883e-02 1.114821e+00 -1.061609e-02 -7.086231e-03 -6.070114e-01 3.501124e-02 -4.301794e-01 -2.245523e-01 1.174075e-02 8.588808e-02 -4.441588e-02 3.585612e-01 1.316286e-01 -5.181069e-02 2.410975e-01 3.926451e-01 1.138117e-01 -3.702238e-02 2.338182e-01 1.100018e-01 1.031524e-01 -5.690650e-04
<VARIANCE> 39
 4.274660e+01 1.352427e+01 1.126957e+01 2.080241e+01 5.597019e+01 4.482996e+01 1.418087e+01 3.701424e+01 2.078174e+01 2.819101e+01 1.605598e+01 1.009546e+01 5.000000e-02 3.956283e-01 1.272192e+00 1.504488e+00 1.185402e+00 1.892748e+00 4.138349e+00 1.479556e+00 1.886868e+00 1.471167e+00 1.096835e+00 2.030528e+00 1.981077e-01 5.000000e-02 1.221645e-01 1.264764e-01 5.605753e-01 3.592738e-01 3.797460e-01 3.655023e-01 5.879757e-02 2.394891e-01 7.578656e-02 4.137303e-01 1.582727e-01 1.271679e-01 5.000000e-02
<GCONST> 8.322568e+01
<STATE> 11
<MEAN> 39
 -2.882043e+00 -2.284740e+01 -2.373875e+01 4.682399e-01 5.067016e+00 -1.387897e+00 6.960581e+00 -7.487705e+00 2.398430e+00 -7.684557e+00 -7.300384e+00 2.311842e+00 9.392677e-01 -2.818770e-01 -8.310617e-01 5.638568e-01 1.222450e-02 1.619519e+00 1.722992e-01 1.126078e+00 -2.553427e-01 -1.556555e-01 1.019063e+00 2.347039e-01 4.643562e-01 1.772272e-02 -1.725582e-01 4.262572e-01 1.432002e-01 -7.038271e-02 6.990964e-02 -5.331221e-01 1.623329e-01 1.144471e-01 2.823830e-01 -2.348255e-01 3.579887e-01 4.129784e-03 -3.243725e-03
<VARIANCE> 39
 5.428544e+01 5.347625e+00 1.229169e+01 1.600474e+01 4.713464e+01 7.293591e+01 4.552046e+01 1.074678e+01 4.548817e+01 3.796862e+01 7.001181e+00 1.103677e+01 5.000000e-02 2.552309e-01 1.147078e+00 1.044065e+00 5.819984e-01 5.017898e+00 1.864064e+00 9.132518e-01 3.355526e+00 4.283710e-01 2.214446e+00 3.869369e-01 8.886408e-01 5.000000e-02 1.153915e-01 5.283453e-02 1.207725e-01 1.858732e-01 7.170076e-01 8.772871e-01 2.543597e-01 5.239910e-02 3.871955e-01 9.228142e-01 8.809903e-02 1.896469e-01 5.000000e-02
<GCONST> 8.148933e+01
<STATE> 12
<MEAN> 39
 -1.005489e+01 -2.231987e+01 -2.112248e+01 -1.740780e+00 7.285250e+00 6.280998e-01 6.309475e+00 -8.366493e+00 5.238805e+00 -7.128270e+00 -5.829664e+00 3.008603e+00 9.711481e-01 -6.037867e-01 1.944183e-01 1.345608e-01 -2.086817e-01 -6.222451e-01 -3.530417e-01 1.243200e+00 4.340423e-02 -3.832054e-01 -1.153348e+00 4.858725e-01 2.042525e-01 4.664615e-03 -1.223260e-01 -1.398306e-01 2.660233e-03 -2.173341e-01 -4.753222e-01 -1.497248e-01 9.253399e-02 1.325864e-01 -2.045877e-01 -2.315684e-01 2.032304e-01 -5.858215e-02 -3.491150e-03
<VARIANCE> 39
 3.241792e+01 1.003125e+01 1.385497e+01 1.113389e+01 7.784929e+00 1.762065e+01 2.470695e+01 9.965172e+00 1.734698e+01 1.285589e+01 1.190708e+01 1.974096e+00 5.000000e-02 6.459343e-01 6.391949e-01 4.196784e-01 7.293518e-01 8.726796e-01 1.007424e+00 6.730207e-01 1.254510e+00 2.606498e+00 7.091017e-01 7.721739e-01 5.917499e-01 5.000000e-02 6.803506e-02 1.722099e-01 6.900898e-02 9.324514e-02 1.703722e-01 1.188230e-01 2.643381e-01 1.457749e-01 1.266389e-01 1.614721e-01 1.054832e-01 1.205824e-01 5.000000e-02
<GCONST> 6.506612e+01
<STATE> 13
<MEAN> 39
 -6.463362e+00 -2.297992e+01 -2.426073e+01 -2.361758e+00 9.770838e+00 -6.898242e+00 1.152867e+01 -8.487549e+00 2.850222e-01 -1.111922e+01 -1.610427e+00 1.197499e+00 9.790792e-01 -5.269844e-01 -1.217452e-01 7.225174e-01 -5.700808e-01 -8.707686e-01 -5.093755e-01 6.841045e-01 9.326865e-01 -6.258063e-01 -7.354157e-02 9.738021e-01 -1.183298e-01 -1.052467e-02 8.924975e-02 -2.714336e-02 2.099952e-01 -7.944207e-02 -4.055694e-01 -1.078526e-01 1.521547e-01 2.382529e-01 2.647481e-02 3.195148e-01 -4.569067e-02 -1.490729e-01 -4.984809e-03
<VARIANCE> 39
 1.367174e+01 2.414489e+00 1.002161e+01 4.735547e+00 1.196147e+01 2.005405e+01 1.160698e+01 2.227830e+01 2.034077e+01 4.564495e+00 8.863059e+00 3.159661e+00 5.000000e-02 6.423889e-01 4.094250e-01 3.141371e-01 4.571317e-01 1.995206e+00 5.659571e-01 2.717109e+00 1.303969e+00 7.462333e-01 1.354909e+00 5.934777e-01 3.035468e-01 5.000000e-02 8.379655e-02 5.000000e-02 5.000000e-02 8.428971e-02 1.721341e-01 5.000000e-02 2.027574e-01 3.736461e-01 3.561594e-01 3.361695e-01 1.109399e-01 9.910512e-02 5.000000e-02
<GCONST> 6.043996e+01
<STATE> 14
<MEAN> 39
 -1.287849e+01 -2.409050e+01 -1.715748e+01 -5.948400e+00 -2.015476e+00 -3.482797e+00 1.409437e+01 -2.892413e+00 6.605664e-01 -9.147380e+00 -3.068436e-01 1.566926e+00 9.072686e-01 -2.906142e-01 2.188312e-01 1.461032e+00 -1.285053e+00 -2.986730e+00 -7.995815e-01 1.461788e+00 1.184065e+00 -1.176880e-01 6.289918e-01 6.717402e-03 -1.693604e+00 -2.624483e-02 6.170515e-02 4.580782e-01 2.167825e-01 -2.061147e-01 7.778235e-02 -2.209982e-02 -4.794575e-01 -2.803728e-01 4.784682e-01 6.711334e-01 -3.827216e-01 -3.197822e-01 -3.457337e-03
<VARIANCE> 39
 1.246635e+01 3.362448e+00 8.645767e+00 6.551355e+00 2.024155e+01 2.811302e+01 1.379152e+01 1.048640e+01 1.318382e+01 1.992350e+00 9.625225e+00 1.345269e+01 5.000000e-02 1.172220e-01 3.687106e-01 1.055773e-01 1.668703e-01 5.071260e-01 4.461914e-01 2.874595e-01 4.651427e-01 6.351367e-01 1.067217e+00 1.058504e+00 3.543941e-01 5.000000e-02 5.000000e-02 5.000000e-02 5.000000e-02 5.000000e-02 9.710347e-02 6.672011e-02 9.109442e-02 6.350119e-02 1.050486e-01 1.563095e-01 9.959178e-02 1.928626e-01 5.000000e-02
<GCONST> 4.762828e+01
<STATE> 15
<MEAN> 39
 -1.176648e+01 -2.125973e+01 -1.397712e+01 -9.218726e+00 -6.649590e+00 -7.419724e+00 1.781903e+01 -9.460531e-01 7.684102e-01 -6.374281e+00 -1.435807e+00 -3.823779e+00 8.281910e-01 -4.597777e-01 1.077621e+00 1.949679e+00 -1.695027e+00 -2.241349e+00 -1.184394e+00 -1.010735e+00 1.092359e-01 1.562180e+00 3.368032e+00 9.650689e-02 -9.841842e-01 -3.217319e-02 1.879433e-02 7.547325e-02 2.032413e-01 -1.561781e-01 1.509757e-01 -3.408726e-01 -1.044353e+00 -4.039600e-01 4.637957e-01 8.829401e-01 3.146310e-01 5.948472e-01 1.547394e-03
<VARIANCE> 39
 1.439014e+01 1.985753e+00 1.359210e+01 1.208156e+01 1.562484e+01 6.488095e+01 1.446885e+01 1.947885e+01 7.735618e+00 1.138937e+01 1.591223e+01 5.670582e+00 5.000000e-02 9.487795e-02 4.722437e-01 7.964669e-02 1.997163e-01 4.575080e-01 5.447552e-01 1.643037e+00 4.692910e-01 6.461067e-01 3.264879e+00 3.365487e-01 9.217485e-01 5.000000e-02 5.000000e-02 5.000000e-02 5.000000e-02 5.773949e-02 6.816892e-02 1.466867e-01 6.073112e-02 2.778727e-01 2.035514e-01 3.164636e-01 8.037626e-02 5.175576e-02 5.000000e-02
<GCONST> 5.461672e+01
<STATE> 16
<MEAN> 39
 -1.384214e+01 -1.929094e+01 -8.799673e+00 -1.324869e+01 -1.318283e+01 -1.138913e+01 1.085667e+01 -9.119340e-01 5.820547e+00 4.898622e+00 8.262957e-01 -4.702900e+00 7.555674e-01 1.177268e-01 8.297009e-01 2.093367e+00 -1.902039e+00 -1.977836e+00 -2.074709e+00 -2.475652e+00 -7.916864e-01 2.074177e+00 3.600475e+00 6.743717e-01 4.407876e-01 -2.342301e-02 6.898084e-01 -4.348066e-01 -4.653200e-01 5.541750e-01 7.215959e-01 3.471806e-01 -2.209773e-02 -3.529035e-01 -2.972977e-01 -9.279091e-01 -1.189967e-01 6.614133e-01 -2.254077e-03
<VARIANCE> 39
 9.188546e+00 3.067871e+00 1.160277e+01 7.014132e+00 6.898647e+00 3.375769e+01 1.437085e+01 1.200246e+01 3.355790e+01 3.152490e+01 1.502407e+01 1.034601e+01 5.000000e-02 4.878772e-01 2.335629e-01 3.411742e-01 6.360029e-01 4.771238e-01 7.183656e-01 2.657179e-01 2.551968e+00 9.500211e-01 1.278533e+00 7.314425e-01 4.249944e-01 5.000000e-02 7.104649e-02 5.403747e-02 5.448470e-02 4.155487e-01 9.043703e-02 3.226343e-01 2.314153e-01 2.988147e-01 3.947105e-01 5.366658e-01 5.000000e-02 1.718850e-01 5.000000e-02
<GCONST> 6.504122e+01
<STATE> 17
<MEAN> 39
 -1.137492e+01 -1.814242e+01 -6.132951e+00 -1.704651e+01 -1.469498e+01 -1.405289e+01 6.303203e+00 -5.133231e+00 9.052447e+00 8.533176e+00 8.176162e-01 -6.966467e-01 7.047126e-01 2.480685e+00 -9.688405e-01 1.501295e-01 9.742265e-01 9.319773e-01 6.346204e-01 -1.187460e+00 -1.233855e+00 -1.605741e-01 -6.754857e-01 -1.073256e-01 1.673500e+00 -4.967514e-02 6.279060e-01 -7.646743e-01 -4.271897e-01 1.215208e+00 8.657013e-01 1.318731e+00 5.519390e-01 1.540272e-01 -7.028363e-01 -1.542572e+00 -2.075789e-01 -8.925761e-02 -1.202955e-02
<VARIANCE> 39
 1.134578e+01 3.495292e+00 1.073174e+01 9.303167e+00 1.265186e+01 4.711985e+01 8.054919e+00 2.111610e+01 1.195973e+01 7.880664e+00 1.345912e+01 9.643775e+00 5.000000e-02 9.081392e-01 9.192104e-01 5.251343e-01 3.430312e+00 7.173201e-01 3.638785e+00 9.324134e-01 1.776785e+00 2.378410e+00 2.811917e+00 6.654186e-01 1.076916e+00 5.000000e-02 1.365644e-01 6.160878e-02 1.753673e-01 2.100189e-01 1.139530e-01 3.185786e-01 1.045120e-01 5.875514e-01 3.358214e-01 2.641243e-01 2.083058e-01 2.907745e-01 5.000000e-02
<GCONST> 7.593992e+01
<STATE> 18
<MEAN> 39
 -4.861554e+00 -2.255732e+01 -5.912338e+00 -1.025625e+01 -1.150336e+01 -7.844391e+00 5.579501e+00 -5.834953e+00 9.146527e+00 2.486888e+00 -9.317533e-01 1.874014e+00 5.746610e-01 3.012549e+00 -2.316889e+00 -3.922022e-02 2.873686e+00 1.853886e+00 2.152092e+00 -4.900816e-01 -4.388436e-01 -5.745377e-01 -2.622907e+00 -2.324569e-01 4.809199e-01 -6.850574e-02 -3.962111e-01 1.406751e-01 -4.667836e-03 2.477623e-01 1.293285e-01 2.021153e-01 3.551153e-01 3.879050e-01 -2.585346e-01 -4.858705e-02 3.349150e-02 -4.188003e-01 3.405793e-03
<VARIANCE> 39
 1.528824e+01 7.915101e+00 1.256256e+00 2.773818e+01 2.930442e+00 3.190174e+01 4.881349e+00 1.311430e+01 8.113043e+00 3.012674e+01 4.485765e+00 2.217980e+00 5.000000e-02 1.493732e-01 1.899372e-01 1.064754e+00 1.630365e+00 7.329751e-01 4.071730e+00 6.846856e-01 1.597336e+00 7.434843e-01 2.080359e+00 8.248218e-01 1.706067e+00 5.000000e-02 2.198776e-01 2.025221e-01 9.312429e-02 2.042219e-01 8.819620e-02 3.082821e-01 8.016461e-02 1.627182e-01 5.784634e-01 3.239579e-01 1.122633e-01 2.089261e-01 5.000000e-02
<GCONST> 6.603449e+01
<STATE> 19
<MEAN> 39
 4.851865e-02 -2.593361e+01 -5.749753e+00 -3.595166e+00 -6.000739e+00 -2.451541e+00 5.778225e+00 -5.545644e+00 3.977131e+00 -2.055182e+00 -4.615770e-01 7.605502e-01 4.172434e-01 6.545517e-01 -7.246888e-01 -3.674593e-01 1.937794e+00 1.247413e+00 1.716416e+00 6.828595e-01 6.206288e-01 -4.437069e-01 -1.272910e+00 -4.913030e-01 -2.321947e-01 -3.924129e-02 -6.545480e-01 5.154849e-01 -3.344087e-01 -5.704228e-01 -5.755529e-01 -8.711430e-01 -1.875750e-04 8.787785e-02 3.845705e-02 5.402276e-01 8.398671e-02 -2.258811e-01 1.202312e-02
<VARIANCE> 39
 9.501122e-01 2.474265e+00 2.799832e+00 1.502064e+01 1.124436e+01 1.632486e+01 6.372097e+00 8.746254e+00 1.672437e+01 1.668036e+01 9.847557e+00 5.342361e+00 5.000000e-02 8.154236e-01 7.508975e-01 6.761370e-01 7.938232e-01 1.447447e+00 4.957687e+00 9.231021e-01 1.146206e+00 1.394399e+00 1.259890e+00 9.763902e-01 7.912086e-01 5.000000e-02 1.664966e-01 1.234850e-01 1.713226e-01 1.284403e-01 2.218465e-01 2.509217e-01 2.759249e-01 3.410896e-01 3.054923e-01 1.853541e-01 1.724311e-01 2.750599e-01 5.000000e-02
<GCONST> 6.845828e+01
<STATE> 20
<MEAN> 39
 -9.035248e-01 -2.679311e+01 -8.545760e+00 -2.626374e+00 -6.707195e+00 -4.916064e+00 6.258721e+00 -5.005188e+00 6.565303e+00 -3.576314e+00 -9.644302e-01 7.789418e-01 3.849773e-01 2.162385e-01 1.616890e-01 -4.056396e-01 7.786555e-01 -1.350620e-01 -7.141228e-01 -9.063913e-01 -3.925209e-01 -1.096173e+00 -7.272293e-01 6.367487e-02 -1.637371e-01 -1.623543e-02 -1.117886e-01 4.895788e-01 3.959686e-01 -1.532362e-01 1.641273e-01 -1.906290e-01 7.257381e-03 -6.954210e-02 -5.243003e-01 -4.982706e-02 9.418987e-02 -1.032553e-01 4.423323e-03
<VARIANCE> 39
 1.708452e+00 1.254838e+00 6.866437e+00 1.254088e+01 4.887241e+00 7.325714e+00 1.173917e+01 1.225384e+01 9.135432e+00 1.841991e+01 1.184823e+01 1.592765e+01 5.000000e-02 3.086557e-01 2.182157e-01 1.669993e+00 1.279467e+00 1.282915e+00 2.948561e+00 7.705548e-01 7.878714e-01 2.544633e+00 9.366180e-01 6.018026e-01 6.347299e-01 5.000000e-02 6.386840e-02 1.520971e-01 1.828826e-01 8.569073e-02 2.105928e-01 4.184569e-01 3.486845e-01 1.824187e-01 1.375095e-01 5.000000e-02 1.178903e-01 2.150035e-01 5.000000e-02
<GCONST> 6.299076e+01
<STATE> 21
<MEAN> 39
 -5.600722e-01 -2.542675e+01 -7.580812e+00 -2.293818e+00 -6.707874e+00 -5.324420e+00 5.324412e+00 -6.798034e+00 8.956876e-01 -4.104523e+00 -6.045830e-01 -1.017050e-01 3.623237e-01 1.644989e-01 1.104031e+00 9.220647e-02 9.910070e-01 1.254364e+00 2.000824e-01 8.368159e-01 7.044723e-01 -1.653778e+00 -7.075627e-01 8.503678e-02 -8.930431e-01 -2.283540e-02 -7.188706e-02 2.971933e-01 8.011433e-02 -1.971930e-01 3.016002e-01 1.221840e-01 3.911979e-01 4.142542e-01 4.427908e-01 1.105508e-01 -2.241724e-02 -2.330016e-02 1.638651e-03
<VARIANCE> 39
 3.414115e+00 2.714367e+00 7.445482e+00 1.724512e+01 7.496085e+00 6.452031e+00 1.212038e+01 9.826978e+00 1.163508e+01 4.940637e+01 5.824241e+00 1.885628e+01 5.000000e-02 1.916698e-01 3.864579e-01 1.147618e+00 9.397829e-01 1.351726e-01 4.644402e-01 4.921663e-01 5.516208e-01 8.508177e-01 1.613465e+00 8.350256e-02 1.133669e+00 5.000000e-02 1.209557e-01 1.082642e-01 3.226617e-01 1.165156e-01 2.149837e-01 6.689612e-01 9.498073e-02 1.573240e-01 3.836583e-01 8.964220e-01 5.472034e-02 2.142748e-01 5.000000e-02
<GCONST> 6.157121e+01
<STATE> 22
<MEAN> 39
 3.983867e-01 -2.205910e+01 -6.672439e+00 4.560968e-01 -3.200027e+00 -4.819869e+00 7.380054e+00 -3.485008e+00 1.225536e-01 -4.585371e+00 -1.225106e-01 -1.205943e+00 3.511909e-01 2.619972e-01 1.145644e+00 4.244444e-01 7.401058e-01 1.182509e+00 1.035285e+00 5.716580e-01 7.701411e-01 -5.547948e-01 -6.879125e-01 2.400200e-01 1.603786e-04 -1.559688e-02 -2.511296e-01 -2.989947e-01 -1.560486e-01 -1.297063e-01 -5.045989e-02 1.449097e-01 -2.258868e-01 -9.417194e-02 4.501021e-01 -8.521860e-03 2.534859e-02 3.986301e-01 -9.690765e-04
<VARIANCE> 39
 2.139919e+00 2.257855e+00 3.674856e+00 5.987248e+00 6.656029e+00 1.359162e+01 5.456337e+00 1.794423e+01 4.716623e+00 1.470860e+01 1.103494e+01 7.375627e+00 5.000000e-02 2.669782e-01 6.114440e-01 9.396123e-01 6.354846e-01 9.230479e-01 1.008696e+00 4.124011e-01 7.739519e-01 1.504197e+00 5.099371e+00 1.774087e-01 7.658660e-01 5.000000e-02 5.000000e-02 6.049336e-02 1.355473e-01 9.090872e-02 5.000000e-02 2.324601e-01 5.000000e-02 1.758074e-01 1.602102e-01 1.739043e-01 5.000000e-02 1.785268e-01 5.000000e-02
<GCONST> 5.389844e+01
<STATE> 23
<MEAN> 39
 2.711956e-01 -1.992435e+01 -6.008799e+00 1.609980e+00 -1.786050e-01 -1.104010e+00 6.470224e+00 -3.271364e+00 -1.324813e+00 -8.050103e+00 -1.291560e+00 2.054468e-01 2.913852e-01 -8.860129e-01 -1.928138e-01 -4.502974e-01 8.040266e-02 9.180470e-01 2.308958e-01 -1.416680e-02 3.915927e-01 3.596044e-01 2.048543e-01 2.945111e-01 2.293379e-01 -2.881289e-02 -2.160351e-01 -4.318517e-01 -3.961330e-01 -2.799399e-01 -3.623327e-01 -6.410117e-01 -1.326046e-01 -1.009563e-01 2.227024e-01 7.337157e-01 1.984256e-01 -1.936178e-01 -2.531091e-03
<VARIANCE> 39
 3.636600e+00 8.596134e+00 8.714464e+00 1.432308e+01 3.860926e+00 4.384260e+00 1.007222e+01 5.919503e+00 1.253399e+01 2.430674e+01 5.602731e+00 6.128292e+00 5.000000e-02 2.836195e-01 1.130106e+00 1.805082e+00 5.233744e-01 7.289303e-01 1.236166e+00 6.874123e-01 1.631547e+00 1.114853e+00 3.604308e+00 4.471622e-01 1.114795e+00 5.000000e-02 9.185202e-02 1.503807e-01 2.500585e-01 1.423628e-01 4.090962e-01 1.185155e-01 1.030094e-01 4.346556e-01 2.961008e-01 5.799323e-01 5.000000e-02 2.145979e-01 5.000000e-02
<GCONST> 6.659523e+01
<STATE> 24
<MEAN> 39
 -2.527984e+00 -2.322572e+01 -9.963444e+00 3.329229e-01 -2.867430e-01 -4.555007e+00 7.095877e+00 -2.289711e+00 9.163662e-01 -2.969921e+00 1.911815e+00 1.781122e-02 2.009684e-01 -3.880874e-01 -5.661813e-02 -5.830054e-01 -6.668403e-02 -1.183072e-01 -2.931010e-01 7.521491e-02 2.591463e-02 -2.613442e-01 3.344257e-01 2.742189e-01 -2.373709e-01 -2.113408e-02 1.778624e-01 5.877485e-01 5.090448e-01 -3.117641e-02 -1.802062e-01 1.424182e-01 -9.677655e-03 -1.833663e-01 -2.230627e-01 -1.568672e-01 -1.596191e-01 -1.528142e-01 -7.894455e-04
<VARIANCE> 39
 2.708698e+00 1.074545e+01 1.025438e+01 9.172005e+00 1.542495e+01 6.139929e+00 7.814420e+00 1.163003e+01 1.553030e+01 1.366590e+01 1.286788e+01 3.792493e+00 5.000000e-02 1.304791e-01 7.475780e-01 1.262757e+00 1.289012e+00 2.123503e+00 1.351505e+00 8.155605e-01 8.646945e-01 1.046783e+00 1.469288e+00 9.251181e-01 1.686779e+00 5.000000e-02 5.000000e-02 2.043526e-01 2.679718e-01 1.724506e-01 3.337969e-01 1.424782e-01 2.332123e-01 4.738414e-01 4.393698e-01 4.744591e-01 1.574717e-01 1.456188e-01 5.000000e-02
<GCONST> 7.040096e+01
<STATE> 25
<MEAN> 39
 -2.845105e+00 -1.937415e+01 -7.454290e+00 -1.744834e-01 -1.217791e+00 -3.471257e+00 7.239617e+00 -1.460283e+00 3.505810e-01 -4.210090e+00 9.451988e-01 -1.518619e+00 1.476086e-01 -1.225757e-01 2.156726e+00 1.311136e+00 -1.435458e-01 4.686655e-01 -5.661399e-01 -1.212719e+00 -8.180118e-01 -1.700653e-01 8.546630e-01 5.872502e-01 -8.218802e-02 -3.204344e-02 -9.891606e-03 3.139757e-01 3.412166e-01 5.391594e-02 3.219915e-01 5.137114e-02 -4.153088e-01 -2.602676e-01 6.256005e-02 1.381360e-01 2.426808e-01 3.092390e-01 8.590703e-04
<VARIANCE> 39
 3.819117e+00 9.378380e+00 6.813425e+00 2.560824e+00 1.920641e+01 7.817809e+00 1.956433e+01 8.742025e+00 9.698326e+00 7.575813e+00 7.109520e+00 7.392543e+00 5.000000e-02 2.319541e-01 5.649324e-01 3.673990e-01 3.519694e-01 2.036519e+00 1.059000e+00 2.425061e+00 3.652043e+00 2.550514e+00 2.120307e+00 1.220034e+00 2.113293e-01 5.000000e-02 5.000000e-02 1.328185e-01 2.047668e-01 5.969040e-02 3.787250e-01 2.716198e-01 4.239883e-01 3.639673e-01 2.863607e-01 2.195939e-01 2.340042e-01 2.152557e-01 5.000000e-02
<GCONST> 6.742747e+01
<STATE> 26
<MEAN> 39
 -2.497542e+00 -1.453386e+01 -4.175260e+00 8.177821e-01 8.366783e-01 -6.056610e+00 4.010237e+00 -4.315829e+00 -9.823719e-02 -4.978908e-01 3.830094e+00 -5.220251e-01 1.506720e-01 -6.804450e-01 1.510935e+00 1.138484e+00 -2.182095e-01 4.400174e-01 6.606402e-01 -4.249040e-01 1.947131e-02 -7.036529e-02 -6.259892e-02 1.252422e-01 5.410992e-01 -3.032288e-02 -2.108250e-01 -4.872549e-01 -3.550037e-01 -1.556956e-01 -3.105487e-01 2.910343e-01 3.232736e-01 3.166627e-01 -9.009195e-03 -3.919586e-01 -4.085439e-01 8.068261e-02 -2.497654e-03
<VARIANCE> 39
 4.157287e+00 1.323900e+01 7.843797e+00 2.588016e+00 1.162669e+01 1.261063e+01 5.877150e+00 2.043957e+01 1.992841e+01 1.393522e+01 4.955381e+00 5.267006e+00 5.000000e-02 3.412616e-01 4.466981e-01 4.743306e-01 3.267286e-01 7.159269e-01 7.075818e-01 1.019467e+00 1.381910e+00 1.527619e+00 1.729588e+00 2.331761e+00 6.062508e-01 5.000000e-02 5.581114e-02 1.100162e-01 6.578526e-02 5.613495e-02 1.722558e-01 2.407413e-01 2.426556e-01 3.308550e-01 7.226666e-01 4.324166e-01 3.480008e-01 1.281459e-01 5.000000e-02
<GCONST> 6.493595e+01
<STATE> 27
<MEAN> 39
 -5.106796e+00 -1.333311e+01 -3.611453e+00 -7.204968e-01 1.497092e+00 -2.697578e+00 3.102442e+00 -3.614886e+00 -1.667308e+00 -4.196754e+00 2.365102e+00 1.473675e+00 2.576847e-02 -7.516489e-01 -1.268960e-03 -2.352888e-01 -5.011688e-01 -4.038327e-01 4.064794e-01 -2.861978e-01 2.271826e-01 9.311476e-02 -1.731906e-01 -7.004918e-01 1.179692e-01 -3.129318e-02 2.473303e-01 -2.330032e-01 -2.846256e-01 -1.089221e-02 -8.731956e-02 -1.382955e-01 2.573979e-01 2.108159e-01 1.836187e-01 1.902634e-02 -1.585888e-01 -2.947229e-01 8.150252e-03
<VARIANCE> 39
 9.973689e-01 5.937183e+00 5.638304e+00 1.600581e+00 1.771965e+01 5.927898e+00 9.297821e+00 1.634818e+01 1.025675e+01 3.785650e+00 1.878383e+01 1.164164e+01 5.000000e-02 1.686458e-01 3.411423e-01 3.173244e-01 3.603818e-01 1.092716e+00 1.016463e+00 7.954646e-01 7.349896e-01 2.817987e+00 1.532847e+00 1.006642e+00 8.101079e-01 5.000000e-02 5.000000e-02 1.463203e-01 9.450132e-02 1.175926e-01 1.138390e-01 1.244703e-01 1.431359e-01 4.348955e-01 2.999072e-01 7.165875e-02 5.496439e-01 1.625173e-01 5.000000e-02
<GCONST> 5.849095e+01
<TRANSP> 28
 0.000000e+00 1.000000e+00 0.000000e+00 0.000000e+00 0.000000e+00 0.000000e+00 0.000000e+00 0.000000e+00 0.000000e+00 0.000000e+00 0.000000e+00 0.000000e+00 0.000000e+00 0.000000e+00 0.000000e+00 0.000000e+00 0.000000e+00 0.000000e+00 0.000000e+00 0.000000e+00 0.000000e+00 0.000000e+00 0.000000e+00 0.000000e+00 0.000000e+00 0.000000e+00 0.000000e+00 0.000000e+00
 0.000000e+00 5.085706e-01 4.914294e-01 0.000000e+00 0.000000e+00 0.000000e+00 0.000000e+00 0.000000e+00 0.000000e+00 0.000000e+00 0.000000e+00 0.000000e+00 0.000000e+00 0.000000e+00 0.000000e+00 0.000000e+00 0.000000e+00 0.000000e+00 0.000000e+00 0.000000e+00 0.000000e+00 0.000000e+00 0.000000e+00 0.000000e+00 0.000000e+00 0.000000e+00 0.000000e+00 0.000000e+00
 0.000000e+00 0.000000e+00 5.463914e-01 4.536086e-01 0.000000e+00 0.000000e+00 0.000000e+00 0.000000e+00 0.000000e+00 0.000000e+00 0.000000e+00 0.000000e+00 0.000000e+00 0.000000e+00 0.000000e+00 0.000000e+00 0.000000e+00 0.000000e+00 0.000000e+00 0.000000e+00 0.000000e+00 0.000000e+00 0.000000e+00 0.000000e+00 0.000000e+00 0.000000e+00 0.000000e+00 0.000000e+00
 0.000000e+00 0.000000e+00 0.000000e+00 5.826129e-01 4.173872e-01 0.000000e+00 0.000000e+00 0.000000e+00 0.000000e+00 0.000000e+00 0.000000e+00 0.000000e+00 0.000000e+00 0.000000e+00 0.000000e+00 0.000000e+00 0.000000e+00 0.000000e+00 0.000000e+00 0.000000e+00 0.000000e+00 0.000000e+00 0.000000e+00 0.000000e+00 0.000000e+00 0.000000e+00 0.000000e+00 0.000000e+00
 0.000000e+00 0.000000e+00 0.000000e+00 0.000000e+00 4.998991e-01 5.001009e-01 0.000000e+00 0.000000e+00 0.000000e+00 0.000000e+00 0.000000e+00 0.000000e+00 0.000000e+00 0.000000e+00 0.000000e+00 0.000000e+00 0.000000e+00 0.000000e+00 0.000000e+00 0.000000e+00 0.000000e+00 0.000000e+00 0.000000e+00 0.000000e+00 0.000000e+00 0.000000e+00 0.000000e+00 0.000000e+00
 0.000000e+00 0.000000e+00 0.000000e+00 0.000000e+00 0.000000e+00 4.446796e-01 5.553204e-01 0.000000e+00 0.000000e+00 0.000000e+00 0.000000e+00 0.000000e+00 0.000000e+00 0.000000e+00 0.000000e+00 0.000000e+00 0.000000e+00 0.000000e+00 0.000000e+00 0.000000e+00 0.000000e+00 0.000000e+00 0.000000e+00 0.000000e+00 0.000000e+00 0.000000e+00 0.000000e+00 0.000000e+00
 0.000000e+00 0.000000e+00 0.000000e+00 0.000000e+00 0.000000e+00 0.000000e+00 6.666362e-01 3.333639e-01 0.000000e+00 0.000000e+00 0.000000e+00 0.000000e+00 0.000000e+00 0.000000e+00 0.000000e+00 0.000000e+00 0.000000e+00 0.000000e+00 0.000000e+00 0.000000e+00 0.000000e+00 0.000000e+00 0.000000e+00 0.000000e+00 0.000000e+00 0.000000e+00 0.000000e+00 0.000000e+00
 0.000000e+00 0.000000e+00 0.000000e+00 0.000000e+00 0.000000e+00 0.000000e+00 0.000000e+00 6.881301e-01 3.118699e-01 0.000000e+00 0.000000e+00 0.000000e+00 0.000000e+00 0.000000e+00 0.000000e+00 0.000000e+00 0.000000e+00 0.000000e+00 0.000000e+00 0.000000e+00 0.000000e+00 0.000000e+00 0.000000e+00 0.000000e+00 0.000000e+00 0.000000e+00 0.000000e+00 0.000000e+00
 0.000000e+00 0.000000e+00 0.000000e+00 0.000000e+00 0.000000e+00 0.000000e+00 0.000000e+00 0.000000e+00 2.862383e-01 7.137617e-01 0.000000e+00 0.000000e+00 0.000000e+00 0.000000e+00 0.000000e+00 0.000000e+00 0.000000e+00 0.000000e+00 0.000000e+00 0.000000e+00 0.000000e+00 0.000000e+00 0.000000e+00 0.000000e+00 0.000000e+00 0.000000e+00 0.000000e+00 0.000000e+00
 0.000000e+00 0.000000e+00 0.000000e+00 0.000000e+00 0.000000e+00 0.000000e+00 0.000000e+00 0.000000e+00 0.000000e+00 5.821175e-01 4.178825e-01 0.000000e+00 0.000000e+00 0.000000e+00 0.000000e+00 0.000000e+00 0.000000e+00 0.000000e+00 0.000000e+00 0.000000e+00 0.000000e+00 0.000000e+00 0.000000e+00 0.000000e+00 0.000000e+00 0.000000e+00 0.000000e+00 0.000000e+00
 0.000000e+00 0.000000e+00 0.000000e+00 0.000000e+00 0.000000e+00 0.000000e+00 0.000000e+00 0.000000e+00 0.000000e+00 0.000000e+00 4.435624e-01 5.564376e-01 0.000000e+00 0.000000e+00 0.000000e+00 0.000000e+00 0.000000e+00 0.000000e+00 0.000000e+00 0.000000e+00 0.000000e+00 0.000000e+00 0.000000e+00 0.000000e+00 0.000000e+00 0.000000e+00 0.000000e+00 0.000000e+00
 0.000000e+00 0.000000e+00 0.000000e+00 0.000000e+00 0.000000e+00 0.000000e+00 0.000000e+00 0.000000e+00 0.000000e+00 0.000000e+00 0.000000e+00 6.874970e-01 3.125030e-01 0.000000e+00 0.000000e+00 0.000000e+00 0.000000e+00 0.000000e+00 0.000000e+00 0.000000e+00 0.000000e+00 0.000000e+00 0.000000e+00 0.000000e+00 0.000000e+00 0.000000e+00 0.000000e+00 0.000000e+00
 0.000000e+00 0.000000e+00 0.000000e+00 0.000000e+00 0.000000e+00 0.000000e+00 0.000000e+00 0.000000e+00 0.000000e+00 0.000000e+00 0.000000e+00 0.000000e+00 7.223731e-01 2.776270e-01 0.000000e+00 0.000000e+00 0.000000e+00 0.000000e+00 0.000000e+00 0.000000e+00 0.000000e+00 0.000000e+00 0.000000e+00 0.000000e+00 0.000000e+00 0.000000e+00 0.000000e+00 0.000000e+00
 0.000000e+00 0.000000e+00 0.000000e+00 0.000000e+00 0.000000e+00 0.000000e+00 0.000000e+00 0.000000e+00 0.000000e+00 0.000000e+00 0.000000e+00 0.000000e+00 0.000000e+00 6.428447e-01 3.571553e-01 0.000000e+00 0.000000e+00 0.000000e+00 0.000000e+00 0.000000e+00 0.000000e+00 0.000000e+00 0.000000e+00 0.000000e+00 0.000000e+00 0.000000e+00 0.000000e+00 0.000000e+00
 0.000000e+00 0.000000e+00 0.000000e+00 0.000000e+00 0.000000e+00 0.000000e+00 0.000000e+00 0.000000e+00 0.000000e+00 0.000000e+00 0.000000e+00 0.000000e+00 0.000000e+00 0.000000e+00 5.454632e-01 4.545368e-01 0.000000e+00 0.000000e+00 0.000000e+00 0.000000e+00 0.000000e+00 0.000000e+00 0.000000e+00 0.000000e+00 0.000000e+00 0.000000e+00 0.000000e+00 0.000000e+00
 0.000000e+00 0.000000e+00 0.000000e+00 0.000000e+00 0.000000e+00 0.000000e+00 0.000000e+00 0.000000e+00 0.000000e+00 0.000000e+00 0.000000e+00 0.000000e+00 0.000000e+00 0.000000e+00 0.000000e+00 5.454534e-01 4.545467e-01 0.000000e+00 0.000000e+00 0.000000e+00 0.000000e+00 0.000000e+00 0.000000e+00 0.000000e+00 0.000000e+00 0.000000e+00 0.000000e+00 0.000000e+00
 0.000000e+00 0.000000e+00 0.000000e+00 0.000000e+00 0.000000e+00 0.000000e+00 0.000000e+00 0.000000e+00 0.000000e+00 0.000000e+00 0.000000e+00 0.000000e+00 0.000000e+00 0.000000e+00 0.000000e+00 0.000000e+00 5.827353e-01 4.172647e-01 0.000000e+00 0.000000e+00 0.000000e+00 0.000000e+00 0.000000e+00 0.000000e+00 0.000000e+00 0.000000e+00 0.000000e+00 0.000000e+00
 0.000000e+00 0.000000e+00 0.000000e+00 0.000000e+00 0.000000e+00 0.000000e+00 0.000000e+00 0.000000e+00 0.000000e+00 0.000000e+00 0.000000e+00 0.000000e+00 0.000000e+00 0.000000e+00 0.000000e+00 0.000000e+00 0.000000e+00 3.763042e-01 6.236957e-01 0.000000e+00 0.000000e+00 0.000000e+00 0.000000e+00 0.000000e+00 0.000000e+00 0.000000e+00 0.000000e+00 0.000000e+00
 0.000000e+00 0.000000e+00 0.000000e+00 0.000000e+00 0.000000e+00 0.000000e+00 0.000000e+00 0.000000e+00 0.000000e+00 0.000000e+00 0.000000e+00 0.000000e+00 0.000000e+00 0.000000e+00 0.000000e+00 0.000000e+00 0.000000e+00 0.000000e+00 5.454715e-01 4.545285e-01 0.000000e+00 0.000000e+00 0.000000e+00 0.000000e+00 0.000000e+00 0.000000e+00 0.000000e+00 0.000000e+00
 0.000000e+00 0.000000e+00 0.000000e+00 0.000000e+00 0.000000e+00 0.000000e+00 0.000000e+00 0.000000e+00 0.000000e+00 0.000000e+00 0.000000e+00 0.000000e+00 0.000000e+00 0.000000e+00 0.000000e+00 0.000000e+00 0.000000e+00 0.000000e+00 0.000000e+00 4.999369e-01 5.000631e-01 0.000000e+00 0.000000e+00 0.000000e+00 0.000000e+00 0.000000e+00 0.000000e+00 0.000000e+00
 0.000000e+00 0.000000e+00 0.000000e+00 0.000000e+00 0.000000e+00 0.000000e+00 0.000000e+00 0.000000e+00 0.000000e+00 0.000000e+00 0.000000e+00 0.000000e+00 0.000000e+00 0.000000e+00 0.000000e+00 0.000000e+00 0.000000e+00 0.000000e+00 0.000000e+00 0.000000e+00 4.447396e-01 5.552604e-01 0.000000e+00 0.000000e+00 0.000000e+00 0.000000e+00 0.000000e+00 0.000000e+00
 0.000000e+00 0.000000e+00 0.000000e+00 0.000000e+00 0.000000e+00 0.000000e+00 0.000000e+00 0.000000e+00 0.000000e+00 0.000000e+00 0.000000e+00 0.000000e+00 0.000000e+00 0.000000e+00 0.000000e+00 0.000000e+00 0.000000e+00 0.000000e+00 0.000000e+00 0.000000e+00 0.000000e+00 4.996171e-01 5.003830e-01 0.000000e+00 0.000000e+00 0.000000e+00 0.000000e+00 0.000000e+00
 0.000000e+00 0.000000e+00 0.000000e+00 0.000000e+00 0.000000e+00 0.000000e+00 0.000000e+00 0.000000e+00 0.000000e+00 0.000000e+00 0.000000e+00 0.000000e+00 0.000000e+00 0.000000e+00 0.000000e+00 0.000000e+00 0.000000e+00 0.000000e+00 0.000000e+00 0.000000e+00 0.000000e+00 0.000000e+00 5.436002e-01 4.563998e-01 0.000000e+00 0.000000e+00 0.000000e+00 0.000000e+00
 0.000000e+00 0.000000e+00 0.000000e+00 0.000000e+00 0.000000e+00 0.000000e+00 0.000000e+00 0.000000e+00 0.000000e+00 0.000000e+00 0.000000e+00 0.000000e+00 0.000000e+00 0.000000e+00 0.000000e+00 0.000000e+00 0.000000e+00 0.000000e+00 0.000000e+00 0.000000e+00 0.000000e+00 0.000000e+00 0.000000e+00 6.173036e-01 3.826964e-01 0.000000e+00 0.000000e+00 0.000000e+00
 0.000000e+00 0.000000e+00 0.000000e+00 0.000000e+00 0.000000e+00 0.000000e+00 0.000000e+00 0.000000e+00 0.000000e+00 0.000000e+00 0.000000e+00 0.000000e+00 0.000000e+00 0.000000e+00 0.000000e+00 0.000000e+00 0.000000e+00 0.000000e+00 0.000000e+00 0.000000e+00 0.000000e+00 0.000000e+00 0.000000e+00 0.000000e+00 5.825800e-01 4.174201e-01 0.000000e+00 0.000000e+00
 0.000000e+00 0.000000e+00 0.000000e+00 0.000000e+00 0.000000e+00 0.000000e+00 0.000000e+00 0.000000e+00 0.000000e+00 0.000000e+00 0.000000e+00 0.000000e+00 0.000000e+00 0.000000e+00 0.000000e+00 0.000000e+00 0.000000e+00 0.000000e+00 0.000000e+00 0.000000e+00 0.000000e+00 0.000000e+00 0.000000e+00 0.000000e+00 0.000000e+00 5.835168e-01 4.164831e-01 0.000000e+00
 0.000000e+00 0.000000e+00 0.000000e+00 0.000000e+00 0.000000e+00 0.000000e+00 0.000000e+00 0.000000e+00 0.000000e+00 0.000000e+00 0.000000e+00 0.000000e+00 0.000000e+00 0.000000e+00 0.000000e+00 0.000000e+00 0.000000e+00 0.000000e+00 0.000000e+00 0.000000e+00 0.000000e+00 0.000000e+00 0.000000e+00 0.000000e+00 0.000000e+00 0.000000e+00 4.600894e-01 5.399106e-01
 0.000000e+00 0.000000e+00 0.000000e+00 0.000000e+00 0.000000e+00 0.000000e+00 0.000000e+00 0.000000e+00 0.000000e+00 0.000000e+00 0.000000e+00 0.000000e+00 0.000000e+00 0.000000e+00 0.000000e+00 0.000000e+00 0.000000e+00 0.000000e+00 0.000000e+00 0.000000e+00 0.000000e+00 0.000000e+00 0.000000e+00 0.000000e+00 0.000000e+00 0.000000e+00 0.000000e+00 0.000000e+00
<ENDHMM>
