~o
<STREAMINFO> 1 39
<VECSIZE> 39<NULLD><MFCC_E_D_A><DIAGC>
~h "Lawp"
<BEGINHMM>
<NUMSTATES> 25
<STATE> 2
<MEAN> 39
 -7.446971e+00 -9.893799e+00 -2.514956e+00 -1.633199e+00 1.979247e-01 -4.450743e+00 1.033444e+00 -1.302704e+00 2.496809e+00 -1.665395e+00 1.975691e+00 -2.210858e-01 -1.013067e-01 9.444209e-01 -5.858028e-02 -1.112017e+00 -6.739882e-01 -1.377712e+00 -1.325824e+00 -7.071087e-01 7.181282e-01 5.553924e-01 -8.702236e-01 -2.905355e-01 -3.344001e-01 5.166557e-02 9.016740e-01 -1.340657e-01 -7.393935e-01 -2.267428e-01 -6.964285e-01 -9.059814e-01 -1.675898e-01 1.332355e-01 9.899990e-02 -6.799986e-01 -2.634160e-01 -2.646347e-01 4.678382e-02
<VARIANCE> 39
 1.191223e+00 2.165213e+00 5.091069e+00 7.272880e+00 7.701982e+00 4.589433e+00 7.130882e+00 7.981722e+00 8.866832e+00 4.857641e+00 1.109648e+01 9.079720e+00 5.000000e-02 1.829369e+00 3.108783e-01 1.326718e+00 8.933066e-01 1.217431e+00 1.513472e+00 1.256199e+00 1.350250e+00 1.148975e+00 2.313031e+00 9.430264e-01 1.370158e+00 5.000000e-02 2.169038e-01 1.035784e-01 1.912187e-01 1.128779e-01 2.707618e-01 1.372395e-01 3.290616e-01 2.985314e-01 3.136953e-01 9.144750e-02 2.863677e-01 2.750181e-01 5.000000e-02
<GCONST> 6.587307e+01
<STATE> 3
<MEAN> 39
 5.994052e-01 -1.012120e+01 -8.349970e+00 -5.183927e+00 -6.226998e+00 -1.206208e+01 -5.837357e-01 2.386762e+00 4.611130e+00 -6.689049e+00 -5.424044e-01 -2.271925e+00 2.622994e-01 3.548733e+00 -8.698635e-01 -3.559174e+00 -5.182536e-01 -2.807847e+00 -4.425846e+00 -1.068969e+00 5.138171e-01 9.179051e-01 -1.909336e+00 -3.354645e-01 -2.805378e-01 1.813852e-01 -3.114875e-01 -1.527189e-01 -3.154686e-01 3.813101e-01 -6.622022e-02 -1.583805e-01 1.464505e-01 -8.662242e-01 1.241361e-01 2.441501e-01 4.047685e-01 2.208405e-01 6.675558e-03
<VARIANCE> 39
 2.821265e+01 8.316689e+00 2.086027e+01 8.015321e+00 5.544616e+00 2.501000e+01 5.791906e+00 1.213494e+01 9.673803e+00 5.168221e+00 1.373616e+01 5.196003e+00 5.000000e-02 1.263364e+00 9.138105e-01 8.964289e-01 7.358005e-01 1.464694e+00 5.907089e-01 1.035428e+00 2.235372e+00 1.362196e+00 1.608220e+00 2.089997e+00 2.590091e+00 5.000000e-02 5.705379e-01 5.220487e-02 2.056044e-01 3.442518e-01 1.512488e-01 4.204569e-01 3.416657e-01 3.724902e-01 1.693256e-01 1.681729e-01 2.807123e-01 4.498325e-01 5.000000e-02
<GCONST> 7.692014e+01
<STATE> 4
<MEAN> 39
 3.770849e+00 -1.173162e+01 -1.609929e+01 -3.578374e+00 -1.155706e+01 -2.239090e+01 -2.737365e+00 -2.810814e+00 7.377140e+00 -1.111992e+01 1.822010e+00 -3.524172e+00 6.001886e-01 2.241071e-01 -8.307404e-01 -2.356859e+00 1.712872e-01 -1.638671e+00 -1.261864e+00 3.808483e-01 -2.288625e+00 1.118323e+00 -5.280849e-01 1.057093e-01 4.908581e-01 1.151356e-01 -1.285414e+00 -3.364590e-01 3.438009e-01 1.596661e-01 1.140600e+00 2.130207e+00 1.179431e+00 5.932390e-02 -3.423294e-01 6.015090e-01 -5.239306e-01 8.288838e-01 -2.885148e-02
<VARIANCE> 39
 2.070181e+01 1.300964e+01 8.231935e+00 4.427421e+00 3.026867e+00 9.488875e+00 1.182288e+01 5.173930e+01 1.461907e+01 1.637867e+01 2.405309e+01 3.834274e+01 5.000000e-02 1.757071e+00 1.158297e+00 1.050604e+00 1.928867e+00 1.432925e+00 7.659395e+00 2.798580e+00 2.280832e+00 1.859620e+00 1.899750e+00 3.539360e+00 3.186507e+00 5.000000e-02 3.262352e-01 4.616318e-01 2.639064e-01 2.054843e-01 1.999760e-01 4.907709e-01 3.306488e-01 7.243184e-01 6.769072e-01 3.193809e-01 6.919649e-01 1.157891e+00 5.000000e-02
<GCONST> 9.300053e+01
<STATE> 5
<MEAN> 39
 2.618852e+00 -1.475623e+01 -1.966251e+01 -3.763061e+00 -1.315145e+01 -1.892513e+01 -4.435564e-01 -4.354267e+00 9.335980e+00 -8.525261e+00 -2.676237e-01 4.732006e-01 7.565068e-01 -2.311370e+00 -1.809801e+00 -2.670919e+00 6.979517e-01 1.735151e+00 3.446820e+00 3.979637e+00 1.957813e-01 -5.965578e-01 -1.532143e-01 -2.148168e+00 2.187811e+00 6.609391e-02 -5.988284e-01 -3.139905e-01 1.750457e-01 1.707307e-01 1.378492e+00 1.053881e+00 6.348815e-01 3.859617e-01 -1.002043e+00 -7.377078e-02 -6.746632e-01 2.138299e-01 -9.972459e-03
<VARIANCE> 39
 1.959380e+01 1.161562e+01 1.922173e+01 7.765440e+00 1.336093e+01 4.888018e+01 2.122449e+01 2.525164e+01 3.225421e+01 2.764487e+01 3.358275e+01 2.662072e+01 5.000000e-02 6.614575e-01 2.699393e+00 2.461542e+00 2.947644e-01 2.454420e+00 6.549773e+00 2.209445e+00 1.334986e+00 4.645746e+00 1.221863e+00 2.723181e+00 6.867137e+00 5.000000e-02 2.149522e-01 2.020057e-01 4.158120e-01 3.334920e-01 2.192472e-01 5.858780e-01 6.306189e-01 2.420631e-01 5.051028e-01 5.372241e-01 1.296047e+00 5.017747e-01 5.000000e-02
<GCONST> 9.748173e+01
<STATE> 6
<MEAN> 39
 -3.337207e+00 -1.874248e+01 -2.601050e+01 -1.470222e+00 -5.424483e+00 -8.699980e+00 1.197533e+01 -2.086146e+00 4.060024e+00 -1.018138e+01 -7.225029e+00 7.279432e+00 8.860636e-01 -2.333697e+00 -2.277839e+00 -1.440802e+00 8.947401e-01 3.588390e+00 3.525430e+00 2.650756e+00 -6.020269e-01 -2.700669e+00 -8.359469e-02 -2.591928e+00 1.798102e+00 5.808436e-02 4.900076e-01 1.722571e-01 8.372489e-01 1.555902e-01 2.728337e-01 -5.557036e-01 -1.522110e+00 -4.655873e-01 5.454813e-02 3.995066e-01 6.748711e-01 -8.862234e-01 -1.234174e-02
<VARIANCE> 39
 8.460503e+00 4.698344e+00 1.737169e+01 3.403289e+00 2.584218e+01 7.614711e+01 2.592755e+01 1.924607e+01 6.277983e+01 1.004661e+01 1.443658e+01 2.425999e+01 5.000000e-02 3.383881e-01 6.760610e-01 3.098602e+00 5.080084e-01 8.161366e-01 1.611807e+00 3.115162e+00 9.277756e-01 1.772565e+00 3.338155e+00 5.065236e+00 3.610055e+00 5.000000e-02 9.585978e-02 2.404546e-01 2.931051e-01 5.000000e-02 3.648958e-01 8.461464e-01 2.308185e-01 1.348897e-01 1.030889e+00 2.873649e-01 4.150927e-01 1.176342e+00 5.000000e-02
<GCONST> 8.698197e+01
<STATE> 7
<MEAN> 39
 -5.986239e+00 -2.218912e+01 -2.607401e+01 7.614387e-01 7.819064e-01 -7.157868e+00 9.932589e+00 -7.615839e+00 9.177234e-01 -9.052032e+00 -8.282826e+00 5.439613e+00 9.561429e-01 -5.348343e-01 -9.101214e-01 3.530750e-01 1.013244e+00 2.570623e+00 1.541529e+00 -1.368374e+00 -1.626134e+00 1.212028e-01 1.276947e+00 2.255015e-01 -6.160768e-01 2.145265e-02 5.942677e-01 4.972461e-01 4.710044e-01 -3.153183e-01 -6.399069e-01 -3.574348e-01 -8.917059e-01 8.430285e-02 7.579499e-01 3.557110e-01 6.142448e-01 -5.832584e-01 -1.103970e-02
<VARIANCE> 39
 1.204723e+01 5.662416e+00 2.252840e+01 1.176103e+01 1.171691e+01 4.520378e+01 3.650321e+01 1.764040e+01 1.972087e+01 1.005260e+01 2.256730e+01 8.661589e+00 5.000000e-02 1.886276e-01 3.046282e-01 4.200565e-01 4.618346e-01 1.059107e+00 7.409213e-01 7.258850e-01 4.424055e-01 2.136673e+00 1.045431e+00 6.352902e-01 1.934483e+00 5.000000e-02 5.497302e-02 1.053145e-01 3.011661e-01 8.846798e-02 2.271104e-01 1.768438e-01 4.187375e-01 3.127090e-01 3.880901e-01 2.852417e-01 5.522479e-01 3.344319e-01 5.000000e-02
<GCONST> 7.301717e+01
<STATE> 8
<MEAN> 39
 -5.671030e+00 -2.354995e+01 -2.339312e+01 6.937677e-01 5.530925e+00 -1.622067e+00 6.315455e+00 -1.101335e+01 4.263203e+00 -5.842893e+00 -6.167387e+00 2.845216e+00 9.836569e-01 3.448607e-01 -2.183767e-01 5.287244e-01 -3.757261e-01 1.205832e+00 1.740435e+00 -8.790389e-01 -3.401037e-03 4.360511e-02 1.682727e+00 -5.132198e-03 -6.098020e-01 1.051916e-02 1.126156e-01 6.898754e-02 -4.793954e-02 -5.987383e-01 -4.443464e-01 -4.247888e-01 3.205799e-01 5.861989e-01 -1.506558e-01 2.632644e-02 -2.491370e-01 -4.026846e-02 -6.595940e-03
<VARIANCE> 39
 9.245440e+00 3.160539e+00 1.957503e+01 1.350954e+01 4.362876e+00 2.148689e+01 1.001876e+01 2.242257e+01 8.245709e+00 7.497921e+00 7.892363e+00 1.010659e+01 5.000000e-02 1.174576e-01 4.904412e-01 6.745226e-01 4.142291e-01 9.134981e-01 6.868025e-01 6.249145e-01 1.045502e+00 1.042739e+00 3.138208e-01 1.033076e+00 1.362315e+00 5.000000e-02 7.519905e-02 5.000000e-02 1.546069e-01 1.180411e-01 1.223904e-01 1.870829e-01 5.476952e-02 7.053512e-02 1.978753e-01 1.720499e-01 5.000000e-02 2.673417e-01 5.000000e-02
<GCONST> 5.768963e+01
<STATE> 9
<MEAN> 39
 -5.757732e+00 -2.353331e+01 -2.229227e+01 -1.664571e+00 6.372010e+00 1.168970e+00 4.825531e+00 -7.167066e+00 2.869585e+00 -1.506526e+00 -7.569193e+00 3.251428e+00 9.897200e-01 2.486426e-01 -5.016805e-01 3.297697e-01 -1.939757e+00 -1.979216e-02 -2.334700e-01 -1.155779e-01 8.499241e-01 2.496058e-01 8.866588e-01 -5.723135e-01 -1.443634e+00 -1.174931e-02 3.789673e-01 2.285071e-02 2.805092e-01 -2.184373e-01 -6.735719e-01 -4.333034e-01 -2.427919e-02 -5.386793e-02 3.358929e-01 -5.157698e-01 1.771554e-02 -5.815086e-01 -1.545779e-02
<VARIANCE> 39
 7.406639e+00 6.335641e+00 2.024693e+01 1.230793e+01 2.689458e+01 2.062837e+01 1.685452e+01 2.210436e+01 1.847941e+01 1.732702e+00 1.005401e+01 1.395861e+01 5.000000e-02 3.314868e-01 3.718048e-01 9.140986e-01 1.173683e+00 1.048918e+00 1.245092e+00 1.244503e+00 2.011950e-01 2.984122e-01 1.025862e+00 6.992301e-01 1.184259e+00 5.000000e-02 6.631904e-02 7.460377e-02 1.822622e-01 2.124133e-01 1.122792e-01 1.901380e-01 1.429730e-01 1.615841e-01 1.102936e-01 1.979567e-01 5.501018e-02 2.393733e-01 5.000000e-02
<GCONST> 6.386354e+01
<STATE> 10
<MEAN> 39
 -3.345665e+00 -2.539588e+01 -2.157729e+01 -7.055339e+00 2.846161e+00 5.310795e-01 2.410978e+00 -4.609407e+00 4.103715e+00 3.682630e-01 -1.005915e+01 -3.799858e+00 9.357067e-01 1.925665e+00 -1.174539e-01 1.880996e+00 -9.841563e-01 -1.625635e+00 -9.418798e-01 -7.678806e-01 -2.203772e-01 8.832524e-01 -3.020442e-01 3.290504e-01 -2.113508e+00 -7.057815e-02 3.023261e-01 -6.569828e-02 4.089973e-01 1.013190e+00 -2.884457e-01 -1.195432e-01 -8.946107e-02 -1.823920e-01 -1.008577e-01 -4.889633e-01 4.982502e-01 1.006427e+00 -2.535677e-02
<VARIANCE> 39
 6.626317e+00 8.898321e+00 1.164740e+01 2.490058e+01 4.337747e+01 4.309270e+01 3.622380e+01 3.174456e+01 1.145151e+01 1.040296e+01 2.123844e+01 2.205322e+01 5.000000e-02 2.241558e-01 5.723484e-01 1.201947e+00 2.302787e+00 1.418220e+00 2.955927e+00 8.760968e-01 2.144174e+00 1.578524e+00 2.618966e+00 1.481658e+00 2.655771e+00 5.000000e-02 1.015111e-01 1.553647e-01 1.152208e-01 4.875777e-01 4.296240e-01 6.349901e-01 2.802578e-01 2.608221e-01 1.187699e-01 4.332738e-01 4.119988e-01 4.343730e-01 5.000000e-02
<GCONST> 8.613331e+01
<STATE> 11
<MEAN> 39
 2.705944e+00 -2.529800e+01 -1.399199e+01 -4.664971e+00 -8.226576e-01 -3.175619e+00 2.687335e+00 -7.559206e+00 6.169047e+00 -4.064192e+00 -6.152154e+00 -3.860646e+00 6.317452e-01 1.487799e+00 -9.978009e-01 1.414481e+00 2.057604e+00 -1.394739e+00 4.430752e-01 -9.092677e-01 1.156235e+00 -5.530032e-01 -6.066304e-01 9.042965e-01 2.037007e+00 -1.014591e-01 -5.260868e-01 -4.017004e-03 -8.120732e-01 2.924672e-01 7.976278e-01 2.205561e-01 3.205190e-01 3.556052e-01 -3.519519e-01 3.226708e-01 1.033408e-01 6.309808e-01 1.375107e-02
<VARIANCE> 39
 7.074007e+00 8.841823e+00 1.438266e+01 1.463657e+01 2.287128e+01 1.505077e+01 1.370404e+01 1.525238e+01 2.987372e+01 3.364865e+01 1.754004e+01 3.522329e+01 5.000000e-02 4.617773e-01 5.970547e-01 1.399981e+00 1.537791e+00 1.996523e+00 2.944724e+00 7.468501e-01 1.884222e+00 1.928195e+00 1.037504e+00 2.597773e+00 1.009490e+00 5.000000e-02 5.513455e-02 1.524721e-01 2.808473e-01 5.575731e-01 2.910004e-01 4.588242e-01 1.139339e-01 5.389693e-01 3.361193e-01 6.783730e-01 4.427475e-01 8.736993e-01 5.000000e-02
<GCONST> 8.608255e+01
<STATE> 12
<MEAN> 39
 3.960973e+00 -2.806589e+01 -1.717096e+01 7.033507e-01 1.720227e+00 -2.919575e+00 1.448736e+00 -2.877773e+00 2.869869e+00 -2.530379e+00 -2.996470e+00 8.979732e-01 5.114912e-01 -3.245600e-02 -2.007550e-01 -7.968824e-01 5.233750e-01 7.186775e-01 -4.755851e-01 4.475033e-02 6.170436e-01 1.231300e-01 4.742115e-01 1.532773e+00 1.391123e+00 -4.354297e-02 -4.240783e-01 4.628974e-01 -2.427866e-01 -8.928284e-01 2.319789e-01 2.245704e-01 2.668156e-01 -4.325847e-01 1.509266e-01 1.824052e-02 -5.755995e-01 -6.076369e-01 2.263163e-02
<VARIANCE> 39
 5.930048e-01 3.287841e+00 1.196389e+01 5.828419e+00 1.239196e+00 4.415816e+00 1.084147e+01 3.302748e+01 3.924865e+00 5.066245e+00 1.466892e+01 4.338204e+00 5.000000e-02 1.672132e-01 8.464398e-01 1.476373e+00 1.734221e+00 1.593038e+00 9.663523e-01 5.183392e-01 3.827517e+00 4.354751e-01 3.984409e+00 2.570893e+00 1.786180e+00 5.000000e-02 5.364100e-02 6.080311e-02 2.607299e-01 1.438571e-01 7.440688e-02 4.924446e-01 1.290610e-01 6.496812e-01 1.879684e-01 3.042780e-01 3.973043e-01 1.465891e-01 5.000000e-02
<GCONST> 6.400413e+01
<STATE> 13
<MEAN> 39
 2.100759e+00 -2.733049e+01 -1.533078e+01 -1.570227e+00 9.399321e-01 -2.287803e+00 1.982703e+00 -3.841931e+00 4.263368e+00 -4.444517e+00 -3.928017e+00 2.568590e+00 4.496928e-01 -2.859159e-01 2.963628e-01 -4.900346e-01 -1.822679e-01 6.881005e-01 3.948255e-01 4.740525e-01 4.978460e-01 -2.674780e-01 -4.152018e-01 -1.459918e-01 1.062186e-01 -1.695347e-02 -2.193861e-02 1.923107e-01 -1.186631e-02 -1.677684e-01 3.118039e-02 9.565581e-02 8.280189e-02 6.009986e-02 -5.442383e-02 2.449979e-02 -1.080763e-01 -3.767497e-01 6.277994e-03
<VARIANCE> 39
 1.815564e+00 2.289468e+00 1.665805e+01 5.498587e+00 2.112980e+01 3.431479e+00 4.224041e+00 2.332343e+01 1.413767e+01 1.171119e+01 1.308609e+01 7.989820e+00 5.000000e-02 8.381515e-02 3.817635e-01 9.757801e-01 1.091541e+00 1.247233e+00 6.255758e-01 4.204388e-01 1.458308e+00 1.369142e+00 1.203425e+00 6.887022e-01 4.780082e-01 5.000000e-02 5.000000e-02 1.073651e-01 1.236183e-01 1.984264e-01 3.844920e-01 2.718086e-01 5.000000e-02 6.452850e-01 2.134496e-01 3.361693e-01 2.818066e-01 3.111058e-01 5.000000e-02
<GCONST> 6.284097e+01
<STATE> 14
<MEAN> 39
 2.574384e+00 -2.537470e+01 -1.787196e+01 -3.212266e+00 2.213201e+00 -7.801463e-01 3.726716e+00 -9.543772e-01 2.947657e+00 -3.353206e+00 -4.363943e+00 8.549364e-01 4.356210e-01 -2.201275e-02 5.815678e-01 1.694732e-01 1.324180e-01 4.449139e-01 -2.459230e-01 6.622968e-01 6.037601e-01 -3.262634e-01 -1.814575e-01 7.027176e-02 -4.042420e-01 -1.450112e-02 1.535052e-02 -3.843452e-03 3.247232e-01 5.652988e-01 1.526753e-01 -2.684164e-01 -1.368204e-01 1.477586e-02 -4.383175e-02 -7.793867e-02 3.177767e-02 -8.725296e-02 -5.023229e-04
<VARIANCE> 39
 1.396986e+00 1.714873e+00 1.209359e+01 2.962776e+00 7.475769e+00 5.108446e+00 5.860006e+00 2.202502e+01 6.931231e+00 5.591794e+00 7.392478e+00 8.883849e+00 5.000000e-02 2.100470e-01 8.038776e-01 6.470145e-01 8.659681e-01 1.127478e+00 4.957424e-01 3.516057e-01 2.334451e+00 6.145900e-01 4.746676e-01 7.192637e-01 1.687250e+00 5.000000e-02 5.000000e-02 1.153964e-01 9.617948e-02 6.810246e-02 1.798734e-01 6.704336e-02 1.499923e-01 2.906452e-01 1.223284e-01 1.673469e-01 5.000000e-02 1.218315e-01 5.000000e-02
<GCONST> 5.258810e+01
<STATE> 15
<MEAN> 39
 2.502363e+00 -2.386139e+01 -1.531392e+01 7.462187e-01 4.272438e+00 -2.777350e+00 4.637696e+00 -1.686095e-01 2.484007e+00 -3.841214e+00 -4.039885e+00 -3.589543e-01 3.911102e-01 2.509441e-02 8.453678e-01 1.249262e+00 1.339177e+00 8.592523e-01 -2.747334e-01 -8.606707e-01 -7.252337e-01 -8.790099e-01 -6.669378e-01 6.051277e-02 -4.106956e-01 -1.790795e-02 -1.949355e-02 3.752171e-02 6.905681e-02 -1.848460e-01 -1.468146e-01 8.226818e-02 -4.391872e-01 -3.964384e-01 -1.440461e-01 -1.392140e-01 2.659161e-01 2.214304e-01 -4.183086e-05
<VARIANCE> 39
 3.810323e+00 8.354135e+00 2.398706e+01 8.113889e+00 1.497471e+01 9.938399e+00 5.518166e+00 7.434148e+00 2.315464e+00 4.668849e+00 7.809977e+00 1.125997e+01 5.000000e-02 2.206568e-01 4.501310e-01 7.074677e-01 4.645433e-01 4.873783e-01 8.533596e-01 1.076503e+00 1.211933e+00 9.176628e-01 1.555699e+00 3.179253e-01 3.638172e-01 5.000000e-02 6.066357e-02 2.367814e-01 4.352176e-01 1.191036e-01 2.320081e-01 2.452715e-01 1.065250e-01 7.901184e-02 6.249336e-02 1.645647e-01 1.984720e-01 3.591812e-01 5.000000e-02
<GCONST> 5.909632e+01
<STATE> 16
<MEAN> 39
 2.711854e+00 -2.219893e+01 -1.338184e+01 2.131612e+00 5.294161e+00 -3.123161e+00 1.198961e+00 -3.569292e+00 -9.792051e-01 -6.845282e+00 -3.144717e+00 -1.105777e+00 3.736166e-01 -1.652728e-01 8.927569e-01 8.260798e-01 4.250450e-01 5.273649e-01 -1.988359e-02 -4.756020e-01 1.369321e-03 -2.059494e-01 -4.014469e-01 8.495916e-01 1.231593e-01 -1.916754e-02 -1.730207e-01 -8.671619e-02 -2.263914e-01 -5.218748e-01 -2.533477e-01 4.612636e-02 4.030041e-01 4.523715e-01 3.712896e-01 3.304150e-01 4.648925e-02 1.967584e-01 -3.027517e-03
<VARIANCE> 39
 3.051116e+00 2.700056e+00 1.049813e+01 1.403885e+00 3.744854e+00 5.618913e+00 9.952653e+00 1.342971e+01 1.953244e+01 1.222707e+01 9.045806e+00 5.383559e+00 5.000000e-02 3.378867e-01 9.169317e-01 2.751400e+00 4.921961e-01 1.427485e+00 1.484623e+00 8.813170e-01 2.134990e-01 3.162858e-01 7.012759e-01 8.756489e-01 1.122740e+00 5.000000e-02 5.000000e-02 7.804228e-02 1.425139e-01 5.000000e-02 1.086744e-01 1.910434e-01 4.523835e-01 1.394832e-01 2.598868e-01 3.152906e-01 1.307573e-01 1.142699e-01 5.000000e-02
<GCONST> 5.764816e+01
<STATE> 17
<MEAN> 39
 2.785598e+00 -1.998377e+01 -1.127618e+01 1.621055e+00 5.653061e+00 -3.130956e+00 1.296737e+00 -1.698203e+00 1.496369e+00 -4.064200e+00 -2.499155e-01 -1.108846e+00 3.702926e-01 -3.141188e-01 4.352103e-01 5.227113e-01 -2.798036e-01 5.844931e-02 -9.370029e-02 1.952032e-01 8.505693e-01 5.562030e-01 1.787664e-01 -2.820489e-02 -3.220789e-01 -2.235293e-02 -8.457452e-02 -1.939036e-01 -2.206244e-01 -1.354390e-01 -8.683151e-02 -7.263124e-02 7.289682e-02 2.156066e-02 -1.569515e-02 -1.814784e-01 -4.669774e-01 -7.449624e-02 -1.447834e-04
<VARIANCE> 39
 4.893672e+00 3.715192e+00 1.005842e+01 1.135097e+01 7.587829e+00 4.164387e+00 1.326748e+01 6.635069e+00 4.066563e+00 3.301475e+00 5.547030e+00 7.116734e+00 5.000000e-02 3.738478e-01 4.922822e-01 2.126623e+00 1.286690e+00 1.504997e-01 7.999674e-01 2.326858e+00 9.674074e-01 8.271729e-01 1.449274e+00 1.449440e+00 5.305558e-01 5.000000e-02 1.166460e-01 1.984283e-01 8.707149e-01 3.313015e-01 1.747483e-01 1.424552e-01 2.285253e-01 1.746311e-01 5.000000e-02 2.015764e-01 1.592796e-01 1.030056e-01 5.000000e-02
<GCONST> 6.182804e+01
<STATE> 18
<MEAN> 39
 5.721528e-02 -2.053513e+01 -1.215347e+01 7.017133e-01 6.207654e+00 -3.081798e+00 3.031225e+00 1.094309e+00 1.182349e+00 -7.082452e+00 -3.328722e+00 -9.754249e-01 2.552591e-01 -6.034073e-01 -2.056226e-01 -7.989627e-01 -1.007167e+00 -2.028793e-01 -4.742530e-01 9.250603e-02 -1.546455e-01 -2.535389e-01 -3.941085e-01 -3.354212e-01 1.883808e-01 -1.573058e-02 2.374948e-01 -3.081437e-03 -1.687014e-01 -7.937209e-02 8.992373e-02 1.708393e-01 -2.676015e-01 -6.563347e-01 -3.149323e-01 2.170811e-01 3.301019e-01 -9.569379e-03 9.849645e-03
<VARIANCE> 39
 1.870262e+00 8.005659e+00 1.563346e+01 6.403779e+00 5.002778e+00 8.865301e+00 1.359783e+01 1.115774e+01 3.989941e+00 6.801729e+00 1.021477e+01 1.434916e+01 5.000000e-02 2.489929e-01 5.114965e-01 1.833844e+00 7.888387e-01 1.122217e+00 5.157288e-01 1.557228e+00 1.195710e+00 4.855558e-01 5.690648e-01 1.116089e+00 7.181383e-01 5.000000e-02 5.000000e-02 1.282806e-01 3.632902e-01 1.739139e-01 1.040163e-01 3.233832e-01 7.486366e-01 1.763383e-01 5.000000e-02 5.000000e-02 1.234356e-01 1.964296e-01 5.000000e-02
<GCONST> 6.104202e+01
<STATE> 19
<MEAN> 39
 9.564381e-01 -1.979217e+01 -1.223761e+01 -1.725127e+00 4.818452e+00 -4.913758e+00 3.683314e-01 -2.527447e+00 2.104173e-01 -5.273433e+00 -1.094641e+00 -5.521100e-02 2.657208e-01 4.097706e-01 6.660603e-01 3.975181e-01 -9.428801e-02 7.412781e-01 4.553505e-01 -9.530162e-01 -1.470090e+00 -1.034675e+00 2.809067e-01 4.651330e-01 -2.952755e-01 9.253690e-03 4.003057e-02 9.725023e-02 9.978522e-02 3.804421e-01 3.130384e-01 3.461618e-01 2.221926e-01 -3.922801e-02 -1.934441e-01 -1.066633e-01 1.168451e-01 3.434209e-02 8.594086e-04
<VARIANCE> 39
 3.250701e+00 7.103940e+00 1.418136e+01 5.525136e+00 4.486943e+00 1.538546e+00 6.829735e+00 4.354190e+00 9.433769e+00 9.819619e+00 1.741093e+01 1.141584e+01 5.000000e-02 1.316582e-01 4.619619e-01 1.632544e+00 9.793641e-01 6.217018e-01 1.030919e+00 2.377418e+00 1.443614e+00 3.130428e-01 6.085711e-01 6.258000e-01 8.046259e-01 5.000000e-02 9.386741e-02 1.604938e-01 3.916729e-01 1.531635e-01 1.249077e-01 5.000000e-02 4.112821e-01 2.293132e-01 1.888702e-01 2.228909e-01 2.529212e-01 1.976900e-01 5.000000e-02
<GCONST> 6.084011e+01
<STATE> 20
<MEAN> 39
 1.050258e+00 -1.907824e+01 -1.321038e+01 -4.091321e-01 9.668553e+00 -5.193008e-01 3.744469e-01 -5.566677e+00 -2.513028e+00 -6.228122e+00 1.995905e-01 -2.426701e-01 2.695692e-01 -2.483701e-01 4.675917e-01 3.171184e-01 1.866925e-01 2.086037e-01 4.056303e-01 9.887376e-02 -2.722097e-01 -4.326493e-01 -3.551342e-01 4.895251e-01 5.131510e-01 -1.361783e-02 -4.210927e-01 1.488524e-01 4.428393e-01 5.475067e-02 -5.659243e-01 -5.263268e-01 3.211578e-02 5.454656e-01 4.663312e-01 9.565043e-02 -1.404928e-01 9.865065e-04 -1.811254e-02
<VARIANCE> 39
 5.796862e+00 1.137566e+01 3.743758e+01 1.301812e+01 6.138156e+00 7.779127e+00 1.094826e+01 3.874588e+00 9.383395e+00 1.003331e+01 7.506036e+00 7.816437e+00 5.000000e-02 3.378729e-01 1.123212e+00 3.030203e+00 1.412761e+00 1.141439e+00 1.679128e+00 1.459488e+00 6.989277e-01 2.065084e+00 2.000115e+00 9.009935e-01 3.841475e-01 5.000000e-02 1.322536e-01 8.940581e-02 5.709193e-01 3.763586e-01 1.128994e-01 2.347741e-01 4.867625e-01 1.670333e-01 1.635753e-01 7.983351e-02 8.844092e-02 1.508846e-01 5.000000e-02
<GCONST> 7.004111e+01
<STATE> 21
<MEAN> 39
 -8.475325e-02 -1.739838e+01 -1.032050e+01 3.628971e-02 7.173898e+00 -2.776176e+00 8.009805e-01 -3.633799e+00 -2.260425e+00 -6.691429e+00 3.193215e-01 -1.510852e-01 2.071183e-01 -1.579486e+00 8.824543e-01 1.254023e+00 3.529702e-03 -9.136818e-01 -6.933796e-01 3.793410e-02 5.443414e-01 6.134874e-01 6.195959e-01 -8.016232e-02 -4.430578e-01 -6.609391e-02 -3.020380e-01 1.666042e-01 7.510502e-02 -2.611386e-01 -1.174838e-01 1.524109e-01 6.819032e-02 4.691920e-02 2.385323e-01 2.931994e-01 -1.026824e-01 -1.869788e-01 -1.418797e-02
<VARIANCE> 39
 3.132797e+00 7.692194e+00 1.037075e+01 3.562963e+00 6.539565e+00 8.571447e+00 1.282646e+01 1.519063e+01 1.769819e+01 1.771378e+01 1.681742e+01 5.258997e+00 5.000000e-02 5.438096e-01 2.623915e-01 2.001917e+00 1.416994e+00 8.419901e-01 6.841721e-01 1.605966e+00 5.266467e-01 1.456416e+00 2.778149e-01 8.358358e-01 7.392628e-01 5.000000e-02 5.870115e-02 2.544989e-01 5.215551e-01 1.711206e-01 1.617292e-01 1.723057e-01 2.422891e-01 1.720362e-01 3.119978e-01 4.555680e-01 1.346330e-01 9.517251e-02 5.000000e-02
<GCONST> 6.631436e+01
<STATE> 22
<MEAN> 39
 -4.587261e+00 -1.458973e+01 -7.687697e+00 -7.957952e-01 5.745579e+00 -3.000058e+00 6.311441e-01 -4.009770e+00 -7.112440e-01 -4.651810e+00 -6.123675e-01 -1.580946e+00 1.613420e-02 -1.101935e+00 1.245240e+00 1.001044e+00 -4.454105e-01 -5.485659e-01 3.983636e-01 7.266191e-01 3.636458e-01 4.635435e-01 6.488007e-01 3.597235e-01 4.402303e-02 -5.902034e-02 3.280483e-01 -1.901323e-01 -2.898992e-01 -1.249697e-01 1.138337e-01 1.876814e-01 1.054166e-03 1.161024e-01 1.500570e-03 3.395204e-02 2.357699e-01 2.103582e-01 1.164103e-02
<VARIANCE> 39
 6.882501e-01 1.654351e+01 1.677042e+01 3.844817e+00 8.571773e+00 1.193713e+01 1.044058e+01 6.329564e+00 1.230716e+01 7.874315e+00 1.143784e+01 3.832514e+00 5.000000e-02 4.916776e-01 1.780848e+00 2.514466e+00 8.754385e-01 3.643138e-01 4.940523e-01 1.176160e+00 8.436978e-01 8.060805e-01 1.229165e+00 1.357108e+00 8.407943e-01 5.000000e-02 5.000000e-02 2.529443e-01 3.824413e-01 1.669277e-01 1.352136e-01 1.163938e-01 4.452317e-01 7.378296e-02 2.325151e-01 1.007879e-01 1.210868e-01 1.250561e-01 5.000000e-02
<GCONST> 6.288543e+01
<STATE> 23
<MEAN> 39
 -5.674480e+00 -1.318683e+01 -6.521712e+00 -2.009797e+00 4.667581e+00 -1.258346e+00 2.795572e+00 -7.824954e-01 9.893293e-01 -2.495178e+00 2.091616e+00 4.102078e-01 -5.512351e-02 -3.049213e-01 2.654147e-01 5.869840e-02 -6.609907e-01 -7.006282e-02 3.697253e-01 -2.420186e-01 5.506842e-01 2.172517e-01 6.275972e-01 7.713742e-01 3.535384e-01 -2.235830e-02 1.813969e-01 -1.463413e-01 -5.864141e-02 1.595843e-01 1.655397e-01 -1.941574e-01 -2.991391e-01 -3.059164e-01 -3.667631e-01 -3.681146e-01 -2.357388e-01 -3.143604e-01 9.321481e-03
<VARIANCE> 39
 4.313436e-01 5.452523e+00 6.894354e+00 5.151952e+00 2.483560e+00 1.487826e+00 7.603058e+00 5.119495e+00 7.370409e+00 8.161804e+00 1.274401e+01 8.298127e+00 5.000000e-02 5.000000e-02 2.890736e-01 3.060637e-01 3.039039e-01 4.774343e-01 5.968134e-01 8.478377e-01 4.006154e-01 2.947325e-01 4.607950e-01 6.804285e-01 6.113099e-01 5.000000e-02 5.000000e-02 1.904055e-01 2.693369e-01 2.166425e-01 5.000000e-02 9.924115e-02 1.499445e-01 1.169816e-01 7.925674e-02 3.139181e-01 1.948514e-01 2.284721e-01 5.000000e-02
<GCONST> 4.537082e+01
<STATE> 24
<MEAN> 39
 -6.056377e+00 -1.231994e+01 -6.650433e+00 -2.560195e+00 5.474036e+00 -1.779865e+00 1.466805e+00 -2.987486e+00 -8.792323e-01 -3.987589e+00 8.918583e-01 -5.747553e-01 -9.857476e-02 -2.268885e-01 2.661788e-01 4.231064e-01 3.765673e-01 9.451038e-02 -6.661612e-02 1.692879e-01 -6.237890e-01 -9.375495e-01 -5.737685e-01 -2.479532e-01 -6.817405e-01 -9.925455e-03 1.104229e-01 -3.129457e-02 1.226941e-01 1.955734e-01 -1.227251e-01 -1.948234e-01 -8.763247e-03 -4.714428e-02 2.430989e-02 5.208912e-02 -6.241563e-02 -1.855757e-02 7.110209e-03
<VARIANCE> 39
 1.224322e+00 3.581096e+00 3.499905e+00 5.449828e+00 5.088252e+00 1.088152e+01 1.277923e+01 7.950361e+00 8.282463e+00 1.209458e+01 3.884739e+00 3.351930e+00 5.000000e-02 8.983377e-02 2.982120e-01 3.766379e-01 7.233104e-01 4.335072e-01 9.217557e-01 7.631813e-01 5.470403e-01 3.587885e-01 1.435275e+00 3.074614e-01 1.070355e+00 5.000000e-02 5.000000e-02 5.000000e-02 6.356085e-02 9.850167e-02 7.514333e-02 1.060217e-01 2.000761e-01 8.325493e-02 9.251799e-02 2.978735e-01 6.458610e-02 1.279930e-01 5.000000e-02
<GCONST> 4.605964e+01
<TRANSP> 25
 0.000000e+00 1.000000e+00 0.000000e+00 0.000000e+00 0.000000e+00 0.000000e+00 0.000000e+00 0.000000e+00 0.000000e+00 0.000000e+00 0.000000e+00 0.000000e+00 0.000000e+00 0.000000e+00 0.000000e+00 0.000000e+00 0.000000e+00 0.000000e+00 0.000000e+00 0.000000e+00 0.000000e+00 0.000000e+00 0.000000e+00 0.000000e+00 0.000000e+00
 0.000000e+00 6.362804e-01 3.637196e-01 0.000000e+00 0.000000e+00 0.000000e+00 0.000000e+00 0.000000e+00 0.000000e+00 0.000000e+00 0.000000e+00 0.000000e+00 0.000000e+00 0.000000e+00 0.000000e+00 0.000000e+00 0.000000e+00 0.000000e+00 0.000000e+00 0.000000e+00 0.000000e+00 0.000000e+00 0.000000e+00 0.000000e+00 0.000000e+00
 0.000000e+00 0.000000e+00 4.999953e-01 5.000047e-01 0.000000e+00 0.000000e+00 0.000000e+00 0.000000e+00 0.000000e+00 0.000000e+00 0.000000e+00 0.000000e+00 0.000000e+00 0.000000e+00 0.000000e+00 0.000000e+00 0.000000e+00 0.000000e+00 0.000000e+00 0.000000e+00 0.000000e+00 0.000000e+00 0.000000e+00 0.000000e+00 0.000000e+00
 0.000000e+00 0.000000e+00 0.000000e+00 5.861711e-01 4.138289e-01 0.000000e+00 0.000000e+00 0.000000e+00 0.000000e+00 0.000000e+00 0.000000e+00 0.000000e+00 0.000000e+00 0.000000e+00 0.000000e+00 0.000000e+00 0.000000e+00 0.000000e+00 0.000000e+00 0.000000e+00 0.000000e+00 0.000000e+00 0.000000e+00 0.000000e+00 0.000000e+00
 0.000000e+00 0.000000e+00 0.000000e+00 0.000000e+00 4.393181e-01 5.606819e-01 0.000000e+00 0.000000e+00 0.000000e+00 0.000000e+00 0.000000e+00 0.000000e+00 0.000000e+00 0.000000e+00 0.000000e+00 0.000000e+00 0.000000e+00 0.000000e+00 0.000000e+00 0.000000e+00 0.000000e+00 0.000000e+00 0.000000e+00 0.000000e+00 0.000000e+00
 0.000000e+00 0.000000e+00 0.000000e+00 0.000000e+00 0.000000e+00 4.444447e-01 5.555553e-01 0.000000e+00 0.000000e+00 0.000000e+00 0.000000e+00 0.000000e+00 0.000000e+00 0.000000e+00 0.000000e+00 0.000000e+00 0.000000e+00 0.000000e+00 0.000000e+00 0.000000e+00 0.000000e+00 0.000000e+00 0.000000e+00 0.000000e+00 0.000000e+00
 0.000000e+00 0.000000e+00 0.000000e+00 0.000000e+00 0.000000e+00 0.000000e+00 5.454470e-01 4.545530e-01 0.000000e+00 0.000000e+00 0.000000e+00 0.000000e+00 0.000000e+00 0.000000e+00 0.000000e+00 0.000000e+00 0.000000e+00 0.000000e+00 0.000000e+00 0.000000e+00 0.000000e+00 0.000000e+00 0.000000e+00 0.000000e+00 0.000000e+00
 0.000000e+00 0.000000e+00 0.000000e+00 0.000000e+00 0.000000e+00 0.000000e+00 0.000000e+00 6.153808e-01 3.846192e-01 0.000000e+00 0.000000e+00 0.000000e+00 0.000000e+00 0.000000e+00 0.000000e+00 0.000000e+00 0.000000e+00 0.000000e+00 0.000000e+00 0.000000e+00 0.000000e+00 0.000000e+00 0.000000e+00 0.000000e+00 0.000000e+00
 0.000000e+00 0.000000e+00 0.000000e+00 0.000000e+00 0.000000e+00 0.000000e+00 0.000000e+00 0.000000e+00 5.833384e-01 4.166615e-01 0.000000e+00 0.000000e+00 0.000000e+00 0.000000e+00 0.000000e+00 0.000000e+00 0.000000e+00 0.000000e+00 0.000000e+00 0.000000e+00 0.000000e+00 0.000000e+00 0.000000e+00 0.000000e+00 0.000000e+00
 0.000000e+00 0.000000e+00 0.000000e+00 0.000000e+00 0.000000e+00 0.000000e+00 0.000000e+00 0.000000e+00 0.000000e+00 5.833456e-01 4.166544e-01 0.000000e+00 0.000000e+00 0.000000e+00 0.000000e+00 0.000000e+00 0.000000e+00 0.000000e+00 0.000000e+00 0.000000e+00 0.000000e+00 0.000000e+00 0.000000e+00 0.000000e+00 0.000000e+00
 0.000000e+00 0.000000e+00 0.000000e+00 0.000000e+00 0.000000e+00 0.000000e+00 0.000000e+00 0.000000e+00 0.000000e+00 0.000000e+00 5.454358e-01 4.545642e-01 0.000000e+00 0.000000e+00 0.000000e+00 0.000000e+00 0.000000e+00 0.000000e+00 0.000000e+00 0.000000e+00 0.000000e+00 0.000000e+00 0.000000e+00 0.000000e+00 0.000000e+00
 0.000000e+00 0.000000e+00 0.000000e+00 0.000000e+00 0.000000e+00 0.000000e+00 0.000000e+00 0.000000e+00 0.000000e+00 0.000000e+00 0.000000e+00 3.750176e-01 6.249824e-01 0.000000e+00 0.000000e+00 0.000000e+00 0.000000e+00 0.000000e+00 0.000000e+00 0.000000e+00 0.000000e+00 0.000000e+00 0.000000e+00 0.000000e+00 0.000000e+00
 0.000000e+00 0.000000e+00 0.000000e+00 0.000000e+00 0.000000e+00 0.000000e+00 0.000000e+00 0.000000e+00 0.000000e+00 0.000000e+00 0.000000e+00 0.000000e+00 6.164281e-01 3.835719e-01 0.000000e+00 0.000000e+00 0.000000e+00 0.000000e+00 0.000000e+00 0.000000e+00 0.000000e+00 0.000000e+00 0.000000e+00 0.000000e+00 0.000000e+00
 0.000000e+00 0.000000e+00 0.000000e+00 0.000000e+00 0.000000e+00 0.000000e+00 0.000000e+00 0.000000e+00 0.000000e+00 0.000000e+00 0.000000e+00 0.000000e+00 0.000000e+00 6.659310e-01 3.340690e-01 0.000000e+00 0.000000e+00 0.000000e+00 0.000000e+00 0.000000e+00 0.000000e+00 0.000000e+00 0.000000e+00 0.000000e+00 0.000000e+00
 0.000000e+00 0.000000e+00 0.000000e+00 0.000000e+00 0.000000e+00 0.000000e+00 0.000000e+00 0.000000e+00 0.000000e+00 0.000000e+00 0.000000e+00 0.000000e+00 0.000000e+00 0.000000e+00 5.454213e-01 4.545787e-01 0.000000e+00 0.000000e+00 0.000000e+00 0.000000e+00 0.000000e+00 0.000000e+00 0.000000e+00 0.000000e+00 0.000000e+00
 0.000000e+00 0.000000e+00 0.000000e+00 0.000000e+00 0.000000e+00 0.000000e+00 0.000000e+00 0.000000e+00 0.000000e+00 0.000000e+00 0.000000e+00 0.000000e+00 0.000000e+00 0.000000e+00 0.000000e+00 4.999310e-01 5.000690e-01 0.000000e+00 0.000000e+00 0.000000e+00 0.000000e+00 0.000000e+00 0.000000e+00 0.000000e+00 0.000000e+00
 0.000000e+00 0.000000e+00 0.000000e+00 0.000000e+00 0.000000e+00 0.000000e+00 0.000000e+00 0.000000e+00 0.000000e+00 0.000000e+00 0.000000e+00 0.000000e+00 0.000000e+00 0.000000e+00 0.000000e+00 0.000000e+00 5.454558e-01 4.545442e-01 0.000000e+00 0.000000e+00 0.000000e+00 0.000000e+00 0.000000e+00 0.000000e+00 0.000000e+00
 0.000000e+00 0.000000e+00 0.000000e+00 0.000000e+00 0.000000e+00 0.000000e+00 0.000000e+00 0.000000e+00 0.000000e+00 0.000000e+00 0.000000e+00 0.000000e+00 0.000000e+00 0.000000e+00 0.000000e+00 0.000000e+00 0.000000e+00 4.992661e-01 5.007340e-01 0.000000e+00 0.000000e+00 0.000000e+00 0.000000e+00 0.000000e+00 0.000000e+00
 0.000000e+00 0.000000e+00 0.000000e+00 0.000000e+00 0.000000e+00 0.000000e+00 0.000000e+00 0.000000e+00 0.000000e+00 0.000000e+00 0.000000e+00 0.000000e+00 0.000000e+00 0.000000e+00 0.000000e+00 0.000000e+00 0.000000e+00 0.000000e+00 5.460889e-01 4.539111e-01 0.000000e+00 0.000000e+00 0.000000e+00 0.000000e+00 0.000000e+00
 0.000000e+00 0.000000e+00 0.000000e+00 0.000000e+00 0.000000e+00 0.000000e+00 0.000000e+00 0.000000e+00 0.000000e+00 0.000000e+00 0.000000e+00 0.000000e+00 0.000000e+00 0.000000e+00 0.000000e+00 0.000000e+00 0.000000e+00 0.000000e+00 0.000000e+00 5.454435e-01 4.545566e-01 0.000000e+00 0.000000e+00 0.000000e+00 0.000000e+00
 0.000000e+00 0.000000e+00 0.000000e+00 0.000000e+00 0.000000e+00 0.000000e+00 0.000000e+00 0.000000e+00 0.000000e+00 0.000000e+00 0.000000e+00 0.000000e+00 0.000000e+00 0.000000e+00 0.000000e+00 0.000000e+00 0.000000e+00 0.000000e+00 0.000000e+00 0.000000e+00 4.450479e-01 5.549521e-01 0.000000e+00 0.000000e+00 0.000000e+00
 0.000000e+00 0.000000e+00 0.000000e+00 0.000000e+00 0.000000e+00 0.000000e+00 0.000000e+00 0.000000e+00 0.000000e+00 0.000000e+00 0.000000e+00 0.000000e+00 0.000000e+00 0.000000e+00 0.000000e+00 0.000000e+00 0.000000e+00 0.000000e+00 0.000000e+00 0.000000e+00 0.000000e+00 6.153023e-01 3.846977e-01 0.000000e+00 0.000000e+00
 0.000000e+00 0.000000e+00 0.000000e+00 0.000000e+00 0.000000e+00 0.000000e+00 0.000000e+00 0.000000e+00 0.000000e+00 0.000000e+00 0.000000e+00 0.000000e+00 0.000000e+00 0.000000e+00 0.000000e+00 0.000000e+00 0.000000e+00 0.000000e+00 0.000000e+00 0.000000e+00 0.000000e+00 0.000000e+00 4.995766e-01 5.004234e-01 0.000000e+00
 0.000000e+00 0.000000e+00 0.000000e+00 0.000000e+00 0.000000e+00 0.000000e+00 0.000000e+00 0.000000e+00 0.000000e+00 0.000000e+00 0.000000e+00 0.000000e+00 0.000000e+00 0.000000e+00 0.000000e+00 0.000000e+00 0.000000e+00 0.000000e+00 0.000000e+00 0.000000e+00 0.000000e+00 0.000000e+00 0.000000e+00 6.170163e-01 3.829838e-01
 0.000000e+00 0.000000e+00 0.000000e+00 0.000000e+00 0.000000e+00 0.000000e+00 0.000000e+00 0.000000e+00 0.000000e+00 0.000000e+00 0.000000e+00 0.000000e+00 0.000000e+00 0.000000e+00 0.000000e+00 0.000000e+00 0.000000e+00 0.000000e+00 0.000000e+00 0.000000e+00 0.000000e+00 0.000000e+00 0.000000e+00 0.000000e+00 0.000000e+00
<ENDHMM>
