~o
<STREAMINFO> 1 39
<VECSIZE> 39<NULLD><MFCC_E_D_A><DIAGC>
~h "Lu*u"
<BEGINHMM>
<NUMSTATES> 25
<STATE> 2
<MEAN> 39
 -6.890703e+00 -9.090419e+00 -1.359549e+00 -1.020939e+00 8.890953e-01 -3.954358e+00 1.245366e+00 -2.293451e+00 1.256629e+00 -2.602705e+00 2.512480e+00 -5.089614e+00 -4.704370e-02 1.334016e+00 -1.640812e-01 -2.107484e+00 -1.446060e+00 -1.672938e+00 -1.571852e+00 -6.820392e-01 5.238760e-02 1.201197e+00 -2.384858e-01 -8.626797e-01 -3.689978e-01 6.783146e-02 8.742307e-01 1.126450e-01 -9.963915e-01 -4.581898e-01 -5.021442e-01 -7.567646e-01 -3.189416e-01 1.830112e-01 7.474713e-01 -1.492934e-01 -4.920076e-01 1.696907e-01 4.599142e-02
<VARIANCE> 39
 3.616513e+00 3.731081e+00 1.050326e+01 7.780571e+00 7.276062e+00 6.548846e+00 2.707819e+00 1.479086e+01 1.036408e+01 1.101055e+01 8.495456e+00 6.052880e+00 5.000000e-02 2.286264e+00 3.908362e-01 2.111122e+00 1.250575e+00 1.119416e+00 2.937598e+00 1.076348e+00 1.978706e+00 2.085603e+00 1.419433e+00 1.530550e+00 6.995178e-01 5.000000e-02 1.435936e-01 7.618967e-02 1.990885e-01 3.055276e-01 1.464703e-01 2.047351e-01 2.368657e-01 6.295943e-01 5.373813e-01 2.451584e-01 3.161961e-01 7.882871e-02 5.000000e-02
<GCONST> 7.144141e+01
<STATE> 3
<MEAN> 39
 1.689816e+00 -7.755287e+00 -1.212225e+01 -7.546716e+00 -4.693862e+00 -1.450053e+01 8.443291e-02 -3.709937e+00 9.396698e+00 -6.286015e+00 -1.690099e+00 -6.211024e+00 4.078560e-01 2.388936e+00 5.342821e-01 -3.628665e+00 -8.306676e-01 -2.231887e+00 -3.585972e+00 -8.698349e-01 -1.409568e+00 3.979419e+00 -9.285280e-01 -1.021623e+00 9.421071e-02 1.735010e-01 -6.943680e-01 -1.250376e-01 6.988379e-01 5.088041e-01 2.662540e-01 4.629433e-01 -1.250383e-01 2.771332e-02 1.694119e-02 5.661505e-01 8.525466e-02 3.984355e-01 -4.003133e-03
<VARIANCE> 39
 8.730080e+00 4.831919e+00 3.870083e+01 9.237907e+00 1.041451e+01 5.841034e+01 1.215239e+01 2.541406e+01 3.013892e+01 1.163472e+01 7.530744e+00 9.212306e+00 5.000000e-02 3.230991e+00 4.361023e-01 2.434583e+00 1.774090e+00 7.207332e-01 4.463133e+00 1.219757e+00 7.406456e+00 3.953015e+00 1.856229e+00 4.016736e+00 6.455984e-01 5.000000e-02 4.731930e-01 8.578420e-02 5.838035e-01 1.685875e-01 2.015024e-01 9.526060e-01 8.298252e-02 7.050118e-01 8.743721e-01 5.562289e-01 2.789083e-01 1.215392e-01 5.000000e-02
<GCONST> 8.855827e+01
<STATE> 4
<MEAN> 39
 3.872718e+00 -8.462452e+00 -1.479721e+01 -5.754011e+00 -8.724082e+00 -1.549059e+01 -4.568420e+00 -2.556340e+00 1.238371e+01 -3.789416e+00 -4.376709e+00 -2.576349e+00 6.480495e-01 -1.626664e-01 -4.014651e-01 -6.820129e-01 -3.602803e-01 -4.752538e-01 -1.349200e+00 -1.021469e+00 5.329710e-02 1.270136e+00 1.432973e+00 -7.049652e-01 1.421596e+00 1.044754e-01 -1.275686e+00 -2.627709e-01 6.513911e-01 -1.669595e-01 6.053407e-01 4.692924e-01 3.848382e-01 3.245178e-01 -5.480851e-01 3.785052e-01 4.778165e-01 1.638557e-01 -2.824852e-02
<VARIANCE> 39
 1.964196e+01 7.457458e+00 1.310092e+01 9.612911e+00 1.359382e+01 3.645336e+01 2.291135e+01 5.676088e+01 7.781735e+01 2.427367e+01 2.689295e+01 8.701554e+00 5.000000e-02 5.350475e+00 4.789762e-01 1.928343e+00 1.283750e+00 1.943539e+00 1.838797e+00 1.883524e+00 4.054286e+00 1.900725e+00 3.044435e+00 2.638514e+00 7.282718e-01 5.000000e-02 3.910945e-01 1.374532e-01 3.843365e-01 5.635303e-01 4.948629e-01 4.434650e-01 2.595038e-01 2.114428e+00 1.696617e+00 4.299505e-01 6.212866e-01 8.732361e-02 5.000000e-02
<GCONST> 9.665126e+01
<STATE> 5
<MEAN> 39
 -3.693545e-01 -9.537801e+00 -1.585309e+01 -8.585866e+00 -8.625543e+00 -1.913946e+01 -5.922249e+00 -3.376918e+00 1.660744e+01 6.345288e-01 -3.483956e+00 5.324327e-01 8.121666e-01 -2.638458e+00 -8.099711e-01 -7.482659e-01 -1.485517e+00 -6.447433e-01 -6.158215e-01 -4.452193e-01 1.843951e+00 2.226112e-01 5.823083e-01 -1.181070e-02 8.277201e-01 6.229496e-02 -7.787733e-02 -2.821054e-01 9.429188e-02 -2.481437e-01 3.788562e-01 5.296509e-01 1.327109e-01 6.959147e-01 -9.295391e-01 -7.382703e-01 -1.283992e-01 -4.749407e-01 -1.374842e-02
<VARIANCE> 39
 3.297924e+01 8.522346e+00 3.464596e+00 9.175014e+00 2.411527e+01 1.621984e+01 3.195029e+01 2.267848e+01 2.290989e+01 3.319592e+01 2.330240e+01 1.310019e+01 5.000000e-02 2.828028e-01 8.821154e-01 2.730017e+00 3.403172e+00 3.024865e+00 8.797407e-01 1.351118e+00 6.076489e+00 7.757227e+00 1.593410e+00 1.493441e+00 7.885588e-01 5.000000e-02 5.258127e-01 6.590486e-02 2.202615e-01 1.731107e-01 6.386140e-01 1.079647e-01 3.513355e-01 4.434781e-01 2.673211e-01 6.334012e-01 2.244335e-01 8.805956e-02 5.000000e-02
<GCONST> 8.643770e+01
<STATE> 6
<MEAN> 39
 -5.957283e+00 -1.276590e+01 -1.750229e+01 -1.146414e+01 -8.181044e+00 -1.867898e+01 -3.714043e+00 4.532019e+00 1.240503e+01 -1.666825e+00 -3.618721e+00 4.107008e-01 9.093613e-01 -1.126973e+00 -1.469440e+00 4.581620e-01 -1.617888e+00 1.772284e+00 1.102468e+00 -7.561319e-02 1.870221e+00 -1.762946e+00 -6.583480e-01 -7.791147e-01 -4.612130e-01 2.023993e-02 7.773795e-01 3.747041e-02 3.676197e-01 -2.023288e-01 4.845025e-01 5.035351e-01 -2.641972e-01 -8.597513e-01 2.200744e-02 2.009949e-01 -3.805531e-01 -5.574144e-01 -1.405652e-02
<VARIANCE> 39
 7.916046e+00 5.457598e+00 2.209406e+01 2.230697e+01 8.415345e+00 1.074304e+01 1.818005e+01 2.815008e+01 1.384062e+01 8.446168e+00 2.257785e+01 1.141390e+01 5.000000e-02 1.074811e+00 5.464647e-01 1.016750e+00 1.628482e+00 1.000405e+00 1.518364e+00 1.791591e+00 1.672887e+00 2.228589e+00 2.279018e+00 1.428547e+00 1.236483e+00 5.000000e-02 5.513052e-02 9.136633e-02 3.602172e-01 6.400183e-01 2.716259e-01 2.102193e-01 2.923763e-01 4.431290e-01 8.638368e-01 7.501261e-01 1.326414e-01 3.231285e-01 5.000000e-02
<GCONST> 8.214480e+01
<STATE> 7
<MEAN> 39
 -6.616760e+00 -1.562870e+01 -1.400267e+01 -1.744170e+01 -2.177186e+00 -1.443614e+01 -6.659340e+00 3.410846e+00 1.260715e+01 -8.185166e-01 -8.171013e+00 -2.871493e+00 9.214863e-01 1.102519e-01 -5.007965e-01 2.219451e-01 -1.973196e+00 1.289855e+00 1.421298e+00 -1.063769e+00 -5.086732e-01 -3.718234e-01 1.153847e+00 -9.743178e-01 -1.183204e+00 4.562481e-03 2.270132e-01 3.544484e-01 -2.326867e-01 1.433528e-01 -3.617369e-01 6.161005e-02 -1.524785e-01 -2.618290e-01 1.990776e-01 4.901761e-01 3.357610e-01 1.066662e-01 -5.668593e-04
<VARIANCE> 39
 4.009627e+00 1.103238e+01 1.586905e+01 1.894827e+01 1.432106e+01 8.056850e+00 7.287288e+00 1.970492e+01 1.697221e+01 1.559497e+01 1.538191e+01 9.581359e+00 5.000000e-02 1.526851e-01 4.912710e-01 7.296653e-01 1.110495e+00 9.679463e-01 5.668523e-01 9.975917e-01 5.511374e-01 7.447216e-01 2.929972e+00 5.287322e-01 7.498323e-01 5.000000e-02 5.698901e-02 6.593846e-02 8.508414e-02 1.060573e-01 2.109887e-01 1.473085e-01 7.866490e-02 1.697705e-01 2.874513e-01 3.298939e-01 1.017540e-01 2.333595e-01 5.000000e-02
<GCONST> 6.415362e+01
<STATE> 8
<MEAN> 39
 -5.068451e+00 -1.518470e+01 -1.547090e+01 -2.088025e+01 -5.899449e-01 -1.080452e+01 -1.092674e+01 1.755965e+00 1.112157e+01 4.141626e+00 -8.647591e+00 -4.598191e+00 9.553386e-01 6.105720e-01 3.514060e-01 -5.946710e-02 -9.847522e-01 2.249908e-01 1.304148e+00 -5.286267e-01 9.793329e-02 -1.640635e-01 1.917737e+00 8.590882e-01 4.550140e-02 1.008847e-02 9.127025e-02 2.243595e-01 2.745030e-02 2.477133e-01 -3.036517e-01 -2.408519e-02 2.795828e-01 1.420980e-01 6.403103e-02 3.445773e-02 3.527393e-01 3.899935e-01 -1.298773e-04
<VARIANCE> 39
 4.744097e+00 1.157889e+01 1.553019e+01 1.369852e+01 3.673737e+00 4.809530e+00 5.763307e+00 6.974923e+00 1.208926e+01 2.367360e+01 7.807330e+00 8.152987e+00 5.000000e-02 6.845327e-02 1.256887e-01 3.083330e-01 2.498085e-01 8.812154e-01 4.550640e-01 5.836150e-01 4.859765e-01 8.230171e-01 5.102445e-01 4.383302e-01 8.191532e-01 5.000000e-02 5.000000e-02 5.000000e-02 6.494377e-02 1.798354e-01 8.842526e-02 9.246982e-02 1.168860e-01 6.166076e-02 2.120369e-01 1.693810e-01 1.714373e-01 2.428272e-01 5.000000e-02
<GCONST> 5.036086e+01
<STATE> 9
<MEAN> 39
 -3.068782e+00 -1.388811e+01 -1.427580e+01 -2.390508e+01 -1.001591e+00 -5.140749e+00 -1.101438e+01 3.720105e+00 1.046633e+01 1.055383e+01 -4.810696e+00 -1.689330e+00 9.756272e-01 6.068217e-01 6.470346e-01 -1.034722e-01 -2.959585e-01 -1.322144e-01 8.932826e-01 -3.962308e-01 -1.875350e-01 3.061434e-01 1.739612e+00 7.486410e-01 7.281000e-01 8.208812e-03 -1.347681e-01 1.087854e-02 -8.045716e-02 5.348774e-02 2.277373e-01 -5.327289e-01 -5.672594e-02 -3.040235e-01 1.529863e-01 -2.479854e-01 -2.431809e-01 -3.471670e-01 -8.813993e-04
<VARIANCE> 39
 4.570058e+00 1.237142e+01 7.724157e+00 6.722290e+00 7.550790e+00 8.263268e+00 6.867033e+00 9.710291e+00 1.022228e+01 1.406400e+01 1.725434e+01 1.107394e+01 5.000000e-02 1.501888e-01 5.000000e-02 1.267828e-01 1.054451e+00 4.636939e-01 1.060884e+00 1.169808e+00 9.986953e-01 1.164289e+00 5.780348e-01 5.716476e-01 2.088528e+00 5.000000e-02 5.000000e-02 5.000000e-02 5.000000e-02 1.094869e-01 5.000000e-02 5.000000e-02 5.000000e-02 5.060874e-02 2.426640e-01 1.761630e-01 6.190210e-02 2.253421e-01 5.000000e-02
<GCONST> 5.095763e+01
<STATE> 10
<MEAN> 39
 -1.905695e+00 -1.172050e+01 -1.668406e+01 -2.420470e+01 -1.213210e+00 -6.202855e+00 -1.128760e+01 1.832490e-01 1.201926e+01 1.353174e+01 -1.560283e+00 -4.757790e+00 9.942870e-01 3.057843e-01 5.131401e-01 -1.098713e-01 -6.152440e-01 4.290342e-01 -3.679995e-01 -6.512926e-01 -4.448752e-01 2.157301e-01 8.031015e-01 3.245611e-01 -5.714095e-01 2.899513e-03 4.570821e-02 -7.857664e-02 1.989735e-01 1.477686e-01 -3.851433e-02 -2.158119e-01 -4.997203e-02 3.851125e-01 -2.855354e-01 -1.436611e-01 -1.809052e-01 2.016959e-01 -3.633931e-03
<VARIANCE> 39
 2.001415e+00 1.369191e+01 7.121784e+00 9.578689e+00 1.014800e+01 9.931337e+00 2.633954e+01 1.766587e+01 1.102376e+01 1.512898e+01 2.997661e+01 2.845152e+01 5.000000e-02 1.213344e-01 3.109142e-01 2.900257e-01 6.786022e-02 6.169773e-01 8.731180e-01 9.687219e-01 9.190903e-01 3.204315e+00 1.496250e+00 1.047911e+00 1.131490e+00 5.000000e-02 5.000000e-02 5.000000e-02 5.000000e-02 9.312966e-02 1.514370e-01 7.720762e-02 3.767318e-01 3.054002e-01 3.079267e-01 1.791899e-01 7.981277e-02 4.127226e-01 5.000000e-02
<GCONST> 6.235942e+01
<STATE> 11
<MEAN> 39
 -1.397677e+00 -1.080299e+01 -1.504310e+01 -2.529265e+01 1.456608e-01 -7.853946e+00 -1.477618e+01 2.229149e+00 1.092777e+01 1.441142e+01 -5.291268e+00 -1.134693e+00 9.866126e-01 6.792158e-01 2.034425e-01 4.595756e-01 3.807532e-01 -6.172060e-01 -3.062198e-01 -3.208997e-01 1.844700e-01 -1.388524e-01 3.816212e-01 1.681827e-01 5.213660e-01 -5.646898e-03 1.172410e-01 -1.139540e-01 2.689907e-01 1.929545e-01 -4.156478e-01 -7.772178e-03 2.797259e-01 2.250181e-01 -1.332834e-01 -3.001190e-01 1.448589e-01 3.040118e-01 -2.662045e-03
<VARIANCE> 39
 4.679578e+00 1.090250e+01 2.607556e+00 3.391062e+00 1.850275e+01 2.522100e+01 2.015866e+01 1.632553e+01 3.614306e+01 2.056376e+01 4.099181e+01 2.438132e+01 5.000000e-02 3.500665e-01 4.190176e-01 3.568290e-01 2.374290e-01 1.097682e+00 6.470849e-01 1.615653e+00 1.935382e+00 1.723378e+00 2.098614e+00 5.442255e-01 1.346843e+00 5.000000e-02 5.000000e-02 7.385682e-02 5.000000e-02 8.404893e-02 1.859598e-01 1.877934e-01 3.363359e-01 3.355067e-01 7.919169e-01 8.349696e-01 2.142266e-01 2.956174e-01 5.000000e-02
<GCONST> 7.186404e+01
<STATE> 12
<MEAN> 39
 1.516369e+00 -9.998882e+00 -1.298609e+01 -2.302603e+01 -4.964304e+00 -7.347523e+00 -1.300014e+01 3.610056e+00 9.484685e+00 1.692764e+01 -9.357731e-01 -1.835583e+00 9.704531e-01 7.801347e-01 -2.393516e-02 1.199955e+00 5.803679e-02 -7.053625e-01 -1.033220e+00 6.567620e-01 3.939357e-01 -7.305413e-01 -8.251922e-01 6.196340e-01 1.213889e+00 -1.243118e-02 2.690273e-02 -1.410031e-01 -2.117688e-01 -7.289804e-02 2.729767e-01 -2.944126e-01 2.782027e-01 -2.063672e-01 -3.003788e-01 -7.022160e-01 3.288101e-01 3.797881e-03 -4.419689e-03
<VARIANCE> 39
 5.751849e+00 6.963765e+00 2.170105e+00 5.434640e+00 1.573608e+01 1.199270e+01 1.001583e+01 1.433442e+01 1.757581e+01 1.394893e+01 3.507621e+01 1.227550e+01 5.000000e-02 5.938519e-02 2.576451e-01 2.733335e-01 4.695778e-01 2.014484e+00 1.553345e+00 1.735422e+00 3.228274e+00 2.666010e+00 2.294605e+00 9.827991e-01 3.084721e-01 5.000000e-02 5.000000e-02 5.063822e-02 1.060386e-01 1.218966e-01 2.960124e-01 1.456771e-01 4.685812e-01 5.044995e-01 3.381420e-01 2.599231e-01 7.963906e-02 1.178455e-01 5.000000e-02
<GCONST> 6.585719e+01
<STATE> 13
<MEAN> 39
 2.596301e+00 -1.039107e+01 -1.092776e+01 -2.369976e+01 -4.133251e+00 -1.089562e+01 -1.231527e+01 1.670974e+00 8.104623e+00 1.102419e+01 1.146352e+00 2.927207e+00 9.158612e-01 1.107879e+00 -9.787661e-01 -1.466590e-01 3.115602e-01 -2.396714e-01 -1.144226e+00 1.747053e-01 2.209030e-01 -1.807540e+00 -1.677924e+00 1.578863e+00 1.417111e+00 -2.481952e-02 2.570104e-01 -3.260472e-01 -6.094216e-01 5.775430e-01 3.862597e-02 1.449415e-01 -3.593526e-02 -2.002797e-01 3.799639e-02 -1.193322e-01 -6.216411e-02 -3.216918e-01 -4.446103e-03
<VARIANCE> 39
 6.240335e+00 9.152104e+00 2.127782e+00 3.162575e+00 1.209069e+01 1.225068e+01 5.714135e+00 4.445971e+01 1.856843e+01 2.589755e+00 3.936330e+01 6.865088e+00 5.000000e-02 4.529351e-01 9.626893e-01 1.115533e+00 6.411184e-01 3.566475e-01 7.833495e-01 2.821703e+00 2.140043e+00 4.146707e-01 1.040115e+00 1.071342e+00 1.355691e+00 5.000000e-02 5.000000e-02 1.381500e-01 5.000000e-02 1.335828e-01 3.895026e-01 3.565696e-01 4.663714e-01 7.800440e-01 5.263091e-01 2.244198e-01 1.412348e-01 2.449328e-01 5.000000e-02
<GCONST> 6.906995e+01
<STATE> 14
<MEAN> 39
 5.597636e+00 -1.406510e+01 -1.217107e+01 -2.198413e+01 -4.954220e+00 -1.229367e+01 -1.135906e+01 4.529494e+00 4.320367e+00 8.931000e+00 2.473378e+00 4.658535e+00 8.707784e-01 1.698873e+00 -7.369680e-01 -1.252645e+00 2.032723e+00 -3.170270e-01 -5.502446e-01 1.139428e+00 -9.838023e-01 -1.319172e+00 -2.368980e+00 7.898632e-01 9.611093e-02 -3.368333e-02 -3.426320e-02 3.522470e-01 -1.883722e-01 4.918147e-01 -7.333498e-02 2.495378e-01 7.884184e-02 -6.625476e-01 2.347117e-01 -3.664120e-01 -3.977747e-01 -5.070408e-01 -5.408798e-03
<VARIANCE> 39
 7.593341e+00 8.705622e+00 1.682100e+01 1.552489e+01 1.678417e+01 3.676520e+00 1.154397e+01 4.789339e+01 7.333466e+00 8.590583e+00 4.183086e+01 1.416384e+01 5.000000e-02 2.351293e-01 5.901875e-01 1.038316e+00 4.940687e-01 2.492892e+00 1.472869e+00 2.290813e+00 1.898159e+00 3.428843e+00 1.727098e+00 1.151745e+00 2.900330e+00 5.000000e-02 9.511886e-02 1.181384e-01 4.153390e-01 2.338531e-01 2.181097e-01 8.952032e-02 2.195300e-01 3.679886e-01 1.716522e-01 1.098810e-01 1.816136e-01 4.538027e-01 5.000000e-02
<GCONST> 7.678523e+01
<STATE> 15
<MEAN> 39
 9.513012e+00 -1.368441e+01 -1.555839e+01 -1.613764e+01 -5.970687e+00 -1.377264e+01 -8.967349e+00 -1.020172e+00 1.552653e+00 1.951433e+00 3.647861e+00 3.861791e+00 7.714186e-01 5.994573e-01 2.840391e-01 6.412628e-02 2.142479e+00 -6.321627e-01 9.600856e-02 9.646968e-01 -1.423917e+00 -2.261340e-01 -2.732574e+00 -5.799949e-01 -9.318220e-01 -4.838336e-02 -5.525585e-01 1.138682e-01 6.593491e-01 -7.900821e-02 2.089685e-01 3.639372e-01 -7.302920e-02 1.386123e-01 5.411077e-01 4.170106e-01 -4.193397e-01 -3.903892e-01 -6.239524e-03
<VARIANCE> 39
 2.266411e+00 3.274816e+00 6.152298e+00 4.993913e+00 1.478939e+01 9.503126e+00 2.473291e+01 1.900843e+01 1.957291e+01 1.436043e+01 1.700930e+01 1.689790e+01 5.000000e-02 4.657252e-01 1.119321e-01 1.925012e+00 2.015465e+00 6.445950e-01 9.442464e-01 1.340070e+00 2.260465e+00 1.771181e+00 4.544862e-01 1.611605e+00 2.600652e+00 5.000000e-02 5.000000e-02 9.888364e-02 2.479067e-01 1.772764e-01 1.616420e-01 2.693990e-01 3.618413e-01 2.447128e-01 5.554515e-01 4.197161e-01 9.589893e-02 5.749668e-01 5.000000e-02
<GCONST> 7.240074e+01
<STATE> 16
<MEAN> 39
 9.116431e+00 -1.330727e+01 -1.313380e+01 -1.263224e+01 -8.643512e+00 -1.309591e+01 -6.422616e+00 -2.958913e+00 2.643558e+00 -2.697628e+00 -3.738146e-02 7.084139e-01 6.641624e-01 -6.093140e-01 1.777838e-01 1.319638e+00 1.704550e+00 3.382326e-01 5.294864e-01 6.679420e-01 -5.619262e-01 7.448171e-01 -6.385708e-01 -7.451407e-01 -1.005940e+00 -5.851804e-02 -3.773440e-01 5.597967e-02 1.905276e-01 -2.189773e-01 6.427874e-01 2.473399e-01 -1.429139e-01 3.647151e-01 4.694222e-02 7.288235e-01 8.784508e-02 -1.088967e-01 -3.087975e-03
<VARIANCE> 39
 3.092287e+00 3.262813e+00 3.899700e+00 5.081039e+00 1.158869e+01 4.748495e+00 5.763645e+00 3.266514e+00 7.300391e+00 8.767347e-01 1.594961e+01 4.708046e+00 5.000000e-02 1.368144e-01 6.764411e-01 1.589700e+00 5.841202e-01 1.904404e-01 1.801783e+00 7.522113e-01 3.965623e-01 1.575750e+00 1.547716e+00 5.892498e-01 1.976922e+00 5.000000e-02 5.455990e-02 5.000000e-02 1.577416e-01 2.289429e-01 5.000000e-02 1.367308e-01 4.147022e-01 2.274859e-01 5.000000e-02 2.878803e-01 2.784250e-01 1.642592e-01 5.000000e-02
<GCONST> 5.351941e+01
<STATE> 17
<MEAN> 39
 7.440816e+00 -1.235939e+01 -1.073946e+01 -9.801412e+00 -4.621757e+00 -1.060737e+01 -5.220415e+00 -2.515290e+00 4.083758e+00 -2.629165e+00 -1.882979e-02 -1.956130e+00 5.419862e-01 -9.098415e-01 2.608109e-01 8.733632e-01 1.423591e+00 1.452066e+00 7.936413e-01 2.432993e-01 -6.403064e-01 -1.706291e-02 1.756255e-01 -2.715384e-01 -1.747066e+00 -6.145737e-02 -8.292202e-02 -6.969760e-02 -2.372596e-01 -1.512422e-01 1.561288e-01 -3.246022e-01 -4.446955e-01 -8.666957e-02 -2.424241e-01 5.234566e-01 3.398789e-01 1.358210e-01 4.251431e-03
<VARIANCE> 39
 4.430033e+00 1.146658e+01 9.158053e+00 4.755918e+00 7.188917e+00 1.761872e+01 1.846105e+01 8.080070e+00 1.096232e+01 1.412899e+01 4.438423e+00 1.512364e+01 5.000000e-02 5.000000e-02 4.019622e-01 3.480461e-01 4.412054e-01 6.039574e-01 8.377525e-01 1.552995e+00 1.091935e+00 8.983350e-01 2.285678e+00 1.045969e+00 1.149276e+00 5.000000e-02 5.000000e-02 1.985887e-01 4.473167e-01 1.639134e-01 1.887107e-01 3.742736e-01 2.348832e-01 8.914168e-02 3.036704e-01 4.367618e-01 1.561814e-01 3.450345e-01 5.000000e-02
<GCONST> 6.577457e+01
<STATE> 18
<MEAN> 39
 5.126846e+00 -1.241413e+01 -9.280499e+00 -4.804148e+00 -3.409444e-01 -9.975421e+00 -6.720047e+00 -5.710331e+00 3.058288e+00 -1.452849e-01 6.125714e-01 -5.716422e+00 4.088054e-01 -8.439505e-01 1.884295e-01 2.836811e-01 5.287060e-01 5.765582e-01 -3.599996e-01 -4.889781e-01 1.500890e-01 8.141190e-02 9.166074e-01 8.254631e-01 -2.703091e-02 -3.589058e-02 -1.489613e-04 1.053758e-01 -2.497499e-01 -8.713143e-01 -5.550789e-01 -2.970872e-02 2.368309e-01 5.668455e-01 1.621594e-01 -1.181308e-01 2.111543e-01 7.359033e-01 7.134034e-03
<VARIANCE> 39
 2.447841e+00 3.687440e+00 5.100276e+00 5.634656e+00 5.546501e+00 8.385358e+00 7.142546e+00 8.185086e+00 2.164696e+01 1.415887e+01 1.636304e+01 1.125288e+01 5.000000e-02 2.349777e-01 8.054014e-01 1.884166e+00 1.441260e+00 1.221691e+00 2.955623e+00 2.118967e+00 1.316270e+00 1.503621e+00 1.645098e+00 9.658296e-01 1.852583e+00 5.000000e-02 5.000000e-02 9.137043e-02 1.392596e-01 1.119969e-01 1.147695e-01 3.203433e-01 3.249432e-01 1.769000e-01 3.791632e-01 2.737201e-01 2.936625e-01 2.830126e-01 5.000000e-02
<GCONST> 6.976700e+01
<STATE> 19
<MEAN> 39
 2.815531e+00 -1.200218e+01 -1.051760e+01 -9.342178e+00 -2.454158e+00 -1.201566e+01 -7.345181e+00 -3.086773e+00 5.280114e+00 1.796138e+00 3.101455e+00 -2.631575e+00 3.457664e-01 -6.943946e-01 3.598173e-01 -4.129062e-01 -1.240771e+00 -3.853516e-01 2.963251e-01 5.964010e-01 9.077403e-01 7.178730e-01 5.331140e-01 6.857632e-01 1.051343e+00 -2.234412e-02 8.137874e-02 -4.826251e-02 -5.879089e-02 1.114914e-01 1.868265e-01 2.416914e-01 2.021093e-01 -2.588474e-02 7.619487e-02 1.105776e-01 -9.550204e-03 -1.082898e-01 1.584191e-03
<VARIANCE> 39
 2.628449e+00 1.144351e+01 1.774009e+01 4.865937e+00 7.683011e+00 1.521086e+01 9.253857e+00 1.523450e+01 2.962275e+01 1.089930e+01 1.367413e+01 8.110105e+00 5.000000e-02 2.569964e-01 2.911929e-01 5.909089e-01 7.820646e-01 5.983645e-01 1.709121e+00 1.216984e+00 8.864443e-01 1.995409e+00 1.520638e+00 2.877404e+00 1.572951e+00 5.000000e-02 5.000000e-02 7.331181e-02 2.046406e-01 1.618810e-01 1.747590e-01 3.941056e-01 3.401011e-01 1.995623e-01 3.132062e-01 2.051258e-01 4.005090e-01 2.580098e-01 5.000000e-02
<GCONST> 7.070448e+01
<STATE> 20
<MEAN> 39
 8.461495e-01 -1.073347e+01 -1.080050e+01 -9.810050e+00 -6.683496e-01 -9.307199e+00 -4.127664e+00 4.620951e-01 7.672149e+00 4.253984e+00 5.355827e+00 2.649258e-01 2.648815e-01 -2.823409e-01 6.338568e-02 -1.441467e-01 -1.344378e-01 2.752442e-01 2.701570e-01 5.331472e-01 1.811347e-01 -1.664278e-02 9.459198e-01 9.296082e-01 -1.320433e-02 -1.503183e-02 5.098099e-02 8.486486e-03 3.879139e-01 5.397127e-01 -1.320029e-01 -5.883122e-02 -2.145825e-01 -6.962382e-01 -5.136449e-01 -4.189610e-01 -3.836227e-01 -4.407762e-01 -1.268561e-03
<VARIANCE> 39
 8.160105e+00 5.802801e+00 1.097661e+01 4.470505e+00 7.500911e+00 1.252001e+01 2.511501e+00 7.100020e+00 1.813223e+01 3.899278e+01 4.741812e+01 9.653238e+00 5.000000e-02 1.514567e-01 2.940143e-01 9.441379e-01 4.795659e-01 7.283013e-01 1.502200e+00 4.508365e-01 1.570216e+00 1.910678e+00 9.604926e-01 2.211426e+00 7.025791e-01 5.000000e-02 6.369623e-02 5.896135e-02 1.577213e-01 2.518364e-01 2.298818e-01 2.783350e-01 8.842242e-02 1.033886e-01 5.574376e-01 5.927014e-01 8.229246e-01 2.592347e-01 5.000000e-02
<GCONST> 6.853307e+01
<STATE> 21
<MEAN> 39
 1.072264e+00 -1.017211e+01 -1.021387e+01 -9.339701e+00 -2.251932e+00 -9.386570e+00 -4.174740e+00 -3.235165e+00 4.827400e+00 3.542758e+00 4.772161e+00 -2.479170e+00 2.419528e-01 -6.552990e-01 3.112518e-01 1.279319e+00 1.779097e+00 7.531506e-02 1.769054e-01 3.957130e-02 -6.978121e-01 -3.475067e-01 -1.102349e+00 -1.089330e+00 -6.695271e-01 -3.480969e-02 -8.475383e-02 -6.004771e-02 2.537555e-01 2.553095e-01 -3.525100e-02 -2.164887e-01 -1.422795e-01 2.503498e-01 2.920942e-01 -6.061970e-02 -1.210711e-01 9.072176e-02 -4.470189e-04
<VARIANCE> 39
 3.948592e+00 4.334751e+00 1.026173e+01 1.679632e+01 1.288324e+01 9.410514e+00 6.713422e+00 7.180525e+00 9.009976e+00 1.007689e+01 8.251123e+00 8.348259e+00 5.000000e-02 6.614735e-01 6.092206e-01 2.257372e+00 9.165843e-01 9.135588e-01 4.493104e-01 4.270889e-01 7.389317e-01 2.869184e+00 1.953523e+00 1.255392e+00 7.791716e-01 5.000000e-02 1.084977e-01 5.000000e-02 4.089996e-01 5.367218e-01 2.166173e-01 2.092863e-01 5.000000e-02 1.722377e-01 1.656304e-01 4.181778e-01 3.630947e-01 2.398416e-01 5.000000e-02
<GCONST> 6.787781e+01
<STATE> 22
<MEAN> 39
 -2.071764e+00 -1.039408e+01 -5.177919e+00 -4.688606e+00 -1.373648e+00 -8.564606e+00 -3.447977e+00 -1.622984e+00 5.582508e+00 1.377796e+00 3.673496e+00 -2.623915e+00 1.337454e-01 -4.240187e-01 2.380738e-02 4.333301e-01 -2.862712e-01 -4.678445e-01 -4.727964e-01 2.819230e-01 7.062877e-01 7.544225e-01 4.667667e-01 3.465501e-01 2.545809e-01 -1.196990e-02 7.772904e-02 6.012784e-02 -3.081003e-01 -5.119256e-01 -7.335882e-03 4.820077e-02 1.388537e-01 1.834453e-01 -1.604720e-02 7.556853e-02 1.570888e-01 1.913247e-01 2.662866e-03
<VARIANCE> 39
 9.062723e+00 4.659750e+00 7.949305e+00 4.349844e-01 8.931591e+00 8.280643e+00 1.374774e+01 6.108483e+00 1.546834e+01 1.788351e+01 7.101623e+00 8.864789e+00 5.000000e-02 6.293513e-01 5.391253e-01 1.526508e+00 1.538810e+00 8.881368e-01 1.554811e+00 8.896164e-01 8.560416e-01 1.023831e+00 2.175189e+00 7.521251e-01 1.772794e+00 5.000000e-02 1.417833e-01 1.506034e-01 4.146302e-01 1.935944e-01 8.852279e-02 1.402278e-01 1.303248e-01 1.921294e-01 3.777840e-01 9.718905e-01 4.222229e-01 1.960660e-01 5.000000e-02
<GCONST> 6.914606e+01
<STATE> 23
<MEAN> 39
 -1.701990e+00 -9.227628e+00 -5.985206e+00 -8.109397e+00 -3.613603e+00 -1.040470e+01 -3.138770e+00 -5.271557e-01 5.606045e+00 3.041854e+00 5.290143e+00 -2.350967e+00 1.256349e-01 -9.336744e-01 1.643998e-01 5.065244e-01 7.357042e-01 6.163536e-01 1.032142e+00 8.605917e-01 -8.219287e-02 -6.437628e-01 -6.135136e-01 -3.307037e-01 1.431114e-01 -4.249207e-02 -2.093102e-01 -2.461081e-02 2.540135e-01 5.308497e-01 4.042626e-01 3.898060e-01 1.606051e-01 -2.395278e-01 -3.176576e-01 -2.359312e-01 -1.850374e-01 -9.601227e-03 -9.929090e-03
<VARIANCE> 39
 5.382900e+00 5.312595e+00 8.228483e+00 5.756288e+00 9.701569e+00 7.952951e+00 9.230887e+00 9.832914e+00 1.259322e+01 2.249013e+01 1.656548e+01 1.253537e+01 5.000000e-02 7.858141e-01 5.886805e-01 8.197551e-01 1.259393e+00 6.718381e-01 6.669009e-01 8.517363e-01 6.066027e-01 8.341600e-01 3.763755e+00 1.988303e+00 1.035356e+00 5.000000e-02 6.274346e-02 6.913298e-02 9.920898e-02 1.823957e-01 8.570239e-02 1.717301e-01 1.366283e-01 1.575464e-01 2.039575e-01 4.427014e-01 3.272940e-01 1.774689e-01 5.000000e-02
<GCONST> 6.664100e+01
<STATE> 24
<MEAN> 39
 -5.387702e+00 -9.393947e+00 -4.177546e+00 -2.585100e+00 3.337636e-01 -6.880176e+00 -5.870489e-01 -1.962244e+00 4.416784e+00 1.898645e+00 3.831344e+00 -1.333479e+00 -3.853972e-02 -5.946256e-01 8.697642e-02 7.266413e-01 5.707536e-01 5.719286e-01 5.980737e-01 3.550751e-01 -2.012609e-01 -8.951906e-01 -3.203660e-01 -4.421008e-02 -7.925954e-02 -2.931648e-02 2.829926e-01 -4.561260e-02 -1.665698e-01 -4.104165e-01 -3.213722e-01 -2.224465e-01 -3.315257e-01 -6.633877e-02 4.345006e-04 1.476581e-01 1.288891e-01 -1.574044e-01 1.306236e-02
<VARIANCE> 39
 8.758820e-01 1.133567e+00 4.416738e+00 4.910883e+00 6.835336e+00 1.287978e+01 1.499639e+01 2.439440e+00 9.966038e+00 1.816731e+01 1.284263e+01 1.004765e+01 5.000000e-02 4.842248e-01 1.452133e-01 2.962684e-01 1.048322e+00 6.927401e-01 9.995921e-01 6.655987e-01 6.485804e-01 7.680290e-01 1.475640e+00 1.787437e+00 1.064305e+00 5.000000e-02 5.129984e-02 5.000000e-02 5.669501e-02 1.487691e-01 8.593478e-02 2.235878e-01 1.728669e-01 5.000000e-02 1.394218e-01 3.795122e-01 2.801636e-01 1.727472e-01 5.000000e-02
<GCONST> 5.422090e+01
<TRANSP> 25
 0.000000e+00 1.000000e+00 0.000000e+00 0.000000e+00 0.000000e+00 0.000000e+00 0.000000e+00 0.000000e+00 0.000000e+00 0.000000e+00 0.000000e+00 0.000000e+00 0.000000e+00 0.000000e+00 0.000000e+00 0.000000e+00 0.000000e+00 0.000000e+00 0.000000e+00 0.000000e+00 0.000000e+00 0.000000e+00 0.000000e+00 0.000000e+00 0.000000e+00
 0.000000e+00 6.684911e-01 3.315090e-01 0.000000e+00 0.000000e+00 0.000000e+00 0.000000e+00 0.000000e+00 0.000000e+00 0.000000e+00 0.000000e+00 0.000000e+00 0.000000e+00 0.000000e+00 0.000000e+00 0.000000e+00 0.000000e+00 0.000000e+00 0.000000e+00 0.000000e+00 0.000000e+00 0.000000e+00 0.000000e+00 0.000000e+00 0.000000e+00
 0.000000e+00 0.000000e+00 4.444501e-01 5.555499e-01 0.000000e+00 0.000000e+00 0.000000e+00 0.000000e+00 0.000000e+00 0.000000e+00 0.000000e+00 0.000000e+00 0.000000e+00 0.000000e+00 0.000000e+00 0.000000e+00 0.000000e+00 0.000000e+00 0.000000e+00 0.000000e+00 0.000000e+00 0.000000e+00 0.000000e+00 0.000000e+00 0.000000e+00
 0.000000e+00 0.000000e+00 0.000000e+00 6.153852e-01 3.846148e-01 0.000000e+00 0.000000e+00 0.000000e+00 0.000000e+00 0.000000e+00 0.000000e+00 0.000000e+00 0.000000e+00 0.000000e+00 0.000000e+00 0.000000e+00 0.000000e+00 0.000000e+00 0.000000e+00 0.000000e+00 0.000000e+00 0.000000e+00 0.000000e+00 0.000000e+00 0.000000e+00
 0.000000e+00 0.000000e+00 0.000000e+00 0.000000e+00 4.999998e-01 5.000002e-01 0.000000e+00 0.000000e+00 0.000000e+00 0.000000e+00 0.000000e+00 0.000000e+00 0.000000e+00 0.000000e+00 0.000000e+00 0.000000e+00 0.000000e+00 0.000000e+00 0.000000e+00 0.000000e+00 0.000000e+00 0.000000e+00 0.000000e+00 0.000000e+00 0.000000e+00
 0.000000e+00 0.000000e+00 0.000000e+00 0.000000e+00 0.000000e+00 5.445867e-01 4.554133e-01 0.000000e+00 0.000000e+00 0.000000e+00 0.000000e+00 0.000000e+00 0.000000e+00 0.000000e+00 0.000000e+00 0.000000e+00 0.000000e+00 0.000000e+00 0.000000e+00 0.000000e+00 0.000000e+00 0.000000e+00 0.000000e+00 0.000000e+00 0.000000e+00
 0.000000e+00 0.000000e+00 0.000000e+00 0.000000e+00 0.000000e+00 0.000000e+00 6.672521e-01 3.327479e-01 0.000000e+00 0.000000e+00 0.000000e+00 0.000000e+00 0.000000e+00 0.000000e+00 0.000000e+00 0.000000e+00 0.000000e+00 0.000000e+00 0.000000e+00 0.000000e+00 0.000000e+00 0.000000e+00 0.000000e+00 0.000000e+00 0.000000e+00
 0.000000e+00 0.000000e+00 0.000000e+00 0.000000e+00 0.000000e+00 0.000000e+00 0.000000e+00 7.055917e-01 2.944083e-01 0.000000e+00 0.000000e+00 0.000000e+00 0.000000e+00 0.000000e+00 0.000000e+00 0.000000e+00 0.000000e+00 0.000000e+00 0.000000e+00 0.000000e+00 0.000000e+00 0.000000e+00 0.000000e+00 0.000000e+00 0.000000e+00
 0.000000e+00 0.000000e+00 0.000000e+00 0.000000e+00 0.000000e+00 0.000000e+00 0.000000e+00 0.000000e+00 6.158487e-01 3.841513e-01 0.000000e+00 0.000000e+00 0.000000e+00 0.000000e+00 0.000000e+00 0.000000e+00 0.000000e+00 0.000000e+00 0.000000e+00 0.000000e+00 0.000000e+00 0.000000e+00 0.000000e+00 0.000000e+00 0.000000e+00
 0.000000e+00 0.000000e+00 0.000000e+00 0.000000e+00 0.000000e+00 0.000000e+00 0.000000e+00 0.000000e+00 0.000000e+00 5.450000e-01 4.550000e-01 0.000000e+00 0.000000e+00 0.000000e+00 0.000000e+00 0.000000e+00 0.000000e+00 0.000000e+00 0.000000e+00 0.000000e+00 0.000000e+00 0.000000e+00 0.000000e+00 0.000000e+00 0.000000e+00
 0.000000e+00 0.000000e+00 0.000000e+00 0.000000e+00 0.000000e+00 0.000000e+00 0.000000e+00 0.000000e+00 0.000000e+00 0.000000e+00 6.870486e-01 3.129514e-01 0.000000e+00 0.000000e+00 0.000000e+00 0.000000e+00 0.000000e+00 0.000000e+00 0.000000e+00 0.000000e+00 0.000000e+00 0.000000e+00 0.000000e+00 0.000000e+00 0.000000e+00
 0.000000e+00 0.000000e+00 0.000000e+00 0.000000e+00 0.000000e+00 0.000000e+00 0.000000e+00 0.000000e+00 0.000000e+00 0.000000e+00 0.000000e+00 5.843597e-01 4.156403e-01 0.000000e+00 0.000000e+00 0.000000e+00 0.000000e+00 0.000000e+00 0.000000e+00 0.000000e+00 0.000000e+00 0.000000e+00 0.000000e+00 0.000000e+00 0.000000e+00
 0.000000e+00 0.000000e+00 0.000000e+00 0.000000e+00 0.000000e+00 0.000000e+00 0.000000e+00 0.000000e+00 0.000000e+00 0.000000e+00 0.000000e+00 0.000000e+00 4.444339e-01 5.555661e-01 0.000000e+00 0.000000e+00 0.000000e+00 0.000000e+00 0.000000e+00 0.000000e+00 0.000000e+00 0.000000e+00 0.000000e+00 0.000000e+00 0.000000e+00
 0.000000e+00 0.000000e+00 0.000000e+00 0.000000e+00 0.000000e+00 0.000000e+00 0.000000e+00 0.000000e+00 0.000000e+00 0.000000e+00 0.000000e+00 0.000000e+00 0.000000e+00 5.000217e-01 4.999783e-01 0.000000e+00 0.000000e+00 0.000000e+00 0.000000e+00 0.000000e+00 0.000000e+00 0.000000e+00 0.000000e+00 0.000000e+00 0.000000e+00
 0.000000e+00 0.000000e+00 0.000000e+00 0.000000e+00 0.000000e+00 0.000000e+00 0.000000e+00 0.000000e+00 0.000000e+00 0.000000e+00 0.000000e+00 0.000000e+00 0.000000e+00 0.000000e+00 6.153737e-01 3.846263e-01 0.000000e+00 0.000000e+00 0.000000e+00 0.000000e+00 0.000000e+00 0.000000e+00 0.000000e+00 0.000000e+00 0.000000e+00
 0.000000e+00 0.000000e+00 0.000000e+00 0.000000e+00 0.000000e+00 0.000000e+00 0.000000e+00 0.000000e+00 0.000000e+00 0.000000e+00 0.000000e+00 0.000000e+00 0.000000e+00 0.000000e+00 0.000000e+00 2.857302e-01 7.142698e-01 0.000000e+00 0.000000e+00 0.000000e+00 0.000000e+00 0.000000e+00 0.000000e+00 0.000000e+00 0.000000e+00
 0.000000e+00 0.000000e+00 0.000000e+00 0.000000e+00 0.000000e+00 0.000000e+00 0.000000e+00 0.000000e+00 0.000000e+00 0.000000e+00 0.000000e+00 0.000000e+00 0.000000e+00 0.000000e+00 0.000000e+00 0.000000e+00 6.144699e-01 3.855301e-01 0.000000e+00 0.000000e+00 0.000000e+00 0.000000e+00 0.000000e+00 0.000000e+00 0.000000e+00
 0.000000e+00 0.000000e+00 0.000000e+00 0.000000e+00 0.000000e+00 0.000000e+00 0.000000e+00 0.000000e+00 0.000000e+00 0.000000e+00 0.000000e+00 0.000000e+00 0.000000e+00 0.000000e+00 0.000000e+00 0.000000e+00 0.000000e+00 6.163687e-01 3.836314e-01 0.000000e+00 0.000000e+00 0.000000e+00 0.000000e+00 0.000000e+00 0.000000e+00
 0.000000e+00 0.000000e+00 0.000000e+00 0.000000e+00 0.000000e+00 0.000000e+00 0.000000e+00 0.000000e+00 0.000000e+00 0.000000e+00 0.000000e+00 0.000000e+00 0.000000e+00 0.000000e+00 0.000000e+00 0.000000e+00 0.000000e+00 0.000000e+00 6.665364e-01 3.334637e-01 0.000000e+00 0.000000e+00 0.000000e+00 0.000000e+00 0.000000e+00
 0.000000e+00 0.000000e+00 0.000000e+00 0.000000e+00 0.000000e+00 0.000000e+00 0.000000e+00 0.000000e+00 0.000000e+00 0.000000e+00 0.000000e+00 0.000000e+00 0.000000e+00 0.000000e+00 0.000000e+00 0.000000e+00 0.000000e+00 0.000000e+00 0.000000e+00 5.004562e-01 4.995438e-01 0.000000e+00 0.000000e+00 0.000000e+00 0.000000e+00
 0.000000e+00 0.000000e+00 0.000000e+00 0.000000e+00 0.000000e+00 0.000000e+00 0.000000e+00 0.000000e+00 0.000000e+00 0.000000e+00 0.000000e+00 0.000000e+00 0.000000e+00 0.000000e+00 0.000000e+00 0.000000e+00 0.000000e+00 0.000000e+00 0.000000e+00 0.000000e+00 5.831393e-01 4.168607e-01 0.000000e+00 0.000000e+00 0.000000e+00
 0.000000e+00 0.000000e+00 0.000000e+00 0.000000e+00 0.000000e+00 0.000000e+00 0.000000e+00 0.000000e+00 0.000000e+00 0.000000e+00 0.000000e+00 0.000000e+00 0.000000e+00 0.000000e+00 0.000000e+00 0.000000e+00 0.000000e+00 0.000000e+00 0.000000e+00 0.000000e+00 0.000000e+00 5.797238e-01 4.202763e-01 0.000000e+00 0.000000e+00
 0.000000e+00 0.000000e+00 0.000000e+00 0.000000e+00 0.000000e+00 0.000000e+00 0.000000e+00 0.000000e+00 0.000000e+00 0.000000e+00 0.000000e+00 0.000000e+00 0.000000e+00 0.000000e+00 0.000000e+00 0.000000e+00 0.000000e+00 0.000000e+00 0.000000e+00 0.000000e+00 0.000000e+00 0.000000e+00 6.179720e-01 3.820281e-01 0.000000e+00
 0.000000e+00 0.000000e+00 0.000000e+00 0.000000e+00 0.000000e+00 0.000000e+00 0.000000e+00 0.000000e+00 0.000000e+00 0.000000e+00 0.000000e+00 0.000000e+00 0.000000e+00 0.000000e+00 0.000000e+00 0.000000e+00 0.000000e+00 0.000000e+00 0.000000e+00 0.000000e+00 0.000000e+00 0.000000e+00 0.000000e+00 6.550196e-01 3.449804e-01
 0.000000e+00 0.000000e+00 0.000000e+00 0.000000e+00 0.000000e+00 0.000000e+00 0.000000e+00 0.000000e+00 0.000000e+00 0.000000e+00 0.000000e+00 0.000000e+00 0.000000e+00 0.000000e+00 0.000000e+00 0.000000e+00 0.000000e+00 0.000000e+00 0.000000e+00 0.000000e+00 0.000000e+00 0.000000e+00 0.000000e+00 0.000000e+00 0.000000e+00
<ENDHMM>
