~o
<STREAMINFO> 1 39
<VECSIZE> 39<NULLD><MFCC_E_D_A><DIAGC>
~h "Lui"
<BEGINHMM>
<NUMSTATES> 5
<STATE> 2
<MEAN> 39
 2.353287e+00 -7.257537e+00 -1.408342e+01 -6.422316e+00 -5.980383e+00 -1.173996e+01 -6.220658e+00 -6.789946e+00 7.130458e+00 -7.702858e-01 1.037146e-01 -6.190815e+00 5.133789e-01 9.573423e-01 -1.020433e-01 -2.482356e+00 -1.007152e+00 -1.217709e+00 -9.035351e-01 -1.483721e+00 -6.001640e-01 1.438880e+00 9.948786e-01 -3.858457e-01 -1.511290e-01 1.069186e-01 -2.733404e-01 -1.865008e-01 1.664608e-01 -1.298617e-01 1.962657e-01 2.224816e-01 8.222947e-02 1.748271e-01 -9.891794e-02 2.941842e-01 1.391689e-01 3.566819e-01 -2.117697e-03
<VARIANCE> 39
 2.647167e+01 4.082184e+00 8.388911e+01 2.717602e+01 2.133330e+01 2.510450e+01 3.719036e+01 3.623166e+01 3.781179e+01 2.726729e+01 2.580983e+01 1.335933e+01 9.687641e-02 4.360078e+00 7.604188e-01 3.757999e+00 3.700893e+00 1.701509e+00 4.191719e+00 2.613724e+00 4.263837e+00 2.724160e+00 4.479038e+00 3.099689e+00 4.021698e+00 5.000000e-02 6.683050e-01 1.460229e-01 1.063448e+00 1.026094e+00 4.577773e-01 7.370881e-01 4.822014e-01 9.105874e-01 6.486844e-01 6.965477e-01 7.279307e-01 5.582305e-01 5.000000e-02
<GCONST> 1.094236e+02
<STATE> 3
<MEAN> 39
 1.176324e+00 -1.459142e+01 -7.849981e+00 -2.030562e+01 -7.918652e+00 -1.089286e+01 -7.486099e+00 1.192039e+00 3.972359e+00 1.240513e+01 -2.569055e+00 -2.352074e+00 8.771060e-01 8.470414e-02 -2.435798e-01 8.476918e-01 -1.605610e-01 -7.211707e-02 1.021827e-01 3.108176e-01 1.199054e-02 -4.365871e-01 1.750494e-02 -1.528385e-01 -1.102684e-01 -1.346975e-02 4.691996e-02 1.043099e-01 -6.843331e-02 1.698032e-01 3.739180e-02 -6.092593e-03 3.554160e-03 -6.806076e-02 -1.815756e-03 -1.671987e-01 3.481601e-02 -1.068059e-01 -4.214048e-03
<VARIANCE> 39
 1.682628e+01 1.729862e+01 9.236756e+01 5.003165e+01 5.711238e+01 5.403768e+01 6.975184e+01 5.486834e+01 3.243918e+01 3.418710e+01 4.078453e+01 2.344947e+01 5.000000e-02 4.171230e-01 1.568104e+00 1.931442e+00 4.586120e+00 4.007837e+00 3.772803e+00 4.238063e+00 4.756638e+00 3.298057e+00 4.791787e+00 3.378906e+00 3.305518e+00 5.000000e-02 8.817004e-02 2.229325e-01 3.275000e-01 4.427080e-01 6.546284e-01 5.840824e-01 7.384046e-01 6.877705e-01 6.850137e-01 9.055729e-01 6.862125e-01 7.281963e-01 5.000000e-02
<GCONST> 1.109401e+02
<STATE> 4
<MEAN> 39
 1.695574e+00 -1.025217e+01 -3.807482e+00 -6.629786e+00 -5.391977e+00 -9.419091e+00 -2.527989e+00 -4.682684e+00 2.429930e+00 3.762011e+00 2.030947e+00 -4.706787e+00 3.094691e-01 -5.669104e-01 4.493663e-01 -1.201301e-01 7.817535e-01 8.452665e-01 2.810636e-01 2.665929e-01 2.899664e-01 1.371517e-01 -3.130375e-01 5.871508e-01 1.009200e-01 -3.671042e-02 -9.115841e-02 -1.029183e-01 1.267208e-01 -1.063645e-01 -8.225002e-02 4.160116e-03 9.488423e-02 7.487236e-02 7.573064e-03 6.781159e-02 -6.500010e-02 7.181220e-02 9.492867e-04
<VARIANCE> 39
 1.243876e+01 8.575111e+00 9.696987e+00 1.433165e+01 2.055699e+01 1.670821e+01 1.056930e+01 1.587050e+01 2.134679e+01 1.608759e+01 2.179910e+01 1.619013e+01 5.000000e-02 6.986014e-01 7.676060e-01 1.472396e+00 1.772940e+00 1.681993e+00 2.665716e+00 1.101164e+00 1.988513e+00 2.132506e+00 2.123605e+00 1.922629e+00 2.183589e+00 5.000000e-02 1.296099e-01 1.212215e-01 2.294014e-01 3.283803e-01 2.634428e-01 5.165697e-01 1.871286e-01 4.627950e-01 4.277682e-01 4.213370e-01 3.538910e-01 5.166869e-01 5.000000e-02
<GCONST> 8.593368e+01
<TRANSP> 5
 0.000000e+00 1.000000e+00 0.000000e+00 0.000000e+00 0.000000e+00
 0.000000e+00 8.811102e-01 1.188898e-01 0.000000e+00 0.000000e+00
 0.000000e+00 0.000000e+00 9.594003e-01 4.059969e-02 0.000000e+00
 0.000000e+00 0.000000e+00 0.000000e+00 9.247308e-01 7.526916e-02
 0.000000e+00 0.000000e+00 0.000000e+00 0.000000e+00 0.000000e+00
<ENDHMM>
