~o
<STREAMINFO> 1 39
<VECSIZE> 39<NULLD><MFCC_E_D_A><DIAGC>
~h "Muc"
<BEGINHMM>
<NUMSTATES> 25
<STATE> 2
<MEAN> 39
 -5.410934e+00 -8.831787e+00 -2.475185e-01 -7.877758e-01 4.115706e-01 -4.828177e+00 1.537057e+00 8.319341e-02 8.892520e-01 -4.312491e+00 8.226538e-01 -1.196337e+00 5.805235e-02 4.698449e-02 -2.822968e-02 9.581304e-02 5.103815e-02 8.361145e-03 2.325517e-01 -9.106596e-01 -4.752790e-02 -3.690781e-01 -7.398998e-02 -6.695119e-02 -2.440966e-01 7.694596e-03 3.867909e-01 2.317588e-01 -3.077627e-01 -6.998990e-01 -4.909663e-01 -1.026906e-01 -5.195476e-01 -7.681925e-01 -2.812157e-01 5.373608e-02 5.376270e-02 -2.323912e-01 1.609830e-02
<VARIANCE> 39
 2.356193e+00 7.862437e-01 2.107423e+00 4.015750e+00 6.248412e+00 6.307486e+00 9.168777e+00 7.655730e+00 1.886894e+01 1.506086e+01 5.149729e+00 9.300424e+00 5.000000e-02 2.614286e-01 1.192837e-01 2.230127e-01 9.022419e-01 1.520470e+00 3.596250e-01 4.066944e-01 1.394104e+00 9.463133e-01 2.806026e-01 1.515834e+00 1.797992e-01 5.000000e-02 1.163625e-01 5.000000e-02 5.000000e-02 1.001638e-01 9.264357e-02 7.506660e-02 1.072873e-01 7.820673e-02 3.231524e-01 2.004972e-01 2.369241e-01 8.888262e-02 5.000000e-02
<GCONST> 4.722836e+01
<STATE> 3
<MEAN> 39
 -5.344115e+00 -8.132442e+00 -1.843937e-01 -2.196503e+00 7.096243e-01 -4.365023e+00 -1.031109e+00 -2.523531e+00 1.786454e-01 -2.583125e+00 3.291358e+00 -1.142033e+00 5.784956e-02 1.866236e+00 1.003884e+00 -8.627600e-01 -2.441086e+00 -1.567410e+00 -6.885594e-01 -1.868801e+00 -1.971636e+00 -1.203092e+00 -3.032262e-01 -4.250439e-01 -1.320783e+00 8.881997e-02 9.273723e-01 1.912059e-01 -5.052552e-01 -6.932141e-01 -7.900620e-01 -6.248514e-01 -2.539778e-01 -3.630418e-01 -1.072716e-01 -1.257232e-01 -6.366038e-01 -5.485392e-01 3.708772e-02
<VARIANCE> 39
 4.799854e+00 2.346940e+00 2.944119e+00 9.838892e+00 1.787671e+01 7.847551e+00 2.483713e+00 4.793491e+00 8.864451e+00 9.700830e+00 6.249104e+00 3.036154e+00 5.000000e-02 1.230791e+00 4.587646e-01 5.556144e-01 9.739083e-01 1.646976e+00 4.951650e-01 1.372345e+00 8.706883e-01 1.278161e+00 1.605064e+00 9.606298e-01 1.455180e+00 5.000000e-02 9.846392e-02 1.633388e-01 1.122874e-01 1.974989e-01 1.980639e-01 9.128796e-02 5.000000e-02 1.107992e-01 4.337326e-01 2.087355e-01 3.070766e-01 1.642306e-01 5.000000e-02
<GCONST> 6.060132e+01
<STATE> 4
<MEAN> 39
 1.478008e+00 -5.444952e+00 -3.919410e+00 -1.005013e+01 -5.459527e+00 -8.151610e+00 -5.947271e+00 -7.620674e+00 -3.372823e+00 -4.818238e+00 -1.178666e+00 -6.334551e+00 3.780965e-01 3.396997e+00 6.824135e-01 -1.747214e+00 -2.274267e+00 -2.658510e+00 -1.972669e+00 -2.126895e+00 -1.826545e+00 -7.146457e-01 -7.253626e-01 -1.884592e+00 -1.938161e+00 1.453832e-01 7.635221e-03 -3.489220e-01 -2.453727e-01 4.360787e-01 1.630273e-01 2.532711e-01 2.502347e-01 4.688850e-01 2.456531e-01 -1.468821e-01 -2.357503e-01 3.446827e-01 3.262852e-04
<VARIANCE> 39
 1.618089e+01 5.677999e+00 1.016925e+01 1.081525e+01 2.009843e+01 1.155022e+01 7.755432e+00 2.228958e+01 2.089809e+01 7.854014e+00 4.918670e+00 2.177773e+01 5.000000e-02 6.216207e-01 1.140698e+00 9.045407e-01 8.428155e-01 6.580934e-01 1.399943e+00 9.313177e-01 6.823079e-01 2.497313e+00 1.364044e+00 1.383577e+00 2.170810e+00 5.000000e-02 2.056006e-01 7.632701e-02 1.040625e-01 1.071267e-01 2.826870e-01 3.763881e-01 1.040413e-01 3.637455e-01 1.992707e-01 2.224226e-01 1.702170e-01 3.464742e-01 5.000000e-02
<GCONST> 7.334737e+01
<STATE> 5
<MEAN> 39
 6.706933e+00 -4.899093e+00 -6.204823e+00 -1.097213e+01 -8.224853e+00 -1.114398e+01 -9.663692e+00 -1.020506e+01 -2.941551e+00 -6.076856e+00 -3.896130e+00 -8.925476e+00 5.805294e-01 2.055527e+00 -4.507680e-01 -2.161880e+00 -8.233746e-01 -1.091397e+00 1.069845e-01 -1.171509e+00 3.197491e-01 -3.456408e-01 -6.067415e-01 -1.809826e+00 -4.004224e-01 1.011154e-01 -1.004878e+00 -5.828357e-01 -7.154244e-01 9.951696e-02 1.118470e+00 1.655406e+00 1.078772e+00 1.226590e+00 -2.668522e-01 2.606253e-01 3.155576e-01 9.930547e-01 -1.653455e-02
<VARIANCE> 39
 5.392691e+00 7.830671e+00 4.410809e+00 1.217839e+01 1.574621e+01 1.709081e+01 2.159743e+01 1.622558e+01 2.217625e+01 9.243783e+00 3.572012e+00 1.611790e+01 5.000000e-02 6.026402e-01 5.354950e-01 1.073191e+00 8.552153e-01 1.166064e+00 4.009095e+00 5.159706e-01 3.091024e+00 6.748329e-01 4.030654e-01 9.771838e-02 3.503555e-01 5.000000e-02 5.722923e-02 2.037054e-01 3.154106e-01 1.420205e-01 5.534954e-02 4.334698e-01 1.903486e-01 4.290202e-01 3.175358e-01 4.997502e-01 3.241293e-01 2.793835e-01 5.000000e-02
<GCONST> 6.932778e+01
<STATE> 6
<MEAN> 39
 9.379651e+00 -6.050563e+00 -8.872562e+00 -1.203352e+01 -1.146917e+01 -1.088824e+01 -8.716106e+00 -9.012990e+00 -3.236777e+00 -7.181593e+00 -7.143173e+00 -7.279221e+00 6.932133e-01 3.507039e-01 -8.197492e-01 -3.084306e+00 -1.501686e+00 5.767455e-01 3.118214e+00 9.662378e-01 1.353745e+00 -9.252141e-01 -5.604178e-01 -3.461887e-01 1.495983e+00 7.000843e-02 -1.420580e+00 -2.721211e-01 -1.100830e+00 -2.813896e-01 1.524379e+00 1.883839e+00 1.167212e+00 7.524379e-01 -4.523599e-01 4.379345e-01 8.437387e-01 1.483330e-01 -1.088830e-02
<VARIANCE> 39
 7.021922e+00 1.061411e+01 8.945733e+00 1.322525e+01 6.701503e+00 4.064948e+01 1.160664e+01 2.688281e+00 1.797462e+01 3.039737e+00 3.618270e+00 2.145601e+01 5.000000e-02 7.107883e-01 9.957917e-01 3.797791e+00 1.513484e+00 1.521073e+00 8.265831e+00 1.972600e+00 3.572371e+00 1.778190e+00 3.576398e+00 9.116631e-01 9.296364e-01 5.000000e-02 1.517930e-01 2.185399e-01 3.068803e-01 1.711491e-01 9.333297e-02 8.609008e-01 7.648275e-02 1.359345e-01 2.961130e-01 1.887265e-01 1.005212e-01 5.430074e-01 5.000000e-02
<GCONST> 7.751426e+01
<STATE> 7
<MEAN> 39
 9.035047e+00 -9.162783e+00 -1.955973e+01 -1.365606e+01 -6.139027e+00 -1.884024e+00 -3.782640e+00 -2.737468e+00 -7.477880e+00 -7.096628e+00 -6.109566e+00 -3.884621e+00 8.265250e-01 -1.848511e+00 -1.576993e+00 -6.214210e+00 -1.582145e+00 3.237173e+00 6.368238e+00 3.071692e+00 2.395529e+00 -2.104741e+00 1.318082e+00 3.186639e-01 -6.825454e-02 7.107440e-02 -8.161238e-01 3.269986e-01 3.839279e-01 -3.731998e-01 7.639194e-01 -2.832981e-02 2.559371e-01 -2.018576e-01 1.683456e-01 4.605151e-01 5.186471e-01 -8.007902e-01 -6.777173e-03
<VARIANCE> 39
 1.000271e+01 8.122083e+00 8.979917e+01 1.729848e+01 3.105846e+01 9.979772e+01 3.991652e+01 1.106175e+01 3.156499e+01 1.086328e+01 4.653397e+00 9.001464e+00 5.000000e-02 1.421044e+00 1.161455e+00 1.987700e+00 1.817128e+00 5.366215e-01 2.461303e+00 1.012533e+00 6.468387e-01 8.765901e-01 1.374603e+00 1.071620e+00 5.560031e+00 5.000000e-02 2.023338e-01 1.962955e-01 1.830643e+00 8.496460e-02 3.143884e-01 2.288340e+00 3.986135e-01 4.787966e-01 4.627217e-01 4.925134e-01 2.204263e-01 4.177752e-01 5.000000e-02
<GCONST> 9.081269e+01
<STATE> 8
<MEAN> 39
 9.351116e-01 -1.026375e+01 -2.797909e+01 -2.005674e+01 1.843458e+00 1.146051e+01 -8.366788e-01 -6.930337e-01 -1.039225e+01 -3.643604e+00 -4.341006e+00 -7.374167e+00 9.441236e-01 -3.070205e+00 5.976683e-02 -2.575334e+00 -2.824289e+00 3.918149e+00 2.313338e+00 2.092702e+00 7.626461e-01 -7.026113e-01 6.224316e-01 1.497036e+00 -1.011497e+00 5.353379e-02 3.660952e-01 4.043482e-01 1.829524e+00 1.378906e-01 -9.665595e-01 -2.158402e+00 -3.690530e-01 -2.628138e-01 8.943182e-01 -1.810596e-01 1.914564e-01 3.235323e-01 -1.968968e-02
<VARIANCE> 39
 1.577850e+01 9.419638e+00 4.630770e+01 6.691455e+01 3.861712e+01 7.612297e+00 5.751981e+01 9.591110e+00 8.585113e+00 1.562904e+01 1.669682e+01 4.438302e+01 5.000000e-02 1.183129e+00 4.462747e-01 5.524522e+00 9.577327e-01 1.755471e+00 9.506042e+00 7.503746e-01 1.346114e+00 3.085929e+00 1.398800e+00 6.282264e-01 1.323307e+00 5.000000e-02 3.166864e-01 1.896647e-01 5.472461e-01 4.615501e-01 5.138836e-01 3.675943e-01 3.410108e-01 4.298334e-01 1.125459e-01 1.545392e-01 2.083994e-01 4.284681e-01 5.000000e-02
<GCONST> 9.012099e+01
<STATE> 9
<MEAN> 39
 -1.453825e+00 -9.492105e+00 -2.712533e+01 -2.321064e+01 5.474624e+00 8.873646e+00 2.926131e+00 -4.728774e-01 -9.546669e+00 -3.166589e+00 -8.009617e-01 -9.028006e+00 9.853051e-01 -3.285351e-01 2.175118e-01 1.624179e+00 -1.805223e+00 -5.922601e-01 -1.526164e+00 9.850401e-01 2.044251e+00 1.445409e+00 4.911247e-01 1.421509e+00 1.348530e+00 1.468536e-02 1.074168e+00 -8.666079e-03 1.392310e+00 4.548103e-01 -1.979079e+00 -1.750714e+00 -5.660747e-01 6.516264e-01 5.265129e-01 -2.105596e-01 -5.008680e-01 1.056838e+00 -1.608116e-02
<VARIANCE> 39
 2.071315e+01 1.069287e+01 1.951307e+01 2.192324e+01 1.324782e+01 1.652039e+01 2.242395e+01 6.579792e+00 5.301498e+00 2.428571e+01 8.562528e+00 4.062798e+01 5.000000e-02 9.745069e-01 6.336508e-01 1.691025e+00 2.112585e+00 3.068258e+00 1.634781e+00 1.568656e+00 3.207371e+00 5.782388e-01 3.215800e-01 1.006122e+00 1.337449e+00 5.000000e-02 1.757479e-01 5.000000e-02 4.469577e-01 1.925680e-01 2.427103e-01 1.107579e+00 9.407563e-02 6.269007e-02 1.743629e-01 2.433930e-01 2.119316e-01 6.723435e-01 5.000000e-02
<GCONST> 7.913318e+01
<STATE> 10
<MEAN> 39
 -1.178162e+00 -7.830741e+00 -2.327864e+01 -2.740554e+01 -4.607998e-01 4.593906e+00 1.911683e+00 6.144250e+00 -5.843367e+00 -3.479019e+00 -4.237966e-01 -2.056747e+00 9.902176e-01 8.573392e-01 -1.760164e-01 1.610374e+00 -5.462644e-01 -2.334724e+00 -2.373819e+00 1.280659e-01 2.842219e+00 9.644049e-01 5.818751e-01 -5.005484e-01 2.061273e+00 -9.565457e-03 4.844023e-01 -4.401334e-01 3.480308e-01 7.021481e-01 -3.013006e-01 -8.311691e-02 -4.966322e-01 -4.983439e-01 -1.442232e-01 -1.158037e-01 -7.035851e-01 -4.181889e-02 -1.516464e-02
<VARIANCE> 39
 2.029693e+01 9.660889e+00 3.013503e+01 2.994217e+01 4.983064e+01 9.461568e+00 3.050896e+01 5.463964e+01 2.399872e+00 1.227107e+01 3.148844e+01 3.486273e+01 5.000000e-02 5.364243e-01 3.687392e-01 8.271365e-01 1.476353e+00 1.570674e+00 2.407280e+00 1.108274e+00 2.017374e+00 3.040608e-01 5.358756e-01 1.231758e+00 2.118122e+00 5.000000e-02 7.158779e-02 5.000000e-02 6.854180e-02 1.505459e-01 7.937728e-01 3.308619e-01 3.118500e-01 1.882975e+00 1.350652e-01 2.891963e-01 4.743180e-01 3.683439e-01 5.000000e-02
<GCONST> 8.152731e+01
<STATE> 11
<MEAN> 39
 1.743877e+00 -1.100612e+01 -1.734625e+01 -2.732583e+01 -3.629196e+00 -2.061444e+00 2.738640e+00 1.015073e+01 -4.725253e+00 -1.226461e+00 -5.278262e+00 1.697168e+00 9.325111e-01 1.404385e+00 -1.221797e+00 2.818264e+00 1.660296e+00 -2.109539e+00 -1.658130e+00 -1.433695e+00 -6.969416e-01 -1.247867e-01 -1.928432e-01 -1.758206e+00 6.112321e-01 -5.745281e-02 7.259610e-02 -4.136672e-02 -2.582445e-01 1.427462e+00 6.710695e-01 7.935380e-01 -1.785290e-01 -1.819313e+00 -1.885350e-01 -4.621435e-01 4.590710e-01 -9.241267e-01 -2.376464e-02
<VARIANCE> 39
 5.538459e+00 1.188177e+01 4.319613e+01 3.491668e+01 2.294473e+01 1.900297e+01 1.676799e+01 3.138665e+01 1.166343e+01 2.779941e+00 3.648214e+01 2.440935e+01 5.000000e-02 5.387126e-01 7.746112e-01 1.708539e-01 5.255538e+00 2.226572e+00 4.502192e+00 1.487248e+00 1.268051e+01 1.627969e+00 1.688820e+00 4.581483e+00 2.520162e+00 5.000000e-02 5.000000e-02 1.744129e-01 3.971921e-01 6.755747e-01 2.709114e-01 7.589507e-01 2.834804e-01 7.947540e-01 3.494184e-01 2.696775e-01 1.521520e+00 2.265529e-01 5.000000e-02
<GCONST> 9.197098e+01
<STATE> 12
<MEAN> 39
 4.446186e+00 -1.269175e+01 -1.456106e+01 -2.162462e+01 -5.919544e+00 -1.344522e+00 -1.334662e+00 4.839158e+00 -5.400185e+00 -2.097059e+00 -4.395063e+00 6.475185e-01 7.836546e-01 1.246237e+00 -1.099656e+00 1.082960e+00 3.888295e+00 -3.885468e-01 -6.401950e-01 -2.274654e-01 -3.694660e+00 9.273122e-01 -1.335304e+00 5.214029e-01 -6.329148e-01 -9.525981e-02 -3.285174e-01 3.856024e-01 -9.609705e-01 9.657242e-02 8.966109e-01 4.594992e-01 7.604407e-01 -6.829386e-01 2.384970e-01 -3.451761e-01 5.609505e-01 -4.021540e-01 -5.848703e-03
<VARIANCE> 39
 6.378662e+00 6.726182e+00 4.578041e+01 1.879520e+01 2.935286e+01 1.446402e+01 2.010156e+01 1.143349e+02 1.878189e+01 1.135650e+01 3.183705e+01 1.355620e+01 5.000000e-02 3.858601e-01 1.232898e+00 4.641655e+00 4.335133e+00 2.174765e+00 2.714339e+00 1.471716e+00 2.935221e+00 1.680441e+00 1.773826e+00 6.596308e+00 9.890141e-01 5.000000e-02 5.837559e-02 9.337869e-02 5.851238e-01 4.847586e-01 2.682499e-01 2.354213e-01 1.956709e-01 3.612129e+00 1.479883e-01 3.619572e-01 9.272249e-01 3.386791e-01 5.000000e-02
<GCONST> 9.322646e+01
<STATE> 13
<MEAN> 39
 7.146803e+00 -1.494931e+01 -1.361645e+01 -1.400830e+01 -8.963928e+00 -4.315231e+00 1.050408e+00 1.112465e-01 -2.342423e+00 -5.940753e+00 -5.014959e+00 -1.660530e+00 6.952516e-01 6.326434e-01 2.907983e-01 6.263195e-01 2.920026e+00 1.574357e+00 4.229086e-02 5.914967e-01 -3.618460e+00 9.115015e-01 -1.713062e+00 5.082549e-01 -1.285856e+00 -8.847795e-02 -5.885985e-01 5.924225e-01 -7.634683e-01 -8.904842e-01 7.612670e-01 7.211195e-01 5.453184e-01 8.146639e-01 -2.549134e-01 7.233755e-01 9.265804e-01 -1.247657e-02 6.101609e-03
<VARIANCE> 39
 4.130088e+00 6.504051e+00 1.856796e+01 1.900676e+01 3.614643e+01 1.454427e+01 4.367284e+00 5.301666e+01 1.918843e+01 1.019749e+01 1.744426e+01 2.029092e+01 5.000000e-02 2.437715e-01 9.528275e-01 5.262919e+00 7.035732e-01 2.072839e+00 1.633383e+00 1.883833e+00 8.469331e+00 1.284657e+00 2.607219e+00 6.249934e+00 8.187811e-01 5.000000e-02 5.000000e-02 2.399681e-01 2.426408e-01 9.180183e-01 8.729697e-01 4.791794e-01 1.181666e-01 4.606314e-01 4.599465e-01 3.113140e-01 7.128436e-01 2.133229e-01 5.000000e-02
<GCONST> 8.784803e+01
<STATE> 14
<MEAN> 39
 7.003608e+00 -1.155517e+01 -1.465132e+01 -1.110062e+01 -1.605066e+00 -1.642831e+00 1.426469e+00 -5.546399e+00 -4.229844e+00 -6.539406e+00 -1.040365e+00 -3.725761e+00 5.196293e-01 -7.013243e-01 5.139087e-01 -1.585076e+00 -1.494967e-02 1.628609e+00 1.286206e+00 1.716682e+00 -6.160504e-01 5.834002e-01 9.582902e-01 2.005493e+00 -1.623807e-01 -5.875160e-02 -4.447446e-01 -1.849793e-01 -2.109923e-01 -1.005463e+00 -3.083369e-01 1.221345e-01 3.451547e-01 1.179133e+00 2.875559e-01 7.768170e-01 -2.331326e-01 3.162439e-01 1.914870e-02
<VARIANCE> 39
 5.585487e+00 5.017416e+00 1.033985e+01 1.045288e+01 7.768893e+00 1.476321e+01 2.278868e+00 1.761099e+01 3.016401e+01 2.245574e+01 2.750084e+01 2.690525e+01 5.000000e-02 2.157484e-01 1.512795e+00 2.086928e+00 1.340652e+00 1.911884e+00 1.170464e+00 1.092525e+00 2.601591e+00 1.135832e+00 1.259197e+00 2.567569e+00 7.207122e-01 5.000000e-02 6.174753e-02 1.769192e-01 5.792133e-01 5.435343e-01 1.847877e-01 2.444822e-01 2.678928e-01 6.106161e-01 5.997565e-01 1.003727e+00 1.220162e+00 9.900327e-02 5.000000e-02
<GCONST> 8.179648e+01
<STATE> 15
<MEAN> 39
 4.589786e+00 -1.252897e+01 -1.710918e+01 -1.328060e+01 -2.285771e+00 1.000367e+00 6.209661e+00 -2.781688e+00 -1.603724e+00 -3.510949e+00 1.442236e+00 -3.586756e+00 4.935245e-01 -7.388343e-01 -2.703908e-03 -3.909459e-01 -2.595178e-01 2.153644e-01 5.410836e-01 1.400802e+00 8.325551e-01 9.117057e-01 1.292234e+00 1.354751e+00 2.504233e-01 -2.420470e-02 2.021962e-02 -5.047971e-02 4.542984e-01 -1.460494e-01 -4.225805e-01 -5.365869e-01 -7.827673e-01 3.659531e-01 -1.164459e-01 -5.084021e-02 -3.253063e-01 8.664227e-02 1.096009e-02
<VARIANCE> 39
 1.222414e+00 4.968448e+00 8.059688e+00 9.137503e+00 1.010610e+01 1.154668e+01 8.395947e+00 1.983697e+01 1.371458e+01 1.493763e+01 7.559143e+00 5.442037e+00 5.000000e-02 4.008629e-01 5.000000e-02 2.187959e-01 8.925841e-01 2.083131e-01 1.388356e+00 1.248701e+00 1.182485e+00 2.101162e+00 3.802876e+00 2.521445e+00 3.660040e-01 5.000000e-02 5.000000e-02 2.211591e-01 3.722186e-01 1.652588e-01 1.945738e-01 1.155578e-01 1.931031e-01 6.556029e-01 4.220612e-01 4.276627e-01 1.776588e-01 1.499265e-01 5.000000e-02
<GCONST> 6.481896e+01
<STATE> 16
<MEAN> 39
 3.042406e+00 -1.287879e+01 -1.740216e+01 -1.500191e+01 -1.422534e+00 -2.327665e-01 5.780638e+00 -8.190806e-01 1.420717e+00 -5.219722e-01 2.688230e+00 -8.673120e-01 4.420258e-01 -5.061275e-01 -6.499506e-02 3.736034e-01 2.351733e-01 1.707291e-01 -5.488442e-02 -1.828313e-01 -1.346739e-01 1.227813e-02 2.245557e-01 9.104875e-02 -5.461467e-01 -2.454164e-02 9.526073e-02 3.199587e-02 4.064541e-01 2.709985e-01 5.646943e-02 -1.824917e-02 -3.650095e-01 -3.665776e-01 -5.955096e-01 -7.219805e-01 -4.583221e-01 -9.808962e-02 2.145246e-03
<VARIANCE> 39
 1.013935e+00 2.107188e+00 4.776009e+00 1.048042e+01 3.079517e+00 8.870310e+00 9.349370e+00 9.732818e+00 8.895991e+00 9.003788e+00 1.441908e+01 6.632846e+00 5.000000e-02 4.778738e-01 3.877088e-01 7.944962e-01 9.539992e-01 4.497707e-01 9.480476e-01 4.412736e-01 1.599285e+00 5.132422e+00 3.132121e+00 1.025709e+00 1.052587e+00 5.000000e-02 1.050170e-01 5.000000e-02 1.017816e-01 1.273731e-01 1.253780e-01 3.459534e-01 2.683384e-01 1.920398e-01 4.347756e-01 3.248857e-01 2.392220e-01 7.830843e-02 5.000000e-02
<GCONST> 6.218136e+01
<STATE> 17
<MEAN> 39
 3.372102e+00 -1.193748e+01 -1.564617e+01 -1.335607e+01 -1.428739e+00 -6.660469e-01 4.346755e+00 -2.937020e+00 -2.701476e+00 -5.181635e+00 2.474665e-01 -5.224169e+00 4.234974e-01 -2.918917e-01 1.168827e-01 1.160237e+00 5.374755e-01 4.235189e-01 -2.878825e-01 -9.260807e-01 -7.758760e-01 -9.049839e-01 -1.035075e+00 -9.607799e-02 1.040190e-01 -2.031133e-02 -3.472747e-02 -9.080627e-02 3.617057e-02 7.324130e-02 3.715792e-02 -1.589421e-02 1.969228e-01 2.382791e-01 9.304619e-02 1.304292e-01 7.296019e-02 3.816202e-01 5.003038e-04
<VARIANCE> 39
 3.331223e+00 1.772751e+00 5.209531e+00 7.619909e+00 1.926006e+01 6.982605e+00 1.339741e+01 1.062785e+01 1.658576e+01 1.257269e+01 7.311858e+00 1.044871e+01 5.000000e-02 6.449737e-01 1.652441e-01 6.617396e-01 1.759529e-01 3.009488e-01 1.196011e+00 1.387718e+00 3.687227e-01 6.592979e-01 1.809954e-01 4.072610e-01 2.845678e-01 5.000000e-02 5.000000e-02 5.000000e-02 1.292197e-01 5.000000e-02 1.336910e-01 1.210336e-01 2.601320e-01 2.986076e-01 4.823981e-01 2.797761e-01 5.000000e-02 1.617904e-01 5.000000e-02
<GCONST> 5.278857e+01
<STATE> 18
<MEAN> 39
 2.951919e+00 -1.157171e+01 -1.176711e+01 -1.073748e+01 8.901180e-01 3.408899e-01 2.197285e+00 -4.712815e+00 -2.864960e+00 -4.174623e+00 2.540948e+00 -1.810127e+00 3.624013e-01 -5.277304e-01 -2.082435e-01 2.831422e-01 4.414648e-01 2.191587e-01 -1.134980e-01 4.860044e-01 4.294517e-01 -7.987235e-02 1.696666e-01 4.388531e-01 8.374962e-01 -1.890207e-02 -1.440659e-01 -1.691881e-01 -6.219978e-01 -2.041044e-01 -8.482867e-02 1.720166e-01 6.316043e-01 4.760459e-01 2.141199e-01 2.944522e-01 1.026188e-01 1.150317e-02 7.711126e-04
<VARIANCE> 39
 9.751374e+00 5.033180e+00 7.544831e+00 5.651547e+00 1.102275e+01 1.742282e+01 1.135496e+01 7.932850e+00 8.366046e+00 1.751790e+01 3.947772e+00 5.685534e+00 5.000000e-02 3.096947e-01 3.792844e-01 1.366032e+00 5.335985e-01 5.896092e-01 1.269957e+00 8.810648e-01 1.110605e+00 1.040750e+00 4.389604e-01 7.828577e-01 5.123264e-01 5.000000e-02 1.757809e-01 5.000000e-02 1.594342e-01 5.000000e-02 5.000000e-02 8.036211e-02 5.000000e-02 1.355349e-01 1.837772e-01 1.949272e-01 2.593016e-01 5.000000e-02 5.000000e-02
<GCONST> 5.597530e+01
<STATE> 19
<MEAN> 39
 3.793030e-01 -1.339393e+01 -1.417852e+01 -1.104947e+01 1.133186e-01 -2.760315e-01 6.617856e+00 -1.163384e+00 -2.194490e+00 -4.438715e+00 1.836678e+00 -1.632473e+00 3.372041e-01 -4.981929e-01 -3.433091e-01 -7.057685e-01 -2.513643e-02 2.810901e-01 6.080418e-01 1.524511e+00 1.108991e+00 -8.624302e-03 -4.645270e-03 -2.683987e-01 3.001403e-01 -7.502640e-03 1.051063e-01 2.243088e-01 9.995928e-02 -1.775447e-01 -1.629932e-01 -1.293476e-01 -2.075765e-01 8.817778e-03 2.939166e-01 1.510135e-01 -7.653426e-02 -8.742731e-02 1.707671e-03
<VARIANCE> 39
 5.775667e+00 3.516243e+00 2.072071e+00 4.252300e+00 9.481341e+00 1.223565e+01 5.535369e+00 9.046978e+00 1.062398e+01 3.210965e+00 4.712543e+00 8.493944e+00 5.000000e-02 8.683318e-01 2.003139e-01 2.114802e-01 3.596692e-01 2.722636e-01 3.343682e-01 7.861103e-01 8.754541e-01 1.873360e+00 2.646770e+00 1.421609e+00 4.816951e-01 5.000000e-02 1.442398e-01 5.000000e-02 1.246350e-01 1.100532e-01 1.108566e-01 3.453339e-01 4.014041e-01 2.629249e-01 2.096350e-01 5.955141e-02 7.094368e-02 5.000000e-02 5.000000e-02
<GCONST> 5.313308e+01
<STATE> 20
<MEAN> 39
 6.460629e-01 -1.380701e+01 -1.562170e+01 -1.185456e+01 6.246480e-01 1.232832e+00 7.654096e+00 -1.311712e+00 -2.897632e+00 -3.848091e+00 1.590520e+00 -1.345988e+00 3.233329e-01 -5.505403e-01 3.710725e-01 4.645444e-01 2.844619e-02 -3.020007e-01 -6.121729e-02 4.443201e-01 8.658948e-01 8.075234e-01 2.471648e-01 -3.165818e-02 4.339207e-01 -2.768796e-02 -1.765518e-01 5.091020e-01 9.066325e-01 3.329148e-01 -2.068490e-01 -4.563951e-01 -6.048360e-01 -8.477074e-02 4.555786e-01 1.664112e-01 3.380751e-01 -4.856953e-02 -1.296914e-02
<VARIANCE> 39
 2.028965e+00 2.131307e+00 1.234359e+00 2.200683e+00 5.930666e+00 7.979398e+00 9.980909e+00 2.166965e+01 1.461788e+01 3.482775e+00 2.901133e+01 3.310848e+00 5.000000e-02 8.117228e-01 4.971485e-01 7.274905e-01 6.519772e-01 3.770470e-01 6.264585e-01 1.358555e+00 1.235799e+00 3.980612e-01 7.402580e-01 1.603022e+00 4.458806e-01 5.000000e-02 5.000000e-02 5.000000e-02 6.585702e-02 5.000000e-02 5.000000e-02 6.626699e-02 1.976450e-01 2.301199e-01 2.553485e-01 2.465763e-01 5.899335e-01 2.081912e-01 5.000000e-02
<GCONST> 5.337616e+01
<STATE> 21
<MEAN> 39
 -4.076247e-01 -1.185973e+01 -1.316618e+01 -1.185524e+01 -9.818043e-01 -4.031347e-01 6.957747e+00 1.162032e+00 3.728273e-01 -3.497380e+00 2.174118e+00 6.406379e-01 2.844810e-01 -1.042188e+00 1.184509e+00 2.501340e+00 1.270286e+00 -2.817646e-01 -1.098174e+00 -7.103586e-01 4.122165e-01 1.696181e+00 7.550164e-01 9.048384e-01 1.311687e-02 -5.042710e-02 -1.690435e-01 1.438807e-01 5.418090e-01 4.375266e-01 8.399500e-02 -2.802167e-01 -2.534005e-01 -4.554383e-01 -1.432700e-01 -2.180429e-02 8.217513e-02 -3.015353e-01 -9.592601e-03
<VARIANCE> 39
 2.421047e+00 2.049558e+00 1.018832e+01 8.072157e+00 4.986241e+00 1.850994e+01 1.575360e+01 1.800486e+01 1.473586e+01 6.467992e+00 1.637228e+01 7.178497e+00 5.000000e-02 3.176261e-01 3.753448e-01 9.822550e-01 2.418610e-01 2.313073e-01 1.103458e+00 1.169856e+00 6.341701e-01 8.690373e-01 7.388015e-01 1.496790e+00 1.092591e+00 5.000000e-02 1.434519e-01 5.000000e-02 1.360150e-01 1.255291e-01 5.000000e-02 3.283007e-01 2.395122e-01 1.770334e-01 1.634109e-01 2.886503e-01 5.200692e-01 5.383257e-01 5.000000e-02
<GCONST> 6.241368e+01
<STATE> 22
<MEAN> 39
 -3.566982e+00 -9.579359e+00 -7.384559e+00 -7.945183e+00 -1.303422e+00 -1.829062e+00 7.146775e+00 2.133912e+00 4.331352e+00 -1.558065e+00 4.393977e+00 -1.630215e+00 1.676084e-01 -1.261487e+00 1.242254e+00 2.607547e+00 1.375939e+00 -2.784308e-01 -1.500753e+00 -9.585271e-01 -4.835540e-01 3.228475e-01 3.637939e-01 4.441755e-01 -6.816478e-01 -6.156449e-02 1.790381e-01 -2.757309e-01 -4.799818e-01 -1.441567e-01 2.064924e-01 1.860754e-01 -8.494047e-02 -5.271250e-01 -6.141343e-01 -3.125045e-01 -3.315421e-01 -8.746873e-02 5.890204e-03
<VARIANCE> 39
 3.469755e+00 2.549422e+00 9.795934e+00 1.089886e+00 2.465364e+00 1.040866e+01 1.247575e+01 2.752578e+01 7.096175e+00 6.290870e+00 1.161611e+01 1.211123e+01 5.000000e-02 4.676294e-01 1.709232e-01 4.869364e-01 3.906879e-01 5.003139e-01 2.305386e+00 9.921570e-01 9.971244e-01 1.068853e+00 1.219308e+00 2.470214e+00 4.734319e+00 5.000000e-02 5.000000e-02 5.000000e-02 7.954897e-02 5.000000e-02 8.030944e-02 1.280884e-01 1.369660e-01 1.505009e-01 5.734182e-02 7.626776e-02 1.781536e-01 2.302276e-01 5.000000e-02
<GCONST> 5.513366e+01
<STATE> 23
<MEAN> 39
 -3.776553e+00 -8.790332e+00 -6.018137e+00 -7.491273e+00 -9.780675e-01 -3.735484e+00 4.710566e+00 -7.760208e-01 7.125540e-01 -2.389149e+00 4.405946e+00 -2.118029e+00 9.850819e-02 -4.736542e-01 8.918373e-02 6.226664e-01 7.752873e-01 3.185243e-01 -2.664667e-01 -3.729385e-01 -8.547763e-01 -1.893925e-01 -3.821948e-01 -2.577938e-01 -2.165056e-01 -2.661686e-02 3.036545e-01 -3.668407e-01 -5.653374e-01 -1.262124e-01 1.398325e-01 2.749702e-01 1.849155e-01 4.421713e-02 -1.961327e-01 -2.830962e-01 -3.694823e-01 1.747307e-01 1.551357e-02
<VARIANCE> 39
 2.993544e+00 1.306713e+00 5.871053e+00 1.924741e+00 4.663783e+00 1.498381e+01 1.043720e+01 6.405116e+00 1.435348e+01 1.176120e+01 1.192184e+01 3.085087e+01 5.000000e-02 2.443133e-01 1.968678e-01 4.722502e-01 5.285043e-01 7.361284e-01 1.608357e+00 9.904819e-01 6.732727e-01 2.708408e-01 2.024337e-01 2.353235e+00 2.533554e+00 5.000000e-02 7.608561e-02 5.000000e-02 1.168965e-01 7.769889e-02 1.193033e-01 3.160242e-01 1.764934e-01 7.021246e-02 8.584122e-02 1.082411e-01 2.055547e-01 5.552916e-01 5.000000e-02
<GCONST> 5.539679e+01
<STATE> 24
<MEAN> 39
 -4.448921e+00 -9.206779e+00 -5.620876e+00 -5.242914e+00 9.711253e-01 -2.857101e+00 5.468730e+00 -2.794630e+00 2.352887e+00 -2.196255e+00 3.418368e+00 -1.131668e+00 7.891852e-02 -1.892872e-01 -2.909356e-01 2.881891e-01 7.803724e-01 1.866809e-01 -2.693740e-01 -3.718301e-01 -4.025519e-01 5.805490e-03 -4.966805e-01 -7.857251e-01 8.612195e-02 -6.823970e-03 1.531190e-01 7.000753e-02 3.861499e-02 -1.080871e-01 -3.784015e-02 1.672286e-01 -5.758602e-02 2.526841e-01 -2.015721e-01 -1.727436e-01 7.226883e-02 1.334236e-01 7.588621e-03
<VARIANCE> 39
 1.943197e+00 2.040793e+00 6.220744e+00 2.332491e+00 7.208722e+00 1.190882e+01 7.907781e+00 6.310747e+00 1.909221e+01 3.688491e+00 8.072515e+00 2.229871e+01 5.000000e-02 2.531800e-01 1.554173e-01 4.318849e-01 1.152835e-01 8.499722e-01 1.542493e-01 6.629287e-01 3.367853e-01 2.479621e-01 5.244514e-01 4.686582e-01 9.744209e-01 5.000000e-02 7.511748e-02 5.000000e-02 1.226949e-01 1.603577e-01 1.303477e-01 3.532395e-01 7.850347e-02 5.000000e-02 5.000000e-02 5.000000e-02 2.956660e-01 4.807100e-01 5.000000e-02
<GCONST> 4.588879e+01
<TRANSP> 25
 0.000000e+00 1.000000e+00 0.000000e+00 0.000000e+00 0.000000e+00 0.000000e+00 0.000000e+00 0.000000e+00 0.000000e+00 0.000000e+00 0.000000e+00 0.000000e+00 0.000000e+00 0.000000e+00 0.000000e+00 0.000000e+00 0.000000e+00 0.000000e+00 0.000000e+00 0.000000e+00 0.000000e+00 0.000000e+00 0.000000e+00 0.000000e+00 0.000000e+00
 0.000000e+00 4.937963e-01 5.062037e-01 0.000000e+00 0.000000e+00 0.000000e+00 0.000000e+00 0.000000e+00 0.000000e+00 0.000000e+00 0.000000e+00 0.000000e+00 0.000000e+00 0.000000e+00 0.000000e+00 0.000000e+00 0.000000e+00 0.000000e+00 0.000000e+00 0.000000e+00 0.000000e+00 0.000000e+00 0.000000e+00 0.000000e+00 0.000000e+00
 0.000000e+00 0.000000e+00 4.444626e-01 5.555373e-01 0.000000e+00 0.000000e+00 0.000000e+00 0.000000e+00 0.000000e+00 0.000000e+00 0.000000e+00 0.000000e+00 0.000000e+00 0.000000e+00 0.000000e+00 0.000000e+00 0.000000e+00 0.000000e+00 0.000000e+00 0.000000e+00 0.000000e+00 0.000000e+00 0.000000e+00 0.000000e+00 0.000000e+00
 0.000000e+00 0.000000e+00 0.000000e+00 5.000271e-01 4.999729e-01 0.000000e+00 0.000000e+00 0.000000e+00 0.000000e+00 0.000000e+00 0.000000e+00 0.000000e+00 0.000000e+00 0.000000e+00 0.000000e+00 0.000000e+00 0.000000e+00 0.000000e+00 0.000000e+00 0.000000e+00 0.000000e+00 0.000000e+00 0.000000e+00 0.000000e+00 0.000000e+00
 0.000000e+00 0.000000e+00 0.000000e+00 0.000000e+00 2.857184e-01 7.142816e-01 0.000000e+00 0.000000e+00 0.000000e+00 0.000000e+00 0.000000e+00 0.000000e+00 0.000000e+00 0.000000e+00 0.000000e+00 0.000000e+00 0.000000e+00 0.000000e+00 0.000000e+00 0.000000e+00 0.000000e+00 0.000000e+00 0.000000e+00 0.000000e+00 0.000000e+00
 0.000000e+00 0.000000e+00 0.000000e+00 0.000000e+00 0.000000e+00 3.750109e-01 6.249890e-01 0.000000e+00 0.000000e+00 0.000000e+00 0.000000e+00 0.000000e+00 0.000000e+00 0.000000e+00 0.000000e+00 0.000000e+00 0.000000e+00 0.000000e+00 0.000000e+00 0.000000e+00 0.000000e+00 0.000000e+00 0.000000e+00 0.000000e+00 0.000000e+00
 0.000000e+00 0.000000e+00 0.000000e+00 0.000000e+00 0.000000e+00 0.000000e+00 3.749716e-01 6.250284e-01 0.000000e+00 0.000000e+00 0.000000e+00 0.000000e+00 0.000000e+00 0.000000e+00 0.000000e+00 0.000000e+00 0.000000e+00 0.000000e+00 0.000000e+00 0.000000e+00 0.000000e+00 0.000000e+00 0.000000e+00 0.000000e+00 0.000000e+00
 0.000000e+00 0.000000e+00 0.000000e+00 0.000000e+00 0.000000e+00 0.000000e+00 0.000000e+00 4.444579e-01 5.555422e-01 0.000000e+00 0.000000e+00 0.000000e+00 0.000000e+00 0.000000e+00 0.000000e+00 0.000000e+00 0.000000e+00 0.000000e+00 0.000000e+00 0.000000e+00 0.000000e+00 0.000000e+00 0.000000e+00 0.000000e+00 0.000000e+00
 0.000000e+00 0.000000e+00 0.000000e+00 0.000000e+00 0.000000e+00 0.000000e+00 0.000000e+00 0.000000e+00 3.750009e-01 6.249991e-01 0.000000e+00 0.000000e+00 0.000000e+00 0.000000e+00 0.000000e+00 0.000000e+00 0.000000e+00 0.000000e+00 0.000000e+00 0.000000e+00 0.000000e+00 0.000000e+00 0.000000e+00 0.000000e+00 0.000000e+00
 0.000000e+00 0.000000e+00 0.000000e+00 0.000000e+00 0.000000e+00 0.000000e+00 0.000000e+00 0.000000e+00 0.000000e+00 5.833344e-01 4.166656e-01 0.000000e+00 0.000000e+00 0.000000e+00 0.000000e+00 0.000000e+00 0.000000e+00 0.000000e+00 0.000000e+00 0.000000e+00 0.000000e+00 0.000000e+00 0.000000e+00 0.000000e+00 0.000000e+00
 0.000000e+00 0.000000e+00 0.000000e+00 0.000000e+00 0.000000e+00 0.000000e+00 0.000000e+00 0.000000e+00 0.000000e+00 0.000000e+00 4.444676e-01 5.555325e-01 0.000000e+00 0.000000e+00 0.000000e+00 0.000000e+00 0.000000e+00 0.000000e+00 0.000000e+00 0.000000e+00 0.000000e+00 0.000000e+00 0.000000e+00 0.000000e+00 0.000000e+00
 0.000000e+00 0.000000e+00 0.000000e+00 0.000000e+00 0.000000e+00 0.000000e+00 0.000000e+00 0.000000e+00 0.000000e+00 0.000000e+00 0.000000e+00 2.856858e-01 7.143142e-01 0.000000e+00 0.000000e+00 0.000000e+00 0.000000e+00 0.000000e+00 0.000000e+00 0.000000e+00 0.000000e+00 0.000000e+00 0.000000e+00 0.000000e+00 0.000000e+00
 0.000000e+00 0.000000e+00 0.000000e+00 0.000000e+00 0.000000e+00 0.000000e+00 0.000000e+00 0.000000e+00 0.000000e+00 0.000000e+00 0.000000e+00 0.000000e+00 2.863053e-01 7.136948e-01 0.000000e+00 0.000000e+00 0.000000e+00 0.000000e+00 0.000000e+00 0.000000e+00 0.000000e+00 0.000000e+00 0.000000e+00 0.000000e+00 0.000000e+00
 0.000000e+00 0.000000e+00 0.000000e+00 0.000000e+00 0.000000e+00 0.000000e+00 0.000000e+00 0.000000e+00 0.000000e+00 0.000000e+00 0.000000e+00 0.000000e+00 0.000000e+00 3.743404e-01 6.256597e-01 0.000000e+00 0.000000e+00 0.000000e+00 0.000000e+00 0.000000e+00 0.000000e+00 0.000000e+00 0.000000e+00 0.000000e+00 0.000000e+00
 0.000000e+00 0.000000e+00 0.000000e+00 0.000000e+00 0.000000e+00 0.000000e+00 0.000000e+00 0.000000e+00 0.000000e+00 0.000000e+00 0.000000e+00 0.000000e+00 0.000000e+00 0.000000e+00 2.838159e-01 7.161841e-01 0.000000e+00 0.000000e+00 0.000000e+00 0.000000e+00 0.000000e+00 0.000000e+00 0.000000e+00 0.000000e+00 0.000000e+00
 0.000000e+00 0.000000e+00 0.000000e+00 0.000000e+00 0.000000e+00 0.000000e+00 0.000000e+00 0.000000e+00 0.000000e+00 0.000000e+00 0.000000e+00 0.000000e+00 0.000000e+00 0.000000e+00 0.000000e+00 5.835783e-01 4.164217e-01 0.000000e+00 0.000000e+00 0.000000e+00 0.000000e+00 0.000000e+00 0.000000e+00 0.000000e+00 0.000000e+00
 0.000000e+00 0.000000e+00 0.000000e+00 0.000000e+00 0.000000e+00 0.000000e+00 0.000000e+00 0.000000e+00 0.000000e+00 0.000000e+00 0.000000e+00 0.000000e+00 0.000000e+00 0.000000e+00 0.000000e+00 0.000000e+00 4.452479e-01 5.547521e-01 0.000000e+00 0.000000e+00 0.000000e+00 0.000000e+00 0.000000e+00 0.000000e+00 0.000000e+00
 0.000000e+00 0.000000e+00 0.000000e+00 0.000000e+00 0.000000e+00 0.000000e+00 0.000000e+00 0.000000e+00 0.000000e+00 0.000000e+00 0.000000e+00 0.000000e+00 0.000000e+00 0.000000e+00 0.000000e+00 0.000000e+00 0.000000e+00 4.445493e-01 5.554507e-01 0.000000e+00 0.000000e+00 0.000000e+00 0.000000e+00 0.000000e+00 0.000000e+00
 0.000000e+00 0.000000e+00 0.000000e+00 0.000000e+00 0.000000e+00 0.000000e+00 0.000000e+00 0.000000e+00 0.000000e+00 0.000000e+00 0.000000e+00 0.000000e+00 0.000000e+00 0.000000e+00 0.000000e+00 0.000000e+00 0.000000e+00 0.000000e+00 3.772224e-01 6.227776e-01 0.000000e+00 0.000000e+00 0.000000e+00 0.000000e+00 0.000000e+00
 0.000000e+00 0.000000e+00 0.000000e+00 0.000000e+00 0.000000e+00 0.000000e+00 0.000000e+00 0.000000e+00 0.000000e+00 0.000000e+00 0.000000e+00 0.000000e+00 0.000000e+00 0.000000e+00 0.000000e+00 0.000000e+00 0.000000e+00 0.000000e+00 0.000000e+00 3.729275e-01 6.270726e-01 0.000000e+00 0.000000e+00 0.000000e+00 0.000000e+00
 0.000000e+00 0.000000e+00 0.000000e+00 0.000000e+00 0.000000e+00 0.000000e+00 0.000000e+00 0.000000e+00 0.000000e+00 0.000000e+00 0.000000e+00 0.000000e+00 0.000000e+00 0.000000e+00 0.000000e+00 0.000000e+00 0.000000e+00 0.000000e+00 0.000000e+00 0.000000e+00 3.747769e-01 6.252232e-01 0.000000e+00 0.000000e+00 0.000000e+00
 0.000000e+00 0.000000e+00 0.000000e+00 0.000000e+00 0.000000e+00 0.000000e+00 0.000000e+00 0.000000e+00 0.000000e+00 0.000000e+00 0.000000e+00 0.000000e+00 0.000000e+00 0.000000e+00 0.000000e+00 0.000000e+00 0.000000e+00 0.000000e+00 0.000000e+00 0.000000e+00 0.000000e+00 1.219876e-31 1.000000e+00 0.000000e+00 0.000000e+00
 0.000000e+00 0.000000e+00 0.000000e+00 0.000000e+00 0.000000e+00 0.000000e+00 0.000000e+00 0.000000e+00 0.000000e+00 0.000000e+00 0.000000e+00 0.000000e+00 0.000000e+00 0.000000e+00 0.000000e+00 0.000000e+00 0.000000e+00 0.000000e+00 0.000000e+00 0.000000e+00 0.000000e+00 0.000000e+00 5.454553e-01 4.545447e-01 0.000000e+00
 0.000000e+00 0.000000e+00 0.000000e+00 0.000000e+00 0.000000e+00 0.000000e+00 0.000000e+00 0.000000e+00 0.000000e+00 0.000000e+00 0.000000e+00 0.000000e+00 0.000000e+00 0.000000e+00 0.000000e+00 0.000000e+00 0.000000e+00 0.000000e+00 0.000000e+00 0.000000e+00 0.000000e+00 0.000000e+00 0.000000e+00 0.000000e+00 1.000000e+00
 0.000000e+00 0.000000e+00 0.000000e+00 0.000000e+00 0.000000e+00 0.000000e+00 0.000000e+00 0.000000e+00 0.000000e+00 0.000000e+00 0.000000e+00 0.000000e+00 0.000000e+00 0.000000e+00 0.000000e+00 0.000000e+00 0.000000e+00 0.000000e+00 0.000000e+00 0.000000e+00 0.000000e+00 0.000000e+00 0.000000e+00 0.000000e+00 0.000000e+00
<ENDHMM>
