~o
<STREAMINFO> 1 39
<VECSIZE> 39<NULLD><MFCC_E_D_A><DIAGC>
~h "Nawm"
<BEGINHMM>
<NUMSTATES> 5
<STATE> 2
<MEAN> 39
 -3.149696e+00 -1.129668e+01 -9.039709e+00 -6.920447e+00 -3.062965e+00 -6.859810e+00 3.665831e+00 -3.041589e+00 -1.191177e+00 -1.054862e+01 -2.102983e+00 -3.489680e+00 4.213923e-01 -3.231446e-01 -1.343722e+00 -1.553486e+00 3.108563e-01 -2.532435e-01 -8.557182e-02 1.169643e+00 -1.893693e-01 1.937127e-02 -1.565854e+00 -1.236782e-01 5.788189e-02 9.580268e-02 -2.232893e-01 -2.120366e-01 6.516503e-03 3.051591e-01 1.703713e-01 1.733808e-01 1.045512e-01 9.463645e-03 1.997922e-01 1.094140e-02 2.377979e-01 8.417731e-02 1.270427e-03
<VARIANCE> 39
 4.899455e+01 4.865189e+01 4.554165e+01 4.351198e+01 2.346681e+01 2.285340e+01 3.959288e+01 1.590228e+01 2.222035e+01 4.503376e+01 2.071902e+01 1.472653e+01 1.148603e-01 7.042636e+00 5.218290e+00 3.312115e+00 8.758133e+00 3.456388e+00 2.943320e+00 3.751896e+00 1.825735e+00 2.334559e+00 2.293720e+00 3.280437e+00 2.261118e+00 5.000000e-02 1.155429e+00 9.803133e-01 6.728282e-01 1.248245e+00 5.211251e-01 4.912767e-01 8.173957e-01 3.616560e-01 2.988459e-01 4.255264e-01 4.709055e-01 4.204189e-01 5.000000e-02
<GCONST> 1.128332e+02
<STATE> 3
<MEAN> 39
 -1.720715e+00 -2.357498e+01 -1.286765e+01 -2.208116e+00 -3.408820e+00 -6.956003e+00 2.444541e+00 -3.842694e+00 4.795711e+00 -1.511951e+01 -1.321760e+00 -4.656170e+00 7.889699e-01 5.868757e-01 -7.465835e-03 3.576918e-01 2.916879e-02 -4.565614e-02 -1.891933e-01 -5.055736e-01 8.985408e-02 -1.477547e-01 1.254842e-01 -3.225725e-01 -2.095998e-01 -1.595969e-02 4.225700e-02 6.077313e-02 4.093436e-02 -4.843368e-02 -2.974872e-03 -3.940566e-02 -1.339573e-02 2.497051e-02 -6.042399e-02 3.804758e-02 -3.983117e-02 1.411432e-02 -3.706192e-03
<VARIANCE> 39
 7.288167e+01 6.760352e+00 3.832363e+01 2.474451e+01 5.381471e+01 2.930679e+01 3.994529e+01 2.011992e+01 3.484988e+01 4.259679e+01 2.213456e+01 2.392943e+01 5.000000e-02 1.428889e+00 5.509456e-01 1.319091e+00 1.964136e+00 4.256608e+00 1.837934e+00 1.310507e+00 2.303643e+00 2.614037e+00 2.638617e+00 1.250076e+00 2.088338e+00 5.000000e-02 1.954561e-01 1.189582e-01 2.358146e-01 3.961902e-01 7.091247e-01 4.437719e-01 2.629993e-01 5.223199e-01 4.936143e-01 4.485649e-01 2.588369e-01 4.635620e-01 5.000000e-02
<GCONST> 9.723646e+01
<STATE> 4
<MEAN> 39
 -5.883409e-01 -2.032320e+01 -8.219674e+00 1.071523e+00 2.199739e-01 -6.946186e+00 1.033396e+00 -6.482848e-01 3.134845e-01 -9.309168e+00 -1.390952e+00 -7.073333e-01 2.670893e-01 -6.833840e-01 5.152098e-01 2.475173e-01 -1.134985e-01 3.025725e-01 2.396263e-01 3.852818e-02 1.858074e-01 4.059494e-01 6.682619e-01 4.869977e-01 4.313381e-01 -3.218992e-02 3.037189e-02 6.849553e-02 6.550397e-02 -7.943755e-02 -6.288534e-02 -1.688299e-02 -4.038149e-02 -4.987398e-02 3.670873e-02 6.110248e-02 2.681720e-02 -7.986282e-02 1.463535e-03
<VARIANCE> 39
 1.105050e+01 9.921407e+00 1.184575e+01 6.306712e+00 1.050510e+01 1.111553e+01 1.299238e+01 9.521328e+00 1.145608e+01 1.864438e+01 1.651475e+01 1.232327e+01 5.000000e-02 4.225065e-01 9.772694e-01 1.356636e+00 9.892703e-01 1.127212e+00 1.279091e+00 1.443963e+00 1.070252e+00 1.040022e+00 1.626458e+00 1.730237e+00 1.398058e+00 5.000000e-02 1.050495e-01 1.707090e-01 2.090126e-01 2.331329e-01 1.917420e-01 2.368915e-01 2.923226e-01 2.388634e-01 1.922278e-01 3.385898e-01 3.833942e-01 2.563032e-01 5.000000e-02
<GCONST> 7.573022e+01
<TRANSP> 5
 0.000000e+00 1.000000e+00 0.000000e+00 0.000000e+00 0.000000e+00
 0.000000e+00 8.975635e-01 1.024364e-01 0.000000e+00 0.000000e+00
 0.000000e+00 0.000000e+00 9.600902e-01 3.990981e-02 0.000000e+00
 0.000000e+00 0.000000e+00 0.000000e+00 9.342405e-01 6.575948e-02
 0.000000e+00 0.000000e+00 0.000000e+00 0.000000e+00 0.000000e+00
<ENDHMM>
