~o
<STREAMINFO> 1 39
<VECSIZE> 39<NULLD><MFCC_E_D_A><DIAGC>
~h "Ngay"
<BEGINHMM>
<NUMSTATES> 26
<STATE> 2
<MEAN> 39
 -4.307626e+00 -7.748685e+00 -1.406428e+00 -3.948571e+00 3.955382e-01 -3.001555e+00 3.383099e+00 -8.651923e-01 1.775289e+00 -4.342858e+00 -1.469699e+00 -4.945047e+00 8.336182e-02 1.037651e+00 -8.392169e-02 -7.107342e-01 -1.243801e+00 -8.150691e-01 -4.409516e-01 2.179509e-01 -4.238149e-01 -1.480473e+00 -8.188281e-01 -9.142027e-01 -6.290627e-01 5.883997e-02 3.863206e-01 -1.164929e-01 -4.366774e-01 -6.629578e-01 -1.665666e-01 -3.815640e-01 -1.934812e-01 -2.068434e-01 -6.011478e-01 -2.560615e-01 6.124062e-03 7.271671e-02 2.492013e-02
<VARIANCE> 39
 2.792034e+00 3.226205e+00 5.555068e+00 1.314556e+01 8.683255e+00 6.164776e+00 7.347643e+00 4.450584e+00 1.462126e+01 5.544240e+00 8.899795e+00 5.722279e+00 5.000000e-02 8.618435e-01 9.685551e-01 3.563662e-01 1.803819e+00 3.547696e-01 1.666582e+00 9.796381e-01 5.726675e-01 2.466147e+00 1.867055e+00 1.182560e+00 1.250340e+00 5.000000e-02 8.885761e-02 2.496994e-01 1.782643e-01 4.373134e-01 2.719174e-01 1.321716e-01 1.622996e-01 1.565400e-01 3.418674e-01 2.441314e-01 4.689490e-01 1.685663e-01 5.000000e-02
<GCONST> 6.678468e+01
<STATE> 3
<MEAN> 39
 -3.984123e-01 -8.248769e+00 -5.091517e+00 -9.278588e+00 -1.543171e+00 -5.660006e+00 1.909408e+00 -2.856171e+00 -3.331183e+00 -7.550287e+00 -3.232156e+00 -6.233144e+00 2.773017e-01 1.704663e+00 -2.940680e-01 -1.193789e+00 -2.607397e+00 -7.515997e-01 -1.038832e+00 -5.944135e-01 -8.766038e-01 -1.717753e+00 -5.227647e-01 -9.342973e-01 -5.081690e-01 1.075299e-01 -4.098107e-01 -2.433543e-01 2.153076e-01 2.803063e-01 -1.498892e-01 -1.592775e-01 6.145643e-01 -1.137957e-01 3.571810e-01 3.578383e-01 -9.448479e-02 1.452722e-01 1.044538e-02
<VARIANCE> 39
 2.639563e+01 9.931026e+00 6.598826e+00 4.641386e+01 8.806991e+00 1.275169e+01 3.438540e+00 8.515553e+00 4.424823e+01 2.927106e+01 1.060122e+01 1.115683e+01 6.629027e-02 2.421805e+00 1.283037e+00 2.497248e+00 4.503494e+00 3.025845e+00 1.110382e+00 1.082731e+00 1.316971e+00 1.051507e+00 1.664106e+00 3.329600e+00 1.823170e+00 5.000000e-02 7.607026e-01 5.481609e-02 5.015869e-01 7.059329e-01 2.538833e-01 3.070211e-01 4.644789e-01 1.888844e-01 6.651016e-01 2.970810e-01 3.441811e-01 1.761732e-01 5.000000e-02
<GCONST> 8.816129e+01
<STATE> 4
<MEAN> 39
 4.236685e+00 -9.677020e+00 -7.253991e+00 -1.261219e+01 -2.601229e+00 -8.730961e+00 1.016468e+00 -3.957530e+00 -5.414208e+00 -7.029759e+00 -5.846961e+00 -7.006025e+00 5.344563e-01 -8.347967e-01 -1.226614e+00 6.117692e-02 -4.025206e-03 -8.750477e-01 -1.819622e+00 2.891967e+00 -1.276862e+00 -2.666688e-01 7.355855e-01 -9.491628e-01 -8.405541e-02 8.227582e-02 -1.142205e+00 -2.038493e-01 2.686164e-01 6.888103e-01 2.412845e-01 1.363828e-01 1.117026e+00 1.026917e-01 4.212713e-01 8.976235e-03 1.449296e-01 1.234643e-01 -1.198344e-02
<VARIANCE> 39
 4.209682e+01 1.760964e+01 4.414544e+01 5.051340e+01 2.339365e+01 2.116560e+01 8.597697e+00 6.866259e+00 1.510422e+01 1.851171e+01 3.296206e+01 3.488672e+01 5.000000e-02 6.704852e+00 1.664388e-01 5.638082e+00 2.698575e+00 1.939072e+00 3.764260e+00 3.980040e+00 1.369084e+00 1.400540e+00 1.397027e+00 2.340617e+00 9.072682e-01 5.000000e-02 1.178342e+00 1.222479e-01 6.120018e-01 7.428606e-01 3.692631e-01 3.331063e-01 4.344615e-01 2.795702e-01 2.023351e-01 5.043362e-01 6.058868e-01 7.671362e-01 5.000000e-02
<GCONST> 9.793337e+01
<STATE> 5
<MEAN> 39
 -3.935945e+00 -1.236080e+01 -4.321100e+00 -1.085713e+01 -5.805915e+00 -8.998067e+00 1.205768e+01 -8.139533e+00 -1.663489e+00 -5.702284e+00 -9.171306e+00 -7.861041e+00 5.972208e-01 -1.985559e+00 -7.657563e-01 -1.336624e+00 8.962423e-02 1.173674e-01 8.747298e-01 2.197665e+00 -1.569382e-01 6.400249e-01 -1.477422e+00 -4.635288e-01 -4.343715e-01 6.101810e-02 -1.422801e-02 -1.559107e-01 -5.435792e-01 5.742649e-01 6.231022e-01 1.356977e-01 -4.125343e-01 3.110290e-01 -5.335570e-02 -5.981218e-01 5.263039e-01 3.110553e-01 -6.013679e-03
<VARIANCE> 39
 3.773709e+01 1.142863e+01 4.175496e+01 3.979030e+01 2.608782e+01 1.033436e+02 2.410111e+01 1.238890e+01 3.305053e+01 2.451694e+01 1.875060e+01 2.624982e+01 5.000000e-02 8.266760e+00 8.500260e-01 2.348075e+00 2.116360e+00 2.769813e+00 5.080728e+00 5.975062e+00 1.352777e+00 1.986984e+00 1.890325e+00 2.203392e+00 4.521106e+00 5.000000e-02 1.410331e+00 1.776558e-01 5.288874e-01 3.800269e-01 3.058179e-01 1.623162e+00 1.241046e+00 3.747772e-01 7.080618e-01 2.595440e-01 1.307053e-01 4.944687e-01 5.000000e-02
<GCONST> 1.056887e+02
<STATE> 6
<MEAN> 39
 -8.000336e+00 -1.528343e+01 -1.206852e+01 -8.652955e+00 -8.809881e-01 -8.679135e+00 1.615426e+01 -5.391413e+00 -5.080187e+00 -1.199527e+01 -7.089313e+00 -7.069986e+00 7.941993e-01 -6.683203e-01 -2.072801e+00 -2.508889e+00 3.077837e+00 1.918825e+00 -9.043167e-01 9.286983e-01 7.398527e-02 -3.715304e-01 -2.432454e+00 1.424883e+00 1.205383e+00 5.222859e-02 9.032287e-01 -1.662078e-01 -2.763160e-01 4.473585e-01 1.374848e-02 -3.134258e-01 -8.583537e-01 -5.407556e-01 3.741130e-01 8.454139e-02 -7.912993e-03 2.835585e-01 -5.976069e-03
<VARIANCE> 39
 1.327790e+01 6.052304e+00 8.191947e+00 3.685495e+01 1.868989e+01 9.255480e+01 1.481340e+01 4.246911e+00 4.218265e+01 1.963176e+01 1.582684e+01 2.069871e+01 5.000000e-02 9.095398e-01 1.848087e-01 8.607054e-01 1.911532e+00 5.731308e-01 1.619463e+00 4.956070e-01 1.349185e+00 1.831439e+00 3.176708e-01 3.008662e-01 1.272250e+00 5.000000e-02 1.333487e-01 5.000000e-02 3.007155e-01 3.840126e-01 1.325743e-01 2.058680e-01 3.509566e-01 2.841593e-01 2.963547e-01 3.997553e-01 2.243817e-01 2.098265e-01 5.000000e-02
<GCONST> 7.536620e+01
<STATE> 7
<MEAN> 39
 -8.291625e+00 -1.993773e+01 -1.796926e+01 -1.912673e-01 9.529076e-01 -1.133532e+01 1.681924e+01 -9.451923e+00 -1.844100e+00 -1.751090e+01 -4.912332e+00 -4.118286e+00 8.955411e-01 1.741035e-01 -1.953968e+00 -1.527710e+00 2.281392e+00 9.986563e-01 -1.167050e+00 -2.409253e-01 -1.464566e+00 1.502665e+00 -5.272750e-01 4.086413e-01 1.276608e+00 3.787450e-02 1.117366e-01 3.050170e-01 6.892205e-01 -6.226779e-01 -1.328639e-01 5.292338e-01 -7.153107e-01 3.609534e-01 2.151311e-01 9.423635e-01 -3.005100e-01 -2.610777e-01 -9.196974e-03
<VARIANCE> 39
 8.871288e+00 5.974808e+00 1.958054e+01 3.524620e+01 3.935128e+01 6.194366e+01 9.545790e+00 1.764326e+01 2.847859e+01 1.405893e+01 8.288283e+00 9.772260e+00 5.000000e-02 5.000000e-02 2.461853e-01 1.179362e+00 8.160695e-01 4.829715e-01 1.265928e+00 8.917240e-01 1.935981e+00 1.415303e+00 1.646097e+00 3.921590e-01 5.017648e-01 5.000000e-02 7.533549e-02 6.237954e-02 2.205584e-01 3.170026e-01 1.009198e-01 3.076026e-01 2.260220e-01 4.654468e-01 2.950945e-01 6.061754e-02 1.455986e-01 1.209589e-01 5.000000e-02
<GCONST> 6.953980e+01
<STATE> 8
<MEAN> 39
 -9.238739e+00 -2.441289e+01 -1.725695e+01 -4.141808e-01 1.494004e+00 -9.567262e+00 1.312995e+01 -8.616419e+00 1.932593e+00 -1.332972e+01 -2.685102e+00 -2.314256e-01 9.672314e-01 -2.413261e-01 -8.577061e-01 -4.294612e-01 4.510524e-01 8.795770e-01 3.647839e-01 -1.579558e+00 4.735026e-01 7.762173e-01 1.140923e+00 -1.214219e-01 4.828449e-01 1.421568e-02 2.450834e-02 3.547870e-01 4.293093e-01 -4.610320e-01 -1.237901e-01 3.898354e-01 -8.019628e-02 3.687257e-01 -1.062736e-01 1.478702e-01 -1.801764e-01 -2.401665e-01 -6.584281e-03
<VARIANCE> 39
 1.015246e+01 8.341091e+00 6.304363e+00 3.134711e+01 1.744594e+01 4.002378e+01 9.286235e+00 2.229837e+01 2.063275e+01 1.917392e+01 1.254910e+01 1.116338e+01 5.000000e-02 1.097947e-01 3.416810e-01 2.058468e+00 6.557007e-01 5.383407e-01 6.929912e-01 6.096787e-01 1.110794e+00 7.514327e-01 9.076079e-01 7.417189e-01 4.479891e-01 5.000000e-02 5.868579e-02 5.000000e-02 6.894149e-02 1.426876e-01 5.264544e-02 5.481523e-02 8.164879e-02 2.704522e-01 1.946811e-01 4.383492e-01 5.245361e-02 7.347007e-02 5.000000e-02
<GCONST> 6.124262e+01
<STATE> 9
<MEAN> 39
 -6.579814e+00 -2.349999e+01 -2.039042e+01 -1.257989e-01 7.481351e+00 -1.332059e+01 9.749614e+00 -5.671112e+00 -1.641952e+00 -1.246318e+01 -5.970346e+00 -3.030572e+00 9.812357e-01 4.677239e-02 -1.412112e-01 1.475349e-01 3.302884e-01 -8.946525e-02 8.630928e-01 -8.180515e-01 7.492478e-01 5.709233e-01 1.812784e-01 -2.457478e-02 1.495825e-01 5.607230e-03 3.242812e-02 1.331447e-01 2.427450e-01 -1.016827e-02 -3.664522e-01 -1.685290e-01 4.074080e-01 -2.045964e-03 -1.615693e-01 -1.205553e-01 1.607179e-01 4.301842e-02 -4.105799e-03
<VARIANCE> 39
 8.167789e+00 7.184241e+00 6.109554e+00 7.589153e+00 3.439883e+01 2.743659e+01 8.587811e+00 9.431165e+00 2.326040e+01 1.420151e+01 3.121248e+00 1.122865e+01 5.000000e-02 2.858717e-01 2.578454e-01 8.035599e-01 5.129548e-01 7.081423e-01 5.245200e-01 6.925861e-01 6.091177e-01 4.930147e-01 3.562220e-01 2.962457e-01 4.924036e-01 5.000000e-02 5.000000e-02 5.000000e-02 5.000000e-02 7.596472e-02 5.000000e-02 1.003148e-01 1.390178e-01 9.982008e-02 1.064524e-01 5.000000e-02 5.000000e-02 1.112098e-01 5.000000e-02
<GCONST> 5.062271e+01
<STATE> 10
<MEAN> 39
 -9.592062e+00 -2.590220e+01 -1.488273e+01 1.440711e+00 1.364382e+00 -5.253923e+00 9.525181e+00 -5.443968e+00 5.107728e+00 -1.163311e+01 -3.916549e+00 6.616834e-01 9.800047e-01 -1.286204e-01 -3.640856e-01 1.018574e+00 -6.679776e-01 -8.248880e-01 -1.335984e-02 3.675434e-01 8.064147e-01 -8.339458e-01 -1.969685e-01 -5.409013e-02 -1.195865e-01 -5.262212e-03 -1.642302e-01 7.810103e-02 -6.169469e-02 -2.753667e-01 -3.701755e-01 -7.169860e-02 3.646524e-01 -7.864629e-02 -3.948399e-01 -3.154604e-01 -1.572197e-01 -2.526696e-01 -3.079214e-03
<VARIANCE> 39
 5.251534e+00 1.441591e+00 1.198663e+01 1.191904e+01 1.721259e+01 2.194609e+01 4.865453e+00 9.186810e+00 1.754231e+01 9.656565e+00 8.405101e+00 2.004252e+01 5.000000e-02 1.880878e-01 1.769906e-01 3.929164e-01 7.153192e-01 3.638699e-01 4.875194e-01 5.880632e-01 4.273250e-01 9.161336e-01 5.832210e-01 3.246769e-01 4.543470e-01 5.000000e-02 5.000000e-02 5.249925e-02 5.913119e-02 9.692178e-02 6.604438e-02 1.293547e-01 1.278722e-01 9.991691e-02 1.162242e-01 8.705629e-02 7.660378e-02 5.781443e-02 5.000000e-02
<GCONST> 4.910614e+01
<STATE> 11
<MEAN> 39
 -7.861526e+00 -2.362680e+01 -1.593971e+01 9.992150e-01 2.539366e+00 -1.088610e+01 1.201322e+01 -2.104317e+00 -1.388591e+00 -1.323520e+01 -4.132440e+00 -1.225123e+00 9.551398e-01 -5.985116e-01 5.422289e-01 5.546333e-01 -1.763329e-01 -1.903279e+00 7.098885e-01 1.302190e+00 5.820268e-01 -8.322170e-01 -5.220920e-01 -1.746344e-01 -3.507764e-01 -1.356823e-02 -5.153482e-02 2.895449e-01 -8.109377e-02 -2.286967e-01 -3.124198e-01 3.394251e-01 1.338854e-01 -1.495189e-01 1.024107e-01 3.286006e-01 -3.264017e-01 -3.159108e-01 -4.223349e-03
<VARIANCE> 39
 6.558775e+00 1.423989e+01 2.305315e+01 1.911205e+01 3.255660e+01 4.279488e+01 3.328515e+00 1.184250e+01 6.202084e+00 1.042539e+01 4.746058e+00 1.085113e+01 5.000000e-02 1.374304e-01 3.729289e-01 1.066134e-01 9.298401e-01 4.414077e-01 7.756193e-01 6.167150e-01 2.202868e-01 5.079643e-01 1.193036e+00 1.618475e+00 7.910156e-01 5.000000e-02 5.000000e-02 8.853593e-02 5.000000e-02 1.233314e-01 7.201448e-02 5.000000e-02 5.096157e-02 5.000000e-02 1.511861e-01 2.223260e-01 1.545464e-01 9.497303e-02 5.000000e-02
<GCONST> 5.401314e+01
<STATE> 12
<MEAN> 39
 -1.109498e+01 -2.378008e+01 -1.191722e+01 -2.582370e+00 -6.540968e+00 -3.603228e+00 1.394591e+01 -1.275069e+00 -3.573483e-01 -1.374823e+01 -6.739035e+00 -2.195208e+00 9.284897e-01 -1.419539e-01 1.133777e+00 1.153471e+00 -1.257820e+00 -1.796832e+00 8.205854e-01 1.513385e+00 -4.903943e-03 3.397438e-01 8.848506e-01 -5.479535e-01 -1.114265e+00 -2.227155e-02 2.091344e-01 -3.301997e-03 1.742924e-01 -3.293238e-01 1.922635e-01 -2.629435e-01 -1.425784e-01 -4.602241e-01 6.984228e-01 9.074689e-01 1.387435e-01 -8.715292e-02 -3.412778e-03
<VARIANCE> 39
 3.370596e+00 8.140291e+00 1.574388e+01 1.720872e+01 2.389283e+01 2.532600e+01 1.110031e+01 2.429703e+01 1.057155e+01 2.600602e+01 9.221719e+00 2.547578e+01 5.000000e-02 1.000550e-01 5.291709e-01 3.513996e-01 9.621913e-01 4.707283e-01 4.016570e-01 2.002917e-01 4.624899e-01 1.535374e+00 1.679208e+00 7.327132e-01 6.030746e-01 5.000000e-02 5.000000e-02 1.296230e-01 5.000000e-02 1.248752e-01 7.208024e-02 9.084045e-02 1.621878e-01 5.000000e-02 1.628001e-01 2.135284e-01 1.825996e-01 1.386295e-01 5.000000e-02
<GCONST> 5.975109e+01
<STATE> 13
<MEAN> 39
 -1.078092e+01 -2.209781e+01 -6.335057e+00 -8.649014e+00 -1.056560e+01 -3.534035e+00 1.583971e+01 -6.537387e+00 3.649627e+00 -9.377399e+00 -5.113784e+00 -6.089159e+00 8.740708e-01 2.117632e-01 5.609288e-01 9.199330e-01 -2.109578e+00 -1.628017e+00 -4.775079e-01 -5.201913e-01 -1.111648e+00 1.023444e+00 2.532261e+00 -6.722066e-01 -3.569139e-01 -2.287548e-02 8.919857e-02 -1.912052e-02 -1.523307e-01 5.160258e-02 1.537441e-01 -2.377045e-01 -6.024783e-01 1.742293e-01 -5.745415e-02 3.431985e-01 -2.968516e-01 4.387647e-01 6.135866e-04
<VARIANCE> 39
 2.096590e+00 5.651477e+00 3.502030e+01 2.650814e+01 3.323212e+01 1.939462e+01 9.226647e+00 2.463605e+01 4.292765e+01 2.428570e+01 7.624492e+00 7.255654e+00 5.000000e-02 1.004338e-01 1.075662e-01 3.124540e-01 9.579301e-01 5.578391e-01 8.403845e-01 1.552549e+00 6.044208e-01 2.066792e+00 7.254394e-01 7.968091e-01 1.158006e+00 5.000000e-02 5.000000e-02 6.242576e-02 6.243249e-02 1.876737e-01 1.238315e-01 3.077303e-01 2.370643e-01 2.559150e-01 6.246604e-01 7.355101e-01 9.938724e-02 9.322451e-02 5.000000e-02
<GCONST> 6.687705e+01
<STATE> 14
<MEAN> 39
 -9.244369e+00 -1.870578e+01 -7.308525e+00 -1.056954e+01 -1.185902e+01 -5.585707e+00 1.350990e+01 -6.094848e+00 2.113368e+00 -2.441242e+00 -9.235092e+00 -4.900032e+00 7.874701e-01 4.124876e-01 7.178612e-01 5.655311e-01 -9.481635e-01 -8.001513e-01 -1.420950e-01 -6.203816e-01 5.679011e-01 6.761822e-01 3.019110e+00 -7.922395e-01 5.989631e-01 -2.556061e-02 2.030012e-01 -1.331253e-01 3.234958e-02 1.676244e-01 1.298064e-01 -2.527082e-01 -2.880128e-01 2.732497e-01 6.650420e-02 -1.459014e-01 3.472110e-01 2.949756e-01 2.408203e-03
<VARIANCE> 39
 2.885441e+00 7.917198e+00 5.836363e+01 4.946707e+01 4.378252e+01 2.213249e+01 2.516012e+01 1.813616e+01 2.949721e+01 2.059051e+01 4.105302e+00 1.876885e+01 5.000000e-02 2.218479e-01 3.482844e-01 4.142430e-01 1.569829e+00 9.743559e-01 1.125286e+00 1.117360e+00 7.123066e-01 2.841047e+00 4.821548e+00 9.065343e-01 1.004713e+00 5.000000e-02 6.335028e-02 7.016978e-02 5.000000e-02 2.087815e-01 1.536154e-01 1.415619e-01 3.333693e-01 5.067958e-02 4.452193e-01 5.014765e-01 6.615434e-02 2.421044e-01 5.000000e-02
<GCONST> 7.341584e+01
<STATE> 15
<MEAN> 39
 -8.254272e+00 -1.810730e+01 -7.737947e+00 -1.281736e+01 -1.231919e+01 -9.641054e+00 1.206550e+01 -2.983112e+00 5.243848e+00 4.757503e+00 -1.036822e+01 -2.612983e+00 7.812104e-01 9.405359e-01 1.591855e-01 8.830652e-01 -1.419501e+00 -5.862481e-01 -1.056845e+00 -1.611670e+00 6.866481e-02 8.187256e-02 3.336079e-01 -3.171714e-02 9.744586e-01 -1.798046e-02 3.037685e-01 -2.282933e-01 5.881864e-03 3.487687e-01 4.228384e-01 1.546282e-01 -4.788696e-02 -1.385083e-01 -5.339773e-01 -1.393980e+00 3.498467e-01 -1.161151e-01 -4.978061e-03
<VARIANCE> 39
 7.804393e+00 3.259819e+00 3.436037e+01 2.328063e+01 8.268632e+00 1.744441e+01 2.702168e+01 1.047319e+01 1.094455e+01 9.013907e+00 1.574192e+01 1.992971e+01 5.000000e-02 4.516716e-01 4.763229e-01 7.316225e-01 1.650872e+00 1.716674e+00 7.105789e-01 8.642503e-01 1.302319e+00 2.149794e+00 2.634575e+00 1.367962e+00 8.825946e-01 5.000000e-02 5.000000e-02 5.089721e-02 1.101623e-01 1.342597e-01 1.369487e-01 1.372061e-01 1.850987e-01 2.257490e-01 1.750722e-01 1.870763e-01 3.254735e-01 1.808576e-01 5.000000e-02
<GCONST> 7.087144e+01
<STATE> 16
<MEAN> 39
 -2.434661e+00 -1.994409e+01 -2.985933e+00 -1.244115e+01 -1.322244e+01 -7.604521e+00 7.972902e+00 -2.757442e+00 1.760393e+00 -9.594012e-01 -8.789132e+00 -3.331867e-01 6.503860e-01 1.708959e+00 -6.891936e-01 4.051619e-01 8.543959e-01 1.130798e+00 -5.348468e-03 -8.849949e-01 -4.362188e-01 -7.875794e-01 -1.925570e+00 1.012186e+00 -5.796635e-01 -3.393675e-02 -1.772995e-01 -3.433156e-02 -1.510160e-01 3.621690e-01 1.371267e-01 1.517933e-01 1.270467e-01 -3.259453e-01 8.033276e-02 5.080620e-02 1.030596e-01 -2.593314e-01 -1.807603e-04
<VARIANCE> 39
 1.167605e+01 3.935349e+00 3.405630e+01 1.761518e+01 2.447435e+01 3.596593e+01 2.608630e+01 2.251651e+01 8.632322e+00 1.367082e+01 8.882007e+00 6.513613e+00 5.000000e-02 5.477862e-01 5.767812e-01 6.578403e-01 8.377301e-01 1.023088e+00 5.752832e-01 7.461936e-01 2.020635e+00 9.437501e-01 6.647312e-01 1.395924e+00 6.950818e-01 5.000000e-02 1.483992e-01 1.174341e-01 2.818246e-01 2.241252e-01 2.738708e-01 1.438830e-01 1.883405e-01 5.093541e-01 3.394749e-01 3.869468e-01 2.122255e-01 2.610159e-01 5.000000e-02
<GCONST> 7.522219e+01
<STATE> 17
<MEAN> 39
 -1.573170e+00 -1.990820e+01 -3.303422e+00 -1.177672e+01 -1.104364e+01 -9.185141e+00 5.358521e+00 -5.952164e+00 2.553915e+00 -2.048569e+00 -6.917613e+00 -2.040068e+00 6.077611e-01 9.405485e-01 -5.705244e-01 8.066401e-01 4.883431e-01 3.331453e-01 5.719517e-01 -4.051350e-01 5.853194e-02 -6.480687e-01 2.039897e-01 1.215394e+00 5.078390e-01 -2.829319e-02 -1.394978e-01 -8.114956e-02 -1.938533e-01 1.559058e-01 -2.826677e-01 3.688895e-01 3.992246e-01 4.225121e-01 -2.198144e-01 4.007787e-01 1.375888e-01 -7.944910e-02 1.899605e-03
<VARIANCE> 39
 2.675322e+01 1.063979e+01 3.973227e+01 4.752910e+01 1.031883e+01 2.162068e+01 1.070225e+01 1.948271e+01 1.033220e+01 8.487576e+00 1.116322e+01 2.446260e+01 5.000000e-02 1.112099e+00 3.896845e-01 1.163941e+00 8.254120e-01 6.425465e-01 7.648991e-01 2.839446e+00 1.672601e+00 1.384605e+00 1.415995e+00 6.847110e-01 1.317295e+00 5.000000e-02 1.137364e-01 5.000000e-02 1.310546e-01 7.301871e-02 2.569120e-01 2.481972e-01 1.957433e-01 3.282911e-01 2.232677e-01 2.574470e-01 2.210810e-01 4.050862e-01 5.000000e-02
<GCONST> 7.667213e+01
<STATE> 18
<MEAN> 39
 -4.477785e-01 -2.249796e+01 -3.250335e+00 -8.275186e+00 -1.004790e+01 -6.298947e+00 9.261980e+00 -2.641647e+00 -1.927300e+00 -3.440743e+00 -3.318251e+00 -1.310040e+00 5.161321e-01 -1.044831e-01 -9.844913e-01 -4.618863e-01 1.350368e+00 -3.628235e-01 6.668180e-01 8.491272e-02 2.417251e-01 -7.411884e-01 -5.019583e-01 4.393781e-01 -4.327979e-01 -3.048453e-02 -1.515857e-01 4.107828e-02 4.793676e-02 1.096350e-01 1.773845e-01 -1.958320e-02 -4.141619e-01 9.047972e-02 3.244683e-01 -1.413057e-01 -3.817995e-01 -1.395320e-01 1.148263e-03
<VARIANCE> 39
 2.366040e+01 8.834318e+00 1.299153e+01 5.512275e+01 1.643496e+01 1.336052e+01 1.101503e+01 1.977427e+01 6.803844e+00 3.408588e+01 9.730499e+00 6.470133e+00 5.000000e-02 2.350006e+00 5.017714e-01 3.041387e-01 7.056711e-01 1.848576e+00 1.436276e+00 4.209037e+00 1.515551e+00 1.044478e+00 1.605156e+00 8.379648e-01 2.420157e+00 5.000000e-02 3.327139e-01 2.132994e-01 5.254846e-02 3.310665e-01 5.786911e-01 1.167284e-01 5.158883e-01 1.889964e-01 1.246988e-01 7.871193e-01 1.527286e-01 3.285528e-01 5.000000e-02
<GCONST> 8.061656e+01
<STATE> 19
<MEAN> 39
 2.490382e+00 -2.214302e+01 -3.729856e+00 -8.711144e+00 -1.285498e+01 -6.311982e+00 3.593558e+00 -3.292645e+00 -5.503648e-01 -2.978250e+00 -4.926265e+00 -4.151687e+00 5.337655e-01 3.391093e-01 2.539300e-01 3.855028e-01 1.591569e+00 4.194620e-01 3.650405e-01 -2.665567e-01 3.617024e-01 -3.996992e-01 -1.468582e+00 -7.683902e-01 -1.067608e+00 -2.400276e-02 -1.959206e-01 4.272182e-01 -1.121279e-01 2.220437e-01 6.065081e-01 -3.468705e-01 4.011703e-01 -3.198677e-02 4.376149e-02 -1.547724e-01 -1.541017e-01 -1.157649e-02 -1.215495e-03
<VARIANCE> 39
 1.739445e+01 8.315057e+00 1.817495e+01 2.708355e+01 1.469830e+01 1.747236e+01 1.186008e+01 1.384024e+00 3.608259e+00 1.344325e+01 1.886848e+01 3.684654e+00 5.000000e-02 1.221575e+00 3.284717e-01 1.132217e-01 3.897427e+00 2.299878e+00 1.615320e+00 1.295488e+00 8.900740e-01 1.105151e+00 4.106188e+00 2.736960e+00 9.106957e-01 5.000000e-02 1.501693e-01 5.630762e-02 6.324532e-02 3.138284e-01 1.209491e-01 1.954716e-01 2.943909e-01 1.021250e-01 2.380716e-01 5.344160e-01 6.303680e-01 2.306131e-01 5.000000e-02
<GCONST> 7.255054e+01
<STATE> 20
<MEAN> 39
 -4.929476e-02 -2.244925e+01 -2.560211e+00 -9.871459e-01 -6.823509e+00 -4.889998e+00 6.500857e+00 -2.236666e+00 -1.676395e+00 -5.953879e+00 -3.790305e+00 -3.735541e+00 4.024612e-01 3.072670e-02 8.789324e-01 -7.882913e-01 1.173662e+00 1.560129e+00 -4.298919e-01 2.254168e-01 7.046448e-01 2.239833e-01 -3.379265e-01 4.561860e-01 -8.698076e-02 -2.542720e-02 -1.455746e-01 -2.424631e-02 -2.232168e-01 -4.318163e-01 -2.461815e-01 -2.383377e-01 -7.884292e-02 -5.835474e-02 7.128507e-02 4.746579e-02 1.737957e-02 3.177759e-01 -3.956027e-03
<VARIANCE> 39
 1.351931e+01 1.176368e+01 1.583344e+01 2.620867e+01 4.044583e+01 1.363916e+01 8.652139e+00 1.116876e+01 8.450032e+00 1.006625e+01 1.541249e+01 1.938150e+01 5.000000e-02 1.524717e-01 2.730410e-01 2.149343e-01 2.523723e+00 9.700604e-01 4.447915e-01 1.177150e+00 6.286688e-01 2.005362e+00 1.487481e+00 1.130808e+00 1.178149e+00 5.000000e-02 9.926955e-02 1.078023e-01 5.000000e-02 3.906436e-01 4.022484e-01 8.894808e-02 1.904831e-01 1.059038e-01 2.251244e-01 5.551347e-01 2.476824e-01 7.003012e-02 5.000000e-02
<GCONST> 6.942069e+01
<STATE> 21
<MEAN> 39
 -1.191967e-02 -2.036443e+01 -5.551124e+00 -7.391696e-01 -5.707591e+00 -8.050420e+00 6.371022e+00 -1.877593e-02 -9.784531e-01 -6.689960e+00 -4.566213e+00 -5.018305e+00 3.433629e-01 -8.419933e-01 3.307857e-01 -5.719613e-01 4.255141e-01 8.375478e-01 -6.598848e-01 -4.810429e-01 3.387644e-01 -1.273213e-01 -4.083115e-01 1.027322e-01 7.919632e-01 -4.210984e-02 -2.871009e-01 -1.133827e-01 3.038784e-01 -1.566190e-01 -9.025384e-02 3.574111e-01 -1.093087e-01 -2.286305e-01 -9.248173e-02 2.083562e-01 2.293947e-01 3.292734e-01 -6.143263e-03
<VARIANCE> 39
 1.351506e+01 1.395939e+01 1.022150e+01 1.251864e+01 1.505374e+01 1.338958e+01 9.520679e+00 1.209713e+01 2.421930e+01 1.366021e+01 2.045584e+01 4.088282e+01 5.000000e-02 2.600172e-01 6.375930e-01 8.409225e-01 6.475993e-01 2.796812e+00 1.246869e+00 6.342970e-01 6.148757e-01 5.624810e-01 1.399186e+00 9.889324e-01 8.280751e-01 5.000000e-02 5.000000e-02 1.092889e-01 2.287397e-01 2.138353e-01 7.178818e-02 2.142240e-01 1.456557e-01 1.743698e-01 4.287989e-01 4.037387e-01 4.957033e-01 6.525653e-01 5.000000e-02
<GCONST> 7.387082e+01
<STATE> 22
<MEAN> 39
 -2.758261e+00 -1.916840e+01 -6.075159e+00 -4.693261e-02 -2.544150e+00 -6.710275e+00 4.297298e+00 -1.605823e+00 -2.947854e+00 -8.196338e+00 -3.438614e+00 -2.308017e+00 2.098114e-01 -1.171114e+00 4.259823e-01 3.154196e-01 2.212180e-01 5.037647e-01 6.403549e-01 6.344299e-02 -6.966783e-02 2.694163e-01 2.566341e-01 6.510017e-01 7.290143e-01 -5.142436e-02 1.951831e-01 3.258542e-01 2.200177e-01 -1.634301e-01 -2.628032e-01 1.109801e-01 2.244657e-01 1.080472e-01 3.075500e-01 2.060343e-01 9.219490e-02 -1.020600e-01 4.456136e-03
<VARIANCE> 39
 7.157354e+00 1.260121e+01 7.738133e+00 6.520586e+00 1.499168e+01 5.454067e+00 1.678148e+01 1.550617e+01 7.886753e+00 3.340927e+00 1.285299e+01 1.979328e+01 5.000000e-02 4.069287e-01 1.172634e+00 1.673291e+00 9.476746e-01 1.339754e+00 9.610326e-01 1.417496e+00 3.321804e+00 1.311698e+00 3.492065e-01 1.543154e+00 2.613140e+00 5.000000e-02 6.306407e-02 1.423831e-01 1.396655e-01 7.470246e-02 3.414466e-01 8.329005e-02 2.138944e-01 6.632817e-01 1.337201e-01 2.223361e-01 4.090731e-01 3.721387e-01 5.000000e-02
<GCONST> 7.183941e+01
<STATE> 23
<MEAN> 39
 -5.261305e+00 -1.747910e+01 -4.230493e+00 9.255481e-01 -2.805297e+00 -6.756371e+00 5.942456e+00 1.737774e+00 2.141611e+00 -5.356227e+00 -1.201532e+00 -2.465112e-01 9.227039e-02 -2.059633e-02 1.834591e+00 7.635579e-01 -2.921614e-01 3.999251e-01 -1.251373e-01 -2.564535e-01 2.083569e-01 4.264988e-01 6.126259e-01 1.030543e+00 4.203179e-01 -2.566982e-02 1.815146e-01 1.810166e-01 1.157268e-01 -1.689250e-01 1.587675e-01 2.347147e-02 -2.380037e-01 -3.035660e-01 -4.704900e-01 -6.330953e-02 6.913810e-02 -3.655627e-02 7.729776e-03
<VARIANCE> 39
 1.288860e+00 1.458081e+01 2.650073e+00 3.546120e+00 8.712117e+00 8.137944e+00 1.034010e+01 1.102861e+01 5.106193e+00 2.467695e+00 1.242298e+01 1.009635e+01 5.000000e-02 1.002324e-01 4.857208e-01 3.756522e-01 6.678352e-01 3.000943e-01 5.805290e-01 6.402566e-01 2.243362e+00 1.347358e+00 1.328239e+00 1.428851e+00 8.668219e-01 5.000000e-02 5.000000e-02 1.692167e-01 2.351515e-01 1.773526e-01 1.010154e-01 2.341608e-01 1.702444e-01 4.008772e-01 1.146432e-01 9.095011e-02 2.370511e-01 1.221173e-01 5.000000e-02
<GCONST> 5.674858e+01
<STATE> 24
<MEAN> 39
 -4.331222e+00 -1.202477e+01 -9.843374e-01 -7.243702e-01 -1.557620e+00 -5.740602e+00 4.652421e+00 -1.398811e+00 -9.946005e-01 -5.981912e+00 1.793239e-01 7.162377e-01 8.232798e-02 -1.004289e-01 1.096981e+00 6.172987e-01 -3.875237e-01 7.582735e-01 1.136637e+00 -9.257165e-02 -1.941066e-02 -4.548094e-01 -1.428672e-01 4.523741e-01 8.085641e-02 -1.073207e-02 -2.116143e-01 -5.702025e-01 -3.684059e-01 1.100231e-01 2.394926e-02 2.200598e-01 3.727992e-02 1.866358e-02 1.050877e-02 3.144265e-02 -1.103584e-01 -2.013807e-01 -1.049342e-03
<VARIANCE> 39
 2.637589e+00 8.437150e+00 6.599825e+00 6.785756e+00 8.026635e+00 1.174560e+01 2.187196e+00 1.156453e+01 4.076042e+00 8.392586e+00 1.311876e+01 6.424772e+00 5.000000e-02 3.092511e-01 1.390105e+00 1.112231e+00 1.747278e-01 1.110268e+00 1.044412e+00 8.476581e-01 7.427980e-01 5.827549e-01 4.424471e-01 1.366408e+00 4.190971e-01 5.000000e-02 5.000000e-02 1.123116e-01 1.183085e-01 1.489838e-01 1.240489e-01 2.076464e-01 5.000000e-02 3.703943e-01 2.034335e-01 3.076862e-01 2.127223e-01 1.120665e-01 5.000000e-02
<GCONST> 5.725203e+01
<STATE> 25
<MEAN> 39
 -5.857159e+00 -1.159537e+01 -2.209085e+00 -1.631724e+00 4.032393e-01 -2.499070e+00 4.371820e+00 -1.131566e+00 -1.647538e+00 -5.625621e+00 1.785192e+00 1.028458e-01 2.571576e-02 -5.730290e-01 7.807425e-02 -4.532004e-01 -2.695540e-01 -7.159707e-02 4.189401e-01 -1.882447e-01 -8.563651e-01 -1.605821e-01 7.308733e-01 6.515341e-01 -1.820781e-01 -2.126068e-02 5.616757e-02 -2.132612e-01 -1.194775e-01 1.768375e-01 -2.331176e-01 -5.861370e-01 -6.112401e-02 2.112623e-02 3.029151e-01 2.398267e-01 -1.804234e-01 -9.431863e-02 4.386590e-04
<VARIANCE> 39
 7.702184e-01 2.322544e+00 1.106278e+01 1.850188e+00 7.727991e+00 5.784332e+00 7.991036e+00 1.240550e+01 2.396509e+00 7.194694e+00 6.717304e+00 3.362374e+00 5.000000e-02 1.969157e-01 6.474494e-01 4.232529e-01 8.555131e-01 5.946054e-01 9.930555e-01 2.774864e-01 1.782935e+00 8.779826e-01 8.434760e-01 7.591988e-01 1.442461e-01 5.000000e-02 5.000000e-02 8.384535e-02 1.770329e-01 7.348087e-02 2.127168e-01 7.918607e-02 5.000000e-02 1.318374e-01 5.000000e-02 1.111678e-01 9.319511e-02 5.000000e-02 5.000000e-02
<GCONST> 4.434990e+01
<TRANSP> 26
 0.000000e+00 1.000000e+00 0.000000e+00 0.000000e+00 0.000000e+00 0.000000e+00 0.000000e+00 0.000000e+00 0.000000e+00 0.000000e+00 0.000000e+00 0.000000e+00 0.000000e+00 0.000000e+00 0.000000e+00 0.000000e+00 0.000000e+00 0.000000e+00 0.000000e+00 0.000000e+00 0.000000e+00 0.000000e+00 0.000000e+00 0.000000e+00 0.000000e+00 0.000000e+00
 0.000000e+00 6.121866e-01 3.878134e-01 0.000000e+00 0.000000e+00 0.000000e+00 0.000000e+00 0.000000e+00 0.000000e+00 0.000000e+00 0.000000e+00 0.000000e+00 0.000000e+00 0.000000e+00 0.000000e+00 0.000000e+00 0.000000e+00 0.000000e+00 0.000000e+00 0.000000e+00 0.000000e+00 0.000000e+00 0.000000e+00 0.000000e+00 0.000000e+00 0.000000e+00
 0.000000e+00 0.000000e+00 4.995386e-01 5.004614e-01 0.000000e+00 0.000000e+00 0.000000e+00 0.000000e+00 0.000000e+00 0.000000e+00 0.000000e+00 0.000000e+00 0.000000e+00 0.000000e+00 0.000000e+00 0.000000e+00 0.000000e+00 0.000000e+00 0.000000e+00 0.000000e+00 0.000000e+00 0.000000e+00 0.000000e+00 0.000000e+00 0.000000e+00 0.000000e+00
 0.000000e+00 0.000000e+00 0.000000e+00 5.454611e-01 4.545389e-01 0.000000e+00 0.000000e+00 0.000000e+00 0.000000e+00 0.000000e+00 0.000000e+00 0.000000e+00 0.000000e+00 0.000000e+00 0.000000e+00 0.000000e+00 0.000000e+00 0.000000e+00 0.000000e+00 0.000000e+00 0.000000e+00 0.000000e+00 0.000000e+00 0.000000e+00 0.000000e+00 0.000000e+00
 0.000000e+00 0.000000e+00 0.000000e+00 0.000000e+00 6.667118e-01 3.332882e-01 0.000000e+00 0.000000e+00 0.000000e+00 0.000000e+00 0.000000e+00 0.000000e+00 0.000000e+00 0.000000e+00 0.000000e+00 0.000000e+00 0.000000e+00 0.000000e+00 0.000000e+00 0.000000e+00 0.000000e+00 0.000000e+00 0.000000e+00 0.000000e+00 0.000000e+00 0.000000e+00
 0.000000e+00 0.000000e+00 0.000000e+00 0.000000e+00 0.000000e+00 4.813119e-01 5.186880e-01 0.000000e+00 0.000000e+00 0.000000e+00 0.000000e+00 0.000000e+00 0.000000e+00 0.000000e+00 0.000000e+00 0.000000e+00 0.000000e+00 0.000000e+00 0.000000e+00 0.000000e+00 0.000000e+00 0.000000e+00 0.000000e+00 0.000000e+00 0.000000e+00 0.000000e+00
 0.000000e+00 0.000000e+00 0.000000e+00 0.000000e+00 0.000000e+00 0.000000e+00 5.184001e-01 4.815999e-01 0.000000e+00 0.000000e+00 0.000000e+00 0.000000e+00 0.000000e+00 0.000000e+00 0.000000e+00 0.000000e+00 0.000000e+00 0.000000e+00 0.000000e+00 0.000000e+00 0.000000e+00 0.000000e+00 0.000000e+00 0.000000e+00 0.000000e+00 0.000000e+00
 0.000000e+00 0.000000e+00 0.000000e+00 0.000000e+00 0.000000e+00 0.000000e+00 0.000000e+00 5.829340e-01 4.170659e-01 0.000000e+00 0.000000e+00 0.000000e+00 0.000000e+00 0.000000e+00 0.000000e+00 0.000000e+00 0.000000e+00 0.000000e+00 0.000000e+00 0.000000e+00 0.000000e+00 0.000000e+00 0.000000e+00 0.000000e+00 0.000000e+00 0.000000e+00
 0.000000e+00 0.000000e+00 0.000000e+00 0.000000e+00 0.000000e+00 0.000000e+00 0.000000e+00 0.000000e+00 6.856125e-01 3.143876e-01 0.000000e+00 0.000000e+00 0.000000e+00 0.000000e+00 0.000000e+00 0.000000e+00 0.000000e+00 0.000000e+00 0.000000e+00 0.000000e+00 0.000000e+00 0.000000e+00 0.000000e+00 0.000000e+00 0.000000e+00 0.000000e+00
 0.000000e+00 0.000000e+00 0.000000e+00 0.000000e+00 0.000000e+00 0.000000e+00 0.000000e+00 0.000000e+00 0.000000e+00 6.445025e-01 3.554975e-01 0.000000e+00 0.000000e+00 0.000000e+00 0.000000e+00 0.000000e+00 0.000000e+00 0.000000e+00 0.000000e+00 0.000000e+00 0.000000e+00 0.000000e+00 0.000000e+00 0.000000e+00 0.000000e+00 0.000000e+00
 0.000000e+00 0.000000e+00 0.000000e+00 0.000000e+00 0.000000e+00 0.000000e+00 0.000000e+00 0.000000e+00 0.000000e+00 0.000000e+00 5.291063e-01 4.708937e-01 0.000000e+00 0.000000e+00 0.000000e+00 0.000000e+00 0.000000e+00 0.000000e+00 0.000000e+00 0.000000e+00 0.000000e+00 0.000000e+00 0.000000e+00 0.000000e+00 0.000000e+00 0.000000e+00
 0.000000e+00 0.000000e+00 0.000000e+00 0.000000e+00 0.000000e+00 0.000000e+00 0.000000e+00 0.000000e+00 0.000000e+00 0.000000e+00 0.000000e+00 5.201998e-01 4.798002e-01 0.000000e+00 0.000000e+00 0.000000e+00 0.000000e+00 0.000000e+00 0.000000e+00 0.000000e+00 0.000000e+00 0.000000e+00 0.000000e+00 0.000000e+00 0.000000e+00 0.000000e+00
 0.000000e+00 0.000000e+00 0.000000e+00 0.000000e+00 0.000000e+00 0.000000e+00 0.000000e+00 0.000000e+00 0.000000e+00 0.000000e+00 0.000000e+00 0.000000e+00 5.835466e-01 4.164533e-01 0.000000e+00 0.000000e+00 0.000000e+00 0.000000e+00 0.000000e+00 0.000000e+00 0.000000e+00 0.000000e+00 0.000000e+00 0.000000e+00 0.000000e+00 0.000000e+00
 0.000000e+00 0.000000e+00 0.000000e+00 0.000000e+00 0.000000e+00 0.000000e+00 0.000000e+00 0.000000e+00 0.000000e+00 0.000000e+00 0.000000e+00 0.000000e+00 0.000000e+00 6.149877e-01 3.850124e-01 0.000000e+00 0.000000e+00 0.000000e+00 0.000000e+00 0.000000e+00 0.000000e+00 0.000000e+00 0.000000e+00 0.000000e+00 0.000000e+00 0.000000e+00
 0.000000e+00 0.000000e+00 0.000000e+00 0.000000e+00 0.000000e+00 0.000000e+00 0.000000e+00 0.000000e+00 0.000000e+00 0.000000e+00 0.000000e+00 0.000000e+00 0.000000e+00 0.000000e+00 6.156899e-01 3.843100e-01 0.000000e+00 0.000000e+00 0.000000e+00 0.000000e+00 0.000000e+00 0.000000e+00 0.000000e+00 0.000000e+00 0.000000e+00 0.000000e+00
 0.000000e+00 0.000000e+00 0.000000e+00 0.000000e+00 0.000000e+00 0.000000e+00 0.000000e+00 0.000000e+00 0.000000e+00 0.000000e+00 0.000000e+00 0.000000e+00 0.000000e+00 0.000000e+00 0.000000e+00 5.449212e-01 4.550789e-01 0.000000e+00 0.000000e+00 0.000000e+00 0.000000e+00 0.000000e+00 0.000000e+00 0.000000e+00 0.000000e+00 0.000000e+00
 0.000000e+00 0.000000e+00 0.000000e+00 0.000000e+00 0.000000e+00 0.000000e+00 0.000000e+00 0.000000e+00 0.000000e+00 0.000000e+00 0.000000e+00 0.000000e+00 0.000000e+00 0.000000e+00 0.000000e+00 0.000000e+00 6.155303e-01 3.844697e-01 0.000000e+00 0.000000e+00 0.000000e+00 0.000000e+00 0.000000e+00 0.000000e+00 0.000000e+00 0.000000e+00
 0.000000e+00 0.000000e+00 0.000000e+00 0.000000e+00 0.000000e+00 0.000000e+00 0.000000e+00 0.000000e+00 0.000000e+00 0.000000e+00 0.000000e+00 0.000000e+00 0.000000e+00 0.000000e+00 0.000000e+00 0.000000e+00 0.000000e+00 5.455154e-01 4.544846e-01 0.000000e+00 0.000000e+00 0.000000e+00 0.000000e+00 0.000000e+00 0.000000e+00 0.000000e+00
 0.000000e+00 0.000000e+00 0.000000e+00 0.000000e+00 0.000000e+00 0.000000e+00 0.000000e+00 0.000000e+00 0.000000e+00 0.000000e+00 0.000000e+00 0.000000e+00 0.000000e+00 0.000000e+00 0.000000e+00 0.000000e+00 0.000000e+00 0.000000e+00 6.152334e-01 3.847666e-01 0.000000e+00 0.000000e+00 0.000000e+00 0.000000e+00 0.000000e+00 0.000000e+00
 0.000000e+00 0.000000e+00 0.000000e+00 0.000000e+00 0.000000e+00 0.000000e+00 0.000000e+00 0.000000e+00 0.000000e+00 0.000000e+00 0.000000e+00 0.000000e+00 0.000000e+00 0.000000e+00 0.000000e+00 0.000000e+00 0.000000e+00 0.000000e+00 0.000000e+00 5.822648e-01 4.177352e-01 0.000000e+00 0.000000e+00 0.000000e+00 0.000000e+00 0.000000e+00
 0.000000e+00 0.000000e+00 0.000000e+00 0.000000e+00 0.000000e+00 0.000000e+00 0.000000e+00 0.000000e+00 0.000000e+00 0.000000e+00 0.000000e+00 0.000000e+00 0.000000e+00 0.000000e+00 0.000000e+00 0.000000e+00 0.000000e+00 0.000000e+00 0.000000e+00 0.000000e+00 5.468010e-01 4.531989e-01 0.000000e+00 0.000000e+00 0.000000e+00 0.000000e+00
 0.000000e+00 0.000000e+00 0.000000e+00 0.000000e+00 0.000000e+00 0.000000e+00 0.000000e+00 0.000000e+00 0.000000e+00 0.000000e+00 0.000000e+00 0.000000e+00 0.000000e+00 0.000000e+00 0.000000e+00 0.000000e+00 0.000000e+00 0.000000e+00 0.000000e+00 0.000000e+00 0.000000e+00 6.666442e-01 3.333558e-01 0.000000e+00 0.000000e+00 0.000000e+00
 0.000000e+00 0.000000e+00 0.000000e+00 0.000000e+00 0.000000e+00 0.000000e+00 0.000000e+00 0.000000e+00 0.000000e+00 0.000000e+00 0.000000e+00 0.000000e+00 0.000000e+00 0.000000e+00 0.000000e+00 0.000000e+00 0.000000e+00 0.000000e+00 0.000000e+00 0.000000e+00 0.000000e+00 0.000000e+00 5.837573e-01 4.162427e-01 0.000000e+00 0.000000e+00
 0.000000e+00 0.000000e+00 0.000000e+00 0.000000e+00 0.000000e+00 0.000000e+00 0.000000e+00 0.000000e+00 0.000000e+00 0.000000e+00 0.000000e+00 0.000000e+00 0.000000e+00 0.000000e+00 0.000000e+00 0.000000e+00 0.000000e+00 0.000000e+00 0.000000e+00 0.000000e+00 0.000000e+00 0.000000e+00 0.000000e+00 5.455800e-01 4.544200e-01 0.000000e+00
 0.000000e+00 0.000000e+00 0.000000e+00 0.000000e+00 0.000000e+00 0.000000e+00 0.000000e+00 0.000000e+00 0.000000e+00 0.000000e+00 0.000000e+00 0.000000e+00 0.000000e+00 0.000000e+00 0.000000e+00 0.000000e+00 0.000000e+00 0.000000e+00 0.000000e+00 0.000000e+00 0.000000e+00 0.000000e+00 0.000000e+00 0.000000e+00 5.788327e-01 4.211673e-01
 0.000000e+00 0.000000e+00 0.000000e+00 0.000000e+00 0.000000e+00 0.000000e+00 0.000000e+00 0.000000e+00 0.000000e+00 0.000000e+00 0.000000e+00 0.000000e+00 0.000000e+00 0.000000e+00 0.000000e+00 0.000000e+00 0.000000e+00 0.000000e+00 0.000000e+00 0.000000e+00 0.000000e+00 0.000000e+00 0.000000e+00 0.000000e+00 0.000000e+00 0.000000e+00
<ENDHMM>
