~o
<STREAMINFO> 1 39
<VECSIZE> 39<NULLD><MFCC_E_D_A><DIAGC>
~h "Nhanh"
<BEGINHMM>
<NUMSTATES> 25
<STATE> 2
<MEAN> 39
 -6.495114e+00 -1.025288e+01 -9.257665e-01 -2.342826e+00 -8.798870e-01 -2.230680e+00 2.634085e+00 -2.223069e+00 5.410735e+00 -1.233128e+00 -1.122781e+00 -2.582262e-01 2.635229e-02 9.737819e-01 5.392330e-01 -3.509848e-01 -6.622735e-01 -2.993454e-01 -1.105288e+00 -1.020042e+00 -1.025543e+00 -1.367543e+00 -3.312660e-01 1.998957e-01 -3.607220e-01 4.406134e-02 5.299398e-01 2.111574e-01 -3.046398e-01 -6.475613e-01 -2.734066e-01 -8.967709e-02 -2.165360e-01 -5.801241e-02 -5.974274e-01 -5.750533e-01 -2.021320e-01 -3.598089e-01 1.966273e-02
<VARIANCE> 39
 3.854255e+00 4.007649e+00 6.680309e+00 2.358094e+00 2.550015e+00 2.177968e+01 5.969195e+00 1.084218e+01 3.952406e+01 1.191109e+01 1.718345e+01 1.688333e+01 5.000000e-02 1.155993e+00 3.730876e-01 6.890561e-01 2.699775e+00 1.538137e+00 6.537534e-01 1.994327e+00 1.089414e+00 2.843740e+00 2.557183e+00 1.646945e+00 1.231372e+00 5.000000e-02 1.618825e-01 5.867811e-02 2.846081e-01 1.695315e-01 2.251138e-01 3.916873e-01 3.556831e-01 2.487742e-01 7.404374e-01 2.171716e-01 3.239226e-01 9.597103e-02 5.000000e-02
<GCONST> 7.360867e+01
<STATE> 3
<MEAN> 39
 3.015259e+00 -6.620798e+00 -6.603416e+00 -1.075713e+01 -4.156212e+00 -7.323479e+00 -6.346289e-01 -4.121992e+00 -4.837826e+00 -6.952854e+00 -2.385980e+00 -4.987653e+00 3.937457e-01 2.930987e+00 -1.122464e-01 -2.221598e+00 -1.645608e+00 -1.188770e+00 -6.268128e-01 -1.754378e-01 -1.124832e+00 -1.134431e+00 -1.135311e+00 -1.710541e+00 -8.261125e-01 1.072040e-01 -4.960567e-01 -5.428603e-01 8.066926e-02 5.992086e-01 1.498360e-01 -8.057980e-03 2.673334e-01 1.219885e-01 7.297630e-01 4.993230e-01 -9.055816e-02 1.722524e-01 -1.203596e-02
<VARIANCE> 39
 3.391704e+01 4.630299e+00 2.423336e+01 1.521837e+01 1.580025e+01 1.752270e+01 5.852713e+00 8.410965e+00 1.489472e+01 8.837623e+00 1.045582e+01 8.422180e+00 5.000000e-02 1.586337e+00 1.104807e+00 1.622195e+00 1.885996e+00 1.289725e+00 1.191162e+00 5.920663e-01 1.343100e+00 1.868574e+00 2.153408e+00 7.889057e-01 4.323245e-01 5.000000e-02 4.451146e-01 1.442905e-01 4.196897e-01 4.931695e-01 3.858537e-01 4.279886e-01 9.844919e-02 1.453477e-01 1.727475e-01 1.962138e-01 1.883862e-01 8.050186e-02 5.000000e-02
<GCONST> 7.678937e+01
<STATE> 4
<MEAN> 39
 6.133755e+00 -9.425097e+00 -9.944680e+00 -9.386014e+00 -5.175961e+00 -9.193410e+00 -4.490630e-01 -6.432049e+00 -3.432597e+00 -7.068236e+00 -6.822674e+00 -6.489399e+00 5.288339e-01 -9.042794e-01 -8.187664e-01 -2.829141e-02 -7.163495e-01 -2.366630e-01 -9.339750e-01 -2.611500e-01 1.523875e-01 3.784209e-01 -1.015661e-03 -6.114269e-01 1.572536e-02 4.979914e-02 -1.560835e+00 -1.870429e-01 7.578152e-01 -6.218461e-02 2.045390e-01 5.071681e-01 5.713195e-01 4.212649e-01 2.845095e-01 4.946166e-02 5.343331e-01 -1.592300e-01 -8.178130e-03
<VARIANCE> 39
 3.378618e+01 4.235987e+00 2.877275e+01 4.627600e+00 9.959134e+00 3.976084e+01 1.094914e+01 1.004392e+01 1.435433e+01 8.238196e+00 8.595260e+00 3.808196e+00 5.258563e-02 2.260741e+00 1.806197e+00 1.820014e+00 3.896580e+00 2.667930e+00 7.334391e+00 3.414373e-01 1.030449e+00 4.243818e+00 1.322576e+00 1.124508e+00 4.692232e-01 5.000000e-02 3.247534e-01 1.335850e-01 3.337725e-01 1.547911e-01 5.250421e-01 7.223645e-01 2.789216e-01 6.750258e-01 3.359159e-01 3.028660e-01 2.310592e-01 3.425389e-01 5.000000e-02
<GCONST> 8.435740e+01
<STATE> 5
<MEAN> 39
 -1.522518e+00 -1.075464e+01 -6.449363e+00 -1.349437e+01 -4.986680e+00 -8.849200e+00 1.101125e+00 -5.271803e+00 -2.119091e+00 -6.510826e+00 -5.234099e+00 -5.836191e+00 6.232523e-01 -4.181836e+00 -1.201870e+00 1.118366e+00 -7.833490e-01 2.298006e-01 1.965708e+00 2.403741e+00 4.386362e-01 8.367790e-01 -7.214643e-01 5.513535e-01 -1.953242e+00 4.621474e-02 -1.814666e-01 -4.300800e-01 -2.908714e-01 5.681638e-01 2.250600e-01 6.882693e-01 7.256692e-01 1.238975e-01 -6.056684e-02 -3.046990e-01 2.177086e-01 -2.751629e-01 -9.891735e-04
<VARIANCE> 39
 3.654031e+01 1.494633e+01 3.681926e+01 3.583546e+01 2.811482e+01 1.028954e+02 2.180774e+01 1.871425e+01 8.152780e+01 1.175067e+01 1.712200e+01 1.636621e+01 5.000000e-02 3.755949e+00 1.083738e+00 1.019515e+00 5.351296e-01 6.018550e+00 4.610342e+00 2.199556e+00 3.600069e+00 1.385401e+00 1.070335e+00 1.948260e+00 9.722713e-01 5.000000e-02 5.865995e-01 3.010944e-01 2.869744e-01 7.814831e-01 7.066857e-01 1.365253e+00 2.508291e-01 4.480254e-01 7.175326e-01 4.006915e-01 2.816219e-01 2.213885e-01 5.000000e-02
<GCONST> 1.004109e+02
<STATE> 6
<MEAN> 39
 -1.093910e+01 -1.535955e+01 -6.080615e+00 -1.208588e+01 -6.216363e+00 -1.557252e+00 7.753425e+00 -4.275644e+00 5.724173e-02 -9.761668e+00 -5.196284e+00 -1.315510e+01 7.212271e-01 -1.585009e+00 -2.526240e+00 -5.214633e-01 1.355948e+00 7.558510e-01 1.696487e+00 2.458261e+00 1.284030e+00 -1.178935e-01 -9.809533e-01 1.242349e+00 -5.993316e-01 4.764706e-02 1.118505e+00 -7.991395e-02 -4.072078e-01 5.416557e-01 5.416360e-01 -5.538258e-01 -3.514445e-01 2.490327e-01 -3.783911e-01 -1.039648e-01 2.660781e-01 1.149795e+00 -4.645443e-03
<VARIANCE> 39
 2.673933e+00 1.572827e+01 1.780983e+01 8.945494e+00 5.436986e+01 4.481588e+01 2.993475e+01 2.409810e+01 4.223175e+01 6.106227e+00 1.927108e+01 3.418052e+01 5.287471e-02 2.211717e+00 1.113656e+00 1.124809e+00 2.138309e+00 3.475565e+00 2.575214e+00 7.568828e-01 1.969710e+00 1.247393e+00 1.468979e+00 7.009465e-01 2.824089e+00 5.000000e-02 3.654016e-01 1.048521e-01 2.684286e-01 2.319034e-01 8.733457e-01 8.094524e-01 3.770742e-01 5.823253e-01 1.310323e-01 1.396471e-01 2.815848e-01 2.964615e-01 5.000000e-02
<GCONST> 8.925113e+01
<STATE> 7
<MEAN> 39
 -1.122740e+01 -2.317801e+01 -5.948138e+00 -9.343788e+00 -1.702976e+00 6.618283e-01 9.586049e+00 -1.108919e+00 -7.880914e-01 -1.226631e+01 -9.312654e-01 -7.002730e+00 8.511849e-01 1.491618e-01 -1.176753e+00 -5.775797e-01 1.460671e+00 1.307000e+00 -4.731809e-01 3.422192e-01 6.756427e-01 -5.347182e-01 -1.649189e+00 1.105585e+00 2.051598e+00 2.732109e-02 2.058653e-01 5.205779e-01 -1.884265e-01 -5.707936e-02 -5.109950e-01 -6.089849e-01 -5.932897e-01 -5.221436e-02 4.327961e-02 1.559664e-03 -1.368366e-01 2.305393e-01 -7.885276e-03
<VARIANCE> 39
 6.845294e+00 3.105386e+01 1.764223e+01 9.285975e+00 2.813823e+01 3.293960e+01 2.922286e+01 7.480763e+00 2.120546e+01 1.427506e+01 4.991834e+00 2.971040e+01 6.525581e-02 1.414070e-01 1.013979e+00 7.416445e-01 6.772051e-01 1.675562e+00 1.464802e+00 1.068909e+00 1.630445e+00 3.642251e-01 5.762950e-01 1.031595e+00 1.373513e+00 5.000000e-02 2.332456e-01 1.139009e-01 1.029427e-01 2.032735e-01 2.943609e-01 4.098102e-01 1.808157e-01 5.165204e-01 9.184664e-02 3.027824e-01 7.325533e-02 5.447578e-01 5.000000e-02
<GCONST> 7.517099e+01
<STATE> 8
<MEAN> 39
 -9.478255e+00 -2.199806e+01 -1.321812e+01 -2.753634e+00 -1.209992e-01 -8.141395e+00 1.206286e+01 6.117948e-01 -4.787208e+00 -1.730630e+01 3.129521e+00 -4.260319e+00 9.245301e-01 -8.530074e-02 -3.586043e-01 -2.205695e-01 3.771108e-01 -1.075924e+00 -7.604652e-01 -6.663556e-01 7.041314e-01 2.034562e-01 -4.027869e-01 3.153900e-01 1.081103e+00 8.094141e-04 1.584759e-01 2.671284e-01 4.163069e-01 -5.162899e-01 -2.829200e-01 1.306765e-02 -2.691918e-01 -8.810922e-02 1.838190e-01 3.824151e-01 -4.328381e-01 -3.232788e-01 -1.066537e-02
<VARIANCE> 39
 3.108216e+00 1.255692e+01 2.872156e+01 5.131691e+00 1.826496e+01 3.149197e+01 1.472913e+01 3.279337e+01 1.905701e+01 1.185038e+01 1.045668e+01 2.488347e+01 5.063846e-02 1.655660e-01 2.106526e-01 1.714172e+00 1.387125e+00 1.031298e+00 1.364802e+00 1.176679e+00 9.350936e-01 1.903235e-01 5.668236e-01 2.126473e+00 1.388011e+00 5.000000e-02 1.290828e-01 5.000000e-02 1.094328e-01 1.635840e-01 9.117372e-02 2.287143e-01 1.698605e-01 2.944957e-01 7.777199e-02 5.846798e-02 1.882142e-01 2.811620e-01 5.000000e-02
<GCONST> 6.741565e+01
<STATE> 9
<MEAN> 39
 -9.065369e+00 -1.505796e+01 -5.020001e+00 -3.188061e+00 -3.123177e+00 -2.737787e+00 3.837596e+00 -9.059606e-01 4.102120e+00 -1.074328e+01 -5.130752e-01 -6.821210e-01 4.074257e-01 9.211651e-01 4.954987e-01 2.576332e-01 -8.937643e-01 -4.684766e-01 -8.576224e-01 -6.287994e-01 1.792381e-01 4.969490e-01 2.188673e-01 -3.132697e-01 1.371244e-01 4.005256e-03 5.152687e-01 9.063401e-02 2.334172e-01 -4.835254e-01 -1.331153e-01 -1.240314e-01 -3.229700e-01 -3.263306e-01 -2.354097e-01 1.566214e-01 -2.373944e-01 1.600946e-02 4.075486e-03
<VARIANCE> 39
 1.065113e+01 8.032384e+01 2.108174e+01 8.752047e+00 6.343060e+00 1.922721e+01 1.626348e+01 2.234947e+01 2.259783e+01 4.977686e+01 1.185979e+01 3.773549e+00 2.343448e-01 1.194780e+00 3.815555e-01 1.350940e+00 2.382045e+00 7.813168e-01 1.248936e+00 1.995655e+00 2.146721e+00 1.373957e+00 7.987756e-01 6.427874e-01 1.062702e+00 5.000000e-02 2.319186e-01 1.228523e-01 1.711635e-01 8.200376e-02 1.434975e-01 1.120837e-01 5.317397e-01 3.631473e-01 2.204220e-01 1.295743e-01 3.288249e-01 5.786433e-02 5.000000e-02
<GCONST> 7.813937e+01
<STATE> 10
<MEAN> 39
 -6.080146e+00 -2.062484e+01 -6.470845e+00 -9.830451e+00 -6.707479e+00 -1.042445e+01 4.264186e+00 2.803162e+00 -1.509343e-01 -1.506714e+01 -8.862075e-01 3.479062e-01 7.978103e-01 3.134923e+00 8.689705e-01 1.342139e+00 -1.849888e+00 -1.446802e+00 -8.502390e-01 -2.022234e+00 -1.248756e+00 -9.148579e-01 9.305013e-01 -1.584614e+00 -2.725673e-01 -2.855122e-02 3.087423e-01 -4.091055e-01 1.235418e-01 2.836150e-01 -1.920558e-01 6.977340e-01 -1.521892e-01 -4.461503e-01 -4.389560e-01 -1.543406e-01 9.440411e-02 -5.977890e-01 3.800902e-03
<VARIANCE> 39
 1.478808e+01 3.042543e+01 9.216807e+00 9.130039e+00 2.854415e+00 5.600288e+01 9.089194e+00 4.084323e+01 1.847936e+01 2.150805e+01 6.636596e+00 1.218467e+01 5.000000e-02 7.501174e-01 7.062618e-01 5.375332e-01 1.965912e+00 8.396304e-01 1.754237e+00 1.179582e+00 2.254262e+00 2.942388e+00 7.011458e-01 1.186850e+00 1.663052e+00 5.000000e-02 3.371025e-01 1.446839e-01 1.849739e-01 1.703963e-01 1.775931e-01 3.804206e-01 1.642576e-01 3.691929e-01 2.591615e-01 1.822576e-01 3.112507e-01 2.349533e-01 5.000000e-02
<GCONST> 7.914650e+01
<STATE> 11
<MEAN> 39
 2.388909e+00 -1.996771e+01 -2.592283e+00 -1.321983e+01 -9.971539e+00 -7.015073e+00 -2.198538e+00 -1.646399e+00 -3.553093e+00 -1.236265e+01 -3.904022e+00 -3.356285e+00 7.257167e-01 1.241932e+00 -1.138843e+00 1.298335e+00 -4.305573e-01 -1.558544e+00 1.164521e+00 -1.142072e+00 -5.388798e-01 -8.793775e-01 1.993977e-01 -7.714823e-01 -1.195652e+00 9.375304e-03 -7.958215e-01 -2.269174e-01 -2.468051e-01 6.048854e-01 1.248215e-01 9.034420e-02 7.357208e-01 2.531750e-01 3.036796e-01 -1.149948e-01 1.877366e-01 3.929703e-03 4.484825e-03
<VARIANCE> 39
 1.445662e+01 2.748221e+01 1.409891e+01 1.573278e+01 2.544064e+01 1.583695e+01 9.641789e+00 1.117037e+01 1.904270e+01 3.519237e+01 1.884979e+01 1.453749e+01 5.000000e-02 3.960316e+00 7.746703e-01 9.213058e-01 1.819549e+00 2.261862e+00 1.066899e+00 1.573854e+00 1.137819e+00 1.155452e+00 7.736649e-01 1.803779e+00 7.788225e-01 5.000000e-02 8.742251e-02 1.427286e-01 2.657337e-01 2.405509e-01 2.980291e-01 3.383088e-01 2.348954e-01 2.109368e-01 3.846425e-01 2.008561e-01 3.204521e-01 2.692440e-01 5.000000e-02
<GCONST> 8.276051e+01
<STATE> 12
<MEAN> 39
 1.666735e-01 -2.199485e+01 -3.878486e-01 -1.247477e+01 -1.294365e+01 -4.296999e+00 3.342894e-03 -2.928809e+00 -3.102720e+00 -1.070586e+01 -6.052470e+00 -5.547634e+00 7.709378e-01 -2.808331e-01 -2.560218e-01 -7.953227e-01 1.318723e+00 -4.910416e-01 -1.629488e-01 1.144236e+00 -1.357975e-01 2.120475e-01 -5.073540e-01 3.281692e-01 -5.693624e-01 9.438600e-03 -1.721038e-02 3.224367e-01 -5.960195e-01 2.629962e-01 5.292701e-01 -2.877216e-01 1.881170e-01 1.877300e-01 -5.962699e-02 -6.918658e-02 4.840911e-01 1.675039e-01 -4.538947e-03
<VARIANCE> 39
 7.317616e+01 4.587280e+00 1.854515e+01 1.757307e+01 2.387967e+01 3.134657e+01 8.075734e+00 9.816620e+00 4.641149e+00 3.490789e+01 2.323176e+01 9.699988e+00 5.000000e-02 1.117929e+00 1.379866e+00 1.242089e+00 8.099955e-01 2.234317e+00 7.409667e-01 1.023700e+00 6.569856e-01 8.368237e-01 2.973511e+00 1.387939e+00 4.783723e-01 5.000000e-02 1.696291e-01 5.000000e-02 1.738619e-01 2.011062e-01 4.853207e-01 1.348264e-01 1.782425e-01 5.000000e-02 7.540447e-02 4.336533e-01 1.248829e-01 9.638615e-02 5.000000e-02
<GCONST> 7.342769e+01
<STATE> 13
<MEAN> 39
 7.885860e-01 -2.171076e+01 -5.812008e+00 -6.641059e+00 -1.265051e+01 -6.881174e+00 3.102665e+00 -1.809835e+00 -4.508344e+00 -1.282759e+01 -2.810245e+00 -6.655028e+00 7.840278e-01 8.708955e-02 -8.692066e-02 -7.618204e-01 6.561269e-01 6.954449e-01 1.918581e-01 6.165859e-01 1.430539e-01 -1.641982e-01 5.556300e-01 7.900383e-01 2.375749e-01 -4.108846e-03 -4.750156e-02 -1.331824e-02 4.332752e-01 -5.208883e-01 2.886639e-01 3.249036e-01 -3.827432e-01 -1.944189e-02 1.030798e-01 1.857135e-01 -2.390193e-01 2.781093e-01 -2.937398e-03
<VARIANCE> 39
 1.023158e+02 1.301013e+01 1.699103e+01 2.014296e+00 4.464340e+01 2.266617e+01 1.406031e+01 3.810067e+00 6.747093e+00 6.765885e+00 1.554234e+01 1.389289e+01 5.000000e-02 1.435965e-01 6.537448e-01 6.536333e-01 1.120103e+00 1.000009e+00 5.985771e-01 8.517248e-01 1.227458e+00 1.754187e-01 2.082630e+00 5.092084e-01 6.629435e-01 5.000000e-02 5.942037e-02 8.597331e-02 2.216786e-01 9.136558e-02 2.761371e-01 5.301902e-02 9.935629e-02 1.458424e-01 5.000000e-02 3.346190e-01 2.154903e-01 7.263020e-02 5.000000e-02
<GCONST> 6.239188e+01
<STATE> 14
<MEAN> 39
 2.048012e+00 -2.311421e+01 -4.008989e+00 -8.375160e+00 -1.217962e+01 -5.012552e+00 2.353187e+00 -2.206994e+00 -3.840351e+00 -1.158072e+01 -2.489982e+00 -5.230602e+00 7.643153e-01 4.688039e-02 3.828042e-01 3.714475e-01 -3.645182e-01 8.458729e-01 6.572348e-01 -1.933949e-01 1.992656e-01 5.638726e-02 -2.697675e-01 -2.307704e-01 4.157968e-01 -1.252322e-02 -3.136286e-02 2.739345e-01 4.426332e-02 5.195248e-02 -5.253559e-03 -2.245288e-01 5.258439e-03 7.501323e-02 -4.933476e-02 -4.472396e-01 -2.569271e-01 -1.166997e-01 -4.307206e-03
<VARIANCE> 39
 8.525238e+01 1.087812e+01 7.634745e+00 4.629634e+00 4.745801e+01 1.667490e+01 1.020035e+01 1.204345e+01 8.358984e+00 3.405002e+01 8.791866e+00 1.960086e+01 5.000000e-02 1.034623e-01 3.846343e-01 9.250858e-01 4.508930e-01 5.310796e-01 3.163505e-01 7.708230e-01 4.515960e-01 8.173716e-01 1.223018e+00 7.651894e-01 7.043899e-01 5.000000e-02 5.000000e-02 5.000000e-02 1.385221e-01 1.641836e-01 6.462452e-02 8.011410e-02 1.299279e-01 1.197824e-01 1.442178e-01 3.136197e-01 1.121335e-01 1.653182e-01 5.000000e-02
<GCONST> 6.153180e+01
<STATE> 15
<MEAN> 39
 -1.182650e-01 -2.079586e+01 -3.782498e+00 -7.462637e+00 -6.155342e+00 -5.682594e+00 2.597690e+00 -6.657010e-01 -4.038907e+00 -1.419541e+01 -4.440737e+00 -5.162449e+00 6.935437e-01 2.582158e-01 4.972645e-01 3.081641e-01 2.927311e-01 7.284709e-02 -1.581564e+00 -3.665665e-02 2.969252e-01 -1.424354e-01 -5.522044e-01 -4.340191e-01 -5.765441e-01 -3.528016e-02 8.562881e-02 -1.327835e-01 -1.591647e-02 2.568066e-01 -3.044972e-01 -3.225210e-01 2.201118e-02 1.945654e-02 3.893324e-02 4.114620e-01 1.997200e-01 1.130488e-02 -7.421426e-03
<VARIANCE> 39
 8.283820e+01 1.487277e+01 2.721797e+00 4.030554e+01 5.973715e+01 1.584107e+01 1.725338e+01 1.535904e+01 1.656949e+01 8.018553e+00 1.069050e+01 2.387218e+01 5.000000e-02 1.987588e+00 6.037650e-01 6.688358e-01 2.452140e+00 1.732592e+00 2.250647e+00 1.605012e+00 1.824445e+00 1.977448e+00 3.843133e+00 3.060137e-01 5.379607e-01 5.000000e-02 1.957574e-01 1.231591e-01 1.463725e-01 4.689862e-01 4.454971e-01 4.440942e-01 2.111932e-01 2.738023e-01 4.247257e-01 3.621147e-01 1.852635e-01 2.437337e-01 5.000000e-02
<GCONST> 8.485989e+01
<STATE> 16
<MEAN> 39
 1.311749e+00 -2.198382e+01 -2.065047e+00 -6.643135e+00 -8.704782e+00 -8.535997e+00 1.476932e+00 1.636637e+00 -4.525575e+00 -1.440254e+01 -4.278978e+00 -4.765645e+00 5.568809e-01 -1.481642e-01 1.236041e-01 -1.199817e-01 4.539240e-01 -3.269011e-01 6.501922e-01 -3.166847e-02 5.081847e-01 1.582919e-01 4.566290e-01 2.501943e-01 4.838890e-01 -4.523704e-02 -2.058022e-01 1.988220e-01 -9.972150e-04 -1.106197e-01 3.075159e-01 4.782600e-01 3.688436e-02 -2.221310e-01 9.110948e-02 2.110974e-01 2.326436e-01 2.401404e-01 1.419298e-03
<VARIANCE> 39
 1.038590e+01 1.223640e+01 1.778452e+01 3.179943e+01 1.987131e+01 3.592638e+01 2.385320e+01 9.073921e+00 1.054752e+01 2.140761e+01 7.260467e+00 2.422498e+00 5.000000e-02 3.224785e+00 1.185372e+00 1.333559e+00 1.447525e+00 3.904616e+00 3.430992e+00 9.829447e-01 1.276721e+00 2.934349e+00 2.746502e+00 2.765170e+00 2.058726e+00 5.000000e-02 1.262150e-01 2.024972e-01 2.484661e-01 2.205789e-01 4.220941e-01 7.757647e-01 9.379049e-02 4.273208e-01 4.701294e-01 7.466499e-01 5.185972e-01 1.178121e-01 5.000000e-02
<GCONST> 8.800804e+01
<STATE> 17
<MEAN> 39
 2.913284e+00 -2.032671e+01 -1.188749e+00 -8.732007e+00 -1.092012e+01 -6.486599e+00 -2.308403e+00 -7.194941e-02 -1.962533e+00 -1.402602e+01 -5.569048e+00 -6.069312e+00 5.525073e-01 -1.208223e-01 7.453803e-01 -1.702159e-01 1.145226e+00 1.574358e+00 2.962045e-01 5.455468e-01 -8.927349e-03 -6.628570e-01 4.544014e-01 1.368415e+00 9.331440e-01 -2.954288e-02 -4.219589e-02 -1.502985e-01 8.298533e-02 4.005408e-01 4.559020e-01 -4.916751e-02 3.000956e-01 9.801839e-02 -4.519693e-01 -5.905515e-02 5.644380e-01 2.643687e-01 6.142610e-04
<VARIANCE> 39
 9.637337e+00 1.158699e+01 2.235362e+01 2.378603e+01 1.394100e+01 4.664953e+00 2.690565e+01 5.874982e+00 1.018486e+01 2.533776e+01 2.616398e+01 2.002499e+01 5.000000e-02 3.302594e-01 1.065343e-01 6.153277e-01 1.441223e+00 1.325045e+00 1.035644e+00 1.114332e+00 1.637151e+00 1.971227e+00 3.987392e-01 3.429810e+00 2.413004e+00 5.000000e-02 7.033113e-02 5.191457e-02 8.380672e-02 1.581716e-01 2.244634e-01 2.357700e-01 8.957675e-02 2.382956e-01 4.615597e-01 4.383870e-01 6.198462e-01 4.497139e-01 5.000000e-02
<GCONST> 7.446004e+01
<STATE> 18
<MEAN> 39
 1.391980e+00 -1.678440e+01 -3.908456e+00 -4.114878e-01 -4.558196e+00 -5.645309e+00 5.831100e+00 7.340415e-01 -5.705689e+00 -1.016550e+01 2.024542e+00 -1.507684e+00 3.560922e-01 -4.553341e-01 2.048151e-01 2.618242e-01 1.047011e+00 1.077912e+00 -2.993490e-01 7.823354e-01 6.602430e-01 2.555117e-01 6.269747e-02 5.005177e-01 8.376219e-02 -2.497255e-02 -1.138946e-01 -5.774004e-02 4.010823e-02 -2.262424e-01 -4.214266e-01 -1.818375e-01 -1.277636e-01 5.562130e-02 3.912080e-01 3.753938e-04 -4.727603e-01 -2.846187e-01 -7.157908e-04
<VARIANCE> 39
 2.845671e+01 8.728673e+00 5.274734e+00 4.588980e+00 1.924129e+01 1.796355e+01 1.996395e+01 9.995315e+00 1.664330e+01 1.118948e+01 1.871951e+01 3.433982e+01 5.000000e-02 1.923361e-01 3.245622e-01 1.973131e-01 1.208555e+00 2.709084e+00 1.672994e+00 3.100693e-01 9.760836e-01 2.692254e+00 2.145784e+00 3.192986e+00 2.375074e+00 5.000000e-02 1.408610e-01 9.365878e-02 5.000000e-02 1.374992e-01 3.191859e-01 5.241755e-01 1.342032e-01 4.244713e-01 4.893359e-01 4.154321e-01 5.344929e-01 4.661089e-01 5.000000e-02
<GCONST> 7.717040e+01
<STATE> 19
<MEAN> 39
 -2.557385e-01 -1.725164e+01 -1.983779e+00 -1.744468e+00 -3.899215e+00 -6.313530e+00 4.387177e+00 2.104188e+00 -4.859805e+00 -1.148076e+01 8.381193e-01 -1.773227e+00 3.238428e-01 -9.292194e-01 2.733052e-01 2.565401e-01 7.508721e-01 5.243937e-01 -5.887501e-02 3.120934e-01 -1.014596e+00 -6.524788e-03 8.483191e-01 -1.602906e-01 1.541115e-01 -3.850889e-02 -1.133164e-01 -2.140563e-01 -9.595116e-02 -4.046042e-02 -9.508724e-02 7.876507e-02 -2.149436e-01 -3.919456e-01 7.310497e-02 3.619815e-01 -5.487156e-02 -1.506786e-02 8.986068e-04
<VARIANCE> 39
 1.517784e+01 1.078548e+01 1.185984e+01 1.218635e+01 1.412011e+00 4.436006e+00 2.386792e+01 2.116722e+01 2.813577e+01 3.587847e+01 3.158868e+01 1.434947e+01 5.000000e-02 1.193629e+00 1.066828e+00 1.646063e+00 1.486199e+00 7.534637e-01 6.277201e-01 2.803534e+00 2.697244e+00 3.862068e+00 2.241563e+00 2.993979e+00 2.349058e+00 5.000000e-02 5.864006e-02 1.103825e-01 1.281178e-01 1.015326e-01 3.758583e-01 2.219186e-01 2.018136e-01 4.250873e-01 1.116259e+00 3.834683e-01 8.679066e-01 1.706832e-01 5.000000e-02
<GCONST> 8.329433e+01
<STATE> 20
<MEAN> 39
 -2.951395e+00 -1.680914e+01 -2.206803e+00 9.664236e-01 -1.432571e+00 -5.106154e+00 5.030669e+00 -9.397873e-01 -4.499464e+00 -7.533328e+00 1.065983e+00 -1.672914e+00 2.296676e-01 -8.813909e-01 -3.626032e-01 -2.404311e-01 2.014824e-01 1.915816e-01 1.935849e-01 -3.646107e-02 -1.592468e-01 2.358064e-01 1.359347e+00 7.790583e-01 5.577886e-01 -2.499490e-02 1.840542e-01 6.204616e-02 -8.588626e-02 -3.339890e-01 -3.948753e-01 -1.997173e-01 1.116299e-01 6.258418e-01 2.359734e-01 -2.328519e-01 -2.927455e-03 -5.754611e-02 3.581661e-03
<VARIANCE> 39
 4.681020e+00 2.090077e+01 6.704661e+00 1.302564e+01 1.476817e+01 1.506159e+01 2.198904e+01 1.911486e+01 9.204361e+00 9.100556e+00 8.864948e+00 1.314262e+01 5.000000e-02 1.143516e+00 9.596863e-01 5.145164e-01 6.042781e-01 8.333759e-01 1.400273e+00 1.137440e+00 1.842423e+00 1.967315e+00 1.916223e+00 3.564274e+00 8.441892e-01 5.000000e-02 1.599055e-01 1.718085e-01 2.435755e-01 1.867255e-01 1.837060e-01 2.013714e-01 4.982434e-01 4.592709e-01 3.757623e-01 1.990740e-01 6.449090e-01 3.989667e-01 5.000000e-02
<GCONST> 7.921502e+01
<STATE> 21
<MEAN> 39
 -3.680581e+00 -1.780576e+01 -2.705865e+00 5.042054e-01 -4.331844e+00 -6.971251e+00 5.246679e+00 5.437911e-01 -2.858508e+00 -5.828990e+00 4.029824e+00 -2.039062e-01 2.040979e-01 -1.725879e-01 6.932172e-01 1.858477e-01 -3.150354e-01 -2.674033e-01 -6.274965e-01 5.900201e-01 1.177828e+00 9.369667e-01 1.476124e-01 1.682690e-01 6.567785e-02 -1.901104e-02 1.445148e-01 3.178172e-01 7.176729e-02 -5.212556e-02 1.725599e-01 -9.368107e-02 -1.907775e-01 4.502999e-02 -2.938377e-02 -3.676843e-01 -5.517564e-01 -1.992148e-01 9.128553e-04
<VARIANCE> 39
 6.560006e+00 2.329707e+01 5.014158e+00 7.994482e+00 7.757967e+00 2.822618e+01 3.642629e+00 1.009671e+01 7.926338e+00 1.106996e+01 1.486535e+01 2.611018e+00 5.000000e-02 4.122082e-01 3.927553e-01 6.001313e-01 1.712178e-01 1.264888e+00 1.828828e+00 1.208648e+00 1.272233e+00 9.315324e-01 1.176931e+00 8.607972e-01 2.245625e-01 5.000000e-02 2.294113e-01 3.138075e-01 9.772065e-02 1.228970e-01 1.296243e-01 3.967494e-01 2.471763e-01 3.343175e-01 1.491317e-01 2.841004e-01 1.675558e-01 5.124689e-02 5.000000e-02
<GCONST> 6.372561e+01
<STATE> 22
<MEAN> 39
 -4.460662e+00 -1.536054e+01 -2.504076e+00 2.283531e-01 -2.625773e+00 -8.200706e+00 5.903686e+00 3.582104e+00 -7.254407e-01 -7.061716e+00 7.014756e-01 -6.337208e-01 1.365793e-01 -3.060927e-01 7.999305e-01 -2.255714e-02 -1.787814e-01 3.346684e-01 4.311208e-02 -1.095654e+00 -4.381735e-01 6.218101e-01 4.849589e-01 -3.620766e-01 -9.041819e-02 -2.567388e-02 6.113039e-02 9.300683e-02 -1.711635e-02 -1.371829e-01 7.271592e-02 4.127438e-01 -2.231318e-01 -5.435952e-01 -5.500847e-02 3.134779e-01 2.040710e-01 -1.624651e-02 2.710314e-04
<VARIANCE> 39
 2.006353e+00 2.052143e+01 9.521591e+00 6.434154e+00 9.944614e+00 1.539357e+01 1.349937e+01 1.280903e+01 1.278424e+01 5.069118e+00 8.492359e+00 7.847682e+00 5.000000e-02 6.252122e-01 7.822742e-01 3.701498e-01 7.116636e-01 9.436336e-01 1.871978e+00 9.197833e-01 1.949583e+00 7.698103e-01 1.265866e+00 8.750748e-01 7.276093e-01 5.000000e-02 5.124490e-02 1.122423e-01 1.216195e-01 1.658507e-01 2.085370e-01 2.119351e-01 2.704090e-01 1.894119e-01 2.072926e-01 1.668915e-01 1.178539e-01 1.488947e-01 5.000000e-02
<GCONST> 6.514458e+01
<STATE> 23
<MEAN> 39
 -4.944118e+00 -1.187043e+01 -2.868039e+00 -1.989080e+00 -2.518618e+00 -5.561269e+00 1.399569e+00 -1.487371e+00 9.343730e-01 -2.980567e+00 1.866958e+00 -1.865880e+00 6.408716e-02 -1.991630e-01 7.078718e-01 -1.243543e-01 -8.993195e-01 1.376139e-02 9.016228e-01 -1.991489e-01 -2.083702e-01 8.468132e-03 -9.639614e-03 -2.673788e-01 2.199256e-01 -2.428399e-02 -1.055815e-01 -3.129519e-01 5.813617e-02 2.316831e-01 -9.090569e-02 -8.385541e-02 5.216333e-01 5.895218e-01 -2.783467e-01 -5.202724e-01 3.379311e-02 1.988622e-01 -7.860569e-05
<VARIANCE> 39
 2.749235e+00 8.654507e+00 3.035823e+00 6.870222e+00 6.554382e+00 4.003846e+00 5.485913e+00 1.145563e+01 8.167500e+00 9.935442e+00 8.917480e+00 2.031495e+01 5.000000e-02 1.337834e-01 9.756902e-01 4.489685e-01 6.853734e-01 1.070213e+00 8.824783e-01 6.758164e-01 2.288660e+00 1.152559e+00 2.490964e+00 9.856873e-01 1.588185e+00 5.000000e-02 8.593938e-02 5.000000e-02 5.000000e-02 1.320708e-01 2.326231e-01 1.971721e-01 9.347111e-02 1.360110e-01 1.017100e-01 2.690172e-01 2.615117e-01 2.540749e-01 5.000000e-02
<GCONST> 6.034069e+01
<STATE> 24
<MEAN> 39
 -5.757949e+00 -1.233931e+01 -3.103063e+00 -2.841800e+00 -2.184004e+00 -5.065238e+00 3.132364e+00 1.434217e+00 3.097214e-01 -4.945279e+00 6.431066e-01 1.011724e-01 9.608624e-04 -3.330075e-01 2.408583e-01 2.067261e-01 6.396238e-01 2.967582e-01 4.103938e-02 4.339079e-01 3.598375e-01 -4.610779e-01 4.658938e-02 7.119466e-01 1.664601e-02 -2.064604e-02 4.660128e-02 -8.468752e-02 1.727923e-02 2.850716e-01 1.599778e-01 -1.863751e-01 1.683729e-02 -1.907327e-01 -2.044046e-01 -1.452638e-02 1.105635e-01 -1.550959e-01 5.330336e-03
<VARIANCE> 39
 6.226234e-01 2.908097e+00 4.143722e+00 8.911313e+00 8.728747e+00 9.856143e+00 3.420876e+00 4.249399e+00 1.420472e+01 1.571140e+01 1.358257e+01 1.172872e+01 5.000000e-02 1.914566e-01 3.998047e-01 1.949034e-01 4.673948e-01 6.679902e-01 1.449679e+00 5.655483e-01 2.815708e-01 7.883536e-01 2.118520e+00 1.249641e+00 1.084725e+00 5.000000e-02 5.000000e-02 5.157268e-02 5.313087e-02 8.812811e-02 1.249864e-01 2.144615e-01 1.282873e-01 1.987861e-01 3.048407e-01 5.800882e-01 1.464350e-01 1.556136e-01 5.000000e-02
<GCONST> 5.435797e+01
<TRANSP> 25
 0.000000e+00 1.000000e+00 0.000000e+00 0.000000e+00 0.000000e+00 0.000000e+00 0.000000e+00 0.000000e+00 0.000000e+00 0.000000e+00 0.000000e+00 0.000000e+00 0.000000e+00 0.000000e+00 0.000000e+00 0.000000e+00 0.000000e+00 0.000000e+00 0.000000e+00 0.000000e+00 0.000000e+00 0.000000e+00 0.000000e+00 0.000000e+00 0.000000e+00
 0.000000e+00 7.058061e-01 2.941939e-01 0.000000e+00 0.000000e+00 0.000000e+00 0.000000e+00 0.000000e+00 0.000000e+00 0.000000e+00 0.000000e+00 0.000000e+00 0.000000e+00 0.000000e+00 0.000000e+00 0.000000e+00 0.000000e+00 0.000000e+00 0.000000e+00 0.000000e+00 0.000000e+00 0.000000e+00 0.000000e+00 0.000000e+00 0.000000e+00
 0.000000e+00 0.000000e+00 5.453721e-01 4.546279e-01 0.000000e+00 0.000000e+00 0.000000e+00 0.000000e+00 0.000000e+00 0.000000e+00 0.000000e+00 0.000000e+00 0.000000e+00 0.000000e+00 0.000000e+00 0.000000e+00 0.000000e+00 0.000000e+00 0.000000e+00 0.000000e+00 0.000000e+00 0.000000e+00 0.000000e+00 0.000000e+00 0.000000e+00
 0.000000e+00 0.000000e+00 0.000000e+00 5.455543e-01 4.544458e-01 0.000000e+00 0.000000e+00 0.000000e+00 0.000000e+00 0.000000e+00 0.000000e+00 0.000000e+00 0.000000e+00 0.000000e+00 0.000000e+00 0.000000e+00 0.000000e+00 0.000000e+00 0.000000e+00 0.000000e+00 0.000000e+00 0.000000e+00 0.000000e+00 0.000000e+00 0.000000e+00
 0.000000e+00 0.000000e+00 0.000000e+00 0.000000e+00 4.999700e-01 5.000299e-01 0.000000e+00 0.000000e+00 0.000000e+00 0.000000e+00 0.000000e+00 0.000000e+00 0.000000e+00 0.000000e+00 0.000000e+00 0.000000e+00 0.000000e+00 0.000000e+00 0.000000e+00 0.000000e+00 0.000000e+00 0.000000e+00 0.000000e+00 0.000000e+00 0.000000e+00
 0.000000e+00 0.000000e+00 0.000000e+00 0.000000e+00 0.000000e+00 5.000301e-01 4.999699e-01 0.000000e+00 0.000000e+00 0.000000e+00 0.000000e+00 0.000000e+00 0.000000e+00 0.000000e+00 0.000000e+00 0.000000e+00 0.000000e+00 0.000000e+00 0.000000e+00 0.000000e+00 0.000000e+00 0.000000e+00 0.000000e+00 0.000000e+00 0.000000e+00
 0.000000e+00 0.000000e+00 0.000000e+00 0.000000e+00 0.000000e+00 0.000000e+00 5.855358e-01 4.144642e-01 0.000000e+00 0.000000e+00 0.000000e+00 0.000000e+00 0.000000e+00 0.000000e+00 0.000000e+00 0.000000e+00 0.000000e+00 0.000000e+00 0.000000e+00 0.000000e+00 0.000000e+00 0.000000e+00 0.000000e+00 0.000000e+00 0.000000e+00
 0.000000e+00 0.000000e+00 0.000000e+00 0.000000e+00 0.000000e+00 0.000000e+00 0.000000e+00 7.212397e-01 2.787603e-01 0.000000e+00 0.000000e+00 0.000000e+00 0.000000e+00 0.000000e+00 0.000000e+00 0.000000e+00 0.000000e+00 0.000000e+00 0.000000e+00 0.000000e+00 0.000000e+00 0.000000e+00 0.000000e+00 0.000000e+00 0.000000e+00
 0.000000e+00 0.000000e+00 0.000000e+00 0.000000e+00 0.000000e+00 0.000000e+00 0.000000e+00 0.000000e+00 6.428331e-01 3.571670e-01 0.000000e+00 0.000000e+00 0.000000e+00 0.000000e+00 0.000000e+00 0.000000e+00 0.000000e+00 0.000000e+00 0.000000e+00 0.000000e+00 0.000000e+00 0.000000e+00 0.000000e+00 0.000000e+00 0.000000e+00
 0.000000e+00 0.000000e+00 0.000000e+00 0.000000e+00 0.000000e+00 0.000000e+00 0.000000e+00 0.000000e+00 0.000000e+00 5.001084e-01 4.998917e-01 0.000000e+00 0.000000e+00 0.000000e+00 0.000000e+00 0.000000e+00 0.000000e+00 0.000000e+00 0.000000e+00 0.000000e+00 0.000000e+00 0.000000e+00 0.000000e+00 0.000000e+00 0.000000e+00
 0.000000e+00 0.000000e+00 0.000000e+00 0.000000e+00 0.000000e+00 0.000000e+00 0.000000e+00 0.000000e+00 0.000000e+00 0.000000e+00 6.666620e-01 3.333381e-01 0.000000e+00 0.000000e+00 0.000000e+00 0.000000e+00 0.000000e+00 0.000000e+00 0.000000e+00 0.000000e+00 0.000000e+00 0.000000e+00 0.000000e+00 0.000000e+00 0.000000e+00
 0.000000e+00 0.000000e+00 0.000000e+00 0.000000e+00 0.000000e+00 0.000000e+00 0.000000e+00 0.000000e+00 0.000000e+00 0.000000e+00 0.000000e+00 6.163612e-01 3.836389e-01 0.000000e+00 0.000000e+00 0.000000e+00 0.000000e+00 0.000000e+00 0.000000e+00 0.000000e+00 0.000000e+00 0.000000e+00 0.000000e+00 0.000000e+00 0.000000e+00
 0.000000e+00 0.000000e+00 0.000000e+00 0.000000e+00 0.000000e+00 0.000000e+00 0.000000e+00 0.000000e+00 0.000000e+00 0.000000e+00 0.000000e+00 0.000000e+00 5.442352e-01 4.557648e-01 0.000000e+00 0.000000e+00 0.000000e+00 0.000000e+00 0.000000e+00 0.000000e+00 0.000000e+00 0.000000e+00 0.000000e+00 0.000000e+00 0.000000e+00
 0.000000e+00 0.000000e+00 0.000000e+00 0.000000e+00 0.000000e+00 0.000000e+00 0.000000e+00 0.000000e+00 0.000000e+00 0.000000e+00 0.000000e+00 0.000000e+00 0.000000e+00 6.432170e-01 3.567830e-01 0.000000e+00 0.000000e+00 0.000000e+00 0.000000e+00 0.000000e+00 0.000000e+00 0.000000e+00 0.000000e+00 0.000000e+00 0.000000e+00
 0.000000e+00 0.000000e+00 0.000000e+00 0.000000e+00 0.000000e+00 0.000000e+00 0.000000e+00 0.000000e+00 0.000000e+00 0.000000e+00 0.000000e+00 0.000000e+00 0.000000e+00 0.000000e+00 6.146523e-01 3.853477e-01 0.000000e+00 0.000000e+00 0.000000e+00 0.000000e+00 0.000000e+00 0.000000e+00 0.000000e+00 0.000000e+00 0.000000e+00
 0.000000e+00 0.000000e+00 0.000000e+00 0.000000e+00 0.000000e+00 0.000000e+00 0.000000e+00 0.000000e+00 0.000000e+00 0.000000e+00 0.000000e+00 0.000000e+00 0.000000e+00 0.000000e+00 0.000000e+00 6.430107e-01 3.569893e-01 0.000000e+00 0.000000e+00 0.000000e+00 0.000000e+00 0.000000e+00 0.000000e+00 0.000000e+00 0.000000e+00
 0.000000e+00 0.000000e+00 0.000000e+00 0.000000e+00 0.000000e+00 0.000000e+00 0.000000e+00 0.000000e+00 0.000000e+00 0.000000e+00 0.000000e+00 0.000000e+00 0.000000e+00 0.000000e+00 0.000000e+00 0.000000e+00 5.835586e-01 4.164414e-01 0.000000e+00 0.000000e+00 0.000000e+00 0.000000e+00 0.000000e+00 0.000000e+00 0.000000e+00
 0.000000e+00 0.000000e+00 0.000000e+00 0.000000e+00 0.000000e+00 0.000000e+00 0.000000e+00 0.000000e+00 0.000000e+00 0.000000e+00 0.000000e+00 0.000000e+00 0.000000e+00 0.000000e+00 0.000000e+00 0.000000e+00 0.000000e+00 5.827745e-01 4.172255e-01 0.000000e+00 0.000000e+00 0.000000e+00 0.000000e+00 0.000000e+00 0.000000e+00
 0.000000e+00 0.000000e+00 0.000000e+00 0.000000e+00 0.000000e+00 0.000000e+00 0.000000e+00 0.000000e+00 0.000000e+00 0.000000e+00 0.000000e+00 0.000000e+00 0.000000e+00 0.000000e+00 0.000000e+00 0.000000e+00 0.000000e+00 0.000000e+00 5.836424e-01 4.163577e-01 0.000000e+00 0.000000e+00 0.000000e+00 0.000000e+00 0.000000e+00
 0.000000e+00 0.000000e+00 0.000000e+00 0.000000e+00 0.000000e+00 0.000000e+00 0.000000e+00 0.000000e+00 0.000000e+00 0.000000e+00 0.000000e+00 0.000000e+00 0.000000e+00 0.000000e+00 0.000000e+00 0.000000e+00 0.000000e+00 0.000000e+00 0.000000e+00 5.839584e-01 4.160416e-01 0.000000e+00 0.000000e+00 0.000000e+00 0.000000e+00
 0.000000e+00 0.000000e+00 0.000000e+00 0.000000e+00 0.000000e+00 0.000000e+00 0.000000e+00 0.000000e+00 0.000000e+00 0.000000e+00 0.000000e+00 0.000000e+00 0.000000e+00 0.000000e+00 0.000000e+00 0.000000e+00 0.000000e+00 0.000000e+00 0.000000e+00 0.000000e+00 5.446079e-01 4.553921e-01 0.000000e+00 0.000000e+00 0.000000e+00
 0.000000e+00 0.000000e+00 0.000000e+00 0.000000e+00 0.000000e+00 0.000000e+00 0.000000e+00 0.000000e+00 0.000000e+00 0.000000e+00 0.000000e+00 0.000000e+00 0.000000e+00 0.000000e+00 0.000000e+00 0.000000e+00 0.000000e+00 0.000000e+00 0.000000e+00 0.000000e+00 0.000000e+00 7.057663e-01 2.942337e-01 0.000000e+00 0.000000e+00
 0.000000e+00 0.000000e+00 0.000000e+00 0.000000e+00 0.000000e+00 0.000000e+00 0.000000e+00 0.000000e+00 0.000000e+00 0.000000e+00 0.000000e+00 0.000000e+00 0.000000e+00 0.000000e+00 0.000000e+00 0.000000e+00 0.000000e+00 0.000000e+00 0.000000e+00 0.000000e+00 0.000000e+00 0.000000e+00 5.816056e-01 4.183944e-01 0.000000e+00
 0.000000e+00 0.000000e+00 0.000000e+00 0.000000e+00 0.000000e+00 0.000000e+00 0.000000e+00 0.000000e+00 0.000000e+00 0.000000e+00 0.000000e+00 0.000000e+00 0.000000e+00 0.000000e+00 0.000000e+00 0.000000e+00 0.000000e+00 0.000000e+00 0.000000e+00 0.000000e+00 0.000000e+00 0.000000e+00 0.000000e+00 5.558875e-01 4.441126e-01
 0.000000e+00 0.000000e+00 0.000000e+00 0.000000e+00 0.000000e+00 0.000000e+00 0.000000e+00 0.000000e+00 0.000000e+00 0.000000e+00 0.000000e+00 0.000000e+00 0.000000e+00 0.000000e+00 0.000000e+00 0.000000e+00 0.000000e+00 0.000000e+00 0.000000e+00 0.000000e+00 0.000000e+00 0.000000e+00 0.000000e+00 0.000000e+00 0.000000e+00
<ENDHMM>
