~o
<STREAMINFO> 1 39
<VECSIZE> 39<NULLD><MFCC_E_D_A><DIAGC>
~h "Nho"
<BEGINHMM>
<NUMSTATES> 28
<STATE> 2
<MEAN> 39
 -4.792692e+00 -7.447020e+00 -6.647053e-01 -4.195824e+00 -6.809927e-04 -4.640476e+00 1.529646e+00 -2.950210e+00 -7.913440e-01 -2.744981e+00 1.542072e+00 -1.919967e+00 8.802540e-02 1.767504e+00 6.061749e-01 -1.083991e+00 -2.400727e+00 -1.088743e+00 -2.623148e-02 -6.011705e-01 -9.568257e-01 -1.682633e+00 -1.189677e+00 -1.565315e+00 -8.631395e-01 7.867289e-02 5.062724e-01 -1.769138e-02 -3.983640e-01 -9.220627e-01 -2.300420e-01 1.503934e-02 -3.185804e-01 2.387425e-02 -8.128317e-02 -3.551966e-01 -5.000694e-01 -5.972712e-01 3.136795e-02
<VARIANCE> 39
 3.042270e+00 1.761541e+00 1.954143e+00 7.318746e+00 6.049546e+00 7.907926e+00 5.976751e+00 1.812114e+01 1.395760e+01 9.155931e+00 8.416509e+00 5.772373e+00 5.000000e-02 2.585622e+00 2.986102e-01 1.156130e+00 1.437860e+00 6.514503e-01 1.143676e+00 4.908291e-01 1.707000e+00 2.826350e+00 6.266994e-01 1.321003e+00 8.900205e-01 5.000000e-02 2.782544e-01 9.838833e-02 2.956563e-01 2.839113e-01 6.755795e-02 5.752487e-01 5.171644e-02 3.380487e-01 7.280958e-01 2.380812e-01 2.276858e-01 1.500840e-01 5.000000e-02
<GCONST> 6.632884e+01
<STATE> 3
<MEAN> 39
 5.518940e+00 -5.550754e+00 -8.441807e+00 -1.213782e+01 -4.980953e+00 -5.840231e+00 -4.165896e-01 -3.817249e+00 -6.101352e+00 -7.540528e+00 -4.363252e+00 -7.250101e+00 4.877484e-01 8.174720e-01 -5.152788e-01 -7.218419e-01 -3.782832e+00 -1.209961e+00 -7.804301e-02 -1.193357e+00 -1.299038e-01 -2.095991e-01 -1.286454e+00 -1.938084e+00 -1.739880e+00 1.067823e-01 -1.731095e+00 -7.716906e-01 8.368292e-01 4.251837e-01 3.814887e-02 4.654672e-01 6.156936e-01 4.013042e-01 7.971207e-01 5.130852e-01 2.883577e-01 -7.472921e-02 -1.681412e-02
<VARIANCE> 39
 1.883202e+01 5.445487e+00 9.587248e+00 4.030028e+00 5.228312e+00 1.337444e+01 9.146788e+00 5.530941e+00 1.735607e+01 5.281081e+00 1.042703e+01 4.544807e+00 5.000000e-02 4.827981e+00 1.818103e+00 2.485240e+00 4.917692e+00 1.558522e+00 4.082584e+00 6.965386e-01 8.496905e-01 2.924821e+00 1.800558e+00 1.197792e+00 1.331878e+00 5.000000e-02 4.445993e-01 9.355004e-02 9.695560e-02 3.199302e-01 9.925063e-02 1.303897e-01 5.264245e-01 2.250995e-01 2.220577e-01 2.318373e-01 5.429411e-01 1.284807e-01 5.000000e-02
<GCONST> 7.688955e+01
<STATE> 4
<MEAN> 39
 -1.925987e+00 -8.710508e+00 -1.472882e+00 -2.309937e+01 -5.428203e+00 -1.961626e+00 -4.397567e+00 -4.096295e+00 -3.823190e+00 -8.353435e+00 -8.446395e+00 -1.046910e+01 5.980663e-01 -3.167444e+00 -2.545824e+00 6.416450e-01 -5.739887e-01 -1.531960e+00 1.827009e+00 1.989615e+00 1.082028e+00 1.009501e+00 5.107417e-01 -6.479636e-01 -1.963786e+00 6.909571e-02 -4.633774e-01 -6.099665e-01 -6.040223e-01 2.051351e+00 1.195702e-01 -1.346003e-01 1.405822e+00 5.456183e-01 8.069795e-02 1.501294e-02 9.853285e-01 3.221798e-01 -1.114758e-02
<VARIANCE> 39
 1.961325e+01 3.059628e+01 1.997700e+01 3.849426e+01 6.429016e+01 7.286597e+01 1.513552e+01 1.397639e+01 2.175627e+01 7.106588e+00 7.785336e+00 1.622830e+01 5.000000e-02 2.891842e+00 1.258781e+00 1.955068e+00 6.228701e+00 1.450678e+00 2.514527e+00 5.264905e+00 9.402255e-01 4.802415e-01 1.358097e+00 3.574044e+00 7.799994e-01 5.000000e-02 3.947385e-01 4.323971e-01 4.313095e-01 1.110227e+00 8.547193e-01 7.960688e-01 1.697690e-01 1.728992e-01 4.184862e-01 5.525280e-01 3.550186e-01 2.804215e-01 5.000000e-02
<GCONST> 9.651243e+01
<STATE> 5
<MEAN> 39
 -8.251779e+00 -1.609782e+01 -5.723173e+00 -1.508978e+01 -1.011818e+01 -1.675571e-01 7.557415e+00 8.825853e-01 -1.256672e+00 -6.554757e+00 -5.746772e+00 -1.491269e+01 7.348933e-01 -1.894442e+00 -2.845645e+00 -2.056089e+00 3.352784e+00 -8.885577e-02 -2.707509e-01 3.857425e+00 1.795261e+00 1.034892e-01 -1.298591e+00 1.697307e+00 -3.505746e-01 5.502307e-02 7.549206e-01 3.006616e-01 -5.766325e-01 5.690480e-01 1.212505e+00 -8.620392e-01 -6.671621e-01 -3.426085e-01 -1.574554e-01 -8.105265e-01 2.424199e-01 1.239162e+00 -4.836347e-03
<VARIANCE> 39
 1.279059e+01 2.499424e+01 2.409689e+01 1.496591e+01 1.191508e+01 6.008122e+01 3.777460e+01 6.044105e+00 3.112301e+01 1.218966e+01 1.869319e+01 3.481000e+00 5.000000e-02 8.297273e-01 1.842894e+00 2.969312e+00 3.480431e+00 4.863711e+00 2.606569e+00 1.467095e+00 1.046057e+00 1.055870e+00 1.736475e+00 1.636979e+00 2.054608e+00 5.000000e-02 2.633482e-01 2.351394e-01 3.662065e-01 5.626006e-01 3.676172e-01 1.813157e-01 7.280884e-01 1.190846e-01 1.446952e-01 3.021768e-01 4.832530e-01 1.088439e-01 5.000000e-02
<GCONST> 8.842092e+01
<STATE> 6
<MEAN> 39
 -9.538808e+00 -1.996588e+01 -1.064734e+01 -8.874995e+00 -6.061648e+00 -4.133500e+00 1.077110e+01 2.687659e+00 -3.438735e+00 -1.332744e+01 -2.879860e+00 -1.068735e+01 8.344765e-01 -6.255330e-01 -1.548248e+00 -1.594439e+00 2.158804e+00 3.184793e+00 -1.465628e+00 -3.694585e-01 2.130433e-01 7.788664e-01 -2.321225e+00 6.338219e-01 2.959939e+00 4.169561e-02 2.189185e-01 5.166559e-01 3.255229e-01 -7.873242e-01 1.083075e+00 -8.288097e-02 -1.303950e+00 -6.314700e-01 7.455191e-01 6.463309e-01 -5.455964e-01 3.272642e-01 -6.537733e-03
<VARIANCE> 39
 6.546750e+00 1.792649e+01 2.969323e+01 1.343224e+01 1.075332e+01 7.934869e+01 1.740262e+01 1.352410e+01 2.010410e+01 1.208850e+01 1.878685e+01 1.842673e+01 5.000000e-02 5.012761e-01 1.058535e+00 1.343199e+00 6.499238e-01 1.649158e+00 5.671784e-01 2.951459e+00 6.190026e-01 1.160478e+00 1.085070e+00 6.780855e-01 6.595222e-01 5.000000e-02 8.808976e-02 3.051814e-01 5.194412e-01 2.678125e-01 6.052254e-01 4.179152e-01 3.756910e-01 2.935521e-01 1.050840e-01 4.101796e-01 1.971338e-01 6.391598e-01 5.000000e-02
<GCONST> 8.180251e+01
<STATE> 7
<MEAN> 39
 -1.111645e+01 -2.288576e+01 -1.214091e+01 -6.547279e+00 4.353777e+00 -6.905337e+00 6.989400e+00 1.943162e+00 2.207011e+00 -1.462446e+01 -3.050415e+00 -4.410647e+00 9.188429e-01 -8.460379e-01 -6.700006e-01 -1.014013e+00 1.064574e-01 4.247175e+00 -6.597304e-01 -1.173919e+00 -1.050678e+00 2.916327e+00 1.031741e+00 -5.634829e-01 6.688471e-01 2.410580e-02 3.366613e-02 4.192208e-01 6.934123e-03 -5.996109e-01 -2.858661e-01 5.339600e-01 5.405892e-03 -5.309368e-01 2.737539e-01 9.001173e-01 -4.394927e-02 -1.110643e+00 -1.061829e-02
<VARIANCE> 39
 1.010043e+01 6.208153e+00 6.708080e+00 5.575173e+00 2.584253e+01 5.417155e+01 6.342604e+00 5.305079e+00 2.265295e+01 1.408553e+01 7.208390e+00 5.897137e+00 5.000000e-02 1.211695e-01 9.700329e-01 1.509738e+00 7.687619e-01 1.197910e+00 1.525628e+00 1.048314e+00 9.448979e-01 1.678700e-01 7.761070e-01 8.934902e-02 1.304038e+00 5.000000e-02 1.094559e-01 8.590350e-02 1.111227e-01 5.000000e-02 2.552713e-01 1.346188e-01 2.615204e-01 7.657113e-02 2.123437e-01 2.636999e-01 6.157370e-02 1.845115e-01 5.000000e-02
<GCONST> 6.063786e+01
<STATE> 8
<MEAN> 39
 -1.387664e+01 -2.360355e+01 -1.569850e+01 -7.695715e+00 1.071566e+01 -5.525469e+00 5.500948e+00 -2.548581e+00 9.620826e+00 -1.064359e+01 -3.930703e+00 -7.077311e+00 9.331437e-01 -4.116989e-01 3.518984e-01 -1.298598e+00 -3.498480e-01 2.222307e+00 6.827146e-01 -6.226412e-01 -2.103489e+00 1.895787e+00 1.590545e+00 4.347106e-01 -1.173627e+00 -2.820390e-03 3.652688e-01 2.621699e-01 1.448850e-01 -4.555487e-02 -6.952053e-01 5.377896e-01 1.242545e-01 -1.650313e-01 -7.047781e-01 -1.136318e-01 4.259307e-01 -2.487058e-01 -8.504543e-03
<VARIANCE> 39
 8.831697e+00 5.426052e+00 4.141969e+00 4.516053e+00 2.339167e+01 2.431430e+01 6.833153e+00 1.088113e+01 1.990723e+01 4.307627e+00 5.932868e+00 6.525148e+00 5.000000e-02 5.479986e-01 2.074361e-01 3.667289e-01 4.395241e-01 4.937966e-01 1.000111e+00 3.819351e-01 3.376029e-01 7.890453e-01 9.326366e-01 3.726169e-01 5.700541e-01 5.000000e-02 7.390803e-02 6.690286e-02 1.607343e-01 5.000000e-02 1.530692e-01 8.753253e-02 7.225909e-02 7.047254e-02 8.443604e-02 1.318266e-01 5.239262e-02 1.188067e-01 5.000000e-02
<GCONST> 5.033577e+01
<STATE> 9
<MEAN> 39
 -1.281019e+01 -2.111790e+01 -1.679495e+01 -7.478556e+00 1.388398e+01 2.913877e-01 3.454761e+00 -8.988853e+00 1.214666e+01 -7.489474e+00 -1.283299e+00 -9.896549e+00 8.883977e-01 5.876946e-01 4.681043e-01 -4.033594e-01 -2.093529e-01 1.060199e+00 1.352797e+00 -6.042021e-01 -1.540838e+00 -3.756867e-02 3.761574e-01 8.447832e-01 -5.294701e-01 -9.582113e-03 -1.010924e-01 -7.033248e-02 5.032408e-02 -8.644080e-02 -4.931829e-01 -7.064421e-02 7.622009e-02 4.092261e-01 -2.972457e-01 -3.628688e-01 8.681243e-02 3.363011e-01 2.948803e-03
<VARIANCE> 39
 4.420293e+00 5.919355e+00 4.284072e+00 4.927033e+00 1.047560e+01 3.071400e+01 9.315597e+00 1.813419e+01 5.505615e+00 1.105885e+00 4.578189e+00 8.392473e+00 5.000000e-02 5.550787e-01 2.907028e-01 1.267816e-01 4.125275e-01 7.197918e-01 2.203923e-01 5.000000e-02 3.397008e-01 5.337307e-01 7.658426e-01 3.839100e-01 6.601323e-01 5.000000e-02 1.071389e-01 5.000000e-02 6.916027e-02 7.965914e-02 1.395528e-01 1.605861e-01 7.079615e-02 1.007374e-01 2.063012e-01 1.145930e-01 6.690867e-02 1.005106e-01 5.000000e-02
<GCONST> 4.448486e+01
<STATE> 10
<MEAN> 39
 -1.128668e+01 -2.085475e+01 -1.899325e+01 -1.048083e+01 1.716448e+01 -2.815391e+00 3.696665e+00 -9.012089e+00 7.761069e+00 -7.446451e+00 1.559858e+00 -9.181986e+00 8.933427e-01 -3.690557e-01 4.099086e-01 -8.347614e-01 -8.482582e-01 -1.945954e-01 1.114387e+00 1.603876e-01 -5.303530e-01 -1.463770e-01 5.380990e-02 1.307683e+00 -1.280808e-01 -6.386866e-03 -1.053150e-01 5.804069e-02 5.528265e-02 -3.505516e-02 -1.412131e-01 -1.328307e-01 5.068739e-02 4.014445e-01 -8.630978e-02 -5.334625e-02 -2.033349e-01 4.320629e-02 5.548506e-03
<VARIANCE> 39
 2.311107e+00 5.867411e+00 1.619742e+00 4.601959e+00 6.226636e+00 2.525593e+01 9.545052e+00 9.950991e+00 1.356677e+01 4.946196e+00 5.894962e+00 8.582107e+00 5.000000e-02 1.666181e-01 2.023477e-01 2.667919e-01 1.339331e-01 5.022058e-01 1.121885e+00 8.524585e-01 9.959621e-01 5.216278e-01 3.154910e-01 4.009028e-01 9.144739e-01 5.000000e-02 9.806693e-02 6.860757e-02 5.000000e-02 5.000000e-02 8.649483e-02 1.379928e-01 1.091454e-01 5.000000e-02 1.130024e-01 1.388622e-01 5.000000e-02 1.434286e-01 5.000000e-02
<GCONST> 4.505647e+01
<STATE> 11
<MEAN> 39
 -1.376207e+01 -1.948690e+01 -2.070886e+01 -1.095261e+01 1.455926e+01 3.173268e+00 1.257680e+00 -1.021044e+01 1.115315e+01 -6.918086e+00 2.824089e+00 -9.724854e+00 9.216582e-01 1.934843e-01 3.173489e-01 -1.109432e-01 -5.647451e-01 2.071859e-01 3.606144e-01 -7.594846e-01 2.266815e-02 -3.948752e-01 -2.247580e-02 1.726099e-02 -9.603295e-02 2.026628e-02 4.074616e-01 -2.201409e-01 3.163884e-01 9.579448e-02 -2.420257e-02 -4.644756e-02 -6.025182e-02 -3.831250e-02 -2.433410e-01 -3.989664e-01 -1.771319e-01 2.095614e-02 -1.998711e-03
<VARIANCE> 39
 2.661515e+00 7.153694e+00 4.401517e+00 5.359489e+00 4.106091e+00 1.885445e+01 2.242149e+01 6.517070e+00 1.840975e+01 3.610370e+00 5.047317e+00 1.116553e+01 5.000000e-02 1.035215e+00 5.931017e-01 4.046397e-01 2.289010e-01 3.791478e-01 3.249630e-01 3.991309e-01 4.348943e-01 5.214065e-01 4.871566e-01 3.587500e-01 8.435872e-01 5.000000e-02 5.049232e-02 8.140790e-02 6.172623e-02 5.000000e-02 2.374789e-01 7.756393e-02 2.117518e-01 5.000000e-02 6.547678e-02 9.793979e-02 9.039626e-02 7.534008e-02 5.000000e-02
<GCONST> 4.722564e+01
<STATE> 12
<MEAN> 39
 -1.136628e+01 -1.968798e+01 -1.960951e+01 -1.289502e+01 1.599905e+01 4.131630e+00 9.544306e-01 -9.161317e+00 8.523530e+00 -9.350998e+00 2.865166e+00 -8.918743e+00 9.338672e-01 1.015926e+00 -3.646258e-01 5.111302e-01 1.305857e-01 -9.012812e-02 5.747277e-01 -3.437113e-01 -2.429651e-02 -6.246881e-01 -1.427652e+00 5.089134e-01 -3.458592e-02 9.220311e-04 1.399851e-01 -5.019375e-02 1.373242e-01 3.723519e-01 -1.258955e-01 -8.099464e-02 -2.166796e-01 -1.930602e-01 3.119521e-01 -2.678898e-02 1.187024e-01 -3.111061e-01 2.466132e-04
<VARIANCE> 39
 9.666426e+00 4.029771e+00 4.240620e+00 4.710234e+00 1.309828e+01 1.835955e+01 1.961754e+01 5.204869e+00 1.216567e+01 8.522945e+00 3.313472e+00 1.673788e+01 5.000000e-02 6.492106e-01 3.990828e-01 1.141177e+00 5.524714e-01 1.359952e+00 5.118989e-01 1.544492e+00 7.520203e-01 2.160737e-01 6.242659e-01 3.979397e-01 6.811509e-01 5.000000e-02 1.321075e-01 9.753205e-02 1.683338e-01 5.000000e-02 1.579765e-01 3.031521e-01 2.430779e-01 8.674770e-02 6.241177e-02 1.249197e-01 9.049380e-02 1.161521e-01 5.000000e-02
<GCONST> 5.734280e+01
<STATE> 13
<MEAN> 39
 -8.249055e+00 -2.062282e+01 -1.738344e+01 -1.068579e+01 1.517544e+01 3.965464e+00 -8.838356e-01 -1.191675e+01 7.539726e+00 -1.245373e+01 4.619322e+00 -1.206226e+01 9.515441e-01 9.320799e-01 -2.873592e-01 2.877080e-01 4.593959e-01 -6.328968e-01 3.461218e-01 -1.447728e+00 -7.831470e-01 5.015385e-01 -2.660965e-01 1.852750e-01 -1.477820e+00 1.290295e-02 -1.380813e-01 -1.077095e-02 -2.755785e-01 -2.729392e-01 9.526617e-03 5.267741e-04 4.323422e-03 2.264868e-01 -5.970301e-02 2.427796e-01 -3.787175e-01 -1.584662e-01 -2.966246e-04
<VARIANCE> 39
 1.143355e+01 7.858495e+00 1.422233e+01 5.216070e+00 2.116973e+01 1.445623e+01 9.512669e+00 3.944854e+00 2.625468e+01 1.017188e+01 3.444499e+00 1.698871e+01 5.000000e-02 4.121684e-01 3.169873e-01 7.338906e-01 6.717919e-01 1.360350e+00 2.348282e+00 4.718888e-01 2.623052e-01 3.130939e-01 9.321816e-01 4.091623e-01 2.404436e-01 5.000000e-02 9.392743e-02 5.596260e-02 1.704915e-01 1.328966e-01 2.491336e-01 3.179708e-01 2.240720e-01 1.425472e-01 1.203501e-01 1.941202e-01 1.178513e-01 1.001184e-01 5.000000e-02
<GCONST> 6.006825e+01
<STATE> 14
<MEAN> 39
 -7.196888e+00 -2.106620e+01 -1.941129e+01 -1.097409e+01 1.440327e+01 6.741326e+00 -3.349612e+00 -1.113599e+01 8.119191e+00 -1.201859e+01 2.798590e+00 -1.456662e+01 9.764369e-01 7.492709e-01 -2.895833e-01 -1.384948e-01 -3.225081e-01 -1.863994e-01 1.485126e-01 -7.688375e-03 4.188384e-01 -1.079358e+00 -1.328591e+00 -5.708396e-01 -3.867188e-01 -7.419284e-03 -1.878182e-03 5.966755e-02 1.300768e-01 -1.907104e-01 -1.035704e-01 -5.889190e-01 3.510833e-01 2.132964e-01 -3.484166e-01 -4.940336e-01 6.369985e-02 5.106141e-01 -1.127596e-02
<VARIANCE> 39
 8.269352e+00 6.135848e+00 7.797568e+00 1.192256e+01 5.164761e+00 2.046253e+01 1.539323e+01 3.486574e+00 2.447567e+01 2.293255e+01 4.994914e+00 3.511693e+00 5.000000e-02 5.206432e-01 1.855737e-01 5.021729e-01 1.195156e+00 6.460061e-01 2.540106e+00 5.349683e-01 9.060554e-01 7.992029e-01 2.967235e+00 7.936422e-01 6.736639e-01 5.000000e-02 1.085948e-01 5.000000e-02 1.641209e-01 2.057151e-01 1.204059e-01 5.907621e-01 1.103641e-01 3.707745e-01 3.408564e-01 1.131416e-01 2.154669e-01 2.586263e-01 5.000000e-02
<GCONST> 6.556149e+01
<STATE> 15
<MEAN> 39
 -5.529446e+00 -2.092143e+01 -1.835868e+01 -1.292104e+01 1.325813e+01 2.114025e+00 -3.064137e+00 -9.328528e+00 5.721467e+00 -2.108859e+01 3.335302e+00 -1.281401e+01 9.004777e-01 7.664181e-01 -4.233144e-03 4.914189e-01 -7.497262e-01 -6.721596e-01 -1.415082e+00 -7.537131e-01 2.849706e-01 -1.166705e+00 -1.209960e+00 3.310593e-02 2.863507e-01 -3.330640e-02 1.036240e-01 1.161171e-01 3.150905e-01 1.239238e-02 1.551367e-01 1.794328e-01 -4.111758e-01 -6.594457e-02 -1.787408e-01 8.234217e-01 -2.420672e-01 9.730292e-02 -4.954220e-03
<VARIANCE> 39
 1.471017e+00 5.796118e+00 1.011860e+01 1.117593e+01 1.162549e+01 5.626505e+00 1.522595e+01 1.142662e+01 8.303895e+00 5.808597e+01 1.049784e+01 1.269503e+01 5.000000e-02 6.170610e-01 2.425227e-01 1.113273e+00 6.644282e-01 2.088446e-01 1.901518e+00 1.673873e+00 3.082470e+00 1.677894e+00 2.163348e+00 1.296614e+00 2.487163e+00 5.000000e-02 7.819087e-02 5.000000e-02 1.012850e-01 1.982965e-01 1.541573e-01 2.910361e-01 2.805741e-01 2.659881e-01 1.805550e-01 6.504278e-01 2.435701e-01 2.906651e-01 5.000000e-02
<GCONST> 7.100721e+01
<STATE> 16
<MEAN> 39
 -2.178040e+00 -2.098083e+01 -1.699028e+01 -1.387608e+01 1.268708e+01 -5.303608e-01 -3.545397e+00 -1.019156e+01 3.378366e-01 -1.496728e+01 1.379829e+00 -1.482734e+01 8.384765e-01 1.233559e+00 2.429676e-01 1.440127e+00 -2.868048e-01 1.584802e-01 -3.927718e-01 -8.506895e-01 1.155721e+00 -1.922919e+00 9.272158e-01 -9.341255e-01 1.482907e+00 -3.612558e-02 1.293563e-01 1.066262e-02 7.047528e-02 3.707741e-01 -1.485103e-01 3.850469e-01 2.544864e-02 3.271832e-01 1.894267e-02 4.205034e-01 1.491359e-01 2.742332e-01 -4.866232e-03
<VARIANCE> 39
 6.229118e+00 1.371536e+01 2.979837e+01 4.545549e+00 9.598691e+00 2.575553e+01 3.435187e+01 2.822518e+01 1.617133e+01 3.763369e+01 1.044243e+01 4.190942e+01 5.000000e-02 3.460908e-01 4.538229e-01 7.145081e-01 9.502348e-01 7.060878e-01 1.217367e+00 1.653404e+00 8.551643e-01 1.258134e+00 2.891705e+00 1.231241e+00 2.427017e+00 5.000000e-02 6.778735e-02 1.658674e-01 2.294250e-01 2.101690e-01 1.516000e-01 2.187743e-01 5.580081e-01 4.138884e-01 4.872523e-01 2.274070e-01 3.009179e-01 8.040306e-01 5.000000e-02
<GCONST> 8.125819e+01
<STATE> 17
<MEAN> 39
 1.609164e+00 -2.041586e+01 -1.058707e+01 -1.155417e+01 1.098113e+01 2.516358e+00 -8.365480e+00 -5.556156e+00 -3.828423e+00 -1.408685e+01 -8.765875e-01 -8.206738e+00 7.109196e-01 9.774818e-01 6.350420e-02 6.106374e-01 1.466127e+00 -1.342302e+00 2.247342e-01 8.608231e-03 1.087720e+00 -1.479696e-01 1.491463e+00 -6.221334e-01 7.431198e-01 -5.806274e-02 -3.918189e-01 -3.373005e-01 -5.069705e-01 3.354721e-01 -2.741565e-01 -2.134215e-01 5.597056e-01 -4.200107e-01 7.501652e-01 2.079817e-01 1.373523e-01 -8.749500e-02 -1.981559e-03
<VARIANCE> 39
 4.062764e+00 5.671161e-01 5.756938e+00 2.089639e+01 8.021729e+00 2.294515e+01 1.888833e+01 1.455154e+01 1.066583e+01 3.130118e+01 8.151448e+00 6.663245e+00 5.000000e-02 2.708651e-01 1.504056e+00 1.405422e+00 2.389641e+00 8.444980e-01 1.301541e+00 3.877703e+00 2.552547e+00 1.948771e+00 2.376689e+00 7.333959e-01 1.683057e+00 5.000000e-02 5.172520e-02 1.619163e-01 2.425959e-01 3.030957e-01 1.343260e-01 4.294437e-01 2.007590e-01 3.113891e-01 1.695819e-01 3.579654e-01 3.117068e-01 2.888313e-01 5.000000e-02
<GCONST> 7.516846e+01
<STATE> 18
<MEAN> 39
 2.005774e+00 -2.133184e+01 -1.132399e+01 -1.178428e+01 9.325027e+00 7.140450e-01 -6.937731e+00 -3.346203e+00 -2.850811e+00 -1.020399e+01 -5.217096e-01 -9.144852e+00 6.019755e-01 9.893934e-02 -6.199049e-01 -4.889469e-01 1.844928e+00 -9.498602e-01 -2.574698e-01 1.841399e-01 -6.296502e-01 1.189842e+00 1.891760e+00 1.438004e-01 9.999288e-01 -4.865412e-02 -2.552948e-01 1.249944e-02 -8.028853e-01 2.270088e-01 1.995153e-01 -3.346881e-01 6.036026e-01 -5.145934e-01 3.165987e-01 -1.710853e-01 1.195969e-01 1.251773e-03 7.262927e-03
<VARIANCE> 39
 7.765397e+00 3.336688e+00 3.222408e+01 3.285486e+01 2.235766e+01 1.554263e+01 1.823159e+01 2.607605e+01 2.939834e+01 2.722656e+01 1.687948e+01 1.682686e+01 5.000000e-02 7.634468e-01 7.566080e-01 1.844938e+00 1.514971e+00 2.426107e-01 2.618655e+00 2.563499e+00 2.100522e+00 9.682647e-01 2.001467e+00 2.420048e+00 2.582373e-01 5.000000e-02 1.006241e-01 1.903736e-01 2.662550e-01 6.946201e-01 2.446549e-01 2.994557e-01 5.534167e-01 4.597010e-01 6.034285e-01 4.690869e-01 3.674899e-01 2.151305e-01 5.000000e-02
<GCONST> 8.573408e+01
<STATE> 19
<MEAN> 39
 1.628746e+00 -2.341833e+01 -1.479184e+01 -4.450028e+00 6.157152e+00 -2.280092e-01 -3.694366e+00 -7.131723e+00 6.264761e-02 -5.710742e+00 -7.635891e-01 -4.224804e+00 4.990095e-01 -2.121277e-01 -1.448866e-01 -2.276934e+00 7.402443e-01 1.445211e-01 -7.463284e-01 2.095500e+00 1.214882e-01 5.449672e-01 1.409662e+00 2.677088e-01 9.558109e-02 -2.379463e-02 4.724923e-02 3.834116e-01 1.752368e-01 -4.092629e-01 1.840914e-01 -1.238406e-02 3.325002e-03 3.290597e-01 -3.372413e-01 -4.105640e-01 -3.929087e-02 -3.412327e-01 9.525442e-03
<VARIANCE> 39
 3.919054e+00 8.743515e+00 1.986959e+01 1.085986e+01 1.187522e+01 3.886529e+00 3.649245e+01 4.151120e+00 1.222762e+01 1.907626e+01 1.991149e+01 9.679792e+00 5.000000e-02 1.836025e-01 4.012946e-01 1.192358e+00 1.603916e+00 1.415760e+00 1.686932e+00 8.864270e-01 1.973303e+00 7.230701e-01 1.706628e+00 3.258651e-01 1.248291e+00 5.000000e-02 1.196630e-01 1.157273e-01 4.043457e-01 1.259628e-01 2.197887e-01 2.961157e-01 6.467943e-01 1.743415e-01 2.035655e-01 5.440999e-01 4.819898e-01 1.810642e-01 5.000000e-02
<GCONST> 7.313467e+01
<STATE> 20
<MEAN> 39
 1.557845e+00 -2.190739e+01 -1.824142e+01 -5.266879e+00 8.302433e+00 -8.366188e-01 -1.913737e+00 -5.722408e+00 1.498296e+00 -5.727262e+00 -1.555859e+00 -5.480632e+00 4.748871e-01 -6.461035e-02 5.668121e-02 3.843338e-01 3.650520e-01 -2.348230e-01 -1.540514e-02 4.039229e-01 3.710434e-01 3.960151e-02 2.704257e-01 -3.282321e-02 4.848523e-01 -1.676747e-02 -8.666842e-02 -5.970236e-02 6.001583e-01 -1.904127e-01 6.300142e-02 4.508728e-01 -3.806227e-01 8.121859e-02 1.783590e-02 -2.412134e-01 6.813250e-02 6.707696e-02 1.028991e-03
<VARIANCE> 39
 3.451567e+00 3.383456e+00 5.010674e+00 2.587223e+00 6.341237e+00 1.751722e+01 1.064260e+01 1.430529e+01 1.594028e+01 1.121688e+01 1.297490e+01 5.907438e+00 5.000000e-02 3.898400e-01 5.036172e-01 2.604087e+00 1.241192e+00 6.848328e-01 2.550589e+00 2.632206e+00 1.522452e+00 1.928898e+00 1.822410e+00 2.138354e+00 6.245196e-01 5.000000e-02 5.000000e-02 5.000000e-02 2.424529e-01 1.551904e-01 2.296121e-01 3.405497e-01 3.547341e-01 2.165712e-01 3.120161e-01 2.711214e-01 1.515288e-01 9.503637e-02 5.000000e-02
<GCONST> 6.891194e+01
<STATE> 21
<MEAN> 39
 1.519937e+00 -2.149002e+01 -1.379411e+01 -4.447977e+00 5.829049e+00 1.081203e+00 -8.468347e-01 -3.949068e+00 7.491977e-01 -4.427904e+00 -4.248193e-02 -3.894776e+00 4.237716e-01 -3.128913e-01 -1.238070e-01 2.444957e-01 3.179282e-01 -3.015720e-02 8.982313e-01 2.094499e-01 -4.632387e-01 1.949842e-01 -3.729873e-01 -3.522923e-01 2.629643e-01 -1.659772e-02 1.230898e-02 1.165137e-01 -3.596603e-01 9.864134e-02 3.040167e-01 -4.565628e-01 -2.777664e-01 -3.607585e-01 -1.899032e-01 -1.755041e-01 -1.231527e-01 -3.171980e-01 7.335421e-05
<VARIANCE> 39
 4.368853e+00 9.198330e+00 9.778556e+00 9.891780e+00 5.801722e+00 4.476814e+01 3.476814e+00 6.075443e+00 1.877880e+01 1.258233e+01 1.140257e+01 6.094606e+00 5.000000e-02 9.102749e-02 1.814402e-01 1.120459e+00 2.780919e-01 5.578286e-01 1.201937e+00 4.802100e-01 8.660189e-01 1.188590e+00 1.172054e+00 8.061118e-01 8.786229e-01 5.000000e-02 7.661845e-02 2.429761e-01 3.836935e-01 1.725468e-01 5.000000e-02 5.728484e-01 1.082810e-01 2.312668e-01 3.687508e-01 2.527504e-01 2.564376e-01 1.096233e-01 5.000000e-02
<GCONST> 6.282833e+01
<STATE> 22
<MEAN> 39
 2.686829e-01 -2.239882e+01 -1.612486e+01 -4.052657e+00 7.680061e+00 1.780172e-01 -1.414078e+00 -6.690301e+00 1.576048e+00 -6.478316e+00 -1.497227e+00 -3.988500e+00 3.932520e-01 -1.073608e-01 7.555789e-01 -1.228063e-01 6.794834e-01 4.716749e-01 -1.036214e+00 -4.811893e-01 -2.887563e-01 -1.808129e-01 -1.045598e-01 7.870042e-02 -3.998614e-01 -2.024387e-02 1.796654e-02 2.997044e-01 1.988072e-01 -7.171741e-02 6.322656e-02 1.407232e-01 9.442752e-02 3.189938e-01 1.288314e-01 1.514634e-01 2.127922e-01 6.291752e-02 -2.385067e-03
<VARIANCE> 39
 4.452167e-01 3.159325e+00 1.120265e+01 3.104510e+00 7.786602e+00 1.235073e+01 1.429204e+01 1.091686e+01 1.113297e+01 1.429085e+01 6.949115e+00 1.726856e+01 5.000000e-02 2.539063e-01 1.145115e+00 1.370337e+00 2.935981e-01 4.103132e-01 5.674723e-01 1.145845e+00 7.382332e-01 8.657863e-01 5.196803e-01 2.383853e-01 6.775393e-01 5.000000e-02 5.000000e-02 5.000000e-02 1.395880e-01 6.083438e-02 1.008372e-01 2.792397e-01 1.081876e-01 1.447066e-01 3.610694e-01 9.611915e-02 7.062127e-02 1.740691e-01 5.000000e-02
<GCONST> 5.341443e+01
<STATE> 23
<MEAN> 39
 1.084230e+00 -1.901587e+01 -1.446612e+01 -1.146634e+00 8.977538e+00 -2.091585e+00 -3.291348e+00 -5.020302e+00 2.722636e-01 -5.724477e+00 -5.616049e-01 -5.784332e+00 3.392026e-01 -2.399735e-01 1.008959e+00 7.105129e-01 3.192246e-01 8.294679e-01 9.116899e-01 6.450380e-01 6.540600e-01 3.332572e-01 1.586085e-01 4.125650e-01 1.340220e-01 -2.571293e-02 -1.753359e-01 -1.703191e-01 -1.084630e-02 -1.598795e-01 -1.640964e-01 3.160448e-01 4.567069e-01 8.047163e-03 6.374680e-02 -2.263245e-02 -7.045769e-02 2.099461e-01 -1.060517e-05
<VARIANCE> 39
 1.428685e+00 2.515557e+00 4.953403e+00 3.136166e+00 1.953433e+00 1.365096e+01 1.208176e+01 8.184125e+00 7.029044e+00 5.595345e+00 3.370287e+00 3.726875e+00 5.000000e-02 1.905855e-01 4.428888e-01 5.346519e-01 1.915936e-01 6.555474e-01 6.289402e-01 7.409902e-01 9.913600e-01 1.225603e+00 2.583641e-01 1.249372e+00 4.638066e-01 5.000000e-02 5.000000e-02 9.549938e-02 1.689767e-01 5.856916e-02 5.659902e-02 1.296836e-01 3.486082e-01 7.688320e-02 1.141117e-01 6.929249e-02 9.250911e-02 1.288952e-01 5.000000e-02
<GCONST> 4.538870e+01
<STATE> 24
<MEAN> 39
 -1.195602e+00 -1.871229e+01 -1.373322e+01 -2.415365e+00 9.356091e+00 1.295411e+00 -4.450096e-01 -5.832404e+00 2.040019e+00 -5.970924e+00 -6.368001e-02 -2.999515e+00 2.942039e-01 -4.059579e-01 2.396979e-01 4.035891e-01 4.559888e-02 -9.783077e-02 -3.044786e-03 1.962423e-01 -2.719492e-01 1.281611e-01 2.186047e-01 -2.734251e-01 1.093000e-01 -1.665905e-02 -1.044682e-02 -4.387262e-02 1.191374e-01 -1.622580e-03 -1.267074e-01 -2.256705e-01 -2.399090e-01 -8.470475e-02 -1.177779e-01 2.313227e-01 -4.208955e-02 -1.484572e-01 -9.807692e-04
<VARIANCE> 39
 1.279154e+00 6.825992e+00 1.074077e+01 8.627386e+00 5.698741e+00 2.357197e+01 1.664668e+01 1.450005e+01 2.080687e+01 1.155411e+01 9.947460e+00 1.598199e+01 5.000000e-02 1.731237e-01 5.511500e-01 1.090597e+00 1.065152e+00 3.208483e-01 5.385759e-01 1.450451e+00 8.128535e-01 6.454466e-01 3.685986e-01 7.376899e-01 1.300373e+00 5.000000e-02 5.000000e-02 1.552333e-01 2.477765e-01 2.267112e-01 8.568757e-02 9.595099e-02 2.263322e-01 1.734864e-01 1.020286e-01 8.264608e-02 2.117868e-01 1.736085e-01 5.000000e-02
<GCONST> 6.120061e+01
<STATE> 25
<MEAN> 39
 -1.441584e+00 -1.766037e+01 -1.181508e+01 -2.724689e+00 8.974955e+00 6.638317e-01 -9.102104e-01 -5.635910e+00 1.205404e+00 -3.751640e+00 1.673604e-02 -5.401290e+00 2.457304e-01 -7.759176e-01 7.933336e-01 9.722134e-01 -1.557308e-01 -2.967480e-01 4.641850e-02 -4.995129e-01 1.154910e-02 -1.771745e-02 1.259210e+00 8.466162e-01 4.996889e-01 -3.606599e-02 -2.217598e-01 4.202042e-01 3.610623e-01 1.629402e-01 -4.764171e-02 8.811076e-02 5.975555e-02 -4.600022e-02 2.151610e-02 -6.057602e-02 6.425130e-02 2.877824e-01 -1.128438e-02
<VARIANCE> 39
 2.974907e+00 4.566534e+00 8.628064e+00 1.468125e+01 7.510571e+00 1.849308e+01 6.892203e+00 6.190866e+00 2.095775e+01 6.870420e+00 1.175007e+01 2.975994e+01 5.000000e-02 2.824195e-01 1.008650e+00 1.122678e+00 1.518984e+00 9.135346e-01 3.907955e-01 8.057714e-01 5.089060e-01 2.627679e-01 8.219861e-01 5.271793e-01 1.615596e+00 5.000000e-02 5.000000e-02 1.609181e-01 2.821413e-01 3.745833e-01 1.859140e-01 9.533820e-02 1.914163e-01 1.460458e-01 2.118788e-01 1.261230e-01 1.614325e-01 2.900051e-01 5.000000e-02
<GCONST> 6.395445e+01
<STATE> 26
<MEAN> 39
 -4.453807e+00 -1.548996e+01 -1.013177e+01 -1.630932e+00 9.210784e+00 6.828799e-01 -2.763101e+00 -6.127047e+00 3.617067e+00 -5.024792e-01 4.976814e-01 -2.726858e+00 1.395722e-01 -9.093800e-01 1.735851e+00 1.892962e+00 9.275401e-01 -1.032329e-01 -2.548253e-01 4.137478e-01 -1.733046e-01 -1.636835e-01 2.037049e-01 1.019471e-01 1.555855e-01 -5.347684e-02 1.697793e-01 -3.037828e-02 7.252622e-02 2.120578e-02 -1.940472e-01 -4.813739e-02 2.757432e-01 7.118641e-02 -3.081557e-01 -5.520940e-01 -1.739031e-01 -2.450222e-01 9.930162e-04
<VARIANCE> 39
 2.855162e-01 7.556942e+00 4.277612e+00 6.011817e+00 6.102652e+00 2.575733e+01 3.494756e+00 1.318640e+01 1.611695e+01 3.186185e+00 1.172026e+01 1.141133e+01 5.000000e-02 1.786585e-01 2.781915e-01 9.019031e-01 5.288314e-01 8.036863e-01 1.033092e+00 1.220877e+00 1.232390e+00 2.285783e+00 6.543370e-01 7.317948e-01 3.876272e-01 5.000000e-02 5.000000e-02 1.928098e-01 1.542712e-01 3.298075e-01 2.633131e-01 1.845366e-01 1.172219e-01 2.281416e-01 6.368700e-02 9.331310e-02 1.374627e-01 8.158674e-02 5.000000e-02
<GCONST> 5.616980e+01
<STATE> 27
<MEAN> 39
 -5.318849e+00 -1.160997e+01 -4.549207e+00 -1.276782e+00 6.612539e+00 3.073983e-01 -3.032683e-02 -6.854595e+00 3.525859e-01 -3.218482e+00 8.176147e-01 -2.269318e+00 2.758494e-02 -3.802947e-01 7.427989e-01 1.127559e+00 4.460546e-02 -1.038319e+00 -2.780649e-01 3.333293e-01 -2.167328e-01 -6.818913e-01 -2.945521e-01 4.059095e-02 -1.818058e-01 -3.400482e-02 1.812166e-01 -3.997726e-01 -5.152315e-01 -1.848280e-01 -4.757969e-02 3.352724e-02 -1.120024e-01 1.445739e-01 2.271025e-01 1.245662e-02 3.814260e-03 -5.902463e-02 1.171273e-02
<VARIANCE> 39
 8.777117e-01 2.208885e+00 4.037791e+00 6.096153e+00 7.134501e+00 4.556911e+00 1.071535e+01 1.115041e+01 2.348339e+01 1.243775e+01 1.437072e+01 1.240301e+01 5.000000e-02 1.839242e-01 6.628204e-01 8.851739e-01 5.624715e-01 8.155884e-01 1.582459e+00 4.008860e-01 1.648765e+00 5.991034e-01 7.274984e-01 7.073719e-01 4.830183e-01 5.000000e-02 5.000000e-02 5.000000e-02 5.867894e-02 8.610960e-02 1.289032e-01 1.938218e-01 1.296241e-01 3.013246e-01 2.884648e-01 1.567225e-01 2.498076e-01 1.339159e-01 5.000000e-02
<GCONST> 5.610963e+01
<TRANSP> 28
 0.000000e+00 1.000000e+00 0.000000e+00 0.000000e+00 0.000000e+00 0.000000e+00 0.000000e+00 0.000000e+00 0.000000e+00 0.000000e+00 0.000000e+00 0.000000e+00 0.000000e+00 0.000000e+00 0.000000e+00 0.000000e+00 0.000000e+00 0.000000e+00 0.000000e+00 0.000000e+00 0.000000e+00 0.000000e+00 0.000000e+00 0.000000e+00 0.000000e+00 0.000000e+00 0.000000e+00 0.000000e+00
 0.000000e+00 6.716325e-01 3.283675e-01 0.000000e+00 0.000000e+00 0.000000e+00 0.000000e+00 0.000000e+00 0.000000e+00 0.000000e+00 0.000000e+00 0.000000e+00 0.000000e+00 0.000000e+00 0.000000e+00 0.000000e+00 0.000000e+00 0.000000e+00 0.000000e+00 0.000000e+00 0.000000e+00 0.000000e+00 0.000000e+00 0.000000e+00 0.000000e+00 0.000000e+00 0.000000e+00 0.000000e+00
 0.000000e+00 0.000000e+00 5.455434e-01 4.544566e-01 0.000000e+00 0.000000e+00 0.000000e+00 0.000000e+00 0.000000e+00 0.000000e+00 0.000000e+00 0.000000e+00 0.000000e+00 0.000000e+00 0.000000e+00 0.000000e+00 0.000000e+00 0.000000e+00 0.000000e+00 0.000000e+00 0.000000e+00 0.000000e+00 0.000000e+00 0.000000e+00 0.000000e+00 0.000000e+00 0.000000e+00 0.000000e+00
 0.000000e+00 0.000000e+00 0.000000e+00 5.453659e-01 4.546342e-01 0.000000e+00 0.000000e+00 0.000000e+00 0.000000e+00 0.000000e+00 0.000000e+00 0.000000e+00 0.000000e+00 0.000000e+00 0.000000e+00 0.000000e+00 0.000000e+00 0.000000e+00 0.000000e+00 0.000000e+00 0.000000e+00 0.000000e+00 0.000000e+00 0.000000e+00 0.000000e+00 0.000000e+00 0.000000e+00 0.000000e+00
 0.000000e+00 0.000000e+00 0.000000e+00 0.000000e+00 5.000001e-01 4.999999e-01 0.000000e+00 0.000000e+00 0.000000e+00 0.000000e+00 0.000000e+00 0.000000e+00 0.000000e+00 0.000000e+00 0.000000e+00 0.000000e+00 0.000000e+00 0.000000e+00 0.000000e+00 0.000000e+00 0.000000e+00 0.000000e+00 0.000000e+00 0.000000e+00 0.000000e+00 0.000000e+00 0.000000e+00 0.000000e+00
 0.000000e+00 0.000000e+00 0.000000e+00 0.000000e+00 0.000000e+00 5.454547e-01 4.545453e-01 0.000000e+00 0.000000e+00 0.000000e+00 0.000000e+00 0.000000e+00 0.000000e+00 0.000000e+00 0.000000e+00 0.000000e+00 0.000000e+00 0.000000e+00 0.000000e+00 0.000000e+00 0.000000e+00 0.000000e+00 0.000000e+00 0.000000e+00 0.000000e+00 0.000000e+00 0.000000e+00 0.000000e+00
 0.000000e+00 0.000000e+00 0.000000e+00 0.000000e+00 0.000000e+00 0.000000e+00 5.457733e-01 4.542267e-01 0.000000e+00 0.000000e+00 0.000000e+00 0.000000e+00 0.000000e+00 0.000000e+00 0.000000e+00 0.000000e+00 0.000000e+00 0.000000e+00 0.000000e+00 0.000000e+00 0.000000e+00 0.000000e+00 0.000000e+00 0.000000e+00 0.000000e+00 0.000000e+00 0.000000e+00 0.000000e+00
 0.000000e+00 0.000000e+00 0.000000e+00 0.000000e+00 0.000000e+00 0.000000e+00 0.000000e+00 5.830257e-01 4.169743e-01 0.000000e+00 0.000000e+00 0.000000e+00 0.000000e+00 0.000000e+00 0.000000e+00 0.000000e+00 0.000000e+00 0.000000e+00 0.000000e+00 0.000000e+00 0.000000e+00 0.000000e+00 0.000000e+00 0.000000e+00 0.000000e+00 0.000000e+00 0.000000e+00 0.000000e+00
 0.000000e+00 0.000000e+00 0.000000e+00 0.000000e+00 0.000000e+00 0.000000e+00 0.000000e+00 0.000000e+00 5.830553e-01 4.169447e-01 0.000000e+00 0.000000e+00 0.000000e+00 0.000000e+00 0.000000e+00 0.000000e+00 0.000000e+00 0.000000e+00 0.000000e+00 0.000000e+00 0.000000e+00 0.000000e+00 0.000000e+00 0.000000e+00 0.000000e+00 0.000000e+00 0.000000e+00 0.000000e+00
 0.000000e+00 0.000000e+00 0.000000e+00 0.000000e+00 0.000000e+00 0.000000e+00 0.000000e+00 0.000000e+00 0.000000e+00 6.156432e-01 3.843568e-01 0.000000e+00 0.000000e+00 0.000000e+00 0.000000e+00 0.000000e+00 0.000000e+00 0.000000e+00 0.000000e+00 0.000000e+00 0.000000e+00 0.000000e+00 0.000000e+00 0.000000e+00 0.000000e+00 0.000000e+00 0.000000e+00 0.000000e+00
 0.000000e+00 0.000000e+00 0.000000e+00 0.000000e+00 0.000000e+00 0.000000e+00 0.000000e+00 0.000000e+00 0.000000e+00 0.000000e+00 6.155074e-01 3.844926e-01 0.000000e+00 0.000000e+00 0.000000e+00 0.000000e+00 0.000000e+00 0.000000e+00 0.000000e+00 0.000000e+00 0.000000e+00 0.000000e+00 0.000000e+00 0.000000e+00 0.000000e+00 0.000000e+00 0.000000e+00 0.000000e+00
 0.000000e+00 0.000000e+00 0.000000e+00 0.000000e+00 0.000000e+00 0.000000e+00 0.000000e+00 0.000000e+00 0.000000e+00 0.000000e+00 0.000000e+00 5.831009e-01 4.168991e-01 0.000000e+00 0.000000e+00 0.000000e+00 0.000000e+00 0.000000e+00 0.000000e+00 0.000000e+00 0.000000e+00 0.000000e+00 0.000000e+00 0.000000e+00 0.000000e+00 0.000000e+00 0.000000e+00 0.000000e+00
 0.000000e+00 0.000000e+00 0.000000e+00 0.000000e+00 0.000000e+00 0.000000e+00 0.000000e+00 0.000000e+00 0.000000e+00 0.000000e+00 0.000000e+00 0.000000e+00 5.832848e-01 4.167153e-01 0.000000e+00 0.000000e+00 0.000000e+00 0.000000e+00 0.000000e+00 0.000000e+00 0.000000e+00 0.000000e+00 0.000000e+00 0.000000e+00 0.000000e+00 0.000000e+00 0.000000e+00 0.000000e+00
 0.000000e+00 0.000000e+00 0.000000e+00 0.000000e+00 0.000000e+00 0.000000e+00 0.000000e+00 0.000000e+00 0.000000e+00 0.000000e+00 0.000000e+00 0.000000e+00 0.000000e+00 6.155778e-01 3.844222e-01 0.000000e+00 0.000000e+00 0.000000e+00 0.000000e+00 0.000000e+00 0.000000e+00 0.000000e+00 0.000000e+00 0.000000e+00 0.000000e+00 0.000000e+00 0.000000e+00 0.000000e+00
 0.000000e+00 0.000000e+00 0.000000e+00 0.000000e+00 0.000000e+00 0.000000e+00 0.000000e+00 0.000000e+00 0.000000e+00 0.000000e+00 0.000000e+00 0.000000e+00 0.000000e+00 0.000000e+00 5.832328e-01 4.167672e-01 0.000000e+00 0.000000e+00 0.000000e+00 0.000000e+00 0.000000e+00 0.000000e+00 0.000000e+00 0.000000e+00 0.000000e+00 0.000000e+00 0.000000e+00 0.000000e+00
 0.000000e+00 0.000000e+00 0.000000e+00 0.000000e+00 0.000000e+00 0.000000e+00 0.000000e+00 0.000000e+00 0.000000e+00 0.000000e+00 0.000000e+00 0.000000e+00 0.000000e+00 0.000000e+00 0.000000e+00 6.432149e-01 3.567851e-01 0.000000e+00 0.000000e+00 0.000000e+00 0.000000e+00 0.000000e+00 0.000000e+00 0.000000e+00 0.000000e+00 0.000000e+00 0.000000e+00 0.000000e+00
 0.000000e+00 0.000000e+00 0.000000e+00 0.000000e+00 0.000000e+00 0.000000e+00 0.000000e+00 0.000000e+00 0.000000e+00 0.000000e+00 0.000000e+00 0.000000e+00 0.000000e+00 0.000000e+00 0.000000e+00 0.000000e+00 5.447214e-01 4.552786e-01 0.000000e+00 0.000000e+00 0.000000e+00 0.000000e+00 0.000000e+00 0.000000e+00 0.000000e+00 0.000000e+00 0.000000e+00 0.000000e+00
 0.000000e+00 0.000000e+00 0.000000e+00 0.000000e+00 0.000000e+00 0.000000e+00 0.000000e+00 0.000000e+00 0.000000e+00 0.000000e+00 0.000000e+00 0.000000e+00 0.000000e+00 0.000000e+00 0.000000e+00 0.000000e+00 0.000000e+00 4.958900e-01 5.041100e-01 0.000000e+00 0.000000e+00 0.000000e+00 0.000000e+00 0.000000e+00 0.000000e+00 0.000000e+00 0.000000e+00 0.000000e+00
 0.000000e+00 0.000000e+00 0.000000e+00 0.000000e+00 0.000000e+00 0.000000e+00 0.000000e+00 0.000000e+00 0.000000e+00 0.000000e+00 0.000000e+00 0.000000e+00 0.000000e+00 0.000000e+00 0.000000e+00 0.000000e+00 0.000000e+00 0.000000e+00 4.492207e-01 5.507792e-01 0.000000e+00 0.000000e+00 0.000000e+00 0.000000e+00 0.000000e+00 0.000000e+00 0.000000e+00 0.000000e+00
 0.000000e+00 0.000000e+00 0.000000e+00 0.000000e+00 0.000000e+00 0.000000e+00 0.000000e+00 0.000000e+00 0.000000e+00 0.000000e+00 0.000000e+00 0.000000e+00 0.000000e+00 0.000000e+00 0.000000e+00 0.000000e+00 0.000000e+00 0.000000e+00 0.000000e+00 6.872531e-01 3.127469e-01 0.000000e+00 0.000000e+00 0.000000e+00 0.000000e+00 0.000000e+00 0.000000e+00 0.000000e+00
 0.000000e+00 0.000000e+00 0.000000e+00 0.000000e+00 0.000000e+00 0.000000e+00 0.000000e+00 0.000000e+00 0.000000e+00 0.000000e+00 0.000000e+00 0.000000e+00 0.000000e+00 0.000000e+00 0.000000e+00 0.000000e+00 0.000000e+00 0.000000e+00 0.000000e+00 0.000000e+00 5.455325e-01 4.544676e-01 0.000000e+00 0.000000e+00 0.000000e+00 0.000000e+00 0.000000e+00 0.000000e+00
 0.000000e+00 0.000000e+00 0.000000e+00 0.000000e+00 0.000000e+00 0.000000e+00 0.000000e+00 0.000000e+00 0.000000e+00 0.000000e+00 0.000000e+00 0.000000e+00 0.000000e+00 0.000000e+00 0.000000e+00 0.000000e+00 0.000000e+00 0.000000e+00 0.000000e+00 0.000000e+00 0.000000e+00 5.456660e-01 4.543339e-01 0.000000e+00 0.000000e+00 0.000000e+00 0.000000e+00 0.000000e+00
 0.000000e+00 0.000000e+00 0.000000e+00 0.000000e+00 0.000000e+00 0.000000e+00 0.000000e+00 0.000000e+00 0.000000e+00 0.000000e+00 0.000000e+00 0.000000e+00 0.000000e+00 0.000000e+00 0.000000e+00 0.000000e+00 0.000000e+00 0.000000e+00 0.000000e+00 0.000000e+00 0.000000e+00 0.000000e+00 4.452003e-01 5.547997e-01 0.000000e+00 0.000000e+00 0.000000e+00 0.000000e+00
 0.000000e+00 0.000000e+00 0.000000e+00 0.000000e+00 0.000000e+00 0.000000e+00 0.000000e+00 0.000000e+00 0.000000e+00 0.000000e+00 0.000000e+00 0.000000e+00 0.000000e+00 0.000000e+00 0.000000e+00 0.000000e+00 0.000000e+00 0.000000e+00 0.000000e+00 0.000000e+00 0.000000e+00 0.000000e+00 0.000000e+00 7.224208e-01 2.775791e-01 0.000000e+00 0.000000e+00 0.000000e+00
 0.000000e+00 0.000000e+00 0.000000e+00 0.000000e+00 0.000000e+00 0.000000e+00 0.000000e+00 0.000000e+00 0.000000e+00 0.000000e+00 0.000000e+00 0.000000e+00 0.000000e+00 0.000000e+00 0.000000e+00 0.000000e+00 0.000000e+00 0.000000e+00 0.000000e+00 0.000000e+00 0.000000e+00 0.000000e+00 0.000000e+00 0.000000e+00 5.449282e-01 4.550718e-01 0.000000e+00 0.000000e+00
 0.000000e+00 0.000000e+00 0.000000e+00 0.000000e+00 0.000000e+00 0.000000e+00 0.000000e+00 0.000000e+00 0.000000e+00 0.000000e+00 0.000000e+00 0.000000e+00 0.000000e+00 0.000000e+00 0.000000e+00 0.000000e+00 0.000000e+00 0.000000e+00 0.000000e+00 0.000000e+00 0.000000e+00 0.000000e+00 0.000000e+00 0.000000e+00 0.000000e+00 3.747549e-01 6.252451e-01 0.000000e+00
 0.000000e+00 0.000000e+00 0.000000e+00 0.000000e+00 0.000000e+00 0.000000e+00 0.000000e+00 0.000000e+00 0.000000e+00 0.000000e+00 0.000000e+00 0.000000e+00 0.000000e+00 0.000000e+00 0.000000e+00 0.000000e+00 0.000000e+00 0.000000e+00 0.000000e+00 0.000000e+00 0.000000e+00 0.000000e+00 0.000000e+00 0.000000e+00 0.000000e+00 0.000000e+00 6.192614e-01 3.807386e-01
 0.000000e+00 0.000000e+00 0.000000e+00 0.000000e+00 0.000000e+00 0.000000e+00 0.000000e+00 0.000000e+00 0.000000e+00 0.000000e+00 0.000000e+00 0.000000e+00 0.000000e+00 0.000000e+00 0.000000e+00 0.000000e+00 0.000000e+00 0.000000e+00 0.000000e+00 0.000000e+00 0.000000e+00 0.000000e+00 0.000000e+00 0.000000e+00 0.000000e+00 0.000000e+00 0.000000e+00 0.000000e+00
<ENDHMM>
