~o
<STREAMINFO> 1 39
<VECSIZE> 39<NULLD><MFCC_E_D_A><DIAGC>
~h "Sai"
<BEGINHMM>
<NUMSTATES> 25
<STATE> 2
<MEAN> 39
 -6.056631e+00 -4.689136e+00 -2.433670e+00 2.255342e-01 -2.336845e+00 -3.484709e+00 1.497939e+00 -9.298965e-01 1.408643e+00 -4.557464e+00 2.869941e+00 -3.223458e+00 3.644218e-02 -1.255526e+00 1.204262e+00 -1.768156e+00 1.405767e+00 -1.405568e+00 1.494024e-01 -4.563627e-01 -7.255472e-01 2.011605e-01 -2.504540e-01 5.083229e-01 -4.106363e-01 1.264101e-02 -8.248579e-01 2.777267e-01 -8.133332e-01 2.257022e-01 -5.288760e-02 -1.116168e-01 -1.826734e-02 -1.962956e-01 1.702205e-01 1.438084e-01 -1.189364e-01 4.026351e-02 -1.449841e-03
<VARIANCE> 39
 2.803373e+00 5.472542e+00 3.608278e+00 7.659500e+00 1.438258e+01 1.327453e+01 1.673899e+01 7.779995e+00 1.082166e+01 1.845559e+01 1.318925e+01 1.223050e+01 5.000000e-02 1.244855e+00 6.770676e-01 1.495723e+00 9.226910e-01 7.058488e-01 9.640114e-01 1.320516e+00 8.190217e-01 9.354319e-01 1.663964e+00 1.564782e+00 1.605916e+00 5.000000e-02 1.802782e-01 2.397639e-01 1.355135e-01 1.790591e-01 2.676052e-01 1.697347e-01 1.864609e-01 1.737041e-01 2.755482e-01 1.521354e-01 3.700101e-01 2.911650e-01 5.000000e-02
<GCONST> 7.166776e+01
<STATE> 3
<MEAN> 39
 -1.236343e+01 -2.397214e+00 -1.116113e+01 3.752400e+00 -4.847415e+00 -2.265526e+00 8.392358e-01 -2.534571e+00 2.034073e+00 -5.671397e+00 3.950090e+00 -2.612790e+00 -2.455951e-03 -2.495479e+00 1.814985e+00 -2.784371e+00 1.038021e+00 -2.771816e-01 2.413626e-01 4.108792e-02 -2.834096e-01 5.616252e-01 3.424675e-01 5.764499e-02 -1.180086e-01 2.549682e-02 7.247622e-03 1.183608e-01 5.611369e-02 -9.507026e-02 3.302974e-01 -5.164529e-02 2.979060e-01 1.976414e-01 3.156424e-02 3.367956e-01 -1.229877e-02 7.997920e-02 1.702452e-02
<VARIANCE> 39
 7.282287e+00 6.266003e+00 5.282377e+00 7.027214e+00 4.447326e+00 6.645668e+00 1.892489e+01 7.241086e+00 6.801029e+00 7.343889e+00 7.173411e+00 1.385162e+01 5.000000e-02 2.553519e+00 2.795379e+00 1.743520e+00 8.479730e-01 8.805435e-01 5.066435e-01 1.331707e+00 7.851753e-01 1.563502e+00 9.564325e-01 1.257700e+00 5.695322e-01 5.000000e-02 3.629984e-01 1.357156e-01 2.170316e-01 2.072084e-01 2.330552e-01 1.753634e-01 2.651420e-01 2.051699e-01 1.170247e-01 2.132869e-01 1.901522e-01 2.516367e-01 5.000000e-02
<GCONST> 6.965234e+01
<STATE> 4
<MEAN> 39
 -2.123115e+01 6.702349e+00 -1.940595e+01 7.584669e+00 -5.157523e+00 -2.060168e+00 3.266538e+00 -3.722928e+00 3.556924e+00 -1.933141e+00 3.441109e+00 -3.009543e+00 3.016451e-01 -1.299393e+00 3.193752e-01 -9.993613e-01 9.520664e-01 9.792965e-02 -1.215394e-01 5.441344e-01 3.668077e-01 -7.020301e-02 -7.433991e-02 4.096379e-01 6.726575e-01 4.985240e-02 1.026711e+00 -1.299096e+00 9.035084e-01 -7.555105e-01 9.228649e-02 -2.352674e-01 -2.184715e-01 3.436743e-01 -1.835843e-02 -6.331406e-01 -2.399224e-01 -4.321019e-02 -2.864778e-03
<VARIANCE> 39
 2.372894e+01 2.481699e+01 1.825840e+01 2.012149e+01 1.642488e+01 2.302308e+01 1.957446e+01 5.024529e+00 9.903139e+00 5.466426e+00 1.372666e+01 8.304164e+00 5.000000e-02 2.701061e+00 3.951200e+00 5.133488e+00 2.695357e+00 1.103365e+00 1.484142e+00 1.968112e+00 1.270213e+00 1.489526e+00 2.578396e+00 1.279414e+00 5.671331e-01 5.000000e-02 2.397717e-01 3.027733e-01 5.657198e-01 6.492938e-01 1.977767e-01 2.563738e-01 5.692129e-01 3.538771e-01 4.382971e-01 2.342732e-01 5.244136e-01 1.874855e-01 5.000000e-02
<GCONST> 8.885130e+01
<STATE> 5
<MEAN> 39
 -1.901324e+01 -2.223365e+00 -1.521036e+01 3.502748e+00 -5.109536e+00 -2.115871e+00 9.800261e-01 4.952705e-01 4.190020e+00 -7.062968e+00 4.028169e+00 -2.500371e+00 3.660456e-01 4.084986e+00 -4.963428e+00 7.132355e-02 -4.199859e+00 -1.795084e-01 -1.403534e+00 -8.985206e-02 1.305782e+00 1.114130e+00 -2.007398e+00 -2.363530e+00 -2.789301e-01 8.508193e-02 9.145565e-01 -8.223364e-01 -6.451435e-01 -3.503445e-01 3.824260e-01 -3.942267e-01 7.830627e-01 -5.105665e-01 -8.375433e-02 -2.928363e-02 -8.110047e-01 3.335845e-01 2.995169e-02
<VARIANCE> 39
 5.794763e+01 3.062393e+01 6.858980e+00 9.711103e+01 1.113392e+01 5.474668e+01 2.198363e+01 3.002029e+01 2.120040e+01 1.699063e+01 1.680193e+01 1.291699e+01 5.000000e-02 3.457824e+00 1.520522e+00 4.275548e+00 4.662274e+00 3.402820e+00 4.269676e+00 5.434164e+00 2.609791e+00 1.705180e+00 7.413525e-01 3.288262e+00 1.106059e+00 5.000000e-02 8.822461e-01 5.808032e-01 5.339571e-01 2.348417e+00 5.742577e-01 3.619556e-01 1.111645e+00 5.917084e-01 5.935986e-01 2.496284e-01 5.459628e-01 3.361341e-01 5.000000e-02
<GCONST> 1.063132e+02
<STATE> 6
<MEAN> 39
 -3.559316e+00 -1.781214e+01 -2.059017e+01 -6.918084e+00 -5.064416e+00 -9.833761e+00 7.031881e+00 1.505806e+00 6.275450e+00 -1.162889e+01 -7.233041e+00 -1.382587e-01 7.452573e-01 2.413298e+00 -4.652669e+00 -1.488136e+00 -1.016336e+00 2.983260e+00 -1.061470e+00 3.397447e+00 -1.906887e+00 -4.163890e-01 -1.253012e+00 -2.418746e+00 1.650769e+00 1.442669e-01 -1.528759e+00 9.667124e-01 3.202126e-01 1.500875e+00 8.570936e-01 1.015900e+00 -2.063087e-01 -1.069420e+00 -3.091182e-01 6.441492e-01 1.314297e+00 -7.782738e-02 -1.940276e-02
<VARIANCE> 39
 2.842530e+01 1.673646e+01 2.490668e+01 2.148970e+01 4.066389e+01 5.781636e+01 3.977650e+01 2.022380e+01 1.452263e+01 8.933861e+00 2.233375e+01 1.196259e+01 5.000000e-02 3.443982e+00 2.052548e+00 2.685691e+00 6.385656e+00 3.329623e+00 1.518687e+00 4.464965e+00 1.361931e+00 1.626084e+00 9.279551e-01 4.748719e+00 1.049149e+00 5.000000e-02 1.274310e-01 2.006097e-01 3.494154e-01 6.904186e-01 6.987488e-01 1.783645e-01 1.100653e+00 3.832004e-01 4.104187e-01 2.986147e-01 4.511639e-01 4.305001e-01 5.000000e-02
<GCONST> 9.851248e+01
<STATE> 7
<MEAN> 39
 -4.149540e+00 -2.364211e+01 -2.054062e+01 -3.397238e+00 7.326000e+00 -8.223356e+00 1.194067e+01 -6.909654e+00 3.003465e+00 -1.339067e+01 -5.645566e+00 2.096286e+00 9.222811e-01 -4.088426e-01 -1.521433e+00 2.946748e-01 1.560879e+00 2.425747e+00 1.420916e+00 -4.676897e-01 -2.885999e+00 -2.772415e-01 6.544508e-01 1.707857e+00 -5.941705e-01 4.322879e-02 -5.016547e-01 9.593793e-01 3.386044e-01 1.833070e-01 -1.061738e+00 3.294213e-01 -1.430672e+00 4.525900e-01 3.025002e-01 6.174448e-01 7.834715e-01 -8.993704e-01 -3.263452e-02
<VARIANCE> 39
 1.449218e+01 1.371778e+01 4.280825e+01 2.282832e+01 4.161836e+01 3.744096e+01 4.262639e+01 2.045179e+01 6.337844e+00 2.379128e+01 1.839075e+01 7.985585e+00 5.000000e-02 5.212178e-01 5.746753e-01 6.978305e-01 1.054718e+00 5.098413e+00 6.049260e-01 3.265282e+00 1.609598e+00 2.185259e+00 1.648550e+00 2.164865e+00 1.803214e+00 5.000000e-02 2.046286e-01 3.082519e-01 3.176472e-01 6.649154e-01 3.437743e-01 2.818370e-01 6.471897e-01 3.167082e-01 3.404648e-01 1.332738e-01 4.932158e-01 1.563846e-01 5.000000e-02
<GCONST> 8.901892e+01
<STATE> 8
<MEAN> 39
 -2.469892e+00 -2.663963e+01 -2.103328e+01 -1.547872e+00 9.337400e+00 -9.773723e+00 7.701206e+00 -1.032666e+01 1.608049e+00 -6.738312e+00 -5.749046e+00 -2.333977e+00 9.606382e-01 -1.297295e-02 -5.947350e-01 4.240940e-01 3.585776e-01 -2.471516e-01 1.070931e+00 -2.125924e+00 3.972478e-01 3.852955e-01 6.623449e-01 4.238182e-01 -6.281306e-01 1.051203e-02 1.069014e-01 2.052460e-01 1.120848e-02 -2.049420e-01 -2.332134e-01 4.572535e-02 9.403708e-02 6.621078e-01 2.265383e-01 -5.329971e-01 -3.344269e-01 1.950951e-01 -5.039878e-03
<VARIANCE> 39
 8.063982e+00 1.034040e+01 2.146829e+01 2.328989e+01 3.091650e+01 3.512267e+01 2.907182e+01 5.335824e+00 3.935364e+01 7.092931e+01 8.181650e+01 3.902005e+01 5.000000e-02 2.754923e-01 3.420689e-01 3.294705e-01 1.072160e+00 5.599617e-01 8.364922e-01 6.959548e-01 2.175959e+00 1.684567e+00 3.579593e+00 3.168340e+00 2.498780e+00 5.000000e-02 8.850981e-02 5.000000e-02 8.348425e-02 1.592590e-01 6.489279e-01 1.141499e-01 3.787827e-01 3.816904e-01 2.717647e-01 3.867141e-01 6.424701e-01 2.899968e-01 5.000000e-02
<GCONST> 8.327451e+01
<STATE> 9
<MEAN> 39
 -6.699944e+00 -2.686386e+01 -1.679616e+01 -2.213952e+00 4.184156e+00 1.272847e+00 -1.029395e+00 -8.238041e+00 9.782938e+00 -1.119951e+01 3.720039e-02 -2.343279e+00 9.774305e-01 9.366592e-02 -3.456044e-01 -2.250181e-03 -1.760504e-01 -7.202485e-02 3.396596e-01 -5.225554e-01 4.251229e-02 7.025895e-01 -6.099792e-01 1.084269e-01 -1.631841e-01 4.139885e-03 5.350044e-03 1.010156e-01 -4.442982e-02 -2.221610e-01 4.463654e-02 -2.983403e-01 3.809848e-01 5.979248e-02 -2.578565e-01 -1.262757e-01 -1.274971e-01 1.967678e-01 -1.715804e-03
<VARIANCE> 39
 9.761130e+00 5.623313e+00 2.637546e+01 6.529679e+00 2.199626e+01 8.733153e+00 1.126838e+01 3.857611e+00 1.955013e+01 9.739041e+00 1.638709e+01 6.596856e+00 5.000000e-02 2.047564e-01 1.959136e-01 2.720226e-01 3.383046e-01 5.289357e-01 6.303695e-01 1.299531e+00 1.105540e+00 1.177783e+00 1.031663e+00 1.254734e+00 8.846696e-01 5.000000e-02 5.000000e-02 5.000000e-02 6.799262e-02 1.494276e-01 1.360812e-01 1.037571e-01 1.503518e-01 1.492430e-01 2.190097e-01 1.989443e-01 3.179553e-01 1.371112e-01 5.000000e-02
<GCONST> 5.986380e+01
<STATE> 10
<MEAN> 39
 -3.237472e+00 -2.742475e+01 -2.013247e+01 -1.324118e+00 6.854389e+00 -4.110538e+00 3.627224e+00 -9.906196e+00 7.649638e+00 -1.456784e+01 -2.933162e+00 -4.999688e+00 9.891129e-01 1.364622e-01 -1.253293e-01 2.067319e-01 -3.348759e-01 3.069052e-01 2.040059e-01 2.640577e-01 6.053610e-01 -7.898398e-01 -6.521370e-02 -1.092278e+00 4.990411e-01 -1.167522e-03 1.101776e-01 -4.815593e-02 2.184588e-01 2.375184e-02 -5.679694e-02 6.651060e-02 6.736820e-02 3.028803e-01 -3.556249e-01 3.682523e-01 1.450574e-02 1.325238e-01 -2.578537e-03
<VARIANCE> 39
 1.564471e+01 8.534900e+00 1.996907e+01 1.974621e+01 1.970440e+01 1.029241e+01 2.533128e+01 2.621393e+01 2.544804e+01 9.806441e+00 2.741273e+01 3.475240e+01 5.000000e-02 8.147063e-01 1.460308e+00 7.571000e-01 5.310386e-01 7.027200e-01 2.847833e+00 1.708985e+00 2.921385e+00 9.572279e-01 1.306422e+00 3.179039e+00 9.514688e-01 5.000000e-02 5.070609e-02 1.301489e-01 6.174508e-02 5.000000e-02 1.008591e-01 1.686341e-01 2.280031e-01 2.732086e-01 1.408435e-01 1.469037e-01 3.138578e-01 1.259554e-01 5.000000e-02
<GCONST> 7.588566e+01
<STATE> 11
<MEAN> 39
 -4.016629e+00 -2.790080e+01 -1.757325e+01 -3.571569e+00 6.712496e+00 -1.419520e+00 3.171256e+00 -3.394534e+00 4.181237e+00 -1.128370e+01 -1.995008e+00 -7.526528e-01 9.797543e-01 1.009288e-01 3.967801e-02 4.430397e-01 -2.777942e-01 -2.884457e-01 -2.042552e-01 7.405130e-01 3.841122e-01 -6.607367e-01 -2.397963e-01 6.017085e-01 1.288132e-01 -6.487706e-03 -5.751747e-02 3.985947e-02 -1.154268e-01 -1.161626e-02 -3.865531e-01 -2.015947e-01 1.777438e-01 -2.016109e-01 6.639238e-02 -1.257143e-01 -4.621617e-03 -4.488929e-02 -2.157039e-03
<VARIANCE> 39
 2.661102e+01 1.087084e+01 6.423521e+00 1.607464e+01 2.698434e+01 1.189194e+01 4.227023e+00 3.235462e+01 8.929630e+01 1.196971e+01 4.589398e+01 1.115728e+01 5.000000e-02 8.365734e-02 4.752119e-01 2.844730e-01 5.382712e-01 6.230323e-01 7.350106e-01 7.190984e-01 3.623092e-01 6.685804e-01 6.363549e-01 9.911804e-01 3.738187e-01 5.000000e-02 5.000000e-02 5.504394e-02 6.469621e-02 6.331704e-02 7.811581e-02 1.191323e-01 6.782543e-02 1.365986e-01 1.841869e-01 1.858524e-01 2.942687e-01 1.209621e-01 5.000000e-02
<GCONST> 6.036000e+01
<STATE> 12
<MEAN> 39
 -4.070062e+00 -2.833374e+01 -1.882557e+01 -3.688117e+00 1.266549e+00 -2.669884e+00 5.919456e+00 -4.294456e+00 2.786235e+00 -1.438174e+01 -2.318666e+00 -1.379476e+00 9.504427e-01 -3.278177e-01 4.087732e-01 1.693859e-01 -8.784845e-01 -1.376020e+00 -1.120268e+00 1.502468e+00 8.321492e-01 -1.619215e+00 -4.138663e-01 1.620407e-01 2.747609e-01 -1.436163e-02 -3.886150e-03 1.035188e-01 4.017948e-01 -1.560411e-01 -2.583941e-01 -8.803173e-02 2.360070e-01 2.777963e-01 -1.977721e-02 3.876678e-01 -1.837694e-02 -3.345157e-01 -4.912005e-03
<VARIANCE> 39
 4.061105e+01 1.864167e+01 6.274806e+00 3.009037e+01 1.326682e+01 1.733127e+01 1.257763e+01 1.475120e+01 3.495065e+01 7.282845e+00 3.073435e+01 6.661147e+00 5.000000e-02 5.000000e-02 3.667391e-01 5.182089e-01 3.667311e-01 2.735375e-01 2.932285e-01 9.132021e-01 5.977190e-01 7.217554e-01 6.293426e-01 6.994378e-01 7.968835e-01 5.000000e-02 5.000000e-02 5.247219e-02 1.478394e-01 1.260049e-01 8.116813e-02 1.491480e-01 1.701891e-01 1.328940e-01 2.479360e-01 1.659748e-01 2.080614e-01 1.853826e-01 5.000000e-02
<GCONST> 6.134565e+01
<STATE> 13
<MEAN> 39
 -4.713012e+00 -2.602296e+01 -1.403668e+01 -7.599382e+00 -7.251345e-01 -6.820860e+00 1.136456e+01 -9.830648e-01 -1.802891e+00 -1.337581e+01 -1.845972e+00 -7.720608e-01 8.846681e-01 1.404809e-01 1.357660e-01 1.971252e+00 -1.065395e+00 -2.674969e+00 -7.327822e-01 8.913640e-01 1.112977e+00 -2.510575e-01 2.078124e+00 -6.577370e-01 -2.125044e+00 -3.508943e-02 1.235486e-01 -2.748297e-02 3.526673e-01 -2.510090e-01 -3.053312e-01 1.239743e-01 -6.739937e-01 -1.537248e-01 5.533210e-01 9.422721e-01 -3.106300e-01 -6.740227e-01 -3.585547e-03
<VARIANCE> 39
 2.848431e+01 1.066407e+01 1.047927e+01 3.149338e+01 3.122940e+01 9.874005e+00 6.076838e+00 4.097504e+01 3.509854e+01 1.907466e+01 1.830020e+01 1.237412e+01 5.000000e-02 1.658233e-01 2.577599e-01 6.742522e-01 1.108991e+00 7.493440e-01 7.114695e-01 1.002484e+00 1.843390e+00 6.256055e-01 2.016870e+00 1.031301e+00 1.248773e+00 5.000000e-02 5.000000e-02 5.595932e-02 6.386631e-02 1.524711e-01 1.563103e-01 1.609776e-01 9.984038e-02 2.108131e-01 5.000000e-02 1.873807e-01 1.727680e-01 2.631006e-01 5.000000e-02
<GCONST> 6.859514e+01
<STATE> 14
<MEAN> 39
 -2.729607e+00 -2.635193e+01 -7.482102e+00 -1.123378e+01 -1.036824e+01 -6.352167e+00 1.028079e+01 5.573409e-01 6.317303e-02 -3.736843e+00 -5.073399e+00 -1.046617e+01 7.801509e-01 2.245298e-01 5.861636e-01 1.932820e+00 -1.914359e+00 -1.652463e+00 -7.371479e-01 -6.264088e-01 -1.720255e-01 8.110108e-01 2.478601e+00 -4.996842e-01 -9.745999e-01 -3.304172e-02 -1.492571e-02 9.356381e-02 -3.833774e-02 -1.599861e-01 9.317967e-01 -2.923301e-01 -2.016398e-01 -3.720671e-01 -5.078614e-02 -3.050564e-01 4.663665e-02 1.216396e+00 -1.846658e-03
<VARIANCE> 39
 2.323753e+01 9.965982e+00 1.197469e+01 2.457582e+01 1.109957e+01 8.061219e+00 9.660014e+00 1.810573e+01 2.156806e+01 1.130882e+01 2.772946e+01 9.919330e+00 5.000000e-02 1.101604e-01 7.153526e-01 7.673337e-01 6.455089e-01 2.013307e+00 1.660869e+00 7.068634e-01 9.214162e-01 2.264438e+00 2.464110e+00 1.363627e+00 6.512773e+00 5.000000e-02 5.000000e-02 8.491914e-02 1.590527e-01 2.767932e-01 2.504752e-01 8.505952e-02 1.520865e-01 2.144963e-01 3.228575e-01 4.474921e-01 3.563709e-01 5.365952e-01 5.000000e-02
<GCONST> 7.658428e+01
<STATE> 15
<MEAN> 39
 -3.192351e+00 -2.357692e+01 -3.465114e+00 -1.707974e+01 -1.004869e+01 -1.260765e+01 1.040271e+01 -7.124482e-01 2.350408e+00 1.190982e+00 -4.663835e+00 -5.866610e+00 6.917931e-01 2.669235e-01 4.227532e-01 2.255328e+00 -2.186047e+00 1.862951e+00 -1.297657e+00 -6.623759e-01 -3.228023e-01 -4.643432e-01 1.687355e+00 -1.485594e+00 2.045729e+00 -4.066482e-02 5.323068e-02 -1.146634e-01 -2.938707e-01 6.205937e-01 8.251134e-01 6.395795e-01 -2.661431e-01 1.801461e-02 -5.519992e-01 -4.310423e-01 -2.816079e-01 3.178681e-01 6.879465e-05
<VARIANCE> 39
 2.687905e+01 6.943595e+00 9.456373e+00 2.078525e+01 2.728104e+01 1.357260e+01 1.496655e+01 1.352830e+01 1.839629e+01 1.718427e+01 2.999330e+01 1.745599e+01 5.000000e-02 9.144018e-01 3.655352e-01 1.030725e+00 1.784940e+00 1.747468e+00 9.707398e-01 6.497000e-01 6.510242e-01 9.225150e-01 6.167606e-01 3.501366e+00 3.473732e+00 5.000000e-02 5.339867e-02 7.925715e-02 1.012193e-01 4.567142e-01 2.948779e-01 2.387755e-01 1.688946e-01 1.400883e-01 3.225835e-01 1.095115e-01 5.555319e-01 1.287185e+00 5.000000e-02
<GCONST> 7.894292e+01
<STATE> 16
<MEAN> 39
 -2.128870e+00 -2.343932e+01 -1.043414e-01 -1.906136e+01 -3.338746e+00 -1.228692e+01 6.482895e+00 -1.905185e+00 -2.554290e+00 3.715591e+00 -1.054781e+01 -2.619014e+00 5.758450e-01 6.659361e-01 1.038047e-01 -1.132565e-01 1.774154e+00 1.062935e+00 1.643279e+00 -6.395857e-01 -8.846152e-01 -7.950028e-01 -8.289630e-01 -9.250203e-01 4.661391e-01 -3.541743e-02 2.052807e-01 -1.277163e-01 -7.717052e-01 1.188720e+00 -5.115745e-01 7.566464e-01 1.077298e-01 -8.705647e-02 1.703519e-01 -1.034569e+00 2.997165e-01 -6.078928e-01 1.639297e-03
<VARIANCE> 39
 5.987555e+00 1.542820e+00 1.240049e+01 6.325184e+00 7.277747e+00 2.677468e+01 1.331854e+01 1.729395e+01 2.605672e+01 9.263124e+00 1.734357e+01 1.950004e+01 5.000000e-02 4.509193e-01 2.333924e-01 8.446425e-01 2.515314e+00 1.282046e+00 2.257487e+00 1.222484e+00 9.982849e-01 1.239119e+00 3.471189e+00 8.919882e-01 2.063445e+00 5.000000e-02 5.000000e-02 5.000000e-02 1.573174e-01 1.696099e-01 2.157132e-01 3.582342e-01 4.749303e-01 1.806657e-01 1.722253e-01 8.777201e-02 3.727866e-01 4.870241e-01 5.000000e-02
<GCONST> 7.260078e+01
<STATE> 17
<MEAN> 39
 8.279761e-01 -2.319275e+01 -1.834753e+00 -8.340332e+00 -2.834290e+00 -2.395792e+00 4.799028e+00 -4.696608e+00 -2.134988e+00 -4.500947e+00 -1.118284e+01 -3.197185e+00 4.805977e-01 7.470980e-01 -3.056020e-01 -1.852610e+00 3.686117e+00 -1.441241e-01 1.703300e+00 -1.270695e+00 -5.281856e-01 6.477989e-01 -2.539294e+00 7.500769e-01 -7.588277e-01 -3.485297e-02 -3.823521e-01 -1.024672e-01 -4.214520e-01 -3.973358e-01 -1.597258e-01 -9.614207e-01 -8.970216e-02 3.185380e-01 2.203997e-01 4.029066e-01 8.382910e-01 2.858295e-01 2.055344e-03
<VARIANCE> 39
 4.825765e+00 1.386116e+00 9.785692e+00 1.434054e+01 1.461901e+01 2.831261e+01 6.803478e+00 1.245610e+01 3.301952e+01 2.767568e+01 1.642550e+01 1.268488e+01 5.000000e-02 2.809997e-01 3.602248e-01 6.723976e-01 4.649856e-01 1.321495e+00 3.453512e+00 3.499872e+00 1.757510e+00 9.498278e-01 2.602785e+00 2.076240e+00 2.137322e+00 5.000000e-02 5.000000e-02 5.000000e-02 1.024745e-01 2.879656e-01 3.770665e-01 2.703662e-01 3.386634e-01 4.474106e-01 4.339295e-01 5.267151e-01 2.172066e-01 5.886937e-01 5.000000e-02
<GCONST> 7.721600e+01
<STATE> 18
<MEAN> 39
 7.741711e-01 -2.489326e+01 -9.616340e+00 -2.358361e+00 -2.993421e+00 -5.769042e+00 -7.154142e-01 -5.372778e+00 -2.784089e+00 -7.290067e+00 -5.359996e+00 -1.543839e+00 3.923498e-01 -2.123068e-01 -2.975150e-01 -1.287693e+00 8.167936e-01 7.695792e-02 -6.199337e-01 2.731985e-01 1.159094e+00 3.640141e-01 4.264162e-01 1.879613e+00 1.214090e+00 -1.716665e-02 -6.571922e-02 1.548006e-01 4.196863e-01 -5.645015e-01 2.451743e-01 -8.072208e-02 5.855609e-01 5.009125e-01 8.211705e-02 4.235356e-01 -1.847652e-01 1.244322e-01 5.219542e-03
<VARIANCE> 39
 3.604284e+00 4.603688e+00 8.774346e+00 4.521672e+00 1.154508e+01 1.673777e+01 1.828460e+01 6.981755e+00 3.995967e+01 2.508438e+01 2.860563e+01 2.213424e+01 5.000000e-02 2.162501e-01 5.892000e-01 1.736671e+00 1.039441e+00 1.595117e+00 1.994028e+00 1.883313e+00 2.535438e+00 2.774813e+00 3.073102e+00 1.384838e+00 9.636752e-01 5.000000e-02 5.273148e-02 1.272897e-01 1.537834e-01 1.971137e-01 3.190784e-01 4.654445e-01 3.916132e-01 3.723896e-01 2.810783e-01 8.105954e-01 3.361146e-01 5.688018e-01 5.000000e-02
<GCONST> 8.087050e+01
<STATE> 19
<MEAN> 39
 1.282636e+00 -2.339236e+01 -9.698992e+00 -2.407186e+00 -2.276675e+00 -5.690665e+00 4.235839e+00 2.352391e+00 1.869435e+00 -4.820372e+00 -1.512938e+00 1.656622e-01 3.595961e-01 2.022124e-01 8.536669e-01 -1.573392e-01 1.748670e-01 6.254380e-01 2.691318e-01 3.519564e-01 3.842595e-01 1.065144e-01 -6.850533e-01 2.302295e-01 8.657232e-02 -6.375278e-03 -1.370662e-01 -3.341056e-03 -2.327091e-02 -6.967946e-02 1.100584e-01 2.798850e-03 -4.593281e-01 -8.378907e-01 -4.306083e-01 1.716212e-03 -1.696866e-01 -3.418077e-02 -2.124599e-03
<VARIANCE> 39
 3.677885e+00 9.862016e+00 7.097838e+00 5.372739e+00 1.147944e+01 1.913135e+01 1.040898e+01 5.629173e+00 3.328311e+00 9.060192e+00 4.324330e+00 9.702328e+00 5.000000e-02 2.289310e-01 7.211909e-01 1.149536e+00 5.924867e-01 7.088326e-01 1.545119e+00 1.335831e+00 2.907820e+00 1.495479e+00 1.142708e+00 1.084854e+00 1.804562e+00 5.000000e-02 9.434021e-02 2.860219e-01 2.068152e-01 2.329560e-01 2.618614e-01 5.212873e-01 1.772136e-01 2.533855e-01 1.354447e-01 4.279650e-01 2.417834e-01 1.515108e-01 5.000000e-02
<GCONST> 6.910320e+01
<STATE> 20
<MEAN> 39
 1.085923e-01 -2.168837e+01 -1.124068e+01 -1.917350e+00 -9.456766e-01 -4.520741e+00 4.014745e+00 -2.163144e+00 -1.504753e+00 -6.858821e+00 -1.160473e+00 1.246603e+00 3.020316e-01 -8.382214e-01 1.367016e-01 -2.534945e-01 6.128235e-01 9.442838e-01 -2.329441e-01 -8.469419e-01 -7.470996e-01 -9.589267e-02 6.545480e-01 1.888907e-01 6.028645e-03 -3.535557e-02 -1.153364e-01 8.301137e-02 2.985306e-01 7.810023e-02 1.043524e-01 1.104560e-01 9.866233e-02 9.408496e-02 2.510995e-01 1.282048e-01 -1.526903e-01 -9.040195e-02 -5.333516e-03
<VARIANCE> 39
 2.614354e+00 3.005465e+00 2.904937e+00 4.274038e+00 7.260314e+00 8.471927e+00 1.071261e+01 9.758114e+00 2.367240e+00 6.467242e+00 6.364569e+00 1.051002e+01 5.000000e-02 1.828773e-01 2.567106e-01 8.647568e-01 8.797143e-01 1.828270e+00 2.166992e+00 5.360828e-01 1.785705e+00 9.491503e-01 2.355247e-01 1.173827e+00 1.641467e+00 5.000000e-02 5.000000e-02 1.078740e-01 1.553248e-01 1.053251e-01 1.336665e-01 2.270950e-01 1.345704e-01 3.989349e-01 1.370814e-01 1.338704e-01 1.035073e-01 2.403381e-01 5.000000e-02
<GCONST> 5.668248e+01
<STATE> 21
<MEAN> 39
 -2.830636e+00 -2.292689e+01 -1.140665e+01 1.799076e+00 5.287247e+00 -3.653213e+00 2.199434e+00 -2.533408e+00 9.776853e-01 -6.188015e+00 -2.152668e+00 1.089153e-01 2.285648e-01 -2.861665e-01 9.695585e-01 5.605150e-01 -9.120641e-02 5.189418e-01 4.391230e-01 6.378881e-02 4.060188e-02 -2.437102e-01 -4.423311e-01 3.926602e-01 4.105956e-01 -2.833061e-02 1.489047e-01 3.343355e-01 3.483013e-01 -4.007060e-01 -5.016822e-01 5.315029e-05 5.616949e-02 1.702483e-01 -1.211114e-01 9.744810e-02 2.323502e-01 3.408173e-02 -4.604072e-04
<VARIANCE> 39
 2.510469e+00 4.756917e+00 5.145577e+00 6.357268e+00 3.400882e+00 7.915959e+00 7.894563e+00 7.790144e+00 1.672245e+01 2.291757e+01 7.078212e+00 1.259864e+01 5.000000e-02 1.021602e+00 1.664570e+00 1.114013e+00 1.065167e+00 1.178124e+00 1.090541e-01 7.046891e-01 1.662140e+00 2.468572e+00 2.678893e+00 7.025248e-01 1.281150e+00 5.000000e-02 7.581303e-02 9.746543e-02 1.426190e-01 8.364704e-02 1.582110e-01 2.180972e-01 1.463483e-01 2.738595e-01 7.068890e-01 5.446302e-01 3.256740e-01 4.343871e-01 5.000000e-02
<GCONST> 6.827071e+01
<STATE> 22
<MEAN> 39
 -3.861681e+00 -1.685306e+01 -7.806224e+00 -8.184395e-01 3.511933e+00 -3.119840e+00 1.617615e+00 -3.356200e+00 -2.044282e+00 -4.950174e+00 2.713495e+00 2.963346e+00 1.212194e-01 -7.144461e-01 6.817234e-01 5.629207e-01 4.734070e-02 4.034092e-02 2.280802e-01 2.187778e-01 2.119557e-02 -2.332358e-02 4.375995e-01 6.474910e-01 3.550340e-01 -3.340551e-02 -1.995284e-02 -6.567425e-02 -1.052076e-01 -1.655983e-02 -6.718144e-02 -5.159464e-02 5.058287e-02 9.508294e-02 1.063190e-01 -1.554130e-01 -3.435158e-01 -3.011488e-01 1.484484e-03
<VARIANCE> 39
 5.328772e+00 1.112430e+01 5.563149e+00 8.584825e+00 3.786970e+00 8.619183e+00 8.078523e+00 1.386230e+01 1.153549e+01 5.785866e+00 1.637109e+01 8.347589e+00 5.000000e-02 9.317369e-02 8.569753e-01 6.256410e-01 8.430901e-01 4.218460e-01 7.109824e-01 6.410630e-01 1.455363e+00 2.169410e+00 1.207280e+00 1.561576e+00 5.340768e-01 5.000000e-02 1.003121e-01 2.409811e-01 9.368231e-02 2.817537e-01 1.642592e-01 1.442363e-01 1.135527e-01 4.664789e-01 4.132169e-01 1.418646e-01 2.802204e-01 2.178681e-01 5.000000e-02
<GCONST> 6.463067e+01
<STATE> 23
<MEAN> 39
 -5.509022e+00 -1.483572e+01 -6.450013e+00 -5.701931e-01 2.918644e+00 -3.389006e+00 3.320838e+00 -1.442828e+00 3.126714e-01 -4.605451e+00 1.925712e-01 2.868581e-01 1.651532e-02 1.402252e-02 1.688742e+00 7.819772e-01 -1.050332e+00 -2.375128e-01 -1.004946e-01 -3.115022e-01 -3.390228e-01 -2.694970e-01 -2.314973e-01 7.827776e-02 -5.522406e-01 -1.314656e-02 1.444583e-01 -6.839488e-02 -4.405337e-03 -1.438090e-01 -4.470470e-02 5.756000e-02 -1.059111e-01 -3.719657e-01 -2.096266e-01 3.044973e-02 1.844082e-01 1.074199e-01 6.590851e-03
<VARIANCE> 39
 1.955956e+00 8.606106e+00 9.672261e+00 2.233300e+00 5.844443e+00 3.488725e+00 1.246600e+01 1.274201e+01 9.673921e+00 2.348940e+01 5.690263e+00 1.241869e+01 5.000000e-02 3.570729e-01 4.527016e-01 4.392409e-01 7.007781e-01 5.852673e-01 7.016143e-01 1.736732e+00 2.229611e+00 1.527289e+00 2.686156e+00 2.112886e+00 1.875639e+00 5.000000e-02 5.000000e-02 2.541516e-01 8.645547e-02 9.753980e-02 6.395119e-02 1.219578e-01 2.635087e-01 2.177196e-01 2.453618e-01 5.003058e-01 1.663439e-01 3.098674e-01 5.000000e-02
<GCONST> 6.468877e+01
<STATE> 24
<MEAN> 39
 -5.101487e+00 -1.207354e+01 -4.599129e+00 -4.590257e+00 3.209337e+00 -2.288899e+00 1.876698e+00 -5.160178e+00 -1.320869e+00 -3.634103e+00 2.377763e+00 1.129600e+00 1.224758e-02 -4.289540e-01 -1.160450e-01 8.791574e-02 -2.162356e-01 5.348562e-02 7.328255e-01 7.652958e-01 4.952118e-01 3.339817e-01 4.280176e-01 -2.459907e-01 -2.719753e-01 -1.516174e-02 -6.478955e-02 -2.881019e-01 -2.141181e-01 4.118273e-01 8.025838e-02 -1.021772e-01 8.385616e-02 6.142602e-01 2.587984e-01 -1.269996e-01 -1.958406e-01 8.066575e-02 -6.923717e-05
<VARIANCE> 39
 2.806399e+00 4.917476e+00 4.014623e+00 1.580657e+01 1.172599e+01 7.735570e+00 8.032619e+00 8.680686e+00 5.070182e+00 1.548243e+01 1.393847e+01 2.480106e+00 5.000000e-02 4.377412e-01 2.970562e-01 3.794658e-01 1.155013e+00 4.421650e-01 7.651313e-01 5.129452e-01 1.565058e+00 6.463550e-01 9.934889e-01 1.575202e+00 1.095997e+00 5.000000e-02 1.096748e-01 1.158794e-01 7.874847e-02 3.192652e-01 1.227465e-01 3.048991e-01 3.103848e-01 1.035068e-01 1.110251e-01 3.197857e-01 4.512261e-01 8.435117e-02 5.000000e-02
<GCONST> 6.067938e+01
<TRANSP> 25
 0.000000e+00 1.000000e+00 0.000000e+00 0.000000e+00 0.000000e+00 0.000000e+00 0.000000e+00 0.000000e+00 0.000000e+00 0.000000e+00 0.000000e+00 0.000000e+00 0.000000e+00 0.000000e+00 0.000000e+00 0.000000e+00 0.000000e+00 0.000000e+00 0.000000e+00 0.000000e+00 0.000000e+00 0.000000e+00 0.000000e+00 0.000000e+00 0.000000e+00
 0.000000e+00 6.403753e-01 3.596247e-01 0.000000e+00 0.000000e+00 0.000000e+00 0.000000e+00 0.000000e+00 0.000000e+00 0.000000e+00 0.000000e+00 0.000000e+00 0.000000e+00 0.000000e+00 0.000000e+00 0.000000e+00 0.000000e+00 0.000000e+00 0.000000e+00 0.000000e+00 0.000000e+00 0.000000e+00 0.000000e+00 0.000000e+00 0.000000e+00
 0.000000e+00 0.000000e+00 6.162508e-01 3.837493e-01 0.000000e+00 0.000000e+00 0.000000e+00 0.000000e+00 0.000000e+00 0.000000e+00 0.000000e+00 0.000000e+00 0.000000e+00 0.000000e+00 0.000000e+00 0.000000e+00 0.000000e+00 0.000000e+00 0.000000e+00 0.000000e+00 0.000000e+00 0.000000e+00 0.000000e+00 0.000000e+00 0.000000e+00
 0.000000e+00 0.000000e+00 0.000000e+00 7.368658e-01 2.631342e-01 0.000000e+00 0.000000e+00 0.000000e+00 0.000000e+00 0.000000e+00 0.000000e+00 0.000000e+00 0.000000e+00 0.000000e+00 0.000000e+00 0.000000e+00 0.000000e+00 0.000000e+00 0.000000e+00 0.000000e+00 0.000000e+00 0.000000e+00 0.000000e+00 0.000000e+00 0.000000e+00
 0.000000e+00 0.000000e+00 0.000000e+00 0.000000e+00 6.424104e-01 3.575895e-01 0.000000e+00 0.000000e+00 0.000000e+00 0.000000e+00 0.000000e+00 0.000000e+00 0.000000e+00 0.000000e+00 0.000000e+00 0.000000e+00 0.000000e+00 0.000000e+00 0.000000e+00 0.000000e+00 0.000000e+00 0.000000e+00 0.000000e+00 0.000000e+00 0.000000e+00
 0.000000e+00 0.000000e+00 0.000000e+00 0.000000e+00 0.000000e+00 5.453409e-01 4.546591e-01 0.000000e+00 0.000000e+00 0.000000e+00 0.000000e+00 0.000000e+00 0.000000e+00 0.000000e+00 0.000000e+00 0.000000e+00 0.000000e+00 0.000000e+00 0.000000e+00 0.000000e+00 0.000000e+00 0.000000e+00 0.000000e+00 0.000000e+00 0.000000e+00
 0.000000e+00 0.000000e+00 0.000000e+00 0.000000e+00 0.000000e+00 0.000000e+00 5.454469e-01 4.545531e-01 0.000000e+00 0.000000e+00 0.000000e+00 0.000000e+00 0.000000e+00 0.000000e+00 0.000000e+00 0.000000e+00 0.000000e+00 0.000000e+00 0.000000e+00 0.000000e+00 0.000000e+00 0.000000e+00 0.000000e+00 0.000000e+00 0.000000e+00
 0.000000e+00 0.000000e+00 0.000000e+00 0.000000e+00 0.000000e+00 0.000000e+00 0.000000e+00 6.153919e-01 3.846082e-01 0.000000e+00 0.000000e+00 0.000000e+00 0.000000e+00 0.000000e+00 0.000000e+00 0.000000e+00 0.000000e+00 0.000000e+00 0.000000e+00 0.000000e+00 0.000000e+00 0.000000e+00 0.000000e+00 0.000000e+00 0.000000e+00
 0.000000e+00 0.000000e+00 0.000000e+00 0.000000e+00 0.000000e+00 0.000000e+00 0.000000e+00 0.000000e+00 7.619010e-01 2.380990e-01 0.000000e+00 0.000000e+00 0.000000e+00 0.000000e+00 0.000000e+00 0.000000e+00 0.000000e+00 0.000000e+00 0.000000e+00 0.000000e+00 0.000000e+00 0.000000e+00 0.000000e+00 0.000000e+00 0.000000e+00
 0.000000e+00 0.000000e+00 0.000000e+00 0.000000e+00 0.000000e+00 0.000000e+00 0.000000e+00 0.000000e+00 0.000000e+00 5.457717e-01 4.542283e-01 0.000000e+00 0.000000e+00 0.000000e+00 0.000000e+00 0.000000e+00 0.000000e+00 0.000000e+00 0.000000e+00 0.000000e+00 0.000000e+00 0.000000e+00 0.000000e+00 0.000000e+00 0.000000e+00
 0.000000e+00 0.000000e+00 0.000000e+00 0.000000e+00 0.000000e+00 0.000000e+00 0.000000e+00 0.000000e+00 0.000000e+00 0.000000e+00 7.367982e-01 2.632019e-01 0.000000e+00 0.000000e+00 0.000000e+00 0.000000e+00 0.000000e+00 0.000000e+00 0.000000e+00 0.000000e+00 0.000000e+00 0.000000e+00 0.000000e+00 0.000000e+00 0.000000e+00
 0.000000e+00 0.000000e+00 0.000000e+00 0.000000e+00 0.000000e+00 0.000000e+00 0.000000e+00 0.000000e+00 0.000000e+00 0.000000e+00 0.000000e+00 6.427355e-01 3.572645e-01 0.000000e+00 0.000000e+00 0.000000e+00 0.000000e+00 0.000000e+00 0.000000e+00 0.000000e+00 0.000000e+00 0.000000e+00 0.000000e+00 0.000000e+00 0.000000e+00
 0.000000e+00 0.000000e+00 0.000000e+00 0.000000e+00 0.000000e+00 0.000000e+00 0.000000e+00 0.000000e+00 0.000000e+00 0.000000e+00 0.000000e+00 0.000000e+00 6.162248e-01 3.837752e-01 0.000000e+00 0.000000e+00 0.000000e+00 0.000000e+00 0.000000e+00 0.000000e+00 0.000000e+00 0.000000e+00 0.000000e+00 0.000000e+00 0.000000e+00
 0.000000e+00 0.000000e+00 0.000000e+00 0.000000e+00 0.000000e+00 0.000000e+00 0.000000e+00 0.000000e+00 0.000000e+00 0.000000e+00 0.000000e+00 0.000000e+00 0.000000e+00 6.659646e-01 3.340354e-01 0.000000e+00 0.000000e+00 0.000000e+00 0.000000e+00 0.000000e+00 0.000000e+00 0.000000e+00 0.000000e+00 0.000000e+00 0.000000e+00
 0.000000e+00 0.000000e+00 0.000000e+00 0.000000e+00 0.000000e+00 0.000000e+00 0.000000e+00 0.000000e+00 0.000000e+00 0.000000e+00 0.000000e+00 0.000000e+00 0.000000e+00 0.000000e+00 5.457933e-01 4.542067e-01 0.000000e+00 0.000000e+00 0.000000e+00 0.000000e+00 0.000000e+00 0.000000e+00 0.000000e+00 0.000000e+00 0.000000e+00
 0.000000e+00 0.000000e+00 0.000000e+00 0.000000e+00 0.000000e+00 0.000000e+00 0.000000e+00 0.000000e+00 0.000000e+00 0.000000e+00 0.000000e+00 0.000000e+00 0.000000e+00 0.000000e+00 0.000000e+00 7.059160e-01 2.940840e-01 0.000000e+00 0.000000e+00 0.000000e+00 0.000000e+00 0.000000e+00 0.000000e+00 0.000000e+00 0.000000e+00
 0.000000e+00 0.000000e+00 0.000000e+00 0.000000e+00 0.000000e+00 0.000000e+00 0.000000e+00 0.000000e+00 0.000000e+00 0.000000e+00 0.000000e+00 0.000000e+00 0.000000e+00 0.000000e+00 0.000000e+00 0.000000e+00 5.831065e-01 4.168936e-01 0.000000e+00 0.000000e+00 0.000000e+00 0.000000e+00 0.000000e+00 0.000000e+00 0.000000e+00
 0.000000e+00 0.000000e+00 0.000000e+00 0.000000e+00 0.000000e+00 0.000000e+00 0.000000e+00 0.000000e+00 0.000000e+00 0.000000e+00 0.000000e+00 0.000000e+00 0.000000e+00 0.000000e+00 0.000000e+00 0.000000e+00 0.000000e+00 6.875120e-01 3.124880e-01 0.000000e+00 0.000000e+00 0.000000e+00 0.000000e+00 0.000000e+00 0.000000e+00
 0.000000e+00 0.000000e+00 0.000000e+00 0.000000e+00 0.000000e+00 0.000000e+00 0.000000e+00 0.000000e+00 0.000000e+00 0.000000e+00 0.000000e+00 0.000000e+00 0.000000e+00 0.000000e+00 0.000000e+00 0.000000e+00 0.000000e+00 0.000000e+00 6.437355e-01 3.562645e-01 0.000000e+00 0.000000e+00 0.000000e+00 0.000000e+00 0.000000e+00
 0.000000e+00 0.000000e+00 0.000000e+00 0.000000e+00 0.000000e+00 0.000000e+00 0.000000e+00 0.000000e+00 0.000000e+00 0.000000e+00 0.000000e+00 0.000000e+00 0.000000e+00 0.000000e+00 0.000000e+00 0.000000e+00 0.000000e+00 0.000000e+00 0.000000e+00 7.052098e-01 2.947902e-01 0.000000e+00 0.000000e+00 0.000000e+00 0.000000e+00
 0.000000e+00 0.000000e+00 0.000000e+00 0.000000e+00 0.000000e+00 0.000000e+00 0.000000e+00 0.000000e+00 0.000000e+00 0.000000e+00 0.000000e+00 0.000000e+00 0.000000e+00 0.000000e+00 0.000000e+00 0.000000e+00 0.000000e+00 0.000000e+00 0.000000e+00 0.000000e+00 5.833508e-01 4.166492e-01 0.000000e+00 0.000000e+00 0.000000e+00
 0.000000e+00 0.000000e+00 0.000000e+00 0.000000e+00 0.000000e+00 0.000000e+00 0.000000e+00 0.000000e+00 0.000000e+00 0.000000e+00 0.000000e+00 0.000000e+00 0.000000e+00 0.000000e+00 0.000000e+00 0.000000e+00 0.000000e+00 0.000000e+00 0.000000e+00 0.000000e+00 0.000000e+00 7.066028e-01 2.933972e-01 0.000000e+00 0.000000e+00
 0.000000e+00 0.000000e+00 0.000000e+00 0.000000e+00 0.000000e+00 0.000000e+00 0.000000e+00 0.000000e+00 0.000000e+00 0.000000e+00 0.000000e+00 0.000000e+00 0.000000e+00 0.000000e+00 0.000000e+00 0.000000e+00 0.000000e+00 0.000000e+00 0.000000e+00 0.000000e+00 0.000000e+00 0.000000e+00 6.658013e-01 3.341987e-01 0.000000e+00
 0.000000e+00 0.000000e+00 0.000000e+00 0.000000e+00 0.000000e+00 0.000000e+00 0.000000e+00 0.000000e+00 0.000000e+00 0.000000e+00 0.000000e+00 0.000000e+00 0.000000e+00 0.000000e+00 0.000000e+00 0.000000e+00 0.000000e+00 0.000000e+00 0.000000e+00 0.000000e+00 0.000000e+00 0.000000e+00 0.000000e+00 6.152393e-01 3.847607e-01
 0.000000e+00 0.000000e+00 0.000000e+00 0.000000e+00 0.000000e+00 0.000000e+00 0.000000e+00 0.000000e+00 0.000000e+00 0.000000e+00 0.000000e+00 0.000000e+00 0.000000e+00 0.000000e+00 0.000000e+00 0.000000e+00 0.000000e+00 0.000000e+00 0.000000e+00 0.000000e+00 0.000000e+00 0.000000e+00 0.000000e+00 0.000000e+00 0.000000e+00
<ENDHMM>
