~o
<STREAMINFO> 1 39
<VECSIZE> 39<NULLD><MFCC_E_D_A><DIAGC>
~h "Sau"
<BEGINHMM>
<NUMSTATES> 28
<STATE> 2
<MEAN> 39
 -8.440120e+00 -7.198817e+00 -3.466136e+00 -1.746290e+00 -5.323423e-01 -3.906708e+00 3.055271e+00 -1.387412e+00 4.182739e-01 -3.567326e+00 4.806065e+00 -3.121365e+00 -7.953008e-02 -1.266201e+00 1.449619e+00 -1.109030e+00 5.317256e-01 -5.535735e-01 6.067631e-01 3.953715e-01 6.767603e-01 7.538981e-01 -2.497052e-01 5.844064e-01 -7.287276e-01 2.089610e-02 -3.549628e-01 5.053155e-01 -4.924949e-01 2.286543e-01 3.594461e-02 5.592412e-02 -3.444914e-02 1.173176e-01 8.604644e-02 -3.610855e-02 -2.775173e-01 3.720250e-02 1.719133e-02
<VARIANCE> 39
 5.851298e+00 7.331025e+00 6.175992e+00 8.155734e+00 1.727589e+01 5.550743e+00 8.108117e+00 1.642860e+01 7.935616e+00 1.330763e+01 9.166069e+00 9.769485e+00 5.000000e-02 1.443187e+00 8.106660e-01 1.382873e+00 3.043409e+00 1.843336e+00 5.487568e-01 8.864187e-01 2.851235e+00 6.505461e-01 5.006799e-01 1.375888e+00 3.850273e-01 5.000000e-02 2.248302e-01 1.163000e-01 1.719766e-01 3.906283e-01 3.342995e-01 7.246765e-02 2.688040e-01 3.678847e-01 2.322035e-01 1.125781e-01 4.530156e-01 1.323193e-01 5.000000e-02
<GCONST> 7.091637e+01
<STATE> 3
<MEAN> 39
 -1.248551e+01 -4.621252e-01 -1.048651e+01 3.541361e+00 -3.134509e+00 -4.472660e-01 4.149700e+00 -4.291242e-01 2.037902e+00 -4.904869e+00 2.285127e+00 -3.934299e+00 3.261283e-02 -2.018222e+00 2.186363e+00 -3.354611e+00 1.266505e+00 -7.839330e-01 3.873698e-01 7.414685e-01 -6.675673e-02 2.513419e-01 -1.830624e-01 -6.115925e-01 9.638733e-01 7.666312e-02 -2.763298e-01 -2.043907e-01 -1.022894e-01 -7.520781e-02 5.159007e-02 -4.098477e-01 -6.174177e-02 -2.609683e-01 -4.450769e-02 6.179613e-02 1.625161e-01 3.183283e-01 1.026925e-02
<VARIANCE> 39
 1.029130e+01 5.667554e+00 3.255138e+01 3.914312e+01 1.387617e+01 2.000293e+01 2.165086e+01 3.229665e+01 1.625064e+01 1.051590e+01 5.653418e+00 5.243906e+00 5.000000e-02 1.741153e+00 1.331763e+00 2.302855e+00 4.007040e+00 2.524075e+00 1.349137e+00 2.262199e+00 1.651225e+00 8.529902e-01 9.106223e-01 2.280271e+00 5.908708e-01 5.000000e-02 1.408167e-01 1.961818e-01 5.785930e-01 1.975480e-01 4.405181e-01 1.417511e-01 2.150530e-01 4.471385e-01 8.121026e-02 1.154270e-01 2.733698e-01 1.880378e-01 5.000000e-02
<GCONST> 8.175341e+01
<STATE> 4
<MEAN> 39
 -2.220723e+01 5.301062e+00 -1.737504e+01 1.476683e+00 -2.011591e+00 -3.668816e+00 5.174362e+00 -1.021257e+00 2.697206e+00 -4.866438e+00 4.152040e+00 -2.168299e+00 3.298976e-01 -1.782528e+00 4.056560e-01 -4.889134e-01 1.026140e+00 -2.703911e-02 -5.734643e-01 -4.913800e-01 -6.479474e-01 -1.965670e-01 7.675043e-01 5.104730e-01 3.054318e-01 4.903247e-02 1.157896e+00 -1.114847e+00 9.747947e-01 4.468066e-02 -3.045662e-02 4.606538e-02 -2.806506e-01 2.709425e-01 -2.876312e-01 6.387988e-02 -1.397170e-01 -1.044770e-01 -2.475120e-02
<VARIANCE> 39
 3.100320e+01 2.025756e+01 7.355640e+01 1.541026e+02 6.024361e+01 1.415734e+01 2.460120e+01 4.206954e+01 4.413441e+00 1.200830e+01 2.468455e+01 1.855302e+01 5.000000e-02 2.538303e+00 2.878320e+00 3.636663e+00 2.181996e+00 2.047921e+00 1.246766e+00 1.305132e+00 3.339102e+00 9.096018e-01 2.087717e+00 1.753194e+00 1.234323e+00 5.000000e-02 8.518656e-01 3.944545e-01 7.650952e-01 1.231037e+00 8.509657e-01 4.197558e-01 5.655931e-01 1.002731e+00 7.293813e-02 4.811512e-01 5.649600e-01 3.203977e-01 5.000000e-02
<GCONST> 1.023328e+02
<STATE> 5
<MEAN> 39
 -1.971701e+01 5.798492e-01 -1.473935e+01 7.169297e+00 -4.840233e+00 -9.952841e-01 6.917909e-01 -2.008373e+00 9.007715e-01 -3.130893e+00 3.996377e+00 -1.113422e+00 2.588165e-01 2.807701e+00 -3.040579e+00 1.379038e+00 -1.865594e+00 -6.958052e-02 7.951674e-02 -8.548864e-01 1.029800e+00 -4.705621e-03 -9.777721e-01 -1.107983e+00 3.026654e-01 1.279563e-02 1.053328e+00 -1.009982e+00 -4.785626e-01 -1.193450e+00 3.447202e-01 -2.680766e-01 5.637805e-01 1.639636e-01 2.958755e-01 -5.994172e-01 -8.211849e-01 -8.521547e-02 3.034557e-02
<VARIANCE> 39
 2.169205e+01 2.346685e+01 4.784782e+01 5.840637e+01 4.985370e+01 3.699407e+01 4.024609e+01 1.191220e+01 2.769631e+01 2.092102e+01 2.648331e+01 1.025831e+01 5.000000e-02 6.954672e+00 5.184399e+00 4.972635e+00 7.374138e+00 4.603062e+00 3.919483e+00 2.937954e+00 4.496922e+00 1.673617e+00 1.955924e+00 4.311298e+00 1.212498e+00 5.000000e-02 5.093622e-01 3.030246e-01 1.570009e+00 4.662348e-01 7.947404e-01 6.168729e-01 5.827326e-01 9.920578e-01 3.418497e-01 4.441884e-01 8.570745e-01 3.065375e-01 5.000000e-02
<GCONST> 1.113547e+02
<STATE> 6
<MEAN> 39
 -5.148411e+00 -1.429598e+01 -1.415517e+01 -6.066960e+00 -3.298402e+00 -5.708086e+00 3.425968e+00 3.847233e+00 2.635218e+00 -8.922136e+00 -5.065508e+00 -7.304016e-01 5.379413e-01 3.589017e+00 -5.156968e+00 -3.180239e+00 -2.221321e+00 1.334608e+00 -1.237566e+00 2.596332e+00 -1.048456e+00 7.884830e-01 -2.414962e+00 -3.777835e+00 -3.905134e-01 1.663507e-01 -1.238918e+00 4.616160e-01 -7.499385e-01 1.511306e+00 4.993213e-01 2.756567e-01 3.365298e-01 -1.651373e+00 1.057252e-01 2.441942e-01 7.850494e-01 -1.813627e-01 7.725910e-03
<VARIANCE> 39
 3.376358e+01 3.402044e+01 2.186511e+01 2.154829e+01 1.586172e+01 4.962057e+01 5.451779e+01 3.978314e+01 2.934689e+01 1.203490e+01 4.454063e+01 4.729490e+00 6.152489e-02 3.349623e+00 1.008453e+00 2.485443e+00 7.622892e+00 3.094799e+00 1.430231e+00 1.769433e+00 1.279201e+01 3.035437e+00 1.085586e+00 3.312517e+00 1.586715e+00 5.000000e-02 8.150991e-01 5.665268e-01 1.093548e+00 7.683047e-01 4.514920e-01 6.814470e-01 1.110937e+00 1.182809e+00 4.002249e-01 2.108795e-01 1.636437e+00 5.000000e-02 5.000000e-02
<GCONST> 1.064564e+02
<STATE> 7
<MEAN> 39
 -4.887012e+00 -2.247563e+01 -2.479177e+01 -1.605772e+00 2.791890e+00 -6.526611e+00 1.116628e+01 -9.670149e+00 6.451210e+00 -1.520186e+01 -6.738675e+00 -1.535117e+00 8.693599e-01 -2.143485e-01 -2.671231e+00 -1.649759e+00 2.134754e+00 1.800148e+00 4.231860e-01 3.569236e-01 -3.599465e+00 4.326970e-01 5.026339e-01 1.791532e+00 -3.817243e-01 6.808002e-02 -5.367549e-01 8.588934e-01 1.262098e+00 4.000383e-01 -1.774385e-01 8.002524e-01 -1.449746e+00 4.282151e-01 -2.614024e-01 1.300344e+00 1.116105e+00 -3.778197e-02 -3.630810e-02
<VARIANCE> 39
 5.308567e+00 1.227827e+01 2.545337e+01 2.086033e+01 1.899101e+01 1.780523e+01 2.103083e+01 1.035079e+02 3.101291e+01 1.409441e+01 2.642073e+01 1.556463e+01 5.000000e-02 8.255096e-01 2.004919e+00 3.783545e+00 1.516132e+00 2.239551e+00 2.886075e+00 5.700797e+00 4.911484e+00 1.866808e+00 3.237621e+00 1.826545e+00 3.899676e-01 5.000000e-02 4.381581e-01 2.783082e-01 2.330901e-01 1.029002e+00 5.043311e-01 1.019350e-01 1.197004e-01 3.155481e+00 3.119942e-01 1.264689e-01 9.858510e-01 1.312454e-01 5.000000e-02
<GCONST> 9.490811e+01
<STATE> 8
<MEAN> 39
 -4.558530e+00 -2.613836e+01 -2.327889e+01 1.494157e+00 4.090765e+00 -2.646233e+00 5.786399e+00 -1.275465e+01 5.893156e+00 -6.687045e+00 -7.674761e-01 -8.832514e-01 9.262077e-01 2.416954e-01 -8.652095e-01 1.145631e+00 6.887217e-02 1.408931e+00 1.515736e+00 -1.790573e+00 -8.656535e-01 3.996283e-01 1.780018e+00 1.105588e+00 -6.383331e-01 1.737046e-02 -2.590898e-02 5.960465e-01 4.450689e-01 -7.678248e-01 -3.613314e-02 -2.141116e-01 -1.884124e-02 6.194106e-01 1.597176e-01 -2.100422e-01 -2.148111e-01 -3.325495e-01 -1.066690e-02
<VARIANCE> 39
 1.112438e+01 1.582795e+00 9.319599e+00 1.822069e+01 6.513031e+00 1.078843e+01 2.580065e+00 8.388054e+01 8.726511e+01 3.239553e+01 1.271641e+01 5.648290e+00 5.000000e-02 4.069075e-01 5.598092e-01 8.509181e-01 2.163537e+00 1.210859e+00 1.577049e+00 7.747595e-01 7.096585e+00 3.328484e+00 1.674517e+00 1.014107e+00 5.054916e-01 5.000000e-02 5.000000e-02 2.233973e-01 2.092081e-01 2.036751e-01 1.807315e-01 3.159350e-01 3.212346e-01 6.835461e-01 5.287758e-01 3.949448e-01 3.484148e-01 7.903478e-02 5.000000e-02
<GCONST> 7.788818e+01
<STATE> 9
<MEAN> 39
 -3.646894e+00 -2.773239e+01 -1.898978e+01 -2.412608e+00 9.436891e+00 -2.136562e+00 3.486002e+00 -1.144701e+01 5.216910e+00 -5.249344e+00 -1.376912e+00 -7.119674e+00 9.714248e-01 3.441108e-01 -2.702786e-01 5.231611e-01 -6.477377e-01 5.788849e-01 7.410401e-01 -5.735132e-01 -3.570530e-01 1.003088e+00 1.747740e-01 5.111203e-01 -7.638019e-01 1.054679e-02 3.642158e-02 1.458421e-01 -1.617755e-01 -1.685886e-01 -4.278094e-01 4.300266e-02 2.579436e-01 2.648264e-01 -1.467951e-01 -3.443788e-01 -2.710563e-01 2.397091e-01 -3.312557e-03
<VARIANCE> 39
 1.789271e+01 3.627243e+00 8.195204e+00 1.211628e+01 1.065405e+01 3.942713e+01 1.129749e+01 1.424746e+01 5.318633e+01 3.135246e+01 1.026295e+01 1.492457e+01 5.000000e-02 5.050142e-01 2.752829e-01 5.876834e-01 8.127326e-01 5.487194e-01 1.351436e+00 1.003920e+00 3.240433e+00 1.942804e+00 2.960670e+00 6.804460e-01 1.363294e+00 5.000000e-02 1.036364e-01 7.017226e-02 1.259947e-01 1.909452e-01 1.476999e-01 3.380756e-01 1.968426e-01 4.159000e-01 4.688118e-01 2.496195e-01 1.632131e-01 1.017826e-01 5.000000e-02
<GCONST> 7.448252e+01
<STATE> 10
<MEAN> 39
 -3.558816e+00 -2.824819e+01 -1.538202e+01 -5.383039e+00 8.554810e+00 3.404408e+00 1.900914e-01 -1.127426e+01 6.615136e+00 -7.142208e+00 -2.550134e+00 -7.753604e+00 9.811047e-01 -4.283539e-01 3.082772e-01 -4.766088e-03 -1.419768e+00 9.965127e-02 5.421851e-01 3.173964e-01 2.056120e-02 -7.269495e-01 -2.160307e-01 -4.302005e-01 -4.356999e-01 -3.279757e-04 -1.753176e-01 1.757247e-01 -2.149330e-01 4.853292e-02 6.442793e-02 -4.867531e-03 2.463636e-01 -1.407128e-01 -5.707753e-02 -9.033912e-02 4.366506e-03 9.946832e-02 -2.539583e-03
<VARIANCE> 39
 1.046715e+01 6.795536e+00 2.983677e+01 1.307259e+01 4.163484e+00 1.037386e+01 1.130662e+01 1.102704e+01 2.656556e+01 3.611541e+01 3.081749e+01 9.545283e+00 5.000000e-02 5.139456e-01 6.460592e-01 6.441664e-01 1.387128e+00 6.014453e-01 1.111768e+00 6.251034e-01 1.023630e+00 1.349377e+00 5.380592e-01 1.348489e+00 7.549306e-01 5.000000e-02 7.037492e-02 8.735228e-02 6.252462e-02 7.025543e-02 1.277670e-01 1.078017e-01 1.314535e-01 2.919846e-01 3.779781e-01 3.958814e-01 3.117666e-01 2.155057e-01 5.000000e-02
<GCONST> 6.903178e+01
<STATE> 11
<MEAN> 39
 -4.247133e+00 -2.663197e+01 -1.978809e+01 -6.833519e+00 7.802332e+00 3.729649e+00 3.983821e+00 -1.236033e+01 7.049577e+00 -7.111151e+00 -2.453460e-01 -6.720619e+00 9.817077e-01 4.752081e-02 1.459531e-02 1.592708e-01 -1.117279e+00 2.560150e-02 1.292842e+00 -6.200831e-02 5.513743e-01 -1.199173e+00 5.190858e-01 -4.803024e-01 -4.179307e-01 -4.085514e-03 2.431198e-01 -1.980297e-01 2.582381e-01 -3.457243e-01 1.149385e-01 -3.810447e-02 -1.923155e-01 3.020643e-01 -3.538545e-01 5.842798e-01 -3.670432e-01 -1.865877e-01 -1.494843e-03
<VARIANCE> 39
 1.440736e+01 4.308201e+00 1.467328e+01 1.295977e+01 1.011699e+01 1.303629e+01 1.386974e+01 4.791944e+00 2.461193e+01 1.836567e+01 1.116073e+01 2.360336e+01 5.000000e-02 4.447193e-01 5.518409e-01 3.409197e-01 8.847685e-01 1.692255e+00 8.832434e-01 1.237656e+00 4.572694e-01 9.508229e-01 1.543582e+00 9.814956e-01 7.256291e-01 5.000000e-02 6.746434e-02 9.366518e-02 1.049603e-01 1.087350e-01 6.351081e-02 1.360337e-01 1.643349e-01 6.226512e-02 1.335033e-01 8.649538e-02 1.658484e-01 1.037369e-01 5.000000e-02
<GCONST> 6.271115e+01
<STATE> 12
<MEAN> 39
 -3.700287e+00 -2.820100e+01 -1.748232e+01 -1.378656e+01 9.264253e+00 6.622730e+00 1.222996e+00 -9.163417e+00 1.635294e+00 -1.536620e+00 -4.054864e+00 -8.652872e+00 9.685564e-01 8.661005e-01 -3.203800e-01 1.077706e+00 -2.093055e+00 2.636452e-01 7.088553e-01 -9.380965e-01 1.152627e+00 -1.682815e+00 1.878329e+00 -1.748319e+00 -3.382770e-01 -5.793955e-03 2.287261e-01 3.354055e-01 -9.980065e-02 3.010305e-01 -2.369567e-01 -1.254762e-01 1.181233e-01 8.448200e-02 3.748113e-01 -2.958202e-01 -1.282157e-01 3.515276e-01 -7.173636e-04
<VARIANCE> 39
 1.000734e+01 5.601921e+00 1.002503e+01 2.904961e+01 2.710229e+01 3.358356e+00 6.732326e+00 5.105762e+00 5.148049e+01 1.225718e+01 6.103473e+00 9.083339e+00 5.000000e-02 4.115124e-01 1.071873e+00 1.220250e+00 5.811213e-01 8.266866e-01 1.091052e-01 1.279913e+00 2.184782e-01 1.205069e+00 2.312512e-01 7.311377e-01 7.515605e-01 5.000000e-02 9.074895e-02 1.902851e-01 1.459581e-01 2.676681e-01 3.682112e-01 6.454129e-02 2.309377e-01 1.377898e-01 3.299586e-01 1.779427e-01 1.895905e-01 9.169224e-02 5.000000e-02
<GCONST> 6.280692e+01
<STATE> 13
<MEAN> 39
 -1.437739e+00 -2.687118e+01 -1.653964e+01 -1.469156e+01 9.079200e+00 7.537922e+00 2.439906e+00 -7.981971e+00 1.498585e+00 -2.016270e+00 -6.360517e+00 -9.614563e+00 9.537820e-01 8.215914e-01 9.580411e-01 -8.750243e-02 -1.036428e+00 -5.091683e-01 3.374755e-01 4.246545e-01 8.239587e-01 1.898693e-01 -3.048746e-02 -8.285635e-01 6.268684e-01 -7.335737e-03 2.746149e-02 1.806410e-01 -1.633238e-01 1.322114e-01 -1.448717e-01 -1.679779e-01 3.613582e-03 -1.158966e-01 1.480724e-01 -2.582943e-01 3.811043e-01 4.529194e-01 -2.434248e-03
<VARIANCE> 39
 1.095102e+01 6.078633e+00 1.121473e+01 2.358887e+01 2.060905e+01 5.742430e+00 1.776630e+01 5.531746e+00 1.857435e+01 2.404445e+01 2.034840e+01 1.851699e+01 5.000000e-02 2.543882e-01 4.154886e-01 6.163893e-01 1.325497e+00 2.749616e+00 4.395100e-01 4.168878e-01 1.936969e+00 1.760001e+00 5.959529e-01 3.557658e-01 1.660883e+00 5.000000e-02 5.000000e-02 1.171194e-01 1.760844e-01 2.240223e-01 3.079771e-01 7.043673e-02 1.323404e-01 1.507890e-01 4.278894e-01 3.023906e-01 3.232040e-01 1.430261e-01 5.000000e-02
<GCONST> 6.967160e+01
<STATE> 14
<MEAN> 39
 2.266413e+00 -2.323037e+01 -1.713621e+01 -1.707880e+01 7.330189e+00 8.297555e+00 7.237582e-01 -5.758557e+00 -1.351349e+00 -5.560047e-01 -7.164057e+00 -4.817153e+00 9.061354e-01 9.820797e-01 3.207716e-01 -5.094923e-01 -4.293506e-01 -2.650312e-01 -5.522155e-02 -6.451463e-01 1.870436e-01 7.461578e-02 7.062881e-01 4.832668e-01 8.736557e-01 -1.694132e-02 -6.392668e-02 -2.916365e-01 -1.121066e-02 -3.989380e-02 7.429414e-03 -1.967924e-01 1.372319e-01 1.435726e-01 1.457791e-01 -2.522024e-02 -4.983604e-02 -3.443278e-01 -2.994691e-03
<VARIANCE> 39
 8.111249e+00 1.979266e+00 9.548877e+00 2.174489e+01 1.361096e+01 1.475013e+01 2.237005e+01 1.233077e+01 3.089107e+01 2.485118e+01 1.064209e+01 6.449111e+00 5.000000e-02 8.958487e-02 2.418385e-01 5.099992e-01 1.858035e+00 1.324359e+00 9.127951e-01 6.706095e-01 8.827389e-01 1.779079e+00 2.509699e+00 8.267401e-01 1.115574e+00 5.000000e-02 5.000000e-02 5.000000e-02 6.904705e-02 1.828030e-01 2.943483e-01 2.727654e-01 2.043676e-01 4.567812e-01 3.038546e-01 4.167506e-01 1.834329e-01 1.365118e-01 5.000000e-02
<GCONST> 6.877970e+01
<STATE> 15
<MEAN> 39
 3.546125e+00 -2.453172e+01 -1.800938e+01 -1.930314e+01 6.017880e+00 7.302110e+00 1.952145e+00 -3.113286e+00 1.806880e+00 -2.284997e-01 -7.101051e+00 -5.162542e+00 8.528501e-01 3.900591e-01 -4.726309e-02 5.954084e-02 -1.020955e+00 -1.016722e+00 -7.169069e-01 8.680627e-01 1.857494e+00 -1.586991e-01 -3.144174e-01 -7.536272e-01 2.057206e-01 -2.556782e-02 -2.733673e-01 4.750137e-03 7.585599e-02 1.600994e-01 -5.678998e-03 -3.497176e-01 -2.001723e-03 1.848700e-02 -2.702272e-01 -5.329327e-02 1.848899e-02 4.246452e-02 -3.423289e-03
<VARIANCE> 39
 1.568123e+01 3.720569e+00 1.008531e+01 1.679259e+01 2.809427e+01 6.732948e+00 3.782200e+01 1.881385e+01 8.034534e+00 3.901210e+00 6.116332e+00 3.399361e+00 5.000000e-02 3.824864e-01 4.098520e-01 4.322718e-01 1.440880e+00 1.220095e+00 1.574424e+00 4.232080e-01 9.950255e-01 1.485658e+00 1.600180e+00 6.912935e-01 5.538362e-01 5.000000e-02 6.473017e-02 5.000000e-02 5.935587e-02 3.734673e-01 2.823253e-01 1.173050e-01 2.898604e-01 2.264739e-01 2.003579e-01 3.292718e-01 2.113193e-01 3.109141e-01 5.000000e-02
<GCONST> 6.643069e+01
<STATE> 16
<MEAN> 39
 3.317096e+00 -2.328939e+01 -1.799937e+01 -2.044625e+01 5.262163e+00 3.252535e+00 3.011811e+00 -1.808748e+00 -3.991588e-01 -9.384243e-01 -8.469990e+00 -2.764177e+00 7.847968e-01 -4.521039e-01 -3.870423e-02 -1.838560e-01 -1.240338e-01 2.112372e-01 -1.232463e+00 -7.259792e-01 2.519945e-01 -2.015264e-01 5.910975e-01 2.505254e-01 -1.009334e-01 -3.760291e-02 -1.161849e-01 -1.682683e-01 -6.981070e-02 4.250431e-01 1.595499e-01 1.963606e-01 -6.737618e-01 -2.817485e-01 4.583981e-01 1.665552e-02 2.817422e-01 -3.394731e-01 -6.267113e-03
<VARIANCE> 39
 5.070527e+00 2.629445e+00 1.263013e+01 1.815377e+01 2.825496e+01 1.440968e+01 2.991691e+01 1.753494e+01 2.505778e+00 1.029226e+01 7.592588e+00 1.000555e+01 5.000000e-02 4.680496e-01 4.382776e-01 4.638926e-01 2.105633e+00 6.187931e-01 9.981315e-01 3.670485e+00 2.091552e+00 1.738220e+00 5.453203e-01 1.207489e+00 2.059488e+00 5.000000e-02 5.000000e-02 9.654299e-02 5.592160e-02 3.551090e-01 2.455318e-01 3.301191e-01 3.540259e-01 5.694671e-01 3.285343e-01 2.627493e-01 2.247126e-01 2.111370e-01 5.000000e-02
<GCONST> 7.250902e+01
<STATE> 17
<MEAN> 39
 1.029570e+00 -2.542330e+01 -1.633012e+01 -2.334996e+01 5.803141e+00 2.947389e+00 -2.116931e+00 2.247587e+00 -2.906056e-01 -1.106631e+00 -7.800889e+00 -4.533713e+00 7.058703e-01 -3.850701e-05 -1.898893e-01 -1.661052e-01 1.839001e+00 -9.708295e-01 -4.292183e-01 -5.606122e-01 1.499888e-01 8.730386e-01 -6.794079e-01 2.765777e-01 -1.505510e-01 -4.937656e-02 2.625388e-01 1.943458e-01 -1.407644e-01 1.240664e+00 -1.699821e-01 2.004957e-01 4.385951e-01 -6.942217e-01 1.934768e-01 -3.106016e-01 1.775493e-01 1.464695e-01 -5.286952e-03
<VARIANCE> 39
 1.308143e+00 5.064568e+00 1.605642e+01 1.064744e+01 1.108394e+01 7.635288e+00 2.697149e+01 9.112979e+00 1.427961e+01 1.029572e+01 6.379154e+00 1.670925e+01 5.000000e-02 2.963724e-01 3.722957e-01 4.098624e-01 5.159994e+00 1.164351e+00 1.818577e+00 3.285710e+00 1.372134e+00 2.484600e+00 6.568899e-01 5.066714e-01 1.004844e+00 5.000000e-02 7.274516e-02 6.486275e-02 1.582045e-01 5.110284e-01 1.073938e-01 2.380590e-01 5.713685e-01 2.522323e-01 3.000900e-01 2.670853e-01 1.300936e-01 3.692540e-01 5.000000e-02
<GCONST> 7.090565e+01
<STATE> 18
<MEAN> 39
 3.305516e+00 -2.497861e+01 -1.951961e+01 -9.063082e+00 1.474142e+00 1.438099e+00 5.070249e-01 -2.705784e+00 4.646238e+00 -2.441079e+00 -5.480908e+00 -4.778840e+00 5.171075e-01 7.917730e-01 8.674188e-01 -2.827135e-01 3.670263e+00 2.791933e-01 -5.619026e-01 -2.857135e-01 -2.242480e+00 -4.324129e-01 -1.257407e+00 8.121541e-01 2.766747e-01 -4.734772e-02 4.951011e-02 3.223348e-01 1.258389e-01 -6.606123e-01 4.557325e-01 -1.371097e-01 -1.052466e-01 8.264522e-02 -6.286513e-01 1.250426e-01 6.176510e-02 1.310973e-01 1.004329e-02
<VARIANCE> 39
 3.194534e+00 5.752595e+00 5.041120e+00 8.337823e+00 3.502329e+00 1.749038e+01 5.613054e+00 7.631284e+00 1.590018e+01 1.707544e+01 2.600745e+00 6.866273e+00 5.000000e-02 9.047092e-02 7.345774e-01 7.789745e-01 3.621648e+00 1.671258e+00 8.774186e-01 2.123848e+00 3.939472e-01 3.128791e+00 1.045390e+00 2.596377e-01 1.685048e+00 5.000000e-02 6.460918e-02 1.015881e-01 1.072920e-01 3.420127e-01 2.785060e-01 3.465167e-01 1.966100e-01 2.991914e-01 4.309452e-01 3.496442e-01 7.560388e-02 1.401804e-01 5.000000e-02
<GCONST> 6.464481e+01
<STATE> 19
<MEAN> 39
 4.449951e+00 -2.159240e+01 -1.952012e+01 -6.934436e+00 4.213889e+00 -4.947600e-01 -1.495467e+00 -5.069198e+00 1.304217e+00 -3.782998e+00 -3.193558e+00 -4.648620e+00 4.526807e-01 -2.235852e-01 3.607978e-01 -6.145142e-03 4.025207e-01 2.703305e-01 -5.071690e-01 2.507293e-02 -1.336892e-01 -2.974475e-02 3.113882e-01 1.079828e+00 1.566931e-01 -2.637031e-02 -2.657056e-01 -2.313770e-01 8.275547e-02 -6.136783e-01 -1.052097e-01 4.175008e-02 2.433377e-01 3.337171e-01 1.273077e-01 2.525916e-01 -1.452034e-01 -1.496840e-02 4.010824e-03
<VARIANCE> 39
 1.135858e+00 6.970329e+00 8.642614e+00 1.248513e+01 7.855481e+00 3.172716e+00 3.237959e+00 6.781153e+00 8.147906e+00 7.338740e+00 8.156629e+00 4.893586e+00 5.000000e-02 3.139596e-01 8.436688e-01 4.204518e-01 1.342844e+00 7.684154e-01 1.616599e+00 1.204858e+00 3.780203e-01 3.227131e-01 1.173461e+00 5.636491e-01 4.973467e-01 5.000000e-02 5.000000e-02 1.132356e-01 5.000000e-02 5.409627e-01 1.867556e-01 1.998048e-01 2.174929e-01 9.653485e-02 2.101273e-01 2.458958e-01 1.161072e-01 1.226934e-01 5.000000e-02
<GCONST> 5.566021e+01
<STATE> 20
<MEAN> 39
 2.953647e+00 -2.104262e+01 -1.898833e+01 -6.896353e+00 4.890724e+00 -1.028428e+00 1.997321e-02 -6.622211e+00 1.513670e+00 -2.881672e+00 -1.531048e+00 -4.028617e+00 3.739354e-01 -2.179793e-01 5.779724e-02 1.325403e-01 3.016945e-01 -9.675399e-03 -5.190850e-01 1.607821e-01 3.133703e-01 -5.789933e-02 2.084976e-01 -3.877856e-01 4.697557e-03 -1.930361e-02 6.119376e-02 3.135116e-02 7.290822e-02 7.880502e-02 -3.339128e-02 4.464194e-02 -3.184065e-02 3.212160e-01 -9.588446e-03 6.359039e-02 -2.582334e-01 -1.365150e-02 3.120919e-03
<VARIANCE> 39
 1.525913e+00 5.772861e+00 8.904584e+00 1.298042e+01 5.526672e+00 1.128370e+01 1.292265e+01 7.240303e+00 1.262502e+01 4.219680e+00 4.731172e+00 5.426803e+00 5.000000e-02 5.000000e-02 1.304859e-01 5.763975e-01 3.246910e-01 3.823741e-01 9.313781e-01 4.860193e-01 9.363827e-01 1.133748e+00 8.375284e-01 4.424991e-01 6.350082e-01 5.000000e-02 5.000000e-02 1.035112e-01 9.886060e-02 6.342167e-02 8.771845e-02 1.509131e-01 1.381223e-01 9.638164e-02 2.933002e-01 1.920979e-01 1.924298e-01 1.365138e-01 5.000000e-02
<GCONST> 5.016420e+01
<STATE> 21
<MEAN> 39
 2.701774e+00 -2.089413e+01 -1.783421e+01 -5.313981e+00 3.911475e+00 -2.506760e+00 8.106253e-01 -2.034398e+00 9.712169e-01 -7.518001e-01 -2.047246e+00 -3.561597e+00 3.330799e-01 -8.179118e-02 7.309726e-01 8.666310e-01 4.909807e-01 4.700608e-01 3.591606e-01 3.120815e-02 3.504475e-01 3.364047e-01 5.233660e-02 2.934185e-01 5.624850e-02 -1.055700e-02 -6.558700e-03 1.421687e-01 1.997557e-01 1.351668e-02 1.919746e-01 3.620505e-01 -1.248099e-01 -3.823769e-01 9.042782e-02 -3.618544e-01 1.783529e-01 -1.100835e-01 1.424345e-03
<VARIANCE> 39
 7.921529e-01 4.004675e+00 1.403228e+01 1.524353e+01 2.748971e+00 1.598532e+01 9.700278e+00 7.896021e+00 9.701093e+00 6.258018e+00 3.274439e+00 6.162489e+00 5.000000e-02 1.406806e-01 7.254483e-01 2.113394e+00 7.963182e-01 5.108290e-01 6.658636e-01 7.835458e-01 1.426048e+00 2.245936e+00 1.306640e+00 6.609011e-01 5.495356e-01 5.000000e-02 5.000000e-02 1.043367e-01 2.585399e-01 1.203651e-01 6.773380e-02 2.641771e-01 1.219754e-01 1.936883e-01 2.520711e-01 1.332745e-01 6.160561e-02 7.678048e-02 5.000000e-02
<GCONST> 5.653502e+01
<STATE> 22
<MEAN> 39
 2.812417e+00 -1.774124e+01 -1.264958e+01 -2.937970e+00 7.000659e+00 5.978893e-01 -1.145989e+00 -5.346230e+00 2.560971e+00 -2.844139e+00 -1.169836e+00 -4.401636e+00 3.238268e-01 -4.576081e-01 -1.242538e-01 4.559411e-01 6.560132e-03 1.381532e-01 6.913783e-01 1.095451e-01 -8.858841e-02 -1.337886e-01 -7.440422e-01 1.270902e-01 -4.371511e-01 -1.014138e-02 -2.037123e-01 -3.894472e-01 -4.860252e-01 -3.468211e-01 -1.973044e-01 -3.792748e-01 3.101720e-01 3.200341e-01 -3.953744e-01 2.244681e-02 -2.118212e-01 9.199636e-02 -5.106878e-03
<VARIANCE> 39
 1.333896e+00 7.746242e+00 2.162374e+01 2.730962e+00 2.122846e+00 1.342691e+01 1.194272e+01 1.023320e+00 1.271067e+01 5.251754e+00 1.077627e+01 4.099900e+00 5.000000e-02 1.726861e-01 1.064888e+00 2.212546e+00 9.685192e-01 4.918690e-01 1.476667e+00 1.370690e+00 1.784415e+00 4.108710e-01 3.092549e-01 1.008115e+00 1.087282e-01 5.000000e-02 5.000000e-02 9.082427e-02 5.776116e-01 2.454245e-01 6.266671e-02 9.794445e-02 1.633634e-01 1.716398e-01 3.989875e-01 1.142047e-01 9.043335e-02 5.000000e-02 5.000000e-02
<GCONST> 5.381273e+01
<STATE> 23
<MEAN> 39
 5.248913e-01 -2.076832e+01 -1.655229e+01 -5.033027e+00 6.348004e+00 -9.285420e-01 1.506697e+00 -1.516977e+00 3.100986e-01 -4.580729e+00 -2.140709e+00 -4.218284e+00 2.780162e-01 -4.464210e-01 3.224901e-01 -8.393569e-02 -2.559079e-01 1.654971e-01 6.937918e-02 1.776848e-01 8.829802e-02 -2.895991e-01 9.364377e-02 1.016523e-01 2.581073e-01 -2.491140e-02 2.120665e-02 2.081908e-01 1.248620e-01 7.684078e-02 -1.610342e-01 -2.390252e-02 -2.987628e-01 -2.303382e-01 2.246731e-01 2.716736e-01 1.114262e-01 1.674066e-02 -2.862121e-03
<VARIANCE> 39
 1.292019e+00 5.435343e+00 9.074658e+00 8.807950e+00 5.803185e+00 7.508045e+00 7.756480e+00 1.109366e+01 1.629488e+01 6.594159e+00 1.367247e+01 8.086396e+00 5.000000e-02 1.618957e-01 4.722667e-01 1.337672e+00 7.063555e-01 4.307349e-01 1.019416e+00 1.684124e+00 1.298127e+00 1.973975e+00 7.719803e-01 7.158220e-01 2.773986e-01 5.000000e-02 5.000000e-02 5.571215e-02 1.717554e-01 2.318474e-01 1.290571e-01 1.507811e-01 3.930367e-01 2.861723e-01 2.071292e-01 1.306695e-01 2.366960e-01 5.815907e-02 5.000000e-02
<GCONST> 5.964206e+01
<STATE> 24
<MEAN> 39
 -8.229385e-01 -1.743731e+01 -1.453190e+01 -4.896317e+00 4.894408e+00 -1.649443e+00 -2.911078e-02 -4.057879e+00 1.217016e+00 -3.506464e+00 -2.018258e+00 -3.987242e+00 1.677728e-01 -7.223923e-01 3.741662e-01 6.340466e-01 1.779061e-01 -4.759731e-01 -1.367556e-01 -3.102614e-01 -3.426011e-01 -3.135802e-01 1.243379e-01 2.570169e-02 -1.287422e-01 -3.428996e-02 -8.452972e-02 2.035810e-02 1.143134e-01 8.783085e-02 9.062931e-02 1.655153e-01 1.807486e-01 -1.165450e-02 -1.067271e-01 8.422710e-04 2.444542e-02 1.014145e-01 -1.968112e-03
<VARIANCE> 39
 3.562808e+00 5.613945e+00 7.118905e+00 5.628474e+00 5.049633e+00 8.422299e+00 1.456159e+01 7.036152e+00 2.646033e+00 9.567941e+00 8.862517e+00 4.615282e+00 5.000000e-02 1.810358e-01 2.712803e-01 3.782713e-01 6.118422e-01 4.926672e-01 4.874548e-01 1.088959e+00 1.116905e+00 1.051344e+00 4.854301e-01 8.968561e-01 2.649098e-01 5.000000e-02 5.000000e-02 7.431145e-02 8.761789e-02 8.029088e-02 1.000601e-01 1.574718e-01 3.026316e-01 1.891832e-01 9.736381e-02 8.487204e-02 1.155266e-01 5.113977e-02 5.000000e-02
<GCONST> 4.939084e+01
<STATE> 25
<MEAN> 39
 -3.416092e+00 -1.713970e+01 -1.381193e+01 -4.579143e+00 6.473148e+00 1.382980e+00 7.076223e-01 -4.357590e+00 1.281926e+00 -6.831267e-01 9.618531e-01 -3.294421e+00 7.762633e-02 -8.489767e-01 1.220737e+00 1.522672e+00 4.596354e-01 7.013339e-01 5.194100e-01 6.376176e-01 -3.141769e-01 -2.524285e-01 -9.706067e-02 5.028883e-01 1.179072e+00 -3.951714e-02 1.469070e-01 3.158534e-01 5.146636e-01 -3.611921e-02 -5.477623e-02 -1.298313e-01 2.304577e-02 1.415208e-01 1.609698e-02 -3.747694e-01 -2.258499e-01 1.499936e-01 3.493445e-03
<VARIANCE> 39
 2.350929e+00 4.086781e+00 1.916264e+00 5.473068e+00 6.253273e+00 3.982871e+00 4.652183e+00 1.011787e+01 4.051553e+01 1.398992e+01 1.683875e+01 1.804888e+01 5.000000e-02 2.368432e-01 6.052513e-01 7.935091e-01 4.102378e-01 3.734876e-01 6.708418e-01 9.142888e-01 2.051497e-01 2.165089e+00 2.283724e+00 1.547476e+00 9.640774e-01 5.000000e-02 8.663196e-02 7.764810e-02 5.458504e-02 1.633932e-01 1.457807e-01 1.028544e-01 2.328652e-01 2.477411e-01 7.347588e-01 2.483297e-01 3.659243e-01 2.976124e-01 5.000000e-02
<GCONST> 6.160965e+01
<STATE> 26
<MEAN> 39
 -4.605723e+00 -1.240231e+01 -6.797262e+00 -3.148309e+00 5.082195e+00 7.753369e-01 5.911569e-01 -5.417853e+00 7.881842e-01 -3.252786e+00 -1.090779e+00 -7.414011e-01 -1.099640e-02 -2.662764e-01 1.157926e+00 1.539290e+00 1.981120e-01 -2.759340e-01 -5.160819e-01 1.605201e-01 7.234014e-01 7.692187e-01 9.573104e-02 9.218952e-02 2.894064e-01 -1.308439e-02 7.404545e-02 -2.112232e-01 -4.011719e-01 -1.718650e-01 -5.706570e-02 -2.881144e-01 1.311828e-01 4.135945e-01 2.763380e-02 1.943092e-01 2.044843e-01 -3.352967e-01 5.133045e-03
<VARIANCE> 39
 3.725028e+00 7.115560e+00 7.446858e+00 5.676335e+00 9.689300e+00 5.322079e+00 5.187499e+00 6.335046e+00 1.169087e+01 6.059705e+00 1.198345e+01 1.123082e+01 5.000000e-02 4.948806e-01 8.006570e-01 1.393984e+00 7.189800e-01 6.048135e-01 1.241802e+00 1.479083e+00 2.164760e+00 2.437282e+00 9.728279e-01 1.519851e+00 1.454407e+00 5.000000e-02 5.252190e-02 1.491388e-01 2.359359e-01 1.092171e-01 1.228418e-01 1.056840e-01 1.166871e-01 1.626752e-01 6.311432e-01 1.903403e-01 2.464608e-01 2.117353e-01 5.000000e-02
<GCONST> 6.603125e+01
<STATE> 27
<MEAN> 39
 -5.144786e+00 -1.143169e+01 -6.488626e+00 -3.835269e+00 4.376828e+00 -1.752375e+00 2.774293e+00 -8.437795e-02 7.211733e-01 -2.071560e+00 2.647407e+00 -1.672994e+00 -4.015766e-02 -3.032791e-01 1.821362e-01 1.260749e-01 -1.935971e-01 -1.685206e-01 -2.323374e-01 2.567765e-01 4.786568e-01 -3.522717e-01 1.877602e-02 4.014405e-01 -2.485055e-01 -1.807511e-02 7.171144e-02 -1.505686e-01 -1.180732e-01 4.940121e-03 -2.325900e-03 1.425291e-01 -1.892412e-01 -4.745872e-01 -1.427470e-01 -1.320063e-01 -1.989360e-01 -3.528900e-02 2.693154e-03
<VARIANCE> 39
 1.009794e+00 1.158392e+00 4.978817e+00 2.592837e+00 5.032722e+00 5.809867e+00 5.759535e+00 7.088871e+00 3.021063e+00 1.169715e+01 1.391796e+01 8.287560e+00 5.000000e-02 1.750001e-01 3.340036e-01 7.020850e-01 4.937244e-01 5.530161e-01 4.337751e-01 4.705611e-01 8.634467e-01 5.784155e-01 7.242002e-01 1.498178e+00 1.085116e+00 5.000000e-02 5.470186e-02 5.627646e-02 1.789737e-01 7.796409e-02 7.433216e-02 1.354001e-01 9.528303e-02 9.076072e-02 1.006598e-01 1.484266e-01 2.908732e-01 1.530012e-01 5.000000e-02
<GCONST> 4.747063e+01
<TRANSP> 28
 0.000000e+00 1.000000e+00 0.000000e+00 0.000000e+00 0.000000e+00 0.000000e+00 0.000000e+00 0.000000e+00 0.000000e+00 0.000000e+00 0.000000e+00 0.000000e+00 0.000000e+00 0.000000e+00 0.000000e+00 0.000000e+00 0.000000e+00 0.000000e+00 0.000000e+00 0.000000e+00 0.000000e+00 0.000000e+00 0.000000e+00 0.000000e+00 0.000000e+00 0.000000e+00 0.000000e+00 0.000000e+00
 0.000000e+00 6.717828e-01 3.282172e-01 0.000000e+00 0.000000e+00 0.000000e+00 0.000000e+00 0.000000e+00 0.000000e+00 0.000000e+00 0.000000e+00 0.000000e+00 0.000000e+00 0.000000e+00 0.000000e+00 0.000000e+00 0.000000e+00 0.000000e+00 0.000000e+00 0.000000e+00 0.000000e+00 0.000000e+00 0.000000e+00 0.000000e+00 0.000000e+00 0.000000e+00 0.000000e+00 0.000000e+00
 0.000000e+00 0.000000e+00 6.156455e-01 3.843545e-01 0.000000e+00 0.000000e+00 0.000000e+00 0.000000e+00 0.000000e+00 0.000000e+00 0.000000e+00 0.000000e+00 0.000000e+00 0.000000e+00 0.000000e+00 0.000000e+00 0.000000e+00 0.000000e+00 0.000000e+00 0.000000e+00 0.000000e+00 0.000000e+00 0.000000e+00 0.000000e+00 0.000000e+00 0.000000e+00 0.000000e+00 0.000000e+00
 0.000000e+00 0.000000e+00 0.000000e+00 6.670827e-01 3.329173e-01 0.000000e+00 0.000000e+00 0.000000e+00 0.000000e+00 0.000000e+00 0.000000e+00 0.000000e+00 0.000000e+00 0.000000e+00 0.000000e+00 0.000000e+00 0.000000e+00 0.000000e+00 0.000000e+00 0.000000e+00 0.000000e+00 0.000000e+00 0.000000e+00 0.000000e+00 0.000000e+00 0.000000e+00 0.000000e+00 0.000000e+00
 0.000000e+00 0.000000e+00 0.000000e+00 0.000000e+00 6.872793e-01 3.127207e-01 0.000000e+00 0.000000e+00 0.000000e+00 0.000000e+00 0.000000e+00 0.000000e+00 0.000000e+00 0.000000e+00 0.000000e+00 0.000000e+00 0.000000e+00 0.000000e+00 0.000000e+00 0.000000e+00 0.000000e+00 0.000000e+00 0.000000e+00 0.000000e+00 0.000000e+00 0.000000e+00 0.000000e+00 0.000000e+00
 0.000000e+00 0.000000e+00 0.000000e+00 0.000000e+00 0.000000e+00 5.833059e-01 4.166941e-01 0.000000e+00 0.000000e+00 0.000000e+00 0.000000e+00 0.000000e+00 0.000000e+00 0.000000e+00 0.000000e+00 0.000000e+00 0.000000e+00 0.000000e+00 0.000000e+00 0.000000e+00 0.000000e+00 0.000000e+00 0.000000e+00 0.000000e+00 0.000000e+00 0.000000e+00 0.000000e+00 0.000000e+00
 0.000000e+00 0.000000e+00 0.000000e+00 0.000000e+00 0.000000e+00 0.000000e+00 5.454440e-01 4.545561e-01 0.000000e+00 0.000000e+00 0.000000e+00 0.000000e+00 0.000000e+00 0.000000e+00 0.000000e+00 0.000000e+00 0.000000e+00 0.000000e+00 0.000000e+00 0.000000e+00 0.000000e+00 0.000000e+00 0.000000e+00 0.000000e+00 0.000000e+00 0.000000e+00 0.000000e+00 0.000000e+00
 0.000000e+00 0.000000e+00 0.000000e+00 0.000000e+00 0.000000e+00 0.000000e+00 0.000000e+00 5.455642e-01 4.544359e-01 0.000000e+00 0.000000e+00 0.000000e+00 0.000000e+00 0.000000e+00 0.000000e+00 0.000000e+00 0.000000e+00 0.000000e+00 0.000000e+00 0.000000e+00 0.000000e+00 0.000000e+00 0.000000e+00 0.000000e+00 0.000000e+00 0.000000e+00 0.000000e+00 0.000000e+00
 0.000000e+00 0.000000e+00 0.000000e+00 0.000000e+00 0.000000e+00 0.000000e+00 0.000000e+00 0.000000e+00 7.215378e-01 2.784622e-01 0.000000e+00 0.000000e+00 0.000000e+00 0.000000e+00 0.000000e+00 0.000000e+00 0.000000e+00 0.000000e+00 0.000000e+00 0.000000e+00 0.000000e+00 0.000000e+00 0.000000e+00 0.000000e+00 0.000000e+00 0.000000e+00 0.000000e+00 0.000000e+00
 0.000000e+00 0.000000e+00 0.000000e+00 0.000000e+00 0.000000e+00 0.000000e+00 0.000000e+00 0.000000e+00 0.000000e+00 6.263424e-01 3.736576e-01 0.000000e+00 0.000000e+00 0.000000e+00 0.000000e+00 0.000000e+00 0.000000e+00 0.000000e+00 0.000000e+00 0.000000e+00 0.000000e+00 0.000000e+00 0.000000e+00 0.000000e+00 0.000000e+00 0.000000e+00 0.000000e+00 0.000000e+00
 0.000000e+00 0.000000e+00 0.000000e+00 0.000000e+00 0.000000e+00 0.000000e+00 0.000000e+00 0.000000e+00 0.000000e+00 0.000000e+00 6.588634e-01 3.411366e-01 0.000000e+00 0.000000e+00 0.000000e+00 0.000000e+00 0.000000e+00 0.000000e+00 0.000000e+00 0.000000e+00 0.000000e+00 0.000000e+00 0.000000e+00 0.000000e+00 0.000000e+00 0.000000e+00 0.000000e+00 0.000000e+00
 0.000000e+00 0.000000e+00 0.000000e+00 0.000000e+00 0.000000e+00 0.000000e+00 0.000000e+00 0.000000e+00 0.000000e+00 0.000000e+00 0.000000e+00 4.427222e-01 5.572778e-01 0.000000e+00 0.000000e+00 0.000000e+00 0.000000e+00 0.000000e+00 0.000000e+00 0.000000e+00 0.000000e+00 0.000000e+00 0.000000e+00 0.000000e+00 0.000000e+00 0.000000e+00 0.000000e+00 0.000000e+00
 0.000000e+00 0.000000e+00 0.000000e+00 0.000000e+00 0.000000e+00 0.000000e+00 0.000000e+00 0.000000e+00 0.000000e+00 0.000000e+00 0.000000e+00 0.000000e+00 6.163853e-01 3.836147e-01 0.000000e+00 0.000000e+00 0.000000e+00 0.000000e+00 0.000000e+00 0.000000e+00 0.000000e+00 0.000000e+00 0.000000e+00 0.000000e+00 0.000000e+00 0.000000e+00 0.000000e+00 0.000000e+00
 0.000000e+00 0.000000e+00 0.000000e+00 0.000000e+00 0.000000e+00 0.000000e+00 0.000000e+00 0.000000e+00 0.000000e+00 0.000000e+00 0.000000e+00 0.000000e+00 0.000000e+00 6.430673e-01 3.569327e-01 0.000000e+00 0.000000e+00 0.000000e+00 0.000000e+00 0.000000e+00 0.000000e+00 0.000000e+00 0.000000e+00 0.000000e+00 0.000000e+00 0.000000e+00 0.000000e+00 0.000000e+00
 0.000000e+00 0.000000e+00 0.000000e+00 0.000000e+00 0.000000e+00 0.000000e+00 0.000000e+00 0.000000e+00 0.000000e+00 0.000000e+00 0.000000e+00 0.000000e+00 0.000000e+00 0.000000e+00 6.418164e-01 3.581836e-01 0.000000e+00 0.000000e+00 0.000000e+00 0.000000e+00 0.000000e+00 0.000000e+00 0.000000e+00 0.000000e+00 0.000000e+00 0.000000e+00 0.000000e+00 0.000000e+00
 0.000000e+00 0.000000e+00 0.000000e+00 0.000000e+00 0.000000e+00 0.000000e+00 0.000000e+00 0.000000e+00 0.000000e+00 0.000000e+00 0.000000e+00 0.000000e+00 0.000000e+00 0.000000e+00 0.000000e+00 5.841100e-01 4.158900e-01 0.000000e+00 0.000000e+00 0.000000e+00 0.000000e+00 0.000000e+00 0.000000e+00 0.000000e+00 0.000000e+00 0.000000e+00 0.000000e+00 0.000000e+00
 0.000000e+00 0.000000e+00 0.000000e+00 0.000000e+00 0.000000e+00 0.000000e+00 0.000000e+00 0.000000e+00 0.000000e+00 0.000000e+00 0.000000e+00 0.000000e+00 0.000000e+00 0.000000e+00 0.000000e+00 0.000000e+00 6.156024e-01 3.843976e-01 0.000000e+00 0.000000e+00 0.000000e+00 0.000000e+00 0.000000e+00 0.000000e+00 0.000000e+00 0.000000e+00 0.000000e+00 0.000000e+00
 0.000000e+00 0.000000e+00 0.000000e+00 0.000000e+00 0.000000e+00 0.000000e+00 0.000000e+00 0.000000e+00 0.000000e+00 0.000000e+00 0.000000e+00 0.000000e+00 0.000000e+00 0.000000e+00 0.000000e+00 0.000000e+00 0.000000e+00 5.454316e-01 4.545684e-01 0.000000e+00 0.000000e+00 0.000000e+00 0.000000e+00 0.000000e+00 0.000000e+00 0.000000e+00 0.000000e+00 0.000000e+00
 0.000000e+00 0.000000e+00 0.000000e+00 0.000000e+00 0.000000e+00 0.000000e+00 0.000000e+00 0.000000e+00 0.000000e+00 0.000000e+00 0.000000e+00 0.000000e+00 0.000000e+00 0.000000e+00 0.000000e+00 0.000000e+00 0.000000e+00 0.000000e+00 6.872444e-01 3.127557e-01 0.000000e+00 0.000000e+00 0.000000e+00 0.000000e+00 0.000000e+00 0.000000e+00 0.000000e+00 0.000000e+00
 0.000000e+00 0.000000e+00 0.000000e+00 0.000000e+00 0.000000e+00 0.000000e+00 0.000000e+00 0.000000e+00 0.000000e+00 0.000000e+00 0.000000e+00 0.000000e+00 0.000000e+00 0.000000e+00 0.000000e+00 0.000000e+00 0.000000e+00 0.000000e+00 0.000000e+00 6.427191e-01 3.572808e-01 0.000000e+00 0.000000e+00 0.000000e+00 0.000000e+00 0.000000e+00 0.000000e+00 0.000000e+00
 0.000000e+00 0.000000e+00 0.000000e+00 0.000000e+00 0.000000e+00 0.000000e+00 0.000000e+00 0.000000e+00 0.000000e+00 0.000000e+00 0.000000e+00 0.000000e+00 0.000000e+00 0.000000e+00 0.000000e+00 0.000000e+00 0.000000e+00 0.000000e+00 0.000000e+00 0.000000e+00 6.433422e-01 3.566578e-01 0.000000e+00 0.000000e+00 0.000000e+00 0.000000e+00 0.000000e+00 0.000000e+00
 0.000000e+00 0.000000e+00 0.000000e+00 0.000000e+00 0.000000e+00 0.000000e+00 0.000000e+00 0.000000e+00 0.000000e+00 0.000000e+00 0.000000e+00 0.000000e+00 0.000000e+00 0.000000e+00 0.000000e+00 0.000000e+00 0.000000e+00 0.000000e+00 0.000000e+00 0.000000e+00 0.000000e+00 4.444453e-01 5.555547e-01 0.000000e+00 0.000000e+00 0.000000e+00 0.000000e+00 0.000000e+00
 0.000000e+00 0.000000e+00 0.000000e+00 0.000000e+00 0.000000e+00 0.000000e+00 0.000000e+00 0.000000e+00 0.000000e+00 0.000000e+00 0.000000e+00 0.000000e+00 0.000000e+00 0.000000e+00 0.000000e+00 0.000000e+00 0.000000e+00 0.000000e+00 0.000000e+00 0.000000e+00 0.000000e+00 0.000000e+00 6.864747e-01 3.135253e-01 0.000000e+00 0.000000e+00 0.000000e+00 0.000000e+00
 0.000000e+00 0.000000e+00 0.000000e+00 0.000000e+00 0.000000e+00 0.000000e+00 0.000000e+00 0.000000e+00 0.000000e+00 0.000000e+00 0.000000e+00 0.000000e+00 0.000000e+00 0.000000e+00 0.000000e+00 0.000000e+00 0.000000e+00 0.000000e+00 0.000000e+00 0.000000e+00 0.000000e+00 0.000000e+00 0.000000e+00 7.375483e-01 2.624518e-01 0.000000e+00 0.000000e+00 0.000000e+00
 0.000000e+00 0.000000e+00 0.000000e+00 0.000000e+00 0.000000e+00 0.000000e+00 0.000000e+00 0.000000e+00 0.000000e+00 0.000000e+00 0.000000e+00 0.000000e+00 0.000000e+00 0.000000e+00 0.000000e+00 0.000000e+00 0.000000e+00 0.000000e+00 0.000000e+00 0.000000e+00 0.000000e+00 0.000000e+00 0.000000e+00 0.000000e+00 5.000387e-01 4.999613e-01 0.000000e+00 0.000000e+00
 0.000000e+00 0.000000e+00 0.000000e+00 0.000000e+00 0.000000e+00 0.000000e+00 0.000000e+00 0.000000e+00 0.000000e+00 0.000000e+00 0.000000e+00 0.000000e+00 0.000000e+00 0.000000e+00 0.000000e+00 0.000000e+00 0.000000e+00 0.000000e+00 0.000000e+00 0.000000e+00 0.000000e+00 0.000000e+00 0.000000e+00 0.000000e+00 0.000000e+00 6.211530e-01 3.788470e-01 0.000000e+00
 0.000000e+00 0.000000e+00 0.000000e+00 0.000000e+00 0.000000e+00 0.000000e+00 0.000000e+00 0.000000e+00 0.000000e+00 0.000000e+00 0.000000e+00 0.000000e+00 0.000000e+00 0.000000e+00 0.000000e+00 0.000000e+00 0.000000e+00 0.000000e+00 0.000000e+00 0.000000e+00 0.000000e+00 0.000000e+00 0.000000e+00 0.000000e+00 0.000000e+00 0.000000e+00 6.821463e-01 3.178537e-01
 0.000000e+00 0.000000e+00 0.000000e+00 0.000000e+00 0.000000e+00 0.000000e+00 0.000000e+00 0.000000e+00 0.000000e+00 0.000000e+00 0.000000e+00 0.000000e+00 0.000000e+00 0.000000e+00 0.000000e+00 0.000000e+00 0.000000e+00 0.000000e+00 0.000000e+00 0.000000e+00 0.000000e+00 0.000000e+00 0.000000e+00 0.000000e+00 0.000000e+00 0.000000e+00 0.000000e+00 0.000000e+00
<ENDHMM>
