~o
<STREAMINFO> 1 39
<VECSIZE> 39<NULLD><MFCC_E_D_A><DIAGC>
~h "Tai"
<BEGINHMM>
<NUMSTATES> 25
<STATE> 2
<MEAN> 39
 -5.399084e+00 -7.401028e+00 -1.192868e+00 1.807711e-01 1.961772e+00 -3.538516e+00 3.401264e-01 -1.563083e+00 3.476823e-01 -3.221963e+00 2.431384e+00 -1.372897e+00 -1.810317e-02 -9.065297e-01 1.159166e+00 -1.052362e+00 5.600011e-01 -1.051689e-01 -9.515703e-02 -3.962104e-01 -1.804018e-01 -3.659292e-01 -4.498950e-01 -1.480595e-01 -6.697379e-02 1.188336e-02 -4.149400e-01 3.797053e-01 -5.412627e-01 -8.279694e-02 -7.089897e-02 -1.277098e-01 1.963587e-01 2.133280e-01 -2.760061e-02 -6.251432e-04 -1.283746e-01 -2.063709e-01 1.553849e-02
<VARIANCE> 39
 6.185965e+00 5.131391e+00 7.280611e+00 5.462842e+00 1.113553e+01 6.907116e+00 1.235274e+01 7.642953e+00 5.935718e+00 7.784453e+00 8.509086e+00 8.985668e+00 5.000000e-02 2.663518e+00 2.996732e+00 3.093239e+00 9.519337e-01 2.801046e+00 1.119041e+00 1.071890e+00 1.000131e+00 6.965843e-01 3.723607e-01 7.116919e-01 9.562091e-01 5.000000e-02 3.479275e-01 4.192612e-01 5.886814e-01 2.563764e-01 5.419855e-01 2.160750e-01 1.291054e-01 2.323068e-01 1.798129e-01 7.497349e-02 2.253422e-01 1.703544e-01 5.000000e-02
<GCONST> 7.249194e+01
<STATE> 3
<MEAN> 39
 -1.059576e+01 -4.224992e-01 -6.553231e+00 1.548506e+00 -2.729467e-01 -3.778649e+00 7.883822e-02 -1.772726e+00 -1.184774e+00 -2.636111e+00 2.758271e+00 -3.422023e+00 8.161130e-02 -1.261365e+00 6.130088e-01 -1.930026e+00 -8.499708e-01 5.311410e-01 -1.353481e+00 8.690204e-01 3.879688e-01 8.504230e-01 -5.228844e-01 5.487953e-02 -8.818226e-02 7.665148e-02 4.337665e-01 -1.367838e+00 -1.518280e-01 -6.329734e-01 4.579693e-01 -2.611308e-01 5.920514e-01 2.463594e-01 4.751175e-01 -4.335160e-01 -3.902009e-01 2.074981e-01 2.940088e-02
<VARIANCE> 39
 3.130511e+01 4.970687e+01 4.660212e+01 1.272649e+01 3.799914e+01 1.444835e+01 1.535407e+01 2.142582e+01 1.143176e+01 1.614174e+01 1.195644e+01 1.122082e+01 5.000000e-02 4.227795e+00 4.777856e+00 7.219146e+00 3.027007e+00 3.749887e+00 3.490192e+00 9.435824e-01 3.079202e+00 1.864590e+00 2.420974e+00 1.763980e+00 7.923281e-01 5.000000e-02 7.807312e-01 1.371728e+00 2.132416e+00 2.849756e-01 8.076626e-01 4.169679e-01 4.415535e-01 6.069274e-01 1.366825e-01 3.737692e-01 3.909978e-01 2.248101e-01 5.000000e-02
<GCONST> 1.019760e+02
<STATE> 4
<MEAN> 39
 -1.339753e+01 -2.122072e+00 -1.097315e+01 -3.302637e+00 4.758455e+00 -8.835903e+00 5.209465e+00 2.451170e+00 4.736226e+00 -5.699344e+00 2.519310e+00 -2.321956e+00 3.873499e-01 5.416585e-01 -5.123587e+00 -2.602583e+00 -3.487262e+00 1.262344e+00 -1.225268e+00 2.572469e+00 1.761410e+00 1.191514e+00 -2.282185e+00 -2.850533e+00 1.020103e+00 1.901345e-01 5.864846e-01 -1.517254e+00 -1.583721e-01 -7.005703e-02 -1.283885e-01 4.284757e-01 -1.790282e-01 -7.903836e-01 -5.671697e-01 4.727151e-02 -4.519197e-01 2.118836e-01 1.618205e-02
<VARIANCE> 39
 4.339528e+01 4.775919e+01 2.912313e+01 7.272528e+01 2.027770e+01 2.887203e+01 1.011286e+01 3.307862e+01 1.219238e+01 2.134503e+01 8.612236e+00 5.018697e+00 5.484090e-02 7.677056e-01 2.048426e+00 1.194279e+01 3.112971e+00 2.855531e+00 2.665848e+00 1.722418e+00 1.437405e+00 1.903350e+00 9.080559e-01 2.052913e+00 6.403354e-01 5.000000e-02 7.192686e-01 1.237062e+00 1.167117e+00 1.463379e+00 3.871822e-01 6.179119e-01 1.837104e-01 7.371759e-01 3.165735e-01 4.387906e-01 5.477407e-01 6.491191e-02 5.000000e-02
<GCONST> 9.909395e+01
<STATE> 5
<MEAN> 39
 -9.380093e+00 -1.906169e+01 -1.912488e+01 -9.485997e+00 4.114128e+00 -9.350276e+00 9.472855e+00 6.367457e-01 4.412949e+00 -1.187065e+01 -6.289510e+00 2.801711e-01 8.522663e-01 4.244798e-01 -5.017205e+00 -2.245190e+00 1.747869e-01 1.377726e+00 9.448593e-01 8.230937e-01 -2.199107e+00 -4.115379e-01 -5.245375e-01 -4.505119e-01 5.516981e-01 1.207069e-01 -3.399480e-01 9.073536e-01 1.101341e+00 1.082004e+00 6.275039e-01 6.491802e-01 -7.012887e-01 -8.042289e-01 -3.302799e-01 1.024281e+00 1.108878e+00 -4.133046e-01 -4.683327e-02
<VARIANCE> 39
 7.359604e+00 2.300430e+01 1.405388e+01 1.349618e+01 9.780871e+00 3.836862e+01 1.591640e+01 1.078196e+01 1.805867e+01 1.257442e+01 1.340579e+01 5.688020e+00 5.000000e-02 2.101847e+00 3.077360e+00 1.866342e+00 2.424209e+00 3.400555e+00 1.622596e+00 1.997886e+00 8.987467e-01 9.028600e-01 2.011430e+00 3.331699e+00 2.848581e-01 5.000000e-02 1.704788e-01 6.256997e-01 8.566785e-01 5.254603e-01 1.167520e-01 3.688475e-01 2.488904e-01 3.120748e-01 3.184351e-01 1.798449e-01 2.577623e-01 9.152804e-02 5.000000e-02
<GCONST> 8.476991e+01
<STATE> 6
<MEAN> 39
 -1.044511e+01 -2.480940e+01 -1.866580e+01 -6.808057e+00 1.347568e+01 -7.262181e+00 8.364851e+00 -5.066356e+00 1.321466e+00 -8.666883e+00 -1.749116e+00 -1.237394e-01 9.531304e-01 -6.930157e-01 -9.760528e-01 7.997184e-01 3.808213e-01 2.652135e+00 5.008387e-01 -7.047754e-01 -1.819634e+00 -2.107224e-01 1.439893e+00 6.090250e-01 -1.224462e+00 1.884230e-02 -1.371541e-01 1.209366e+00 3.569740e-01 -1.248582e-01 -4.610897e-01 -2.963462e-01 -1.899079e-01 3.532283e-01 4.395304e-01 2.405936e-01 -1.648731e-01 -5.025380e-01 -2.620172e-02
<VARIANCE> 39
 1.543945e+01 9.147932e+00 1.132256e+01 7.566739e+00 3.330981e+01 3.169500e+01 2.217659e+01 7.923631e+00 1.034931e+01 6.016506e+00 6.521513e+00 5.807938e+00 5.000000e-02 2.934325e-01 8.584415e-01 8.419840e-01 1.305841e+00 1.588002e+00 9.300447e-01 7.301152e-01 6.064427e-01 1.180716e+00 1.351136e+00 6.626074e-01 4.743800e-01 5.000000e-02 1.204311e-01 2.179363e-01 3.689568e-01 1.806900e-01 2.357421e-01 1.101714e-01 3.543180e-01 1.830379e-01 1.519728e-01 1.619455e-01 2.878189e-01 1.218443e-01 5.000000e-02
<GCONST> 6.979918e+01
<STATE> 7
<MEAN> 39
 -1.207362e+01 -2.401937e+01 -1.773367e+01 -5.937755e+00 1.582403e+01 -5.696183e+00 7.614120e+00 -7.671480e+00 4.581387e+00 -5.559533e+00 -2.405951e+00 -4.656257e+00 9.428815e-01 -1.832812e-01 2.327032e-01 -5.284629e-01 2.504390e-01 2.244313e-01 4.017495e-01 -2.848045e-01 -8.553101e-01 5.181487e-01 7.960895e-01 -1.399185e-01 -9.012865e-01 -9.137152e-03 3.194446e-01 1.677392e-01 -3.399622e-01 -7.848282e-02 -6.665377e-01 4.169409e-03 -5.225233e-03 1.724047e-01 -1.497680e-01 -4.436062e-01 -1.224312e-01 4.486950e-01 -6.857764e-03
<VARIANCE> 39
 8.599529e+00 7.828154e+00 5.235838e+00 3.691703e+00 3.345337e+01 3.519988e+01 1.734452e+01 8.242255e+00 1.235876e+01 7.400629e+00 4.451647e+00 5.815384e+00 5.000000e-02 9.415026e-01 9.141871e-01 1.190732e+00 5.420287e-01 4.329552e-01 9.105418e-01 6.762182e-01 2.101383e+00 7.555522e-01 6.644055e-01 3.374501e-01 8.264959e-01 5.000000e-02 9.675460e-02 2.273852e-01 1.475248e-01 1.588372e-01 1.032234e-01 1.006539e-01 1.567216e-01 2.513872e-01 2.756931e-01 2.112325e-01 9.550669e-02 7.475541e-02 5.000000e-02
<GCONST> 6.337446e+01
<STATE> 8
<MEAN> 39
 -1.053610e+01 -2.390826e+01 -2.032627e+01 -5.335518e+00 1.257312e+01 -3.810098e+00 5.339978e+00 -1.123992e+01 4.587899e+00 -4.953481e+00 -2.765104e+00 -4.296313e+00 9.111372e-01 1.051484e+00 6.475698e-01 7.583205e-03 5.024346e-01 -6.157061e-01 5.719000e-01 -8.505130e-02 -4.565020e-01 -6.905533e-02 -8.038994e-01 -5.970237e-01 5.241160e-01 -2.837386e-02 2.002474e-02 -4.549793e-03 3.762161e-01 5.910306e-02 7.850141e-02 2.524404e-02 2.671793e-01 4.339118e-01 3.337120e-02 -1.727557e-01 -1.146255e-01 2.295410e-01 -1.491056e-04
<VARIANCE> 39
 1.986250e+01 9.654235e+00 1.116638e+01 1.317900e+01 3.452838e+01 4.537591e+01 2.489521e+01 1.007785e+01 1.926465e+01 1.514089e+01 4.804799e+00 4.914667e+00 5.000000e-02 1.271237e+00 6.236479e-01 1.379549e+00 1.079466e+00 6.990910e-01 2.771726e-01 8.862532e-01 7.304913e-01 1.686102e+00 1.628129e+00 4.439698e-01 2.886443e-01 5.000000e-02 2.291580e-01 8.637868e-02 1.588392e-01 1.589315e-01 7.249593e-02 9.547192e-02 1.322722e-01 1.807806e-01 2.285335e-01 2.611175e-01 6.731347e-02 7.399242e-02 5.000000e-02
<GCONST> 6.727348e+01
<STATE> 9
<MEAN> 39
 -9.277795e+00 -2.277928e+01 -1.935680e+01 -4.797365e+00 1.466740e+01 -5.764474e+00 8.339174e+00 -9.138323e+00 3.072991e+00 -7.435097e+00 -4.432261e+00 -2.971797e+00 8.507601e-01 -9.648644e-02 -4.000745e-02 1.228968e-01 3.730742e-01 -6.495160e-01 4.899723e-01 -1.384738e-01 4.028510e-01 4.169720e-01 2.153566e-01 1.714366e-01 4.914152e-01 4.963551e-03 -2.225750e-01 -2.036641e-01 2.139388e-02 -8.574823e-02 -8.523925e-02 -9.085159e-03 -1.676363e-01 1.380013e-01 8.309859e-02 1.964473e-01 2.680124e-01 -1.377770e-01 1.006817e-02
<VARIANCE> 39
 1.747870e+01 6.206273e+00 1.569152e+01 1.559178e+01 5.274010e+01 4.384970e+01 2.460538e+01 1.028426e+01 1.329453e+01 1.135766e+01 9.020757e+00 1.122160e+01 5.000000e-02 2.927807e-01 2.900619e-01 8.158427e-01 6.413521e-01 6.967201e-01 3.102939e-01 7.770016e-01 4.142449e-01 5.598974e-01 4.305799e-01 4.352497e-01 4.742286e-01 5.000000e-02 2.872111e-01 1.067878e-01 2.991600e-01 3.138987e-01 1.464783e-01 5.308519e-02 9.766682e-02 5.000000e-02 1.236787e-01 1.232892e-01 6.939261e-02 9.951223e-02 5.000000e-02
<GCONST> 6.182401e+01
<STATE> 10
<MEAN> 39
 -9.944267e+00 -2.239848e+01 -1.888996e+01 -3.474785e+00 1.004905e+01 -8.264070e-01 4.593559e+00 -8.626385e+00 6.009320e+00 -6.661643e+00 -3.479218e+00 -2.461187e+00 8.850415e-01 -1.102625e+00 -6.334507e-01 1.010543e-01 -4.869018e-01 -4.085627e-01 -1.591253e-01 -3.437590e-01 7.397234e-01 -1.508468e-01 2.307902e-01 6.441503e-01 8.516706e-02 3.355964e-02 -3.961473e-02 -2.383270e-01 8.565597e-02 -6.755387e-02 -1.692531e-01 -1.736887e-01 1.648895e-01 1.987188e-01 -5.298551e-01 1.553714e-02 -7.561534e-02 2.873605e-01 3.091992e-03
<VARIANCE> 39
 2.207480e+01 5.259521e+00 7.452299e+00 4.835156e+00 1.357404e+01 4.360581e+01 7.409083e+00 2.103681e+01 2.394271e+01 4.876215e+00 6.258055e+00 1.022969e+01 5.000000e-02 2.410539e+00 6.498291e-01 9.049041e-01 1.846668e+00 1.429732e+00 6.168652e-01 3.875815e-01 2.722360e-01 3.705952e-01 3.719642e-01 5.303188e-01 6.131788e-01 5.000000e-02 4.403295e-01 7.749452e-02 1.975149e-01 1.385690e-01 7.597573e-02 1.388049e-01 2.167152e-01 5.991773e-02 5.000000e-02 7.439265e-02 7.355318e-02 8.146762e-02 5.000000e-02
<GCONST> 6.027968e+01
<STATE> 11
<MEAN> 39
 -1.432051e+01 -2.567566e+01 -1.716491e+01 -5.464171e+00 8.664254e+00 -1.493325e+00 5.280612e+00 -6.400663e+00 4.966444e+00 -5.037512e+00 -1.714592e+00 -1.573640e-01 9.787651e-01 2.362070e-01 -9.181313e-01 9.693522e-01 -1.180322e-01 -1.692089e+00 -2.303251e-01 3.608987e-01 1.592207e+00 -1.668054e+00 4.520332e-02 -1.733330e-01 1.148178e+00 1.211837e-02 6.323964e-01 1.672362e-01 1.990989e-01 2.944434e-02 -6.604524e-01 1.026429e-02 3.153498e-01 2.669747e-02 -4.423036e-01 -3.339266e-01 -2.660567e-01 -6.586531e-02 -9.778061e-03
<VARIANCE> 39
 1.524403e+01 2.635262e+00 5.407273e+00 3.999484e+00 2.281396e+01 2.015429e+01 1.567725e+01 1.227626e+01 6.691312e+00 3.423572e+00 6.896914e+00 6.774916e+00 5.000000e-02 3.299764e+00 5.735632e-01 6.328725e-01 4.572804e-01 1.566996e+00 1.986240e+00 1.305068e+00 5.188878e-01 3.045490e-01 6.499867e-01 4.716554e-01 2.342811e-01 5.000000e-02 1.280426e-01 1.215068e-01 1.373743e-01 1.227090e-01 1.186131e-01 1.992065e-01 1.562732e-01 1.530811e-01 1.261279e-01 1.510770e-01 1.154835e-01 1.249484e-01 5.000000e-02
<GCONST> 6.022138e+01
<STATE> 12
<MEAN> 39
 -7.737204e+00 -2.794811e+01 -1.583688e+01 -4.017627e+00 2.055183e+00 -3.061466e+00 7.951139e+00 -1.856814e+00 -3.503277e+00 -8.064538e+00 -4.227909e+00 1.668635e+00 9.677156e-01 1.082638e+00 1.558381e-01 9.311852e-01 -1.591600e-01 -2.986007e+00 -2.436802e-01 1.779959e+00 5.685192e-01 -2.403739e+00 -1.117383e+00 -5.214385e-01 -3.365131e-01 -1.657083e-02 -2.600715e-01 5.315074e-01 1.869742e-01 -4.141218e-01 2.249908e-01 -3.153858e-01 4.115276e-01 -1.627397e-01 3.924615e-01 1.984586e-01 -1.491559e-01 -6.366439e-01 -7.628257e-03
<VARIANCE> 39
 4.375370e+01 1.903639e+01 1.738237e+01 6.621869e+00 2.400878e+01 1.539639e+01 2.017453e+01 1.970985e+01 1.587737e+01 1.100642e+01 9.633644e+00 2.958638e+00 5.000000e-02 1.318479e+00 1.284387e+00 1.107082e+00 1.104044e+00 1.011115e+00 2.652050e+00 1.923893e+00 1.744224e+00 3.997295e-01 4.885251e-01 6.967511e-01 8.981907e-01 5.000000e-02 2.912531e-01 7.289708e-02 1.926180e-01 1.992626e-01 2.372328e-01 4.585409e-01 2.256663e-01 2.934659e-01 3.842792e-01 1.784407e-01 1.684151e-01 7.028352e-02 5.000000e-02
<GCONST> 7.623271e+01
<STATE> 13
<MEAN> 39
 -7.961404e+00 -2.427493e+01 -1.114488e+01 -7.476397e+00 -5.364491e+00 -4.924358e+00 1.338834e+01 1.040818e-01 -5.839426e+00 -7.915974e+00 -6.227649e+00 -2.814128e+00 8.984345e-01 2.382787e-01 1.448331e+00 1.600095e+00 -1.905954e+00 -1.057989e+00 -7.125680e-01 1.341484e+00 9.184568e-01 8.419378e-01 6.066278e-01 -1.582096e+00 -9.398955e-01 -2.785319e-02 -4.896557e-02 1.513316e-01 1.665066e-03 -2.859407e-01 6.341844e-01 3.823889e-02 -7.394593e-01 -1.940538e-01 8.425046e-01 4.508130e-01 -9.712442e-03 5.644095e-01 -4.793708e-03
<VARIANCE> 39
 1.791769e+01 1.872618e+01 1.803859e+01 1.360795e+01 1.968130e+01 1.654007e+01 1.089869e+01 4.306607e+00 2.643017e+01 1.351690e+01 1.100558e+01 8.467309e+00 5.000000e-02 3.971108e-01 1.656796e-01 7.342371e-01 1.347362e+00 1.082439e+00 1.421005e+00 6.697953e-01 4.407286e-01 1.154993e+00 3.997971e-01 4.007370e-01 1.081596e+00 5.000000e-02 1.014763e-01 5.000000e-02 1.398807e-01 2.225709e-01 1.606453e-01 2.061564e-01 1.793602e-01 1.358340e-01 3.204433e-01 1.360244e-01 2.077192e-01 1.793673e-01 5.000000e-02
<GCONST> 6.662758e+01
<STATE> 14
<MEAN> 39
 -7.918077e+00 -1.843859e+01 -7.240645e+00 -1.419835e+01 -5.495335e+00 -5.942977e+00 1.306613e+01 9.050430e-01 -1.625340e+00 -4.709206e+00 -9.201130e+00 -2.033478e-01 7.995861e-01 6.411452e-01 1.117569e+00 1.416382e+00 -1.745434e+00 5.978493e-02 -8.849432e-01 -1.931717e+00 -4.049439e-01 1.620644e+00 1.258202e+00 8.359041e-02 1.103087e+00 -4.348841e-02 7.204066e-02 -2.751124e-01 -1.455709e-01 2.745860e-01 4.008654e-01 -2.018572e-01 -4.240777e-01 -4.045175e-01 1.390224e-01 7.122896e-02 3.344367e-01 1.963870e-01 -9.693056e-04
<VARIANCE> 39
 9.251824e+00 1.392494e+01 8.381846e+00 7.870539e+00 3.029617e+01 4.010038e+01 4.721136e+01 5.537472e+00 1.015050e+01 1.352338e+01 1.752665e+01 8.186590e+00 5.000000e-02 3.341044e-01 4.280747e-01 2.563109e-01 4.843521e-01 4.803208e-01 2.222505e+00 2.048625e+00 5.553749e-01 2.210236e+00 7.756721e-01 7.695383e-01 8.008411e-01 5.000000e-02 5.000000e-02 7.357022e-02 1.212378e-01 1.255820e-01 1.040179e-01 2.482147e-01 8.006197e-01 9.082219e-02 1.769741e-01 8.918240e-02 2.008380e-01 2.251501e-01 5.000000e-02
<GCONST> 6.719981e+01
<STATE> 15
<MEAN> 39
 -5.413229e+00 -1.788472e+01 -4.552860e+00 -1.706438e+01 -3.305564e+00 -1.111929e+01 8.566651e+00 -7.746772e-01 4.825590e+00 -2.129306e+00 -7.997292e+00 1.674335e+00 6.980978e-01 5.759092e-01 2.264371e-01 8.002728e-01 -6.316533e-01 1.326433e+00 -6.277959e-01 -4.185652e-01 -9.011936e-01 1.101007e+00 1.084204e+00 -5.102584e-01 1.008603e+00 -3.486671e-02 1.315871e-01 -5.393594e-01 -8.304906e-02 5.953702e-01 4.890675e-02 6.150885e-01 3.080023e-01 -2.518985e-03 -9.371830e-01 -4.995526e-01 -1.983892e-01 -1.269030e-01 7.278812e-04
<VARIANCE> 39
 8.445478e+00 2.361550e+01 3.979019e+00 1.003185e+01 2.795664e+01 4.016463e+01 3.030167e+01 3.356157e+00 1.391578e+01 7.938114e+00 2.286315e+01 1.339811e+01 5.000000e-02 5.000000e-02 8.205388e-01 7.095738e-01 4.922968e-01 7.695352e-01 1.267241e+00 1.666023e+00 1.509197e+00 1.890719e+00 1.197788e+00 9.085047e-01 3.642061e-01 5.000000e-02 5.000000e-02 9.725881e-02 5.000000e-02 1.317009e-01 1.379312e-01 2.874401e-01 5.071754e-01 2.629472e-01 1.862258e-01 1.017476e-01 6.946905e-02 1.569317e-01 5.000000e-02
<GCONST> 6.603396e+01
<STATE> 16
<MEAN> 39
 -3.746072e+00 -1.895568e+01 -2.141702e+00 -1.745552e+01 -1.105487e-01 -1.018456e+01 9.128520e+00 -4.030083e+00 1.558108e+00 -1.629605e+00 -1.100604e+01 3.522819e+00 6.052979e-01 1.193481e+00 -1.545782e+00 9.171746e-01 9.737622e-01 -1.785480e-01 5.841181e-01 -1.215435e+00 -1.124296e+00 -1.513996e+00 -1.127782e+00 -2.002219e-01 3.329781e-02 -4.263133e-02 3.634522e-02 -3.270205e-01 -3.239335e-01 7.328414e-01 -7.717333e-01 5.521219e-01 -4.988244e-01 3.243965e-01 -1.453644e-01 -5.057820e-01 3.070981e-01 -2.815002e-01 -1.214784e-03
<VARIANCE> 39
 7.669178e+00 3.968781e+00 1.209636e+01 1.135569e+01 7.253197e+00 2.762123e+01 2.154746e+01 1.777681e+01 1.017320e+01 1.419961e+01 2.471747e+01 4.997236e+00 5.000000e-02 1.885916e-01 1.001872e+00 5.063724e-01 2.078747e+00 2.189265e+00 1.935841e+00 2.055440e+00 1.330675e+00 1.532476e+00 1.502294e+00 1.040427e+00 5.877976e-01 5.000000e-02 5.000000e-02 8.922007e-02 1.020061e-01 1.700919e-01 9.424437e-02 2.809783e-01 1.113170e-01 4.097687e-01 4.141697e-01 2.475368e-01 2.693536e-01 8.212312e-02 5.000000e-02
<GCONST> 7.096892e+01
<STATE> 17
<MEAN> 39
 -2.859604e-01 -2.463718e+01 -2.023964e+00 -1.165909e+01 -4.638065e+00 -5.262165e+00 2.669937e+00 -3.925518e+00 2.580236e-01 -4.951674e+00 -9.265453e+00 2.138969e+00 4.971609e-01 6.134073e-01 -9.014912e-01 -9.738416e-01 2.343272e+00 -8.115576e-01 1.425977e+00 -5.129908e-01 7.968010e-01 1.319478e-01 -7.531266e-01 1.010409e+00 -3.694306e-01 -3.741195e-02 -1.589371e-01 3.672975e-01 -4.212587e-01 3.664238e-01 2.613233e-01 -1.923156e-01 7.115308e-01 3.362351e-01 2.289537e-01 2.441143e-01 4.826303e-01 -1.821074e-01 2.804151e-03
<VARIANCE> 39
 3.345941e+00 3.550592e+00 1.610390e+01 1.645744e+01 8.114951e+00 3.459274e+01 1.386049e+01 1.774795e+01 1.657022e+01 1.273341e+01 1.230742e+01 1.029160e+01 5.000000e-02 4.259541e-01 8.605564e-01 6.721158e-01 2.283823e+00 1.096965e+00 1.699001e+00 2.078721e+00 9.594603e-01 6.567457e-01 7.471616e-01 2.150119e+00 3.226875e-01 5.000000e-02 5.000000e-02 2.557895e-01 1.176722e-01 3.629757e-01 2.150831e-01 5.284715e-01 2.829641e-01 2.452548e-01 4.121054e-01 2.562089e-01 1.731637e-01 1.164682e-01 5.000000e-02
<GCONST> 7.323444e+01
<STATE> 18
<MEAN> 39
 7.398794e-01 -2.469438e+01 -6.578196e+00 -2.209917e+00 -4.164141e+00 -3.490567e+00 5.788909e+00 -6.960921e-01 1.062855e+00 -5.883818e+00 -3.190117e+00 3.725789e-01 3.914875e-01 4.548556e-01 5.705882e-01 -8.407691e-01 2.245531e+00 8.444417e-01 -1.098937e-01 4.795576e-01 6.210847e-01 1.606801e-01 1.501376e-02 1.488381e+00 -6.168393e-01 -2.143552e-02 -1.313428e-02 4.339391e-01 3.277959e-01 -6.397577e-01 1.921238e-01 -4.084512e-01 -1.240032e-01 -3.295623e-01 -1.527801e-01 -1.079626e-01 -4.454098e-01 1.236153e-01 5.714416e-03
<VARIANCE> 39
 3.072750e-01 4.605944e+00 2.445598e+01 5.143894e+00 9.425437e+00 1.694547e+01 1.764878e+01 1.517068e+01 1.025620e+01 9.265553e+00 1.440186e+01 5.191711e+00 5.000000e-02 1.494665e-01 8.337917e-01 6.007521e-01 1.960585e+00 4.945223e-01 3.397592e+00 1.773226e+00 2.332411e+00 1.142207e+00 9.280335e-01 1.192590e+00 1.177755e+00 5.000000e-02 5.000000e-02 8.882199e-02 1.457379e-01 1.752966e-01 2.123173e-01 5.103475e-01 1.462034e-01 1.929969e-01 1.348935e-01 9.770279e-02 2.309673e-01 1.162854e-01 5.000000e-02
<GCONST> 6.500137e+01
<STATE> 19
<MEAN> 39
 2.052449e+00 -2.094840e+01 -5.321755e+00 1.074242e-02 -3.344367e+00 -4.509628e+00 5.881557e+00 -3.315237e-01 1.197729e-01 -8.014660e+00 -1.670854e+00 2.469741e-01 3.736013e-01 2.362039e-01 9.263868e-01 -3.435274e-01 1.637179e-01 1.554756e-01 -4.220643e-01 2.170832e-01 -7.523013e-02 -4.075955e-01 -7.998103e-01 -9.209102e-02 7.995895e-02 -1.113952e-02 -1.183615e-01 -1.667879e-02 8.806819e-02 -2.708592e-01 9.709113e-02 1.173166e-01 -1.576089e-01 -1.921898e-01 -1.608149e-01 3.225191e-02 -1.642807e-01 4.122984e-02 -7.491013e-04
<VARIANCE> 39
 1.436787e+00 1.162427e+01 2.189886e+01 3.480250e+00 4.254897e+00 8.874495e+00 4.117268e+00 6.143562e+00 1.265780e+01 1.511067e+01 8.610588e+00 1.630534e+01 5.000000e-02 1.746672e-01 4.972652e-01 6.310775e-01 2.417216e-01 3.990709e-01 1.093587e+00 3.603893e-01 8.635973e-01 2.968960e-01 1.058412e+00 1.442073e+00 1.004811e+00 5.000000e-02 5.000000e-02 1.113091e-01 6.058274e-02 2.822122e-01 7.077267e-02 1.585601e-01 6.200554e-02 2.040552e-01 1.476204e-01 3.475782e-01 2.217772e-01 2.840779e-01 5.000000e-02
<GCONST> 5.593787e+01
<STATE> 20
<MEAN> 39
 2.358115e+00 -1.922412e+01 -7.848594e+00 7.745026e-01 -1.079726e+00 -5.276052e+00 5.938308e+00 -2.231847e+00 -2.135408e+00 -8.920714e+00 -2.481798e+00 4.821162e-01 3.145432e-01 -9.255031e-02 8.083565e-01 1.993598e-01 5.975202e-01 8.254672e-01 -9.921844e-02 -1.004253e+00 -6.658476e-01 -8.547421e-01 4.633684e-01 9.003266e-01 -6.292778e-02 -1.961554e-02 -1.843008e-01 -1.485477e-01 1.675962e-01 -1.631321e-02 8.651884e-03 -6.149910e-02 -3.416362e-01 2.445183e-01 3.127546e-01 5.234420e-01 2.429508e-01 -6.751592e-02 -2.324225e-03
<VARIANCE> 39
 2.779447e+00 3.803833e+00 8.251369e+00 1.049869e+01 2.895208e+00 4.809686e+00 1.487418e+01 1.474329e+01 6.430344e+00 6.143005e+00 9.177287e+00 3.508454e+00 5.000000e-02 1.781021e-01 6.373283e-01 1.170402e+00 1.422539e+00 7.653388e-01 6.646274e-01 1.295342e+00 5.231523e-01 1.384430e+00 1.815423e+00 1.253162e+00 7.997274e-01 5.000000e-02 5.000000e-02 1.484880e-01 4.669434e-01 3.235968e-01 5.634277e-02 1.848096e-01 2.612315e-01 2.523753e-01 1.925268e-01 1.516895e-01 3.054490e-01 8.327732e-02 5.000000e-02
<GCONST> 6.159318e+01
<STATE> 21
<MEAN> 39
 1.483885e+00 -1.829243e+01 -7.103335e+00 1.298458e+00 2.664987e-01 -6.633271e+00 2.334891e+00 -2.220968e+00 -2.067073e+00 -5.170255e+00 1.249471e+00 -4.125129e-01 2.670660e-01 -7.718689e-01 4.651101e-01 4.955737e-01 2.659577e-01 4.841889e-01 -2.561006e-01 -6.812000e-01 6.636950e-01 5.726173e-01 5.539725e-01 4.401509e-01 -1.127863e-01 -2.806445e-02 -1.140678e-01 -4.694107e-03 1.454988e-01 -9.973510e-02 -1.575181e-01 9.294880e-02 2.919352e-01 1.353213e-01 1.702124e-01 -3.308927e-01 -3.397456e-01 1.790754e-01 2.199178e-04
<VARIANCE> 39
 2.750664e+00 2.827044e+00 8.185962e+00 3.135082e+00 7.971271e+00 2.319416e+01 9.240242e+00 1.352621e+01 8.006743e+00 9.139546e+00 9.281193e+00 2.038048e+00 5.000000e-02 1.959826e-01 1.331927e+00 2.573307e+00 8.925128e-01 4.416795e-01 1.170579e+00 1.535334e+00 2.332933e+00 5.107644e-01 3.268287e-01 1.123028e+00 2.239598e-01 5.000000e-02 5.000000e-02 9.521047e-02 1.140321e-01 7.627748e-02 1.234306e-01 3.479554e-01 1.046386e-01 2.412548e-01 3.896867e-01 6.984288e-02 3.030520e-01 6.607313e-02 5.000000e-02
<GCONST> 5.776741e+01
<STATE> 22
<MEAN> 39
 -3.016357e-01 -1.601588e+01 -4.041494e+00 2.117743e+00 1.569391e+00 -6.324828e+00 1.806467e+00 -5.373902e-01 -7.267510e-01 -6.889067e+00 -3.362486e-01 3.942185e-01 2.097925e-01 -2.465272e-01 7.714447e-01 6.516888e-01 -2.135654e-01 3.200483e-01 3.592673e-01 -2.058670e-01 -1.996596e-01 5.333536e-01 -7.401428e-02 -5.080615e-01 2.273588e-01 -1.478927e-02 4.428118e-02 1.511529e-01 -8.342654e-02 -2.413504e-01 -8.415033e-02 2.708493e-01 1.920865e-01 -2.366975e-01 -1.285031e-01 -6.702771e-02 5.735140e-02 -1.056016e-01 -4.625182e-04
<VARIANCE> 39
 3.497423e+00 1.352122e+01 1.418220e+01 6.283994e+00 6.206484e+00 1.217886e+01 6.026794e+00 1.055534e+01 1.037818e+01 6.179053e+00 9.129350e+00 5.402403e+00 5.000000e-02 1.595761e-01 3.578635e-01 5.178211e-01 3.717479e-01 7.654852e-01 2.263683e+00 3.270172e-01 1.152679e+00 2.875763e+00 6.674829e-01 7.631305e-01 2.478165e-01 5.000000e-02 6.196322e-02 2.122679e-01 2.699451e-01 9.308697e-02 1.650814e-01 2.834453e-01 5.000000e-02 3.571500e-01 3.991298e-01 5.350861e-02 2.734972e-01 5.112217e-02 5.000000e-02
<GCONST> 5.840527e+01
<STATE> 23
<MEAN> 39
 -1.249443e+00 -1.304101e+01 -3.673793e+00 -2.215797e-01 1.332383e+00 -4.230125e+00 1.487755e+00 -3.025323e+00 8.859054e-01 -7.331657e+00 -1.469848e+00 -5.733007e-01 1.530016e-01 -7.463802e-01 1.327356e+00 7.175220e-01 -9.190800e-01 4.810707e-02 7.952584e-01 5.937663e-01 -3.477042e-01 -6.279605e-01 -6.322788e-02 7.789837e-01 -2.514282e-01 -3.264517e-02 -1.793151e-01 -4.879040e-02 5.014445e-02 4.161706e-02 7.373294e-02 -8.777265e-02 8.167109e-02 2.052274e-01 -1.060097e-01 2.713569e-01 4.532432e-01 1.810371e-01 -6.764032e-03
<VARIANCE> 39
 2.651330e+00 1.164575e+01 1.415821e+01 3.679416e+00 9.797686e+00 5.320644e+00 1.204808e+01 4.547489e+00 4.780574e+01 4.829053e+00 1.240204e+00 1.208977e+00 5.000000e-02 1.583684e-01 7.740919e-01 4.690319e-01 3.715489e-01 5.257694e-01 3.840493e-01 2.680274e-01 6.402107e-01 2.544105e+00 3.845118e-01 9.062817e-01 3.127159e-01 5.000000e-02 5.000000e-02 1.150549e-01 6.188065e-02 1.253561e-01 1.027713e-01 1.804269e-01 1.131452e-01 1.512447e-01 6.710180e-01 7.367615e-02 6.283633e-02 6.174165e-02 5.000000e-02
<GCONST> 4.875379e+01
<STATE> 24
<MEAN> 39
 -3.452092e+00 -1.108662e+01 -2.026906e+00 -4.928282e-01 3.268240e+00 -2.688410e+00 3.969559e+00 -1.384157e+00 -1.456017e+00 -4.776752e+00 3.513987e+00 1.703856e-01 6.065166e-02 -7.528197e-01 5.720968e-01 3.610993e-01 4.174328e-02 1.785948e-01 1.461204e-01 -3.403420e-01 -5.427897e-02 7.990965e-01 5.353377e-01 7.054156e-01 2.367486e-01 -3.513589e-02 1.512551e-01 -3.004343e-01 -1.868009e-01 1.437708e-01 -2.357161e-01 -3.887064e-01 -4.481343e-01 -8.480823e-02 1.904591e-01 -1.016813e-01 -4.808225e-01 -2.522831e-02 5.590840e-03
<VARIANCE> 39
 4.580752e-01 4.438389e+00 5.384689e+00 4.592046e+00 4.678968e+00 1.098886e+01 5.152582e+00 7.909369e+00 1.319957e+01 1.000939e+01 5.468806e+00 3.879259e+00 5.000000e-02 3.548561e-01 4.209278e-01 3.985831e-01 8.331677e-01 3.826874e-01 8.470688e-01 1.022332e+00 5.685188e-01 9.351909e-01 3.345348e-01 9.530520e-01 2.887961e-01 5.000000e-02 5.000000e-02 5.944287e-02 8.215885e-02 1.276951e-01 5.000000e-02 9.088630e-02 7.178868e-02 8.223082e-02 2.998508e-01 1.232152e-01 1.401149e-01 9.677521e-02 5.000000e-02
<GCONST> 4.656762e+01
<TRANSP> 25
 0.000000e+00 1.000000e+00 0.000000e+00 0.000000e+00 0.000000e+00 0.000000e+00 0.000000e+00 0.000000e+00 0.000000e+00 0.000000e+00 0.000000e+00 0.000000e+00 0.000000e+00 0.000000e+00 0.000000e+00 0.000000e+00 0.000000e+00 0.000000e+00 0.000000e+00 0.000000e+00 0.000000e+00 0.000000e+00 0.000000e+00 0.000000e+00 0.000000e+00
 0.000000e+00 7.199993e-01 2.800007e-01 0.000000e+00 0.000000e+00 0.000000e+00 0.000000e+00 0.000000e+00 0.000000e+00 0.000000e+00 0.000000e+00 0.000000e+00 0.000000e+00 0.000000e+00 0.000000e+00 0.000000e+00 0.000000e+00 0.000000e+00 0.000000e+00 0.000000e+00 0.000000e+00 0.000000e+00 0.000000e+00 0.000000e+00 0.000000e+00
 0.000000e+00 0.000000e+00 6.664752e-01 3.335247e-01 0.000000e+00 0.000000e+00 0.000000e+00 0.000000e+00 0.000000e+00 0.000000e+00 0.000000e+00 0.000000e+00 0.000000e+00 0.000000e+00 0.000000e+00 0.000000e+00 0.000000e+00 0.000000e+00 0.000000e+00 0.000000e+00 0.000000e+00 0.000000e+00 0.000000e+00 0.000000e+00 0.000000e+00
 0.000000e+00 0.000000e+00 0.000000e+00 4.445482e-01 5.554518e-01 0.000000e+00 0.000000e+00 0.000000e+00 0.000000e+00 0.000000e+00 0.000000e+00 0.000000e+00 0.000000e+00 0.000000e+00 0.000000e+00 0.000000e+00 0.000000e+00 0.000000e+00 0.000000e+00 0.000000e+00 0.000000e+00 0.000000e+00 0.000000e+00 0.000000e+00 0.000000e+00
 0.000000e+00 0.000000e+00 0.000000e+00 0.000000e+00 5.832621e-01 4.167380e-01 0.000000e+00 0.000000e+00 0.000000e+00 0.000000e+00 0.000000e+00 0.000000e+00 0.000000e+00 0.000000e+00 0.000000e+00 0.000000e+00 0.000000e+00 0.000000e+00 0.000000e+00 0.000000e+00 0.000000e+00 0.000000e+00 0.000000e+00 0.000000e+00 0.000000e+00
 0.000000e+00 0.000000e+00 0.000000e+00 0.000000e+00 0.000000e+00 5.453981e-01 4.546020e-01 0.000000e+00 0.000000e+00 0.000000e+00 0.000000e+00 0.000000e+00 0.000000e+00 0.000000e+00 0.000000e+00 0.000000e+00 0.000000e+00 0.000000e+00 0.000000e+00 0.000000e+00 0.000000e+00 0.000000e+00 0.000000e+00 0.000000e+00 0.000000e+00
 0.000000e+00 0.000000e+00 0.000000e+00 0.000000e+00 0.000000e+00 0.000000e+00 6.672657e-01 3.327343e-01 0.000000e+00 0.000000e+00 0.000000e+00 0.000000e+00 0.000000e+00 0.000000e+00 0.000000e+00 0.000000e+00 0.000000e+00 0.000000e+00 0.000000e+00 0.000000e+00 0.000000e+00 0.000000e+00 0.000000e+00 0.000000e+00 0.000000e+00
 0.000000e+00 0.000000e+00 0.000000e+00 0.000000e+00 0.000000e+00 0.000000e+00 0.000000e+00 6.140742e-01 3.859259e-01 0.000000e+00 0.000000e+00 0.000000e+00 0.000000e+00 0.000000e+00 0.000000e+00 0.000000e+00 0.000000e+00 0.000000e+00 0.000000e+00 0.000000e+00 0.000000e+00 0.000000e+00 0.000000e+00 0.000000e+00 0.000000e+00
 0.000000e+00 0.000000e+00 0.000000e+00 0.000000e+00 0.000000e+00 0.000000e+00 0.000000e+00 0.000000e+00 6.878985e-01 3.121015e-01 0.000000e+00 0.000000e+00 0.000000e+00 0.000000e+00 0.000000e+00 0.000000e+00 0.000000e+00 0.000000e+00 0.000000e+00 0.000000e+00 0.000000e+00 0.000000e+00 0.000000e+00 0.000000e+00 0.000000e+00
 0.000000e+00 0.000000e+00 0.000000e+00 0.000000e+00 0.000000e+00 0.000000e+00 0.000000e+00 0.000000e+00 0.000000e+00 5.451627e-01 4.548373e-01 0.000000e+00 0.000000e+00 0.000000e+00 0.000000e+00 0.000000e+00 0.000000e+00 0.000000e+00 0.000000e+00 0.000000e+00 0.000000e+00 0.000000e+00 0.000000e+00 0.000000e+00 0.000000e+00
 0.000000e+00 0.000000e+00 0.000000e+00 0.000000e+00 0.000000e+00 0.000000e+00 0.000000e+00 0.000000e+00 0.000000e+00 0.000000e+00 6.155300e-01 3.844700e-01 0.000000e+00 0.000000e+00 0.000000e+00 0.000000e+00 0.000000e+00 0.000000e+00 0.000000e+00 0.000000e+00 0.000000e+00 0.000000e+00 0.000000e+00 0.000000e+00 0.000000e+00
 0.000000e+00 0.000000e+00 0.000000e+00 0.000000e+00 0.000000e+00 0.000000e+00 0.000000e+00 0.000000e+00 0.000000e+00 0.000000e+00 0.000000e+00 6.426774e-01 3.573225e-01 0.000000e+00 0.000000e+00 0.000000e+00 0.000000e+00 0.000000e+00 0.000000e+00 0.000000e+00 0.000000e+00 0.000000e+00 0.000000e+00 0.000000e+00 0.000000e+00
 0.000000e+00 0.000000e+00 0.000000e+00 0.000000e+00 0.000000e+00 0.000000e+00 0.000000e+00 0.000000e+00 0.000000e+00 0.000000e+00 0.000000e+00 0.000000e+00 6.430788e-01 3.569212e-01 0.000000e+00 0.000000e+00 0.000000e+00 0.000000e+00 0.000000e+00 0.000000e+00 0.000000e+00 0.000000e+00 0.000000e+00 0.000000e+00 0.000000e+00
 0.000000e+00 0.000000e+00 0.000000e+00 0.000000e+00 0.000000e+00 0.000000e+00 0.000000e+00 0.000000e+00 0.000000e+00 0.000000e+00 0.000000e+00 0.000000e+00 0.000000e+00 6.425796e-01 3.574204e-01 0.000000e+00 0.000000e+00 0.000000e+00 0.000000e+00 0.000000e+00 0.000000e+00 0.000000e+00 0.000000e+00 0.000000e+00 0.000000e+00
 0.000000e+00 0.000000e+00 0.000000e+00 0.000000e+00 0.000000e+00 0.000000e+00 0.000000e+00 0.000000e+00 0.000000e+00 0.000000e+00 0.000000e+00 0.000000e+00 0.000000e+00 0.000000e+00 5.458952e-01 4.541048e-01 0.000000e+00 0.000000e+00 0.000000e+00 0.000000e+00 0.000000e+00 0.000000e+00 0.000000e+00 0.000000e+00 0.000000e+00
 0.000000e+00 0.000000e+00 0.000000e+00 0.000000e+00 0.000000e+00 0.000000e+00 0.000000e+00 0.000000e+00 0.000000e+00 0.000000e+00 0.000000e+00 0.000000e+00 0.000000e+00 0.000000e+00 0.000000e+00 5.809935e-01 4.190065e-01 0.000000e+00 0.000000e+00 0.000000e+00 0.000000e+00 0.000000e+00 0.000000e+00 0.000000e+00 0.000000e+00
 0.000000e+00 0.000000e+00 0.000000e+00 0.000000e+00 0.000000e+00 0.000000e+00 0.000000e+00 0.000000e+00 0.000000e+00 0.000000e+00 0.000000e+00 0.000000e+00 0.000000e+00 0.000000e+00 0.000000e+00 0.000000e+00 6.875342e-01 3.124658e-01 0.000000e+00 0.000000e+00 0.000000e+00 0.000000e+00 0.000000e+00 0.000000e+00 0.000000e+00
 0.000000e+00 0.000000e+00 0.000000e+00 0.000000e+00 0.000000e+00 0.000000e+00 0.000000e+00 0.000000e+00 0.000000e+00 0.000000e+00 0.000000e+00 0.000000e+00 0.000000e+00 0.000000e+00 0.000000e+00 0.000000e+00 0.000000e+00 6.445455e-01 3.554545e-01 0.000000e+00 0.000000e+00 0.000000e+00 0.000000e+00 0.000000e+00 0.000000e+00
 0.000000e+00 0.000000e+00 0.000000e+00 0.000000e+00 0.000000e+00 0.000000e+00 0.000000e+00 0.000000e+00 0.000000e+00 0.000000e+00 0.000000e+00 0.000000e+00 0.000000e+00 0.000000e+00 0.000000e+00 0.000000e+00 0.000000e+00 0.000000e+00 6.644614e-01 3.355386e-01 0.000000e+00 0.000000e+00 0.000000e+00 0.000000e+00 0.000000e+00
 0.000000e+00 0.000000e+00 0.000000e+00 0.000000e+00 0.000000e+00 0.000000e+00 0.000000e+00 0.000000e+00 0.000000e+00 0.000000e+00 0.000000e+00 0.000000e+00 0.000000e+00 0.000000e+00 0.000000e+00 0.000000e+00 0.000000e+00 0.000000e+00 0.000000e+00 5.873267e-01 4.126733e-01 0.000000e+00 0.000000e+00 0.000000e+00 0.000000e+00
 0.000000e+00 0.000000e+00 0.000000e+00 0.000000e+00 0.000000e+00 0.000000e+00 0.000000e+00 0.000000e+00 0.000000e+00 0.000000e+00 0.000000e+00 0.000000e+00 0.000000e+00 0.000000e+00 0.000000e+00 0.000000e+00 0.000000e+00 0.000000e+00 0.000000e+00 0.000000e+00 5.832055e-01 4.167945e-01 0.000000e+00 0.000000e+00 0.000000e+00
 0.000000e+00 0.000000e+00 0.000000e+00 0.000000e+00 0.000000e+00 0.000000e+00 0.000000e+00 0.000000e+00 0.000000e+00 0.000000e+00 0.000000e+00 0.000000e+00 0.000000e+00 0.000000e+00 0.000000e+00 0.000000e+00 0.000000e+00 0.000000e+00 0.000000e+00 0.000000e+00 0.000000e+00 6.664318e-01 3.335682e-01 0.000000e+00 0.000000e+00
 0.000000e+00 0.000000e+00 0.000000e+00 0.000000e+00 0.000000e+00 0.000000e+00 0.000000e+00 0.000000e+00 0.000000e+00 0.000000e+00 0.000000e+00 0.000000e+00 0.000000e+00 0.000000e+00 0.000000e+00 0.000000e+00 0.000000e+00 0.000000e+00 0.000000e+00 0.000000e+00 0.000000e+00 0.000000e+00 5.452999e-01 4.547000e-01 0.000000e+00
 0.000000e+00 0.000000e+00 0.000000e+00 0.000000e+00 0.000000e+00 0.000000e+00 0.000000e+00 0.000000e+00 0.000000e+00 0.000000e+00 0.000000e+00 0.000000e+00 0.000000e+00 0.000000e+00 0.000000e+00 0.000000e+00 0.000000e+00 0.000000e+00 0.000000e+00 0.000000e+00 0.000000e+00 0.000000e+00 0.000000e+00 6.086456e-01 3.913544e-01
 0.000000e+00 0.000000e+00 0.000000e+00 0.000000e+00 0.000000e+00 0.000000e+00 0.000000e+00 0.000000e+00 0.000000e+00 0.000000e+00 0.000000e+00 0.000000e+00 0.000000e+00 0.000000e+00 0.000000e+00 0.000000e+00 0.000000e+00 0.000000e+00 0.000000e+00 0.000000e+00 0.000000e+00 0.000000e+00 0.000000e+00 0.000000e+00 0.000000e+00
<ENDHMM>
