~o
<STREAMINFO> 1 39
<VECSIZE> 39<NULLD><MFCC_E_D_A><DIAGC>
~h "Tam"
<BEGINHMM>
<NUMSTATES> 28
<STATE> 2
<MEAN> 39
 -7.426453e+00 -7.514330e+00 -6.574266e-02 -9.700055e-01 1.103271e+00 -3.719305e+00 2.194393e+00 -8.073128e-01 -7.225813e-01 -3.343245e+00 1.935726e+00 -2.011471e+00 -7.957583e-02 -1.843074e-01 -2.202347e-01 -2.608829e+00 -1.255322e+00 -8.630971e-01 -9.301977e-01 6.795341e-01 1.759177e-01 5.203868e-01 -1.377244e-02 -9.651509e-02 8.225860e-02 9.655238e-02 -1.590405e-01 -7.752067e-01 -1.676265e+00 -4.446249e-01 -1.112094e-01 -6.854606e-01 6.109508e-01 7.267689e-02 -1.357146e-02 -6.119407e-01 -7.244718e-01 4.084453e-02 6.011415e-02
<VARIANCE> 39
 6.683826e+00 2.546321e+00 8.336728e+00 1.922960e+01 3.216319e+00 7.964464e+00 4.173194e+00 1.001736e+01 3.558218e+00 1.400100e+01 9.978293e+00 6.876575e+00 5.000000e-02 9.982824e-01 7.150778e-01 3.788748e+00 1.201245e+00 1.464296e+00 2.208892e+00 2.666538e+00 1.283241e+00 1.070938e+00 1.919412e+00 1.489273e+00 4.247442e-01 5.000000e-02 2.094246e-01 2.174686e-01 1.027950e-01 2.923940e-01 3.377553e-01 1.491446e-01 1.536273e-01 1.814237e-01 1.198708e-01 4.517505e-01 1.623129e-01 1.056876e-01 5.000000e-02
<GCONST> 6.941589e+01
<STATE> 3
<MEAN> 39
 -6.379752e+00 -9.575561e+00 -9.643730e+00 -5.508683e+00 -3.783679e+00 -6.425203e+00 5.157033e+00 2.345341e+00 4.448915e+00 -4.947831e+00 -5.163895e-01 -1.352293e+00 3.593492e-01 -1.024659e+00 -3.240417e+00 -5.849310e+00 -2.118443e+00 -4.545254e-01 -1.563075e+00 2.022538e+00 6.552881e-01 4.639638e-01 -2.711967e+00 -2.763932e+00 4.647001e-01 2.475818e-01 -2.763636e-01 -8.808876e-01 -5.682066e-03 5.390450e-01 7.706684e-01 6.423963e-01 9.925039e-02 -5.491006e-01 -5.519417e-01 -6.893965e-01 6.079952e-02 9.262297e-02 8.332521e-03
<VARIANCE> 39
 1.185843e+01 1.633816e+01 2.066754e+01 1.396926e+01 2.748867e+01 1.338784e+01 1.514860e+01 1.561526e+01 1.198323e+01 2.040858e+01 2.931213e+01 8.253949e+00 7.005604e-02 1.664344e+00 2.709451e+00 1.152158e+00 1.110776e+00 1.934525e+00 2.370412e+00 1.383423e+00 1.016546e+00 1.451858e+00 3.722365e+00 6.580382e-01 5.922326e-01 5.000000e-02 1.455420e-01 2.287328e-01 6.567481e-01 2.682637e-01 4.378702e-01 1.218531e-01 3.982302e-01 2.493912e-01 3.743754e-01 5.718954e-01 3.966157e-01 1.888203e-01 5.000000e-02
<GCONST> 8.617126e+01
<STATE> 4
<MEAN> 39
 -1.029747e+01 -1.739519e+01 -2.230669e+01 -7.227864e+00 1.470927e+00 -1.036597e+01 1.145914e+01 3.848917e-01 9.110618e-02 -1.186218e+01 -5.360278e+00 -5.602030e-01 8.091828e-01 -4.814160e-01 -3.270173e+00 -3.014385e+00 1.125757e+00 1.025699e+00 1.167362e+00 7.977197e-01 -2.065020e+00 -2.301652e-01 -2.394144e+00 2.259235e-01 1.765083e-01 1.461299e-01 3.831088e-01 2.598718e-01 1.659370e+00 1.022477e+00 2.518985e-01 8.772461e-01 -1.051254e+00 -7.290589e-01 2.280516e-01 7.110592e-01 1.000447e+00 -2.447640e-01 -5.357640e-02
<VARIANCE> 39
 3.910401e+01 2.955377e+01 1.399918e+01 1.951471e+01 3.212435e+01 5.024047e+01 2.878747e+01 2.164382e+01 8.705836e+00 2.658882e+01 4.420773e+00 1.034998e+01 5.000000e-02 2.207918e+00 1.296754e+00 6.272599e+00 2.197205e+00 2.206682e+00 3.395020e+00 4.689218e+00 2.171135e+00 2.648251e+00 2.433916e+00 2.661647e+00 1.983015e+00 5.000000e-02 4.260522e-01 6.875600e-01 1.611291e-01 3.430009e-01 3.799117e-01 4.689803e-01 3.925752e-01 4.243334e-01 3.417131e-01 9.784490e-01 1.194928e-01 1.004912e-01 5.000000e-02
<GCONST> 9.681966e+01
<STATE> 5
<MEAN> 39
 -1.035388e+01 -2.344979e+01 -2.223274e+01 -2.080454e+00 2.293384e+00 -3.870914e+00 6.505355e+00 -6.280015e+00 1.420734e+00 -1.462140e+01 -9.685382e-01 -5.357660e-01 9.363375e-01 4.000420e-01 -1.409607e+00 6.689447e-01 1.678116e+00 1.405585e+00 8.595626e-01 -1.683517e+00 -1.801412e+00 5.425965e-01 7.759225e-01 1.233736e+00 -4.636969e-01 3.114442e-02 6.460129e-02 7.100560e-01 7.050104e-01 -4.070123e-01 -1.999771e-01 -5.091931e-01 -3.480330e-01 6.106709e-01 1.811599e-01 8.346030e-01 -2.499113e-01 -2.235573e-01 -2.479756e-02
<VARIANCE> 39
 1.472368e+01 3.689052e+00 3.100390e+01 3.645552e+00 1.201216e+01 1.390211e+01 1.707028e+01 2.224805e+01 2.128978e+01 7.704830e+00 3.202867e+00 2.963780e+01 5.000000e-02 6.177402e-01 1.231847e+00 3.122166e-01 1.065885e+00 1.028105e+00 7.180782e-01 7.626541e-01 1.151481e+00 1.745915e+00 1.295912e+00 6.926528e-01 7.683148e-01 5.000000e-02 2.232628e-01 8.461498e-02 2.544666e-01 1.959269e-01 2.690253e-01 9.836868e-02 2.783195e-01 2.935747e-01 5.963409e-01 3.944328e-01 1.335642e-01 1.885931e-01 5.000000e-02
<GCONST> 7.226929e+01
<STATE> 6
<MEAN> 39
 -7.725327e+00 -2.395394e+01 -2.124002e+01 7.329751e-01 6.481371e+00 -5.710461e+00 6.886451e+00 -8.445361e+00 2.794672e+00 -9.126295e+00 -1.517014e-01 -2.748310e+00 9.587086e-01 2.058060e-01 -9.082499e-01 7.911590e-01 3.496416e-01 4.388421e-02 6.314174e-02 -1.423204e+00 -4.860923e-01 2.662781e-01 1.335732e+00 -1.065076e-01 -4.894739e-01 1.143290e-02 -9.643225e-02 1.407630e-01 -4.992232e-02 -4.429110e-01 -4.789611e-01 -1.334018e-01 1.360536e-01 5.916263e-01 -9.610765e-02 -2.962145e-01 -3.193867e-01 1.307888e-01 -6.284937e-03
<VARIANCE> 39
 1.501729e+01 5.110620e+00 2.424556e+01 1.876046e+00 8.926593e+00 3.556635e+01 2.398672e+01 1.982958e+01 1.137530e+01 3.091144e+00 3.201821e+00 2.743147e+01 5.000000e-02 9.940239e-02 1.938773e-01 2.644603e-01 3.474339e-01 5.235108e-01 5.277389e-01 2.033654e-01 6.719798e-01 1.366740e+00 8.636380e-01 7.549877e-01 3.164051e-01 5.000000e-02 5.000000e-02 8.341857e-02 5.000000e-02 5.864734e-02 1.592639e-01 2.594383e-01 9.964217e-02 8.945183e-02 3.737830e-01 1.876468e-01 7.813305e-02 6.864832e-02 5.000000e-02
<GCONST> 5.282589e+01
<STATE> 7
<MEAN> 39
 -8.485432e+00 -2.619969e+01 -1.996451e+01 -3.947122e-01 4.276527e+00 -4.311503e+00 2.265893e+00 -8.171951e+00 3.025908e+00 -1.029605e+01 -1.046450e+00 -3.498775e+00 9.785054e-01 -9.809861e-02 -6.062333e-01 5.119680e-01 -1.126086e-01 -2.604701e-01 5.366614e-01 -7.919115e-01 3.717261e-01 6.361458e-01 -3.663211e-01 5.989047e-02 -1.012321e-01 6.599625e-03 1.842521e-03 1.891370e-01 -3.761261e-02 -1.873478e-02 7.167428e-02 1.370144e-01 5.038548e-01 2.949834e-01 1.246813e-01 -4.182470e-01 1.783214e-02 1.797830e-01 -2.761876e-03
<VARIANCE> 39
 1.524195e+01 3.086646e+00 1.206186e+01 5.745213e+00 8.528693e+00 1.792182e+01 1.875719e+01 8.824990e+00 2.970215e+00 7.528225e+00 1.702892e+01 1.474052e+01 5.000000e-02 8.664696e-02 6.225776e-02 3.206483e-01 2.911094e-01 2.753213e-01 2.653343e-01 5.635071e-01 1.692407e-01 7.835336e-01 6.755095e-01 1.025947e+00 3.134700e-01 5.000000e-02 5.000000e-02 5.000000e-02 5.000000e-02 6.510002e-02 9.665337e-02 5.000000e-02 9.280158e-02 5.000000e-02 1.396668e-01 7.525651e-02 9.124309e-02 7.733805e-02 5.000000e-02
<GCONST> 4.328631e+01
<STATE> 8
<MEAN> 39
 -1.032565e+01 -2.744171e+01 -1.676667e+01 -1.219398e+00 3.823514e+00 -1.224044e-01 1.481840e+00 -4.352557e+00 4.767285e+00 -1.217281e+01 1.589509e-01 -2.106179e+00 9.816937e-01 -1.611989e-02 -3.647232e-02 5.866091e-01 1.391268e-01 5.517042e-01 6.766608e-01 2.405749e-01 9.725345e-01 1.403202e-01 -5.591307e-01 2.791003e-03 2.363242e-01 -1.730415e-03 -4.186530e-02 1.504337e-01 -7.410402e-02 4.631075e-02 9.794416e-02 -6.125823e-02 2.180335e-03 8.129597e-02 -3.585880e-01 -5.631534e-02 -6.860387e-02 -2.626630e-02 -2.362598e-03
<VARIANCE> 39
 1.858535e+01 3.043244e+00 1.985272e+01 4.647312e+00 1.091884e+01 2.620191e+01 9.338139e+00 1.545684e+01 8.792852e+00 3.248881e+00 2.194768e+01 1.365669e+01 5.000000e-02 9.614964e-02 1.435359e-01 2.382048e-01 3.999822e-01 5.204844e-01 2.212395e-01 5.314968e-01 2.605166e-01 6.286743e-01 3.831782e-01 3.507805e-01 2.050645e-01 5.000000e-02 5.000000e-02 5.000000e-02 5.250522e-02 7.530132e-02 8.088757e-02 5.000000e-02 1.264367e-01 5.173564e-02 6.299513e-02 5.000000e-02 2.272881e-01 5.000000e-02 5.000000e-02
<GCONST> 4.380319e+01
<STATE> 9
<MEAN> 39
 -9.094167e+00 -2.613051e+01 -1.556966e+01 1.160807e+00 7.223606e+00 5.337783e-01 2.892586e+00 -2.291623e+00 3.896650e+00 -1.335602e+01 -3.057520e-01 -1.339901e+00 9.765300e-01 -2.801965e-01 1.469609e-01 -3.094682e-02 1.892246e-01 9.604763e-02 3.671167e-01 -1.587423e-01 7.381162e-01 -8.375785e-01 -9.597743e-01 -2.959237e-02 -3.505003e-01 -6.818955e-03 -1.049981e-01 -7.176780e-02 -2.603007e-01 -3.294410e-01 -4.356004e-01 -2.692577e-01 2.752819e-02 -2.625956e-01 -4.599706e-02 -2.410607e-03 8.420125e-02 -2.097158e-01 -3.814274e-03
<VARIANCE> 39
 1.854449e+01 1.317156e+00 1.442947e+01 8.611535e+00 2.323797e+01 3.206666e+01 1.852746e+01 1.469124e+01 1.344329e+01 3.091953e+00 1.134555e+01 1.632344e+01 5.000000e-02 3.688472e-01 2.359669e-01 4.014004e-01 4.173603e-01 5.691316e-01 3.481452e-01 2.353084e-01 6.140394e-01 5.632743e-01 2.369973e-01 2.000464e+00 2.190452e-01 5.000000e-02 5.000000e-02 5.000000e-02 6.523193e-02 7.910326e-02 1.746728e-01 5.000000e-02 6.591041e-02 1.475327e-01 1.179528e-01 7.383910e-02 8.694251e-02 7.776725e-02 5.000000e-02
<GCONST> 5.088478e+01
<STATE> 10
<MEAN> 39
 -9.355732e+00 -2.746744e+01 -1.924990e+01 1.492150e-01 5.253673e+00 -3.266385e+00 3.384860e+00 -4.519438e+00 -3.529809e-01 -1.812871e+01 -1.339299e+00 -6.808764e+00 9.445875e-01 -3.150373e-01 1.142830e-01 1.292448e-01 -3.455597e-01 -7.905300e-01 -2.788296e-01 2.709821e-01 -1.564560e-01 -1.777659e-01 -7.173486e-01 6.185645e-02 -4.509638e-01 -1.646348e-02 2.140528e-01 9.876389e-02 8.478880e-02 -2.254124e-01 6.572630e-02 -1.470434e-01 4.351055e-02 -2.780255e-02 4.785752e-01 2.418232e-01 9.514070e-03 2.150681e-01 -1.327032e-03
<VARIANCE> 39
 6.898855e+00 1.615912e+00 1.145144e+01 6.839510e+00 1.914889e+01 3.341010e+01 1.448976e+01 2.463607e+01 1.330624e+01 5.552436e+00 4.528428e+00 2.319513e+01 5.000000e-02 3.287930e-01 5.444725e-01 7.246525e-01 7.648491e-01 8.151546e-01 1.679461e-01 3.096257e-01 1.034881e+00 1.865226e+00 6.314874e-01 4.475862e-01 1.058746e+00 5.000000e-02 5.000000e-02 5.678654e-02 1.119862e-01 1.605863e-01 2.502263e-01 8.930225e-02 8.674467e-02 2.765564e-01 1.981074e-01 5.000000e-02 2.504015e-01 1.188357e-01 5.000000e-02
<GCONST> 5.919442e+01
<STATE> 11
<MEAN> 39
 -1.096277e+01 -2.621970e+01 -1.624686e+01 -2.496690e+00 2.552125e+00 9.291790e-01 2.362045e+00 -3.026779e-01 4.738267e+00 -1.456989e+01 6.748160e-01 -7.852656e-01 9.137936e-01 3.412751e-01 2.104601e-01 -4.514581e-02 -6.045105e-01 -3.672206e-01 -7.148645e-02 -8.368214e-02 2.064422e-01 2.087046e-01 -7.328990e-01 2.528499e-01 -3.555962e-02 -1.506113e-02 2.223274e-01 7.181514e-02 1.449842e-01 2.793911e-01 3.373751e-02 -8.834630e-04 -1.116847e-01 -1.462029e-01 -1.426100e-01 -4.048515e-01 -1.127649e-01 -1.578552e-01 -1.127831e-03
<VARIANCE> 39
 8.351923e+00 3.760804e+00 3.573960e+00 1.322003e+01 1.191556e+01 2.891449e+01 2.202869e+01 2.554473e+01 1.872472e+01 5.634862e+00 4.471610e+00 2.048028e+01 5.000000e-02 4.415889e-01 4.757288e-01 9.312253e-01 1.435128e+00 7.597071e-01 5.839087e-01 3.405850e-01 2.615319e-01 2.191561e+00 1.022450e+00 6.253068e-01 5.858951e-01 5.000000e-02 5.000000e-02 7.531248e-02 1.410496e-01 3.129823e-01 5.000000e-02 1.313384e-01 6.304079e-02 5.000000e-02 3.063091e-01 3.110983e-01 1.613594e-01 9.436318e-02 5.000000e-02
<GCONST> 6.062177e+01
<STATE> 12
<MEAN> 39
 -9.711344e+00 -2.582670e+01 -1.684967e+01 -2.013855e+00 4.316152e+00 -2.400355e+00 2.190672e+00 -3.073565e+00 4.420573e+00 -2.141171e+01 -1.205565e+00 -4.634327e+00 8.911006e-01 8.200821e-01 6.763040e-01 1.161219e-01 -2.263757e-01 -1.048997e-01 -6.533767e-01 -3.253073e-01 2.258151e-01 7.596841e-02 -2.027104e+00 -6.099803e-01 -7.232872e-01 -1.470206e-02 5.863330e-01 4.339943e-02 9.817065e-02 -2.239657e-01 -4.712223e-01 -1.216713e-01 -1.584232e-01 -9.593416e-02 -1.815238e-01 5.428891e-01 -6.326863e-02 1.819145e-01 -6.072676e-03
<VARIANCE> 39
 7.577367e+00 4.210973e+00 8.907768e+00 7.491520e+00 1.361673e+01 4.200599e+01 1.210933e+01 9.698167e+00 4.816140e+01 7.571092e+00 2.687572e+00 2.301534e+01 5.000000e-02 6.790739e-01 2.698165e-01 2.904532e-01 1.373570e+00 4.097826e-01 9.084349e-01 3.513644e-01 6.698024e-01 2.975144e+00 2.396703e+00 1.765623e+00 3.801247e-01 5.000000e-02 7.182153e-02 1.324214e-01 1.275835e-01 9.279092e-02 1.593429e-01 3.571147e-01 5.325675e-02 9.844185e-02 6.760045e-01 5.967054e-01 2.364013e-01 1.469097e-01 5.000000e-02
<GCONST> 6.653001e+01
<STATE> 13
<MEAN> 39
 -4.654839e+00 -2.311091e+01 -1.607870e+01 -2.878431e+00 1.336388e+00 -2.723103e+00 1.944147e+00 -2.102221e+00 2.012588e+00 -2.273236e+01 -1.144255e+00 -5.167342e+00 8.147701e-01 2.981951e+00 -1.998425e-01 1.316420e+00 -1.085823e+00 -2.702733e+00 -5.281386e-01 -1.417954e+00 -9.599454e-01 -6.940797e-01 1.913317e+00 -6.462979e-01 7.335984e-01 -5.069362e-02 2.781397e-01 -5.114448e-01 3.762030e-01 -1.325128e-01 -6.235902e-01 -1.479868e-01 -4.965432e-01 -3.798717e-01 9.559085e-02 8.874450e-01 -5.914488e-01 3.488855e-01 -9.722313e-03
<VARIANCE> 39
 1.341730e+01 6.568048e+00 7.954196e+00 8.993497e+00 2.312546e+01 4.945338e+01 1.147008e+01 2.053143e+01 2.321171e+01 3.699910e+01 1.642416e+01 2.471888e+01 5.000000e-02 5.833049e-01 1.001274e+00 8.082726e-01 2.412974e-01 1.768775e+00 4.212842e+00 9.245396e-01 2.298406e+00 2.454562e+00 2.318624e+00 1.394863e+00 1.762168e+00 5.000000e-02 2.251762e-01 1.178635e-01 1.047809e-01 3.505861e-01 4.049392e-01 5.209775e-01 1.896208e-01 5.619466e-01 4.971752e-01 7.913570e-01 6.552909e-01 2.628297e-01 5.000000e-02
<GCONST> 8.651257e+01
<STATE> 14
<MEAN> 39
 3.020799e+00 -2.664148e+01 -1.085658e+01 -7.045539e+00 -7.136003e+00 -4.557785e+00 -5.137573e+00 -4.424407e+00 2.414458e+00 -1.498052e+01 -5.561677e+00 -2.076778e+00 6.822876e-01 2.118957e+00 -1.066966e+00 1.419163e+00 -8.224321e-01 -2.578521e+00 -1.105463e+00 -2.102288e+00 -1.070439e+00 1.570220e-01 1.641970e+00 -2.805268e+00 6.870702e-01 -5.134925e-02 -7.686374e-01 1.059954e-01 -2.858088e-01 4.549833e-01 7.562289e-01 2.414355e-02 6.385996e-01 3.385098e-01 9.847409e-03 -3.592302e-01 1.807199e-01 -4.144809e-01 9.122533e-03
<VARIANCE> 39
 6.415906e+00 3.477063e+00 1.260122e+01 8.184021e+00 1.144804e+01 4.953351e+00 9.647700e+00 1.768680e+01 6.045007e+00 5.460231e+00 1.172517e+01 5.117014e+00 5.000000e-02 1.160449e+00 5.378415e-01 4.300692e-01 1.077073e+00 3.253788e+00 1.988853e+00 1.583340e+00 3.708110e+00 1.506996e+00 2.388261e+00 1.901596e+00 1.655188e+00 5.000000e-02 1.067440e-01 7.350667e-02 1.394597e-01 6.273581e-02 3.869955e-01 3.917837e-01 2.292953e-01 4.140953e-01 2.410732e-01 2.286389e-01 4.473046e-01 3.624774e-01 5.000000e-02
<GCONST> 7.347831e+01
<STATE> 15
<MEAN> 39
 3.267503e+00 -2.827620e+01 -9.571311e+00 -6.991821e+00 -8.302212e+00 -5.571369e+00 -5.993150e+00 -4.052402e+00 1.673758e+00 -1.413118e+01 -9.443987e+00 -1.902138e+00 6.218573e-01 2.756055e-01 -1.989915e-01 1.102510e-01 8.615258e-01 -1.580606e-01 -4.034616e-01 8.548236e-01 -8.889868e-02 -4.035110e-01 8.759043e-01 5.388504e-02 -3.185450e-01 -2.314848e-02 -5.341051e-01 2.508545e-01 -2.728655e-01 3.556172e-01 5.082318e-01 3.038898e-01 7.843999e-01 1.228210e-01 -1.248869e-01 -1.462625e-01 1.032872e+00 -3.053234e-02 4.817517e-03
<VARIANCE> 39
 4.141324e+00 4.197018e+00 8.635148e+00 6.473695e+00 1.080484e+01 8.225060e+00 9.755989e+00 3.892710e+01 5.249614e+00 1.268705e+01 1.052383e+01 1.248355e+01 5.000000e-02 6.418238e-01 2.036862e-01 1.093679e+00 7.801329e-01 1.601030e+00 5.061904e-01 5.788332e-01 1.549169e+00 1.170490e+00 1.101676e+00 1.876731e+00 1.116942e+00 5.000000e-02 1.327316e-01 7.469884e-02 1.344570e-01 2.561610e-01 2.553745e-01 1.868428e-01 1.761526e-01 9.045081e-01 1.626767e-01 4.911595e-01 5.860888e-01 3.658625e-01 5.000000e-02
<GCONST> 7.062613e+01
<STATE> 16
<MEAN> 39
 4.258049e+00 -2.623767e+01 -1.014660e+01 -3.719060e+00 -8.754522e+00 -6.796401e+00 -1.443593e+00 -5.999638e+00 -3.328018e-01 -1.304805e+01 -6.275072e+00 -2.999482e+00 5.744200e-01 -5.422814e-01 3.656375e-02 4.401921e-01 -4.158420e-02 -1.171719e-01 -9.666009e-02 6.307850e-01 6.529828e-01 1.886656e-01 1.034491e+00 1.603176e+00 3.065205e-01 -2.333152e-02 -4.176911e-01 -4.674740e-02 -1.401792e-01 -2.681058e-01 4.839253e-01 1.789547e-01 -3.657807e-01 5.624830e-01 3.544036e-01 -1.116798e-01 2.997660e-01 3.910149e-01 -1.202226e-03
<VARIANCE> 39
 4.977002e+00 9.858231e+00 2.800737e+00 8.791070e+00 9.669774e+00 8.395942e+00 7.053722e+00 1.501531e+01 6.673079e+00 1.971009e+01 1.213081e+01 2.575080e+01 5.000000e-02 1.984846e-01 4.077250e-01 4.269059e-01 1.393886e+00 1.176493e+00 3.836077e-01 1.897601e+00 2.272574e+00 6.240770e-01 3.368378e+00 2.179249e+00 1.905573e+00 5.000000e-02 7.507145e-02 5.000000e-02 9.242251e-02 1.681156e-01 1.996538e-01 1.611158e-01 5.000000e-02 2.468729e-01 1.367714e-01 6.664886e-01 2.706007e-01 6.588145e-01 5.000000e-02
<GCONST> 6.756832e+01
<STATE> 17
<MEAN> 39
 1.412466e+00 -2.796628e+01 -8.785481e+00 -5.421821e+00 -8.172943e+00 -5.651995e+00 -2.041981e+00 -3.728525e+00 3.489856e+00 -8.448686e+00 -1.744312e+00 -1.880425e-01 5.120525e-01 -9.774373e-01 -1.972128e-01 -4.230582e-01 4.106808e-01 1.869600e+00 4.781662e-01 1.982640e-02 1.392518e+00 3.101049e-01 2.386144e-01 1.009355e+00 1.475328e+00 -3.647342e-02 1.756771e-01 5.865473e-02 -3.443777e-01 5.968144e-01 6.975746e-01 1.493795e-01 1.334280e-01 1.953498e-02 -3.709661e-01 -5.877786e-01 -6.317227e-01 6.510869e-03 -1.577481e-03
<VARIANCE> 39
 7.596904e+00 2.009797e+01 6.970055e-01 1.307225e+01 3.500250e+01 1.584432e+01 1.052772e+01 3.133249e+00 8.279263e+00 2.664987e+01 1.284506e+01 2.463715e+01 5.000000e-02 1.059615e-01 2.268291e-01 3.443181e-01 1.449642e+00 2.423902e+00 1.431877e+00 7.476553e-01 3.001601e-01 6.470718e-01 1.481122e+00 1.311370e+00 4.862737e+00 5.000000e-02 5.000000e-02 1.705514e-01 1.926812e-01 2.045989e-01 4.627671e-01 8.508644e-02 1.618684e-01 9.968808e-02 3.139999e-01 6.641090e-01 3.404329e-01 6.956323e-01 5.000000e-02
<GCONST> 6.966581e+01
<STATE> 18
<MEAN> 39
 8.409439e-01 -2.776137e+01 -1.189835e+01 -1.715802e+00 -1.569465e+00 -4.802010e+00 -8.680969e-01 8.102336e-01 2.106067e+00 -1.130089e+01 -3.035202e+00 2.822737e+00 4.290595e-01 -2.162632e-01 -1.458889e-01 -9.870577e-01 1.894198e+00 1.953107e+00 2.347382e-01 1.167861e+00 2.165558e-01 -1.012748e+00 -6.848420e-01 2.438873e-01 5.044847e-01 -3.157503e-02 3.329709e-01 2.757812e-01 1.481983e-01 1.310369e-01 -3.301226e-01 -2.014907e-01 1.182133e-01 -5.473890e-01 -3.076701e-01 1.818656e-01 -7.909362e-02 -4.726439e-01 4.389535e-03
<VARIANCE> 39
 2.134911e+00 5.219238e+00 2.848900e+00 1.967847e+01 3.155806e+01 8.979259e+00 1.978633e+01 4.206510e+00 1.300902e+00 5.221459e+00 4.858620e+00 1.965482e+01 5.000000e-02 1.315709e-01 6.048512e-01 7.507536e-01 7.305955e-01 2.425500e+00 5.914510e-01 6.227022e-01 1.294747e+00 1.364642e+00 1.419458e+00 7.925592e-01 2.373461e+00 5.000000e-02 5.000000e-02 8.796765e-02 7.923464e-02 3.352632e-01 6.321671e-01 3.346177e-01 2.687317e-01 5.000000e-02 1.821781e-01 1.801925e-01 1.703502e-01 7.339698e-01 5.000000e-02
<GCONST> 6.356395e+01
<STATE> 19
<MEAN> 39
 3.330154e-01 -2.799821e+01 -1.218190e+01 1.934276e+00 7.994871e-01 -4.251650e+00 1.921220e+00 -2.970925e+00 -2.293910e+00 -1.076786e+01 -1.347501e+00 -4.041361e-01 3.958365e-01 5.898657e-01 1.324206e+00 5.102217e-01 1.094398e+00 1.003607e+00 6.448318e-02 1.638137e-01 -1.734547e-01 -7.877894e-01 4.690313e-01 -7.044969e-02 -1.116912e-02 -1.661684e-02 1.096559e-01 2.080939e-01 2.695871e-01 -3.656310e-01 -4.330747e-01 -1.897877e-01 -2.810585e-01 2.496847e-02 3.151239e-01 3.091725e-01 -8.222750e-02 4.814056e-01 3.614926e-03
<VARIANCE> 39
 2.082523e+00 5.336407e+00 1.286482e+01 9.723189e+00 1.522748e+01 2.141730e+01 7.653458e+00 4.808527e+00 5.996916e+00 6.878439e+00 5.706183e+00 1.350297e+01 5.000000e-02 8.230045e-02 3.128591e-01 4.823916e-01 6.460758e-01 1.642676e+00 1.422258e+00 4.653859e-01 1.081425e+00 2.050069e+00 3.459212e-01 6.890407e-01 3.050746e+00 5.000000e-02 5.000000e-02 9.954219e-02 1.239559e-01 1.421261e-01 2.975026e-01 2.431885e-01 2.050220e-01 9.788214e-02 3.407152e-01 6.551362e-02 5.000000e-02 3.804947e-01 5.000000e-02
<GCONST> 5.947924e+01
<STATE> 20
<MEAN> 39
 2.403973e+00 -2.357110e+01 -9.453428e+00 2.996327e+00 1.226729e+00 -5.090280e+00 5.874047e-01 -1.540779e+00 -8.502746e-01 -1.055377e+01 -1.813645e+00 3.815895e+00 3.743668e-01 2.477598e-01 8.359505e-01 1.377932e-01 3.771376e-01 2.193953e-01 -6.797289e-01 1.268146e-01 -1.156894e-01 -1.129589e-01 6.336325e-01 7.786134e-04 1.081106e+00 -1.893418e-02 -3.072965e-01 -4.238351e-01 -2.503406e-01 -2.806494e-01 -1.190896e-01 1.241611e-01 7.689901e-02 1.119770e-01 -1.808138e-02 -5.046628e-02 1.032222e-01 -2.025979e-01 -6.884518e-04
<VARIANCE> 39
 2.247725e+00 4.767914e+00 1.111049e+01 6.952460e+00 3.448948e+00 9.880739e+00 5.575356e+00 1.023705e+01 1.926042e+01 7.394635e+00 4.566114e+00 6.144954e+00 5.000000e-02 9.920518e-02 3.966292e-01 3.135173e-01 5.196117e-01 2.397533e+00 1.382314e+00 7.691038e-01 3.818177e-01 1.717763e+00 8.129596e-01 4.647184e-01 3.298872e+00 5.000000e-02 5.000000e-02 5.724464e-02 5.097404e-02 5.000000e-02 2.516879e-01 2.828835e-01 7.701730e-02 2.438953e-01 4.111820e-01 1.149300e-01 5.000000e-02 3.594840e-01 5.000000e-02
<GCONST> 5.544279e+01
<STATE> 21
<MEAN> 39
 1.433756e+00 -2.382743e+01 -1.158749e+01 2.392035e+00 1.067763e+00 -7.092253e+00 1.631446e+00 -1.075192e+00 -2.439097e+00 -8.782819e+00 -1.116541e+00 3.825598e+00 3.212918e-01 -7.626668e-01 -5.788832e-01 -7.348302e-01 1.932623e-02 6.057994e-01 4.947924e-01 5.636881e-01 7.419651e-01 -3.566191e-01 3.306836e-01 4.376397e-01 -1.453265e-01 -1.811732e-02 -1.421260e-01 -1.672308e-01 -8.822738e-02 -1.322784e-02 1.385648e-01 1.998525e-01 -7.322595e-03 1.089148e-01 2.283728e-01 -3.683228e-01 -9.289029e-02 -2.554459e-01 2.533138e-03
<VARIANCE> 39
 1.325145e+00 4.645023e+00 1.177953e+01 3.642639e+00 7.627633e+00 1.466896e+00 2.316386e+00 7.947263e+00 1.618506e+01 4.248867e+00 1.216716e+01 1.684849e+01 5.000000e-02 6.446081e-02 1.470843e-01 4.359044e-01 5.176604e-01 7.577707e-01 1.810431e-01 8.948931e-01 9.440922e-01 1.177656e+00 1.379697e+00 9.884418e-01 9.656462e-01 5.000000e-02 5.000000e-02 1.043434e-01 9.826603e-02 5.026156e-02 2.918554e-01 1.577735e-01 6.027969e-02 1.351222e-01 4.839813e-01 9.381033e-02 1.893079e-01 4.550213e-01 5.000000e-02
<GCONST> 5.128572e+01
<STATE> 22
<MEAN> 39
 6.021186e-02 -2.419214e+01 -1.260559e+01 2.758373e+00 3.962169e+00 -3.733060e+00 1.858991e+00 -1.529821e+00 -3.025177e+00 -1.091832e+01 -8.312345e-01 3.173010e+00 2.747828e-01 -2.704581e-02 8.100812e-01 5.079976e-01 3.179801e-01 3.418439e-01 -3.055826e-01 -1.923427e-01 8.689953e-02 4.577846e-01 2.449728e-01 4.726357e-01 -6.541739e-01 -1.284950e-02 1.027141e-01 2.028731e-01 2.083732e-01 3.743518e-02 -2.353133e-01 -2.608274e-01 -1.194222e-01 4.956022e-02 2.278613e-01 3.438196e-01 -5.511507e-02 -1.938785e-01 -1.357891e-03
<VARIANCE> 39
 2.333083e+00 1.309653e+01 1.286461e+01 4.089405e+00 3.111706e+00 6.230204e+00 1.486562e+01 1.110202e+01 8.727115e+00 1.519769e+01 1.029416e+01 9.534489e+00 5.000000e-02 2.725627e-01 1.259795e+00 1.283183e+00 2.238020e-01 1.239589e+00 9.543473e-01 8.819163e-01 1.381518e+00 1.670083e+00 2.457821e+00 3.542306e-01 1.320094e+00 5.000000e-02 5.000000e-02 1.913438e-01 1.514187e-01 6.885214e-02 1.566416e-01 1.157951e-01 1.891291e-01 2.589434e-01 1.269443e-01 4.188523e-01 9.467706e-02 2.154787e-01 5.000000e-02
<GCONST> 6.325274e+01
<STATE> 23
<MEAN> 39
 -4.246230e-01 -2.377559e+01 -1.236208e+01 3.887707e+00 2.682657e+00 -7.900039e+00 2.192796e+00 2.959080e+00 2.097055e+00 -6.171456e+00 6.338871e-01 1.071622e+00 2.519709e-01 -3.222500e-01 2.049221e-01 3.371415e-02 3.292957e-02 2.642041e-01 -6.687813e-02 -1.129887e-01 2.833535e-01 2.924213e-01 4.364780e-02 -3.546688e-01 -2.035519e-01 -1.703664e-02 7.275875e-02 2.432914e-01 2.250031e-01 -2.188665e-01 8.245450e-02 3.100664e-01 -1.171242e-01 -6.766679e-01 -6.223531e-01 -3.488817e-01 -1.103060e-02 3.258842e-01 1.517746e-04
<VARIANCE> 39
 1.633537e+00 4.676931e+00 5.248650e+00 3.492857e+00 9.813936e+00 6.308179e+00 5.459421e+00 6.622892e+00 3.430637e+00 1.503465e+01 8.694574e+00 6.073339e+00 5.000000e-02 7.643497e-02 1.794981e-01 5.562262e-01 6.181584e-01 3.579128e-01 1.141489e+00 7.514693e-01 9.342370e-01 1.182672e+00 2.398382e+00 8.509201e-01 2.783521e-01 5.000000e-02 1.380497e-01 2.931377e-01 4.905990e-01 1.110052e-01 1.638342e-01 2.445015e-01 1.441064e-01 9.103051e-02 1.239624e-01 3.207687e-01 2.710937e-01 7.694514e-02 5.000000e-02
<GCONST> 5.548869e+01
<STATE> 24
<MEAN> 39
 -4.467874e-01 -2.116657e+01 -9.227601e+00 4.457208e+00 4.944951e+00 -4.752813e+00 9.086655e-01 -1.117053e+00 -1.497365e+00 -9.903450e+00 -5.867969e-01 1.529725e+00 2.288152e-01 -2.632687e-01 1.015815e+00 8.090117e-01 -4.047971e-02 -1.799540e-02 1.572059e-01 -2.932743e-01 -1.178380e+00 -5.914468e-01 -4.006180e-01 4.155951e-01 3.256155e-01 -1.717315e-02 -2.188797e-01 2.112476e-01 9.181228e-02 -3.218441e-01 -2.439824e-01 -5.426790e-03 1.249203e-01 -9.291013e-02 7.555403e-03 1.263784e-01 9.838739e-02 -8.407470e-03 -7.385029e-03
<VARIANCE> 39
 2.259498e+00 5.684889e+00 1.095184e+01 6.328285e+00 4.024129e+00 1.088603e+01 8.715074e+00 1.063106e+01 1.256406e+01 1.207677e+01 9.987338e+00 5.936159e+00 5.000000e-02 9.414988e-01 1.156925e+00 1.514359e+00 1.282652e+00 7.981045e-01 1.732028e+00 9.337297e-01 1.043045e+00 1.081483e+00 2.635504e+00 1.882919e+00 2.591629e-01 5.000000e-02 1.010072e-01 9.024247e-02 1.800926e-01 3.262827e-01 1.417635e-01 1.887026e-01 1.022496e-01 2.305171e-01 1.513751e-01 8.362645e-01 2.935143e-01 1.127828e-01 5.000000e-02
<GCONST> 6.789533e+01
<STATE> 25
<MEAN> 39
 -1.568341e+00 -1.742032e+01 -7.724497e+00 2.042925e+00 2.147515e+00 -6.884747e+00 4.409329e-01 -4.470380e+00 -2.385858e+00 -6.788346e+00 1.514507e+00 7.803003e-01 1.252653e-01 -9.367460e-01 1.209714e+00 8.188428e-01 -8.477494e-01 -5.330057e-01 -2.191979e-01 1.106555e-01 2.833520e-02 2.532291e-01 6.323477e-01 -1.759035e-01 7.281073e-02 -4.124903e-02 -2.032869e-01 3.842423e-02 -2.626608e-02 -2.323486e-02 1.689493e-01 6.957547e-02 7.580004e-02 7.613942e-01 3.210320e-01 -4.331349e-03 1.259675e-02 1.370905e-01 -7.547743e-03
<VARIANCE> 39
 1.146094e+01 6.766236e+00 1.379549e+01 8.409003e+00 4.508631e+00 1.893496e+01 7.036449e+00 7.769902e+00 3.272135e+00 1.095468e+01 6.474181e+00 2.900534e+00 5.000000e-02 9.052430e-01 5.779943e-01 1.150022e+00 1.882771e+00 6.331571e-01 4.427752e-01 6.500955e-01 1.587957e+00 7.369883e-01 7.201916e-01 2.267380e-01 4.133509e-01 5.000000e-02 3.010708e-01 1.755734e-01 2.518091e-01 2.263992e-01 1.401113e-01 4.324707e-01 2.584335e-01 1.426866e-01 8.617283e-02 4.457210e-01 2.269507e-01 1.084612e-01 5.000000e-02
<GCONST> 6.376657e+01
<STATE> 26
<MEAN> 39
 -4.738223e+00 -1.551767e+01 -6.869503e+00 -2.125960e-01 2.770081e+00 -5.380071e+00 1.397048e+00 -4.399915e-01 -7.903663e-01 -8.097223e+00 -4.627744e-01 1.887805e+00 3.296390e-02 -1.120883e+00 1.540359e+00 7.554224e-01 -1.031614e+00 3.543531e-01 8.594619e-01 2.381950e-01 1.277168e+00 4.308169e-01 7.038159e-01 5.091087e-01 1.350307e-01 -6.097638e-02 1.605701e-01 -2.791385e-01 -1.528038e-01 2.639306e-01 2.734049e-01 1.131369e-01 4.121858e-02 -4.220045e-02 4.790992e-02 1.277398e-01 1.449120e-01 -3.803172e-02 3.456658e-03
<VARIANCE> 39
 4.422649e+00 7.892068e+00 2.899627e+00 7.815235e+00 5.260559e+00 9.683859e+00 1.208031e+01 1.033101e+01 1.250380e+01 5.242282e+00 4.471679e+00 4.683306e+00 5.000000e-02 1.026519e+00 3.413105e-01 4.884366e-01 2.266546e-01 1.648562e+00 9.762950e-01 1.235269e+00 4.543190e-01 3.163908e-01 2.335650e+00 8.865597e-01 1.385882e+00 5.000000e-02 1.421593e-01 9.511485e-02 9.587748e-02 1.174769e-01 1.475451e-01 5.996602e-02 2.873267e-01 3.162262e-01 2.875721e-01 1.905603e-01 6.115172e-02 1.006594e-01 5.000000e-02
<GCONST> 5.798709e+01
<STATE> 27
<MEAN> 39
 -5.435726e+00 -1.258679e+01 -3.996983e+00 7.813805e-01 3.740687e+00 -5.473805e+00 1.684502e+00 1.649547e+00 1.181078e+00 -5.090580e+00 4.145591e+00 3.467808e+00 -4.814398e-02 -6.073566e-01 9.542052e-02 3.156235e-02 3.929602e-02 2.929987e-01 2.392213e-01 5.702669e-01 4.111197e-01 8.345383e-01 9.342967e-01 3.146149e-01 -1.093016e-01 -2.624601e-02 2.153104e-01 -4.130817e-01 -3.182737e-01 1.495735e-01 -9.080288e-02 -9.751715e-02 -4.745201e-02 -3.670321e-01 -1.124079e-01 -1.453287e-01 -2.138370e-01 -1.621708e-01 1.421817e-02
<VARIANCE> 39
 1.921058e+00 2.401717e+00 5.117257e+00 4.650437e+00 1.265127e+01 5.820796e+00 8.015273e+00 4.611400e+00 1.030101e+01 5.364336e+00 8.196660e+00 1.218107e+01 5.000000e-02 2.238000e-01 5.748428e-01 7.120312e-01 2.795310e-01 6.190645e-01 5.350752e-01 1.034106e+00 1.514944e+00 2.499865e+00 6.738592e-01 2.956015e-01 3.396134e-01 5.000000e-02 6.551502e-02 7.604622e-02 8.179700e-02 6.801567e-02 3.149654e-01 2.096033e-01 1.635325e-01 6.245718e-02 3.156807e-01 3.878068e-01 2.539397e-01 2.735292e-01 5.000000e-02
<GCONST> 5.525270e+01
<TRANSP> 28
 0.000000e+00 1.000000e+00 0.000000e+00 0.000000e+00 0.000000e+00 0.000000e+00 0.000000e+00 0.000000e+00 0.000000e+00 0.000000e+00 0.000000e+00 0.000000e+00 0.000000e+00 0.000000e+00 0.000000e+00 0.000000e+00 0.000000e+00 0.000000e+00 0.000000e+00 0.000000e+00 0.000000e+00 0.000000e+00 0.000000e+00 0.000000e+00 0.000000e+00 0.000000e+00 0.000000e+00 0.000000e+00
 0.000000e+00 6.156933e-01 3.843068e-01 0.000000e+00 0.000000e+00 0.000000e+00 0.000000e+00 0.000000e+00 0.000000e+00 0.000000e+00 0.000000e+00 0.000000e+00 0.000000e+00 0.000000e+00 0.000000e+00 0.000000e+00 0.000000e+00 0.000000e+00 0.000000e+00 0.000000e+00 0.000000e+00 0.000000e+00 0.000000e+00 0.000000e+00 0.000000e+00 0.000000e+00 0.000000e+00 0.000000e+00
 0.000000e+00 0.000000e+00 2.857137e-01 7.142863e-01 0.000000e+00 0.000000e+00 0.000000e+00 0.000000e+00 0.000000e+00 0.000000e+00 0.000000e+00 0.000000e+00 0.000000e+00 0.000000e+00 0.000000e+00 0.000000e+00 0.000000e+00 0.000000e+00 0.000000e+00 0.000000e+00 0.000000e+00 0.000000e+00 0.000000e+00 0.000000e+00 0.000000e+00 0.000000e+00 0.000000e+00 0.000000e+00
 0.000000e+00 0.000000e+00 0.000000e+00 6.153539e-01 3.846462e-01 0.000000e+00 0.000000e+00 0.000000e+00 0.000000e+00 0.000000e+00 0.000000e+00 0.000000e+00 0.000000e+00 0.000000e+00 0.000000e+00 0.000000e+00 0.000000e+00 0.000000e+00 0.000000e+00 0.000000e+00 0.000000e+00 0.000000e+00 0.000000e+00 0.000000e+00 0.000000e+00 0.000000e+00 0.000000e+00 0.000000e+00
 0.000000e+00 0.000000e+00 0.000000e+00 0.000000e+00 4.445214e-01 5.554786e-01 0.000000e+00 0.000000e+00 0.000000e+00 0.000000e+00 0.000000e+00 0.000000e+00 0.000000e+00 0.000000e+00 0.000000e+00 0.000000e+00 0.000000e+00 0.000000e+00 0.000000e+00 0.000000e+00 0.000000e+00 0.000000e+00 0.000000e+00 0.000000e+00 0.000000e+00 0.000000e+00 0.000000e+00 0.000000e+00
 0.000000e+00 0.000000e+00 0.000000e+00 0.000000e+00 0.000000e+00 4.444982e-01 5.555019e-01 0.000000e+00 0.000000e+00 0.000000e+00 0.000000e+00 0.000000e+00 0.000000e+00 0.000000e+00 0.000000e+00 0.000000e+00 0.000000e+00 0.000000e+00 0.000000e+00 0.000000e+00 0.000000e+00 0.000000e+00 0.000000e+00 0.000000e+00 0.000000e+00 0.000000e+00 0.000000e+00 0.000000e+00
 0.000000e+00 0.000000e+00 0.000000e+00 0.000000e+00 0.000000e+00 0.000000e+00 5.818243e-01 4.181757e-01 0.000000e+00 0.000000e+00 0.000000e+00 0.000000e+00 0.000000e+00 0.000000e+00 0.000000e+00 0.000000e+00 0.000000e+00 0.000000e+00 0.000000e+00 0.000000e+00 0.000000e+00 0.000000e+00 0.000000e+00 0.000000e+00 0.000000e+00 0.000000e+00 0.000000e+00 0.000000e+00
 0.000000e+00 0.000000e+00 0.000000e+00 0.000000e+00 0.000000e+00 0.000000e+00 0.000000e+00 6.887380e-01 3.112620e-01 0.000000e+00 0.000000e+00 0.000000e+00 0.000000e+00 0.000000e+00 0.000000e+00 0.000000e+00 0.000000e+00 0.000000e+00 0.000000e+00 0.000000e+00 0.000000e+00 0.000000e+00 0.000000e+00 0.000000e+00 0.000000e+00 0.000000e+00 0.000000e+00 0.000000e+00
 0.000000e+00 0.000000e+00 0.000000e+00 0.000000e+00 0.000000e+00 0.000000e+00 0.000000e+00 0.000000e+00 4.989108e-01 5.010892e-01 0.000000e+00 0.000000e+00 0.000000e+00 0.000000e+00 0.000000e+00 0.000000e+00 0.000000e+00 0.000000e+00 0.000000e+00 0.000000e+00 0.000000e+00 0.000000e+00 0.000000e+00 0.000000e+00 0.000000e+00 0.000000e+00 0.000000e+00 0.000000e+00
 0.000000e+00 0.000000e+00 0.000000e+00 0.000000e+00 0.000000e+00 0.000000e+00 0.000000e+00 0.000000e+00 0.000000e+00 4.488706e-01 5.511295e-01 0.000000e+00 0.000000e+00 0.000000e+00 0.000000e+00 0.000000e+00 0.000000e+00 0.000000e+00 0.000000e+00 0.000000e+00 0.000000e+00 0.000000e+00 0.000000e+00 0.000000e+00 0.000000e+00 0.000000e+00 0.000000e+00 0.000000e+00
 0.000000e+00 0.000000e+00 0.000000e+00 0.000000e+00 0.000000e+00 0.000000e+00 0.000000e+00 0.000000e+00 0.000000e+00 0.000000e+00 6.149747e-01 3.850253e-01 0.000000e+00 0.000000e+00 0.000000e+00 0.000000e+00 0.000000e+00 0.000000e+00 0.000000e+00 0.000000e+00 0.000000e+00 0.000000e+00 0.000000e+00 0.000000e+00 0.000000e+00 0.000000e+00 0.000000e+00 0.000000e+00
 0.000000e+00 0.000000e+00 0.000000e+00 0.000000e+00 0.000000e+00 0.000000e+00 0.000000e+00 0.000000e+00 0.000000e+00 0.000000e+00 0.000000e+00 5.813224e-01 4.186777e-01 0.000000e+00 0.000000e+00 0.000000e+00 0.000000e+00 0.000000e+00 0.000000e+00 0.000000e+00 0.000000e+00 0.000000e+00 0.000000e+00 0.000000e+00 0.000000e+00 0.000000e+00 0.000000e+00 0.000000e+00
 0.000000e+00 0.000000e+00 0.000000e+00 0.000000e+00 0.000000e+00 0.000000e+00 0.000000e+00 0.000000e+00 0.000000e+00 0.000000e+00 0.000000e+00 0.000000e+00 5.837070e-01 4.162930e-01 0.000000e+00 0.000000e+00 0.000000e+00 0.000000e+00 0.000000e+00 0.000000e+00 0.000000e+00 0.000000e+00 0.000000e+00 0.000000e+00 0.000000e+00 0.000000e+00 0.000000e+00 0.000000e+00
 0.000000e+00 0.000000e+00 0.000000e+00 0.000000e+00 0.000000e+00 0.000000e+00 0.000000e+00 0.000000e+00 0.000000e+00 0.000000e+00 0.000000e+00 0.000000e+00 0.000000e+00 4.438780e-01 5.561221e-01 0.000000e+00 0.000000e+00 0.000000e+00 0.000000e+00 0.000000e+00 0.000000e+00 0.000000e+00 0.000000e+00 0.000000e+00 0.000000e+00 0.000000e+00 0.000000e+00 0.000000e+00
 0.000000e+00 0.000000e+00 0.000000e+00 0.000000e+00 0.000000e+00 0.000000e+00 0.000000e+00 0.000000e+00 0.000000e+00 0.000000e+00 0.000000e+00 0.000000e+00 0.000000e+00 0.000000e+00 5.453708e-01 4.546292e-01 0.000000e+00 0.000000e+00 0.000000e+00 0.000000e+00 0.000000e+00 0.000000e+00 0.000000e+00 0.000000e+00 0.000000e+00 0.000000e+00 0.000000e+00 0.000000e+00
 0.000000e+00 0.000000e+00 0.000000e+00 0.000000e+00 0.000000e+00 0.000000e+00 0.000000e+00 0.000000e+00 0.000000e+00 0.000000e+00 0.000000e+00 0.000000e+00 0.000000e+00 0.000000e+00 0.000000e+00 5.832198e-01 4.167803e-01 0.000000e+00 0.000000e+00 0.000000e+00 0.000000e+00 0.000000e+00 0.000000e+00 0.000000e+00 0.000000e+00 0.000000e+00 0.000000e+00 0.000000e+00
 0.000000e+00 0.000000e+00 0.000000e+00 0.000000e+00 0.000000e+00 0.000000e+00 0.000000e+00 0.000000e+00 0.000000e+00 0.000000e+00 0.000000e+00 0.000000e+00 0.000000e+00 0.000000e+00 0.000000e+00 0.000000e+00 4.432092e-01 5.567908e-01 0.000000e+00 0.000000e+00 0.000000e+00 0.000000e+00 0.000000e+00 0.000000e+00 0.000000e+00 0.000000e+00 0.000000e+00 0.000000e+00
 0.000000e+00 0.000000e+00 0.000000e+00 0.000000e+00 0.000000e+00 0.000000e+00 0.000000e+00 0.000000e+00 0.000000e+00 0.000000e+00 0.000000e+00 0.000000e+00 0.000000e+00 0.000000e+00 0.000000e+00 0.000000e+00 0.000000e+00 5.012072e-01 4.987929e-01 0.000000e+00 0.000000e+00 0.000000e+00 0.000000e+00 0.000000e+00 0.000000e+00 0.000000e+00 0.000000e+00 0.000000e+00
 0.000000e+00 0.000000e+00 0.000000e+00 0.000000e+00 0.000000e+00 0.000000e+00 0.000000e+00 0.000000e+00 0.000000e+00 0.000000e+00 0.000000e+00 0.000000e+00 0.000000e+00 0.000000e+00 0.000000e+00 0.000000e+00 0.000000e+00 0.000000e+00 4.445601e-01 5.554399e-01 0.000000e+00 0.000000e+00 0.000000e+00 0.000000e+00 0.000000e+00 0.000000e+00 0.000000e+00 0.000000e+00
 0.000000e+00 0.000000e+00 0.000000e+00 0.000000e+00 0.000000e+00 0.000000e+00 0.000000e+00 0.000000e+00 0.000000e+00 0.000000e+00 0.000000e+00 0.000000e+00 0.000000e+00 0.000000e+00 0.000000e+00 0.000000e+00 0.000000e+00 0.000000e+00 0.000000e+00 4.998791e-01 5.001209e-01 0.000000e+00 0.000000e+00 0.000000e+00 0.000000e+00 0.000000e+00 0.000000e+00 0.000000e+00
 0.000000e+00 0.000000e+00 0.000000e+00 0.000000e+00 0.000000e+00 0.000000e+00 0.000000e+00 0.000000e+00 0.000000e+00 0.000000e+00 0.000000e+00 0.000000e+00 0.000000e+00 0.000000e+00 0.000000e+00 0.000000e+00 0.000000e+00 0.000000e+00 0.000000e+00 0.000000e+00 5.453789e-01 4.546211e-01 0.000000e+00 0.000000e+00 0.000000e+00 0.000000e+00 0.000000e+00 0.000000e+00
 0.000000e+00 0.000000e+00 0.000000e+00 0.000000e+00 0.000000e+00 0.000000e+00 0.000000e+00 0.000000e+00 0.000000e+00 0.000000e+00 0.000000e+00 0.000000e+00 0.000000e+00 0.000000e+00 0.000000e+00 0.000000e+00 0.000000e+00 0.000000e+00 0.000000e+00 0.000000e+00 0.000000e+00 6.875267e-01 3.124733e-01 0.000000e+00 0.000000e+00 0.000000e+00 0.000000e+00 0.000000e+00
 0.000000e+00 0.000000e+00 0.000000e+00 0.000000e+00 0.000000e+00 0.000000e+00 0.000000e+00 0.000000e+00 0.000000e+00 0.000000e+00 0.000000e+00 0.000000e+00 0.000000e+00 0.000000e+00 0.000000e+00 0.000000e+00 0.000000e+00 0.000000e+00 0.000000e+00 0.000000e+00 0.000000e+00 0.000000e+00 4.443933e-01 5.556067e-01 0.000000e+00 0.000000e+00 0.000000e+00 0.000000e+00
 0.000000e+00 0.000000e+00 0.000000e+00 0.000000e+00 0.000000e+00 0.000000e+00 0.000000e+00 0.000000e+00 0.000000e+00 0.000000e+00 0.000000e+00 0.000000e+00 0.000000e+00 0.000000e+00 0.000000e+00 0.000000e+00 0.000000e+00 0.000000e+00 0.000000e+00 0.000000e+00 0.000000e+00 0.000000e+00 0.000000e+00 6.154292e-01 3.845708e-01 0.000000e+00 0.000000e+00 0.000000e+00
 0.000000e+00 0.000000e+00 0.000000e+00 0.000000e+00 0.000000e+00 0.000000e+00 0.000000e+00 0.000000e+00 0.000000e+00 0.000000e+00 0.000000e+00 0.000000e+00 0.000000e+00 0.000000e+00 0.000000e+00 0.000000e+00 0.000000e+00 0.000000e+00 0.000000e+00 0.000000e+00 0.000000e+00 0.000000e+00 0.000000e+00 0.000000e+00 5.001047e-01 4.998952e-01 0.000000e+00 0.000000e+00
 0.000000e+00 0.000000e+00 0.000000e+00 0.000000e+00 0.000000e+00 0.000000e+00 0.000000e+00 0.000000e+00 0.000000e+00 0.000000e+00 0.000000e+00 0.000000e+00 0.000000e+00 0.000000e+00 0.000000e+00 0.000000e+00 0.000000e+00 0.000000e+00 0.000000e+00 0.000000e+00 0.000000e+00 0.000000e+00 0.000000e+00 0.000000e+00 0.000000e+00 4.998581e-01 5.001420e-01 0.000000e+00
 0.000000e+00 0.000000e+00 0.000000e+00 0.000000e+00 0.000000e+00 0.000000e+00 0.000000e+00 0.000000e+00 0.000000e+00 0.000000e+00 0.000000e+00 0.000000e+00 0.000000e+00 0.000000e+00 0.000000e+00 0.000000e+00 0.000000e+00 0.000000e+00 0.000000e+00 0.000000e+00 0.000000e+00 0.000000e+00 0.000000e+00 0.000000e+00 0.000000e+00 0.000000e+00 5.013716e-01 4.986285e-01
 0.000000e+00 0.000000e+00 0.000000e+00 0.000000e+00 0.000000e+00 0.000000e+00 0.000000e+00 0.000000e+00 0.000000e+00 0.000000e+00 0.000000e+00 0.000000e+00 0.000000e+00 0.000000e+00 0.000000e+00 0.000000e+00 0.000000e+00 0.000000e+00 0.000000e+00 0.000000e+00 0.000000e+00 0.000000e+00 0.000000e+00 0.000000e+00 0.000000e+00 0.000000e+00 0.000000e+00 0.000000e+00
<ENDHMM>
