~o
<STREAMINFO> 1 39
<VECSIZE> 39<NULLD><MFCC_E_D_A><DIAGC>
~h "Tawng"
<BEGINHMM>
<NUMSTATES> 25
<STATE> 2
<MEAN> 39
 -7.154501e+00 -9.188143e+00 -2.441324e+00 -2.029486e+00 -5.028243e-01 -3.075607e+00 7.707852e-01 -1.333819e+00 9.410452e-01 -1.316137e+00 4.582233e+00 5.160186e-01 -1.049351e-01 -4.817496e-01 -2.596770e-01 -8.087374e-01 -1.926157e-01 3.242850e-01 1.048155e+00 3.865590e-01 5.465399e-01 2.291009e-01 -1.662622e-01 -3.195762e-01 -1.746465e-01 8.571153e-03 -1.558220e-01 1.962982e-01 -1.673978e-01 -1.725035e-01 3.228132e-01 5.992303e-02 1.961104e-01 8.688926e-02 2.537623e-01 -4.986839e-01 -5.794195e-01 -2.601463e-01 3.166632e-02
<VARIANCE> 39
 2.962532e+00 3.020449e+00 4.623904e+00 8.281805e+00 3.905571e+00 7.926191e+00 7.040113e+00 3.028497e+00 2.274028e+01 7.422611e+00 5.963825e+00 8.005674e+00 5.000000e-02 6.906028e-01 5.808902e-01 1.466924e+00 1.442202e+00 1.019294e+00 3.620463e-01 6.133012e-01 1.171099e+00 2.374753e+00 1.090349e+00 1.368520e+00 2.216297e+00 5.000000e-02 3.529993e-01 3.051341e-01 6.842452e-01 2.148931e-01 2.432209e-01 2.540251e-01 2.390527e-01 1.585597e-01 6.170771e-01 1.549900e-01 2.298099e-01 2.444782e-01 5.000000e-02
<GCONST> 6.915420e+01
<STATE> 3
<MEAN> 39
 -7.877766e+00 -8.361210e+00 -1.171271e+00 -1.931547e+00 2.269205e+00 6.680545e-01 1.865310e+00 -3.193558e-01 1.771869e+00 -3.730504e+00 1.905065e+00 -1.462717e+00 -2.225717e-02 -1.246265e+00 -2.150062e-01 -2.825278e+00 -1.755155e+00 -2.588256e-01 -7.977959e-01 1.271992e+00 8.149571e-01 4.379787e-01 -1.903966e+00 -1.569274e+00 -5.400152e-02 1.641828e-01 -2.307572e-02 -1.030347e+00 -1.383393e+00 -1.594032e-01 -2.388219e-01 -8.877297e-01 4.480277e-01 5.693080e-02 -2.072838e-01 -3.357994e-01 -2.265766e-01 1.275305e-01 5.897907e-02
<VARIANCE> 39
 1.916615e+01 3.232287e+00 1.140670e+01 2.140139e+01 5.736835e+00 3.474640e+01 4.662030e+00 9.787997e+00 4.298115e+00 3.531667e+00 7.000130e+00 1.616968e+01 5.000000e-02 3.965121e+00 7.086596e+00 7.871829e+00 1.209927e+00 4.130524e+00 5.918486e+00 1.550560e+00 6.287635e-01 2.255714e+00 9.342621e-01 2.198704e+00 1.425720e+00 5.000000e-02 3.645815e-01 3.471241e-01 3.238113e-01 5.041271e-01 4.439608e-01 6.228141e-01 2.013904e-01 2.659191e-01 3.702535e-01 1.272374e-01 1.037207e-01 2.629127e-01 5.000000e-02
<GCONST> 8.477785e+01
<STATE> 4
<MEAN> 39
 -1.271803e+01 -1.167801e+01 -1.746850e+01 -9.269137e+00 2.450192e-01 -8.328238e+00 7.546209e+00 2.040549e+00 2.737853e+00 -1.004871e+01 -3.590349e+00 -1.419556e+00 6.912825e-01 1.885442e-01 -4.920796e+00 -4.474322e+00 1.999547e-01 3.733600e-01 -1.318698e+00 1.524938e+00 2.098173e-01 -6.271276e-01 -1.840831e+00 -1.596002e+00 1.557039e-01 2.225371e-01 6.508046e-01 -7.979204e-01 1.154222e+00 9.575088e-01 6.191800e-01 9.124075e-01 -6.045839e-01 -5.079004e-01 -2.827998e-01 6.094087e-01 6.094260e-01 -7.846688e-02 -3.858006e-02
<VARIANCE> 39
 3.070147e+01 1.303665e+02 3.346349e+01 1.050150e+01 4.844075e+01 2.689234e+01 2.569397e+01 1.108700e+01 1.680013e+01 1.731739e+01 4.057844e+01 1.000932e+01 5.000000e-02 2.763526e+00 5.426155e+00 4.982248e+00 2.721205e+00 2.062445e+00 4.069844e+00 1.607062e+00 1.151730e+00 1.613337e+00 2.587317e+00 8.895070e-01 1.418123e+00 5.000000e-02 6.238577e-01 2.256781e+00 1.052903e+00 9.833512e-02 9.237067e-01 4.400213e-01 2.899005e-01 1.232220e-01 5.166630e-01 4.662675e-01 6.158318e-01 2.424238e-01 5.000000e-02
<GCONST> 1.015865e+02
<STATE> 5
<MEAN> 39
 -9.612897e+00 -2.415809e+01 -2.031396e+01 -2.912166e+00 4.878756e+00 -4.033812e+00 8.367581e+00 6.093031e-01 -8.059161e-01 -1.217515e+01 -3.558330e+00 -1.228108e+00 9.246783e-01 1.595151e-01 -2.290040e+00 -2.768832e-01 1.304777e+00 2.017528e+00 1.558504e+00 -9.797052e-01 -1.259580e+00 -6.453359e-01 2.771692e-01 3.942034e-01 -6.660588e-01 5.515090e-02 -4.908637e-02 1.317510e+00 1.276197e+00 -4.791826e-02 1.277630e-01 2.208384e-01 -6.426846e-01 -1.636321e-01 4.857408e-01 6.799770e-01 5.061919e-01 -2.937212e-01 -4.896181e-02
<VARIANCE> 39
 5.545403e+00 5.724272e+00 1.489896e+01 6.161088e+00 2.049687e+01 3.548330e+01 3.094513e+01 1.427645e+01 3.829473e+00 5.830251e+00 5.583709e+00 6.146739e+00 5.000000e-02 9.755681e-01 2.801798e+00 2.481678e+00 5.812376e-01 1.109838e+00 6.269122e-01 1.394957e+00 1.039046e+00 7.824742e-01 2.117633e+00 1.751983e+00 5.179829e-01 5.000000e-02 1.581430e-01 2.431798e-01 6.328903e-01 1.055314e-01 4.400123e-01 3.798400e-01 3.607585e-01 3.450165e-01 8.913933e-02 3.256795e-01 1.546304e-01 9.509891e-02 5.000000e-02
<GCONST> 7.418114e+01
<STATE> 6
<MEAN> 39
 -9.021241e+00 -2.565246e+01 -1.905847e+01 -1.545351e+00 6.874611e+00 -2.074600e+00 4.261909e+00 -2.188631e+00 9.342871e-01 -9.802072e+00 -2.988358e+00 -3.984735e+00 9.746041e-01 3.698670e-01 -6.769533e-01 8.959411e-01 6.262696e-01 7.138845e-01 3.284064e-01 -4.987443e-01 -2.204121e-01 9.703698e-01 1.146818e-01 4.627861e-01 -3.985022e-01 1.332654e-02 -1.558200e-02 2.507794e-01 1.175830e-01 -2.737150e-01 -4.134365e-01 -1.340608e-01 2.231334e-01 1.883758e-01 2.240183e-01 -3.842572e-01 -7.255853e-02 1.559680e-01 -1.071004e-02
<VARIANCE> 39
 6.865369e+00 7.378488e+00 1.130121e+01 1.091235e+01 2.852624e+01 1.437607e+01 9.212802e+00 1.879302e+01 9.125798e+00 1.011151e+01 1.171183e+01 1.074580e+01 5.000000e-02 1.302729e-01 2.911050e-01 7.527602e-01 3.559647e-01 2.353070e+00 8.697356e-01 9.445842e-01 1.159331e+00 4.621063e-01 7.428044e-01 9.196720e-01 8.246266e-01 5.000000e-02 5.000000e-02 1.808209e-01 1.060532e-01 5.000000e-02 1.204339e-01 1.719434e-01 5.000000e-02 2.468265e-01 1.186811e-01 2.191801e-01 1.856464e-01 8.331506e-02 5.000000e-02
<GCONST> 6.079645e+01
<STATE> 7
<MEAN> 39
 -7.989542e+00 -2.809570e+01 -1.611711e+01 -2.344081e+00 8.010821e+00 -3.395967e+00 4.641897e+00 -2.366912e+00 3.954241e+00 -9.791883e+00 -1.174420e+00 -3.507853e+00 9.912010e-01 3.684553e-02 -3.814800e-01 2.586653e-01 -1.868234e-01 -3.563975e-01 5.162582e-01 -2.223346e-01 1.401739e-01 6.783500e-01 -1.065311e+00 3.317101e-01 -2.632164e-01 -2.515064e-03 -1.698260e-01 3.097045e-01 -2.570176e-01 -2.365225e-01 -2.736515e-01 1.774604e-01 -2.227451e-01 1.461186e-01 -3.052632e-01 -5.127738e-01 -1.411119e-01 -4.764135e-02 -7.312689e-03
<VARIANCE> 39
 9.104543e+00 1.054725e+01 1.294471e+01 3.143140e+01 4.141066e+01 4.065103e+01 8.769722e+00 1.282927e+01 1.759839e+01 9.744746e+00 6.532554e+00 5.820625e+00 5.000000e-02 1.872105e-01 3.068307e-01 1.854932e-01 2.954876e-01 5.326539e-01 8.618336e-01 3.932690e-01 1.285252e+00 7.736021e-01 1.543983e+00 1.464361e+00 2.037923e-01 5.000000e-02 5.000000e-02 7.371556e-02 5.150149e-02 1.673175e-01 4.194365e-01 2.115993e-01 1.550136e-01 4.055828e-01 5.000000e-02 2.755429e-01 1.104523e-01 1.496228e-01 5.000000e-02
<GCONST> 6.201076e+01
<STATE> 8
<MEAN> 39
 -9.476267e+00 -2.870095e+01 -1.430061e+01 -4.334482e+00 6.671748e+00 -2.540076e-01 2.132584e+00 -2.558237e-01 5.930880e+00 -1.363725e+01 -1.476993e+00 -4.002723e+00 9.667111e-01 -1.282508e-01 1.622407e-01 2.959605e-01 -8.925107e-01 2.598687e-01 4.494695e-01 -6.341912e-01 3.279870e-02 5.372076e-02 -2.158905e+00 -9.428550e-02 -5.780699e-01 -1.631502e-02 1.418662e-02 1.697053e-01 7.335367e-02 -2.035042e-01 2.684803e-01 -2.917489e-01 -8.145373e-02 -2.072222e-01 -1.629180e-01 -2.711284e-01 -2.696868e-03 -1.261968e-01 -6.190483e-03
<VARIANCE> 39
 6.065327e+00 2.469169e+00 2.664191e+01 1.226588e+01 2.285066e+01 2.551791e+01 9.524680e+00 4.991559e+00 2.476403e+01 2.219807e+01 1.715871e+01 1.820274e+01 5.000000e-02 2.194438e-01 4.084679e-01 1.080728e-01 6.833417e-01 5.216288e-01 4.053238e-01 7.164571e-01 1.617508e+00 5.701156e-01 1.187115e+00 6.536862e-01 1.018072e+00 5.000000e-02 5.065354e-02 1.156094e-01 5.859803e-02 8.788002e-02 5.000000e-02 5.000000e-02 1.565213e-01 7.168023e-02 1.862474e-01 4.094382e-01 2.975374e-01 1.074287e-01 5.000000e-02
<GCONST> 5.934005e+01
<STATE> 9
<MEAN> 39
 -7.968250e+00 -2.544043e+01 -1.482215e+01 -5.739694e+00 1.042298e+01 -1.694124e+00 1.618032e+00 -2.844449e+00 3.116397e+00 -2.237762e+01 -5.180770e-01 -7.101210e+00 8.937608e-01 2.834852e-01 8.734814e-01 8.472949e-01 -1.096940e+00 -1.028531e-04 -6.387846e-01 -1.413345e+00 -4.951666e-01 5.199883e-01 -1.897899e+00 6.968112e-02 -6.350883e-02 -3.621726e-02 3.576421e-01 -8.817785e-02 3.165339e-01 1.058136e-01 -3.371252e-01 -1.800779e-01 -3.849872e-01 1.030181e-01 -1.467446e-01 7.371814e-01 -1.428306e-01 1.941131e-01 -6.036724e-03
<VARIANCE> 39
 5.366520e+00 6.599802e+00 1.298437e+01 9.509368e+00 2.035532e+01 4.132498e+01 1.762378e+01 6.952836e+00 2.325039e+01 9.333740e+00 2.843068e+00 2.390459e+01 5.000000e-02 3.186635e-01 4.830229e-01 3.100801e-01 4.384047e-01 1.143309e+00 3.874263e-01 1.353479e+00 4.482990e-01 2.392897e+00 2.992214e+00 1.452128e+00 1.265791e+00 5.000000e-02 5.000000e-02 1.316723e-01 5.000000e-02 6.022971e-02 1.293527e-01 1.167369e-01 1.111021e-01 1.547737e-01 3.742796e-01 2.790869e-01 1.150275e-01 2.435868e-01 5.000000e-02
<GCONST> 6.469337e+01
<STATE> 10
<MEAN> 39
 -6.840598e+00 -2.340086e+01 -1.358052e+01 -6.347034e+00 6.262753e+00 -1.566373e+00 -4.118341e+00 -3.978989e+00 7.562577e+00 -2.682163e+01 -6.330336e-01 -7.344418e+00 7.812171e-01 1.500148e+00 -2.542209e-01 1.925755e+00 -5.378973e-01 -5.816505e-01 -3.848800e-01 -2.408872e+00 -4.926788e-01 -1.425490e+00 8.771273e-01 -1.887150e-01 -1.390063e-01 -5.160745e-02 5.558090e-01 -5.193055e-01 5.867061e-01 -4.038779e-02 -2.063237e-01 1.646121e-01 1.427493e-01 1.809895e-01 -9.541199e-01 1.702816e+00 -3.232867e-01 3.297817e-01 -4.969439e-04
<VARIANCE> 39
 1.353679e+01 1.002325e+01 1.391435e+01 1.766862e+01 2.242876e+01 2.537662e+01 3.939960e+01 2.175180e+01 1.241988e+01 2.761291e+01 1.692935e+00 7.060260e+00 5.000000e-02 1.655254e-01 8.161652e-01 4.374074e-01 1.943094e-01 2.913606e+00 9.440911e-01 1.118353e+00 1.465978e+00 1.468954e+00 1.905187e+00 9.366290e-01 1.080494e+00 5.000000e-02 7.722123e-02 1.615300e-01 1.108894e-01 1.322706e-01 6.001163e-02 5.000000e-02 5.338927e-01 1.876438e-01 6.463259e-01 6.242748e-01 1.133623e-01 2.030601e-01 5.000000e-02
<GCONST> 7.120648e+01
<STATE> 11
<MEAN> 39
 -3.325566e+00 -2.664046e+01 -6.772703e+00 -9.866840e+00 6.810307e+00 -2.909739e+00 -8.545514e+00 -2.751994e+00 1.413174e-01 -1.905055e+01 -2.952676e+00 -5.001111e+00 7.040905e-01 2.272130e+00 -5.225428e-01 2.614614e+00 -6.747441e-01 -8.050416e-01 -2.338991e-01 -1.042889e+00 5.913174e-01 -2.395958e+00 3.503664e+00 -1.054604e+00 6.785496e-01 -4.262648e-02 5.635574e-02 1.055995e-01 -2.805614e-01 1.973544e-01 -3.352402e-01 3.123311e-01 8.013287e-01 8.977848e-02 1.749405e-01 3.779010e-01 1.617329e-01 -1.570096e-01 5.622344e-03
<VARIANCE> 39
 1.582938e+01 1.243425e+01 2.214161e+01 1.423248e+01 1.935397e+01 3.138020e+01 2.185210e+01 2.551620e+01 7.626924e+00 1.905479e+01 1.664531e+01 2.610957e+01 5.000000e-02 2.555380e-01 7.746983e-01 7.794228e-01 6.662236e-01 2.296155e+00 4.493059e-01 2.596724e+00 1.058826e+00 1.617300e+00 2.690482e+00 4.386453e-01 1.038798e+00 5.000000e-02 1.755540e-01 1.817356e-01 2.697868e-01 1.421879e-01 2.590374e-01 2.331145e-01 3.727473e-01 1.933418e-01 2.397200e-01 6.178620e-01 1.480912e-01 6.217305e-01 5.000000e-02
<GCONST> 8.052566e+01
<STATE> 12
<MEAN> 39
 1.135187e+00 -2.644191e+01 -2.245370e+00 -9.448793e+00 3.706921e+00 -2.027226e+00 -6.592245e+00 5.497131e-02 -2.216302e+00 -1.146637e+01 -4.564542e+00 -5.016296e+00 6.236463e-01 1.379472e+00 1.450436e-01 2.447309e-01 -8.346613e-02 -2.221225e+00 5.148991e-01 4.919225e-01 -6.314443e-01 -4.879695e-01 1.601410e+00 1.625219e-01 -5.542388e-01 -2.581561e-02 -3.929638e-01 1.500411e-01 -8.509737e-01 2.030055e-01 -2.979218e-01 -6.389301e-02 1.560973e-01 -7.140530e-01 6.042222e-01 -9.751917e-01 1.066624e-01 -1.201643e-01 6.443988e-03
<VARIANCE> 39
 6.279840e+00 2.523154e+00 1.073814e+01 6.725621e+00 2.599546e+01 1.838952e+01 3.698693e+00 3.009842e+01 7.033727e+00 1.469311e+01 7.243312e+00 1.065839e+01 5.000000e-02 7.431931e-01 7.336348e-01 1.373766e+00 1.738883e+00 1.201388e+00 1.536592e+00 1.378893e+00 1.597351e+00 6.628466e-01 2.545260e+00 3.324345e-01 3.452052e+00 5.000000e-02 6.794097e-02 1.177611e-01 8.320960e-02 7.196106e-02 3.891347e-01 1.199768e-01 4.277415e-01 1.726089e-01 1.154531e-01 1.609651e-01 2.559905e-01 4.298557e-01 5.000000e-02
<GCONST> 7.011799e+01
<STATE> 13
<MEAN> 39
 2.978657e+00 -2.598034e+01 -4.303723e+00 -1.009828e+01 -3.005898e+00 -1.368912e+00 -6.820888e+00 -6.979605e+00 -1.179722e+00 -1.142833e+01 -4.361529e+00 -5.768417e+00 5.735737e-01 5.328051e-01 3.601297e-01 -4.480030e-01 6.586781e-01 -1.438998e+00 -5.064086e-01 3.627059e-01 -1.227918e+00 3.198853e-01 -7.189980e-01 -7.920396e-01 4.324817e-01 -1.303480e-02 -1.780339e-01 1.221946e-01 -8.275172e-02 2.514177e-01 5.667723e-01 -3.126295e-01 9.039823e-02 6.728532e-01 -1.766120e-01 -4.203441e-01 8.151454e-02 4.924862e-02 2.461682e-03
<VARIANCE> 39
 1.642907e+00 1.943449e+00 3.975819e+00 1.653704e+01 6.227072e+00 4.824382e+00 1.289045e+01 1.386193e+01 1.362117e+01 1.810077e+01 1.620731e+01 2.242843e+01 5.000000e-02 2.096606e-01 1.080056e-01 1.573520e+00 9.110608e-01 7.976851e-01 5.064844e-01 7.634681e-01 2.214018e+00 6.615880e-01 6.782756e-01 2.066914e+00 9.152310e-01 5.000000e-02 8.814298e-02 5.000000e-02 9.029934e-02 8.512010e-02 1.720824e-01 1.792988e-01 2.658795e-01 2.296415e-01 2.000856e-01 2.665120e-01 3.229285e-01 5.586612e-01 5.000000e-02
<GCONST> 6.284433e+01
<STATE> 14
<MEAN> 39
 5.108287e+00 -2.430444e+01 -7.593215e+00 -6.818604e+00 -5.344912e+00 -5.254003e+00 -3.948432e+00 -5.406069e+00 -4.169631e+00 -1.338214e+01 -5.079000e+00 -6.999438e+00 5.580491e-01 3.261462e-01 3.850304e-01 -9.774047e-01 7.545131e-01 -1.700123e-01 -1.173267e+00 8.099228e-01 9.402551e-01 -6.525206e-01 -5.022910e-02 2.530519e-01 -8.262421e-01 -1.508054e-02 -1.927226e-01 -5.876136e-02 1.230727e-01 -9.572715e-03 4.626465e-01 2.274376e-01 -4.955341e-02 2.612508e-01 2.847178e-01 3.127088e-01 -1.061336e-01 4.803200e-02 -2.818938e-03
<VARIANCE> 39
 2.809678e+00 1.692633e+00 2.344764e+01 4.512513e+01 7.053355e+00 1.035016e+01 7.149930e+00 5.239946e+00 2.010537e+01 1.531594e+01 2.556042e+01 6.390786e+00 5.000000e-02 1.809598e-01 2.435147e-01 8.575404e-01 6.690310e-01 1.964933e+00 8.758864e-01 2.092215e+00 8.754897e-01 1.029169e+00 1.963383e+00 7.275053e-01 5.494018e-01 5.000000e-02 6.849122e-02 5.000000e-02 3.309334e-01 3.474978e-01 1.112129e-01 1.597912e-01 1.584766e-01 1.079636e-01 4.961500e-01 6.836444e-02 3.952000e-01 1.146626e-01 5.000000e-02
<GCONST> 6.479434e+01
<STATE> 15
<MEAN> 39
 5.163155e+00 -2.374046e+01 -7.814340e+00 -5.930595e+00 -4.769528e+00 -6.083812e+00 -2.791282e+00 -4.597182e+00 -1.858477e+00 -1.090014e+01 -6.718153e+00 -7.439361e+00 5.182163e-01 -1.559765e-03 7.728660e-01 -2.530235e-01 1.074875e+00 8.896049e-01 6.080176e-01 1.503931e-01 5.638077e-01 9.249374e-01 1.288458e-01 -3.573412e-01 5.397738e-01 -2.350637e-02 -1.351704e-01 1.944594e-01 1.255771e-01 2.500606e-01 3.723536e-01 2.884015e-01 -1.066453e-01 -2.378382e-01 -3.587255e-01 -2.201652e-01 2.918827e-01 3.733866e-01 -4.520316e-03
<VARIANCE> 39
 5.678110e+00 1.796453e+00 1.128961e+01 3.729531e+01 3.275647e+00 6.946855e+00 1.930614e+01 3.396013e+00 7.281243e+00 2.761854e+01 1.412968e+01 5.433275e+00 5.000000e-02 5.343714e-01 6.181520e-01 9.883589e-01 2.645576e+00 9.543442e-01 3.135462e-01 6.214942e-01 7.091054e-01 1.914787e+00 1.034539e+00 1.397796e+00 8.558522e-01 5.000000e-02 5.000000e-02 8.162013e-02 1.803975e-01 2.571850e-01 1.272639e-01 9.102406e-02 4.166124e-01 1.085250e-01 3.186592e-01 2.639345e-01 1.513306e-01 1.038640e-01 5.000000e-02
<GCONST> 6.394291e+01
<STATE> 16
<MEAN> 39
 4.484372e+00 -2.107580e+01 -7.926595e+00 -2.521415e+00 8.328758e-01 -3.320082e+00 -5.051396e+00 -2.648463e+00 -3.992133e+00 -1.504794e+01 -4.703881e+00 -3.924057e+00 4.456212e-01 -4.069678e-01 6.405928e-01 -3.891305e-02 1.619984e+00 1.166287e+00 -4.281820e-02 4.480077e-01 -1.424672e-01 -1.199969e+00 -4.771346e-01 -3.514412e-03 4.323203e-01 -3.369217e-02 -5.721012e-02 -8.905144e-02 1.067444e-01 -1.268016e-01 -3.095864e-01 -1.519974e-01 2.967511e-01 -2.616804e-01 2.799838e-01 2.710925e-01 -1.677295e-02 -1.819079e-01 -2.238621e-03
<VARIANCE> 39
 1.265976e+01 1.411437e+01 1.656044e+01 5.302413e+00 9.078311e+00 1.805426e+01 1.425137e+01 1.218515e+01 1.541955e+01 4.494547e+01 8.047772e+00 1.582331e+01 5.000000e-02 2.301321e-01 6.229473e-01 7.251763e-01 8.072482e-01 7.153916e-01 1.887148e-01 1.865826e+00 6.183969e-01 1.734444e+00 1.021713e+00 8.446760e-01 1.034320e+00 5.000000e-02 7.601947e-02 2.468935e-01 1.783924e-01 1.779202e-01 1.080431e-01 9.482948e-02 1.633993e-01 3.184103e-01 5.295141e-01 3.033461e-01 2.322425e-01 4.519626e-01 5.000000e-02
<GCONST> 7.104955e+01
<STATE> 17
<MEAN> 39
 3.792081e+00 -2.050311e+01 -8.039722e+00 1.715391e+00 8.681095e-01 -5.767032e+00 -6.092908e-01 -4.385532e+00 -4.401787e+00 -1.444334e+01 -7.418466e+00 -5.841691e+00 3.572377e-01 -4.818624e-01 3.957194e-01 3.112494e-02 4.892726e-01 1.781118e-01 9.344041e-03 1.323126e+00 4.547602e-01 4.623959e-01 2.075306e-01 8.032856e-01 6.405340e-01 -2.829797e-02 3.011972e-02 -6.160663e-02 -2.730296e-01 -4.778880e-01 -1.717833e-01 1.420786e-02 -9.643050e-02 2.698543e-01 3.965786e-01 5.690571e-01 4.108090e-01 4.010536e-01 4.043429e-03
<VARIANCE> 39
 6.948385e+00 6.847558e+00 4.778624e+00 1.906904e+00 9.566002e+00 2.930824e+00 1.148082e+01 8.412213e+00 6.371727e+00 5.368105e+00 6.637770e+00 2.524248e+01 5.000000e-02 1.349903e-01 8.592764e-01 6.519866e-01 9.393030e-01 5.236347e-01 1.161512e+00 5.622680e-01 2.072757e+00 1.526506e+00 1.863261e+00 2.544356e+00 4.352804e+00 5.000000e-02 5.000000e-02 1.132905e-01 1.019531e-01 1.062189e-01 1.082241e-01 1.008587e-01 2.594585e-01 1.814937e-01 2.273157e-01 8.870668e-02 1.944398e-01 6.015737e-01 5.000000e-02
<GCONST> 6.245887e+01
<STATE> 18
<MEAN> 39
 1.709387e+00 -1.978685e+01 -8.878138e+00 -5.266499e-01 1.141188e+00 -3.881487e+00 6.702639e-01 -2.797720e+00 -1.852775e+00 -1.006390e+01 -6.557769e-01 -8.489631e-01 3.250071e-01 -1.724343e-01 2.482733e-01 -5.363700e-01 1.848148e-01 5.627683e-01 1.842681e-01 5.553219e-01 7.347746e-01 1.373913e+00 1.636195e+00 5.567419e-01 1.019778e-01 -1.616570e-02 -1.088803e-01 -1.524828e-01 1.381474e-01 2.359859e-01 -9.704544e-03 -7.707023e-02 -1.640524e-01 2.162425e-01 2.584479e-01 -1.627360e-01 -4.822846e-01 -3.278513e-01 -1.819319e-03
<VARIANCE> 39
 2.484781e+00 1.858378e+00 3.510876e+00 3.869447e+00 1.909761e+01 3.501725e+01 5.565073e+00 2.041955e+01 1.813454e+01 1.145320e+01 9.522419e+00 1.589249e+01 5.000000e-02 1.682997e-01 5.053247e-01 4.064388e-01 7.575328e-01 6.603464e-01 1.225100e+00 5.253091e-01 1.957314e+00 3.744554e+00 1.384847e+00 2.025322e+00 2.609097e+00 5.000000e-02 5.000000e-02 8.576256e-02 1.244447e-01 1.483527e-01 1.958960e-01 2.795138e-01 1.559386e-01 4.193181e-01 5.875070e-01 2.352913e-01 2.330358e-01 3.599042e-01 5.000000e-02
<GCONST> 6.837321e+01
<STATE> 19
<MEAN> 39
 1.346900e+00 -1.985618e+01 -9.786038e+00 2.133242e+00 1.379058e+00 -5.592907e+00 2.169557e+00 -2.792603e-01 1.771475e+00 -9.247405e+00 -6.119857e+00 -3.379470e+00 2.642938e-01 -1.218044e+00 -7.544883e-01 -4.205618e-01 3.792262e-01 1.570046e-01 -1.287561e-01 -2.244847e-01 -1.568401e-01 3.404235e-01 7.846640e-01 2.430920e-01 1.171634e-01 -2.847906e-02 -1.548073e-01 -1.040268e-01 8.550620e-02 -1.531728e-01 -1.954789e-02 1.860953e-01 -2.744652e-01 -4.460234e-01 -4.721152e-01 8.323236e-04 5.894233e-01 2.215445e-01 1.180905e-03
<VARIANCE> 39
 5.035018e+00 4.081668e+00 5.024456e+00 4.886713e+00 9.270850e+00 3.170573e+01 7.711571e+00 9.305669e+00 1.902121e+01 5.477585e+00 9.856886e+00 7.356705e+00 5.000000e-02 3.540742e-01 8.098526e-01 9.309449e-01 5.871547e-01 4.924933e-01 1.241457e+00 3.330398e-01 1.774068e+00 1.500591e+00 1.281492e+00 2.123227e+00 4.953726e-01 5.000000e-02 9.734360e-02 2.450587e-01 1.208879e-01 5.398894e-02 6.768326e-02 3.316782e-01 2.002959e-01 6.213580e-01 4.403298e-01 2.682696e-01 1.516401e-01 2.269464e-01 5.000000e-02
<GCONST> 6.548025e+01
<STATE> 20
<MEAN> 39
 -1.911014e+00 -2.174437e+01 -1.082981e+01 1.670864e+00 1.924014e+00 -4.492920e+00 1.243855e+00 -5.273020e-01 1.626004e+00 -5.960255e+00 5.586340e-01 -4.643454e-01 1.938012e-01 -7.241813e-01 3.956606e-01 4.220906e-01 -2.205483e-02 3.048941e-01 8.115757e-02 -5.751292e-01 -2.770239e-01 -9.032832e-02 8.847280e-02 1.102353e+00 1.126161e+00 -2.283241e-02 4.172595e-01 4.096175e-01 2.306090e-01 -1.647237e-01 2.940606e-03 -1.107006e-01 -1.148907e-01 -3.069349e-01 -4.847052e-01 -4.934050e-01 -3.851210e-01 -1.612100e-01 6.504534e-03
<VARIANCE> 39
 7.294537e+00 5.722335e+00 1.103687e+01 5.269773e+00 5.583498e+00 7.391058e+00 2.506791e+00 1.830708e+01 1.848849e+01 9.297403e+00 4.168282e+00 9.575592e+00 5.000000e-02 3.087278e-01 6.221209e-01 8.483156e-01 7.982652e-01 1.348203e+00 1.676118e+00 1.089394e+00 1.627547e+00 1.377010e+00 1.131400e+00 8.905435e-01 6.479705e-01 5.000000e-02 9.315805e-02 1.359878e-01 1.754965e-01 1.170835e-01 1.194505e-01 1.021569e-01 6.912107e-02 3.820328e-01 5.478212e-01 1.087037e-01 7.559611e-02 2.024891e-01 5.000000e-02
<GCONST> 6.281224e+01
<STATE> 21
<MEAN> 39
 -1.544341e+00 -1.858488e+01 -8.203535e+00 1.682687e+00 4.099406e+00 -3.320609e+00 -1.263819e+00 -3.834975e+00 -4.005614e-01 -7.937253e+00 -1.720991e-01 -1.643437e-01 1.728683e-01 7.466282e-01 8.861747e-01 7.207813e-01 -7.751536e-02 -3.636776e-02 -3.892256e-01 -2.932065e-01 -3.147470e-01 -8.092846e-01 -6.202320e-01 -3.638461e-01 -1.188654e-01 4.203098e-03 6.987693e-02 9.018505e-02 5.687106e-02 -6.689556e-02 -1.939842e-01 -1.463668e-01 2.704565e-01 4.108005e-01 4.030510e-01 9.779330e-02 -2.722133e-01 -9.138346e-02 -2.042841e-04
<VARIANCE> 39
 8.690827e+00 8.951527e+00 1.495489e+01 1.883374e+01 8.358898e+00 1.173941e+01 6.057577e+00 5.006906e+00 1.886838e+01 3.453315e+00 1.334532e+01 7.093183e+00 5.000000e-02 3.888027e-01 1.004136e+00 1.515076e+00 1.203677e+00 6.980080e-01 7.375920e-01 1.619200e-01 1.568294e+00 1.961219e+00 3.224041e-01 3.244729e-01 8.345941e-01 5.000000e-02 1.788685e-01 2.554662e-01 2.373707e-01 2.962132e-01 2.372537e-01 3.094920e-01 1.187059e-01 7.374747e-02 2.193021e-01 1.633984e-01 2.139851e-01 1.098200e-01 5.000000e-02
<GCONST> 6.510143e+01
<STATE> 22
<MEAN> 39
 -8.077984e-01 -1.750556e+01 -6.939515e+00 1.670234e+00 2.128858e+00 -5.549706e+00 -4.822172e-02 -8.103182e-01 1.069529e+00 -8.315168e+00 -1.363335e+00 6.278627e-01 1.623854e-01 -8.936362e-01 1.351350e+00 9.471594e-01 -4.900029e-01 7.089527e-04 -2.530406e-02 6.597665e-02 1.295636e-01 6.899962e-01 6.628255e-01 -9.101830e-02 1.566999e-01 -4.101430e-02 -5.041363e-01 1.914592e-01 1.042650e-01 -9.517884e-02 2.457081e-01 2.742850e-01 6.582488e-02 -2.053886e-01 3.276988e-02 3.563533e-01 1.781412e-01 -2.353793e-01 -1.681430e-02
<VARIANCE> 39
 4.724309e+00 1.012792e+01 1.748253e+01 6.052423e+00 4.590659e+00 9.097364e+00 3.611544e+00 4.076460e+00 1.417661e+01 7.731451e+00 2.595623e+00 1.088645e+01 5.000000e-02 9.999003e-01 1.884929e+00 1.549754e+00 9.757507e-01 1.181149e+00 1.870249e+00 3.488643e-01 8.851158e-01 8.877931e-01 8.023151e-01 7.446800e-01 1.096363e+00 5.000000e-02 1.158598e-01 2.106799e-01 2.464861e-01 2.595274e-01 1.727664e-01 2.523215e-01 5.000000e-02 9.885041e-02 1.955040e-01 9.686235e-02 1.109950e-01 2.412132e-01 5.000000e-02
<GCONST> 6.331014e+01
<STATE> 23
<MEAN> 39
 -4.572833e+00 -1.202612e+01 -3.468439e+00 -6.144595e-01 3.737704e+00 -4.387371e+00 -4.222712e-01 -3.496458e+00 1.314230e+00 -4.498144e+00 3.026603e-02 -6.127142e-01 -8.047671e-03 -1.379753e+00 1.281875e+00 9.656756e-01 -5.931417e-01 3.208731e-01 7.091437e-01 5.439886e-01 -4.172777e-01 -1.144542e-01 9.460754e-01 2.438788e-01 -1.034406e+00 -6.495695e-02 1.546580e-01 -4.652863e-01 -3.384546e-01 1.020286e-01 -2.622721e-01 -3.006151e-02 1.280718e-01 1.930132e-01 -1.597572e-01 -3.692736e-01 1.876059e-03 3.271331e-02 5.989461e-03
<VARIANCE> 39
 3.262604e+00 4.546747e+00 1.169845e+01 6.234231e+00 7.118493e+00 2.322168e+01 4.450458e+00 8.630394e+00 1.284914e+01 1.030049e+01 1.574691e+00 5.388349e+00 5.000000e-02 2.245474e-01 2.876371e-01 3.211385e-01 9.268985e-01 6.692689e-01 5.525379e-01 3.517797e-01 1.873205e-01 9.205243e-01 9.107777e-01 5.123163e-01 9.916469e-01 5.000000e-02 1.112957e-01 1.480625e-01 3.393066e-01 2.436258e-01 1.125548e-01 4.635952e-01 5.000000e-02 7.227460e-02 3.877615e-01 1.153533e-01 1.298980e-01 2.554399e-01 5.000000e-02
<GCONST> 5.524921e+01
<STATE> 24
<MEAN> 39
 -6.106647e+00 -1.247415e+01 -3.397764e+00 -1.809275e-01 3.866677e+00 -2.873945e+00 1.704937e+00 -2.125089e+00 9.178166e-01 -5.074000e+00 -1.632202e-01 -2.112573e+00 -8.257768e-02 -5.793701e-01 -1.287936e-01 5.599619e-03 -6.019129e-02 -7.087278e-01 -2.957334e-01 2.692911e-01 3.773618e-01 5.225999e-02 -2.069715e-01 1.430296e-01 2.566654e-01 -2.918454e-02 2.654952e-01 -3.531573e-01 -3.260669e-01 4.178659e-02 -2.814980e-01 -2.132322e-01 -1.620068e-01 2.044768e-01 1.789820e-01 -1.954490e-01 -6.018195e-02 4.984857e-01 1.386704e-02
<VARIANCE> 39
 1.714198e+00 1.431175e+00 4.401937e+00 2.258406e+00 4.777314e+00 3.800084e+00 6.381379e+00 5.368839e+00 1.294994e+01 1.806819e+01 9.803815e+00 4.369527e+00 5.000000e-02 1.822251e-01 1.671810e-01 9.143192e-01 9.179893e-01 4.377894e-01 1.455139e+00 3.535369e-01 3.098555e-01 2.377819e+00 1.128620e+00 5.229495e-01 6.944508e-01 5.000000e-02 5.000000e-02 7.020339e-02 5.598721e-02 5.172402e-02 1.255874e-01 5.603058e-02 5.654112e-02 5.000000e-02 2.043560e-01 2.529328e-01 1.743164e-01 1.919351e-01 5.000000e-02
<GCONST> 4.649364e+01
<TRANSP> 25
 0.000000e+00 1.000000e+00 0.000000e+00 0.000000e+00 0.000000e+00 0.000000e+00 0.000000e+00 0.000000e+00 0.000000e+00 0.000000e+00 0.000000e+00 0.000000e+00 0.000000e+00 0.000000e+00 0.000000e+00 0.000000e+00 0.000000e+00 0.000000e+00 0.000000e+00 0.000000e+00 0.000000e+00 0.000000e+00 0.000000e+00 0.000000e+00 0.000000e+00
 0.000000e+00 6.375613e-01 3.624388e-01 0.000000e+00 0.000000e+00 0.000000e+00 0.000000e+00 0.000000e+00 0.000000e+00 0.000000e+00 0.000000e+00 0.000000e+00 0.000000e+00 0.000000e+00 0.000000e+00 0.000000e+00 0.000000e+00 0.000000e+00 0.000000e+00 0.000000e+00 0.000000e+00 0.000000e+00 0.000000e+00 0.000000e+00 0.000000e+00
 0.000000e+00 0.000000e+00 5.842088e-01 4.157912e-01 0.000000e+00 0.000000e+00 0.000000e+00 0.000000e+00 0.000000e+00 0.000000e+00 0.000000e+00 0.000000e+00 0.000000e+00 0.000000e+00 0.000000e+00 0.000000e+00 0.000000e+00 0.000000e+00 0.000000e+00 0.000000e+00 0.000000e+00 0.000000e+00 0.000000e+00 0.000000e+00 0.000000e+00
 0.000000e+00 0.000000e+00 0.000000e+00 5.454563e-01 4.545437e-01 0.000000e+00 0.000000e+00 0.000000e+00 0.000000e+00 0.000000e+00 0.000000e+00 0.000000e+00 0.000000e+00 0.000000e+00 0.000000e+00 0.000000e+00 0.000000e+00 0.000000e+00 0.000000e+00 0.000000e+00 0.000000e+00 0.000000e+00 0.000000e+00 0.000000e+00 0.000000e+00
 0.000000e+00 0.000000e+00 0.000000e+00 0.000000e+00 5.004641e-01 4.995359e-01 0.000000e+00 0.000000e+00 0.000000e+00 0.000000e+00 0.000000e+00 0.000000e+00 0.000000e+00 0.000000e+00 0.000000e+00 0.000000e+00 0.000000e+00 0.000000e+00 0.000000e+00 0.000000e+00 0.000000e+00 0.000000e+00 0.000000e+00 0.000000e+00 0.000000e+00
 0.000000e+00 0.000000e+00 0.000000e+00 0.000000e+00 0.000000e+00 6.868611e-01 3.131390e-01 0.000000e+00 0.000000e+00 0.000000e+00 0.000000e+00 0.000000e+00 0.000000e+00 0.000000e+00 0.000000e+00 0.000000e+00 0.000000e+00 0.000000e+00 0.000000e+00 0.000000e+00 0.000000e+00 0.000000e+00 0.000000e+00 0.000000e+00 0.000000e+00
 0.000000e+00 0.000000e+00 0.000000e+00 0.000000e+00 0.000000e+00 0.000000e+00 5.011070e-01 4.988930e-01 0.000000e+00 0.000000e+00 0.000000e+00 0.000000e+00 0.000000e+00 0.000000e+00 0.000000e+00 0.000000e+00 0.000000e+00 0.000000e+00 0.000000e+00 0.000000e+00 0.000000e+00 0.000000e+00 0.000000e+00 0.000000e+00 0.000000e+00
 0.000000e+00 0.000000e+00 0.000000e+00 0.000000e+00 0.000000e+00 0.000000e+00 0.000000e+00 6.667215e-01 3.332785e-01 0.000000e+00 0.000000e+00 0.000000e+00 0.000000e+00 0.000000e+00 0.000000e+00 0.000000e+00 0.000000e+00 0.000000e+00 0.000000e+00 0.000000e+00 0.000000e+00 0.000000e+00 0.000000e+00 0.000000e+00 0.000000e+00
 0.000000e+00 0.000000e+00 0.000000e+00 0.000000e+00 0.000000e+00 0.000000e+00 0.000000e+00 0.000000e+00 6.427838e-01 3.572162e-01 0.000000e+00 0.000000e+00 0.000000e+00 0.000000e+00 0.000000e+00 0.000000e+00 0.000000e+00 0.000000e+00 0.000000e+00 0.000000e+00 0.000000e+00 0.000000e+00 0.000000e+00 0.000000e+00 0.000000e+00
 0.000000e+00 0.000000e+00 0.000000e+00 0.000000e+00 0.000000e+00 0.000000e+00 0.000000e+00 0.000000e+00 0.000000e+00 2.858841e-01 7.141159e-01 0.000000e+00 0.000000e+00 0.000000e+00 0.000000e+00 0.000000e+00 0.000000e+00 0.000000e+00 0.000000e+00 0.000000e+00 0.000000e+00 0.000000e+00 0.000000e+00 0.000000e+00 0.000000e+00
 0.000000e+00 0.000000e+00 0.000000e+00 0.000000e+00 0.000000e+00 0.000000e+00 0.000000e+00 0.000000e+00 0.000000e+00 0.000000e+00 5.453448e-01 4.546553e-01 0.000000e+00 0.000000e+00 0.000000e+00 0.000000e+00 0.000000e+00 0.000000e+00 0.000000e+00 0.000000e+00 0.000000e+00 0.000000e+00 0.000000e+00 0.000000e+00 0.000000e+00
 0.000000e+00 0.000000e+00 0.000000e+00 0.000000e+00 0.000000e+00 0.000000e+00 0.000000e+00 0.000000e+00 0.000000e+00 0.000000e+00 0.000000e+00 5.833057e-01 4.166944e-01 0.000000e+00 0.000000e+00 0.000000e+00 0.000000e+00 0.000000e+00 0.000000e+00 0.000000e+00 0.000000e+00 0.000000e+00 0.000000e+00 0.000000e+00 0.000000e+00
 0.000000e+00 0.000000e+00 0.000000e+00 0.000000e+00 0.000000e+00 0.000000e+00 0.000000e+00 0.000000e+00 0.000000e+00 0.000000e+00 0.000000e+00 0.000000e+00 6.429422e-01 3.570578e-01 0.000000e+00 0.000000e+00 0.000000e+00 0.000000e+00 0.000000e+00 0.000000e+00 0.000000e+00 0.000000e+00 0.000000e+00 0.000000e+00 0.000000e+00
 0.000000e+00 0.000000e+00 0.000000e+00 0.000000e+00 0.000000e+00 0.000000e+00 0.000000e+00 0.000000e+00 0.000000e+00 0.000000e+00 0.000000e+00 0.000000e+00 0.000000e+00 5.467928e-01 4.532072e-01 0.000000e+00 0.000000e+00 0.000000e+00 0.000000e+00 0.000000e+00 0.000000e+00 0.000000e+00 0.000000e+00 0.000000e+00 0.000000e+00
 0.000000e+00 0.000000e+00 0.000000e+00 0.000000e+00 0.000000e+00 0.000000e+00 0.000000e+00 0.000000e+00 0.000000e+00 0.000000e+00 0.000000e+00 0.000000e+00 0.000000e+00 0.000000e+00 5.441071e-01 4.558930e-01 0.000000e+00 0.000000e+00 0.000000e+00 0.000000e+00 0.000000e+00 0.000000e+00 0.000000e+00 0.000000e+00 0.000000e+00
 0.000000e+00 0.000000e+00 0.000000e+00 0.000000e+00 0.000000e+00 0.000000e+00 0.000000e+00 0.000000e+00 0.000000e+00 0.000000e+00 0.000000e+00 0.000000e+00 0.000000e+00 0.000000e+00 0.000000e+00 5.839385e-01 4.160616e-01 0.000000e+00 0.000000e+00 0.000000e+00 0.000000e+00 0.000000e+00 0.000000e+00 0.000000e+00 0.000000e+00
 0.000000e+00 0.000000e+00 0.000000e+00 0.000000e+00 0.000000e+00 0.000000e+00 0.000000e+00 0.000000e+00 0.000000e+00 0.000000e+00 0.000000e+00 0.000000e+00 0.000000e+00 0.000000e+00 0.000000e+00 0.000000e+00 5.448350e-01 4.551650e-01 0.000000e+00 0.000000e+00 0.000000e+00 0.000000e+00 0.000000e+00 0.000000e+00 0.000000e+00
 0.000000e+00 0.000000e+00 0.000000e+00 0.000000e+00 0.000000e+00 0.000000e+00 0.000000e+00 0.000000e+00 0.000000e+00 0.000000e+00 0.000000e+00 0.000000e+00 0.000000e+00 0.000000e+00 0.000000e+00 0.000000e+00 0.000000e+00 6.428729e-01 3.571271e-01 0.000000e+00 0.000000e+00 0.000000e+00 0.000000e+00 0.000000e+00 0.000000e+00
 0.000000e+00 0.000000e+00 0.000000e+00 0.000000e+00 0.000000e+00 0.000000e+00 0.000000e+00 0.000000e+00 0.000000e+00 0.000000e+00 0.000000e+00 0.000000e+00 0.000000e+00 0.000000e+00 0.000000e+00 0.000000e+00 0.000000e+00 0.000000e+00 5.454810e-01 4.545189e-01 0.000000e+00 0.000000e+00 0.000000e+00 0.000000e+00 0.000000e+00
 0.000000e+00 0.000000e+00 0.000000e+00 0.000000e+00 0.000000e+00 0.000000e+00 0.000000e+00 0.000000e+00 0.000000e+00 0.000000e+00 0.000000e+00 0.000000e+00 0.000000e+00 0.000000e+00 0.000000e+00 0.000000e+00 0.000000e+00 0.000000e+00 0.000000e+00 5.832455e-01 4.167545e-01 0.000000e+00 0.000000e+00 0.000000e+00 0.000000e+00
 0.000000e+00 0.000000e+00 0.000000e+00 0.000000e+00 0.000000e+00 0.000000e+00 0.000000e+00 0.000000e+00 0.000000e+00 0.000000e+00 0.000000e+00 0.000000e+00 0.000000e+00 0.000000e+00 0.000000e+00 0.000000e+00 0.000000e+00 0.000000e+00 0.000000e+00 0.000000e+00 5.460654e-01 4.539346e-01 0.000000e+00 0.000000e+00 0.000000e+00
 0.000000e+00 0.000000e+00 0.000000e+00 0.000000e+00 0.000000e+00 0.000000e+00 0.000000e+00 0.000000e+00 0.000000e+00 0.000000e+00 0.000000e+00 0.000000e+00 0.000000e+00 0.000000e+00 0.000000e+00 0.000000e+00 0.000000e+00 0.000000e+00 0.000000e+00 0.000000e+00 0.000000e+00 6.424338e-01 3.575663e-01 0.000000e+00 0.000000e+00
 0.000000e+00 0.000000e+00 0.000000e+00 0.000000e+00 0.000000e+00 0.000000e+00 0.000000e+00 0.000000e+00 0.000000e+00 0.000000e+00 0.000000e+00 0.000000e+00 0.000000e+00 0.000000e+00 0.000000e+00 0.000000e+00 0.000000e+00 0.000000e+00 0.000000e+00 0.000000e+00 0.000000e+00 0.000000e+00 4.444548e-01 5.555452e-01 0.000000e+00
 0.000000e+00 0.000000e+00 0.000000e+00 0.000000e+00 0.000000e+00 0.000000e+00 0.000000e+00 0.000000e+00 0.000000e+00 0.000000e+00 0.000000e+00 0.000000e+00 0.000000e+00 0.000000e+00 0.000000e+00 0.000000e+00 0.000000e+00 0.000000e+00 0.000000e+00 0.000000e+00 0.000000e+00 0.000000e+00 0.000000e+00 4.863054e-01 5.136946e-01
 0.000000e+00 0.000000e+00 0.000000e+00 0.000000e+00 0.000000e+00 0.000000e+00 0.000000e+00 0.000000e+00 0.000000e+00 0.000000e+00 0.000000e+00 0.000000e+00 0.000000e+00 0.000000e+00 0.000000e+00 0.000000e+00 0.000000e+00 0.000000e+00 0.000000e+00 0.000000e+00 0.000000e+00 0.000000e+00 0.000000e+00 0.000000e+00 0.000000e+00
<ENDHMM>
