~o
<STREAMINFO> 1 39
<VECSIZE> 39<NULLD><MFCC_E_D_A><DIAGC>
~h "Tie^p"
<BEGINHMM>
<NUMSTATES> 5
<STATE> 2
<MEAN> 39
 -7.081886e+00 -7.582137e+00 -7.496564e-01 -2.188423e+00 -5.577561e-01 -2.259284e+00 3.371743e-01 -4.059692e+00 3.961656e+00 -4.405638e+00 1.186296e+00 5.899528e-01 9.531433e-02 -2.356387e-01 -2.341584e-01 -8.306569e-01 -6.132953e-01 -9.139156e-01 -9.289290e-01 4.553383e-01 -6.193235e-02 9.782123e-02 2.647857e-01 3.087983e-01 7.938557e-02 6.138838e-02 -3.031921e-02 -2.388487e-01 5.624674e-02 -3.147152e-01 -3.648618e-01 -2.496923e-01 9.050287e-02 1.397000e-01 1.599059e-01 3.691902e-01 -5.216226e-02 4.994731e-02 1.389489e-02
<VARIANCE> 39
 7.539356e+00 8.241842e+00 3.412790e+01 9.953199e+00 1.600165e+01 3.090046e+01 1.700486e+01 1.401675e+01 1.993873e+01 1.076178e+01 1.858571e+01 2.124823e+01 5.000000e-02 9.270914e-01 1.448246e+00 2.944452e+00 2.971223e+00 5.011346e+00 4.089728e+00 1.888573e+00 1.788352e+00 1.514537e+00 1.832716e+00 1.947868e+00 2.097628e+00 5.000000e-02 2.098306e-01 2.920266e-01 6.364067e-01 4.762425e-01 6.414539e-01 4.560567e-01 2.846421e-01 4.359400e-01 3.094215e-01 6.264868e-01 4.700773e-01 4.459900e-01 5.000000e-02
<GCONST> 9.429614e+01
<STATE> 3
<MEAN> 39
 -8.235634e+00 -1.653532e+01 -1.800961e+00 -1.804400e+01 -1.552726e+01 -1.318291e+01 7.488041e+00 -3.923894e-01 3.240018e+00 5.962072e+00 -3.296532e+00 -5.300796e+00 9.123558e-01 4.963539e-01 -6.022670e-01 7.828134e-01 -2.708128e-01 -4.136744e-01 3.019141e-01 -1.995552e-01 -3.854679e-02 -6.954457e-02 1.023313e-01 -6.478975e-01 -1.792961e-01 -2.742219e-03 8.480421e-02 1.636436e-01 1.180391e-01 3.183906e-01 1.545150e-01 3.133380e-01 -9.889494e-02 -1.359047e-01 -4.951445e-03 -1.615005e-01 1.170065e-01 3.267979e-02 -1.538768e-02
<VARIANCE> 39
 1.387800e+01 1.274298e+01 2.411231e+01 2.412927e+01 2.630778e+01 3.512103e+01 2.271018e+01 2.292894e+01 2.047615e+01 2.876585e+01 3.272722e+01 1.992951e+01 5.000000e-02 1.145174e+00 1.411480e+00 1.287974e+00 3.547843e+00 4.144599e+00 3.112670e+00 1.888106e+00 2.150309e+00 1.517642e+00 5.177972e+00 1.417631e+00 1.762673e+00 5.000000e-02 1.329094e-01 2.568757e-01 3.112535e-01 2.655289e-01 7.234584e-01 7.187112e-01 2.708596e-01 3.407971e-01 2.372600e-01 6.980296e-01 2.324229e-01 3.249075e-01 5.000000e-02
<GCONST> 9.582108e+01
<STATE> 4
<MEAN> 39
 -1.359275e+00 -1.413023e+01 3.860242e+00 -7.602296e+00 -1.390427e+01 -4.946473e+00 4.997595e+00 -3.813682e+00 3.529048e+00 2.765160e+00 4.907248e-01 -3.870786e+00 2.984799e-01 -2.782425e-01 6.333343e-01 -1.570646e-01 5.332556e-01 6.344048e-01 2.189944e-01 9.736110e-02 1.423781e-02 9.091520e-02 7.291667e-02 4.116634e-01 2.032411e-02 -3.039131e-02 -7.842118e-02 -3.556105e-02 -1.030342e-01 -8.878826e-02 1.086263e-01 -1.174138e-01 2.348821e-02 3.457309e-02 -5.194430e-02 -3.345178e-02 -1.128481e-01 -5.530068e-02 2.790721e-03
<VARIANCE> 39
 5.940447e+00 1.800485e+01 1.866895e+01 1.376121e+01 3.942744e+01 2.118057e+01 1.928922e+01 1.692321e+01 1.580441e+01 1.533246e+01 1.645848e+01 9.335448e+00 5.000000e-02 3.255132e-01 5.440646e-01 8.970733e-01 1.318395e+00 2.852405e+00 2.279576e+00 2.693277e+00 2.184051e+00 1.906704e+00 1.554128e+00 1.632576e+00 1.138486e+00 5.000000e-02 7.740209e-02 1.024708e-01 1.800336e-01 2.564097e-01 6.400171e-01 4.074568e-01 7.009201e-01 4.982702e-01 3.549471e-01 3.135936e-01 2.939509e-01 2.384798e-01 5.000000e-02
<GCONST> 8.457704e+01
<TRANSP> 5
 0.000000e+00 1.000000e+00 0.000000e+00 0.000000e+00 0.000000e+00
 0.000000e+00 9.077604e-01 9.223956e-02 0.000000e+00 0.000000e+00
 0.000000e+00 0.000000e+00 9.434196e-01 5.658042e-02 0.000000e+00
 0.000000e+00 0.000000e+00 0.000000e+00 9.447873e-01 5.521277e-02
 0.000000e+00 0.000000e+00 0.000000e+00 0.000000e+00 0.000000e+00
<ENDHMM>
