~o
<STREAMINFO> 1 39
<VECSIZE> 39<NULLD><MFCC_E_D_A><DIAGC>
~h "To*i"
<BEGINHMM>
<NUMSTATES> 37
<STATE> 2
<MEAN> 39
 -6.154215e+00 -7.896237e+00 -4.446867e-01 -1.531414e+00 8.941975e-01 -3.928522e+00 -4.209207e-01 -5.012846e+00 2.237586e-01 -1.597399e+00 1.211860e+00 -1.481099e+00 -2.603481e-02 -4.400086e-01 1.695254e-01 -1.496424e-01 -1.475500e-01 -1.368518e-01 -9.539309e-02 8.691000e-01 2.087700e-01 -6.593204e-01 -8.403589e-01 -3.613577e-01 -2.392631e-01 2.276984e-02 -2.679985e-01 -2.444078e-01 -9.646368e-01 -7.747977e-01 -1.677378e-01 -6.039752e-01 3.162266e-01 6.583236e-01 6.180550e-01 -4.106032e-01 -3.223109e-01 -1.830219e-01 4.662648e-02
<VARIANCE> 39
 3.367424e+00 1.795980e+00 4.773366e+00 6.276321e+00 7.426033e+00 1.201471e+01 8.398877e+00 7.261570e+00 1.233990e+01 9.073252e+00 1.267928e+01 1.034472e+01 5.000000e-02 5.993786e-01 1.817934e-01 1.584567e-01 9.353911e-01 1.754282e+00 8.245507e-01 3.763379e-01 1.972944e+00 1.905164e+00 9.630747e-01 8.867743e-01 1.833203e+00 5.000000e-02 1.568289e-01 3.285213e-01 9.305634e-02 1.462333e-01 2.002169e-01 6.528061e-02 5.469489e-02 2.449719e-01 4.868056e-01 1.219130e-01 2.082250e-01 1.984684e-01 5.000000e-02
<GCONST> 6.120096e+01
<STATE> 3
<MEAN> 39
 -6.416051e+00 -7.667684e+00 -6.645314e-01 -5.509877e-01 1.591160e+00 -4.139169e+00 2.361545e+00 -8.838784e-01 -1.682402e-01 -5.167866e+00 5.348207e-01 -3.258277e-01 -5.772068e-02 -1.702084e-01 2.850607e-01 -2.457102e+00 -1.547749e+00 4.308749e-02 -1.839924e+00 8.317534e-01 1.857390e+00 1.014570e+00 -1.219464e+00 -4.743078e-01 -3.902918e-01 1.530466e-01 -8.674972e-02 -7.466040e-01 -1.469181e+00 -6.927677e-01 -2.217603e-01 -7.132974e-01 4.294772e-01 2.014751e-01 6.512082e-01 -9.173738e-02 -3.467068e-01 -3.151826e-01 6.209071e-02
<VARIANCE> 39
 1.539195e+00 7.675182e-01 2.664258e+00 2.454196e+00 2.590737e+00 6.596568e+00 7.370888e+00 1.286340e+01 9.922667e+00 8.181952e+00 3.978956e+00 9.635424e+00 5.000000e-02 2.009576e+00 3.019078e+00 1.936922e+00 2.090241e+00 1.529918e+00 1.111906e+00 1.982941e+00 8.950346e-01 3.335530e+00 6.545876e-01 1.102975e+00 9.751750e-01 5.000000e-02 1.659873e-01 3.321170e-01 1.461207e-01 5.058141e-02 1.069780e-01 2.548960e-01 1.619455e-01 2.776022e-01 5.420823e-01 8.796433e-02 3.122562e-01 3.660006e-01 5.000000e-02
<GCONST> 6.560612e+01
<STATE> 4
<MEAN> 39
 -6.523573e+00 -8.609905e+00 -8.927292e+00 -7.994470e+00 1.625199e+00 -7.891732e+00 3.907987e+00 5.781106e+00 6.801008e+00 -4.001124e+00 1.243325e+00 -1.539449e+00 4.483651e-01 -7.950988e-01 -2.461602e+00 -5.415078e+00 -2.526589e+00 -4.199421e-01 -2.482754e+00 1.911203e+00 9.480510e-01 2.130553e+00 -1.488311e+00 -2.306330e+00 -1.126322e+00 2.408617e-01 1.395140e-01 -1.090145e+00 -2.388325e-01 3.421335e-01 2.563672e-01 3.246153e-02 1.857681e-01 -1.168030e+00 -3.940352e-01 -1.493106e-01 -1.287967e-01 -1.837501e-01 3.773459e-03
<VARIANCE> 39
 1.276874e+01 1.756327e+01 2.549915e+01 3.037279e+01 1.918584e+01 2.113500e+01 2.052773e+01 5.593114e+00 2.170725e+01 1.050535e+01 3.239394e+01 1.378798e+01 5.340257e-02 1.621305e+00 3.545015e+00 1.562773e+00 2.134349e+00 8.619565e-01 2.948360e+00 1.664330e+00 2.719597e+00 3.698948e+00 9.014944e-01 2.071213e+00 1.228650e+00 5.000000e-02 1.873291e-01 6.088249e-01 3.864540e-01 4.409218e-01 2.578553e-01 1.647000e-01 3.426490e-01 3.004670e-01 1.177553e+00 2.526442e-01 4.926199e-01 2.762970e-01 5.000000e-02
<GCONST> 9.205514e+01
<STATE> 5
<MEAN> 39
 -1.028557e+01 -1.289508e+01 -1.661250e+01 -9.116469e+00 -1.831189e+00 -1.208218e+01 6.001849e+00 1.562469e+00 6.649897e+00 -8.860636e+00 -6.338172e+00 -3.952330e+00 7.559186e-01 4.422553e-01 -4.119803e+00 -3.379344e+00 -1.140361e+00 3.241475e-01 -1.748409e+00 1.918724e+00 -1.405155e+00 9.063435e-01 -1.944469e+00 -1.393302e+00 -8.077757e-01 1.753668e-01 6.812728e-01 -4.465132e-01 1.205509e+00 5.207118e-01 8.699214e-01 6.813101e-01 -1.280729e-01 -8.224640e-01 -6.813743e-01 4.593842e-01 7.060609e-01 3.041562e-02 -4.884109e-02
<VARIANCE> 39
 2.808724e+01 5.863871e+01 5.661208e+01 2.783062e+01 1.419871e+01 2.371721e+01 4.450185e+01 1.162058e+01 2.667620e+01 6.708819e+00 1.770292e+01 2.691660e+00 5.000000e-02 1.031672e+00 2.331820e+00 1.783464e+00 2.905500e+00 3.829493e+00 7.697638e-01 1.871909e+00 3.978584e+00 6.531497e+00 2.700662e-01 1.468743e+00 8.750244e-01 5.000000e-02 3.688454e-01 1.700552e+00 3.956704e-01 6.620347e-01 1.940241e-01 4.138024e-01 4.139295e-01 3.074330e-01 8.577964e-01 1.808032e-01 5.617590e-01 1.866867e-01 5.000000e-02
<GCONST> 9.449973e+01
<STATE> 6
<MEAN> 39
 -6.206958e+00 -2.305030e+01 -1.858902e+01 -1.028957e+01 2.139036e+00 -1.325916e+01 9.812765e+00 -1.002540e+00 6.915174e+00 -1.081982e+01 -3.343527e+00 -5.066211e+00 9.082192e-01 1.224342e+00 -2.959064e+00 -4.571317e-01 -1.456612e-01 2.351162e+00 3.080350e-01 1.075171e+00 -1.846112e+00 -1.067021e+00 6.573211e-01 5.600128e-01 -8.109946e-01 5.436369e-02 -1.607767e-02 1.189800e+00 1.189231e+00 1.162683e-01 3.868256e-01 8.086438e-01 -5.752615e-01 -2.051493e-01 -3.601442e-01 1.005674e+00 6.623616e-02 9.483241e-02 -4.752237e-02
<VARIANCE> 39
 1.087497e+01 4.879274e+00 1.980153e+01 1.511733e+01 4.041818e+01 1.843701e+01 3.029847e+01 9.476685e+00 3.143453e+01 5.123382e+00 4.591793e+00 2.720085e+00 5.000000e-02 1.221340e+00 5.144513e+00 1.914116e+00 2.561048e+00 1.029265e+00 1.065785e+00 2.303262e+00 6.812262e-01 2.212536e+00 7.361779e-01 1.749249e+00 5.889941e-01 5.000000e-02 2.211388e-01 1.816981e-01 3.201807e-01 2.450808e-01 7.649087e-01 1.591686e-01 2.283427e-01 2.367878e-01 8.599382e-01 5.000000e-02 1.582497e-01 1.541845e-01 5.000000e-02
<GCONST> 7.908906e+01
<STATE> 7
<MEAN> 39
 -4.759880e+00 -2.257652e+01 -1.926758e+01 -9.973580e+00 7.609933e+00 -1.218992e+01 1.063095e+01 -4.191847e+00 3.277205e+00 -8.058226e+00 -3.282288e+00 -5.895681e+00 9.567726e-01 5.658619e-01 -3.591558e-02 3.149768e-01 -7.674795e-01 2.162851e+00 8.868437e-01 1.752120e-01 -1.558426e+00 -1.371082e-01 1.593734e+00 -7.069126e-01 -4.088265e-01 1.592563e-02 -2.302632e-01 9.355168e-01 2.258632e-01 -2.263308e-01 -4.368047e-01 2.477447e-01 -3.104738e-01 2.809177e-01 5.786130e-01 4.756261e-01 -5.135009e-01 9.016255e-02 -1.637973e-02
<VARIANCE> 39
 7.363525e+00 9.949126e+00 3.081955e+01 1.426652e+01 1.405552e+01 9.233650e+00 1.485022e+01 9.041510e+00 1.135628e+01 6.116881e+00 1.582711e+00 2.845155e+00 5.000000e-02 1.360672e-01 4.780971e-01 1.063190e+00 3.346087e-01 2.106402e+00 1.268183e-01 3.348419e-01 3.048939e-01 1.086984e+00 8.879008e-01 4.410132e-01 4.534167e-01 5.000000e-02 1.547372e-01 3.595627e-01 1.371003e-01 3.254488e-01 9.482319e-02 5.434779e-02 3.789321e-01 8.412239e-02 3.898216e-01 5.142614e-02 5.000000e-02 5.000000e-02 5.000000e-02
<GCONST> 5.495468e+01
<STATE> 8
<MEAN> 39
 -3.950616e+00 -2.352011e+01 -1.703200e+01 -1.187399e+01 9.665583e+00 -1.115906e+01 1.161331e+01 -5.666481e+00 5.129480e+00 -5.141590e+00 -6.306675e+00 -7.338784e+00 9.573897e-01 3.758677e-02 9.898419e-02 2.330299e-01 -1.247917e+00 7.849107e-01 1.001795e+00 -3.284969e-01 -1.442500e+00 5.945086e-01 1.753771e+00 -1.418015e+00 -4.816002e-01 6.082814e-03 -1.571461e-01 3.478457e-01 -2.466200e-01 -9.002062e-02 -7.363891e-01 4.574261e-02 -4.085077e-01 4.352529e-01 6.238614e-01 3.748591e-02 -7.297065e-03 1.861525e-01 -6.021913e-03
<VARIANCE> 39
 3.257011e+00 9.632898e+00 3.959391e+01 2.056439e+01 8.458793e+00 8.745568e+00 2.536894e+01 8.929979e+00 1.963940e+01 9.256978e+00 5.643103e+00 3.607939e+00 5.000000e-02 2.072681e-01 1.376981e-01 3.386677e-01 7.800518e-01 6.994184e-01 1.365007e-01 1.084727e+00 2.191900e-01 1.104718e+00 3.828405e-01 4.424088e-01 9.772943e-02 5.000000e-02 5.000000e-02 1.914814e-01 2.064814e-01 3.248547e-01 2.171070e-01 5.000000e-02 1.064708e-01 5.000000e-02 1.643605e-01 5.000000e-02 7.661245e-02 6.894298e-02 5.000000e-02
<GCONST> 5.095258e+01
<STATE> 9
<MEAN> 39
 -4.640340e+00 -2.275478e+01 -1.772850e+01 -1.323529e+01 7.985878e+00 -8.811584e+00 9.500746e+00 -7.217228e+00 6.593063e+00 -2.501215e+00 -7.348389e+00 -6.982175e+00 9.565738e-01 3.303865e-01 4.010768e-01 -1.872252e-01 -8.230432e-01 1.938124e-01 9.721982e-01 -6.515908e-01 -4.338889e-01 1.392852e+00 1.582740e+00 -1.201174e-01 -3.659451e-01 2.084910e-03 1.025308e-02 -4.941684e-02 -3.385514e-03 2.343500e-02 -9.482002e-02 -4.107980e-02 -4.817738e-01 6.098680e-01 1.719529e-01 -1.290502e-01 1.268988e-01 -6.190500e-02 4.631782e-04
<VARIANCE> 39
 4.606304e+00 1.347184e+01 2.583224e+01 1.085609e+01 2.487451e+01 1.627804e+01 2.961217e+01 6.418642e+00 1.020425e+01 1.165711e+01 2.529064e+00 2.443493e+00 5.000000e-02 1.295256e-01 1.180847e-01 3.772006e-01 8.008866e-01 7.194925e-01 1.785289e-01 9.811368e-01 2.344444e-01 7.814978e-01 4.904724e-01 4.796577e-01 2.875110e-01 5.000000e-02 5.000000e-02 5.388628e-02 7.194124e-02 7.370244e-02 5.000000e-02 5.000000e-02 1.245804e-01 5.000000e-02 2.032724e-01 1.118021e-01 1.284506e-01 5.000000e-02 5.000000e-02
<GCONST> 4.740787e+01
<STATE> 10
<MEAN> 39
 -3.727933e+00 -2.267104e+01 -1.748903e+01 -1.620015e+01 9.396145e+00 -6.860309e+00 6.695054e+00 -8.408989e+00 1.105369e+01 -9.025832e-01 -6.937283e+00 -7.970102e+00 9.692417e-01 4.171455e-01 -6.162106e-02 1.488441e-01 -8.626093e-01 3.152883e-01 7.860372e-01 -1.988419e+00 1.213235e+00 8.396703e-01 1.392421e+00 -1.269269e+00 -2.553740e-01 7.196022e-03 -7.022210e-02 -2.953884e-02 2.045572e-02 2.685792e-01 -2.289414e-01 -7.532710e-02 -2.037866e-01 7.295079e-01 -4.884096e-01 -2.847317e-01 -3.359405e-01 2.656874e-04 3.327927e-04
<VARIANCE> 39
 3.463202e+00 2.656211e+00 1.924347e+01 4.918829e+00 1.347991e+01 1.182391e+01 1.507113e+01 7.645452e+00 2.452405e+01 1.872332e+01 1.174808e+01 7.299943e+00 5.000000e-02 1.278876e-01 2.769318e-01 5.535620e-01 3.821092e-01 7.320701e-01 4.691581e-01 8.958759e-01 6.748567e-01 1.363169e+00 1.090923e+00 8.844107e-01 2.015032e-01 5.000000e-02 5.000000e-02 5.000000e-02 5.000000e-02 1.728804e-01 1.262359e-01 7.982653e-02 4.477609e-01 9.923848e-02 2.289980e-01 1.622338e-01 1.495845e-01 6.989897e-02 5.000000e-02
<GCONST> 5.575772e+01
<STATE> 11
<MEAN> 39
 -3.510678e+00 -2.114059e+01 -1.998174e+01 -1.540997e+01 1.149028e+01 -7.848102e+00 4.470517e+00 -4.556150e+00 9.032949e+00 2.222122e+00 -1.027343e+01 -8.885407e+00 9.838475e-01 -4.034475e-02 1.020762e-01 -1.074741e-01 -2.828165e-01 -2.711143e-01 5.047958e-01 -1.855316e+00 1.412257e+00 5.379727e-01 7.683095e-01 -1.868828e+00 -7.038802e-01 7.829387e-03 -1.590918e-01 1.300685e-02 1.957102e-01 4.006780e-02 -2.630728e-01 -1.941822e-01 6.193857e-01 -1.584642e-01 -8.056542e-02 -8.257517e-01 -4.365521e-02 9.633008e-02 -2.583090e-03
<VARIANCE> 39
 3.864277e+00 2.008846e+01 3.884726e+01 1.873891e+01 2.731915e+01 1.034793e+01 2.634865e+01 1.997289e+00 1.878489e+01 1.259119e+01 5.720695e+00 5.546462e+00 5.000000e-02 6.249700e-02 2.696584e-01 3.602989e-01 4.446318e-01 9.467915e-01 4.620071e-01 1.581454e+00 1.115665e+00 8.903557e-01 1.184120e+00 1.970600e-01 3.496055e-01 5.000000e-02 5.000000e-02 7.324836e-02 8.275368e-02 6.234481e-02 1.467787e-01 1.275669e-01 1.897194e-01 5.000000e-02 2.582502e-01 2.403602e-01 2.733236e-01 7.698374e-02 5.000000e-02
<GCONST> 5.721389e+01
<STATE> 12
<MEAN> 39
 -3.234243e+00 -2.292367e+01 -1.668641e+01 -1.644542e+01 8.342354e+00 -4.419097e+00 1.437782e+00 -1.188217e+00 1.144190e+01 1.670256e+00 -1.310858e+01 -9.487621e+00 9.944382e-01 -2.979632e-01 3.700447e-01 4.402803e-01 -4.723977e-01 -5.755811e-01 2.089717e-01 4.747274e-01 8.604715e-01 -2.106697e-02 -1.169876e+00 -4.985623e-01 1.923528e-04 -4.892879e-03 -1.455300e-01 3.127142e-01 -6.206354e-02 -9.604295e-02 -1.300402e-01 -2.268910e-01 7.544628e-01 -4.607335e-01 -3.709064e-01 -5.194916e-01 6.801578e-01 5.073175e-01 -7.440698e-03
<VARIANCE> 39
 4.374757e+00 1.385723e+01 2.692517e+01 1.834113e+01 1.485684e+01 1.449819e+01 2.174410e+01 1.702905e+01 1.779582e+01 1.475953e+01 4.808828e+00 3.098536e+00 5.000000e-02 5.000000e-02 4.579183e-01 3.121219e-01 4.528043e-01 8.638656e-01 1.182412e+00 6.048879e-01 1.479972e+00 1.426309e+00 5.799927e-01 8.054696e-01 4.621012e-01 5.000000e-02 5.000000e-02 1.736523e-01 6.795202e-02 1.251823e-01 1.177112e-01 4.031247e-01 2.041040e-01 2.884283e-01 3.093673e-01 1.953130e-01 5.000000e-02 7.597003e-02 5.000000e-02
<GCONST> 6.178162e+01
<STATE> 13
<MEAN> 39
 -4.752296e+00 -2.157400e+01 -1.718735e+01 -1.795781e+01 8.119765e+00 -6.290575e+00 4.169205e+00 -1.367828e+00 9.946457e+00 -6.854482e-01 -1.303962e+01 -9.344330e+00 9.788073e-01 -4.977993e-01 9.584121e-01 9.429540e-02 -7.566078e-01 -5.215406e-01 -6.535840e-02 1.113875e+00 3.739615e-02 -5.470485e-01 -1.648976e+00 5.368377e-01 1.129803e+00 -1.662152e-02 8.099087e-02 1.460788e-01 -1.360549e-01 1.664603e-01 -5.622911e-02 -2.406175e-01 2.579513e-01 -2.502260e-01 -5.050119e-01 -1.200096e-01 3.194996e-01 5.038139e-01 -5.816069e-03
<VARIANCE> 39
 3.931394e+00 1.029719e+01 4.079993e+01 1.245213e+01 7.090871e+00 4.074511e+01 1.914875e+01 1.608731e+01 1.724780e+01 4.328643e+00 1.420848e+01 2.816305e+00 5.000000e-02 6.340600e-02 1.149351e+00 6.648737e-01 6.830916e-01 9.234492e-01 1.817128e+00 1.794766e+00 1.907395e+00 1.881061e+00 6.869984e-01 2.425676e-01 2.361246e-01 5.000000e-02 5.000000e-02 1.030203e-01 5.492388e-02 8.816121e-02 2.876684e-01 6.753965e-01 1.846418e-01 1.747615e-01 3.370449e-01 1.101437e-01 8.051145e-02 6.283076e-02 5.000000e-02
<GCONST> 6.350534e+01
<STATE> 14
<MEAN> 39
 -5.147577e+00 -1.969218e+01 -1.621263e+01 -1.927518e+01 5.885565e+00 -3.185515e+00 4.137080e+00 -1.697515e+00 1.061311e+01 -2.504621e+00 -1.136648e+01 -6.326729e+00 9.537433e-01 -7.236206e-02 1.094618e+00 -2.294879e-01 -8.673364e-03 -9.179303e-01 2.627932e-01 7.204385e-01 1.319634e-01 -1.764574e+00 -1.020620e+00 2.490380e-01 1.602708e+00 -1.983174e-02 1.953128e-01 -3.322348e-01 1.130323e-01 3.929000e-01 -6.553435e-02 -4.734424e-01 -7.262006e-02 8.214203e-02 -3.741961e-01 1.684007e-02 -1.893551e-01 9.471492e-02 -2.120423e-03
<VARIANCE> 39
 3.441628e+00 8.826947e+00 2.035427e+01 2.133482e+01 1.750557e+01 2.885090e+01 5.251530e+01 9.981606e+00 1.185931e+01 5.082886e+00 7.193766e+00 7.273820e+00 5.000000e-02 1.128033e-01 6.062520e-01 1.455428e-01 5.613206e-01 1.132757e+00 4.348045e+00 1.248459e+00 1.412467e+00 6.883941e-01 9.686249e-01 3.485242e-01 1.399253e-01 5.000000e-02 5.000000e-02 1.961306e-01 2.267575e-01 2.156193e-01 5.252575e-01 2.786616e-01 2.840423e-01 3.341654e-01 3.409162e-01 1.256887e-01 8.229214e-02 6.050091e-02 5.000000e-02
<GCONST> 6.589691e+01
<STATE> 15
<MEAN> 39
 -4.599863e+00 -1.811898e+01 -1.805784e+01 -1.703650e+01 5.124774e+00 -5.681138e+00 6.743519e+00 -1.530299e+00 5.153086e+00 -4.884520e+00 -1.262174e+01 -4.947587e+00 9.183186e-01 1.852307e-02 -6.110235e-02 2.712019e-01 7.554399e-01 -1.353452e+00 -1.614383e+00 5.350803e-01 6.340291e-01 -1.644545e+00 -1.541637e+00 -4.772848e-01 1.285364e+00 -2.335519e-02 -7.201969e-03 -5.419082e-01 2.489702e-01 2.331041e-01 -1.975333e-01 -8.908420e-01 1.102685e-02 2.704527e-01 5.221726e-01 2.618136e-01 1.875577e-01 -1.877591e-01 7.900483e-04
<VARIANCE> 39
 4.447093e+00 5.156206e+00 2.513728e+01 1.035772e+01 1.953841e+01 6.474354e+01 2.651200e+01 1.089909e+01 1.318916e+01 6.988616e+00 5.206309e+00 3.153141e+00 5.000000e-02 2.394751e-01 4.563458e-01 8.187823e-01 1.090196e+00 2.655550e+00 2.278777e+00 5.451478e-01 4.027980e-01 8.943955e-01 7.814115e-01 3.783004e-01 1.314806e-01 5.000000e-02 5.000000e-02 8.341280e-02 5.000000e-02 1.206873e-01 1.358840e-01 5.308252e-01 1.267148e-01 1.720341e-01 2.070008e-01 1.463407e-01 8.527963e-02 5.000000e-02 5.000000e-02
<GCONST> 6.011369e+01
<STATE> 16
<MEAN> 39
 -3.935444e+00 -1.930716e+01 -1.593771e+01 -1.703390e+01 4.504246e+00 -8.742280e+00 5.649448e+00 1.907243e-01 3.978615e+00 -6.864722e+00 -1.491196e+01 -2.663079e+00 8.749074e-01 6.581375e-02 -1.266599e+00 9.277557e-01 5.690541e-01 -1.339391e+00 -2.669464e+00 8.923633e-01 1.181704e+00 9.055412e-02 -4.112139e-01 5.348957e-01 1.045326e+00 -1.816510e-02 2.808084e-02 -6.923902e-02 2.789692e-01 1.679468e-02 -4.356766e-01 -3.076222e-01 1.094831e-01 1.908840e-01 6.750520e-01 6.946929e-01 6.124626e-01 -4.731431e-01 5.801241e-03
<VARIANCE> 39
 4.032423e+00 7.163278e+00 2.786994e+01 1.644348e+01 1.599847e+01 8.453088e+01 4.872956e+01 2.874077e+00 7.975130e-01 7.665796e+00 1.473043e+01 2.961762e+00 5.000000e-02 3.839017e-01 6.790903e-01 5.192479e-01 1.367771e+00 2.167560e+00 1.665910e+00 9.688440e-01 5.688093e-01 5.579259e-01 1.229667e+00 1.271964e+00 3.114948e-01 5.000000e-02 5.000000e-02 8.715655e-02 5.000000e-02 1.083255e-01 3.299684e-01 3.646460e-01 6.428394e-02 2.635719e-01 6.501970e-02 1.193470e-01 9.248748e-02 2.234853e-01 5.000000e-02
<GCONST> 6.203014e+01
<STATE> 17
<MEAN> 39
 -4.916434e+00 -2.142455e+01 -1.624689e+01 -1.322640e+01 2.756173e-01 -1.653579e+01 1.073454e+01 2.152790e+00 5.683305e+00 -7.215149e+00 -9.095308e+00 -1.042357e+00 8.554829e-01 1.067437e-01 -3.374620e-01 1.362079e+00 4.278694e-01 -2.210907e+00 -2.894433e+00 1.168129e+00 6.047241e-01 6.524668e-01 1.159755e+00 1.863839e+00 -8.046643e-01 -3.679450e-03 1.077238e-02 3.598839e-01 3.637942e-01 -6.308805e-01 -1.300477e-02 6.151925e-01 -1.005873e-01 -4.063180e-01 -1.330666e-01 7.891340e-01 -8.741677e-02 -1.152646e+00 4.671274e-03
<VARIANCE> 39
 6.702493e+00 4.362578e+00 2.694121e+01 1.895495e+01 2.846422e+01 6.852800e+01 3.221407e+01 4.406324e+00 3.866057e+00 1.132984e+01 1.412275e+01 5.846739e+00 5.000000e-02 9.971315e-02 3.466018e-01 2.177343e-01 5.739724e-01 3.808756e-01 1.349514e+00 1.129475e+00 1.021748e+00 2.358195e-01 1.519874e+00 1.001440e+00 2.222867e+00 5.000000e-02 5.000000e-02 8.183908e-02 5.062613e-02 1.991235e-01 3.363423e-01 4.339577e-01 2.252666e-01 2.735246e-01 2.040435e-01 3.138362e-01 3.036413e-01 3.733576e-01 5.000000e-02
<GCONST> 6.710059e+01
<STATE> 18
<MEAN> 39
 -2.874485e+00 -2.250708e+01 -9.640770e+00 -1.806929e+01 -2.929621e+00 -1.490677e+01 6.174186e+00 4.892535e+00 5.635317e+00 -2.758919e+00 -9.760075e+00 -2.228336e+00 8.689063e-01 4.368211e-02 4.961767e-01 1.922089e+00 -5.456994e-01 -1.832518e+00 -1.429886e+00 1.541735e+00 5.578589e-01 -3.211813e-01 1.005785e+00 7.059675e-01 -1.689591e+00 1.368842e-03 -1.993463e-01 1.830108e-01 1.183350e-01 -3.304428e-01 6.600349e-01 8.452850e-01 2.628017e-01 -7.095140e-01 -6.447225e-01 -4.827429e-03 -6.034911e-01 -6.229579e-01 -4.810144e-03
<VARIANCE> 39
 6.269354e+00 1.092121e+01 2.646165e+01 3.550811e+01 1.289867e+01 7.222761e+01 1.087812e+02 2.228214e+01 7.477129e+00 1.410838e+01 3.194075e+01 1.478432e+01 5.000000e-02 6.449853e-02 2.547046e-01 5.000000e-02 1.194981e+00 5.834541e-01 1.619244e+00 3.595447e+00 1.858123e+00 4.311633e-01 2.353822e+00 5.914088e-01 5.033841e+00 5.000000e-02 5.000000e-02 1.783796e-01 5.000000e-02 3.013867e-01 1.207549e-01 2.486078e-01 7.007137e-01 4.519382e-01 8.676320e-02 2.473236e-01 2.969464e-01 2.945051e-01 5.000000e-02
<GCONST> 7.538101e+01
<STATE> 19
<MEAN> 39
 -4.498231e+00 -1.956510e+01 -1.022745e+01 -1.709239e+01 -4.879574e+00 -1.999727e+01 1.362582e+01 1.939978e+00 4.181949e+00 -1.401834e-01 -7.170592e+00 -1.082346e+01 8.650311e-01 -2.740930e-01 -6.279249e-02 1.939422e+00 -1.355696e+00 9.888890e-02 6.451689e-01 4.568313e-01 -1.286025e+00 -1.818080e+00 9.413985e-01 -1.092459e+00 -2.469182e+00 -2.222537e-02 -1.972123e-01 -1.830201e-01 1.220332e-01 -1.181058e-01 5.703363e-01 5.726279e-01 -4.496760e-01 -2.805302e-01 -5.155860e-02 -2.762484e-01 -5.845087e-01 8.777477e-01 -1.132520e-02
<VARIANCE> 39
 6.147658e+00 6.142594e+00 2.196371e+01 1.525553e+01 2.049250e+01 2.252437e+01 2.469301e+01 2.707613e+01 2.299836e+01 8.826000e+00 4.615559e+00 1.894776e+01 5.000000e-02 1.426377e-01 1.518492e+00 2.511234e-01 9.154220e-01 7.652236e-01 7.941663e-01 2.163745e+00 1.531644e+00 9.183829e-01 1.013331e+00 1.097866e+00 3.022231e+00 5.000000e-02 5.000000e-02 9.334413e-02 5.000000e-02 2.930175e-01 8.355537e-02 5.132427e-01 1.036851e-01 4.077117e-01 7.200991e-01 3.060259e-01 2.526074e-01 3.981504e-01 5.000000e-02
<GCONST> 7.367483e+01
<STATE> 20
<MEAN> 39
 -5.799443e+00 -1.999643e+01 -6.021404e+00 -1.815034e+01 -3.632327e+00 -1.681670e+01 1.389253e+01 -1.302165e+00 1.298665e+00 -1.253518e+00 -9.944078e+00 -1.296535e+01 7.898455e-01 -6.367178e-01 -3.173256e-01 2.028636e+00 -9.253196e-01 4.695270e-01 1.318092e+00 -4.066260e-01 -1.581291e+00 -6.125500e-01 6.871406e-01 -1.558287e+00 5.926404e-02 -4.174837e-02 -1.202457e-01 -1.036253e-01 -8.817933e-02 -1.253408e-01 -1.475466e-01 1.476225e-01 -6.988751e-01 2.772560e-02 8.306617e-01 5.132400e-01 2.277322e-01 1.547804e+00 -7.691896e-03
<VARIANCE> 39
 7.463815e+00 1.852118e+01 1.732838e+01 4.214629e+00 3.861657e+00 2.501284e+01 9.839894e+00 1.844994e+01 3.265533e+01 4.541672e+00 4.591852e+00 3.126619e+01 5.000000e-02 2.377515e-01 5.979512e-01 9.531491e-01 1.938861e+00 4.281054e-01 1.333571e+00 2.967978e+00 1.935764e+00 2.927721e+00 6.467872e-01 5.177378e-01 1.944518e+00 5.000000e-02 7.685629e-02 5.531050e-01 1.201615e-01 2.318367e-01 8.459813e-02 1.633419e-01 1.984647e-01 7.338570e-01 6.055781e-01 1.399641e-01 1.490639e-01 3.238557e-01 5.000000e-02
<GCONST> 7.369864e+01
<STATE> 21
<MEAN> 39
 -6.349737e+00 -2.144144e+01 -2.112557e+00 -2.006777e+01 -3.989886e+00 -1.444173e+01 1.006935e+01 -2.937736e+00 8.061032e-01 6.303935e-01 -1.374100e+01 -9.357837e+00 7.337856e-01 -1.001031e+00 1.484725e-01 1.667210e+00 -1.633676e+00 -2.565925e-01 9.545617e-01 -1.287233e+00 -6.889959e-01 1.106336e+00 2.326121e+00 -4.326482e-01 2.243115e+00 -4.549698e-02 4.792693e-01 6.292158e-02 -7.956914e-01 3.182181e-01 -3.262606e-01 5.850456e-02 -3.021533e-01 5.371129e-01 5.929880e-01 7.405582e-02 5.705397e-01 7.054527e-01 -6.803825e-03
<VARIANCE> 39
 1.217940e+01 1.565614e+01 2.243202e+01 1.271756e+01 9.066749e+00 5.265272e+01 2.565144e+01 2.106448e+01 3.805815e+01 6.000575e+00 9.517587e+00 3.730749e+00 5.000000e-02 1.079952e+00 2.145529e+00 1.285091e+00 8.240995e-01 5.870615e-01 1.145197e+00 1.398090e+00 2.555415e+00 5.802471e+00 7.660339e-01 1.013603e+00 7.045221e-01 5.000000e-02 1.852405e-01 3.665064e-01 2.706879e-01 3.523842e-01 8.148917e-02 3.554181e-01 6.354949e-01 3.870901e-01 6.930017e-01 3.739713e-01 1.335633e-01 2.681218e-01 5.000000e-02
<GCONST> 8.332066e+01
<STATE> 22
<MEAN> 39
 -9.018307e+00 -2.150331e+01 1.535626e-01 -2.557684e+01 -4.613189e+00 -1.389639e+01 1.051407e+01 -1.965667e+00 5.946371e+00 6.289860e+00 -1.198886e+01 -5.651325e+00 6.836911e-01 3.373486e-01 1.049828e-02 6.137622e-02 -5.385640e-01 -7.364842e-01 3.115240e-01 -1.320403e+00 -2.258936e-01 1.188735e+00 1.761213e+00 8.446470e-01 2.795898e+00 -5.780083e-02 1.137048e+00 -3.063378e-01 -1.022963e+00 1.537678e+00 -4.883185e-01 5.290548e-01 -5.391830e-01 6.011546e-01 1.376260e-01 -1.159204e+00 1.283982e-01 -2.231734e-01 -5.021709e-03
<VARIANCE> 39
 9.017705e+00 5.960527e+00 1.486236e+01 1.328805e+01 1.439660e+01 3.726723e+01 2.469498e+01 5.039400e+00 1.994846e+01 9.091843e+00 7.035664e+00 3.825185e+01 5.000000e-02 1.396282e+00 1.828375e+00 3.305503e+00 1.114974e+00 1.543269e-01 3.060945e+00 1.526080e+00 5.100631e+00 7.137862e-01 1.908951e+00 1.420005e+00 5.404118e-01 5.000000e-02 1.873246e-01 1.104345e-01 5.000000e-02 2.813570e-01 2.856439e-01 3.567467e-01 6.902545e-01 4.019296e-01 6.698382e-01 3.879980e-01 3.405055e-01 3.114437e-01 5.000000e-02
<GCONST> 8.215376e+01
<STATE> 23
<MEAN> 39
 -4.679011e+00 -2.083778e+01 -3.364816e+00 -2.224726e+01 -5.072263e+00 -1.373737e+01 7.233083e+00 -2.849595e+00 3.587668e+00 5.975418e+00 -1.001815e+01 -6.860200e-01 5.569549e-01 2.671566e+00 -1.294580e+00 -1.512065e+00 2.925492e+00 -1.404028e+00 2.683897e+00 -1.835924e+00 5.783910e-01 1.106052e+00 -1.353225e+00 4.458708e-01 1.210449e+00 -6.385843e-02 4.580151e-01 -2.543061e-01 -6.178588e-01 1.316526e+00 -8.605335e-02 3.520130e-01 -1.073752e-03 3.738848e-02 -1.710698e-01 -1.235294e+00 4.115574e-02 -1.032133e+00 2.844506e-03
<VARIANCE> 39
 8.790286e+00 8.126348e+00 1.022234e+01 1.253268e+01 1.989657e+01 5.160561e+01 2.736040e+01 1.398595e+01 1.124807e+01 2.848202e+01 2.459829e+01 1.085044e+01 5.000000e-02 1.034844e+00 4.964500e-01 1.249062e+00 2.523336e+00 2.149649e+00 3.240103e+00 2.204212e+00 2.428499e+00 1.227913e+00 3.146379e+00 9.421054e-01 1.524161e+00 5.000000e-02 3.058898e-01 3.508878e-01 6.810016e-01 3.258083e-01 2.340537e-01 8.976499e-01 4.432188e-01 8.351380e-01 1.481906e-01 4.767336e-01 3.116771e-01 1.246623e-01 5.000000e-02
<GCONST> 8.967376e+01
<STATE> 24
<MEAN> 39
 1.111964e+00 -2.503501e+01 -4.300519e+00 -1.403425e+01 -1.016108e+01 -5.015765e+00 2.463111e+00 -1.598000e+00 9.099038e+00 1.563392e+00 -1.194480e+01 -2.985190e+00 4.899177e-01 2.091868e+00 -9.918524e-01 -1.666447e+00 4.117125e+00 -1.003134e+00 2.106050e+00 -1.458839e+00 3.588828e-01 5.829931e-01 -2.694107e+00 3.494488e-01 -1.176645e+00 -4.774963e-02 -5.726684e-01 5.524796e-01 -2.853554e-02 4.378740e-02 6.660264e-01 -5.377275e-01 5.113147e-01 -9.729416e-02 -7.584730e-01 -4.519654e-02 1.922782e-01 -4.504649e-01 9.081601e-03
<VARIANCE> 39
 1.272143e+00 3.543512e+00 1.238823e+01 2.091531e+01 1.613550e+01 2.438847e+01 3.487937e+00 1.353443e+01 6.769866e+00 2.862087e+01 1.337839e+01 3.942249e+00 5.000000e-02 3.416838e-01 7.313219e-01 1.875861e+00 1.497178e+00 1.762818e+00 2.709460e+00 3.941019e+00 2.813010e+00 7.356499e-01 1.564874e+00 2.242280e+00 1.188582e+00 5.000000e-02 2.569496e-01 7.107984e-02 1.424293e-01 3.799994e-01 6.206581e-01 6.728255e-01 1.929692e-01 1.464809e-01 9.566114e-02 7.165830e-01 1.740300e-01 1.601212e-01 5.000000e-02
<GCONST> 7.593183e+01
<STATE> 25
<MEAN> 39
 1.384188e+00 -2.581081e+01 -9.288651e+00 -9.286009e+00 -9.013799e+00 -5.723205e+00 2.030190e+00 -1.118912e+00 6.994775e+00 -3.350034e+00 -1.012860e+01 -4.628914e+00 4.070250e-01 7.101674e-01 4.220081e-01 -1.749920e+00 2.646059e+00 4.660827e-01 5.398157e-01 -4.068378e-01 -3.637736e-02 -8.835033e-01 -1.779428e+00 1.013134e+00 -8.033485e-01 -3.124521e-02 -5.965137e-01 5.909854e-01 3.344886e-01 -7.394288e-01 7.627989e-01 -1.080899e+00 7.316371e-01 1.063532e-01 -3.181064e-01 9.013906e-01 1.395497e-01 5.041651e-02 8.908299e-03
<VARIANCE> 39
 2.857787e+00 6.507450e+00 1.181289e+01 5.634469e+00 3.237236e+00 3.246847e+00 1.474103e+01 1.424933e+01 2.697195e+00 7.618140e+00 1.128478e+01 1.539651e+01 5.000000e-02 6.083875e-01 5.237941e-01 2.574058e-01 1.966410e+00 1.276620e+00 3.785694e+00 8.276514e-01 1.364575e+00 8.839830e-01 2.519806e+00 9.107018e-01 2.917838e-01 5.000000e-02 5.000000e-02 9.396345e-02 1.731329e-01 2.257876e-01 1.281025e-01 1.823219e-01 4.512956e-01 3.191770e-01 5.000000e-02 2.072876e-01 2.305552e-01 2.630761e-01 5.000000e-02
<GCONST> 6.337046e+01
<STATE> 26
<MEAN> 39
 2.750778e+00 -2.206380e+01 -1.031113e+01 -5.849576e+00 -5.628974e+00 -6.198230e+00 3.359207e+00 -1.130799e+00 3.804653e+00 -3.930080e+00 -7.572401e+00 -4.202387e+00 3.872057e-01 3.211412e-01 1.118619e+00 -6.960741e-01 1.791780e+00 1.324403e+00 -9.363779e-01 3.531662e-01 3.934332e-01 -6.766499e-01 1.827581e-01 4.741948e-01 -3.283684e-01 -2.148872e-02 -2.903898e-01 6.561064e-02 5.336547e-01 -6.230301e-01 7.727360e-02 -2.835502e-01 8.757022e-02 1.315315e-01 3.120358e-01 6.651983e-01 5.562462e-02 1.907628e-01 3.467284e-03
<VARIANCE> 39
 2.835964e+00 5.135900e+00 2.248305e+01 5.940460e+00 8.028310e+00 1.839943e+01 6.032821e+00 2.629454e+01 8.629389e+00 3.940802e+00 3.519492e+00 7.282359e+00 5.000000e-02 4.205000e-01 1.158805e+00 5.086135e-01 1.276186e+00 1.363038e+00 6.103021e-01 1.271132e+00 7.182826e-01 6.890150e-01 1.911530e+00 5.237466e-01 5.614749e-01 5.000000e-02 1.025989e-01 9.830012e-02 2.006807e-01 1.748379e-01 1.761309e-01 3.914528e-01 8.348893e-02 4.187623e-01 1.923627e-01 1.791076e-01 9.521461e-02 5.971992e-02 5.000000e-02
<GCONST> 6.220834e+01
<STATE> 27
<MEAN> 39
 2.125851e+00 -2.286600e+01 -1.095726e+01 -4.377194e+00 -6.824121e+00 -8.289923e+00 3.472250e+00 3.482135e-01 5.602571e+00 -1.851855e+00 -8.244686e+00 -6.362042e+00 3.319808e-01 -2.346307e-01 4.655765e-01 1.937149e-01 8.421824e-01 9.358392e-01 -5.497472e-01 -1.057038e-02 5.840720e-01 2.286047e-01 6.650814e-01 1.291048e+00 -2.781318e-01 -2.206376e-02 -1.094588e-01 9.245344e-03 3.625940e-01 -3.390749e-01 9.126806e-02 2.879789e-01 -1.160234e-01 -1.591670e-01 1.798589e-01 -7.540890e-03 6.011025e-02 1.730531e-01 1.065972e-03
<VARIANCE> 39
 3.464479e+00 8.878420e+00 1.033407e+01 4.421695e+00 1.053116e+01 6.896228e+00 2.564349e+00 4.114935e+00 7.760026e+00 6.827349e+00 3.716547e+00 7.703137e+00 5.000000e-02 3.153366e-01 4.573688e-01 1.420069e+00 2.132991e-01 4.333773e-01 1.736788e+00 1.744178e-01 1.454261e+00 6.157949e-01 2.863407e-01 1.472677e-01 3.902822e-01 5.000000e-02 8.252084e-02 2.439361e-01 7.204614e-02 1.092492e-01 2.322893e-01 2.229823e-01 9.329832e-02 8.327352e-02 5.000000e-02 4.978545e-01 1.026900e-01 5.794493e-02 5.000000e-02
<GCONST> 4.914009e+01
<STATE> 28
<MEAN> 39
 2.408654e+00 -2.058219e+01 -1.049598e+01 -3.625146e+00 -3.734434e+00 -7.959561e+00 4.622461e+00 2.648695e+00 5.264633e+00 -3.337416e-01 -4.476458e+00 -4.256996e+00 3.262369e-01 -5.233059e-02 8.919761e-01 5.357732e-01 7.679134e-01 1.061466e+00 1.313288e-01 1.421317e-01 7.421708e-02 4.446509e-02 2.567602e-01 1.232642e+00 2.763276e-01 -1.975380e-02 -1.358383e-01 -3.397096e-02 1.911445e-01 -2.767129e-01 -5.812014e-02 3.513467e-01 -1.406217e-01 -3.932616e-01 -9.392986e-02 -3.610399e-01 -4.566022e-01 -3.021612e-02 8.395711e-05
<VARIANCE> 39
 2.355328e+00 7.987651e+00 4.147033e+00 3.184067e+00 7.874618e+00 4.441928e+00 2.054849e+00 3.034606e+00 5.749161e+00 9.346621e+00 2.975783e+00 2.506390e+00 5.000000e-02 2.781416e-01 5.538122e-01 4.775504e-01 2.941240e-01 6.426293e-01 8.146665e-01 2.411056e-01 1.498709e+00 1.032081e+00 1.461282e+00 9.294320e-01 3.047123e-01 5.000000e-02 5.000000e-02 6.087985e-02 1.170563e-01 5.000000e-02 5.000000e-02 2.490638e-01 1.501151e-01 2.543142e-01 1.277197e-01 3.461641e-01 8.052994e-02 7.320005e-02 5.000000e-02
<GCONST> 4.639524e+01
<STATE> 29
<MEAN> 39
 2.308112e+00 -1.905241e+01 -8.825772e+00 -1.770188e+00 -7.760459e-01 -7.440823e+00 2.461118e+00 -1.298234e-01 5.917913e+00 -1.658276e+00 -3.357699e+00 -4.702785e+00 2.868941e-01 -5.187465e-01 6.146305e-01 5.874461e-01 2.737326e-01 6.632012e-01 4.329690e-01 -6.745995e-02 1.613293e-02 8.066195e-02 -8.973300e-02 -3.595421e-01 -1.762312e-01 -2.481263e-02 -6.574162e-02 4.700297e-02 -9.114858e-02 -2.422893e-01 -4.107342e-01 4.404915e-02 9.797485e-02 -2.487001e-02 -2.067239e-01 -1.269338e-01 -3.756995e-01 -6.603879e-02 -5.481869e-04
<VARIANCE> 39
 2.058112e+00 5.502635e+00 1.635632e+01 7.639275e+00 1.186961e+01 1.254789e+01 1.250297e+01 6.553798e+00 6.399802e+00 4.734308e+00 1.364491e+01 9.825158e+00 5.000000e-02 2.239193e-01 4.311327e-01 2.607470e-01 9.296877e-02 1.224905e+00 8.125395e-01 7.801009e-01 1.768192e+00 1.302704e+00 1.885413e+00 6.699781e-01 5.369633e-01 5.000000e-02 5.800578e-02 1.525448e-01 9.199996e-02 1.413026e-01 1.847898e-01 1.734467e-01 2.012416e-01 2.954937e-01 2.226181e-01 2.557586e-01 1.203256e-01 1.033114e-01 5.000000e-02
<GCONST> 5.921307e+01
<STATE> 30
<MEAN> 39
 1.154177e+00 -1.995214e+01 -8.555153e+00 -3.210003e+00 -2.512156e+00 -6.395075e+00 2.282823e+00 -1.135648e+00 3.364779e+00 -3.257107e+00 -6.995569e+00 -5.825541e+00 2.723305e-01 -1.577556e-01 1.047655e+00 -1.202354e-02 -5.055696e-03 7.365471e-01 6.284274e-01 4.456724e-02 4.037482e-02 -6.245137e-01 -7.719650e-01 -2.240054e-01 -9.608663e-03 -1.243975e-02 -1.401597e-02 7.413100e-03 -2.056957e-01 -1.315550e-01 -1.673642e-01 -1.398889e-01 1.063303e-01 4.093149e-01 5.678475e-02 6.749158e-02 3.721871e-01 1.035546e-01 -8.791949e-04
<VARIANCE> 39
 5.012791e+00 1.224231e+01 4.035244e+00 2.391377e+00 1.556994e+01 2.389895e+00 6.941448e+00 1.302888e+01 2.063393e+01 1.694393e+01 8.729673e+00 8.026615e+00 5.000000e-02 6.858118e-01 7.225690e-01 3.367042e-01 9.243920e-01 1.234293e+00 8.814349e-01 1.903521e+00 2.083390e+00 9.148711e-01 1.784970e+00 7.250385e-01 1.438163e+00 5.000000e-02 1.139697e-01 1.381618e-01 8.119249e-02 8.409619e-02 2.050231e-01 8.045955e-02 2.714357e-01 3.845884e-01 2.643034e-01 4.051668e-01 1.966649e-01 1.100369e-01 5.000000e-02
<GCONST> 6.585699e+01
<STATE> 31
<MEAN> 39
 8.326513e-01 -1.561927e+01 -7.816745e+00 -1.670285e+00 -3.386620e-02 -5.855574e+00 4.281809e+00 6.831024e-01 5.033311e+00 -9.821999e-01 -3.471380e+00 -3.942681e+00 2.094331e-01 -3.509596e-01 8.025509e-01 5.706920e-02 -4.490777e-01 -5.254762e-01 -3.316958e-01 -6.165272e-01 4.807994e-02 -3.834295e-01 -4.310110e-01 8.153716e-01 3.348049e-01 -2.517562e-02 5.483057e-02 -1.242788e-01 -3.262191e-02 -9.861766e-02 -2.615089e-02 -1.707089e-01 -5.048487e-01 -3.616129e-01 -2.697643e-01 -1.534158e-01 1.370596e-01 -5.553592e-02 1.318299e-03
<VARIANCE> 39
 4.771804e+00 5.925401e+00 2.295695e+01 4.366953e+00 5.704908e+00 3.399262e+00 1.929040e+01 3.427332e+01 1.720226e+01 1.803574e+01 1.792098e+00 5.445988e+00 5.000000e-02 6.305380e-01 7.788885e-01 8.272008e-01 5.943105e-01 5.361335e-01 3.249696e-01 1.894543e+00 1.979415e+00 1.014024e+00 1.139585e+00 1.072264e+00 3.748878e-01 5.000000e-02 1.393752e-01 1.390201e-01 1.674227e-01 1.960731e-01 3.746369e-01 2.154739e-01 6.651564e-01 5.585478e-01 4.773584e-01 7.250657e-01 5.000000e-02 1.541423e-01 5.000000e-02
<GCONST> 6.870700e+01
<STATE> 32
<MEAN> 39
 -3.153833e-01 -1.680012e+01 -8.959512e+00 -4.408284e+00 -2.321766e+00 -6.667748e+00 2.564321e+00 1.898704e+00 3.815103e+00 -4.280655e+00 -4.260557e+00 -5.081777e+00 1.927088e-01 -4.536884e-01 2.041564e-01 -1.056309e-01 -3.508168e-01 1.451414e-01 1.693646e-01 -4.677409e-01 -7.083965e-02 -4.335332e-01 1.239892e-03 3.317785e-01 1.868155e-02 -2.144257e-02 -3.273044e-02 2.778761e-02 2.353741e-01 1.953967e-01 1.542767e-01 2.312750e-01 5.546984e-02 -1.348845e-01 -2.074250e-02 2.151739e-01 -1.608320e-01 7.387538e-02 -1.656389e-03
<VARIANCE> 39
 1.464070e+00 7.780245e+00 7.130556e+00 3.621261e+00 6.462309e+00 9.752730e+00 1.047534e+01 2.709814e+00 3.698046e+00 4.237366e+00 2.179477e+00 6.353026e+00 5.000000e-02 3.528856e-01 5.231626e-01 1.465746e+00 7.680100e-01 1.129949e+00 2.078733e+00 3.320130e+00 2.077875e+00 1.351660e+00 2.184733e+00 6.502847e-01 6.183928e-01 5.000000e-02 5.608035e-02 1.388531e-01 1.509487e-01 1.190363e-01 2.663568e-01 3.043537e-01 3.947035e-01 2.904518e-01 7.891274e-02 5.387824e-02 7.217706e-02 1.367857e-01 5.000000e-02
<GCONST> 5.899799e+01
<STATE> 33
<MEAN> 39
 -2.252123e-03 -1.437289e+01 -7.388304e+00 -1.502658e+00 1.578701e+00 -5.246395e+00 7.920454e-01 -1.797719e+00 2.681819e-01 -3.095972e+00 -2.414700e+00 -4.869691e+00 1.519421e-01 -4.068122e-01 9.930694e-01 9.325881e-01 5.045518e-01 8.346196e-01 6.241878e-01 -1.436132e-01 -9.059492e-02 -3.293742e-01 5.542653e-02 2.201968e-01 1.044841e-01 -2.198683e-02 -2.863853e-01 1.209380e-02 1.264176e-01 -6.501374e-02 -2.219761e-01 9.430618e-02 3.008830e-01 2.212794e-01 5.757908e-01 2.636008e-01 -1.711287e-01 1.820590e-01 -1.014176e-02
<VARIANCE> 39
 2.961839e+00 9.700773e+00 1.244492e+01 5.045920e+00 1.267927e+01 9.849123e+00 1.772475e+01 2.336107e+00 1.347707e+00 1.222694e+01 8.301626e+00 2.018047e+00 5.000000e-02 2.269346e-01 4.002896e-01 4.232611e-01 4.244837e-01 1.558391e+00 1.318203e+00 1.665977e+00 9.437971e-01 1.745319e+00 1.913688e+00 6.223983e-01 4.551227e-01 5.000000e-02 1.043183e-01 1.829862e-01 2.497219e-01 1.480125e-01 2.608724e-01 1.604207e-01 2.984469e-01 2.003935e-01 3.747190e-01 6.124510e-01 1.870293e-01 5.000000e-02 5.000000e-02
<GCONST> 6.197023e+01
<STATE> 34
<MEAN> 39
 -1.113680e+00 -1.436318e+01 -7.828055e+00 -4.162555e+00 -1.042697e+00 -4.973162e+00 1.640480e+00 1.062142e+00 2.144875e+00 -3.727844e+00 -3.587229e+00 -4.345030e+00 1.200536e-01 -1.238926e+00 7.315566e-01 6.735800e-01 -1.754463e-01 -1.375918e-01 5.644166e-01 1.692198e-01 1.139769e-01 2.491764e-01 2.867869e-01 -1.519942e-01 6.722412e-01 -5.345174e-02 -1.763359e-01 -3.510248e-02 6.927024e-02 1.224909e-01 -5.818183e-03 -5.869254e-02 4.426188e-02 -1.003105e-01 1.709435e-01 2.092668e-02 7.953632e-02 9.316023e-02 -3.799283e-03
<VARIANCE> 39
 4.205324e+00 2.911136e+00 9.279389e+00 4.898680e+00 2.000402e+01 1.770759e+01 1.012904e+01 8.959873e+00 5.775597e+00 7.242139e+00 1.575999e+01 6.513939e+00 5.000000e-02 3.209869e-01 9.002317e-01 6.393443e-01 3.847736e-01 6.801301e-01 8.023384e-01 9.186149e-01 7.460040e-01 2.507404e+00 1.075421e+00 1.093617e+00 2.933997e-01 5.000000e-02 8.748055e-02 1.042070e-01 1.482899e-01 1.527309e-01 4.353077e-01 4.937476e-01 2.274949e-01 3.203462e-01 1.814353e-01 1.566583e-01 2.763837e-01 1.462459e-01 5.000000e-02
<GCONST> 6.457173e+01
<STATE> 35
<MEAN> 39
 -4.073542e+00 -1.289592e+01 -5.145273e+00 -3.228807e+00 -5.325555e-01 -4.577846e+00 1.107038e+00 5.879354e-01 4.217530e+00 -2.101507e+00 -3.811433e+00 -2.834646e+00 -3.964798e-03 -1.139215e+00 3.845129e-01 5.269204e-01 1.953899e-01 -2.163892e-01 2.230009e-01 5.452666e-02 -3.793043e-01 3.746577e-01 8.577617e-01 4.362316e-01 6.848546e-01 -4.723853e-02 2.476029e-01 5.569888e-02 6.045195e-02 6.134303e-02 7.621385e-02 -1.794147e-01 7.408433e-02 -1.454940e-01 -3.246592e-01 -8.530787e-02 2.888080e-01 -2.054004e-01 1.067893e-02
<VARIANCE> 39
 6.550793e-01 9.518207e-01 1.364532e+00 9.534681e-01 1.934677e+00 1.711722e+01 2.555762e+01 6.159412e+00 3.090974e+01 9.908700e+00 9.064955e+00 6.835482e+00 5.000000e-02 4.124275e-01 5.532176e-01 1.313832e+00 1.049443e+00 1.860713e+00 1.481616e+00 9.969655e-01 2.549808e+00 2.244600e+00 9.252874e-01 2.246479e+00 2.780792e-01 5.000000e-02 5.521861e-02 8.551499e-02 1.306053e-01 5.956961e-02 7.598826e-02 2.521231e-01 4.225589e-01 1.901488e-01 3.393930e-01 3.993334e-01 1.985940e-01 1.937129e-01 5.000000e-02
<GCONST> 5.999722e+01
<STATE> 36
<MEAN> 39
 -5.243357e+00 -1.252058e+01 -5.360218e+00 -2.326720e+00 -6.022007e-01 -2.880346e+00 3.101700e+00 -1.331260e+00 3.075770e+00 -6.659870e-01 -2.337539e+00 -1.964975e+00 -6.092904e-02 -5.058054e-01 8.294359e-01 9.444606e-01 4.035391e-01 3.381726e-01 1.152125e-01 2.293396e-01 -8.724182e-01 -6.025307e-01 -9.011140e-02 7.722678e-01 2.204573e-01 -1.921017e-02 4.361866e-01 6.585542e-02 1.250975e-01 4.892153e-02 2.299892e-01 -1.499549e-01 4.820135e-02 1.852014e-01 -1.677077e-01 -3.267629e-01 9.357943e-02 -3.863503e-01 2.028339e-02
<VARIANCE> 39
 4.964378e-01 2.472309e+00 9.969608e-01 1.104654e+00 2.499423e+00 4.901831e+00 2.427104e+00 1.456019e+01 2.406424e+01 9.955335e+00 1.602070e+01 4.851689e-01 5.000000e-02 1.493129e-01 2.683504e-01 5.022730e-01 3.351480e-01 3.219127e-01 1.359354e+00 4.057039e+00 2.416760e+00 1.185190e+00 1.326089e+00 6.228045e-01 5.854194e-01 5.000000e-02 9.374553e-02 5.000000e-02 1.267914e-01 5.000000e-02 5.000000e-02 2.352168e-01 2.205029e-01 3.982126e-01 4.472435e-01 1.518963e-01 2.460758e-01 5.000000e-02 5.000000e-02
<GCONST> 4.810560e+01
<TRANSP> 37
 0.000000e+00 1.000000e+00 0.000000e+00 0.000000e+00 0.000000e+00 0.000000e+00 0.000000e+00 0.000000e+00 0.000000e+00 0.000000e+00 0.000000e+00 0.000000e+00 0.000000e+00 0.000000e+00 0.000000e+00 0.000000e+00 0.000000e+00 0.000000e+00 0.000000e+00 0.000000e+00 0.000000e+00 0.000000e+00 0.000000e+00 0.000000e+00 0.000000e+00 0.000000e+00 0.000000e+00 0.000000e+00 0.000000e+00 0.000000e+00 0.000000e+00 0.000000e+00 0.000000e+00 0.000000e+00 0.000000e+00 0.000000e+00 0.000000e+00
 0.000000e+00 2.862565e-01 7.137435e-01 0.000000e+00 0.000000e+00 0.000000e+00 0.000000e+00 0.000000e+00 0.000000e+00 0.000000e+00 0.000000e+00 0.000000e+00 0.000000e+00 0.000000e+00 0.000000e+00 0.000000e+00 0.000000e+00 0.000000e+00 0.000000e+00 0.000000e+00 0.000000e+00 0.000000e+00 0.000000e+00 0.000000e+00 0.000000e+00 0.000000e+00 0.000000e+00 0.000000e+00 0.000000e+00 0.000000e+00 0.000000e+00 0.000000e+00 0.000000e+00 0.000000e+00 0.000000e+00 0.000000e+00 0.000000e+00
 0.000000e+00 0.000000e+00 3.750218e-01 6.249782e-01 0.000000e+00 0.000000e+00 0.000000e+00 0.000000e+00 0.000000e+00 0.000000e+00 0.000000e+00 0.000000e+00 0.000000e+00 0.000000e+00 0.000000e+00 0.000000e+00 0.000000e+00 0.000000e+00 0.000000e+00 0.000000e+00 0.000000e+00 0.000000e+00 0.000000e+00 0.000000e+00 0.000000e+00 0.000000e+00 0.000000e+00 0.000000e+00 0.000000e+00 0.000000e+00 0.000000e+00 0.000000e+00 0.000000e+00 0.000000e+00 0.000000e+00 0.000000e+00 0.000000e+00
 0.000000e+00 0.000000e+00 0.000000e+00 2.858485e-01 7.141516e-01 0.000000e+00 0.000000e+00 0.000000e+00 0.000000e+00 0.000000e+00 0.000000e+00 0.000000e+00 0.000000e+00 0.000000e+00 0.000000e+00 0.000000e+00 0.000000e+00 0.000000e+00 0.000000e+00 0.000000e+00 0.000000e+00 0.000000e+00 0.000000e+00 0.000000e+00 0.000000e+00 0.000000e+00 0.000000e+00 0.000000e+00 0.000000e+00 0.000000e+00 0.000000e+00 0.000000e+00 0.000000e+00 0.000000e+00 0.000000e+00 0.000000e+00 0.000000e+00
 0.000000e+00 0.000000e+00 0.000000e+00 0.000000e+00 3.748486e-01 6.251513e-01 0.000000e+00 0.000000e+00 0.000000e+00 0.000000e+00 0.000000e+00 0.000000e+00 0.000000e+00 0.000000e+00 0.000000e+00 0.000000e+00 0.000000e+00 0.000000e+00 0.000000e+00 0.000000e+00 0.000000e+00 0.000000e+00 0.000000e+00 0.000000e+00 0.000000e+00 0.000000e+00 0.000000e+00 0.000000e+00 0.000000e+00 0.000000e+00 0.000000e+00 0.000000e+00 0.000000e+00 0.000000e+00 0.000000e+00 0.000000e+00 0.000000e+00
 0.000000e+00 0.000000e+00 0.000000e+00 0.000000e+00 0.000000e+00 4.444575e-01 5.555425e-01 0.000000e+00 0.000000e+00 0.000000e+00 0.000000e+00 0.000000e+00 0.000000e+00 0.000000e+00 0.000000e+00 0.000000e+00 0.000000e+00 0.000000e+00 0.000000e+00 0.000000e+00 0.000000e+00 0.000000e+00 0.000000e+00 0.000000e+00 0.000000e+00 0.000000e+00 0.000000e+00 0.000000e+00 0.000000e+00 0.000000e+00 0.000000e+00 0.000000e+00 0.000000e+00 0.000000e+00 0.000000e+00 0.000000e+00 0.000000e+00
 0.000000e+00 0.000000e+00 0.000000e+00 0.000000e+00 0.000000e+00 0.000000e+00 1.663780e-01 8.336220e-01 0.000000e+00 0.000000e+00 0.000000e+00 0.000000e+00 0.000000e+00 0.000000e+00 0.000000e+00 0.000000e+00 0.000000e+00 0.000000e+00 0.000000e+00 0.000000e+00 0.000000e+00 0.000000e+00 0.000000e+00 0.000000e+00 0.000000e+00 0.000000e+00 0.000000e+00 0.000000e+00 0.000000e+00 0.000000e+00 0.000000e+00 0.000000e+00 0.000000e+00 0.000000e+00 0.000000e+00 0.000000e+00 0.000000e+00
 0.000000e+00 0.000000e+00 0.000000e+00 0.000000e+00 0.000000e+00 0.000000e+00 0.000000e+00 2.857508e-01 7.142493e-01 0.000000e+00 0.000000e+00 0.000000e+00 0.000000e+00 0.000000e+00 0.000000e+00 0.000000e+00 0.000000e+00 0.000000e+00 0.000000e+00 0.000000e+00 0.000000e+00 0.000000e+00 0.000000e+00 0.000000e+00 0.000000e+00 0.000000e+00 0.000000e+00 0.000000e+00 0.000000e+00 0.000000e+00 0.000000e+00 0.000000e+00 0.000000e+00 0.000000e+00 0.000000e+00 0.000000e+00 0.000000e+00
 0.000000e+00 0.000000e+00 0.000000e+00 0.000000e+00 0.000000e+00 0.000000e+00 0.000000e+00 0.000000e+00 4.444911e-01 5.555089e-01 0.000000e+00 0.000000e+00 0.000000e+00 0.000000e+00 0.000000e+00 0.000000e+00 0.000000e+00 0.000000e+00 0.000000e+00 0.000000e+00 0.000000e+00 0.000000e+00 0.000000e+00 0.000000e+00 0.000000e+00 0.000000e+00 0.000000e+00 0.000000e+00 0.000000e+00 0.000000e+00 0.000000e+00 0.000000e+00 0.000000e+00 0.000000e+00 0.000000e+00 0.000000e+00 0.000000e+00
 0.000000e+00 0.000000e+00 0.000000e+00 0.000000e+00 0.000000e+00 0.000000e+00 0.000000e+00 0.000000e+00 0.000000e+00 4.445278e-01 5.554723e-01 0.000000e+00 0.000000e+00 0.000000e+00 0.000000e+00 0.000000e+00 0.000000e+00 0.000000e+00 0.000000e+00 0.000000e+00 0.000000e+00 0.000000e+00 0.000000e+00 0.000000e+00 0.000000e+00 0.000000e+00 0.000000e+00 0.000000e+00 0.000000e+00 0.000000e+00 0.000000e+00 0.000000e+00 0.000000e+00 0.000000e+00 0.000000e+00 0.000000e+00 0.000000e+00
 0.000000e+00 0.000000e+00 0.000000e+00 0.000000e+00 0.000000e+00 0.000000e+00 0.000000e+00 0.000000e+00 0.000000e+00 0.000000e+00 3.752628e-01 6.247372e-01 0.000000e+00 0.000000e+00 0.000000e+00 0.000000e+00 0.000000e+00 0.000000e+00 0.000000e+00 0.000000e+00 0.000000e+00 0.000000e+00 0.000000e+00 0.000000e+00 0.000000e+00 0.000000e+00 0.000000e+00 0.000000e+00 0.000000e+00 0.000000e+00 0.000000e+00 0.000000e+00 0.000000e+00 0.000000e+00 0.000000e+00 0.000000e+00 0.000000e+00
 0.000000e+00 0.000000e+00 0.000000e+00 0.000000e+00 0.000000e+00 0.000000e+00 0.000000e+00 0.000000e+00 0.000000e+00 0.000000e+00 0.000000e+00 4.445117e-01 5.554883e-01 0.000000e+00 0.000000e+00 0.000000e+00 0.000000e+00 0.000000e+00 0.000000e+00 0.000000e+00 0.000000e+00 0.000000e+00 0.000000e+00 0.000000e+00 0.000000e+00 0.000000e+00 0.000000e+00 0.000000e+00 0.000000e+00 0.000000e+00 0.000000e+00 0.000000e+00 0.000000e+00 0.000000e+00 0.000000e+00 0.000000e+00 0.000000e+00
 0.000000e+00 0.000000e+00 0.000000e+00 0.000000e+00 0.000000e+00 0.000000e+00 0.000000e+00 0.000000e+00 0.000000e+00 0.000000e+00 0.000000e+00 0.000000e+00 0.000000e+00 1.000000e+00 0.000000e+00 0.000000e+00 0.000000e+00 0.000000e+00 0.000000e+00 0.000000e+00 0.000000e+00 0.000000e+00 0.000000e+00 0.000000e+00 0.000000e+00 0.000000e+00 0.000000e+00 0.000000e+00 0.000000e+00 0.000000e+00 0.000000e+00 0.000000e+00 0.000000e+00 0.000000e+00 0.000000e+00 0.000000e+00 0.000000e+00
 0.000000e+00 0.000000e+00 0.000000e+00 0.000000e+00 0.000000e+00 0.000000e+00 0.000000e+00 0.000000e+00 0.000000e+00 0.000000e+00 0.000000e+00 0.000000e+00 0.000000e+00 3.750917e-01 6.249083e-01 0.000000e+00 0.000000e+00 0.000000e+00 0.000000e+00 0.000000e+00 0.000000e+00 0.000000e+00 0.000000e+00 0.000000e+00 0.000000e+00 0.000000e+00 0.000000e+00 0.000000e+00 0.000000e+00 0.000000e+00 0.000000e+00 0.000000e+00 0.000000e+00 0.000000e+00 0.000000e+00 0.000000e+00 0.000000e+00
 0.000000e+00 0.000000e+00 0.000000e+00 0.000000e+00 0.000000e+00 0.000000e+00 0.000000e+00 0.000000e+00 0.000000e+00 0.000000e+00 0.000000e+00 0.000000e+00 0.000000e+00 0.000000e+00 3.753932e-01 6.246067e-01 0.000000e+00 0.000000e+00 0.000000e+00 0.000000e+00 0.000000e+00 0.000000e+00 0.000000e+00 0.000000e+00 0.000000e+00 0.000000e+00 0.000000e+00 0.000000e+00 0.000000e+00 0.000000e+00 0.000000e+00 0.000000e+00 0.000000e+00 0.000000e+00 0.000000e+00 0.000000e+00 0.000000e+00
 0.000000e+00 0.000000e+00 0.000000e+00 0.000000e+00 0.000000e+00 0.000000e+00 0.000000e+00 0.000000e+00 0.000000e+00 0.000000e+00 0.000000e+00 0.000000e+00 0.000000e+00 0.000000e+00 0.000000e+00 2.846862e-01 7.153138e-01 0.000000e+00 0.000000e+00 0.000000e+00 0.000000e+00 0.000000e+00 0.000000e+00 0.000000e+00 0.000000e+00 0.000000e+00 0.000000e+00 0.000000e+00 0.000000e+00 0.000000e+00 0.000000e+00 0.000000e+00 0.000000e+00 0.000000e+00 0.000000e+00 0.000000e+00 0.000000e+00
 0.000000e+00 0.000000e+00 0.000000e+00 0.000000e+00 0.000000e+00 0.000000e+00 0.000000e+00 0.000000e+00 0.000000e+00 0.000000e+00 0.000000e+00 0.000000e+00 0.000000e+00 0.000000e+00 0.000000e+00 0.000000e+00 4.442607e-01 5.557393e-01 0.000000e+00 0.000000e+00 0.000000e+00 0.000000e+00 0.000000e+00 0.000000e+00 0.000000e+00 0.000000e+00 0.000000e+00 0.000000e+00 0.000000e+00 0.000000e+00 0.000000e+00 0.000000e+00 0.000000e+00 0.000000e+00 0.000000e+00 0.000000e+00 0.000000e+00
 0.000000e+00 0.000000e+00 0.000000e+00 0.000000e+00 0.000000e+00 0.000000e+00 0.000000e+00 0.000000e+00 0.000000e+00 0.000000e+00 0.000000e+00 0.000000e+00 0.000000e+00 0.000000e+00 0.000000e+00 0.000000e+00 0.000000e+00 2.859753e-01 7.140247e-01 0.000000e+00 0.000000e+00 0.000000e+00 0.000000e+00 0.000000e+00 0.000000e+00 0.000000e+00 0.000000e+00 0.000000e+00 0.000000e+00 0.000000e+00 0.000000e+00 0.000000e+00 0.000000e+00 0.000000e+00 0.000000e+00 0.000000e+00 0.000000e+00
 0.000000e+00 0.000000e+00 0.000000e+00 0.000000e+00 0.000000e+00 0.000000e+00 0.000000e+00 0.000000e+00 0.000000e+00 0.000000e+00 0.000000e+00 0.000000e+00 0.000000e+00 0.000000e+00 0.000000e+00 0.000000e+00 0.000000e+00 0.000000e+00 4.997404e-01 5.002597e-01 0.000000e+00 0.000000e+00 0.000000e+00 0.000000e+00 0.000000e+00 0.000000e+00 0.000000e+00 0.000000e+00 0.000000e+00 0.000000e+00 0.000000e+00 0.000000e+00 0.000000e+00 0.000000e+00 0.000000e+00 0.000000e+00 0.000000e+00
 0.000000e+00 0.000000e+00 0.000000e+00 0.000000e+00 0.000000e+00 0.000000e+00 0.000000e+00 0.000000e+00 0.000000e+00 0.000000e+00 0.000000e+00 0.000000e+00 0.000000e+00 0.000000e+00 0.000000e+00 0.000000e+00 0.000000e+00 0.000000e+00 0.000000e+00 1.676034e-01 8.323967e-01 0.000000e+00 0.000000e+00 0.000000e+00 0.000000e+00 0.000000e+00 0.000000e+00 0.000000e+00 0.000000e+00 0.000000e+00 0.000000e+00 0.000000e+00 0.000000e+00 0.000000e+00 0.000000e+00 0.000000e+00 0.000000e+00
 0.000000e+00 0.000000e+00 0.000000e+00 0.000000e+00 0.000000e+00 0.000000e+00 0.000000e+00 0.000000e+00 0.000000e+00 0.000000e+00 0.000000e+00 0.000000e+00 0.000000e+00 0.000000e+00 0.000000e+00 0.000000e+00 0.000000e+00 0.000000e+00 0.000000e+00 0.000000e+00 3.748609e-01 6.251392e-01 0.000000e+00 0.000000e+00 0.000000e+00 0.000000e+00 0.000000e+00 0.000000e+00 0.000000e+00 0.000000e+00 0.000000e+00 0.000000e+00 0.000000e+00 0.000000e+00 0.000000e+00 0.000000e+00 0.000000e+00
 0.000000e+00 0.000000e+00 0.000000e+00 0.000000e+00 0.000000e+00 0.000000e+00 0.000000e+00 0.000000e+00 0.000000e+00 0.000000e+00 0.000000e+00 0.000000e+00 0.000000e+00 0.000000e+00 0.000000e+00 0.000000e+00 0.000000e+00 0.000000e+00 0.000000e+00 0.000000e+00 0.000000e+00 1.667059e-01 8.332941e-01 0.000000e+00 0.000000e+00 0.000000e+00 0.000000e+00 0.000000e+00 0.000000e+00 0.000000e+00 0.000000e+00 0.000000e+00 0.000000e+00 0.000000e+00 0.000000e+00 0.000000e+00 0.000000e+00
 0.000000e+00 0.000000e+00 0.000000e+00 0.000000e+00 0.000000e+00 0.000000e+00 0.000000e+00 0.000000e+00 0.000000e+00 0.000000e+00 0.000000e+00 0.000000e+00 0.000000e+00 0.000000e+00 0.000000e+00 0.000000e+00 0.000000e+00 0.000000e+00 0.000000e+00 0.000000e+00 0.000000e+00 0.000000e+00 4.443761e-01 5.556239e-01 0.000000e+00 0.000000e+00 0.000000e+00 0.000000e+00 0.000000e+00 0.000000e+00 0.000000e+00 0.000000e+00 0.000000e+00 0.000000e+00 0.000000e+00 0.000000e+00 0.000000e+00
 0.000000e+00 0.000000e+00 0.000000e+00 0.000000e+00 0.000000e+00 0.000000e+00 0.000000e+00 0.000000e+00 0.000000e+00 0.000000e+00 0.000000e+00 0.000000e+00 0.000000e+00 0.000000e+00 0.000000e+00 0.000000e+00 0.000000e+00 0.000000e+00 0.000000e+00 0.000000e+00 0.000000e+00 0.000000e+00 0.000000e+00 2.858013e-01 7.141988e-01 0.000000e+00 0.000000e+00 0.000000e+00 0.000000e+00 0.000000e+00 0.000000e+00 0.000000e+00 0.000000e+00 0.000000e+00 0.000000e+00 0.000000e+00 0.000000e+00
 0.000000e+00 0.000000e+00 0.000000e+00 0.000000e+00 0.000000e+00 0.000000e+00 0.000000e+00 0.000000e+00 0.000000e+00 0.000000e+00 0.000000e+00 0.000000e+00 0.000000e+00 0.000000e+00 0.000000e+00 0.000000e+00 0.000000e+00 0.000000e+00 0.000000e+00 0.000000e+00 0.000000e+00 0.000000e+00 0.000000e+00 0.000000e+00 2.857376e-01 7.142624e-01 0.000000e+00 0.000000e+00 0.000000e+00 0.000000e+00 0.000000e+00 0.000000e+00 0.000000e+00 0.000000e+00 0.000000e+00 0.000000e+00 0.000000e+00
 0.000000e+00 0.000000e+00 0.000000e+00 0.000000e+00 0.000000e+00 0.000000e+00 0.000000e+00 0.000000e+00 0.000000e+00 0.000000e+00 0.000000e+00 0.000000e+00 0.000000e+00 0.000000e+00 0.000000e+00 0.000000e+00 0.000000e+00 0.000000e+00 0.000000e+00 0.000000e+00 0.000000e+00 0.000000e+00 0.000000e+00 0.000000e+00 0.000000e+00 4.439434e-01 5.560566e-01 0.000000e+00 0.000000e+00 0.000000e+00 0.000000e+00 0.000000e+00 0.000000e+00 0.000000e+00 0.000000e+00 0.000000e+00 0.000000e+00
 0.000000e+00 0.000000e+00 0.000000e+00 0.000000e+00 0.000000e+00 0.000000e+00 0.000000e+00 0.000000e+00 0.000000e+00 0.000000e+00 0.000000e+00 0.000000e+00 0.000000e+00 0.000000e+00 0.000000e+00 0.000000e+00 0.000000e+00 0.000000e+00 0.000000e+00 0.000000e+00 0.000000e+00 0.000000e+00 0.000000e+00 0.000000e+00 0.000000e+00 0.000000e+00 2.865969e-01 7.134031e-01 0.000000e+00 0.000000e+00 0.000000e+00 0.000000e+00 0.000000e+00 0.000000e+00 0.000000e+00 0.000000e+00 0.000000e+00
 0.000000e+00 0.000000e+00 0.000000e+00 0.000000e+00 0.000000e+00 0.000000e+00 0.000000e+00 0.000000e+00 0.000000e+00 0.000000e+00 0.000000e+00 0.000000e+00 0.000000e+00 0.000000e+00 0.000000e+00 0.000000e+00 0.000000e+00 0.000000e+00 0.000000e+00 0.000000e+00 0.000000e+00 0.000000e+00 0.000000e+00 0.000000e+00 0.000000e+00 0.000000e+00 0.000000e+00 2.856364e-01 7.143636e-01 0.000000e+00 0.000000e+00 0.000000e+00 0.000000e+00 0.000000e+00 0.000000e+00 0.000000e+00 0.000000e+00
 0.000000e+00 0.000000e+00 0.000000e+00 0.000000e+00 0.000000e+00 0.000000e+00 0.000000e+00 0.000000e+00 0.000000e+00 0.000000e+00 0.000000e+00 0.000000e+00 0.000000e+00 0.000000e+00 0.000000e+00 0.000000e+00 0.000000e+00 0.000000e+00 0.000000e+00 0.000000e+00 0.000000e+00 0.000000e+00 0.000000e+00 0.000000e+00 0.000000e+00 0.000000e+00 0.000000e+00 0.000000e+00 3.737542e-01 6.262459e-01 0.000000e+00 0.000000e+00 0.000000e+00 0.000000e+00 0.000000e+00 0.000000e+00 0.000000e+00
 0.000000e+00 0.000000e+00 0.000000e+00 0.000000e+00 0.000000e+00 0.000000e+00 0.000000e+00 0.000000e+00 0.000000e+00 0.000000e+00 0.000000e+00 0.000000e+00 0.000000e+00 0.000000e+00 0.000000e+00 0.000000e+00 0.000000e+00 0.000000e+00 0.000000e+00 0.000000e+00 0.000000e+00 0.000000e+00 0.000000e+00 0.000000e+00 0.000000e+00 0.000000e+00 0.000000e+00 0.000000e+00 0.000000e+00 3.762274e-01 6.237726e-01 0.000000e+00 0.000000e+00 0.000000e+00 0.000000e+00 0.000000e+00 0.000000e+00
 0.000000e+00 0.000000e+00 0.000000e+00 0.000000e+00 0.000000e+00 0.000000e+00 0.000000e+00 0.000000e+00 0.000000e+00 0.000000e+00 0.000000e+00 0.000000e+00 0.000000e+00 0.000000e+00 0.000000e+00 0.000000e+00 0.000000e+00 0.000000e+00 0.000000e+00 0.000000e+00 0.000000e+00 0.000000e+00 0.000000e+00 0.000000e+00 0.000000e+00 0.000000e+00 0.000000e+00 0.000000e+00 0.000000e+00 0.000000e+00 2.870771e-01 7.129229e-01 0.000000e+00 0.000000e+00 0.000000e+00 0.000000e+00 0.000000e+00
 0.000000e+00 0.000000e+00 0.000000e+00 0.000000e+00 0.000000e+00 0.000000e+00 0.000000e+00 0.000000e+00 0.000000e+00 0.000000e+00 0.000000e+00 0.000000e+00 0.000000e+00 0.000000e+00 0.000000e+00 0.000000e+00 0.000000e+00 0.000000e+00 0.000000e+00 0.000000e+00 0.000000e+00 0.000000e+00 0.000000e+00 0.000000e+00 0.000000e+00 0.000000e+00 0.000000e+00 0.000000e+00 0.000000e+00 0.000000e+00 0.000000e+00 4.993391e-01 5.006608e-01 0.000000e+00 0.000000e+00 0.000000e+00 0.000000e+00
 0.000000e+00 0.000000e+00 0.000000e+00 0.000000e+00 0.000000e+00 0.000000e+00 0.000000e+00 0.000000e+00 0.000000e+00 0.000000e+00 0.000000e+00 0.000000e+00 0.000000e+00 0.000000e+00 0.000000e+00 0.000000e+00 0.000000e+00 0.000000e+00 0.000000e+00 0.000000e+00 0.000000e+00 0.000000e+00 0.000000e+00 0.000000e+00 0.000000e+00 0.000000e+00 0.000000e+00 0.000000e+00 0.000000e+00 0.000000e+00 0.000000e+00 0.000000e+00 2.857580e-01 7.142420e-01 0.000000e+00 0.000000e+00 0.000000e+00
 0.000000e+00 0.000000e+00 0.000000e+00 0.000000e+00 0.000000e+00 0.000000e+00 0.000000e+00 0.000000e+00 0.000000e+00 0.000000e+00 0.000000e+00 0.000000e+00 0.000000e+00 0.000000e+00 0.000000e+00 0.000000e+00 0.000000e+00 0.000000e+00 0.000000e+00 0.000000e+00 0.000000e+00 0.000000e+00 0.000000e+00 0.000000e+00 0.000000e+00 0.000000e+00 0.000000e+00 0.000000e+00 0.000000e+00 0.000000e+00 0.000000e+00 0.000000e+00 0.000000e+00 3.749346e-01 6.250653e-01 0.000000e+00 0.000000e+00
 0.000000e+00 0.000000e+00 0.000000e+00 0.000000e+00 0.000000e+00 0.000000e+00 0.000000e+00 0.000000e+00 0.000000e+00 0.000000e+00 0.000000e+00 0.000000e+00 0.000000e+00 0.000000e+00 0.000000e+00 0.000000e+00 0.000000e+00 0.000000e+00 0.000000e+00 0.000000e+00 0.000000e+00 0.000000e+00 0.000000e+00 0.000000e+00 0.000000e+00 0.000000e+00 0.000000e+00 0.000000e+00 0.000000e+00 0.000000e+00 0.000000e+00 0.000000e+00 0.000000e+00 0.000000e+00 2.857679e-01 7.142321e-01 0.000000e+00
 0.000000e+00 0.000000e+00 0.000000e+00 0.000000e+00 0.000000e+00 0.000000e+00 0.000000e+00 0.000000e+00 0.000000e+00 0.000000e+00 0.000000e+00 0.000000e+00 0.000000e+00 0.000000e+00 0.000000e+00 0.000000e+00 0.000000e+00 0.000000e+00 0.000000e+00 0.000000e+00 0.000000e+00 0.000000e+00 0.000000e+00 0.000000e+00 0.000000e+00 0.000000e+00 0.000000e+00 0.000000e+00 0.000000e+00 0.000000e+00 0.000000e+00 0.000000e+00 0.000000e+00 0.000000e+00 0.000000e+00 0.000000e+00 1.000000e+00
 0.000000e+00 0.000000e+00 0.000000e+00 0.000000e+00 0.000000e+00 0.000000e+00 0.000000e+00 0.000000e+00 0.000000e+00 0.000000e+00 0.000000e+00 0.000000e+00 0.000000e+00 0.000000e+00 0.000000e+00 0.000000e+00 0.000000e+00 0.000000e+00 0.000000e+00 0.000000e+00 0.000000e+00 0.000000e+00 0.000000e+00 0.000000e+00 0.000000e+00 0.000000e+00 0.000000e+00 0.000000e+00 0.000000e+00 0.000000e+00 0.000000e+00 0.000000e+00 0.000000e+00 0.000000e+00 0.000000e+00 0.000000e+00 0.000000e+00
<ENDHMM>
