~o
<STREAMINFO> 1 39
<VECSIZE> 39<NULLD><MFCC_E_D_A><DIAGC>
~h "Vao"
<BEGINHMM>
<NUMSTATES> 28
<STATE> 2
<MEAN> 39
 -3.678870e+00 -7.488895e+00 -9.654740e-02 -2.548594e+00 6.514199e-01 -5.493414e+00 2.167792e+00 -1.097208e+00 4.146962e-01 -1.751049e+00 2.213774e+00 -3.288374e+00 4.374883e-02 8.485698e-01 3.270524e-01 -1.368088e+00 -1.172662e+00 -1.066296e+00 -5.986279e-01 -3.173144e-01 -2.407801e-01 -6.329626e-01 -2.964804e-01 -1.042008e+00 -1.423268e+00 2.225713e-02 2.208883e-01 -1.761849e-02 -4.065918e-01 2.949320e-03 -2.414528e-01 -1.171150e-01 -3.375785e-01 -1.963307e-01 -2.190868e-01 -2.182662e-01 -1.367800e-01 -3.327584e-02 1.102628e-02
<VARIANCE> 39
 2.599515e+00 3.842569e+00 6.468659e+00 7.726432e+00 8.482500e+00 7.419179e+00 4.932154e+00 1.048363e+01 9.028495e+00 5.787545e+00 9.096407e+00 1.014497e+01 5.000000e-02 4.592705e-01 2.586384e-01 1.146615e+00 8.833470e-01 9.079909e-01 1.264856e+00 1.099138e+00 2.859214e+00 1.012091e+00 4.852083e-01 8.756458e-01 6.193987e-01 5.000000e-02 1.291092e-01 1.180561e-01 1.015190e-01 1.517391e-01 2.579509e-01 2.876197e-01 5.768869e-02 4.683633e-01 2.539321e-01 1.711388e-01 2.990944e-01 1.928704e-01 5.000000e-02
<GCONST> 6.275679e+01
<STATE> 3
<MEAN> 39
 3.150631e-01 -6.420539e+00 -5.707350e+00 -5.917796e+00 -3.163506e+00 -7.431634e+00 -1.703440e+00 -2.269905e+00 -1.857154e+00 -4.281418e+00 -1.033122e+00 -6.168640e+00 2.007761e-01 9.368103e-01 -5.390005e-01 -1.128890e+00 4.515738e-01 -5.179465e-01 -1.255908e+00 -8.418000e-01 4.166083e-01 -8.389304e-01 -7.197658e-01 -1.215648e+00 -9.351810e-01 6.888458e-02 -2.485551e-01 -5.166446e-01 -1.611046e-02 3.920953e-01 4.054125e-01 2.319522e-02 2.370170e-01 1.553595e-01 2.989587e-01 2.009089e-01 4.691181e-02 1.595894e-01 1.326649e-02
<VARIANCE> 39
 1.081263e+01 9.915673e+00 7.585155e+00 1.518270e+01 8.525923e+00 1.187121e+01 8.553075e+00 9.240137e+00 6.926415e+00 1.352695e+01 6.899620e+00 2.550627e+00 5.000000e-02 1.917697e+00 1.775086e+00 6.897741e-01 1.203021e+00 2.579209e+00 1.999559e+00 2.800549e-01 5.262192e-01 1.528890e+00 1.502029e+00 1.161266e+00 6.119741e-01 5.000000e-02 1.159533e-01 1.674625e-01 5.879425e-01 5.614488e-01 2.819816e-01 2.831739e-01 2.272324e-01 3.433734e-01 3.712113e-01 1.564785e-01 2.508086e-01 1.379974e-01 5.000000e-02
<GCONST> 7.342226e+01
<STATE> 4
<MEAN> 39
 9.309717e-01 -8.287853e+00 -7.328526e+00 -2.368956e+00 -2.073732e+00 -1.089847e+01 -1.236367e+00 -1.234457e+00 -3.750674e+00 -6.740748e+00 -2.648990e+00 -8.627921e+00 3.434692e-01 3.352395e-01 -1.803212e+00 -2.054767e+00 -7.266477e-01 2.320770e-01 2.453952e-01 8.232350e-01 3.601356e-01 1.122370e+00 8.282054e-01 -9.860827e-01 2.117568e-01 8.112349e-02 -1.130438e-01 -6.625210e-01 -5.754377e-01 -5.812935e-01 2.162692e-01 5.403858e-01 8.868857e-01 6.917309e-02 5.348886e-01 4.489797e-01 -4.413842e-01 6.162849e-01 2.198744e-02
<VARIANCE> 39
 2.903265e+01 2.050233e+01 7.423202e+00 1.013571e+01 1.700278e+01 3.183574e+01 8.335777e+00 1.186933e+01 2.108082e+01 1.638817e+01 1.820708e+01 1.132864e+01 5.000000e-02 6.119874e-01 2.283483e+00 4.904952e+00 3.822681e+00 1.983807e+00 3.236872e+00 1.329291e+00 1.514048e+00 2.509280e+00 1.638317e+00 2.291518e+00 8.154522e-01 5.000000e-02 2.778675e-01 3.787726e-01 5.774851e-01 4.139849e-01 7.033362e-01 7.308528e-01 3.263707e-01 3.059761e-01 5.189755e-01 4.546048e-01 4.210817e-01 2.481836e-01 5.000000e-02
<GCONST> 9.297137e+01
<STATE> 5
<MEAN> 39
 2.334368e+00 -1.694383e+01 -1.525431e+01 -9.300090e+00 -1.767248e+00 -8.008655e+00 2.227338e+00 -2.947598e-01 2.145358e+00 -1.392035e-01 -8.100172e+00 -6.350182e+00 6.941671e-01 -3.729004e-01 -3.194333e+00 -3.964554e+00 -7.195772e-01 9.532386e-01 4.162908e-01 3.635915e+00 2.290133e-01 7.399453e-01 2.181327e-01 -2.316037e+00 1.655593e+00 1.513634e-01 -6.379638e-01 2.724931e-01 1.374056e-01 9.904044e-01 3.277128e-01 1.859214e-01 4.109670e-01 -4.503573e-01 -6.964334e-01 -8.013387e-01 5.211542e-01 4.722740e-01 -1.450090e-02
<VARIANCE> 39
 1.106638e+01 1.039213e+01 5.028470e+01 1.953851e+01 1.671013e+01 1.216108e+01 2.648955e+01 1.582626e+01 1.776723e+01 1.241075e+01 2.557981e+01 5.122915e+00 5.000000e-02 1.451807e+00 8.893868e-01 2.535906e+00 2.573699e+00 2.617226e+00 2.621552e+00 2.051971e+00 2.147269e+00 2.624627e+00 3.398270e+00 1.231448e+00 1.497434e+00 5.000000e-02 1.180971e-01 3.150873e-01 9.649484e-01 3.708160e-01 4.458795e-01 3.854199e-01 5.169457e-01 1.317536e-01 2.300522e-01 1.137654e-01 5.059776e-01 2.197978e-01 5.000000e-02
<GCONST> 8.968365e+01
<STATE> 6
<MEAN> 39
 -2.490425e+00 -2.182339e+01 -2.266703e+01 -5.014146e+00 2.075815e+00 -5.666962e+00 1.323394e+01 -1.764962e+00 1.135981e+00 -4.524579e+00 -9.566236e+00 5.898327e-01 9.234349e-01 -1.682813e+00 -1.411563e+00 -9.892335e-01 1.809712e+00 1.618288e+00 1.398243e+00 1.503301e+00 -1.419661e+00 -8.805246e-01 -1.167838e+00 5.782464e-01 1.958991e+00 5.432216e-02 1.001374e-01 5.672838e-01 9.830131e-01 2.938956e-01 -2.360333e-02 1.425760e-02 -1.268103e+00 -5.491005e-01 -3.431875e-02 1.946098e-01 7.075487e-01 -4.002654e-01 -3.147811e-02
<VARIANCE> 39
 1.453482e+01 2.993389e+00 8.222350e+00 2.158689e+01 1.628788e+01 8.263355e+00 2.344630e+01 4.671655e+01 3.108756e+01 1.846104e+01 1.052937e+01 7.932171e+00 5.000000e-02 6.691850e-01 7.005510e-01 2.157918e+00 1.466237e+00 9.182851e-01 2.059718e-01 2.692529e+00 1.136462e+00 5.581995e-01 8.354338e-01 1.396478e+00 9.843961e-01 5.000000e-02 1.846342e-01 5.370513e-02 3.676504e-01 2.747250e-01 3.482817e-01 2.372551e-01 1.534981e-01 2.960375e-01 2.849137e-01 4.034822e-01 3.518713e-01 2.270180e-01 5.000000e-02
<GCONST> 7.654197e+01
<STATE> 7
<MEAN> 39
 -3.709407e+00 -2.303385e+01 -2.302073e+01 2.280118e-01 5.473586e+00 -3.361542e+00 9.811994e+00 -4.231580e+00 -1.901376e+00 -4.571076e+00 -7.447726e+00 5.911272e-01 9.701659e-01 -2.785529e-01 -6.662449e-01 -2.858578e-01 1.207937e+00 5.782785e-01 6.074491e-01 -6.377077e-01 -2.190870e+00 4.123425e-01 4.387293e-01 5.917801e-01 6.275489e-01 1.307429e-02 4.092243e-01 1.124543e-01 1.573593e-01 -4.506226e-01 -3.773522e-01 -1.635553e-01 -2.488279e-01 1.561297e-01 4.039970e-01 2.315619e-01 -3.184357e-01 -1.752437e-01 -8.327328e-03
<VARIANCE> 39
 1.631593e+01 1.320680e+00 7.889765e+00 2.460079e+01 5.650938e+00 1.027502e+01 1.222881e+01 3.655710e+01 3.019786e+01 1.373268e+01 1.358028e+01 5.223649e+00 5.000000e-02 3.114744e-01 1.276037e-01 6.099008e-01 8.736200e-01 4.290285e-01 3.935076e-01 4.122269e-01 9.068040e-01 8.592104e-01 7.731194e-01 1.983167e+00 6.586896e-01 5.000000e-02 5.000000e-02 5.000000e-02 1.426953e-01 5.729253e-02 1.005661e-01 5.000000e-02 1.049439e-01 2.047615e-01 8.033480e-02 7.277805e-02 1.497959e-01 1.269984e-01 5.000000e-02
<GCONST> 5.568763e+01
<STATE> 8
<MEAN> 39
 -3.877116e+00 -2.570437e+01 -2.332946e+01 -5.470855e-01 5.358106e+00 -2.371362e+00 1.064225e+01 -1.049071e+01 1.072341e+00 -3.244687e+00 -7.866851e+00 4.149387e+00 9.911295e-01 -3.709482e-02 -3.682632e-01 -2.258707e-01 3.626148e-01 -2.767304e-02 5.953861e-01 -5.630345e-01 -4.775680e-01 9.994178e-01 -2.713352e-01 9.591892e-02 6.777337e-01 5.055352e-03 -1.989067e-02 2.907973e-01 4.519554e-02 -2.369922e-01 -1.257924e-01 -1.235167e-01 -7.014320e-02 4.939434e-01 -6.987053e-02 -3.528672e-01 -1.121085e-01 -2.020048e-01 -3.627455e-03
<VARIANCE> 39
 2.576598e+01 1.356434e+00 2.688869e+00 2.800127e+01 7.771903e+00 1.155909e+01 2.012028e+01 4.119067e+01 3.588992e+01 2.087130e+01 2.661409e+01 4.406637e+00 5.000000e-02 4.678430e-01 3.010250e-01 3.925401e-01 5.155559e-01 8.809499e-02 2.527410e-01 1.740859e-01 7.223597e-01 4.775557e-01 3.661243e-01 4.462813e-01 2.460190e-01 5.000000e-02 9.621361e-02 5.000000e-02 7.787064e-02 1.638830e-01 1.024551e-01 5.315738e-02 5.583925e-02 1.334992e-01 2.135471e-01 1.193708e-01 1.703243e-01 7.395823e-02 5.000000e-02
<GCONST> 5.192390e+01
<STATE> 9
<MEAN> 39
 -3.101712e+00 -2.484917e+01 -2.432127e+01 1.615086e+00 5.920910e+00 -1.795577e+00 8.884068e+00 -1.039229e+01 2.239591e+00 -4.731616e+00 -7.156885e+00 3.504321e+00 9.938790e-01 -2.169172e-01 2.466640e-01 7.922352e-02 -2.938232e-01 2.104619e-01 3.039125e-01 -4.946992e-01 -2.896572e-01 -4.271579e-02 -1.960643e-01 -5.748580e-01 7.574777e-02 5.360293e-04 9.975088e-02 1.122668e-02 2.916071e-01 -1.737110e-01 7.935330e-03 2.379016e-02 8.471299e-02 1.513853e-01 -1.155015e-01 4.364981e-02 -6.543528e-02 -9.604901e-02 -1.702963e-03
<VARIANCE> 39
 1.162615e+01 3.272107e+00 1.145260e+00 2.319756e+01 5.332080e+00 5.939596e+00 5.703549e+00 3.996074e+01 1.793854e+01 2.124026e+01 2.063420e+01 5.738896e+00 5.000000e-02 1.495722e-01 2.122184e-01 2.152459e-01 4.718017e-01 9.170683e-01 5.082555e-01 1.533784e+00 8.974922e-01 5.948846e-01 1.287894e+00 2.529216e-01 6.160274e-01 5.000000e-02 5.000000e-02 6.098052e-02 5.000000e-02 5.000000e-02 7.025183e-02 5.796214e-02 1.097999e-01 1.910191e-01 2.981980e-01 2.355620e-01 8.086946e-02 1.622334e-01 5.000000e-02
<GCONST> 5.276130e+01
<STATE> 10
<MEAN> 39
 -3.041761e+00 -2.517982e+01 -2.263450e+01 1.098325e+00 5.159626e+00 1.101905e+00 6.551086e+00 -1.039786e+01 4.462107e+00 -7.125450e+00 -6.283619e+00 2.515363e+00 9.894903e-01 2.319286e-01 -4.269065e-01 6.672913e-01 -2.346752e-01 -4.258242e-01 9.861836e-01 -8.378770e-01 4.856148e-01 -9.835615e-02 -4.422658e-01 -3.993919e-01 -9.575016e-02 -4.427030e-03 -5.118230e-03 -1.412351e-01 -1.555546e-01 -6.518032e-02 -1.382050e-01 -9.687425e-02 1.333269e-01 7.990428e-02 -1.006863e-01 2.382507e-01 -7.563755e-02 1.105463e-01 -1.429982e-03
<VARIANCE> 39
 1.435090e+01 3.169971e+00 1.629336e+00 1.691642e+01 1.463871e+01 9.675800e+00 2.638559e+01 8.376707e+01 3.621132e+01 1.772950e+01 1.936592e+01 8.854343e+00 5.000000e-02 9.113110e-02 2.922209e-01 1.891974e-01 2.337379e-01 5.059919e-01 2.998162e-01 5.753785e-01 7.203718e-01 2.361213e+00 2.198158e+00 7.100384e-01 5.968850e-01 5.000000e-02 5.000000e-02 5.970361e-02 6.717435e-02 1.023464e-01 1.728676e-01 1.583603e-01 2.198553e-01 1.703397e-01 1.196777e-01 2.408955e-01 9.028006e-02 1.362576e-01 5.000000e-02
<GCONST> 5.974357e+01
<STATE> 11
<MEAN> 39
 -7.545390e+00 -2.475953e+01 -2.009378e+01 -3.570484e+00 5.766994e+00 1.197533e-01 7.188715e+00 -9.844390e+00 5.374812e+00 -5.826499e+00 -1.034069e+01 6.021341e+00 9.539688e-01 -1.723327e-01 8.908589e-02 -1.833929e-01 -1.688238e-01 2.089993e-01 -2.675916e-01 2.944764e-02 -1.127418e-01 3.257770e-01 5.953338e-01 -5.744174e-01 5.652459e-02 -8.508004e-03 3.114608e-02 -4.012370e-02 -2.461201e-01 -2.262646e-02 -6.155806e-02 -9.622308e-02 -1.220788e-02 -1.141184e-01 -9.102404e-03 1.965612e-01 2.789867e-02 -9.729304e-02 -2.141333e-04
<VARIANCE> 39
 1.354825e+01 4.598815e+00 4.420294e+00 7.544918e+00 6.467276e+00 4.345388e+00 1.698033e+01 3.224678e+01 3.079655e+01 1.548414e+01 1.115091e+01 6.162874e+00 5.000000e-02 1.793619e-01 3.330398e-01 4.636597e-01 6.199099e-01 4.410413e-01 3.233475e-01 3.085741e-01 6.847346e-01 8.766929e-01 5.015447e-01 4.440591e-01 5.151391e-01 5.000000e-02 5.000000e-02 5.000000e-02 5.000000e-02 1.641825e-01 8.428335e-02 7.715979e-02 1.172634e-01 9.270249e-02 1.679939e-01 7.917864e-02 7.695049e-02 5.000000e-02 5.000000e-02
<GCONST> 5.027287e+01
<STATE> 12
<MEAN> 39
 -2.855633e+00 -2.627939e+01 -2.458734e+01 -4.378407e-01 4.653400e+00 7.985086e-01 7.328743e+00 -1.135559e+01 4.482958e+00 -3.925222e+00 -9.936180e+00 4.029108e+00 9.549924e-01 3.344401e-01 -5.258730e-01 -6.634766e-01 -2.593943e-01 -9.209165e-01 7.854664e-01 -3.509265e-01 -2.999493e-01 4.899966e-01 5.930420e-02 1.245638e-01 -6.302324e-01 -6.484499e-03 4.898719e-02 7.711004e-02 1.261041e-01 -8.236151e-02 -2.545447e-02 1.542640e-01 1.356384e-01 1.739925e-02 -7.656817e-02 -5.185234e-02 -6.752641e-02 -2.140120e-01 -1.274738e-03
<VARIANCE> 39
 1.700901e+01 3.356667e+00 3.915266e+00 2.785880e+01 7.172556e+00 1.584592e+01 1.284324e+01 5.732054e+01 8.766138e+01 1.574147e+01 1.005726e+01 4.924407e+00 5.000000e-02 5.000000e-02 1.726250e-01 6.442075e-01 4.007714e-01 2.523521e-01 1.387547e+00 8.655590e-01 4.317285e-01 8.137786e-01 9.969365e-01 4.192785e-01 5.830873e-01 5.000000e-02 5.000000e-02 5.012286e-02 1.236878e-01 6.597885e-02 6.702235e-02 2.072877e-01 1.259149e-01 5.904299e-02 1.705618e-01 1.036801e-01 1.413069e-01 1.165524e-01 5.000000e-02
<GCONST> 5.601890e+01
<STATE> 13
<MEAN> 39
 -9.349755e-01 -2.850675e+01 -2.419550e+01 -6.906489e-01 1.451549e+00 3.690568e+00 4.365950e+00 -8.695936e+00 2.569184e+00 -3.844028e+00 -9.983863e+00 1.565055e+00 9.471956e-01 3.705754e-01 -2.081464e-01 1.494171e-02 -8.083440e-01 -3.077370e-01 1.235394e-01 1.294430e-01 -3.978488e-01 2.222811e-02 9.037850e-01 -2.809901e-01 2.804368e-02 -1.065052e-02 8.192582e-02 2.940381e-01 2.224278e-01 1.020759e-02 2.874688e-01 -8.846111e-02 8.419960e-02 4.515579e-02 -1.306724e-01 1.970620e-01 3.815001e-02 2.234118e-02 -1.705604e-03
<VARIANCE> 39
 1.995486e+01 7.035804e+00 6.592647e+00 1.812332e+01 1.211571e+01 1.087604e+01 2.592994e+01 4.940412e+01 9.774423e+01 1.703172e+01 1.159512e+01 7.649053e+00 5.000000e-02 2.740592e-01 4.565500e-01 5.721982e-01 2.546896e-01 2.036049e-01 3.174685e-01 3.789291e-01 3.411960e-01 6.364602e-01 5.218375e-01 9.459339e-01 3.525256e-01 5.000000e-02 5.000000e-02 5.000000e-02 7.045797e-02 5.525582e-02 6.272785e-02 1.483726e-01 1.259922e-01 5.000000e-02 3.260461e-01 1.938951e-01 1.362895e-01 1.203862e-01 5.000000e-02
<GCONST> 5.721177e+01
<STATE> 14
<MEAN> 39
 -4.091730e+00 -2.511325e+01 -2.373602e+01 -4.738214e+00 3.644056e+00 1.314507e+00 7.291514e+00 -1.186519e+01 4.612517e+00 2.386207e-01 -1.259071e+01 3.300604e+00 8.908772e-01 7.850325e-01 5.882632e-01 1.832828e-01 -3.233266e-01 1.264564e-01 3.624308e-01 4.516793e-02 1.027818e-01 -8.521961e-01 1.222361e+00 -3.293953e-01 -7.090569e-01 -1.151160e-02 1.305146e-01 2.319219e-02 7.929835e-02 -3.635707e-02 1.247765e-01 2.684998e-01 -2.029916e-01 2.496840e-01 1.215458e-01 -3.777106e-02 2.888242e-02 -3.994275e-01 6.402985e-04
<VARIANCE> 39
 2.516476e+01 4.415605e+00 2.662587e+00 9.700116e+00 9.229305e+00 1.062224e+01 2.075398e+01 3.486073e+01 3.468320e+01 1.164978e+01 9.478730e+00 1.137648e+01 5.000000e-02 8.712502e-02 1.349532e-01 3.924533e-01 4.058779e-01 8.886544e-01 4.218535e-01 3.972429e-01 4.345583e-01 1.529986e+00 1.042790e+00 7.430424e-01 4.019119e-01 5.000000e-02 5.000000e-02 5.810240e-02 5.369822e-02 1.283618e-01 1.092881e-01 1.006274e-01 2.648466e-01 1.315234e-01 1.248193e-01 1.073511e-01 1.055751e-01 5.224937e-02 5.000000e-02
<GCONST> 5.454573e+01
<STATE> 15
<MEAN> 39
 -4.312379e-02 -2.539858e+01 -2.261793e+01 -4.570180e+00 5.512340e+00 4.269902e+00 5.433354e+00 -9.560137e+00 2.928347e+00 2.259769e+00 -1.126679e+01 -2.411412e+00 8.908733e-01 6.522341e-01 4.479021e-01 -8.040686e-04 -8.865885e-01 2.390396e-01 1.000185e+00 -1.053325e-01 8.362619e-01 -2.507051e-01 8.187571e-01 -3.390542e-01 -1.797933e+00 -1.268964e-02 2.260100e-02 6.101776e-02 -4.336141e-02 -3.094347e-01 -4.477676e-01 1.143194e-03 -4.100823e-01 4.496401e-01 -1.491258e-01 -7.937208e-02 7.458875e-02 6.367512e-02 -3.373084e-03
<VARIANCE> 39
 3.458446e+01 9.947244e+00 3.179239e+00 6.705568e+00 5.420248e+00 1.054781e+01 1.104979e+01 2.796618e+01 2.849515e+01 8.917893e+00 1.285259e+01 1.733503e+01 5.000000e-02 1.447125e-01 4.465894e-01 6.002753e-01 9.935119e-01 1.596948e+00 7.922897e-01 2.354559e+00 1.496380e+00 2.490476e-01 9.526898e-01 2.690242e-01 5.186553e-01 5.000000e-02 5.000000e-02 5.000000e-02 1.296736e-01 5.000000e-02 2.872666e-01 1.664641e-01 1.415337e-01 5.000000e-02 2.623707e-01 7.600635e-02 6.737354e-02 2.552778e-01 5.000000e-02
<GCONST> 6.014537e+01
<STATE> 16
<MEAN> 39
 7.306433e-01 -2.393108e+01 -2.357676e+01 -8.203012e+00 2.134524e+00 5.669467e+00 3.990659e+00 -6.767453e+00 1.462111e+00 4.664441e+00 -1.342931e+01 -3.535124e+00 8.376727e-01 1.099891e+00 6.830789e-01 3.906599e-01 -1.777451e+00 -4.390690e-01 1.060740e-02 -1.609273e+00 1.398277e+00 -3.521515e-02 7.274159e-01 5.527031e-01 -1.090894e+00 -1.983709e-02 2.095509e-01 -1.114772e-02 2.435814e-01 -5.984136e-02 5.338600e-02 -5.436862e-01 1.529355e-01 -7.131632e-02 2.259175e-01 -5.376598e-01 5.740989e-01 4.209684e-01 -3.325927e-03
<VARIANCE> 39
 2.128127e+01 9.704288e+00 1.332593e+01 1.916598e+01 1.552864e+01 1.155972e+01 5.975758e+00 1.672190e+01 2.067122e+01 1.011833e+01 1.466312e+01 2.527795e+01 5.000000e-02 2.566748e-01 4.930152e-01 1.148318e+00 7.274981e-01 1.607268e+00 2.105625e+00 1.371871e+00 4.935508e-01 3.858567e+00 6.805957e-01 5.298444e-01 1.262659e+00 5.000000e-02 5.000000e-02 1.184554e-01 6.115497e-02 8.255189e-02 1.664782e-01 2.746150e-01 2.988349e-01 6.518730e-02 1.813186e-01 2.483437e-01 5.935577e-02 2.498391e-01 5.000000e-02
<GCONST> 6.900916e+01
<STATE> 17
<MEAN> 39
 3.322086e+00 -2.222300e+01 -1.978111e+01 -1.355110e+01 3.366471e+00 4.798562e+00 -1.177676e+00 -5.155376e+00 8.087445e-01 4.195509e+00 -1.061739e+01 -6.118955e+00 7.769405e-01 1.400487e+00 2.584991e-02 7.333691e-01 -1.108322e+00 -8.110294e-01 -1.027888e+00 -5.089105e-01 1.197923e+00 2.668571e-01 -1.453934e+00 1.812859e+00 4.852422e-01 -3.223136e-02 -3.174214e-02 -1.214445e-01 -3.129974e-01 6.224257e-01 -5.592450e-02 -4.035414e-01 6.186899e-01 -2.253709e-01 4.564674e-01 -4.765110e-01 4.122853e-01 6.794347e-01 -2.858716e-03
<VARIANCE> 39
 1.010749e+01 3.590364e+00 2.647635e+01 2.202747e+01 2.608581e+01 6.957803e+00 4.350699e+00 2.208908e+01 2.086128e+01 1.666578e+01 1.124755e+01 1.583390e+01 5.000000e-02 5.702379e-01 8.248525e-01 1.234958e+00 6.043966e-01 9.884341e-01 2.210694e+00 6.946634e-01 9.817705e-01 1.497413e+00 8.395682e-01 3.560501e-01 1.170288e+00 5.000000e-02 5.000000e-02 5.616447e-02 2.053490e-01 1.553812e-01 4.082574e-01 2.886239e-01 5.703035e-02 3.226660e-01 7.844660e-01 2.765722e-01 1.577500e-01 1.641645e-01 5.000000e-02
<GCONST> 7.152038e+01
<STATE> 18
<MEAN> 39
 6.127625e+00 -2.272433e+01 -1.921586e+01 -1.292801e+01 1.461397e+00 3.207855e+00 1.168167e+00 -3.715251e+00 5.173580e+00 1.082387e+00 -6.696524e+00 -3.652672e+00 7.033235e-01 1.208029e+00 3.697393e-01 -4.337386e-01 6.996460e-01 -3.320536e-01 -1.565373e+00 8.315077e-01 5.301502e-01 9.829670e-01 -1.250204e+00 2.193121e+00 1.687120e+00 -3.222896e-02 -3.758160e-01 1.401420e-02 -3.071873e-01 4.288333e-01 1.169132e-01 -3.776959e-01 2.459556e-01 -1.531605e-02 -3.781900e-01 1.604281e-01 -1.468187e-01 1.416046e-01 -1.968386e-03
<VARIANCE> 39
 6.588507e+00 4.803011e+00 1.568233e+01 1.733369e+01 8.170872e+00 8.728930e+00 1.914140e+01 1.901828e+01 5.910079e+00 3.297706e+00 6.097684e+00 7.844370e+00 5.000000e-02 2.021805e-01 7.323078e-01 4.537036e-01 1.521072e+00 1.642834e+00 7.500468e-01 3.024000e-01 2.347900e+00 2.467462e+00 8.369321e-01 1.474565e+00 4.617359e-01 5.000000e-02 5.492697e-02 1.212682e-01 2.999328e-01 8.528552e-02 2.353585e-01 1.708467e-01 1.098323e-01 2.660232e-01 2.656702e-01 2.222786e-01 1.468729e-01 1.908535e-01 5.000000e-02
<GCONST> 6.485007e+01
<STATE> 19
<MEAN> 39
 8.109730e+00 -2.155967e+01 -2.274228e+01 -1.066436e+01 -2.462312e+00 -3.207950e+00 3.217011e+00 -1.050789e+00 3.132712e+00 -1.598627e+00 -1.485265e+00 4.796355e-01 6.688131e-01 -1.852823e-01 -1.019994e-01 3.195969e-01 3.165528e-01 -1.047069e+00 -1.851923e+00 3.421829e-01 5.395124e-01 6.615158e-02 -6.220295e-01 2.895863e-01 5.308258e-01 -3.659552e-02 -3.424384e-01 -7.989319e-02 1.120814e-01 2.602703e-01 1.347550e-01 2.712006e-01 -5.851108e-02 3.373121e-02 -1.950854e-01 1.053936e-01 -7.926493e-01 -5.485406e-01 -8.745117e-04
<VARIANCE> 39
 3.720354e+00 7.029832e+00 1.325459e+01 5.293234e+00 1.387049e+01 1.515035e+01 3.833083e+00 4.276317e+00 8.038204e+00 1.534670e+01 7.062348e+00 6.138588e+00 5.000000e-02 2.773883e-01 4.439545e-01 1.530306e+00 3.485531e-01 4.846300e-01 2.292669e-01 1.122394e+00 8.019716e-01 6.696773e-01 1.455737e+00 2.587719e+00 1.200932e+00 5.000000e-02 5.000000e-02 1.460931e-01 1.903865e-01 5.253584e-02 4.160376e-01 7.711991e-02 1.446348e-01 1.199643e-01 2.317967e-01 3.257343e-01 2.665573e-01 1.589527e-01 5.000000e-02
<GCONST> 6.025434e+01
<STATE> 20
<MEAN> 39
 6.435106e+00 -2.179640e+01 -2.208720e+01 -9.424951e+00 -1.939306e+00 -6.445892e+00 4.533563e+00 1.642804e+00 3.305404e+00 -3.016994e+00 -4.520482e+00 -2.135743e-01 5.494132e-01 -5.484896e-01 5.604388e-01 3.791103e-01 1.468119e+00 9.083852e-01 -3.888078e-01 -1.899070e-01 3.724442e-01 -6.112139e-01 -8.758208e-01 -6.444592e-01 -1.042543e+00 -3.882820e-02 -1.332629e-01 2.083893e-01 5.365581e-01 2.082043e-01 6.602101e-01 7.480916e-01 -4.967801e-01 -7.201427e-01 -7.994988e-02 -1.378615e-01 1.142771e-01 -2.439064e-01 -1.061944e-03
<VARIANCE> 39
 1.175485e+00 3.118706e+00 1.147984e+00 7.063601e+00 2.109567e+01 6.713728e+00 5.848122e+00 6.873527e+00 1.115329e+01 8.154002e+00 8.158921e+00 7.745676e+00 5.000000e-02 2.279392e-01 5.578059e-01 1.705745e+00 2.621252e-01 1.080625e+00 1.766890e+00 7.649243e-01 1.057098e+00 1.412928e+00 9.951053e-01 1.357188e+00 7.661102e-01 5.000000e-02 5.000000e-02 1.189953e-01 1.756462e-01 6.580524e-02 1.098721e-01 5.000000e-02 5.000000e-02 7.487143e-02 2.209358e-01 1.259547e-01 3.211412e-01 2.730281e-01 5.000000e-02
<GCONST> 5.493988e+01
<STATE> 21
<MEAN> 39
 4.339262e+00 -1.994245e+01 -1.714942e+01 -3.400888e+00 4.003187e+00 -3.152282e+00 2.162440e+00 -2.123305e+00 2.157290e+00 -5.107168e+00 -3.615504e+00 -2.079153e+00 4.394854e-01 -4.986050e-01 3.343699e-01 1.387882e+00 1.083100e+00 9.767594e-01 6.201658e-01 -6.789066e-01 -5.144785e-01 -4.382809e-01 -6.436032e-01 2.499654e-01 -1.919175e-01 -3.226958e-02 6.731345e-03 -1.978575e-01 -8.947974e-02 -2.894696e-01 -1.808686e-01 3.006484e-02 3.460375e-02 7.598840e-02 6.609408e-02 1.534608e-01 9.106876e-02 3.522894e-02 2.722318e-03
<VARIANCE> 39
 1.880287e+00 4.247207e+00 1.189515e+01 3.978706e+00 2.607585e+01 1.295228e+01 4.663882e+00 1.198419e+01 7.167749e+00 7.586903e+00 9.855473e+00 8.552015e+00 5.000000e-02 2.146468e-01 9.227647e-01 1.438813e+00 9.469201e-01 1.266628e+00 1.356619e+00 8.068115e-01 2.099160e+00 1.126440e+00 1.212715e+00 4.222221e-01 1.115245e+00 5.000000e-02 5.000000e-02 1.587957e-01 3.360724e-01 8.717453e-02 1.835749e-01 3.643811e-01 8.876515e-02 3.461768e-01 2.064072e-01 1.899566e-01 1.552488e-01 1.377564e-01 5.000000e-02
<GCONST> 6.458057e+01
<STATE> 22
<MEAN> 39
 2.780061e+00 -2.069620e+01 -1.609689e+01 -3.312500e+00 4.070566e+00 -3.845739e+00 5.474047e-02 -2.248288e+00 1.304377e+00 -7.072655e+00 -5.947518e+00 -4.769095e+00 3.548589e-01 -6.830473e-01 1.433093e-01 9.458933e-01 6.264886e-01 1.095367e+00 7.859211e-01 -1.963607e-01 -4.426279e-01 2.521175e-01 -1.273384e-01 5.612222e-01 -1.703044e-01 -2.804551e-02 8.613484e-02 1.348534e-01 3.492821e-02 -5.330879e-02 -8.617555e-02 2.922083e-02 2.549835e-01 9.639970e-02 -1.830638e-02 2.689064e-01 4.401185e-01 4.492896e-01 4.573467e-03
<VARIANCE> 39
 2.086696e+00 5.965505e+00 6.547113e+00 4.148561e+00 1.014797e+01 6.151026e+00 1.459164e+01 1.400820e+01 9.598759e+00 7.802230e+00 2.483258e+00 6.323655e+00 5.000000e-02 3.595699e-01 7.690289e-01 3.624199e-01 7.020108e-01 1.426695e+00 1.573992e+00 5.999824e-01 1.060592e+00 9.553030e-01 1.008976e+00 1.021602e+00 7.034717e-01 5.000000e-02 5.000000e-02 2.126601e-01 2.029782e-01 1.738622e-01 3.059532e-01 2.229727e-01 1.392044e-01 2.263695e-01 2.485173e-01 1.803905e-01 1.362794e-01 2.843298e-01 5.000000e-02
<GCONST> 6.198691e+01
<STATE> 23
<MEAN> 39
 1.757775e+00 -1.957463e+01 -1.273526e+01 -8.937771e-01 6.535383e+00 -1.362104e+00 2.633115e-01 -2.494086e+00 1.698290e+00 -5.842278e+00 -1.400254e+00 -2.834956e+00 3.093465e-01 -4.661160e-01 6.483688e-01 1.031783e+00 2.806939e-01 2.042604e-01 -9.662112e-02 -1.995201e-01 -4.867056e-01 -1.223162e+00 -3.069507e-01 9.152697e-01 5.587995e-01 -1.845648e-02 4.649611e-02 2.442181e-01 -7.458203e-02 -3.360988e-01 -3.730912e-01 -4.667073e-01 -3.416719e-02 6.208616e-02 -1.685259e-01 3.439544e-02 -1.796431e-01 6.286263e-02 3.466381e-04
<VARIANCE> 39
 4.561496e+00 8.337367e-01 6.027592e+00 1.535773e+01 1.280008e+01 8.498493e+00 1.014134e+01 5.808158e+00 8.503547e+00 6.677555e+00 6.710516e+00 4.297767e+00 5.000000e-02 3.142424e-01 4.111058e-01 5.795858e-01 8.111340e-01 1.478353e+00 7.426471e-01 5.395233e-01 5.965228e-01 1.302034e+00 1.325571e+00 6.182977e-01 9.643344e-01 5.000000e-02 6.200843e-02 6.367999e-02 7.499675e-02 1.188090e-01 1.090567e-01 1.558338e-01 1.484100e-01 2.210641e-01 3.160771e-01 2.852470e-01 8.628418e-02 9.065886e-02 5.000000e-02
<GCONST> 5.590334e+01
<STATE> 24
<MEAN> 39
 1.428408e+00 -1.624169e+01 -9.933054e+00 -1.778911e+00 5.334915e+00 -3.103803e+00 -9.442505e-02 -5.086043e+00 -2.550465e+00 -6.213877e+00 -1.856842e-01 -1.685431e+00 2.794834e-01 -3.996150e-01 8.233490e-01 4.855625e-01 -1.934845e-01 2.465632e-02 -6.545467e-01 1.031172e-01 5.196089e-01 3.782136e-01 1.076462e+00 1.850993e-01 -1.428273e-01 -2.396671e-02 -1.120186e-01 6.412046e-02 6.149866e-02 1.126790e-01 1.373621e-01 2.070420e-01 1.292510e-01 3.567278e-01 7.698551e-01 2.926585e-01 -1.907329e-01 -2.358725e-01 -4.841599e-03
<VARIANCE> 39
 3.098545e+00 2.781137e+00 4.606116e+00 9.914147e+00 1.125911e+01 8.828821e+00 8.247871e+00 7.397163e+00 4.271843e+00 1.553787e+01 3.800515e+00 7.588140e+00 5.000000e-02 1.324579e-01 5.132948e-01 5.372217e-01 6.730754e-01 9.233671e-01 1.469698e+00 7.132244e-01 9.734870e-01 1.115015e+00 5.184355e-01 3.603673e-01 4.673449e-01 5.000000e-02 5.698442e-02 6.394443e-02 1.492731e-01 8.744102e-02 4.827057e-01 3.526194e-01 1.062723e-01 1.386344e-01 5.000000e-02 1.456639e-01 5.000000e-02 7.875268e-02 5.000000e-02
<GCONST> 5.243670e+01
<STATE> 25
<MEAN> 39
 -3.257427e-01 -1.518191e+01 -9.207521e+00 -1.686688e+00 6.102389e+00 -2.788848e+00 2.444653e+00 -1.864991e-01 1.403793e+00 -2.739513e+00 7.070231e-01 -2.198934e+00 2.205731e-01 -7.692113e-01 1.151220e+00 1.340772e+00 5.056996e-01 3.526951e-01 1.752907e-01 -1.474382e-01 8.208819e-02 1.341404e+00 3.026915e-01 1.831356e-01 -1.310364e-01 -3.701469e-02 -4.354786e-02 5.245741e-02 1.336578e-01 1.055096e-01 -1.309438e-01 1.409707e-01 -1.970836e-01 -4.677568e-01 -2.985325e-01 -4.871711e-01 -4.109375e-03 5.240169e-03 -3.232717e-03
<VARIANCE> 39
 7.344067e-01 9.874663e+00 1.078029e+01 1.567780e+01 8.994808e+00 8.498534e+00 7.062799e+00 9.184501e+00 7.778849e+00 5.869682e+00 7.675667e+00 1.013400e+01 5.000000e-02 2.214969e-01 2.392340e-01 5.965270e-01 2.318446e+00 2.049541e+00 1.598831e+00 1.310975e+00 1.654189e+00 2.980323e-01 9.492849e-01 5.490873e-01 2.960161e-01 5.000000e-02 5.000000e-02 1.838787e-01 1.503467e-01 2.512576e-01 9.499170e-02 2.918025e-01 2.866250e-01 2.386927e-01 1.817833e-01 9.586994e-02 9.286738e-02 1.664783e-01 5.000000e-02
<GCONST> 6.030114e+01
<STATE> 26
<MEAN> 39
 -1.542075e+00 -1.189036e+01 -5.937910e+00 -1.645138e+00 5.699816e+00 -3.385707e+00 -8.099877e-01 -2.932166e+00 2.996864e+00 -3.859685e+00 -1.066685e+00 -2.670315e+00 1.264968e-01 -7.474955e-01 1.122505e+00 1.182107e+00 2.840623e-01 -6.817223e-02 9.569432e-01 -2.984059e-02 -4.736769e-01 -4.355995e-01 -3.636949e-01 4.782275e-01 -2.230439e-02 -3.859956e-02 2.271005e-02 -9.352448e-02 -1.350486e-01 -1.025944e-01 -1.541282e-01 1.474954e-01 2.944084e-01 -2.673209e-02 -6.630033e-01 -1.588338e-01 3.175339e-01 2.740602e-01 1.886796e-03
<VARIANCE> 39
 2.036914e+00 4.672347e+00 6.396380e+00 1.665479e+01 1.860819e+01 1.352352e+01 4.876509e+00 7.430137e+00 7.767305e+00 1.172311e+01 1.277514e+01 2.948962e+00 5.000000e-02 6.810576e-02 1.001209e+00 9.209278e-01 9.329181e-01 2.496961e+00 1.814026e+00 1.315204e+00 1.335719e+00 5.771052e-01 6.429164e-01 8.208637e-01 6.977194e-01 5.000000e-02 5.000000e-02 5.639252e-02 1.238375e-01 3.551250e-01 6.379532e-01 3.774580e-01 2.861842e-01 4.210992e-01 1.083745e-01 5.000000e-02 1.286789e-01 5.000000e-02 5.000000e-02
<GCONST> 6.175888e+01
<STATE> 27
<MEAN> 39
 -3.375850e+00 -1.078755e+01 -4.567744e+00 -3.553699e-01 5.356984e+00 -1.343255e+00 1.132019e+00 -3.022001e+00 -1.347088e+00 -5.998132e+00 3.078423e+00 -1.512848e+00 4.274306e-02 -3.837897e-01 8.039786e-01 6.225156e-01 -7.429438e-01 -1.054029e+00 -8.173744e-02 8.014814e-01 2.484790e-01 -9.247922e-01 -1.712340e-01 3.361900e-01 3.831896e-01 -2.340889e-02 1.724059e-01 -2.423947e-01 -2.184314e-01 -1.813480e-01 -2.767650e-02 -3.478417e-01 -1.539764e-01 4.000106e-02 3.482621e-01 3.737999e-01 -3.635826e-01 -2.467189e-01 8.960716e-03
<VARIANCE> 39
 1.082242e+00 4.578891e+00 6.084604e+00 9.845295e+00 1.731498e+01 1.399916e+01 1.173878e+01 9.563946e+00 6.281439e+00 6.345709e+00 4.575594e+00 7.103171e+00 5.000000e-02 9.076512e-02 1.923649e-01 1.355948e-01 7.747307e-01 1.181068e+00 7.929331e-01 5.728630e-01 1.232208e+00 7.953606e-01 3.715344e-01 1.582323e+00 6.371393e-01 5.000000e-02 5.000000e-02 9.071332e-02 1.058702e-01 1.958688e-01 3.200705e-01 3.774244e-01 1.226766e-01 1.681426e-01 1.105129e-01 7.321118e-02 5.008350e-02 6.100414e-02 5.000000e-02
<GCONST> 5.196107e+01
<TRANSP> 28
 0.000000e+00 1.000000e+00 0.000000e+00 0.000000e+00 0.000000e+00 0.000000e+00 0.000000e+00 0.000000e+00 0.000000e+00 0.000000e+00 0.000000e+00 0.000000e+00 0.000000e+00 0.000000e+00 0.000000e+00 0.000000e+00 0.000000e+00 0.000000e+00 0.000000e+00 0.000000e+00 0.000000e+00 0.000000e+00 0.000000e+00 0.000000e+00 0.000000e+00 0.000000e+00 0.000000e+00 0.000000e+00
 0.000000e+00 6.126577e-01 3.873422e-01 0.000000e+00 0.000000e+00 0.000000e+00 0.000000e+00 0.000000e+00 0.000000e+00 0.000000e+00 0.000000e+00 0.000000e+00 0.000000e+00 0.000000e+00 0.000000e+00 0.000000e+00 0.000000e+00 0.000000e+00 0.000000e+00 0.000000e+00 0.000000e+00 0.000000e+00 0.000000e+00 0.000000e+00 0.000000e+00 0.000000e+00 0.000000e+00 0.000000e+00
 0.000000e+00 0.000000e+00 5.819685e-01 4.180314e-01 0.000000e+00 0.000000e+00 0.000000e+00 0.000000e+00 0.000000e+00 0.000000e+00 0.000000e+00 0.000000e+00 0.000000e+00 0.000000e+00 0.000000e+00 0.000000e+00 0.000000e+00 0.000000e+00 0.000000e+00 0.000000e+00 0.000000e+00 0.000000e+00 0.000000e+00 0.000000e+00 0.000000e+00 0.000000e+00 0.000000e+00 0.000000e+00
 0.000000e+00 0.000000e+00 0.000000e+00 6.180314e-01 3.819686e-01 0.000000e+00 0.000000e+00 0.000000e+00 0.000000e+00 0.000000e+00 0.000000e+00 0.000000e+00 0.000000e+00 0.000000e+00 0.000000e+00 0.000000e+00 0.000000e+00 0.000000e+00 0.000000e+00 0.000000e+00 0.000000e+00 0.000000e+00 0.000000e+00 0.000000e+00 0.000000e+00 0.000000e+00 0.000000e+00 0.000000e+00
 0.000000e+00 0.000000e+00 0.000000e+00 0.000000e+00 5.440294e-01 4.559706e-01 0.000000e+00 0.000000e+00 0.000000e+00 0.000000e+00 0.000000e+00 0.000000e+00 0.000000e+00 0.000000e+00 0.000000e+00 0.000000e+00 0.000000e+00 0.000000e+00 0.000000e+00 0.000000e+00 0.000000e+00 0.000000e+00 0.000000e+00 0.000000e+00 0.000000e+00 0.000000e+00 0.000000e+00 0.000000e+00
 0.000000e+00 0.000000e+00 0.000000e+00 0.000000e+00 0.000000e+00 5.828103e-01 4.171897e-01 0.000000e+00 0.000000e+00 0.000000e+00 0.000000e+00 0.000000e+00 0.000000e+00 0.000000e+00 0.000000e+00 0.000000e+00 0.000000e+00 0.000000e+00 0.000000e+00 0.000000e+00 0.000000e+00 0.000000e+00 0.000000e+00 0.000000e+00 0.000000e+00 0.000000e+00 0.000000e+00 0.000000e+00
 0.000000e+00 0.000000e+00 0.000000e+00 0.000000e+00 0.000000e+00 0.000000e+00 5.454766e-01 4.545235e-01 0.000000e+00 0.000000e+00 0.000000e+00 0.000000e+00 0.000000e+00 0.000000e+00 0.000000e+00 0.000000e+00 0.000000e+00 0.000000e+00 0.000000e+00 0.000000e+00 0.000000e+00 0.000000e+00 0.000000e+00 0.000000e+00 0.000000e+00 0.000000e+00 0.000000e+00 0.000000e+00
 0.000000e+00 0.000000e+00 0.000000e+00 0.000000e+00 0.000000e+00 0.000000e+00 0.000000e+00 5.452626e-01 4.547374e-01 0.000000e+00 0.000000e+00 0.000000e+00 0.000000e+00 0.000000e+00 0.000000e+00 0.000000e+00 0.000000e+00 0.000000e+00 0.000000e+00 0.000000e+00 0.000000e+00 0.000000e+00 0.000000e+00 0.000000e+00 0.000000e+00 0.000000e+00 0.000000e+00 0.000000e+00
 0.000000e+00 0.000000e+00 0.000000e+00 0.000000e+00 0.000000e+00 0.000000e+00 0.000000e+00 0.000000e+00 5.004714e-01 4.995286e-01 0.000000e+00 0.000000e+00 0.000000e+00 0.000000e+00 0.000000e+00 0.000000e+00 0.000000e+00 0.000000e+00 0.000000e+00 0.000000e+00 0.000000e+00 0.000000e+00 0.000000e+00 0.000000e+00 0.000000e+00 0.000000e+00 0.000000e+00 0.000000e+00
 0.000000e+00 0.000000e+00 0.000000e+00 0.000000e+00 0.000000e+00 0.000000e+00 0.000000e+00 0.000000e+00 0.000000e+00 5.452138e-01 4.547862e-01 0.000000e+00 0.000000e+00 0.000000e+00 0.000000e+00 0.000000e+00 0.000000e+00 0.000000e+00 0.000000e+00 0.000000e+00 0.000000e+00 0.000000e+00 0.000000e+00 0.000000e+00 0.000000e+00 0.000000e+00 0.000000e+00 0.000000e+00
 0.000000e+00 0.000000e+00 0.000000e+00 0.000000e+00 0.000000e+00 0.000000e+00 0.000000e+00 0.000000e+00 0.000000e+00 0.000000e+00 7.224294e-01 2.775707e-01 0.000000e+00 0.000000e+00 0.000000e+00 0.000000e+00 0.000000e+00 0.000000e+00 0.000000e+00 0.000000e+00 0.000000e+00 0.000000e+00 0.000000e+00 0.000000e+00 0.000000e+00 0.000000e+00 0.000000e+00 0.000000e+00
 0.000000e+00 0.000000e+00 0.000000e+00 0.000000e+00 0.000000e+00 0.000000e+00 0.000000e+00 0.000000e+00 0.000000e+00 0.000000e+00 0.000000e+00 4.999893e-01 5.000107e-01 0.000000e+00 0.000000e+00 0.000000e+00 0.000000e+00 0.000000e+00 0.000000e+00 0.000000e+00 0.000000e+00 0.000000e+00 0.000000e+00 0.000000e+00 0.000000e+00 0.000000e+00 0.000000e+00 0.000000e+00
 0.000000e+00 0.000000e+00 0.000000e+00 0.000000e+00 0.000000e+00 0.000000e+00 0.000000e+00 0.000000e+00 0.000000e+00 0.000000e+00 0.000000e+00 0.000000e+00 5.455068e-01 4.544932e-01 0.000000e+00 0.000000e+00 0.000000e+00 0.000000e+00 0.000000e+00 0.000000e+00 0.000000e+00 0.000000e+00 0.000000e+00 0.000000e+00 0.000000e+00 0.000000e+00 0.000000e+00 0.000000e+00
 0.000000e+00 0.000000e+00 0.000000e+00 0.000000e+00 0.000000e+00 0.000000e+00 0.000000e+00 0.000000e+00 0.000000e+00 0.000000e+00 0.000000e+00 0.000000e+00 0.000000e+00 5.809258e-01 4.190742e-01 0.000000e+00 0.000000e+00 0.000000e+00 0.000000e+00 0.000000e+00 0.000000e+00 0.000000e+00 0.000000e+00 0.000000e+00 0.000000e+00 0.000000e+00 0.000000e+00 0.000000e+00
 0.000000e+00 0.000000e+00 0.000000e+00 0.000000e+00 0.000000e+00 0.000000e+00 0.000000e+00 0.000000e+00 0.000000e+00 0.000000e+00 0.000000e+00 0.000000e+00 0.000000e+00 0.000000e+00 5.484026e-01 4.515974e-01 0.000000e+00 0.000000e+00 0.000000e+00 0.000000e+00 0.000000e+00 0.000000e+00 0.000000e+00 0.000000e+00 0.000000e+00 0.000000e+00 0.000000e+00 0.000000e+00
 0.000000e+00 0.000000e+00 0.000000e+00 0.000000e+00 0.000000e+00 0.000000e+00 0.000000e+00 0.000000e+00 0.000000e+00 0.000000e+00 0.000000e+00 0.000000e+00 0.000000e+00 0.000000e+00 0.000000e+00 5.823991e-01 4.176009e-01 0.000000e+00 0.000000e+00 0.000000e+00 0.000000e+00 0.000000e+00 0.000000e+00 0.000000e+00 0.000000e+00 0.000000e+00 0.000000e+00 0.000000e+00
 0.000000e+00 0.000000e+00 0.000000e+00 0.000000e+00 0.000000e+00 0.000000e+00 0.000000e+00 0.000000e+00 0.000000e+00 0.000000e+00 0.000000e+00 0.000000e+00 0.000000e+00 0.000000e+00 0.000000e+00 0.000000e+00 4.452138e-01 5.547863e-01 0.000000e+00 0.000000e+00 0.000000e+00 0.000000e+00 0.000000e+00 0.000000e+00 0.000000e+00 0.000000e+00 0.000000e+00 0.000000e+00
 0.000000e+00 0.000000e+00 0.000000e+00 0.000000e+00 0.000000e+00 0.000000e+00 0.000000e+00 0.000000e+00 0.000000e+00 0.000000e+00 0.000000e+00 0.000000e+00 0.000000e+00 0.000000e+00 0.000000e+00 0.000000e+00 0.000000e+00 4.443345e-01 5.556655e-01 0.000000e+00 0.000000e+00 0.000000e+00 0.000000e+00 0.000000e+00 0.000000e+00 0.000000e+00 0.000000e+00 0.000000e+00
 0.000000e+00 0.000000e+00 0.000000e+00 0.000000e+00 0.000000e+00 0.000000e+00 0.000000e+00 0.000000e+00 0.000000e+00 0.000000e+00 0.000000e+00 0.000000e+00 0.000000e+00 0.000000e+00 0.000000e+00 0.000000e+00 0.000000e+00 0.000000e+00 6.428975e-01 3.571025e-01 0.000000e+00 0.000000e+00 0.000000e+00 0.000000e+00 0.000000e+00 0.000000e+00 0.000000e+00 0.000000e+00
 0.000000e+00 0.000000e+00 0.000000e+00 0.000000e+00 0.000000e+00 0.000000e+00 0.000000e+00 0.000000e+00 0.000000e+00 0.000000e+00 0.000000e+00 0.000000e+00 0.000000e+00 0.000000e+00 0.000000e+00 0.000000e+00 0.000000e+00 0.000000e+00 0.000000e+00 5.832744e-01 4.167256e-01 0.000000e+00 0.000000e+00 0.000000e+00 0.000000e+00 0.000000e+00 0.000000e+00 0.000000e+00
 0.000000e+00 0.000000e+00 0.000000e+00 0.000000e+00 0.000000e+00 0.000000e+00 0.000000e+00 0.000000e+00 0.000000e+00 0.000000e+00 0.000000e+00 0.000000e+00 0.000000e+00 0.000000e+00 0.000000e+00 0.000000e+00 0.000000e+00 0.000000e+00 0.000000e+00 0.000000e+00 6.668016e-01 3.331985e-01 0.000000e+00 0.000000e+00 0.000000e+00 0.000000e+00 0.000000e+00 0.000000e+00
 0.000000e+00 0.000000e+00 0.000000e+00 0.000000e+00 0.000000e+00 0.000000e+00 0.000000e+00 0.000000e+00 0.000000e+00 0.000000e+00 0.000000e+00 0.000000e+00 0.000000e+00 0.000000e+00 0.000000e+00 0.000000e+00 0.000000e+00 0.000000e+00 0.000000e+00 0.000000e+00 0.000000e+00 5.448158e-01 4.551842e-01 0.000000e+00 0.000000e+00 0.000000e+00 0.000000e+00 0.000000e+00
 0.000000e+00 0.000000e+00 0.000000e+00 0.000000e+00 0.000000e+00 0.000000e+00 0.000000e+00 0.000000e+00 0.000000e+00 0.000000e+00 0.000000e+00 0.000000e+00 0.000000e+00 0.000000e+00 0.000000e+00 0.000000e+00 0.000000e+00 0.000000e+00 0.000000e+00 0.000000e+00 0.000000e+00 0.000000e+00 6.156610e-01 3.843389e-01 0.000000e+00 0.000000e+00 0.000000e+00 0.000000e+00
 0.000000e+00 0.000000e+00 0.000000e+00 0.000000e+00 0.000000e+00 0.000000e+00 0.000000e+00 0.000000e+00 0.000000e+00 0.000000e+00 0.000000e+00 0.000000e+00 0.000000e+00 0.000000e+00 0.000000e+00 0.000000e+00 0.000000e+00 0.000000e+00 0.000000e+00 0.000000e+00 0.000000e+00 0.000000e+00 0.000000e+00 5.829771e-01 4.170229e-01 0.000000e+00 0.000000e+00 0.000000e+00
 0.000000e+00 0.000000e+00 0.000000e+00 0.000000e+00 0.000000e+00 0.000000e+00 0.000000e+00 0.000000e+00 0.000000e+00 0.000000e+00 0.000000e+00 0.000000e+00 0.000000e+00 0.000000e+00 0.000000e+00 0.000000e+00 0.000000e+00 0.000000e+00 0.000000e+00 0.000000e+00 0.000000e+00 0.000000e+00 0.000000e+00 0.000000e+00 4.452977e-01 5.547023e-01 0.000000e+00 0.000000e+00
 0.000000e+00 0.000000e+00 0.000000e+00 0.000000e+00 0.000000e+00 0.000000e+00 0.000000e+00 0.000000e+00 0.000000e+00 0.000000e+00 0.000000e+00 0.000000e+00 0.000000e+00 0.000000e+00 0.000000e+00 0.000000e+00 0.000000e+00 0.000000e+00 0.000000e+00 0.000000e+00 0.000000e+00 0.000000e+00 0.000000e+00 0.000000e+00 0.000000e+00 4.998264e-01 5.001736e-01 0.000000e+00
 0.000000e+00 0.000000e+00 0.000000e+00 0.000000e+00 0.000000e+00 0.000000e+00 0.000000e+00 0.000000e+00 0.000000e+00 0.000000e+00 0.000000e+00 0.000000e+00 0.000000e+00 0.000000e+00 0.000000e+00 0.000000e+00 0.000000e+00 0.000000e+00 0.000000e+00 0.000000e+00 0.000000e+00 0.000000e+00 0.000000e+00 0.000000e+00 0.000000e+00 0.000000e+00 5.811496e-01 4.188504e-01
 0.000000e+00 0.000000e+00 0.000000e+00 0.000000e+00 0.000000e+00 0.000000e+00 0.000000e+00 0.000000e+00 0.000000e+00 0.000000e+00 0.000000e+00 0.000000e+00 0.000000e+00 0.000000e+00 0.000000e+00 0.000000e+00 0.000000e+00 0.000000e+00 0.000000e+00 0.000000e+00 0.000000e+00 0.000000e+00 0.000000e+00 0.000000e+00 0.000000e+00 0.000000e+00 0.000000e+00 0.000000e+00
<ENDHMM>
