~o
<STREAMINFO> 1 39
<VECSIZE> 39<NULLD><MFCC_E_D_A><DIAGC>
~h "Ba"
<BEGINHMM>
<NUMSTATES> 25
<STATE> 2
<MEAN> 39
 -5.979415e+00 -8.463389e+00 -2.151284e+00 -2.455372e+00 -3.474649e-01 -4.341513e+00 2.891032e+00 9.833942e-02 3.577755e-01 -2.297589e+00 6.013108e-01 -3.382847e+00 -1.008521e-01 1.282475e+00 4.296269e-01 -4.529907e-01 -8.015284e-01 -3.779137e-01 -4.911349e-01 -4.215077e-01 -2.949925e-01 1.586392e-01 -5.121494e-01 -1.981403e-01 -2.296163e-01 6.568976e-02 8.499923e-01 -1.717200e-01 -5.701388e-01 -3.799074e-01 -2.995287e-01 -5.977215e-01 -5.759360e-01 -3.649894e-01 -1.444007e-01 -5.281184e-01 -3.506749e-01 -1.239727e-01 4.118507e-02
<VARIANCE> 39
 2.845706e+00 3.754003e+00 3.459972e+00 2.835501e+00 7.458413e+00 5.734208e+00 7.316238e+00 7.522916e+00 7.667438e+00 1.497718e+01 5.331771e+00 9.654408e+00 1.000000e-02 2.248050e+00 2.481874e-01 4.554706e-01 4.692102e-01 9.549343e-01 1.353217e+00 1.598853e+00 1.127514e+00 8.596356e-01 2.698189e+00 1.086226e+00 4.361779e-01 1.000000e-02 1.423773e-01 1.696278e-01 1.539085e-01 8.649256e-02 2.076121e-01 2.129662e-01 1.463749e-01 1.185836e-01 1.727413e-01 4.248171e-01 2.863526e-01 2.489474e-01 1.000000e-02
<GCONST> 5.730762e+01
<STATE> 3
<MEAN> 39
 3.325046e+00 -7.451124e+00 -6.558697e+00 -7.162932e+00 -3.197798e+00 -1.111077e+01 -3.097912e+00 -4.233206e+00 -8.657916e-01 -6.427228e+00 -4.066953e+00 -5.404845e+00 3.146706e-01 3.117857e+00 -1.328995e+00 -2.568754e+00 -8.859442e-01 -1.185281e+00 -1.761975e+00 -1.518523e+00 -1.267972e+00 -3.205547e-01 -1.299445e+00 -2.146860e+00 -1.903720e+00 1.652264e-01 -9.083024e-01 -8.633351e-01 -6.775251e-01 4.877556e-01 2.668569e-01 4.737523e-01 1.037521e+00 -2.591489e-03 6.077289e-01 1.505814e-01 7.775445e-02 -8.661520e-02 3.092362e-03
<VARIANCE> 39
 1.908679e+01 3.807513e+00 7.680138e+00 2.977805e+00 1.242439e+01 5.338796e+00 1.412654e+00 2.809876e+00 1.278756e+01 3.270602e+01 7.127609e+00 4.683723e+00 3.297113e-02 1.247447e+00 8.417605e-01 6.969697e-01 7.896662e-01 1.618262e+00 2.557615e+00 1.369412e+00 1.050835e+00 7.251679e-01 9.159368e-01 3.519863e-01 1.440780e+00 1.000000e-02 6.985610e-01 3.466220e-02 1.069283e-01 8.955315e-02 4.142351e-01 2.132242e-01 7.900708e-01 1.331209e-01 3.172274e-01 3.925642e-01 2.980081e-01 3.548737e-01 1.000000e-02
<GCONST> 6.435778e+01
<STATE> 4
<MEAN> 39
 6.076919e+00 -1.340838e+01 -1.337119e+01 -7.122962e+00 -5.700531e+00 -1.191666e+01 -3.494423e+00 -6.968159e+00 6.849641e-01 -7.053539e+00 -7.999866e+00 -1.103606e+01 6.318693e-01 -1.872976e+00 -3.006048e+00 -4.012002e+00 9.414594e-01 1.018025e+00 3.979078e-01 4.212088e+00 -8.088178e-01 2.464472e+00 -1.202029e+00 1.718478e-02 1.461980e-01 1.205675e-01 -1.537168e+00 -6.901741e-02 -1.369107e-01 6.679491e-01 9.163456e-01 5.145930e-01 1.663729e+00 2.679913e-02 2.350243e-01 -3.165965e-01 9.414298e-01 1.428400e+00 -2.436787e-02
<VARIANCE> 39
 2.165911e+01 5.366603e+00 6.052437e+00 2.418421e+00 9.983047e+00 2.404943e+01 2.550029e+01 2.050986e+01 2.305764e+01 1.320055e+01 8.303840e+00 7.763213e+00 1.000000e-02 2.695638e+00 3.958853e-01 7.139177e-01 1.057129e+00 3.267368e+00 5.279501e-01 7.286041e+00 1.809167e+00 3.095441e+00 2.196202e+00 1.319543e+00 2.805090e+00 1.000000e-02 2.974797e-01 1.766320e-01 2.965702e-01 9.793535e-02 4.738288e-01 2.790382e-01 8.718586e-01 1.955747e-01 5.974253e-01 4.016328e-01 7.636892e-02 2.305108e-01 1.000000e-02
<GCONST> 7.731461e+01
<STATE> 5
<MEAN> 39
 -4.112896e+00 -2.037722e+01 -2.384002e+01 -2.253872e+00 8.181709e-01 -8.578798e+00 1.351741e+01 -7.859938e+00 5.960157e+00 -1.217554e+01 -3.544059e+00 -2.067148e+00 8.688228e-01 -2.341084e+00 -1.334799e+00 -2.134060e+00 1.422271e+00 1.558839e+00 7.059647e-01 2.855772e+00 -1.270232e+00 1.855455e-01 -1.102182e+00 1.050761e+00 2.692685e+00 5.632057e-02 5.489643e-01 5.506172e-01 1.005628e+00 -2.918569e-01 -1.831961e-01 -5.251659e-02 -1.464921e+00 1.373196e-01 -5.442425e-01 4.968096e-01 -7.722092e-02 -2.532112e-01 -2.085953e-02
<VARIANCE> 39
 2.672708e+01 1.457972e+00 1.487740e+01 1.354194e+01 2.155662e+01 2.235246e+01 5.497319e+01 2.554781e+01 1.872228e+01 1.202549e+01 4.707536e+00 1.616401e+01 1.000000e-02 2.012203e+00 6.324369e-01 2.590257e+00 6.185490e-01 2.740081e+00 1.218758e+00 7.665456e+00 9.940386e-01 2.256920e+00 2.448321e+00 6.375587e-01 1.392631e+00 1.000000e-02 2.560023e-01 1.124874e-01 1.796234e-01 1.546312e-01 3.676611e-01 9.936129e-02 8.399267e-01 3.340055e-01 6.903884e-01 2.008088e-01 1.331779e-01 5.357561e-01 1.000000e-02
<GCONST> 7.921548e+01
<STATE> 6
<MEAN> 39
 -5.725518e+00 -2.224196e+01 -2.541443e+01 -3.161120e-01 4.314008e+00 -8.755285e+00 1.334684e+01 -1.067873e+01 5.191429e+00 -1.233050e+01 -2.792232e+00 4.175102e-01 9.469114e-01 -3.169479e-01 -5.491893e-01 3.818201e-01 2.902885e-02 9.248176e-01 5.545501e-01 -1.019013e+00 5.507681e-01 1.376723e-03 3.347359e-01 4.810627e-02 1.189560e-01 1.860643e-02 3.204635e-01 1.966259e-01 3.860563e-01 -1.421632e-01 -2.438608e-01 1.528662e-01 -3.094644e-01 4.714175e-01 2.875511e-02 -3.326837e-02 -1.081422e-01 -3.683696e-01 -6.540090e-03
<VARIANCE> 39
 1.147270e+01 4.422926e+00 2.686337e+01 8.684984e+00 2.379582e+01 5.084155e+01 3.546048e+01 1.919722e+01 4.742199e+00 1.778803e+01 9.791132e+00 9.533979e+00 1.000000e-02 2.013885e-01 2.824012e-01 1.171669e+00 2.420381e-01 4.321314e-01 2.773792e-01 6.647742e-01 1.119883e+00 1.232272e+00 9.459952e-01 8.969826e-01 4.285175e-01 1.000000e-02 1.457648e-01 6.106313e-02 1.600331e-01 7.612785e-02 9.321589e-02 5.348466e-02 5.922616e-01 1.264359e-01 2.129938e-01 4.458536e-01 2.173126e-01 8.906040e-02 1.000000e-02
<GCONST> 5.916570e+01
<STATE> 7
<MEAN> 39
 -7.922290e+00 -2.345100e+01 -2.125482e+01 -1.828080e+00 2.609002e+00 -3.529948e+00 8.203407e+00 -8.664421e+00 6.586975e+00 -1.169627e+01 -2.556769e+00 1.887194e+00 9.857307e-01 -9.811184e-02 -2.836357e-02 2.728856e-01 2.863663e-01 -1.630858e-01 9.705962e-01 -2.425859e-01 6.860676e-01 -1.239573e-02 -7.912112e-01 4.036068e-01 -4.772381e-03 3.589922e-03 -1.368194e-02 6.152715e-02 -1.649315e-01 -2.250856e-02 -1.718627e-01 -1.306869e-02 2.207045e-01 -6.185792e-02 -1.782451e-01 -1.625840e-01 1.045555e-01 -1.198420e-01 -3.272324e-03
<VARIANCE> 39
 6.042645e+00 4.102911e+00 2.277698e+01 2.703823e+00 1.783862e+01 2.759382e+01 1.431169e+01 7.673886e+00 5.415088e+00 1.593357e+01 3.607713e+00 1.000094e+01 1.000000e-02 6.786292e-02 7.116260e-02 1.236519e-01 5.566158e-01 5.547382e-01 1.930265e-01 9.483303e-01 6.198976e-01 7.404760e-01 4.156771e-01 4.111804e-01 2.264464e-01 1.000000e-02 1.000000e-02 1.085494e-02 1.008795e-01 2.343593e-02 8.292725e-02 2.797555e-02 5.784400e-02 6.763458e-02 1.210864e-01 1.255759e-01 5.262972e-02 1.194704e-01 1.000000e-02
<GCONST> 3.376621e+01
<STATE> 8
<MEAN> 39
 -6.362759e+00 -2.304601e+01 -2.322890e+01 2.226419e-01 6.028909e+00 -3.906147e+00 1.139307e+01 -6.523487e+00 3.000733e+00 -1.505435e+01 -1.321499e+00 -6.278763e-01 9.869889e-01 -2.660694e-01 -1.433926e-01 5.401327e-01 -2.978197e-01 4.918242e-02 6.580641e-01 1.751809e-02 2.981187e-01 -3.946605e-01 -4.921602e-01 3.257961e-01 -2.131453e-01 5.077899e-04 -2.450415e-02 4.443252e-02 -5.027739e-02 -7.641454e-02 -1.171580e-01 -2.115245e-01 7.105220e-02 -2.822701e-01 1.890277e-01 -1.149593e-02 -4.237324e-02 4.482968e-03 -2.852615e-03
<VARIANCE> 39
 1.252042e+01 4.964552e+00 2.608343e+01 6.965271e+00 3.718835e+01 5.698658e+01 2.360766e+01 7.703416e+00 1.886650e+01 6.694155e+00 1.233767e+01 1.013872e+01 1.000000e-02 4.459934e-02 1.580154e-01 4.966516e-01 3.079790e-01 4.540937e-01 3.828710e-01 6.045578e-01 4.172948e-01 1.009099e+00 4.542489e-01 1.787466e-01 9.369906e-01 1.000000e-02 1.653704e-02 3.459103e-02 7.702916e-02 1.714100e-01 9.637205e-02 6.135166e-02 1.456938e-01 1.205336e-01 1.324539e-01 7.946738e-02 5.007829e-02 1.533864e-01 1.000000e-02
<GCONST> 4.680776e+01
<STATE> 9
<MEAN> 39
 -7.801225e+00 -2.315311e+01 -2.149342e+01 -7.950925e-01 4.409678e+00 -1.557093e+00 1.114223e+01 -6.391281e+00 4.495137e+00 -1.709854e+01 2.097709e-01 -2.917997e-01 9.794847e-01 -1.690170e-01 8.013587e-02 -2.789878e-01 1.114963e-01 -8.013847e-01 2.877727e-01 5.238852e-02 -3.292927e-01 4.105453e-01 -6.619307e-01 5.686383e-01 2.360525e-01 -6.475326e-03 -3.594614e-02 -3.422396e-02 -2.233194e-01 -3.141301e-02 -2.451215e-01 -1.198658e-01 -1.367189e-01 -1.043688e-01 -4.751665e-02 1.035291e-01 -5.907593e-02 7.145243e-02 -1.907839e-03
<VARIANCE> 39
 7.775413e+00 2.259386e+00 2.688906e+01 4.369728e+00 4.138488e+01 5.242150e+01 2.072609e+01 4.312864e+00 1.042360e+01 1.009247e+01 1.835561e+01 9.128006e+00 1.000000e-02 2.310618e-01 4.068303e-01 2.315105e-01 1.020316e+00 5.130160e-01 5.472226e-01 4.787250e-01 2.531150e-01 1.878914e-01 1.469443e-01 3.439401e-01 3.342484e-01 1.000000e-02 2.113286e-02 4.484856e-02 3.176629e-02 8.445787e-02 8.748807e-02 4.513496e-02 3.271712e-02 4.659725e-02 7.709897e-02 3.614393e-02 1.187559e-01 9.597432e-02 1.000000e-02
<GCONST> 3.924553e+01
<STATE> 10
<MEAN> 39
 -7.957950e+00 -2.292629e+01 -2.353432e+01 -7.644223e-01 2.995662e+00 -3.410447e+00 1.012865e+01 -8.723475e+00 4.756173e+00 -1.670109e+01 -6.606638e-01 -4.507940e-01 9.573498e-01 -2.193850e-01 1.481983e-01 -2.103598e-01 -1.418128e-01 -4.227073e-01 -9.080724e-02 -2.940154e-01 -6.071024e-02 -3.751658e-01 -3.671549e-01 1.502463e-02 -3.143423e-01 -9.731471e-03 1.424734e-01 1.198442e-01 1.389698e-01 1.156349e-01 2.574840e-01 -8.811315e-03 1.966647e-01 1.664606e-01 9.680709e-03 6.967126e-02 3.767603e-02 4.564901e-02 -1.105107e-03
<VARIANCE> 39
 1.333400e+01 2.408436e+00 2.430225e+01 1.906816e+01 2.772439e+01 2.143393e+01 1.809522e+01 3.140199e+00 3.176664e+01 1.598282e+01 4.644994e+00 1.475410e+01 1.000000e-02 9.554210e-02 9.761043e-02 1.716473e-01 3.277371e-01 3.034428e-01 6.536748e-01 2.221280e-01 2.511169e-01 2.584285e-01 4.150897e-01 9.214617e-01 2.864074e-01 1.000000e-02 1.586769e-02 1.973506e-02 1.849464e-02 4.082402e-02 2.774061e-02 1.171707e-01 2.628471e-02 7.616562e-02 7.974564e-02 4.461639e-02 7.401552e-02 1.211541e-01 1.000000e-02
<GCONST> 3.517971e+01
<STATE> 11
<MEAN> 39
 -7.414093e+00 -2.240513e+01 -2.343757e+01 7.931322e-02 2.340340e+00 -2.566638e+00 1.104945e+01 -7.779241e+00 4.236871e+00 -1.792623e+01 1.621767e-01 -5.238111e-01 9.300117e-01 2.798838e-01 3.619857e-01 2.204393e-01 5.115005e-01 1.973049e-01 1.781093e-01 5.548628e-01 1.649870e-01 6.604532e-01 -1.196965e-01 5.924360e-01 5.058680e-01 -1.114866e-02 2.113254e-02 6.771769e-03 9.825815e-02 -4.875610e-02 1.900238e-01 -1.191544e-01 5.637405e-02 -3.920761e-02 1.597104e-01 2.665605e-03 4.222166e-02 4.926096e-02 -1.479031e-03
<VARIANCE> 39
 1.263443e+01 1.123028e+00 2.808624e+01 2.576572e+01 2.526832e+01 2.731795e+01 1.404592e+01 9.141450e+00 4.013293e+01 1.060265e+01 1.430659e+01 1.784726e+01 1.000000e-02 4.290980e-02 1.305859e-01 1.732343e-01 2.453402e-01 1.934318e-01 2.713074e-01 4.252359e-01 5.599590e-01 3.906781e-01 1.111584e-01 2.981370e-01 5.749384e-01 1.000000e-02 1.078482e-02 2.353110e-02 3.021260e-02 1.272274e-01 7.913291e-02 7.940353e-02 5.966969e-02 1.059823e-01 2.217998e-01 1.032293e-01 1.484203e-01 2.572606e-01 1.000000e-02
<GCONST> 4.144556e+01
<STATE> 12
<MEAN> 39
 -9.047004e+00 -2.157546e+01 -2.109638e+01 -2.016558e+00 2.234099e+00 -1.984074e+00 1.012238e+01 -6.856558e+00 6.494639e+00 -1.743305e+01 2.345195e+00 1.802697e+00 8.792242e-01 1.333186e-01 1.220168e-01 9.540489e-02 -3.783953e-01 1.173720e-01 -1.032174e+00 -4.132907e-01 -5.403121e-01 4.061064e-01 -3.865420e-01 -1.172603e-01 -2.112899e-01 -2.503809e-02 1.038672e-01 -4.330667e-02 -6.370135e-02 -2.592077e-02 -1.898513e-01 -2.064169e-01 -2.014833e-01 -1.810274e-01 -1.275914e-01 -1.481288e-01 -8.774959e-02 -2.222272e-01 -3.213089e-03
<VARIANCE> 39
 1.215479e+01 2.705688e+00 1.069468e+01 1.312869e+01 2.397679e+01 1.097302e+01 7.928406e+00 1.789576e+00 1.509843e+01 7.164708e+00 1.373512e+01 1.174869e+01 1.000000e-02 2.311922e-01 5.146316e-01 8.683468e-02 8.215635e-01 4.966030e-01 5.714411e-01 1.144794e+00 4.310332e-01 1.795651e+00 8.153574e-01 9.040638e-01 1.792798e+00 1.000000e-02 2.871336e-02 3.391969e-02 3.049583e-02 1.291097e-01 7.764996e-02 1.248248e-01 1.444415e-01 6.398719e-02 5.759611e-02 6.046192e-02 1.156632e-01 1.534019e-01 1.000000e-02
<GCONST> 4.693732e+01
<STATE> 13
<MEAN> 39
 -5.405003e+00 -2.149949e+01 -2.351227e+01 7.550938e-01 3.859368e+00 -6.685312e+00 1.245998e+01 -9.843614e+00 7.372470e+00 -2.011810e+01 2.577005e+00 -1.059608e+00 8.400239e-01 4.987462e-01 1.966412e-02 2.095625e-01 4.857291e-02 -3.145528e-01 -7.690603e-01 1.227807e-01 -6.313423e-01 3.303529e-01 -5.593137e-01 5.143066e-01 -1.394755e-01 -2.430204e-02 -1.697332e-02 -6.907032e-03 9.190471e-02 6.547974e-02 -1.129618e-02 8.968080e-02 -5.051544e-02 2.788640e-02 -1.937910e-03 -3.364589e-02 -7.166561e-02 1.821499e-01 -2.936102e-03
<VARIANCE> 39
 1.251095e+01 4.221978e+00 2.602933e+01 2.809627e+01 3.045636e+01 2.085136e+01 3.492253e+01 4.626357e+00 1.469113e+01 1.901451e+01 8.396920e+00 3.983326e+01 1.000000e-02 1.317297e-01 2.688435e-01 3.276494e-01 1.853858e-01 1.369710e+00 8.832760e-01 1.299774e+00 6.615097e-01 5.368755e-01 1.067044e+00 7.334531e-01 5.349342e-01 1.000000e-02 4.059361e-02 4.101960e-02 1.871950e-02 4.762083e-02 2.385569e-01 2.153841e-01 4.281325e-01 1.821407e-01 1.953199e-01 2.820963e-01 6.793454e-02 4.065244e-01 1.000000e-02
<GCONST> 5.838384e+01
<STATE> 14
<MEAN> 39
 -5.331878e+00 -2.064131e+01 -2.091306e+01 -5.818336e-02 2.363863e+00 -7.582147e+00 1.045827e+01 -1.018947e+01 6.576667e+00 -2.084135e+01 2.285911e+00 3.459650e-01 7.214615e-01 1.283577e-01 -3.134730e-03 6.172473e-01 -1.053999e-01 1.310542e-01 1.280731e-01 2.616984e-01 3.526925e-01 1.873905e-01 -7.906410e-01 1.385521e-01 6.106983e-01 -3.334836e-02 -1.074534e-01 -1.669221e-01 8.160721e-02 -6.469751e-02 1.149607e-01 3.899668e-01 1.852328e-01 2.651470e-01 -1.536007e-02 -2.392052e-01 -1.537873e-01 -9.713411e-02 -1.665147e-03
<VARIANCE> 39
 2.093024e+01 1.154588e+01 8.109852e+00 1.738462e+01 1.934933e+01 3.805231e+01 1.508063e+01 1.301940e+01 1.109915e+01 3.569767e+00 1.726646e+01 1.331054e+01 1.000000e-02 8.303179e-01 6.039023e-01 5.926961e-01 5.211478e-01 1.893791e+00 1.582056e+00 2.690440e+00 6.439363e-01 1.009608e+00 9.411561e-01 1.321074e+00 1.877225e+00 1.000000e-02 1.680600e-01 2.293501e-01 1.209929e-01 5.513064e-02 4.417962e-01 2.330207e-01 3.512691e-01 2.268488e-01 2.377426e-01 1.122397e-01 2.992074e-01 1.872850e-01 1.000000e-02
<GCONST> 7.036031e+01
<STATE> 15
<MEAN> 39
 -6.466149e+00 -2.145201e+01 -2.070035e+01 -1.007457e+00 2.430950e+00 -6.074398e+00 1.180373e+01 -9.111338e+00 9.140617e+00 -2.503887e+01 2.214710e+00 1.745761e-01 6.488847e-01 1.779388e-01 -2.339051e-01 1.072017e+00 8.031834e-02 -4.372245e-01 8.580648e-01 -6.836776e-01 5.685469e-01 -6.979773e-01 -7.998203e-01 -1.065090e+00 -2.067477e-01 -4.702703e-02 3.984424e-01 -2.161153e-01 5.132286e-01 -2.133528e-02 -2.785935e-01 1.694711e-01 -5.341234e-01 3.759310e-01 -5.159219e-01 7.898178e-01 -1.568395e-01 3.579788e-01 -4.690750e-03
<VARIANCE> 39
 1.614168e+01 6.956155e+00 1.539769e+01 9.343083e+00 2.726569e+01 5.531944e+01 3.002404e+01 1.479454e+01 2.066274e+01 6.984968e+00 3.863841e+00 1.333999e+01 1.000000e-02 1.231075e+00 1.813953e+00 1.760305e+00 6.973273e-01 1.485296e+00 6.749317e-01 1.528108e+00 1.042477e+00 4.947359e+00 1.625425e+00 6.845948e-01 1.501686e+00 1.000000e-02 2.980748e-01 1.346412e-01 1.123807e-01 6.651210e-02 4.127418e-01 2.544237e-01 4.079704e-01 3.229820e-01 8.660905e-01 2.793154e-01 1.518659e-01 3.442024e-01 1.000000e-02
<GCONST> 7.670722e+01
<STATE> 16
<MEAN> 39
 -3.352932e+00 -2.329391e+01 -1.185176e+01 -6.970064e-01 -8.058341e-02 -1.173711e+00 6.735714e+00 -5.846536e+00 5.336428e+00 -2.391685e+01 -1.399108e+00 3.139236e+00 4.946708e-01 1.744454e+00 -1.107011e+00 1.725576e+00 -1.002939e-01 -3.838105e-01 8.512245e-01 -9.498398e-01 2.264938e+00 -1.755754e+00 2.299066e+00 -1.672904e-01 1.719043e+00 -3.832685e-02 -3.014013e-02 3.600600e-02 -6.350244e-01 -6.663168e-02 1.663004e-01 -2.244277e-01 1.414574e-01 1.855870e-01 -3.243955e-01 6.829774e-01 4.448826e-01 -4.319873e-02 8.015390e-03
<VARIANCE> 39
 8.732854e+00 9.557150e+00 2.013827e+01 6.771520e+00 8.142789e+00 3.030527e+01 1.218516e+01 2.168204e+01 3.578570e+01 1.206088e+01 1.108512e+01 6.124271e+00 1.000000e-02 9.572994e-01 3.458654e-01 1.605870e+00 3.435274e-01 3.393567e+00 1.839533e+00 3.502450e+00 2.785984e+00 3.264369e+00 1.240326e+00 1.709438e+00 2.540447e+00 1.000000e-02 1.128260e-01 2.789091e-01 3.729615e-01 2.071008e-01 2.371428e-01 2.089550e-01 2.683254e-01 2.826320e-01 7.345177e-01 2.301949e-01 3.265641e-01 3.454973e-01 1.000000e-02
<GCONST> 7.828542e+01
<STATE> 17
<MEAN> 39
 -1.076128e-01 -2.600699e+01 -1.414268e+01 -1.681116e+00 -2.662382e-01 -1.396921e+00 6.618997e+00 -8.083279e-01 -5.200438e-01 -1.675124e+01 7.610510e-01 6.238007e+00 4.544724e-01 6.503847e-01 -3.850829e-01 -2.917629e-02 4.713740e-02 -4.550249e-02 -4.639705e-01 -1.178375e+00 9.364109e-01 -1.722161e+00 1.819770e+00 2.411747e-01 3.362068e-01 -2.290696e-02 -3.835950e-01 3.424041e-01 -1.714006e-01 2.801201e-01 3.244019e-01 -3.340522e-01 4.507513e-02 -5.619034e-01 5.897112e-01 -4.029892e-01 5.019908e-02 -4.055766e-01 2.860618e-03
<VARIANCE> 39
 3.846026e+00 4.292305e+00 4.387407e+00 7.296999e+00 4.324403e+00 4.504401e+01 1.238787e+01 9.334991e+00 1.916947e+01 3.749583e+00 1.120236e+01 1.528532e+01 1.000000e-02 2.957030e-01 9.013484e-01 2.710130e+00 1.476648e+00 9.447123e-01 2.715927e+00 1.803299e+00 1.877197e+00 2.518690e+00 1.563341e+00 2.015076e+00 1.387089e+00 1.000000e-02 1.822563e-01 1.238657e-01 3.612398e-01 1.148939e-01 3.692705e-01 3.297470e-01 3.539448e-01 5.151896e-01 4.007384e-01 2.611781e-01 2.231494e-01 4.281892e-01 1.000000e-02
<GCONST> 7.281127e+01
<STATE> 18
<MEAN> 39
 3.055226e-01 -2.399430e+01 -1.254810e+01 7.193036e-01 8.375286e-01 -5.075237e+00 3.158156e+00 -6.348723e-01 -2.251674e+00 -1.501188e+01 1.487113e+00 4.359255e+00 3.864652e-01 -7.230442e-03 2.237683e-01 2.482342e-01 4.649176e-01 6.695725e-01 1.594137e-01 -1.763602e-01 1.801367e-01 2.231935e-01 1.026153e+00 2.962423e-01 -1.362862e-01 -2.430530e-02 -1.846101e-01 -7.200233e-02 -1.745013e-01 -6.748670e-02 1.344348e-01 3.193186e-01 6.150025e-01 -9.013312e-02 3.219522e-01 -1.428094e-01 -9.422454e-02 -4.362153e-02 2.330689e-03
<VARIANCE> 39
 5.196165e+00 5.999454e+00 6.393485e+00 1.661067e+01 7.548516e+00 2.039153e+01 2.048564e+01 1.390679e+01 1.500477e+01 8.406535e+00 1.107980e+01 1.901176e+01 1.000000e-02 5.297236e-01 1.304743e+00 7.890584e-01 7.098169e-01 9.225688e-01 2.833563e+00 1.350511e+00 8.474094e-01 4.635448e-01 7.249662e-01 6.171868e-01 1.784740e+00 1.000000e-02 7.208366e-02 2.111765e-01 1.757171e-01 3.814840e-01 1.468374e-01 4.922988e-01 1.460553e-01 2.627161e-01 4.004813e-01 2.260326e-01 2.781427e-01 2.409237e-01 1.000000e-02
<GCONST> 6.811558e+01
<STATE> 19
<MEAN> 39
 -4.125580e-01 -2.570403e+01 -1.356711e+01 3.474295e-01 2.699015e+00 -1.480800e+00 5.646365e+00 -7.276151e-01 5.379689e-01 -1.129501e+01 3.164335e-01 5.074670e+00 3.354650e-01 -8.774533e-02 4.725103e-02 -2.676404e-01 1.502019e-01 3.823360e-01 -7.492460e-02 5.346326e-01 4.088520e-01 -1.380315e-01 7.071427e-01 -3.104084e-01 -3.822784e-01 -1.779633e-02 -2.369873e-02 1.354260e-01 -1.331206e-02 -8.537838e-02 -1.834082e-01 -3.224785e-01 -1.658993e-01 5.985676e-02 -1.787081e-01 -2.432956e-01 -1.814812e-02 -1.229001e-02 5.169246e-05
<VARIANCE> 39
 4.361140e+00 3.810073e+00 3.304654e+00 1.986997e+00 1.224608e+01 1.102585e+01 7.276415e+00 7.869198e+00 9.447389e+00 9.000321e+00 7.344590e+00 8.857538e+00 1.000000e-02 3.441841e-01 4.728501e-01 2.920201e-01 7.842405e-01 7.977043e-01 1.248062e+00 9.595454e-01 1.066597e+00 2.199427e+00 1.638821e+00 8.058195e-01 7.987310e-01 1.000000e-02 7.864406e-02 9.809677e-02 9.055712e-02 5.948894e-02 1.915256e-01 1.675906e-01 2.010476e-01 8.618126e-02 2.937179e-01 2.000737e-01 1.035902e-01 2.168863e-01 1.000000e-02
<GCONST> 5.348333e+01
<STATE> 20
<MEAN> 39
 -5.340469e-01 -2.463541e+01 -1.407511e+01 7.432345e-01 3.041201e+00 -4.032510e+00 5.504834e+00 1.210735e+00 -2.384928e+00 -1.107951e+01 1.055395e+00 4.427663e+00 2.924172e-01 -5.307884e-01 1.433814e-01 -2.109492e-01 1.180146e-01 3.545062e-01 -4.342196e-01 -9.952898e-02 4.023674e-01 4.606694e-02 4.434163e-01 5.364500e-01 1.696424e-01 -2.649644e-02 6.562846e-02 2.634830e-01 2.018176e-01 1.312105e-04 -1.857712e-01 -8.753102e-02 -2.158653e-01 -3.370919e-01 1.137260e-01 4.994550e-02 4.634798e-02 -3.793466e-02 -6.242807e-04
<VARIANCE> 39
 1.660813e+00 2.225111e+00 6.092886e+00 3.042537e+00 9.404581e+00 4.744758e+00 1.307102e+01 7.387918e+00 1.308671e+01 1.564072e+01 1.415289e+01 1.364090e+01 1.000000e-02 1.968264e-01 1.553130e-01 6.075227e-01 2.132900e-01 6.945888e-01 4.488721e-01 1.068344e+00 3.532053e-01 1.644419e+00 1.004823e+00 6.174415e-01 7.576685e-01 1.000000e-02 3.898750e-02 5.803803e-02 1.211986e-01 1.668570e-02 1.079861e-01 5.917604e-02 2.800092e-01 2.285389e-01 3.502234e-01 2.452526e-01 2.743995e-01 2.018504e-01 1.000000e-02
<GCONST> 4.766811e+01
<STATE> 21
<MEAN> 39
 -1.550948e+00 -2.255167e+01 -1.375988e+01 8.696948e-01 2.905976e+00 -4.535148e+00 4.458390e+00 4.725625e-01 -5.640411e-01 -9.489392e+00 1.546854e+00 3.794724e+00 2.066553e-01 4.383919e-01 1.556115e+00 1.167846e+00 -2.253490e-01 -4.625475e-01 -5.619688e-01 -1.151814e+00 -1.457853e+00 -7.594716e-01 3.245941e-01 -5.174368e-01 -6.955419e-01 -1.127425e-02 1.766241e-01 1.469588e-01 3.939079e-01 9.237386e-02 1.862871e-01 1.535508e-01 -3.015964e-02 -2.333193e-01 -3.445231e-01 -2.659364e-01 -2.587715e-01 -3.879841e-02 7.403485e-03
<VARIANCE> 39
 1.275337e+00 5.917856e+00 6.099151e+00 8.715030e+00 5.356075e+00 3.296986e+00 8.025880e+00 5.147391e+00 9.309646e+00 9.830482e+00 7.816261e+00 7.091565e+00 1.000000e-02 2.490054e-01 5.551853e-01 4.966647e-01 3.501155e-01 4.737637e-01 9.841668e-01 7.293910e-01 6.616086e-01 8.792815e-01 6.247292e-01 4.056711e-01 8.474260e-01 1.000000e-02 1.143273e-01 2.241440e-01 1.325993e-01 8.702400e-02 8.862117e-02 3.389937e-02 1.396033e-01 2.077629e-01 2.344891e-01 1.846578e-01 7.142068e-02 1.364056e-01 1.000000e-02
<GCONST> 4.684849e+01
<STATE> 22
<MEAN> 39
 -4.805793e-01 -1.933049e+01 -9.146724e+00 1.339686e+00 3.781834e+00 -6.594790e+00 1.484435e+00 -3.017647e+00 -3.625577e+00 -9.141798e+00 -1.064875e+00 2.012645e+00 2.158507e-01 3.045177e-03 5.249949e-01 9.564742e-01 4.539998e-01 6.488622e-01 2.209179e-01 1.886365e-01 -1.120122e-01 -4.892122e-01 -3.259900e-01 -1.906374e-01 -1.280659e-02 -9.167697e-03 -3.169335e-01 -2.131582e-01 -3.192529e-01 -1.165185e-01 -5.911418e-02 1.676499e-01 3.176189e-01 4.488394e-01 3.234138e-01 -1.313260e-01 1.651359e-01 1.625537e-01 -9.712473e-03
<VARIANCE> 39
 5.300128e+00 1.063928e+01 5.126132e+00 5.314260e+00 6.810283e+00 1.360044e+01 7.386711e+00 7.354793e+00 1.484497e+01 6.605216e+00 8.426818e+00 5.515439e+00 1.000000e-02 4.629112e-01 1.103246e+00 8.100882e-01 3.810728e-01 1.658242e-01 7.994017e-01 7.781608e-01 7.352595e-01 7.324072e-01 9.875355e-01 9.582477e-01 2.930551e-01 1.000000e-02 9.785297e-02 2.401099e-01 8.680245e-02 1.163159e-01 1.744204e-01 2.467602e-01 1.484579e-01 1.541775e-01 8.626638e-02 1.249774e-01 1.272590e-01 6.912735e-02 1.000000e-02
<GCONST> 5.159386e+01
<STATE> 23
<MEAN> 39
 -8.022723e-01 -1.854607e+01 -8.457105e+00 1.444538e+00 2.624684e+00 -6.245658e+00 2.874980e+00 -2.750362e+00 -5.204228e+00 -1.226645e+01 -1.078781e+00 2.451409e+00 1.604039e-01 -1.313866e+00 8.570066e-01 2.218676e-01 -7.090952e-01 -4.162190e-01 1.601893e-01 1.989140e-01 4.982492e-01 7.338096e-01 3.205664e-01 -1.210600e-03 5.688481e-02 -5.809558e-02 -3.433327e-01 2.778535e-01 -2.588489e-02 -2.957261e-01 -3.138288e-02 1.636893e-01 -1.464328e-02 2.065762e-01 3.147354e-01 5.568109e-01 2.257559e-01 -6.138631e-02 -1.223885e-02
<VARIANCE> 39
 3.826967e+00 3.008670e+00 1.875115e+00 5.641285e+00 8.208974e+00 1.143216e+01 6.760894e+00 6.746793e+00 6.688725e+00 3.653850e+00 2.644135e+00 1.671850e+00 1.000000e-02 4.426097e-01 8.699881e-01 4.041642e-01 4.642071e-01 9.889987e-01 1.519443e+00 3.632377e-01 7.930868e-01 4.310796e-01 1.588771e+00 7.955459e-01 3.930180e-01 1.000000e-02 9.907306e-02 1.087170e-01 1.229286e-01 7.421308e-02 1.744403e-01 1.997678e-01 1.357951e-01 1.580049e-01 6.247017e-02 1.158877e-01 2.658375e-01 1.204223e-01 1.000000e-02
<GCONST> 4.590614e+01
<STATE> 24
<MEAN> 39
 -5.913297e+00 -1.476828e+01 -7.367657e+00 -6.102716e-01 4.368857e+00 -3.005193e+00 3.903613e+00 5.866501e-01 -1.034923e+00 -7.917471e+00 5.981733e-01 2.401150e+00 -4.600709e-02 -9.904944e-01 1.355024e+00 4.691198e-01 -5.369973e-01 -4.648201e-02 4.066759e-01 -4.113283e-01 3.371516e-01 5.321544e-01 9.054595e-01 2.661037e-01 -1.565184e-01 -5.121881e-02 3.647905e-01 -1.931598e-01 -9.421764e-03 2.736365e-01 1.152857e-01 -8.944685e-02 -2.563063e-01 -4.634985e-01 -2.773301e-01 4.780737e-02 1.253715e-01 1.099998e-01 1.323862e-02
<VARIANCE> 39
 1.092320e+00 5.399437e+00 5.446706e+00 2.664001e+00 9.060395e+00 8.347589e+00 6.869709e+00 7.145271e+00 6.982648e+00 1.885463e+01 1.395113e+01 9.790205e+00 1.000000e-02 3.386309e-01 3.646317e-01 2.969199e-01 3.449953e-01 6.432312e-01 7.956138e-01 1.082373e+00 1.098055e+00 5.692084e-01 1.310492e+00 1.395363e+00 5.695443e-01 1.000000e-02 1.408288e-02 1.057879e-01 5.840304e-02 2.676600e-02 2.140426e-01 1.622479e-01 2.196272e-01 5.766566e-02 1.082483e-01 2.641079e-01 3.220005e-01 1.137627e-01 1.000000e-02
<GCONST> 4.737660e+01
<TRANSP> 25
 0.000000e+00 1.000000e+00 0.000000e+00 0.000000e+00 0.000000e+00 0.000000e+00 0.000000e+00 0.000000e+00 0.000000e+00 0.000000e+00 0.000000e+00 0.000000e+00 0.000000e+00 0.000000e+00 0.000000e+00 0.000000e+00 0.000000e+00 0.000000e+00 0.000000e+00 0.000000e+00 0.000000e+00 0.000000e+00 0.000000e+00 0.000000e+00 0.000000e+00
 0.000000e+00 6.666667e-01 3.333333e-01 0.000000e+00 0.000000e+00 0.000000e+00 0.000000e+00 0.000000e+00 0.000000e+00 0.000000e+00 0.000000e+00 0.000000e+00 0.000000e+00 0.000000e+00 0.000000e+00 0.000000e+00 0.000000e+00 0.000000e+00 0.000000e+00 0.000000e+00 0.000000e+00 0.000000e+00 0.000000e+00 0.000000e+00 0.000000e+00
 0.000000e+00 0.000000e+00 5.833333e-01 4.166667e-01 0.000000e+00 0.000000e+00 0.000000e+00 0.000000e+00 0.000000e+00 0.000000e+00 0.000000e+00 0.000000e+00 0.000000e+00 0.000000e+00 0.000000e+00 0.000000e+00 0.000000e+00 0.000000e+00 0.000000e+00 0.000000e+00 0.000000e+00 0.000000e+00 0.000000e+00 0.000000e+00 0.000000e+00
 0.000000e+00 0.000000e+00 0.000000e+00 5.454546e-01 4.545455e-01 0.000000e+00 0.000000e+00 0.000000e+00 0.000000e+00 0.000000e+00 0.000000e+00 0.000000e+00 0.000000e+00 0.000000e+00 0.000000e+00 0.000000e+00 0.000000e+00 0.000000e+00 0.000000e+00 0.000000e+00 0.000000e+00 0.000000e+00 0.000000e+00 0.000000e+00 0.000000e+00
 0.000000e+00 0.000000e+00 0.000000e+00 0.000000e+00 6.666667e-01 3.333333e-01 0.000000e+00 0.000000e+00 0.000000e+00 0.000000e+00 0.000000e+00 0.000000e+00 0.000000e+00 0.000000e+00 0.000000e+00 0.000000e+00 0.000000e+00 0.000000e+00 0.000000e+00 0.000000e+00 0.000000e+00 0.000000e+00 0.000000e+00 0.000000e+00 0.000000e+00
 0.000000e+00 0.000000e+00 0.000000e+00 0.000000e+00 0.000000e+00 6.666667e-01 3.333333e-01 0.000000e+00 0.000000e+00 0.000000e+00 0.000000e+00 0.000000e+00 0.000000e+00 0.000000e+00 0.000000e+00 0.000000e+00 0.000000e+00 0.000000e+00 0.000000e+00 0.000000e+00 0.000000e+00 0.000000e+00 0.000000e+00 0.000000e+00 0.000000e+00
 0.000000e+00 0.000000e+00 0.000000e+00 0.000000e+00 0.000000e+00 0.000000e+00 5.454546e-01 4.545455e-01 0.000000e+00 0.000000e+00 0.000000e+00 0.000000e+00 0.000000e+00 0.000000e+00 0.000000e+00 0.000000e+00 0.000000e+00 0.000000e+00 0.000000e+00 0.000000e+00 0.000000e+00 0.000000e+00 0.000000e+00 0.000000e+00 0.000000e+00
 0.000000e+00 0.000000e+00 0.000000e+00 0.000000e+00 0.000000e+00 0.000000e+00 0.000000e+00 6.428571e-01 3.571429e-01 0.000000e+00 0.000000e+00 0.000000e+00 0.000000e+00 0.000000e+00 0.000000e+00 0.000000e+00 0.000000e+00 0.000000e+00 0.000000e+00 0.000000e+00 0.000000e+00 0.000000e+00 0.000000e+00 0.000000e+00 0.000000e+00
 0.000000e+00 0.000000e+00 0.000000e+00 0.000000e+00 0.000000e+00 0.000000e+00 0.000000e+00 0.000000e+00 5.454546e-01 4.545455e-01 0.000000e+00 0.000000e+00 0.000000e+00 0.000000e+00 0.000000e+00 0.000000e+00 0.000000e+00 0.000000e+00 0.000000e+00 0.000000e+00 0.000000e+00 0.000000e+00 0.000000e+00 0.000000e+00 0.000000e+00
 0.000000e+00 0.000000e+00 0.000000e+00 0.000000e+00 0.000000e+00 0.000000e+00 0.000000e+00 0.000000e+00 0.000000e+00 6.153846e-01 3.846154e-01 0.000000e+00 0.000000e+00 0.000000e+00 0.000000e+00 0.000000e+00 0.000000e+00 0.000000e+00 0.000000e+00 0.000000e+00 0.000000e+00 0.000000e+00 0.000000e+00 0.000000e+00 0.000000e+00
 0.000000e+00 0.000000e+00 0.000000e+00 0.000000e+00 0.000000e+00 0.000000e+00 0.000000e+00 0.000000e+00 0.000000e+00 0.000000e+00 6.153846e-01 3.846154e-01 0.000000e+00 0.000000e+00 0.000000e+00 0.000000e+00 0.000000e+00 0.000000e+00 0.000000e+00 0.000000e+00 0.000000e+00 0.000000e+00 0.000000e+00 0.000000e+00 0.000000e+00
 0.000000e+00 0.000000e+00 0.000000e+00 0.000000e+00 0.000000e+00 0.000000e+00 0.000000e+00 0.000000e+00 0.000000e+00 0.000000e+00 0.000000e+00 6.153846e-01 3.846154e-01 0.000000e+00 0.000000e+00 0.000000e+00 0.000000e+00 0.000000e+00 0.000000e+00 0.000000e+00 0.000000e+00 0.000000e+00 0.000000e+00 0.000000e+00 0.000000e+00
 0.000000e+00 0.000000e+00 0.000000e+00 0.000000e+00 0.000000e+00 0.000000e+00 0.000000e+00 0.000000e+00 0.000000e+00 0.000000e+00 0.000000e+00 0.000000e+00 6.428571e-01 3.571429e-01 0.000000e+00 0.000000e+00 0.000000e+00 0.000000e+00 0.000000e+00 0.000000e+00 0.000000e+00 0.000000e+00 0.000000e+00 0.000000e+00 0.000000e+00
 0.000000e+00 0.000000e+00 0.000000e+00 0.000000e+00 0.000000e+00 0.000000e+00 0.000000e+00 0.000000e+00 0.000000e+00 0.000000e+00 0.000000e+00 0.000000e+00 0.000000e+00 6.153846e-01 3.846154e-01 0.000000e+00 0.000000e+00 0.000000e+00 0.000000e+00 0.000000e+00 0.000000e+00 0.000000e+00 0.000000e+00 0.000000e+00 0.000000e+00
 0.000000e+00 0.000000e+00 0.000000e+00 0.000000e+00 0.000000e+00 0.000000e+00 0.000000e+00 0.000000e+00 0.000000e+00 0.000000e+00 0.000000e+00 0.000000e+00 0.000000e+00 0.000000e+00 6.666667e-01 3.333333e-01 0.000000e+00 0.000000e+00 0.000000e+00 0.000000e+00 0.000000e+00 0.000000e+00 0.000000e+00 0.000000e+00 0.000000e+00
 0.000000e+00 0.000000e+00 0.000000e+00 0.000000e+00 0.000000e+00 0.000000e+00 0.000000e+00 0.000000e+00 0.000000e+00 0.000000e+00 0.000000e+00 0.000000e+00 0.000000e+00 0.000000e+00 0.000000e+00 5.000000e-01 5.000000e-01 0.000000e+00 0.000000e+00 0.000000e+00 0.000000e+00 0.000000e+00 0.000000e+00 0.000000e+00 0.000000e+00
 0.000000e+00 0.000000e+00 0.000000e+00 0.000000e+00 0.000000e+00 0.000000e+00 0.000000e+00 0.000000e+00 0.000000e+00 0.000000e+00 0.000000e+00 0.000000e+00 0.000000e+00 0.000000e+00 0.000000e+00 0.000000e+00 5.833333e-01 4.166667e-01 0.000000e+00 0.000000e+00 0.000000e+00 0.000000e+00 0.000000e+00 0.000000e+00 0.000000e+00
 0.000000e+00 0.000000e+00 0.000000e+00 0.000000e+00 0.000000e+00 0.000000e+00 0.000000e+00 0.000000e+00 0.000000e+00 0.000000e+00 0.000000e+00 0.000000e+00 0.000000e+00 0.000000e+00 0.000000e+00 0.000000e+00 0.000000e+00 5.833333e-01 4.166667e-01 0.000000e+00 0.000000e+00 0.000000e+00 0.000000e+00 0.000000e+00 0.000000e+00
 0.000000e+00 0.000000e+00 0.000000e+00 0.000000e+00 0.000000e+00 0.000000e+00 0.000000e+00 0.000000e+00 0.000000e+00 0.000000e+00 0.000000e+00 0.000000e+00 0.000000e+00 0.000000e+00 0.000000e+00 0.000000e+00 0.000000e+00 0.000000e+00 6.428571e-01 3.571429e-01 0.000000e+00 0.000000e+00 0.000000e+00 0.000000e+00 0.000000e+00
 0.000000e+00 0.000000e+00 0.000000e+00 0.000000e+00 0.000000e+00 0.000000e+00 0.000000e+00 0.000000e+00 0.000000e+00 0.000000e+00 0.000000e+00 0.000000e+00 0.000000e+00 0.000000e+00 0.000000e+00 0.000000e+00 0.000000e+00 0.000000e+00 0.000000e+00 6.153846e-01 3.846154e-01 0.000000e+00 0.000000e+00 0.000000e+00 0.000000e+00
 0.000000e+00 0.000000e+00 0.000000e+00 0.000000e+00 0.000000e+00 0.000000e+00 0.000000e+00 0.000000e+00 0.000000e+00 0.000000e+00 0.000000e+00 0.000000e+00 0.000000e+00 0.000000e+00 0.000000e+00 0.000000e+00 0.000000e+00 0.000000e+00 0.000000e+00 0.000000e+00 5.833333e-01 4.166667e-01 0.000000e+00 0.000000e+00 0.000000e+00
 0.000000e+00 0.000000e+00 0.000000e+00 0.000000e+00 0.000000e+00 0.000000e+00 0.000000e+00 0.000000e+00 0.000000e+00 0.000000e+00 0.000000e+00 0.000000e+00 0.000000e+00 0.000000e+00 0.000000e+00 0.000000e+00 0.000000e+00 0.000000e+00 0.000000e+00 0.000000e+00 0.000000e+00 6.428571e-01 3.571429e-01 0.000000e+00 0.000000e+00
 0.000000e+00 0.000000e+00 0.000000e+00 0.000000e+00 0.000000e+00 0.000000e+00 0.000000e+00 0.000000e+00 0.000000e+00 0.000000e+00 0.000000e+00 0.000000e+00 0.000000e+00 0.000000e+00 0.000000e+00 0.000000e+00 0.000000e+00 0.000000e+00 0.000000e+00 0.000000e+00 0.000000e+00 0.000000e+00 5.833333e-01 4.166667e-01 0.000000e+00
 0.000000e+00 0.000000e+00 0.000000e+00 0.000000e+00 0.000000e+00 0.000000e+00 0.000000e+00 0.000000e+00 0.000000e+00 0.000000e+00 0.000000e+00 0.000000e+00 0.000000e+00 0.000000e+00 0.000000e+00 0.000000e+00 0.000000e+00 0.000000e+00 0.000000e+00 0.000000e+00 0.000000e+00 0.000000e+00 0.000000e+00 5.833333e-01 4.166667e-01
 0.000000e+00 0.000000e+00 0.000000e+00 0.000000e+00 0.000000e+00 0.000000e+00 0.000000e+00 0.000000e+00 0.000000e+00 0.000000e+00 0.000000e+00 0.000000e+00 0.000000e+00 0.000000e+00 0.000000e+00 0.000000e+00 0.000000e+00 0.000000e+00 0.000000e+00 0.000000e+00 0.000000e+00 0.000000e+00 0.000000e+00 0.000000e+00 0.000000e+00
<ENDHMM>
