~o
<STREAMINFO> 1 39
<VECSIZE> 39<NULLD><MFCC_E_D_A><DIAGC>
~h "Bai"
<BEGINHMM>
<NUMSTATES> 37
<STATE> 2
<MEAN> 39
 -4.527794e+00 -8.041709e+00 -2.138007e-01 -1.447220e+00 2.219636e+00 -5.377398e+00 2.045557e-01 -2.648109e+00 -1.081115e+00 -3.254370e+00 2.428284e+00 -1.256585e+00 7.095947e-03 1.389208e+00 1.768171e-01 -7.786194e-01 -1.286690e+00 -1.426717e+00 -1.660404e+00 -9.129093e-01 2.246270e-02 -6.424893e-01 -7.051672e-01 -1.550494e+00 -7.527211e-01 6.653852e-02 6.366528e-01 -1.789378e-01 -9.501201e-01 -5.206162e-01 -6.451621e-01 -5.714237e-01 -1.896443e-01 1.327469e-01 8.348251e-02 -1.887953e-01 -5.809737e-01 -4.471380e-01 3.548791e-02
<VARIANCE> 39
 6.034665e-01 1.968896e+00 4.023025e+00 1.983308e+00 6.753395e+00 1.502177e+01 6.187768e+00 1.069182e+01 1.506611e+01 1.075363e+01 1.695724e+01 3.337183e+00 1.000000e-02 1.134830e+00 4.278108e-01 8.825966e-01 5.369387e-01 8.420823e-01 9.400578e-01 4.183470e-01 9.461657e-01 5.511921e-01 1.584041e+00 2.392550e+00 2.503013e-01 1.000000e-02 1.633466e-01 1.575597e-01 1.221312e-01 1.678221e-01 1.479893e-01 2.262781e-01 1.051990e-01 2.927221e-01 2.453019e-01 3.060713e-01 4.405543e-01 5.899848e-02 1.000000e-02
<GCONST> 5.410422e+01
<STATE> 3
<MEAN> 39
 1.323108e-01 -6.236142e+00 -3.838917e+00 -6.144118e+00 -3.417811e+00 -1.096827e+01 -1.559202e+00 -2.565246e+00 -1.758115e+00 -6.279713e+00 -4.931844e+00 -5.154186e+00 2.247131e-01 3.071148e+00 -5.005583e-01 -2.973898e+00 -1.727668e+00 -1.778256e+00 -1.805593e+00 -1.380820e+00 -1.578515e-01 -3.994660e-01 -1.045622e+00 -2.162329e+00 -2.082072e+00 1.517516e-01 -2.476335e-01 -6.409513e-01 -9.697890e-01 2.313341e-01 5.487629e-01 4.904085e-01 3.885469e-01 -4.656739e-01 5.893728e-01 2.626324e-01 2.364359e-01 -7.630591e-02 2.136368e-02
<VARIANCE> 39
 2.024552e+01 2.840857e+00 7.361418e+00 4.143123e+00 9.370657e+00 8.578206e+00 1.010773e+01 1.430845e+01 5.000140e+00 5.395888e+00 1.580071e+01 6.353855e+00 4.588500e-02 1.238327e+00 1.100485e+00 9.564478e-01 8.627851e-01 2.981068e-01 9.024776e-01 1.158242e+00 3.692297e+00 2.199412e+00 2.438507e+00 2.794116e+00 1.919933e-01 1.000000e-02 8.836532e-01 4.284183e-02 1.975072e-01 9.070817e-02 2.149874e-01 1.398746e-01 3.671676e-01 5.562367e-01 1.553117e-01 1.544537e-01 6.609251e-01 1.580005e-01 1.000000e-02
<GCONST> 6.705646e+01
<STATE> 4
<MEAN> 39
 6.960392e+00 -9.563016e+00 -1.210621e+01 -7.604256e+00 -5.140914e+00 -1.309549e+01 -4.478002e+00 -1.399886e+00 -3.153610e+00 -7.919720e+00 -4.418636e+00 -8.232593e+00 5.485889e-01 5.601397e-01 -2.019111e+00 -4.134253e+00 -3.822035e-01 5.674759e-01 -3.030952e-01 8.752109e-01 -1.624362e+00 1.741787e+00 1.745325e-01 -1.371486e+00 -1.168388e+00 1.423309e-01 -1.637771e+00 -6.666527e-01 -1.510277e-01 5.160930e-01 1.159509e+00 6.101667e-01 1.601005e+00 -6.010636e-01 7.062327e-01 3.772516e-01 -6.929225e-02 9.858978e-01 -1.577510e-02
<VARIANCE> 39
 1.816688e+01 1.383440e+01 1.190567e+01 8.027373e+00 8.274998e+00 4.744131e+00 3.319576e+00 1.486451e+01 1.290637e+01 1.609015e+01 1.153914e+01 3.940315e+00 1.784712e-02 5.441400e+00 6.248393e-01 1.600362e+00 2.016779e+00 1.879730e+00 8.345165e-01 4.207046e+00 3.427265e+00 2.771424e+00 1.562479e+00 2.238917e+00 2.143099e+00 1.000000e-02 3.420790e-01 1.249786e-01 1.566538e-01 1.424552e-01 2.839555e-01 1.947474e-01 3.856993e-01 5.363816e-01 3.827901e-01 8.854125e-01 2.940158e-01 3.544165e-01 1.000000e-02
<GCONST> 7.902885e+01
<STATE> 5
<MEAN> 39
 2.938445e+00 -1.329678e+01 -1.745369e+01 -6.662550e+00 -2.772045e+00 -1.018865e+01 -2.225468e+00 -1.041695e+01 5.037921e+00 -4.100140e+00 -8.614618e+00 -1.185331e+01 7.661278e-01 -3.367228e+00 -2.972025e+00 -4.021387e+00 5.302317e-02 2.618490e+00 9.156384e-01 4.893736e+00 -1.974024e+00 2.330546e+00 4.529234e-01 -1.897921e+00 1.569480e+00 1.039193e-01 -8.875821e-01 -1.317969e-01 6.558566e-01 6.190361e-01 7.547615e-01 4.547707e-01 9.242452e-01 4.040446e-01 -5.577993e-01 -1.251805e-01 4.307941e-01 1.332862e+00 -2.601169e-02
<VARIANCE> 39
 2.288230e+01 1.240889e+01 3.036597e+01 1.362817e+01 7.971121e+00 1.361074e+01 2.344613e+00 2.844713e+01 1.690115e+01 4.708759e+00 5.391255e+00 1.340804e+01 1.000000e-02 5.059996e-01 6.000162e-01 4.915176e-01 6.897336e-01 1.593367e+00 9.812030e-01 2.141931e+00 2.969512e+00 1.229296e+00 4.718566e+00 1.460651e+00 1.294756e+00 1.000000e-02 4.240569e-01 8.273719e-02 4.089878e-01 3.243406e-01 1.259616e-01 2.762462e-01 1.189166e-01 3.177667e-01 4.591615e-01 1.770641e-01 4.513552e-01 3.045713e-01 1.000000e-02
<GCONST> 7.300066e+01
<STATE> 6
<MEAN> 39
 -2.678722e+00 -1.988479e+01 -2.551270e+01 -8.044496e+00 3.658584e+00 -1.116592e+01 1.222145e+01 -8.785275e+00 6.459468e+00 -5.497421e+00 -1.152114e+01 -4.115112e+00 8.779935e-01 -2.774449e+00 -2.820378e+00 -2.408219e+00 1.298508e+00 2.884132e+00 9.887993e-01 4.149952e+00 -8.452293e-01 7.039647e-01 -6.433493e-02 -4.841154e-01 3.289924e+00 6.655183e-02 5.837420e-01 5.889934e-01 1.212375e+00 5.807634e-01 -2.565788e-01 1.685259e-01 -1.282046e+00 3.507658e-01 -1.043148e+00 -1.774615e-01 6.432465e-01 1.799017e-01 -2.520331e-02
<VARIANCE> 39
 2.133619e+01 6.234278e+00 1.406273e+01 2.737970e+01 5.512163e+00 1.453498e+01 1.022406e+01 2.730210e+01 2.073716e+01 2.488867e+01 1.625861e+01 2.486965e+01 1.000000e-02 9.815629e-01 6.928415e-01 1.473951e+00 5.106623e-01 1.236146e+00 1.009199e+00 1.840474e+00 9.203343e-01 2.111302e+00 3.774621e+00 1.434690e+00 6.066990e-01 1.000000e-02 3.031459e-01 6.826022e-02 9.386060e-02 4.032397e-01 1.661954e-01 2.040918e-01 2.496241e-01 5.091599e-01 1.256984e-01 4.732715e-01 1.765332e-01 6.286790e-01 1.000000e-02
<GCONST> 7.536559e+01
<STATE> 7
<MEAN> 39
 -6.023964e+00 -2.097295e+01 -2.396108e+01 -4.091931e+00 6.928566e+00 -6.979279e+00 9.236154e+00 -8.450402e+00 2.771337e+00 -7.032242e+00 -1.007451e+01 9.075357e-01 9.453695e-01 -5.848392e-01 -1.133639e+00 2.316492e-02 1.671130e+00 8.454374e-01 9.151174e-01 -8.108014e-01 -1.336821e+00 -1.538429e+00 3.444067e-01 -2.166875e-01 1.311822e+00 2.458928e-02 7.360938e-01 5.156778e-01 6.892279e-01 -2.141444e-01 -8.770314e-01 -1.273406e-02 -1.357538e+00 1.370329e-01 -1.418464e-01 4.506979e-01 2.214008e-01 -6.563602e-01 -1.591393e-02
<VARIANCE> 39
 9.007277e+00 5.584181e+00 9.135905e+00 1.591677e+01 1.898469e+00 9.137708e+00 3.668893e+01 1.118740e+01 2.556764e+01 1.610136e+01 1.448326e+01 1.029251e+00 1.000000e-02 2.735380e-01 2.286428e-01 4.416177e-01 2.119389e+00 1.475104e+00 9.254254e-01 1.376380e+00 7.561815e-01 1.317727e+00 2.214651e+00 1.819005e+00 1.582807e+00 1.000000e-02 7.646460e-02 1.111691e-01 1.447546e-01 4.519653e-02 1.289642e-01 1.484151e-01 2.168740e-01 6.439152e-02 2.853473e-01 5.481154e-01 1.044910e-01 1.673525e-01 1.000000e-02
<GCONST> 6.006775e+01
<STATE> 8
<MEAN> 39
 -4.957377e+00 -2.462568e+01 -2.261160e+01 -2.081665e+00 7.126479e+00 -6.712591e+00 8.454477e+00 -1.361738e+01 5.098858e+00 -6.069389e+00 -8.966491e+00 1.158358e+00 9.742025e-01 -7.178401e-02 -4.737620e-01 3.522825e-01 5.450583e-01 5.244299e-01 7.488661e-01 -7.628334e-01 -5.928909e-01 -2.840413e-01 5.216905e-01 9.098733e-02 5.599751e-01 1.088169e-02 2.117792e-01 3.795214e-01 5.067055e-02 -5.784228e-01 -3.675137e-01 -1.915556e-01 -2.015281e-01 2.142870e-01 1.490723e-01 7.192983e-02 -5.348136e-02 -2.561511e-01 -7.343734e-03
<VARIANCE> 39
 4.746025e+00 1.500717e+01 1.813909e+01 1.494221e+01 5.231366e+00 9.528228e+00 3.962301e+01 8.109669e+00 2.090052e+01 1.096152e+01 1.740448e+01 4.735207e+00 1.000000e-02 2.966818e-01 2.462920e-01 7.202410e-01 1.537227e+00 5.933326e-01 9.975318e-01 9.699509e-01 3.070205e-01 6.001143e-01 1.179883e+00 6.238902e-01 4.760830e-01 1.000000e-02 5.623249e-02 1.747324e-02 8.793440e-02 2.293511e-01 1.225340e-01 1.094688e-01 4.193253e-01 1.534982e-01 3.143439e-02 1.650911e-01 2.340480e-01 3.410423e-01 1.000000e-02
<GCONST> 5.577482e+01
<STATE> 9
<MEAN> 39
 -4.860442e+00 -2.286450e+01 -2.569948e+01 -1.594144e+00 7.413182e+00 -6.268801e+00 8.834805e+00 -1.143612e+01 1.329650e+00 -2.455519e+00 -1.050032e+01 1.534577e+00 9.721901e-01 -1.907545e-01 -4.585409e-01 -4.297672e-01 -1.317235e-01 -2.238859e-01 4.211752e-01 -6.042604e-01 -1.104674e-01 -1.222472e-02 2.254264e-01 2.294578e-01 9.237093e-01 8.529025e-03 5.209611e-02 5.180246e-02 -8.360676e-02 -1.717981e-01 -2.100260e-01 -1.616453e-01 4.307634e-02 1.492425e-01 1.700000e-01 -4.100661e-01 1.688220e-02 -3.499641e-02 -3.292075e-03
<VARIANCE> 39
 4.889878e+00 4.004001e+00 3.041468e+01 8.731966e+00 7.902146e+00 2.395121e+01 6.925458e+01 1.898326e+01 2.433283e+01 5.805211e+00 2.023166e+01 6.109158e+00 1.000000e-02 1.142380e-01 9.113272e-02 2.279193e-01 5.934038e-01 7.852064e-02 4.253103e-01 2.263214e-01 4.001555e-01 1.358988e-01 3.975446e-01 5.142314e-01 2.194821e-01 1.000000e-02 2.418823e-02 2.730560e-02 9.239472e-02 2.027027e-01 9.779842e-02 4.177064e-02 1.720256e-01 1.306265e-01 6.047013e-02 7.493529e-02 1.467848e-01 2.543640e-02 1.000000e-02
<GCONST> 3.956046e+01
<STATE> 10
<MEAN> 39
 -5.388224e+00 -2.396284e+01 -2.564839e+01 -2.530532e+00 6.998234e+00 -5.917790e+00 7.839262e+00 -1.279944e+01 2.705856e+00 -4.773576e+00 -1.018977e+01 4.216881e+00 9.865761e-01 6.999581e-02 -2.173709e-01 -3.789837e-02 1.452321e-01 -9.460005e-02 4.690877e-01 -3.858650e-01 1.337533e-01 1.174156e-02 -3.778732e-01 1.925411e-01 7.100958e-01 2.838603e-03 1.323584e-01 1.792206e-02 1.892446e-01 1.294288e-01 -2.281864e-03 1.602785e-01 -1.429603e-03 1.745679e-01 1.076476e-02 -4.870498e-02 1.503149e-02 -1.546397e-01 -1.433508e-03
<VARIANCE> 39
 5.827753e+00 3.846913e+00 3.103173e+01 5.865254e+00 7.775467e+00 2.810660e+01 5.101060e+01 1.611009e+01 2.707479e+01 6.371030e+00 1.019372e+01 7.134121e+00 1.000000e-02 3.080825e-02 1.212851e-01 6.129018e-01 3.464128e-01 2.160595e-01 1.182672e-01 4.809957e-01 5.925015e-01 4.012058e-01 1.918438e-01 4.553224e-01 3.831138e-01 1.000000e-02 1.104171e-02 1.000000e-02 3.356131e-02 6.972915e-02 5.929293e-02 7.559863e-02 6.180046e-02 1.237883e-01 3.302759e-02 1.051534e-01 1.480446e-01 6.677847e-02 1.000000e-02
<GCONST> 3.561030e+01
<STATE> 11
<MEAN> 39
 -5.646193e+00 -2.518242e+01 -2.397430e+01 -1.802580e+00 6.259214e+00 -3.910243e+00 6.613794e+00 -1.252457e+01 4.264453e+00 -5.493209e+00 -8.194120e+00 4.826352e+00 9.865645e-01 3.510865e-01 -2.282755e-01 2.300317e-01 4.205946e-01 -2.551475e-01 8.558157e-01 -4.961663e-01 1.704034e-01 -3.300600e-02 -3.216327e-01 1.173664e-01 4.131204e-01 1.955192e-03 3.944548e-02 1.431597e-01 4.950098e-02 1.503637e-01 1.652482e-02 3.843458e-02 8.100201e-02 -3.337053e-02 3.965770e-02 7.073308e-02 -1.843779e-01 -6.978617e-03 -5.905570e-04
<VARIANCE> 39
 4.299832e+00 5.541486e+00 3.809193e+01 5.983686e+00 7.011191e+00 1.886600e+01 3.316777e+01 9.500491e+00 3.930574e+01 6.991124e+00 2.084592e+01 3.959414e+00 1.000000e-02 4.349924e-02 1.367431e-01 6.050710e-01 2.940068e-01 3.870279e-01 2.598668e-01 4.287861e-01 1.913890e+00 3.756016e-01 7.521138e-01 7.601026e-01 1.793214e-01 1.000000e-02 1.000000e-02 2.273711e-02 4.824704e-02 8.648567e-02 3.712422e-02 3.268658e-02 1.966122e-02 3.428490e-02 6.247136e-02 5.045949e-02 9.363271e-02 7.175381e-02 1.000000e-02
<GCONST> 3.587886e+01
<STATE> 12
<MEAN> 39
 -4.449300e+00 -2.485628e+01 -2.543604e+01 -1.056324e+00 6.210837e+00 -3.021121e+00 6.139871e+00 -1.132249e+01 2.016278e+00 -4.829913e+00 -9.818589e+00 5.103537e+00 9.923635e-01 1.419561e-01 -1.838777e-03 1.682306e-01 4.034760e-01 -2.727016e-01 7.179969e-01 -2.061234e-01 -8.037581e-03 4.052064e-01 -5.815788e-02 -2.825252e-01 6.538623e-01 4.793803e-04 -5.104849e-02 9.338305e-02 -1.380778e-03 -7.138969e-02 -6.657281e-02 -8.688606e-02 2.097788e-02 3.491921e-02 -3.172912e-02 1.073117e-01 -1.367470e-01 -1.888145e-02 -1.051021e-03
<VARIANCE> 39
 4.986535e+00 3.345009e+00 3.218474e+01 2.980615e+00 4.962328e+00 2.066050e+01 5.989212e+01 2.744885e+01 3.929648e+01 8.301082e+00 1.915298e+01 2.552832e+00 1.000000e-02 1.109898e-02 2.072433e-01 3.100395e-01 2.417619e-01 3.788942e-01 3.145207e-01 1.903149e-01 3.811345e-01 2.450440e-01 1.977474e-01 3.657086e-01 4.564064e-01 1.000000e-02 2.044209e-02 1.577691e-02 6.085664e-02 2.187984e-02 7.787322e-02 3.156118e-02 9.441872e-02 1.649297e-01 6.264643e-02 7.772157e-02 8.007031e-02 6.305268e-02 1.000000e-02
<GCONST> 3.327276e+01
<STATE> 13
<MEAN> 39
 -4.146386e+00 -2.435264e+01 -2.494572e+01 2.339488e-01 6.030807e+00 -2.761998e+00 7.790286e+00 -1.238951e+01 4.503933e+00 -4.773768e+00 -9.793039e+00 7.257098e+00 9.904435e-01 7.293395e-02 4.823246e-02 5.886403e-02 1.607343e-01 -3.572381e-01 4.754182e-01 -5.834539e-01 3.434378e-01 -2.526339e-01 -5.570352e-04 -3.796293e-01 4.071126e-01 -5.084131e-05 -5.089135e-02 -6.408460e-02 3.753801e-02 -2.743518e-01 1.610139e-02 -1.782869e-01 3.560506e-03 1.891875e-01 -3.654708e-01 -2.662553e-02 1.184389e-02 -2.478354e-01 -1.283249e-03
<VARIANCE> 39
 6.026284e+00 8.470555e-01 5.254680e+01 6.068893e+00 3.425889e+00 1.299424e+01 3.703417e+01 1.568165e+01 2.674949e+01 5.001966e+00 1.395494e+01 4.272585e+00 1.000000e-02 1.764715e-01 2.544126e-01 2.488444e-01 1.984375e-01 3.699853e-01 2.605463e-01 3.035652e-01 5.827417e-01 1.712818e-01 2.027089e-01 5.466570e-01 4.677325e-01 1.000000e-02 1.027618e-02 6.009535e-02 8.379860e-02 4.230756e-02 1.303106e-01 5.123980e-02 8.187613e-02 1.966984e-01 3.361074e-02 3.031052e-02 4.723467e-02 1.230554e-01 1.000000e-02
<GCONST> 3.528754e+01
<STATE> 14
<MEAN> 39
 -5.324909e+00 -2.496510e+01 -2.347549e+01 -1.017272e+00 4.602472e+00 -5.904887e-01 3.412833e+00 -1.194405e+01 3.200040e+00 -6.297944e+00 -1.101570e+01 7.279933e+00 9.899347e-01 8.318347e-02 -6.058870e-02 2.841312e-01 -3.164935e-01 -5.005024e-01 2.599267e-01 3.292106e-02 6.138493e-01 -7.597839e-01 -1.166832e-01 -1.691293e-01 -3.036565e-02 -4.999746e-03 -4.517733e-02 3.359691e-02 1.128435e-01 -8.535347e-02 -1.615837e-01 -2.326467e-01 3.586547e-01 2.699210e-01 -2.515273e-01 -8.603951e-02 3.541547e-01 -1.389684e-01 -3.712933e-03
<VARIANCE> 39
 7.297495e+00 4.356795e+00 1.836599e+01 4.258299e+00 2.122740e+00 8.477361e+00 3.845711e+01 3.067166e+01 2.945616e+01 1.050569e+01 1.998214e+01 8.490673e+00 1.000000e-02 3.861703e-02 1.612393e-01 4.253994e-01 1.001180e-01 4.007243e-01 5.174737e-01 5.795662e-01 9.787357e-01 1.271900e-01 1.876836e-01 5.821598e-01 6.963914e-01 1.000000e-02 2.249968e-02 3.593234e-02 6.601691e-02 7.061625e-02 7.907453e-02 1.562769e-02 3.083596e-02 5.708868e-02 1.435803e-02 1.374946e-01 5.747558e-02 7.407216e-02 1.000000e-02
<GCONST> 3.428498e+01
<STATE> 15
<MEAN> 39
 -3.841876e+00 -2.490207e+01 -2.319864e+01 -1.173772e+00 4.939863e+00 -1.759019e+00 6.991974e+00 -9.264762e+00 1.685029e+00 -5.339314e+00 -9.393577e+00 6.129598e+00 9.758101e-01 -3.424923e-01 2.429944e-01 5.115635e-01 -3.062502e-01 -4.710477e-01 -2.955401e-01 6.379697e-01 1.353820e+00 -1.326169e+00 -8.494468e-02 4.386052e-01 2.190042e-02 -1.144090e-02 -1.825920e-01 1.089125e-01 -6.910227e-02 1.432197e-01 -4.134331e-01 -2.247331e-01 3.867878e-01 2.072081e-02 -1.788739e-01 -1.716313e-01 -2.359653e-02 1.431514e-01 -3.453977e-03
<VARIANCE> 39
 8.516559e+00 3.305610e+00 2.897026e+01 4.503542e+00 6.685007e+00 6.876281e+00 2.365161e+01 3.100336e+01 2.759619e+01 6.401602e+00 1.725395e+01 1.877958e+01 1.000000e-02 1.669819e-01 8.396848e-02 4.047390e-01 2.944298e-01 8.480721e-01 2.433300e-01 6.202650e-01 6.560966e-01 1.819317e-01 1.020671e+00 2.418574e-01 4.401164e-01 1.000000e-02 1.718468e-02 6.000817e-02 7.559572e-02 4.919445e-02 6.576502e-02 1.890775e-01 3.354092e-02 1.473669e-01 1.275646e-01 8.622494e-02 5.276335e-02 2.651811e-01 1.000000e-02
<GCONST> 4.370795e+01
<STATE> 16
<MEAN> 39
 -4.350190e+00 -2.383339e+01 -2.424802e+01 -9.143611e-01 3.271926e+00 -3.731884e+00 7.897253e+00 -6.263500e+00 -3.385269e+00 -4.806113e+00 -1.054304e+01 7.004313e+00 9.519300e-01 -4.320950e-01 2.930134e-01 1.755634e-01 4.979514e-01 -1.602925e+00 -8.703260e-01 1.377995e+00 8.272634e-01 -8.442739e-01 -1.110910e+00 4.280262e-01 1.837103e-01 -1.724212e-02 -7.014839e-02 -4.123333e-02 2.132188e-01 8.913548e-02 -4.994502e-01 1.602665e-01 2.957674e-01 -4.075058e-02 2.316620e-01 -1.124278e-01 -2.795159e-02 -4.148444e-01 -2.308355e-03
<VARIANCE> 39
 9.155311e+00 2.465861e+00 1.967437e+01 2.901366e+00 1.177063e+01 1.304342e+01 4.022749e+01 1.546407e+01 1.989854e+01 1.663739e+01 1.513053e+01 1.270596e+01 1.000000e-02 1.883303e-01 3.056765e-01 2.472380e-01 9.370328e-01 3.495835e-01 9.643548e-01 4.144367e-01 4.789891e-01 1.390064e+00 8.708929e-01 2.014646e-01 1.336412e+00 1.000000e-02 3.539419e-02 1.576016e-02 1.165441e-01 9.218284e-02 2.078569e-01 1.749271e-01 5.689467e-02 1.230935e-01 5.470788e-02 3.802448e-01 5.837766e-02 2.768628e-01 1.000000e-02
<GCONST> 5.111028e+01
<STATE> 17
<MEAN> 39
 -5.843559e+00 -2.348554e+01 -2.235184e+01 -1.346111e-03 -6.860374e-01 -3.274328e+00 8.763706e+00 -5.228438e+00 -2.914894e+00 -8.600421e+00 -9.639661e+00 6.463202e+00 9.136210e-01 -4.995875e-01 -2.606580e-02 1.394440e+00 -2.793576e-01 -2.528954e+00 6.461119e-01 1.676697e+00 1.052576e+00 -7.627530e-01 -4.710346e-02 1.572183e-01 -8.358471e-01 -2.030427e-02 -7.617965e-02 1.613138e-01 2.256078e-01 -5.447513e-01 -2.597474e-01 2.916015e-01 1.563617e-01 1.363954e-02 1.751721e-01 5.455385e-01 -9.681597e-02 -5.435170e-01 -5.723803e-04
<VARIANCE> 39
 6.578358e+00 6.755997e+00 2.541622e+01 1.033271e+01 2.535502e+00 2.277087e+01 2.604605e+01 3.190077e+01 1.301553e+01 5.525260e+00 2.478452e+01 1.977608e+01 1.000000e-02 1.829685e-01 2.859570e-01 6.431541e-01 8.920709e-01 1.363717e+00 7.630766e-01 1.241827e-01 3.122807e-01 1.018356e+00 1.413651e+00 5.668992e-01 1.307194e+00 1.000000e-02 5.122913e-02 4.389421e-02 8.864220e-02 2.486067e-01 5.653590e-02 2.373033e-01 4.713962e-02 1.496599e-01 6.329609e-02 2.286312e-01 8.667297e-02 1.815381e-01 1.000000e-02
<GCONST> 5.425858e+01
<STATE> 18
<MEAN> 39
 -7.004782e+00 -2.481996e+01 -1.930878e+01 -1.915923e+00 -6.138035e+00 -1.733086e+00 1.339464e+01 -5.861769e+00 -2.835746e+00 -8.210704e+00 -8.734012e+00 4.782598e+00 8.890250e-01 -5.855938e-01 5.649863e-01 9.639622e-01 -1.169174e+00 -2.532047e+00 -1.096294e-01 1.872375e+00 1.188300e+00 -3.568972e-01 4.412355e-01 -2.576756e-01 -2.294652e+00 -1.910613e-02 7.034847e-02 4.051512e-01 -2.486443e-03 -3.913042e-01 -2.360834e-02 -2.755710e-01 -3.948669e-01 -1.639861e-01 4.020907e-01 7.208776e-01 4.522441e-02 -1.515232e-01 -4.033437e-03
<VARIANCE> 39
 5.999911e+00 4.139251e+00 1.668739e+01 1.798030e+01 5.010530e+00 2.065232e+01 3.338603e+01 2.619431e+01 8.670042e+00 3.644001e+00 1.282616e+01 1.054594e+01 1.000000e-02 1.771902e-01 1.905258e-01 8.267715e-01 5.461838e-01 6.519116e-01 1.282184e+00 1.797874e-01 1.360613e+00 1.673050e-01 2.175463e+00 9.968100e-01 6.327553e-01 1.000000e-02 1.000000e-02 1.761939e-02 5.541980e-02 1.399027e-01 9.083885e-02 5.095164e-02 5.695976e-02 1.639013e-01 1.296875e-01 8.512047e-02 1.776226e-01 1.318132e-01 1.000000e-02
<GCONST> 4.749495e+01
<STATE> 19
<MEAN> 39
 -7.478569e+00 -2.127824e+01 -1.896627e+01 -3.637245e+00 -8.570131e+00 -3.273322e+00 1.637745e+01 -1.168279e+00 -5.311084e+00 -5.548729e+00 -9.692159e+00 -5.803652e-01 8.516926e-01 -3.336332e-01 1.636902e+00 9.924408e-01 -1.619224e+00 -2.669644e+00 -5.065325e-01 4.839328e-01 1.890940e-01 7.429703e-01 1.972827e+00 2.232955e-01 -1.470663e+00 -3.056845e-02 2.339064e-01 7.257095e-02 -5.395846e-02 1.090783e-03 1.111896e-01 -5.903285e-01 -1.051578e+00 -5.088681e-01 7.319353e-01 7.249341e-01 1.083659e-01 5.845592e-01 -5.514725e-03
<VARIANCE> 39
 4.292330e+00 1.084047e+01 1.660621e+01 1.442028e+01 5.931895e+00 4.430592e+01 3.345144e+01 2.306240e+01 2.392319e+01 1.258212e+01 8.213815e+00 1.082582e+01 1.000000e-02 1.909584e-01 7.009998e-02 2.504753e-01 1.554961e+00 6.132148e-01 2.853524e-01 7.484868e-01 1.447073e+00 6.471181e-01 7.682089e-01 8.605811e-01 5.130138e-01 1.000000e-02 2.443461e-02 3.951823e-02 1.510176e-01 6.194696e-02 1.116735e-01 1.608834e-01 8.332989e-02 2.445802e-01 1.432527e-01 2.774501e-01 1.081445e-01 1.648554e-01 1.000000e-02
<GCONST> 5.437943e+01
<STATE> 20
<MEAN> 39
 -8.165766e+00 -1.930493e+01 -1.683178e+01 -6.635365e+00 -1.446681e+01 -3.714615e+00 1.523134e+01 -2.791565e+00 -8.580282e-01 -1.729557e+00 -8.093130e+00 -2.880727e-01 7.913387e-01 1.578869e-02 9.299399e-01 9.436951e-01 -1.214485e+00 -2.229436e+00 -1.664940e+00 -1.719432e+00 -1.033106e+00 1.635531e+00 3.233654e+00 5.970690e-01 -1.995984e-01 -4.140024e-02 1.594816e-01 -2.700346e-01 1.888295e-01 -1.093311e-02 5.519065e-01 -3.851583e-01 -9.720485e-01 -3.919741e-01 2.053926e-01 2.763163e-01 2.374392e-01 4.379130e-01 -1.242319e-03
<VARIANCE> 39
 3.712149e+00 1.078174e+01 1.660963e+01 2.144984e+01 9.438341e+00 2.684818e+01 1.741004e+01 1.456445e+01 1.487173e+01 1.634595e+01 7.454646e+00 1.994858e+01 1.000000e-02 3.675887e-02 5.932949e-02 4.968753e-01 4.578671e-01 1.852787e-01 3.072580e-01 1.011036e+00 9.082459e-01 1.766732e+00 2.478547e-01 4.878293e-01 4.341290e-01 1.000000e-02 4.488087e-02 2.537173e-02 1.047076e-01 2.165804e-01 4.698547e-02 9.799164e-02 1.054889e-01 3.552923e-01 2.541243e-01 1.547192e-01 1.248001e-01 2.290831e-01 1.000000e-02
<GCONST> 5.003531e+01
<STATE> 21
<MEAN> 39
 -8.782781e+00 -1.870896e+01 -1.307658e+01 -1.026599e+01 -1.612678e+01 -6.126420e+00 8.111752e+00 -5.253781e+00 2.424091e+00 5.090747e+00 -7.485877e+00 1.283649e-01 7.088327e-01 3.002088e-01 3.915160e-01 1.598459e+00 -1.322294e+00 -4.724722e-01 -1.806783e+00 -2.752605e+00 -3.045964e-02 1.365884e+00 2.457341e+00 5.836224e-01 -1.649377e-01 -3.430716e-02 2.163027e-01 -2.713735e-01 -1.214804e-02 2.286133e-01 7.363114e-01 5.714891e-01 1.537171e-01 4.051257e-01 -4.138779e-01 -8.586857e-01 -1.549685e-01 1.980150e-01 3.962039e-03
<VARIANCE> 39
 4.081926e+00 1.029446e+01 2.063904e+01 2.047617e+01 7.658757e+00 2.122682e+01 4.152584e+01 9.127303e+00 7.172857e+00 1.023853e+01 6.483881e+00 1.682478e+01 1.000000e-02 2.089038e-01 5.696233e-02 6.689910e-01 6.094453e-01 1.011417e+00 6.097611e-01 2.437681e-01 1.510875e+00 8.095908e-01 1.809043e+00 5.730848e-01 7.623029e-01 1.000000e-02 4.329429e-02 4.237972e-02 1.307593e-01 1.585508e-01 5.230831e-02 2.035709e-01 2.481759e-01 2.872435e-01 3.047274e-01 1.933894e-01 2.045846e-01 7.118714e-02 1.000000e-02
<GCONST> 5.598558e+01
<STATE> 22
<MEAN> 39
 -6.428777e+00 -1.741889e+01 -1.198231e+01 -9.946976e+00 -1.627275e+01 -1.227641e+01 7.270639e+00 -4.536425e+00 3.494414e+00 7.738696e+00 -6.493897e+00 -4.742887e-01 6.712230e-01 7.151217e-01 1.409716e-01 1.134213e+00 -7.809346e-01 4.453278e-01 2.791793e-01 -1.274348e+00 2.156611e-01 7.390574e-02 4.120676e-01 1.536105e-01 7.789099e-01 -2.593373e-02 3.482373e-01 -4.303948e-01 -3.957560e-02 2.625497e-01 5.332754e-01 9.913814e-01 4.086039e-01 1.001059e-01 -6.864494e-01 -1.022031e+00 -3.276363e-01 3.933758e-02 1.309120e-03
<VARIANCE> 39
 9.491769e+00 6.951785e+00 2.885492e+01 2.128693e+01 8.209091e+00 3.513967e+01 4.234670e+01 2.806194e+01 5.641635e+00 9.604176e+00 1.706684e+01 1.635478e+01 1.000000e-02 3.211108e-01 4.706197e-01 7.255289e-01 9.577335e-01 1.668348e+00 2.011161e+00 8.586918e-01 1.897693e+00 2.728819e+00 3.214103e+00 2.256537e+00 8.320413e-01 1.000000e-02 4.101620e-02 2.691090e-02 1.424954e-01 1.575394e-01 5.533280e-02 1.727007e-01 2.650113e-01 2.079910e-01 2.220339e-01 8.036476e-02 1.741807e-01 2.629408e-01 1.000000e-02
<GCONST> 6.782293e+01
<STATE> 23
<MEAN> 39
 -4.965987e+00 -1.823840e+01 -1.157794e+01 -1.120259e+01 -1.576461e+01 -6.675412e+00 4.725200e+00 -3.997155e+00 1.650998e+00 6.516753e+00 -5.819447e+00 4.943592e-01 6.427028e-01 1.353215e+00 -9.178797e-01 1.519072e+00 -6.095876e-01 1.058161e+00 1.855555e+00 -9.773033e-01 1.201366e-01 -5.262681e-01 -8.359168e-01 -3.727203e-01 6.476548e-02 -2.806884e-02 2.313780e-01 -2.774881e-01 3.499064e-01 3.373975e-01 4.091125e-01 2.782026e-01 3.051096e-01 2.462098e-01 -1.139895e-01 -6.923606e-01 -2.986130e-01 -2.395522e-01 -3.792056e-03
<VARIANCE> 39
 9.973616e+00 1.262777e+01 1.675237e+01 1.341045e+01 1.338522e+01 3.561435e+01 4.002030e+01 2.488076e+01 1.076230e+01 1.332323e+01 1.691279e+01 1.701719e+01 1.000000e-02 1.072116e-01 3.936156e-01 8.428332e-01 1.192278e+00 7.754800e-01 4.372263e-01 2.038109e+00 6.947715e-01 1.726448e+00 1.154370e+00 1.263244e+00 8.865573e-01 1.000000e-02 8.331187e-02 7.970010e-02 2.948961e-02 3.431673e-01 1.600107e-01 5.633185e-01 1.707491e-01 4.708532e-01 2.570206e-01 2.757295e-01 2.317705e-01 3.167954e-01 1.000000e-02
<GCONST> 6.892552e+01
<STATE> 24
<MEAN> 39
 -2.768117e+00 -2.141959e+01 -6.384169e+00 -1.267550e+01 -1.074501e+01 -3.035855e+00 2.448554e+00 -3.944563e+00 2.904296e+00 1.503695e+00 -1.003216e+01 1.116756e+00 5.552523e-01 2.041757e+00 -1.050399e+00 1.960703e+00 1.130042e+00 1.538219e+00 9.180287e-01 -3.084141e-01 7.082354e-01 -2.549279e-01 -2.018795e+00 -5.735044e-01 -1.809736e-01 -3.639202e-02 3.201970e-02 1.277856e-01 -1.976169e-01 5.107179e-01 -5.808148e-02 -3.908307e-01 5.787382e-02 -7.681886e-02 -9.945103e-02 1.259382e-02 5.742412e-01 -1.853373e-01 1.140501e-03
<VARIANCE> 39
 1.130045e+01 3.830023e+00 5.692366e+00 3.924475e+00 2.034831e+01 3.490153e+01 8.361752e+00 1.672628e+01 2.373138e+01 1.468947e+01 1.706615e+01 1.554298e+01 1.000000e-02 2.802590e-01 6.852707e-01 7.537034e-01 3.532235e+00 5.435961e-01 1.169628e+00 1.564553e+00 2.278934e+00 1.613855e+00 1.560349e+00 1.220021e+00 3.126951e+00 1.000000e-02 9.386814e-02 7.291373e-02 7.593913e-02 7.880954e-02 2.441025e-01 1.263689e-01 1.547371e-01 1.968863e-01 3.010592e-01 1.013240e-01 4.275894e-01 1.711492e-01 1.000000e-02
<GCONST> 6.690923e+01
<STATE> 25
<MEAN> 39
 1.436054e+00 -2.152377e+01 -2.482039e+00 -9.859606e+00 -9.249815e+00 -3.263454e+00 3.715313e+00 -3.998994e-01 -4.449618e-01 1.418834e+00 -7.503924e+00 -6.945596e-01 5.094881e-01 1.246842e+00 -3.696947e-01 9.285824e-01 1.114028e+00 7.906616e-01 3.820845e-01 -3.181876e-01 2.340947e-01 -4.162339e-01 -1.362917e+00 1.305337e+00 -3.114859e-01 -3.013974e-02 -4.106119e-01 1.415015e-01 -1.027921e+00 2.405242e-01 -1.415125e-01 -1.668308e-01 3.020832e-01 -4.752085e-01 2.711809e-01 -1.465691e-01 3.324255e-01 2.712465e-02 4.048580e-03
<VARIANCE> 39
 2.345853e+00 9.628622e+00 1.213382e+01 1.417975e+01 1.410051e+01 2.381783e+01 6.046867e+00 4.383428e+00 2.568174e+01 5.361007e+01 8.445118e+00 7.796931e+00 1.000000e-02 4.116606e-01 3.316923e-01 1.146868e+00 1.598272e+00 1.332247e+00 1.863359e+00 9.551689e-01 1.739214e+00 6.581508e-01 5.557426e-01 2.021775e+00 1.428393e+00 1.000000e-02 9.510016e-02 8.015225e-02 1.326597e-01 4.848563e-01 7.580064e-02 2.736547e-01 1.477060e-01 1.747996e-01 2.918831e-01 3.950281e-01 1.611750e-01 1.421808e-01 1.000000e-02
<GCONST> 6.563336e+01
<STATE> 26
<MEAN> 39
 3.090454e+00 -2.208688e+01 -4.326266e+00 -7.350873e+00 -1.015039e+01 -3.893029e+00 2.607466e+00 -3.700938e+00 5.669599e-01 -9.879515e-01 -4.905322e+00 -9.716948e-01 4.665257e-01 5.629308e-01 -5.854189e-01 -1.292046e+00 1.225104e+00 1.290496e+00 4.889485e-01 3.862633e-01 -8.937465e-01 1.905724e-01 -1.918786e+00 6.469945e-01 -4.369945e-01 -2.369267e-02 -4.924113e-01 -1.280988e-02 -8.624744e-01 5.598221e-02 4.066403e-01 -2.135736e-01 2.137374e-01 -1.724252e-01 -6.553340e-02 9.598494e-03 6.404919e-02 2.066326e-01 1.290229e-03
<VARIANCE> 39
 2.198807e+00 6.732086e+00 4.908203e+00 1.658686e+01 2.246447e+01 2.453353e+01 4.392158e+00 3.774426e+00 1.547823e+01 3.310566e+01 2.961292e+00 8.515144e+00 1.000000e-02 4.553719e-01 6.636608e-01 1.395079e+00 5.403333e-01 7.022382e-01 1.801997e+00 2.441042e-01 6.533847e-01 1.274616e+00 1.326238e+00 1.144773e+00 2.950074e-01 1.000000e-02 7.900428e-02 3.222774e-02 9.447406e-02 3.258229e-01 1.556042e-01 1.760126e-01 1.385552e-01 2.827078e-01 2.117011e-01 4.188250e-01 2.530346e-01 2.927746e-01 1.000000e-02
<GCONST> 5.858558e+01
<STATE> 27
<MEAN> 39
 2.378210e+00 -2.441233e+01 -6.588985e+00 -4.623523e+00 -5.196286e+00 -1.994940e+00 3.938130e+00 -3.766496e+00 6.698958e-01 -6.832982e+00 -6.217686e+00 -2.868039e+00 4.180695e-01 -2.586438e-01 -3.407930e-01 -2.133184e+00 1.653618e+00 2.101912e+00 6.195028e-02 5.225104e-01 -5.194997e-01 -6.872925e-01 -1.400874e+00 1.412626e+00 2.970043e-01 -2.056899e-02 -3.180289e-01 2.373186e-01 -7.904680e-02 -1.077354e-01 1.913755e-01 -1.538381e-01 1.796214e-01 4.435076e-01 -1.955996e-01 5.258295e-01 4.240729e-02 4.139647e-01 -1.120633e-03
<VARIANCE> 39
 7.533166e+00 1.318806e+01 5.398279e+00 4.231740e+00 7.784534e+00 1.195788e+01 5.602764e+00 6.809962e+00 1.895375e+01 1.900068e+01 6.962966e+00 8.102412e+00 1.000000e-02 1.148920e-01 1.810488e-01 9.685535e-01 7.398175e-01 8.291315e-01 4.940686e-01 4.084263e-01 1.035987e+00 2.035260e+00 2.794161e+00 1.342968e+00 6.556588e-01 1.000000e-02 1.429981e-01 1.920564e-01 2.933868e-01 9.939980e-02 6.651999e-02 3.637231e-01 7.254724e-02 2.335748e-01 1.096455e-01 1.477682e-01 2.430941e-01 1.938561e-01 1.000000e-02
<GCONST> 5.722906e+01
<STATE> 28
<MEAN> 39
 1.961054e+00 -2.335231e+01 -1.019947e+01 -2.759091e+00 -2.404428e+00 -3.507403e+00 4.013205e+00 -4.582320e+00 -1.175158e+00 -6.350833e+00 -1.620489e+00 1.710485e+00 3.922034e-01 -7.271054e-01 -3.393555e-01 -1.684302e+00 9.162815e-01 1.691032e+00 -7.296342e-01 5.788012e-01 7.375873e-01 -7.561507e-01 -2.434869e-01 5.989388e-01 8.131126e-01 -3.063217e-02 -8.013634e-02 1.663325e-01 3.144084e-01 -4.342797e-01 -6.656330e-01 -3.364479e-01 5.331342e-02 5.459625e-01 8.743477e-02 4.060733e-01 -2.711876e-01 -1.301947e-01 -3.676567e-04
<VARIANCE> 39
 4.357528e+00 9.625309e+00 6.506503e+00 1.704124e+01 6.496762e+00 2.248444e+01 6.590582e+00 6.932011e+00 4.408576e+00 4.650612e+00 7.270837e+00 1.716498e+01 1.000000e-02 3.398102e-01 9.719297e-01 5.111481e-01 1.173164e+00 9.975187e-01 1.096648e+00 7.211087e-01 1.276155e+00 1.962859e+00 2.836515e+00 1.164237e+00 1.674105e+00 1.000000e-02 8.556679e-02 1.380566e-01 4.159392e-01 9.337111e-02 3.695104e-02 2.402800e-01 1.099200e-01 2.297931e-01 1.919137e-01 2.020706e-01 1.211474e-01 1.495800e-01 1.000000e-02
<GCONST> 6.038128e+01
<STATE> 29
<MEAN> 39
 6.508510e-01 -2.374413e+01 -1.316030e+01 -1.722898e+00 1.929509e-01 -3.445057e+00 6.423801e+00 -1.018153e+00 -8.688207e-01 -5.434284e+00 -2.347232e+00 3.625941e-02 3.290900e-01 -2.773857e-01 6.560907e-01 8.251143e-02 -2.054348e-01 -3.061962e-01 -8.570948e-01 3.118294e-01 1.180217e+00 -2.009344e-02 -2.333599e-01 -7.993882e-02 -3.418252e-01 -2.318243e-02 1.373966e-02 3.471431e-01 7.332882e-01 -2.808428e-01 -5.354401e-01 -1.554165e-01 -3.659222e-01 -2.351058e-01 3.484060e-01 3.565899e-02 -2.383962e-02 -6.874394e-03 -2.881312e-03
<VARIANCE> 39
 9.017448e-01 3.107591e+00 7.692119e+00 4.425276e+00 9.853033e+00 6.026063e+00 1.438268e+01 1.015653e+01 7.256097e+00 8.284541e+00 8.664066e+00 9.410554e+00 1.000000e-02 3.772187e-01 6.951865e-01 1.833141e+00 2.611615e-01 4.870658e-01 1.750565e+00 6.838182e-01 6.316254e-01 3.149948e-01 7.005962e-01 1.873921e-01 4.016970e-01 1.000000e-02 1.920296e-02 9.780712e-02 2.701654e-01 1.450842e-01 3.825629e-01 3.039176e-01 2.125264e-01 7.180041e-01 2.315818e-01 3.384220e-01 4.666549e-01 2.984958e-01 1.000000e-02
<GCONST> 5.474736e+01
<STATE> 30
<MEAN> 39
 5.466136e-01 -2.278703e+01 -1.231772e+01 -4.093499e+00 -3.075956e+00 -7.151847e+00 5.757591e+00 4.688737e-01 -3.081554e+00 -8.468154e+00 -2.774959e+00 -2.514891e-01 3.109882e-01 -4.586034e-01 1.063822e+00 4.983329e-01 2.073119e-01 -5.180790e-01 -1.485847e+00 -2.486849e-01 8.018602e-01 5.466768e-01 -4.935052e-02 9.352381e-01 1.057266e+00 -3.717653e-02 -2.120264e-01 1.272097e-01 3.215941e-01 2.177838e-01 3.112458e-01 5.047930e-01 -3.031388e-01 -4.207415e-01 3.017726e-01 2.864309e-01 3.546443e-01 3.896802e-01 -4.797265e-03
<VARIANCE> 39
 9.296480e-01 2.506253e+00 8.371390e+00 9.052334e+00 1.164343e+01 9.871141e+00 8.306134e+00 7.764376e+00 5.496261e+00 1.309133e+01 9.121511e+00 3.594662e+00 1.000000e-02 1.663021e-01 7.422299e-01 2.022126e+00 5.116874e-01 1.075499e+00 2.289962e+00 2.748314e+00 3.419528e+00 4.536407e-01 5.348803e-01 1.711515e+00 1.125114e+00 1.000000e-02 3.465739e-02 2.571507e-01 2.831086e-01 2.149125e-01 2.071300e-01 4.020337e-01 2.093847e-01 2.588441e-01 1.169297e-01 3.400119e-01 2.041318e-01 1.160144e-01 1.000000e-02
<GCONST> 6.014684e+01
<STATE> 31
<MEAN> 39
 -9.659384e-01 -2.094899e+01 -1.025800e+01 -1.143503e+00 -1.172684e+00 -7.071488e+00 5.030714e+00 -1.992533e-01 3.221995e-01 -5.080997e+00 1.320093e+00 3.767475e+00 2.319013e-01 -8.737029e-01 1.159607e+00 5.652570e-01 1.463700e-01 8.420559e-01 2.963691e-01 -3.961556e-01 -1.840748e-01 6.330965e-01 9.815377e-01 1.537839e+00 7.599685e-01 -4.172181e-02 2.270454e-03 1.754029e-01 -5.618539e-03 -1.988129e-01 2.170445e-01 2.702020e-01 7.766068e-03 1.116899e-01 -8.393863e-02 -3.204172e-02 -2.881717e-01 -5.301704e-01 2.754133e-04
<VARIANCE> 39
 1.239247e+00 4.003653e+00 6.674356e+00 7.927956e+00 7.627409e+00 2.023383e+01 1.709165e+01 2.031098e+01 5.136695e+00 9.073964e+00 1.505273e+01 1.086395e+01 1.000000e-02 6.907692e-02 7.449662e-01 9.747335e-01 1.116650e+00 1.224506e+00 1.582278e+00 1.563053e+00 3.329043e+00 9.054586e-01 1.490729e+00 1.421600e+00 1.716539e+00 1.000000e-02 6.982487e-02 2.850476e-01 1.639917e-01 2.258417e-01 4.503242e-01 5.672031e-01 4.456803e-01 7.337626e-01 1.735589e-01 1.465228e-01 4.113051e-01 3.397658e-01 1.000000e-02
<GCONST> 6.854532e+01
<STATE> 32
<MEAN> 39
 -2.275599e+00 -1.841029e+01 -9.087471e+00 -2.057173e+00 -1.617060e-01 -5.626606e+00 4.893703e+00 4.403981e-01 6.094494e-02 -5.507098e+00 1.906384e+00 3.345138e+00 1.551789e-01 -8.024464e-01 9.843980e-01 4.630818e-01 -1.347758e-01 7.468545e-01 3.721951e-01 -1.044839e-01 1.040650e+00 9.988318e-02 1.208228e-01 -2.409401e-01 -1.056006e+00 -3.467257e-02 6.861474e-02 -1.290100e-01 -7.453171e-02 6.114067e-02 3.431336e-02 5.068856e-02 -1.550022e-02 -6.134293e-02 -1.305356e-01 -1.693325e-01 -5.482295e-01 -5.617921e-01 2.066071e-03
<VARIANCE> 39
 2.689258e+00 1.461524e+01 3.177568e+00 2.062560e+01 1.247249e+01 1.012026e+01 1.861714e+01 3.636448e+01 7.420539e+00 7.893095e+00 9.394211e+00 1.236057e+01 1.000000e-02 4.361452e-01 1.875049e+00 2.776731e-01 2.376703e+00 2.571935e+00 2.445009e+00 1.494653e+00 1.788496e+00 1.199401e+00 5.950531e-01 1.821871e+00 1.876404e+00 1.000000e-02 7.672478e-02 3.863224e-01 1.804188e-01 5.116018e-01 3.588357e-01 4.510456e-01 3.917859e-01 6.327546e-01 2.948731e-01 2.867153e-01 2.009558e-01 4.848119e-01 1.000000e-02
<GCONST> 7.507721e+01
<STATE> 33
<MEAN> 39
 -3.837886e+00 -1.708664e+01 -9.586430e+00 -2.946918e+00 1.476474e+00 -6.894670e+00 3.774419e+00 2.792344e+00 7.235507e-01 -5.478643e+00 3.847292e-02 -1.465053e+00 1.135547e-01 -2.610785e-01 1.074425e+00 5.480888e-01 -9.488171e-02 3.802844e-01 3.065244e-02 -2.620926e-01 -5.987406e-03 -1.957223e-01 -6.352794e-01 -1.040234e+00 -1.630220e+00 -2.978418e-02 6.040714e-02 -6.863121e-02 1.644013e-01 1.991897e-01 -2.060029e-01 7.264492e-02 -9.414358e-02 -2.763050e-01 1.454483e-01 1.233570e-01 6.856497e-02 4.826790e-01 6.763930e-06
<VARIANCE> 39
 6.033669e+00 1.882324e+01 1.333673e+01 2.321299e+01 2.393113e+01 1.298639e+01 5.004989e+00 6.967057e+00 8.304313e+00 9.890078e+00 2.003894e+01 1.444318e+00 1.000000e-02 5.375225e-01 1.635136e+00 1.222551e+00 2.271643e+00 1.485215e+00 1.086586e+00 7.240654e-01 2.271983e+00 1.053507e+00 1.001275e+00 1.989349e-01 1.388656e+00 1.000000e-02 1.319447e-01 4.901680e-01 1.313747e-01 6.350389e-01 7.447519e-01 1.890197e-01 7.129132e-02 2.121382e-01 3.126158e-01 1.538726e-01 1.894815e-01 2.739199e-01 1.000000e-02
<GCONST> 6.866240e+01
<STATE> 34
<MEAN> 39
 -3.539602e+00 -1.567315e+01 -8.053544e+00 -1.483490e+00 2.239334e+00 -5.065577e+00 3.778268e+00 -7.389432e-02 -1.478928e-01 -5.255679e+00 -3.803582e-01 -6.778337e-01 5.984906e-02 -5.639498e-01 6.745800e-01 7.285218e-01 7.260234e-01 4.387366e-01 5.733490e-01 -8.399125e-01 -5.523158e-01 7.233782e-01 3.846578e-01 -8.188750e-02 2.435209e-01 -3.178979e-02 -3.057223e-02 -5.807385e-02 2.150793e-02 -1.329900e-01 -2.087699e-01 2.251091e-01 3.312830e-01 -7.051703e-02 9.047492e-02 1.708482e-01 5.052065e-01 6.670567e-01 4.225705e-04
<VARIANCE> 39
 3.368270e+00 8.049427e+00 1.168018e+01 6.100056e+00 2.481277e+00 8.567401e+00 3.496519e+00 1.284358e+01 7.549958e+00 1.934283e+01 7.576421e+00 4.846894e+00 1.000000e-02 5.286932e-01 1.969316e+00 1.901986e+00 2.739115e+00 2.381394e+00 8.056245e-01 4.303247e-01 3.586338e-01 1.977395e+00 1.011245e+00 5.185639e-01 7.749972e-01 1.000000e-02 9.245613e-02 2.804372e-01 2.239619e-01 2.771286e-01 2.180002e-01 1.276880e-01 6.816398e-02 3.397954e-01 1.055083e-01 3.238533e-01 6.081162e-02 3.311453e-01 1.000000e-02
<GCONST> 6.007135e+01
<STATE> 35
<MEAN> 39
 -5.385079e+00 -1.457082e+01 -6.090248e+00 -5.897846e-01 1.651672e+00 -4.642995e+00 2.065655e+00 1.378999e+00 2.744869e+00 -3.730956e+00 2.791288e-01 3.788660e-01 4.216217e-03 -6.927159e-01 8.151929e-01 6.162641e-01 -2.725016e-01 5.483818e-03 9.106799e-01 6.862395e-01 -1.392558e-01 5.179690e-01 8.723785e-01 1.004866e+00 1.187122e+00 -3.398205e-02 4.963555e-02 -1.279024e-01 -2.297082e-01 -2.251393e-01 -3.667635e-03 -1.467718e-02 2.402884e-01 -1.009686e-01 -3.401818e-01 -4.792286e-02 4.601298e-02 -3.600378e-03 1.685962e-03
<VARIANCE> 39
 2.853347e+00 3.388074e+00 7.749434e+00 2.728003e+00 5.347991e+00 8.201170e+00 1.026933e+01 9.363976e+00 2.538050e+01 1.698495e+01 1.642472e+01 8.620493e+00 1.000000e-02 3.300430e-01 5.336365e-01 7.144019e-01 7.312563e-01 1.185740e+00 9.307120e-01 2.220387e-01 1.024606e+00 7.733589e-01 2.014426e+00 6.246228e-01 4.959659e-01 1.000000e-02 7.046342e-02 1.174240e-01 2.766741e-01 3.889109e-01 4.048249e-01 2.170819e-01 1.608828e-01 1.318825e-01 4.440323e-01 2.276327e-01 1.362724e-01 2.751331e-01 1.000000e-02
<GCONST> 5.916732e+01
<STATE> 36
<MEAN> 39
 -6.211413e+00 -1.244469e+01 -6.173773e+00 -3.685683e+00 1.734414e+00 -1.872726e+00 6.958051e+00 6.966803e-02 1.764866e+00 -3.544724e+00 3.876309e+00 3.254433e+00 -4.963617e-02 -3.287499e-01 3.509993e-01 -3.460031e-02 -6.579709e-01 1.496334e-01 6.673238e-01 6.229965e-01 -9.295595e-01 -8.438382e-01 -3.383625e-02 3.277776e-01 2.776549e-01 -2.859603e-02 1.874730e-01 -1.591021e-01 -1.190925e-01 1.617854e-01 4.424177e-02 -3.076340e-01 -3.564742e-01 4.944332e-02 -4.397999e-01 -4.667690e-01 -5.430745e-01 -5.922501e-01 7.382058e-03
<VARIANCE> 39
 9.982818e-01 2.425118e-01 1.838987e+00 1.168910e+00 4.523777e+00 1.291318e+01 3.176209e+00 1.215943e+01 1.145724e+01 1.023615e+01 7.414813e+00 1.801704e+00 1.000000e-02 1.662109e-01 1.571527e-01 8.133112e-01 3.084102e-01 1.453703e+00 2.011757e+00 8.389613e-01 1.000349e+00 1.409777e+00 9.432639e-01 2.787405e-01 6.877508e-01 1.000000e-02 4.522974e-02 6.133900e-02 5.886264e-02 7.322290e-02 9.153527e-02 8.815110e-02 8.722471e-02 6.230109e-02 8.863254e-02 3.841874e-01 1.081834e-01 7.771382e-02 1.000000e-02
<GCONST> 3.726237e+01
<TRANSP> 37
 0.000000e+00 1.000000e+00 0.000000e+00 0.000000e+00 0.000000e+00 0.000000e+00 0.000000e+00 0.000000e+00 0.000000e+00 0.000000e+00 0.000000e+00 0.000000e+00 0.000000e+00 0.000000e+00 0.000000e+00 0.000000e+00 0.000000e+00 0.000000e+00 0.000000e+00 0.000000e+00 0.000000e+00 0.000000e+00 0.000000e+00 0.000000e+00 0.000000e+00 0.000000e+00 0.000000e+00 0.000000e+00 0.000000e+00 0.000000e+00 0.000000e+00 0.000000e+00 0.000000e+00 0.000000e+00 0.000000e+00 0.000000e+00 0.000000e+00
 0.000000e+00 5.454546e-01 4.545455e-01 0.000000e+00 0.000000e+00 0.000000e+00 0.000000e+00 0.000000e+00 0.000000e+00 0.000000e+00 0.000000e+00 0.000000e+00 0.000000e+00 0.000000e+00 0.000000e+00 0.000000e+00 0.000000e+00 0.000000e+00 0.000000e+00 0.000000e+00 0.000000e+00 0.000000e+00 0.000000e+00 0.000000e+00 0.000000e+00 0.000000e+00 0.000000e+00 0.000000e+00 0.000000e+00 0.000000e+00 0.000000e+00 0.000000e+00 0.000000e+00 0.000000e+00 0.000000e+00 0.000000e+00 0.000000e+00
 0.000000e+00 0.000000e+00 3.750000e-01 6.250000e-01 0.000000e+00 0.000000e+00 0.000000e+00 0.000000e+00 0.000000e+00 0.000000e+00 0.000000e+00 0.000000e+00 0.000000e+00 0.000000e+00 0.000000e+00 0.000000e+00 0.000000e+00 0.000000e+00 0.000000e+00 0.000000e+00 0.000000e+00 0.000000e+00 0.000000e+00 0.000000e+00 0.000000e+00 0.000000e+00 0.000000e+00 0.000000e+00 0.000000e+00 0.000000e+00 0.000000e+00 0.000000e+00 0.000000e+00 0.000000e+00 0.000000e+00 0.000000e+00 0.000000e+00
 0.000000e+00 0.000000e+00 0.000000e+00 5.454546e-01 4.545455e-01 0.000000e+00 0.000000e+00 0.000000e+00 0.000000e+00 0.000000e+00 0.000000e+00 0.000000e+00 0.000000e+00 0.000000e+00 0.000000e+00 0.000000e+00 0.000000e+00 0.000000e+00 0.000000e+00 0.000000e+00 0.000000e+00 0.000000e+00 0.000000e+00 0.000000e+00 0.000000e+00 0.000000e+00 0.000000e+00 0.000000e+00 0.000000e+00 0.000000e+00 0.000000e+00 0.000000e+00 0.000000e+00 0.000000e+00 0.000000e+00 0.000000e+00 0.000000e+00
 0.000000e+00 0.000000e+00 0.000000e+00 0.000000e+00 0.000000e+00 1.000000e+00 0.000000e+00 0.000000e+00 0.000000e+00 0.000000e+00 0.000000e+00 0.000000e+00 0.000000e+00 0.000000e+00 0.000000e+00 0.000000e+00 0.000000e+00 0.000000e+00 0.000000e+00 0.000000e+00 0.000000e+00 0.000000e+00 0.000000e+00 0.000000e+00 0.000000e+00 0.000000e+00 0.000000e+00 0.000000e+00 0.000000e+00 0.000000e+00 0.000000e+00 0.000000e+00 0.000000e+00 0.000000e+00 0.000000e+00 0.000000e+00 0.000000e+00
 0.000000e+00 0.000000e+00 0.000000e+00 0.000000e+00 0.000000e+00 4.444444e-01 5.555556e-01 0.000000e+00 0.000000e+00 0.000000e+00 0.000000e+00 0.000000e+00 0.000000e+00 0.000000e+00 0.000000e+00 0.000000e+00 0.000000e+00 0.000000e+00 0.000000e+00 0.000000e+00 0.000000e+00 0.000000e+00 0.000000e+00 0.000000e+00 0.000000e+00 0.000000e+00 0.000000e+00 0.000000e+00 0.000000e+00 0.000000e+00 0.000000e+00 0.000000e+00 0.000000e+00 0.000000e+00 0.000000e+00 0.000000e+00 0.000000e+00
 0.000000e+00 0.000000e+00 0.000000e+00 0.000000e+00 0.000000e+00 0.000000e+00 2.857143e-01 7.142857e-01 0.000000e+00 0.000000e+00 0.000000e+00 0.000000e+00 0.000000e+00 0.000000e+00 0.000000e+00 0.000000e+00 0.000000e+00 0.000000e+00 0.000000e+00 0.000000e+00 0.000000e+00 0.000000e+00 0.000000e+00 0.000000e+00 0.000000e+00 0.000000e+00 0.000000e+00 0.000000e+00 0.000000e+00 0.000000e+00 0.000000e+00 0.000000e+00 0.000000e+00 0.000000e+00 0.000000e+00 0.000000e+00 0.000000e+00
 0.000000e+00 0.000000e+00 0.000000e+00 0.000000e+00 0.000000e+00 0.000000e+00 0.000000e+00 3.750000e-01 6.250000e-01 0.000000e+00 0.000000e+00 0.000000e+00 0.000000e+00 0.000000e+00 0.000000e+00 0.000000e+00 0.000000e+00 0.000000e+00 0.000000e+00 0.000000e+00 0.000000e+00 0.000000e+00 0.000000e+00 0.000000e+00 0.000000e+00 0.000000e+00 0.000000e+00 0.000000e+00 0.000000e+00 0.000000e+00 0.000000e+00 0.000000e+00 0.000000e+00 0.000000e+00 0.000000e+00 0.000000e+00 0.000000e+00
 0.000000e+00 0.000000e+00 0.000000e+00 0.000000e+00 0.000000e+00 0.000000e+00 0.000000e+00 0.000000e+00 5.000000e-01 5.000000e-01 0.000000e+00 0.000000e+00 0.000000e+00 0.000000e+00 0.000000e+00 0.000000e+00 0.000000e+00 0.000000e+00 0.000000e+00 0.000000e+00 0.000000e+00 0.000000e+00 0.000000e+00 0.000000e+00 0.000000e+00 0.000000e+00 0.000000e+00 0.000000e+00 0.000000e+00 0.000000e+00 0.000000e+00 0.000000e+00 0.000000e+00 0.000000e+00 0.000000e+00 0.000000e+00 0.000000e+00
 0.000000e+00 0.000000e+00 0.000000e+00 0.000000e+00 0.000000e+00 0.000000e+00 0.000000e+00 0.000000e+00 0.000000e+00 4.444444e-01 5.555556e-01 0.000000e+00 0.000000e+00 0.000000e+00 0.000000e+00 0.000000e+00 0.000000e+00 0.000000e+00 0.000000e+00 0.000000e+00 0.000000e+00 0.000000e+00 0.000000e+00 0.000000e+00 0.000000e+00 0.000000e+00 0.000000e+00 0.000000e+00 0.000000e+00 0.000000e+00 0.000000e+00 0.000000e+00 0.000000e+00 0.000000e+00 0.000000e+00 0.000000e+00 0.000000e+00
 0.000000e+00 0.000000e+00 0.000000e+00 0.000000e+00 0.000000e+00 0.000000e+00 0.000000e+00 0.000000e+00 0.000000e+00 0.000000e+00 2.857143e-01 7.142857e-01 0.000000e+00 0.000000e+00 0.000000e+00 0.000000e+00 0.000000e+00 0.000000e+00 0.000000e+00 0.000000e+00 0.000000e+00 0.000000e+00 0.000000e+00 0.000000e+00 0.000000e+00 0.000000e+00 0.000000e+00 0.000000e+00 0.000000e+00 0.000000e+00 0.000000e+00 0.000000e+00 0.000000e+00 0.000000e+00 0.000000e+00 0.000000e+00 0.000000e+00
 0.000000e+00 0.000000e+00 0.000000e+00 0.000000e+00 0.000000e+00 0.000000e+00 0.000000e+00 0.000000e+00 0.000000e+00 0.000000e+00 0.000000e+00 4.444444e-01 5.555556e-01 0.000000e+00 0.000000e+00 0.000000e+00 0.000000e+00 0.000000e+00 0.000000e+00 0.000000e+00 0.000000e+00 0.000000e+00 0.000000e+00 0.000000e+00 0.000000e+00 0.000000e+00 0.000000e+00 0.000000e+00 0.000000e+00 0.000000e+00 0.000000e+00 0.000000e+00 0.000000e+00 0.000000e+00 0.000000e+00 0.000000e+00 0.000000e+00
 0.000000e+00 0.000000e+00 0.000000e+00 0.000000e+00 0.000000e+00 0.000000e+00 0.000000e+00 0.000000e+00 0.000000e+00 0.000000e+00 0.000000e+00 0.000000e+00 3.750000e-01 6.250000e-01 0.000000e+00 0.000000e+00 0.000000e+00 0.000000e+00 0.000000e+00 0.000000e+00 0.000000e+00 0.000000e+00 0.000000e+00 0.000000e+00 0.000000e+00 0.000000e+00 0.000000e+00 0.000000e+00 0.000000e+00 0.000000e+00 0.000000e+00 0.000000e+00 0.000000e+00 0.000000e+00 0.000000e+00 0.000000e+00 0.000000e+00
 0.000000e+00 0.000000e+00 0.000000e+00 0.000000e+00 0.000000e+00 0.000000e+00 0.000000e+00 0.000000e+00 0.000000e+00 0.000000e+00 0.000000e+00 0.000000e+00 0.000000e+00 4.444444e-01 5.555556e-01 0.000000e+00 0.000000e+00 0.000000e+00 0.000000e+00 0.000000e+00 0.000000e+00 0.000000e+00 0.000000e+00 0.000000e+00 0.000000e+00 0.000000e+00 0.000000e+00 0.000000e+00 0.000000e+00 0.000000e+00 0.000000e+00 0.000000e+00 0.000000e+00 0.000000e+00 0.000000e+00 0.000000e+00 0.000000e+00
 0.000000e+00 0.000000e+00 0.000000e+00 0.000000e+00 0.000000e+00 0.000000e+00 0.000000e+00 0.000000e+00 0.000000e+00 0.000000e+00 0.000000e+00 0.000000e+00 0.000000e+00 0.000000e+00 3.750000e-01 6.250000e-01 0.000000e+00 0.000000e+00 0.000000e+00 0.000000e+00 0.000000e+00 0.000000e+00 0.000000e+00 0.000000e+00 0.000000e+00 0.000000e+00 0.000000e+00 0.000000e+00 0.000000e+00 0.000000e+00 0.000000e+00 0.000000e+00 0.000000e+00 0.000000e+00 0.000000e+00 0.000000e+00 0.000000e+00
 0.000000e+00 0.000000e+00 0.000000e+00 0.000000e+00 0.000000e+00 0.000000e+00 0.000000e+00 0.000000e+00 0.000000e+00 0.000000e+00 0.000000e+00 0.000000e+00 0.000000e+00 0.000000e+00 0.000000e+00 4.444444e-01 5.555556e-01 0.000000e+00 0.000000e+00 0.000000e+00 0.000000e+00 0.000000e+00 0.000000e+00 0.000000e+00 0.000000e+00 0.000000e+00 0.000000e+00 0.000000e+00 0.000000e+00 0.000000e+00 0.000000e+00 0.000000e+00 0.000000e+00 0.000000e+00 0.000000e+00 0.000000e+00 0.000000e+00
 0.000000e+00 0.000000e+00 0.000000e+00 0.000000e+00 0.000000e+00 0.000000e+00 0.000000e+00 0.000000e+00 0.000000e+00 0.000000e+00 0.000000e+00 0.000000e+00 0.000000e+00 0.000000e+00 0.000000e+00 0.000000e+00 3.750000e-01 6.250000e-01 0.000000e+00 0.000000e+00 0.000000e+00 0.000000e+00 0.000000e+00 0.000000e+00 0.000000e+00 0.000000e+00 0.000000e+00 0.000000e+00 0.000000e+00 0.000000e+00 0.000000e+00 0.000000e+00 0.000000e+00 0.000000e+00 0.000000e+00 0.000000e+00 0.000000e+00
 0.000000e+00 0.000000e+00 0.000000e+00 0.000000e+00 0.000000e+00 0.000000e+00 0.000000e+00 0.000000e+00 0.000000e+00 0.000000e+00 0.000000e+00 0.000000e+00 0.000000e+00 0.000000e+00 0.000000e+00 0.000000e+00 0.000000e+00 3.750000e-01 6.250000e-01 0.000000e+00 0.000000e+00 0.000000e+00 0.000000e+00 0.000000e+00 0.000000e+00 0.000000e+00 0.000000e+00 0.000000e+00 0.000000e+00 0.000000e+00 0.000000e+00 0.000000e+00 0.000000e+00 0.000000e+00 0.000000e+00 0.000000e+00 0.000000e+00
 0.000000e+00 0.000000e+00 0.000000e+00 0.000000e+00 0.000000e+00 0.000000e+00 0.000000e+00 0.000000e+00 0.000000e+00 0.000000e+00 0.000000e+00 0.000000e+00 0.000000e+00 0.000000e+00 0.000000e+00 0.000000e+00 0.000000e+00 0.000000e+00 3.750000e-01 6.250000e-01 0.000000e+00 0.000000e+00 0.000000e+00 0.000000e+00 0.000000e+00 0.000000e+00 0.000000e+00 0.000000e+00 0.000000e+00 0.000000e+00 0.000000e+00 0.000000e+00 0.000000e+00 0.000000e+00 0.000000e+00 0.000000e+00 0.000000e+00
 0.000000e+00 0.000000e+00 0.000000e+00 0.000000e+00 0.000000e+00 0.000000e+00 0.000000e+00 0.000000e+00 0.000000e+00 0.000000e+00 0.000000e+00 0.000000e+00 0.000000e+00 0.000000e+00 0.000000e+00 0.000000e+00 0.000000e+00 0.000000e+00 0.000000e+00 3.750000e-01 6.250000e-01 0.000000e+00 0.000000e+00 0.000000e+00 0.000000e+00 0.000000e+00 0.000000e+00 0.000000e+00 0.000000e+00 0.000000e+00 0.000000e+00 0.000000e+00 0.000000e+00 0.000000e+00 0.000000e+00 0.000000e+00 0.000000e+00
 0.000000e+00 0.000000e+00 0.000000e+00 0.000000e+00 0.000000e+00 0.000000e+00 0.000000e+00 0.000000e+00 0.000000e+00 0.000000e+00 0.000000e+00 0.000000e+00 0.000000e+00 0.000000e+00 0.000000e+00 0.000000e+00 0.000000e+00 0.000000e+00 0.000000e+00 0.000000e+00 4.444444e-01 5.555556e-01 0.000000e+00 0.000000e+00 0.000000e+00 0.000000e+00 0.000000e+00 0.000000e+00 0.000000e+00 0.000000e+00 0.000000e+00 0.000000e+00 0.000000e+00 0.000000e+00 0.000000e+00 0.000000e+00 0.000000e+00
 0.000000e+00 0.000000e+00 0.000000e+00 0.000000e+00 0.000000e+00 0.000000e+00 0.000000e+00 0.000000e+00 0.000000e+00 0.000000e+00 0.000000e+00 0.000000e+00 0.000000e+00 0.000000e+00 0.000000e+00 0.000000e+00 0.000000e+00 0.000000e+00 0.000000e+00 0.000000e+00 0.000000e+00 3.750000e-01 6.250000e-01 0.000000e+00 0.000000e+00 0.000000e+00 0.000000e+00 0.000000e+00 0.000000e+00 0.000000e+00 0.000000e+00 0.000000e+00 0.000000e+00 0.000000e+00 0.000000e+00 0.000000e+00 0.000000e+00
 0.000000e+00 0.000000e+00 0.000000e+00 0.000000e+00 0.000000e+00 0.000000e+00 0.000000e+00 0.000000e+00 0.000000e+00 0.000000e+00 0.000000e+00 0.000000e+00 0.000000e+00 0.000000e+00 0.000000e+00 0.000000e+00 0.000000e+00 0.000000e+00 0.000000e+00 0.000000e+00 0.000000e+00 0.000000e+00 4.444444e-01 5.555556e-01 0.000000e+00 0.000000e+00 0.000000e+00 0.000000e+00 0.000000e+00 0.000000e+00 0.000000e+00 0.000000e+00 0.000000e+00 0.000000e+00 0.000000e+00 0.000000e+00 0.000000e+00
 0.000000e+00 0.000000e+00 0.000000e+00 0.000000e+00 0.000000e+00 0.000000e+00 0.000000e+00 0.000000e+00 0.000000e+00 0.000000e+00 0.000000e+00 0.000000e+00 0.000000e+00 0.000000e+00 0.000000e+00 0.000000e+00 0.000000e+00 0.000000e+00 0.000000e+00 0.000000e+00 0.000000e+00 0.000000e+00 0.000000e+00 4.444444e-01 5.555556e-01 0.000000e+00 0.000000e+00 0.000000e+00 0.000000e+00 0.000000e+00 0.000000e+00 0.000000e+00 0.000000e+00 0.000000e+00 0.000000e+00 0.000000e+00 0.000000e+00
 0.000000e+00 0.000000e+00 0.000000e+00 0.000000e+00 0.000000e+00 0.000000e+00 0.000000e+00 0.000000e+00 0.000000e+00 0.000000e+00 0.000000e+00 0.000000e+00 0.000000e+00 0.000000e+00 0.000000e+00 0.000000e+00 0.000000e+00 0.000000e+00 0.000000e+00 0.000000e+00 0.000000e+00 0.000000e+00 0.000000e+00 0.000000e+00 3.750000e-01 6.250000e-01 0.000000e+00 0.000000e+00 0.000000e+00 0.000000e+00 0.000000e+00 0.000000e+00 0.000000e+00 0.000000e+00 0.000000e+00 0.000000e+00 0.000000e+00
 0.000000e+00 0.000000e+00 0.000000e+00 0.000000e+00 0.000000e+00 0.000000e+00 0.000000e+00 0.000000e+00 0.000000e+00 0.000000e+00 0.000000e+00 0.000000e+00 0.000000e+00 0.000000e+00 0.000000e+00 0.000000e+00 0.000000e+00 0.000000e+00 0.000000e+00 0.000000e+00 0.000000e+00 0.000000e+00 0.000000e+00 0.000000e+00 0.000000e+00 3.750000e-01 6.250000e-01 0.000000e+00 0.000000e+00 0.000000e+00 0.000000e+00 0.000000e+00 0.000000e+00 0.000000e+00 0.000000e+00 0.000000e+00 0.000000e+00
 0.000000e+00 0.000000e+00 0.000000e+00 0.000000e+00 0.000000e+00 0.000000e+00 0.000000e+00 0.000000e+00 0.000000e+00 0.000000e+00 0.000000e+00 0.000000e+00 0.000000e+00 0.000000e+00 0.000000e+00 0.000000e+00 0.000000e+00 0.000000e+00 0.000000e+00 0.000000e+00 0.000000e+00 0.000000e+00 0.000000e+00 0.000000e+00 0.000000e+00 0.000000e+00 2.857143e-01 7.142857e-01 0.000000e+00 0.000000e+00 0.000000e+00 0.000000e+00 0.000000e+00 0.000000e+00 0.000000e+00 0.000000e+00 0.000000e+00
 0.000000e+00 0.000000e+00 0.000000e+00 0.000000e+00 0.000000e+00 0.000000e+00 0.000000e+00 0.000000e+00 0.000000e+00 0.000000e+00 0.000000e+00 0.000000e+00 0.000000e+00 0.000000e+00 0.000000e+00 0.000000e+00 0.000000e+00 0.000000e+00 0.000000e+00 0.000000e+00 0.000000e+00 0.000000e+00 0.000000e+00 0.000000e+00 0.000000e+00 0.000000e+00 0.000000e+00 5.000000e-01 5.000000e-01 0.000000e+00 0.000000e+00 0.000000e+00 0.000000e+00 0.000000e+00 0.000000e+00 0.000000e+00 0.000000e+00
 0.000000e+00 0.000000e+00 0.000000e+00 0.000000e+00 0.000000e+00 0.000000e+00 0.000000e+00 0.000000e+00 0.000000e+00 0.000000e+00 0.000000e+00 0.000000e+00 0.000000e+00 0.000000e+00 0.000000e+00 0.000000e+00 0.000000e+00 0.000000e+00 0.000000e+00 0.000000e+00 0.000000e+00 0.000000e+00 0.000000e+00 0.000000e+00 0.000000e+00 0.000000e+00 0.000000e+00 0.000000e+00 3.750000e-01 6.250000e-01 0.000000e+00 0.000000e+00 0.000000e+00 0.000000e+00 0.000000e+00 0.000000e+00 0.000000e+00
 0.000000e+00 0.000000e+00 0.000000e+00 0.000000e+00 0.000000e+00 0.000000e+00 0.000000e+00 0.000000e+00 0.000000e+00 0.000000e+00 0.000000e+00 0.000000e+00 0.000000e+00 0.000000e+00 0.000000e+00 0.000000e+00 0.000000e+00 0.000000e+00 0.000000e+00 0.000000e+00 0.000000e+00 0.000000e+00 0.000000e+00 0.000000e+00 0.000000e+00 0.000000e+00 0.000000e+00 0.000000e+00 0.000000e+00 2.857143e-01 7.142857e-01 0.000000e+00 0.000000e+00 0.000000e+00 0.000000e+00 0.000000e+00 0.000000e+00
 0.000000e+00 0.000000e+00 0.000000e+00 0.000000e+00 0.000000e+00 0.000000e+00 0.000000e+00 0.000000e+00 0.000000e+00 0.000000e+00 0.000000e+00 0.000000e+00 0.000000e+00 0.000000e+00 0.000000e+00 0.000000e+00 0.000000e+00 0.000000e+00 0.000000e+00 0.000000e+00 0.000000e+00 0.000000e+00 0.000000e+00 0.000000e+00 0.000000e+00 0.000000e+00 0.000000e+00 0.000000e+00 0.000000e+00 0.000000e+00 4.444444e-01 5.555556e-01 0.000000e+00 0.000000e+00 0.000000e+00 0.000000e+00 0.000000e+00
 0.000000e+00 0.000000e+00 0.000000e+00 0.000000e+00 0.000000e+00 0.000000e+00 0.000000e+00 0.000000e+00 0.000000e+00 0.000000e+00 0.000000e+00 0.000000e+00 0.000000e+00 0.000000e+00 0.000000e+00 0.000000e+00 0.000000e+00 0.000000e+00 0.000000e+00 0.000000e+00 0.000000e+00 0.000000e+00 0.000000e+00 0.000000e+00 0.000000e+00 0.000000e+00 0.000000e+00 0.000000e+00 0.000000e+00 0.000000e+00 0.000000e+00 4.444444e-01 5.555556e-01 0.000000e+00 0.000000e+00 0.000000e+00 0.000000e+00
 0.000000e+00 0.000000e+00 0.000000e+00 0.000000e+00 0.000000e+00 0.000000e+00 0.000000e+00 0.000000e+00 0.000000e+00 0.000000e+00 0.000000e+00 0.000000e+00 0.000000e+00 0.000000e+00 0.000000e+00 0.000000e+00 0.000000e+00 0.000000e+00 0.000000e+00 0.000000e+00 0.000000e+00 0.000000e+00 0.000000e+00 0.000000e+00 0.000000e+00 0.000000e+00 0.000000e+00 0.000000e+00 0.000000e+00 0.000000e+00 0.000000e+00 0.000000e+00 2.857143e-01 7.142857e-01 0.000000e+00 0.000000e+00 0.000000e+00
 0.000000e+00 0.000000e+00 0.000000e+00 0.000000e+00 0.000000e+00 0.000000e+00 0.000000e+00 0.000000e+00 0.000000e+00 0.000000e+00 0.000000e+00 0.000000e+00 0.000000e+00 0.000000e+00 0.000000e+00 0.000000e+00 0.000000e+00 0.000000e+00 0.000000e+00 0.000000e+00 0.000000e+00 0.000000e+00 0.000000e+00 0.000000e+00 0.000000e+00 0.000000e+00 0.000000e+00 0.000000e+00 0.000000e+00 0.000000e+00 0.000000e+00 0.000000e+00 0.000000e+00 3.750000e-01 6.250000e-01 0.000000e+00 0.000000e+00
 0.000000e+00 0.000000e+00 0.000000e+00 0.000000e+00 0.000000e+00 0.000000e+00 0.000000e+00 0.000000e+00 0.000000e+00 0.000000e+00 0.000000e+00 0.000000e+00 0.000000e+00 0.000000e+00 0.000000e+00 0.000000e+00 0.000000e+00 0.000000e+00 0.000000e+00 0.000000e+00 0.000000e+00 0.000000e+00 0.000000e+00 0.000000e+00 0.000000e+00 0.000000e+00 0.000000e+00 0.000000e+00 0.000000e+00 0.000000e+00 0.000000e+00 0.000000e+00 0.000000e+00 0.000000e+00 5.000000e-01 5.000000e-01 0.000000e+00
 0.000000e+00 0.000000e+00 0.000000e+00 0.000000e+00 0.000000e+00 0.000000e+00 0.000000e+00 0.000000e+00 0.000000e+00 0.000000e+00 0.000000e+00 0.000000e+00 0.000000e+00 0.000000e+00 0.000000e+00 0.000000e+00 0.000000e+00 0.000000e+00 0.000000e+00 0.000000e+00 0.000000e+00 0.000000e+00 0.000000e+00 0.000000e+00 0.000000e+00 0.000000e+00 0.000000e+00 0.000000e+00 0.000000e+00 0.000000e+00 0.000000e+00 0.000000e+00 0.000000e+00 0.000000e+00 0.000000e+00 0.000000e+00 1.000000e+00
 0.000000e+00 0.000000e+00 0.000000e+00 0.000000e+00 0.000000e+00 0.000000e+00 0.000000e+00 0.000000e+00 0.000000e+00 0.000000e+00 0.000000e+00 0.000000e+00 0.000000e+00 0.000000e+00 0.000000e+00 0.000000e+00 0.000000e+00 0.000000e+00 0.000000e+00 0.000000e+00 0.000000e+00 0.000000e+00 0.000000e+00 0.000000e+00 0.000000e+00 0.000000e+00 0.000000e+00 0.000000e+00 0.000000e+00 0.000000e+00 0.000000e+00 0.000000e+00 0.000000e+00 0.000000e+00 0.000000e+00 0.000000e+00 0.000000e+00
<ENDHMM>
