~o
<STREAMINFO> 1 39
<VECSIZE> 39<NULLD><MFCC_E_D_A><DIAGC>
~h "Bay"
<BEGINHMM>
<NUMSTATES> 5
<STATE> 2
<MEAN> 39
 -7.971891e+00 -1.819722e+01 -1.563291e+01 -3.719134e+00 2.911741e+00 -5.894783e+00 7.061138e+00 -6.233437e+00 2.438449e+00 -8.022923e+00 -2.692862e+00 -2.682435e+00 6.981001e-01 -3.963512e-01 -5.366683e-01 -4.654957e-01 -2.231739e-01 -2.651084e-01 4.557062e-02 6.433608e-01 -1.596245e-01 -3.099312e-02 -4.519289e-01 -6.713490e-02 -8.805333e-02 4.688874e-02 -1.877043e-02 2.433044e-02 6.482205e-02 -8.880539e-02 -1.434878e-01 -1.239696e-02 1.477946e-02 7.257283e-02 5.905529e-02 8.888096e-02 -1.528677e-03 -9.098642e-02 -6.821691e-04
<VARIANCE> 39
 5.290397e+01 4.722680e+01 6.677939e+01 1.452923e+01 3.436167e+01 3.713056e+01 5.049563e+01 2.401068e+01 2.429727e+01 2.789400e+01 2.150427e+01 2.529493e+01 1.516433e-01 4.166754e+00 2.442029e+00 4.336179e+00 2.023849e+00 3.993711e+00 2.249405e+00 2.672306e+00 2.207741e+00 2.036464e+00 1.949706e+00 2.181048e+00 3.112446e+00 1.000000e-02 7.371307e-01 3.841548e-01 4.983900e-01 4.028022e-01 5.058942e-01 4.649765e-01 5.268362e-01 3.179898e-01 4.533152e-01 4.661762e-01 3.241875e-01 5.455439e-01 1.000000e-02
<GCONST> 1.047195e+02
<STATE> 3
<MEAN> 39
 -1.167656e+01 -1.640018e+01 -8.364009e+00 -1.355718e+01 -1.493183e+01 -7.932917e+00 1.058743e+01 -2.900560e+00 5.915461e+00 -1.709558e+00 -1.368106e+00 -7.183502e+00 7.805384e-01 6.299450e-01 2.089098e-01 6.450858e-01 -5.322474e-01 -6.106130e-01 -2.730712e-01 -8.404271e-01 -1.262836e-01 5.788098e-02 5.189815e-01 -4.989677e-01 2.578499e-02 -2.118604e-02 1.259622e-01 -1.403511e-01 -1.465885e-02 2.310673e-01 2.228690e-01 1.089913e-01 -7.027654e-02 -1.571706e-01 -9.800953e-02 -2.370127e-01 -9.703550e-03 1.701061e-01 -3.102735e-03
<VARIANCE> 39
 1.134589e+01 8.998253e+00 1.038891e+01 1.567121e+01 2.429185e+01 3.007137e+01 3.507224e+01 1.649694e+01 1.896985e+01 1.989456e+01 1.389258e+01 1.331171e+01 1.205175e-02 3.776264e-01 8.015088e-01 8.118351e-01 1.233129e+00 3.152218e+00 1.613207e+00 8.566274e-01 1.824951e+00 2.472849e+00 2.711813e+00 1.164883e+00 1.873810e+00 1.000000e-02 7.646722e-02 7.748675e-02 1.413196e-01 1.949508e-01 3.037448e-01 3.593156e-01 2.351977e-01 3.851700e-01 3.873146e-01 1.825024e-01 2.548824e-01 2.946492e-01 1.000000e-02
<GCONST> 7.686185e+01
<STATE> 4
<MEAN> 39
 -2.538454e+00 -1.827368e+01 -4.191043e+00 -5.045997e+00 -7.367355e+00 -5.313445e+00 5.105164e+00 -3.978684e+00 2.401153e+00 -3.265354e+00 7.610347e-02 -1.498092e+00 2.302873e-01 1.585232e-02 3.278811e-01 4.424438e-02 6.621011e-01 7.040629e-01 2.276466e-01 -4.312426e-02 1.378175e-01 -3.135158e-03 1.706526e-01 5.027390e-01 1.235539e-01 -3.035604e-02 -1.005090e-01 8.438371e-02 -6.532576e-02 -8.169394e-02 1.961625e-02 -5.675099e-02 2.785305e-02 9.263396e-02 3.740126e-02 3.808988e-02 -7.984300e-03 -3.171574e-02 2.050086e-03
<VARIANCE> 39
 7.556880e+00 1.876549e+01 1.185469e+01 1.402261e+01 2.525148e+01 1.384078e+01 1.088821e+01 1.582803e+01 1.427320e+01 1.486386e+01 2.246718e+01 8.689502e+00 3.234068e-02 1.014687e+00 1.521605e+00 1.343762e+00 1.214416e+00 1.022171e+00 2.088854e+00 1.465243e+00 2.012111e+00 1.463019e+00 1.438715e+00 1.511447e+00 1.095022e+00 1.000000e-02 9.678404e-02 2.137955e-01 2.487906e-01 1.580071e-01 1.713819e-01 3.887539e-01 2.881566e-01 4.107498e-01 2.973211e-01 2.712447e-01 3.013903e-01 2.433438e-01 1.000000e-02
<GCONST> 7.766544e+01
<TRANSP> 5
 0.000000e+00 1.000000e+00 0.000000e+00 0.000000e+00 0.000000e+00
 0.000000e+00 9.519231e-01 4.807693e-02 0.000000e+00 0.000000e+00
 0.000000e+00 0.000000e+00 9.350649e-01 6.493506e-02 0.000000e+00
 0.000000e+00 0.000000e+00 0.000000e+00 9.456522e-01 5.434783e-02
 0.000000e+00 0.000000e+00 0.000000e+00 0.000000e+00 0.000000e+00
<ENDHMM>
