~o
<STREAMINFO> 1 39
<VECSIZE> 39<NULLD><MFCC_E_D_A><DIAGC>
~h "Bo^n"
<BEGINHMM>
<NUMSTATES> 5
<STATE> 2
<MEAN> 39
 1.996623e+00 -8.063914e+00 -8.251696e+00 -9.133703e+00 -2.268957e+00 -9.334595e+00 1.126273e-01 -5.576167e+00 -3.700078e+00 -4.431851e+00 -3.093285e+00 -4.565890e+00 3.903242e-01 1.328431e+00 -4.699583e-01 -2.319275e+00 -2.329890e+00 1.199787e-01 -1.856540e-01 5.537380e-01 -7.671275e-01 -5.111417e-01 1.254138e+00 -1.052661e+00 -4.141807e-01 1.039428e-01 -1.208616e-01 -1.482100e-01 -2.114641e-01 -2.814926e-01 1.828018e-01 4.126270e-01 1.824244e-01 1.162888e-01 1.201758e-01 4.771563e-01 8.868381e-02 3.684364e-02 4.435700e-03
<VARIANCE> 39
 4.924967e+01 1.431722e+01 5.996321e+01 6.505025e+01 2.082204e+01 2.849408e+01 2.795951e+01 2.044761e+01 2.677850e+01 6.929986e+01 3.391153e+01 1.481113e+01 1.381102e-01 4.472971e+00 2.120645e+00 3.298688e+00 3.339413e+00 3.849770e+00 5.709534e+00 4.098900e+00 2.694289e+00 3.152524e+00 1.561584e+01 4.023824e+00 1.391959e+00 1.000000e-02 1.076979e+00 3.061679e-01 7.197660e-01 6.640608e-01 7.184403e-01 7.852907e-01 6.989127e-01 5.179434e-01 5.442206e-01 2.360935e+00 7.410536e-01 2.996392e-01 1.000000e-02
<GCONST> 1.128641e+02
<STATE> 3
<MEAN> 39
 3.976382e+00 -1.331526e+01 -1.892005e+01 -2.555613e+01 -1.719907e+00 2.034068e-01 2.405790e+00 -1.535712e+00 -4.483202e+00 1.566994e+00 -2.312801e+00 -2.052716e+00 8.255372e-01 -6.259725e-02 -4.228514e-03 2.123656e-01 1.697704e-01 -1.466488e-01 1.585269e-01 -9.267117e-02 3.365372e-01 3.248862e-02 -4.753206e-01 3.419126e-01 9.636404e-03 -1.680739e-02 4.422681e-02 6.592028e-02 5.766460e-02 1.434512e-01 -3.005265e-02 -9.517017e-02 -7.781953e-03 -1.939085e-02 1.657902e-03 -1.179442e-01 2.015619e-02 3.843655e-02 -3.159237e-03
<VARIANCE> 39
 1.623863e+01 1.052811e+01 2.655367e+01 4.221321e+01 3.454488e+01 3.710413e+01 3.983360e+01 5.619180e+01 2.419163e+01 5.645943e+01 1.957567e+01 2.946834e+01 2.830558e-02 9.963222e-01 7.319958e-01 2.277673e+00 3.383017e+00 3.480025e+00 3.723654e+00 2.319823e+00 4.264329e+00 1.929588e+00 2.455881e+00 2.093163e+00 2.569997e+00 1.000000e-02 1.594305e-01 1.573760e-01 4.667270e-01 5.137453e-01 6.600249e-01 6.956202e-01 4.508017e-01 8.610377e-01 4.531471e-01 6.246411e-01 4.518361e-01 4.507622e-01 1.000000e-02
<GCONST> 9.963879e+01
<STATE> 4
<MEAN> 39
 -6.413184e-01 -1.070808e+01 -1.025724e+01 -1.042770e+01 -6.680394e-01 -1.754382e+00 3.960857e+00 -1.022569e+00 1.157712e-01 -3.121804e+00 3.114062e+00 -1.296473e+00 1.697143e-01 -4.160953e-01 2.200865e-01 6.615607e-01 6.882201e-01 1.663080e-01 -1.124618e-01 -4.956702e-02 -1.464675e-01 9.874810e-02 -3.376510e-02 -9.023729e-02 2.002774e-01 -2.083578e-02 -2.668540e-02 -4.404707e-02 3.595921e-02 -3.313889e-02 1.157014e-02 -1.332553e-02 -7.629424e-02 8.332296e-03 -5.963268e-02 -5.013493e-02 -5.290503e-02 -8.497193e-02 9.583348e-04
<VARIANCE> 39
 1.435592e+01 4.498493e+00 3.057506e+01 1.789497e+01 8.131090e+00 1.240480e+01 1.006422e+01 1.040829e+01 1.542247e+01 1.160880e+01 1.466805e+01 1.031744e+01 2.276667e-02 5.193211e-01 3.961903e-01 1.268821e+00 9.014012e-01 7.401507e-01 1.641393e+00 1.175979e+00 1.415166e+00 1.897429e+00 1.336412e+00 2.284738e+00 1.749872e+00 1.000000e-02 1.010586e-01 8.684885e-02 2.861298e-01 1.785787e-01 1.493515e-01 3.644755e-01 2.371767e-01 2.972338e-01 3.876555e-01 2.886740e-01 5.487636e-01 3.736124e-01 1.000000e-02
<GCONST> 7.315562e+01
<TRANSP> 5
 0.000000e+00 1.000000e+00 0.000000e+00 0.000000e+00 0.000000e+00
 0.000000e+00 8.888889e-01 1.111111e-01 0.000000e+00 0.000000e+00
 0.000000e+00 0.000000e+00 9.632353e-01 3.676471e-02 0.000000e+00
 0.000000e+00 0.000000e+00 0.000000e+00 9.494950e-01 5.050505e-02
 0.000000e+00 0.000000e+00 0.000000e+00 0.000000e+00 0.000000e+00
<ENDHMM>
