~o
<STREAMINFO> 1 39
<VECSIZE> 39<NULLD><MFCC_E_D_A><DIAGC>
~h "Cha^m"
<BEGINHMM>
<NUMSTATES> 28
<STATE> 2
<MEAN> 39
 -5.372032e+00 -8.393461e+00 -1.099448e+00 -1.180230e+00 2.398746e+00 -1.628322e+00 3.223069e+00 -1.974722e+00 1.314361e+00 -2.186353e+00 3.027878e+00 -9.029405e-01 -1.737384e-02 -3.247572e-01 -1.714174e-01 -2.046035e-01 -4.082998e-01 -4.097907e-02 2.085279e-01 -6.157590e-01 2.862276e-01 -5.048481e-01 8.596617e-01 -2.403942e-02 -5.636567e-01 7.747245e-03 -8.857895e-01 8.860416e-02 -2.589115e-01 -1.081308e+00 5.203271e-02 -6.235189e-01 -1.104193e-01 7.764185e-02 -1.974516e-01 1.253671e-01 -1.021862e-01 -7.932600e-02 2.865809e-02
<VARIANCE> 39
 2.126764e+00 3.181728e+00 3.033373e+00 5.625440e+00 6.688763e+00 2.130362e+01 1.339279e+01 4.707038e+00 4.883623e+00 1.437274e+01 9.583145e+00 9.320095e+00 1.000000e-02 9.317152e-01 2.512952e-01 3.975524e-01 1.132704e+00 1.001599e+00 1.722723e+00 6.395056e-01 1.410553e+00 1.081922e+00 7.394679e-01 8.060848e-01 2.546862e+00 1.000000e-02 1.564871e-01 1.446241e-01 2.676967e-02 2.589148e-01 1.131414e-01 4.932786e-01 1.384518e-01 1.790738e-01 2.481895e-01 3.899817e-01 2.413320e-01 1.873128e-01 1.000000e-02
<GCONST> 5.837122e+01
<STATE> 3
<MEAN> 39
 -7.336765e+00 -8.355834e+00 -1.658571e+00 -3.243625e+00 1.076563e+00 -3.679791e+00 -4.027010e-01 -1.315105e+00 -4.862307e-01 -1.359478e+00 2.290091e+00 -2.404873e+00 -4.966843e-03 -3.058465e+00 7.560875e-01 -8.795876e-01 -4.344850e+00 4.645907e-01 -2.277812e+00 -3.704693e-01 3.035712e-03 -1.214532e-01 5.990164e-01 -5.896541e-01 -2.861615e-01 1.399875e-01 -1.123486e-02 -1.539645e-01 -1.414137e-01 -1.132507e+00 -1.025607e+00 -1.000366e+00 5.219176e-01 -1.458382e-01 5.292041e-01 2.532958e-01 -1.220593e-01 -2.514074e-04 5.471317e-02
<VARIANCE> 39
 1.413273e+01 2.474729e+00 3.607326e+00 2.185930e+01 9.787267e+00 1.435067e+01 3.842251e+00 1.492391e+01 7.565453e+00 4.670651e+00 1.159126e+01 1.986010e+01 1.000000e-02 8.568671e-01 1.056599e+00 7.237259e-01 1.281121e+00 1.221799e+00 3.247819e+00 1.413358e+00 1.481407e+00 2.424030e+00 1.276585e+00 6.640755e-01 1.808264e+00 1.000000e-02 4.270609e-01 2.027260e-01 1.937244e-01 3.463123e-01 4.484481e-01 3.452076e-01 1.812483e-01 3.064819e-01 2.591903e-01 1.350102e-01 3.232346e-01 5.595469e-01 1.000000e-02
<GCONST> 7.206941e+01
<STATE> 4
<MEAN> 39
 -1.695728e+01 -5.150390e+00 -4.519938e+00 -1.833011e+01 2.867351e+00 -1.135002e+01 1.526102e+00 -2.483796e+00 6.868547e-01 5.091001e-01 3.677580e-01 -1.824203e+00 5.401790e-01 -1.520636e-01 -1.205183e+00 -8.988514e-01 -4.531625e+00 -4.210705e+00 -3.511136e+00 1.464482e+00 -5.783013e-02 1.496639e+00 1.815749e+00 -4.246042e-01 -6.037372e-01 2.083533e-01 1.360101e+00 -1.466661e+00 -2.115114e-01 1.419148e+00 -1.033549e+00 6.325338e-01 1.107103e+00 4.350387e-01 -3.330502e-02 -3.122209e-01 -9.985332e-02 -2.870098e-01 -1.449648e-02
<VARIANCE> 39
 9.078726e+00 8.098917e+00 1.646876e+01 1.420416e+01 4.993638e+01 2.666344e+01 2.486895e+01 1.747850e+01 2.289398e+01 1.450733e+01 7.517564e+00 1.055751e+01 1.000000e-02 1.781991e+00 2.169389e+00 2.448165e+00 1.775105e+00 4.013466e+00 1.737328e+00 1.151266e+00 1.278718e+00 7.544870e-01 8.255875e-01 2.122373e+00 1.354684e+00 1.000000e-02 7.557614e-02 1.162379e-01 9.528912e-02 4.088780e-01 9.067332e-01 4.982379e-01 2.011756e-01 3.736714e-01 3.934399e-01 5.563294e-01 1.048670e-01 2.228576e-01 1.000000e-02
<GCONST> 8.015746e+01
<STATE> 5
<MEAN> 39
 -8.566919e+00 -1.433826e+01 -6.055974e+00 -2.091814e+01 -1.384168e+01 -1.663637e+01 6.234406e+00 -6.020505e-01 5.271891e+00 5.322791e+00 9.071048e-01 -4.991187e+00 8.114808e-01 1.779878e+00 -4.646647e+00 -1.742343e+00 9.625226e-01 -2.863119e+00 2.831886e-01 3.971799e+00 1.676247e+00 -3.602608e-01 -9.017167e-01 -1.100504e+00 -1.212755e+00 9.228982e-02 -2.119385e-01 -3.077241e-01 -3.657106e-01 2.012156e+00 2.309058e+00 1.606257e+00 2.394890e-01 3.143904e-01 -1.045319e+00 -1.458091e+00 -4.078613e-01 6.082295e-01 -4.240056e-02
<VARIANCE> 39
 8.891500e+00 2.341545e+01 3.273106e+01 1.018355e+01 2.168770e+01 2.681919e+01 3.069646e+01 2.758728e+01 7.156236e+00 1.133727e+01 1.633879e+01 9.556263e+00 1.000000e-02 9.423189e-01 2.172383e-01 8.130401e-01 1.938401e+00 7.571421e+00 1.794659e+00 7.356602e-01 1.774640e+00 1.249920e+00 3.249043e+00 8.453647e-01 7.808790e-01 1.000000e-02 1.942299e-01 5.105523e-01 3.129617e-01 1.567293e-01 7.435743e-01 2.305365e-01 3.397204e-01 2.773272e-01 1.875941e-01 1.572504e-01 3.337058e-01 2.328469e-01 1.000000e-02
<GCONST> 7.876414e+01
<STATE> 6
<MEAN> 39
 -9.658897e+00 -2.236647e+01 -1.094887e+01 -1.476035e+01 -8.727382e+00 -1.067909e+01 1.626911e+01 3.625878e+00 -6.431155e-01 -3.260978e+00 -4.289113e+00 -5.773073e+00 9.147065e-01 -5.509107e-01 -2.416882e+00 -2.134539e+00 3.311289e+00 4.039813e+00 2.463280e+00 2.144344e+00 9.264325e-01 -2.355945e+00 -3.448678e+00 -1.938162e+00 1.666858e+00 4.185241e-02 -5.455821e-01 1.155682e+00 1.265622e-01 2.790422e-01 1.785876e+00 1.773266e-01 -1.322362e+00 -8.074484e-01 9.087876e-02 1.345425e-01 8.320440e-02 7.576791e-01 -1.746036e-02
<VARIANCE> 39
 1.877385e+01 7.237815e+00 2.987487e+01 3.193205e+01 3.060387e+01 4.137756e+01 1.650396e+01 2.076684e+01 1.484357e+01 1.623304e+01 1.177480e+01 1.664548e+01 1.000000e-02 3.945455e-01 1.327066e+00 5.869786e-01 2.634042e-01 1.501260e+00 5.965911e-01 1.623767e+00 1.371604e+00 9.015791e-01 1.221143e+00 1.296904e+00 5.912833e-01 1.000000e-02 1.684842e-01 7.692643e-02 1.203261e-01 4.206831e-01 8.558131e-01 3.140528e-01 1.571824e-01 1.074372e-01 2.644681e-01 5.613787e-01 1.480211e-01 1.843521e-01 1.000000e-02
<GCONST> 7.315191e+01
<STATE> 7
<MEAN> 39
 -1.093569e+01 -2.452282e+01 -1.379839e+01 -8.870239e+00 8.058484e-01 -6.791256e+00 1.476954e+01 2.996851e+00 -3.287879e+00 -7.592188e+00 -6.774962e+00 5.593002e-01 9.805613e-01 -5.262212e-01 -3.138124e-01 -1.414955e+00 2.294228e+00 4.525558e+00 1.197657e+00 -8.421379e-01 -1.255272e+00 -8.760098e-02 -7.577479e-01 -7.970966e-01 1.659931e+00 2.017042e-02 2.360230e-02 5.846735e-01 3.236147e-01 -8.816571e-01 -4.810299e-01 -5.327498e-01 -9.149644e-01 -8.932018e-01 9.911771e-01 1.080797e+00 4.382407e-01 -6.380514e-01 -1.229730e-02
<VARIANCE> 39
 2.059311e+01 3.670228e+00 1.206552e+01 1.128479e+01 1.666895e+01 1.820803e+01 6.367087e+00 3.472873e+01 1.324848e+01 1.516563e+01 1.511243e+01 5.916220e+00 1.000000e-02 4.013086e-01 7.608085e-01 4.357431e-01 1.682876e+00 6.288036e-01 1.012587e+00 1.160251e+00 1.037051e+00 8.707171e-01 1.203340e+00 4.167884e-01 6.562932e-01 1.000000e-02 1.007239e-01 1.349515e-01 1.050740e-01 1.388195e-01 1.361879e-01 1.290773e-01 1.147263e-01 2.328531e-01 1.473422e-01 1.252527e-01 1.830522e-01 7.167379e-02 1.000000e-02
<GCONST> 6.048277e+01
<STATE> 8
<MEAN> 39
 -1.130075e+01 -2.386370e+01 -1.673993e+01 -5.996518e+00 7.505963e+00 -6.220708e+00 1.292823e+01 -4.800929e-01 -2.179970e+00 -6.208477e+00 -7.151206e+00 7.085249e-01 9.923516e-01 -4.253473e-01 -4.600127e-02 -9.835749e-01 1.743922e-01 2.363368e+00 7.645643e-01 -1.332810e+00 -2.184623e+00 1.160377e+00 4.797728e-01 -5.104299e-01 -5.680757e-01 -9.537144e-04 1.535212e-01 1.378712e-01 2.501727e-01 -9.402368e-01 -9.617423e-01 -1.176733e-01 -7.492018e-02 2.373005e-03 6.257316e-01 3.978833e-01 1.627190e-01 -8.250824e-01 -9.658672e-03
<VARIANCE> 39
 6.536591e+00 2.643010e+00 1.810815e+01 7.149492e+00 7.250555e+00 2.222826e+01 1.041510e+01 2.953587e+01 3.337990e+01 1.739928e+01 1.218875e+01 2.489515e+00 1.000000e-02 3.269297e-01 4.296956e-01 1.003702e-01 7.554105e-01 4.938134e-01 5.623394e-01 1.762986e-01 8.703687e-01 6.170321e-01 1.399294e-01 3.891152e-01 5.109016e-01 1.000000e-02 3.374518e-02 1.055853e-01 4.351248e-02 1.685622e-01 8.266857e-02 7.017645e-02 1.985421e-01 1.536319e-01 1.511749e-01 1.542367e-01 8.471194e-02 8.716765e-02 1.000000e-02
<GCONST> 4.654116e+01
<STATE> 9
<MEAN> 39
 -1.237810e+01 -2.431628e+01 -1.723807e+01 -7.822567e+00 1.072543e+01 -4.176071e+00 1.081775e+01 -5.303874e+00 2.289800e+00 -5.458614e+00 -8.356434e+00 -1.854839e+00 9.664927e-01 1.804100e-02 2.083215e-02 -4.956187e-01 -1.197881e+00 7.971646e-01 6.461937e-01 -1.081775e+00 -1.185109e+00 2.084754e+00 8.879834e-01 6.367633e-02 -1.387669e+00 -1.751164e-02 2.707725e-01 2.339607e-01 1.777883e-01 -5.018952e-01 -7.737708e-01 -9.820437e-02 1.074024e-01 5.727429e-01 2.554018e-01 1.247824e-01 3.116652e-01 -3.828583e-01 -6.648518e-03
<VARIANCE> 39
 9.280277e+00 2.363639e+00 1.088200e+01 5.279149e+00 1.060629e+01 1.239992e+01 7.977835e+00 2.114575e+01 2.837456e+01 1.144688e+01 6.833548e+00 4.789883e+00 1.000000e-02 6.038451e-02 1.541196e-01 2.728947e-01 1.858299e-01 4.494122e-01 5.510306e-01 3.801707e-01 8.142202e-01 3.711810e-01 5.559496e-01 2.854151e-01 2.584300e-01 1.000000e-02 3.195278e-02 4.102657e-02 5.860338e-02 3.404135e-02 9.970286e-02 6.627679e-02 3.779707e-02 9.802242e-02 1.714339e-01 1.136227e-01 4.365059e-02 9.736221e-02 1.000000e-02
<GCONST> 3.699629e+01
<STATE> 10
<MEAN> 39
 -1.151564e+01 -2.361948e+01 -1.887455e+01 -1.127963e+01 1.027442e+01 -3.755800e+00 8.308143e+00 -5.760398e+00 6.177505e+00 -3.258063e+00 -6.905340e+00 -4.971238e+00 9.233522e-01 7.702039e-01 9.392070e-01 -8.079653e-02 -1.897616e+00 -7.096577e-01 1.046323e-01 -9.381644e-01 -1.158271e-01 2.395936e+00 9.005393e-01 7.918622e-01 -1.998368e+00 -3.022740e-02 5.785673e-01 2.751220e-01 6.734278e-01 1.077117e-01 -9.428928e-01 -9.479253e-01 -1.675572e-01 2.756609e-02 -2.790505e-01 -2.003204e-01 4.027034e-01 1.270946e-01 -1.098726e-02
<VARIANCE> 39
 5.779739e+00 3.601776e+00 6.513244e+00 7.780393e+00 9.694197e+00 8.848532e+00 8.023066e+00 1.920605e+01 2.710205e+01 8.903756e+00 1.319130e+01 6.693110e+00 1.000000e-02 1.880713e-01 5.989733e-02 4.033334e-01 1.847980e-01 1.210887e+00 6.896198e-01 4.686803e-01 1.234185e-01 1.490721e+00 8.712934e-01 3.804536e-01 3.492739e-01 1.000000e-02 5.142112e-02 2.672135e-02 7.872973e-02 8.075419e-02 2.890200e-01 3.253821e-01 2.978278e-01 2.205759e-01 1.424142e-01 1.428399e-01 1.005238e-01 7.186727e-02 1.000000e-02
<GCONST> 4.684917e+01
<STATE> 11
<MEAN> 39
 -9.022280e+00 -2.068103e+01 -1.766103e+01 -1.554315e+01 7.496998e+00 -4.176120e+00 6.609004e+00 -5.596354e+00 1.164994e+01 -1.552197e+00 -5.020000e+00 -9.736560e+00 8.414142e-01 2.334656e+00 1.085350e+00 2.195363e+00 -6.859158e-01 -2.974643e+00 -2.967191e+00 -1.671410e+00 -9.994363e-01 7.399772e-01 2.210275e-02 1.492212e+00 -8.661723e-01 -6.036250e-02 5.620042e-01 -3.352045e-01 8.341566e-01 9.015183e-01 -5.898923e-01 -5.881988e-01 -4.132960e-02 -5.475151e-01 -1.229856e+00 -5.257154e-01 -3.309324e-01 7.702828e-01 -7.171959e-03
<VARIANCE> 39
 8.232121e+00 2.499039e+00 5.097202e+00 3.344609e+00 2.147674e+01 1.920586e+01 1.957644e+01 1.892902e+01 6.774596e+00 2.233628e+01 1.827901e+01 2.460207e+00 1.000000e-02 5.986312e-01 2.334279e-01 1.705638e+00 1.217169e+00 2.654106e+00 2.604179e+00 2.260192e+00 1.707362e+00 1.841511e+00 5.345680e-01 1.147779e+00 4.003560e-01 1.000000e-02 9.882389e-02 3.715461e-02 8.827312e-02 8.109619e-02 2.750984e-01 3.873219e-01 2.063664e-01 2.067434e-01 3.853539e-01 1.122651e-01 1.753544e-01 1.071052e-01 1.000000e-02
<GCONST> 6.268169e+01
<STATE> 12
<MEAN> 39
 -3.964742e+00 -1.945830e+01 -1.083798e+01 -1.401308e+01 6.428226e-01 -1.384408e+01 2.999986e+00 -1.011042e+01 9.828059e+00 -3.348512e+00 -1.395064e+00 -8.112276e+00 6.799219e-01 2.817123e+00 -3.082145e-01 3.062926e+00 1.485198e+00 -2.917263e+00 -2.518807e+00 -9.126990e-01 -2.228228e+00 -1.973938e+00 -1.195524e+00 -1.977771e-01 7.946622e-01 -6.455842e-02 -1.259194e-01 -4.844956e-01 -1.032534e-01 5.300691e-01 1.570738e-01 1.029267e+00 2.680441e-01 -3.939556e-03 -5.351293e-01 -5.250094e-02 -8.678175e-01 4.421749e-01 9.250490e-03
<VARIANCE> 39
 1.133755e+01 2.257746e+00 1.245889e+01 9.593401e+00 8.598415e+00 2.492406e+01 2.226968e+01 2.420063e+01 1.681458e+01 1.964865e+01 1.889103e+01 9.550895e+00 1.000000e-02 6.546350e-01 2.465322e-01 4.571079e-01 5.486438e-01 1.984726e+00 1.589826e+00 2.210467e+00 2.203432e+00 2.366899e+00 3.488627e-01 5.849344e-01 7.181817e-01 1.000000e-02 5.109968e-02 2.496879e-02 2.141576e-01 2.020669e-01 1.977278e-01 5.601606e-01 1.466843e-01 4.137501e-01 3.762019e-01 1.508591e-01 1.366984e-01 1.046902e-01 1.000000e-02
<GCONST> 6.508433e+01
<STATE> 13
<MEAN> 39
 1.630942e+00 -2.157391e+01 -6.621374e+00 -1.029248e+01 -3.936956e+00 -1.307977e+01 2.366574e+00 -1.288028e+01 4.882615e+00 -5.561686e+00 -5.814592e+00 -7.203512e+00 6.229312e-01 1.898305e+00 -6.743475e-01 1.658437e+00 1.339416e+00 -2.085936e+00 9.047893e-01 -5.224124e-01 -6.320282e-01 -1.501847e+00 7.236797e-02 -1.465837e+00 9.475176e-01 -2.456339e-02 -6.738061e-01 -3.186310e-02 -7.218698e-01 -3.778757e-01 9.076215e-01 8.486029e-01 2.275277e-01 9.989267e-01 3.313563e-01 6.000983e-01 -1.109590e-01 -3.552732e-02 1.531675e-02
<VARIANCE> 39
 1.705979e+01 2.708596e+00 4.874867e+00 1.973974e+00 1.754939e+01 1.038149e+01 2.195866e+01 2.746311e+01 1.847032e+01 2.182702e+01 1.130184e+01 8.023998e+00 1.000000e-02 4.487454e-01 1.688887e-01 8.792459e-01 4.461822e-01 6.616214e-01 1.015780e+00 7.298928e-01 1.544967e+00 1.763026e+00 1.441916e+00 4.044276e-01 8.808602e-01 1.000000e-02 1.491495e-01 3.994472e-02 8.218145e-02 1.378333e-01 3.969070e-01 4.688659e-01 3.972621e-01 4.156978e-01 5.334044e-01 1.087759e-01 9.241176e-02 2.359777e-01 1.000000e-02
<GCONST> 6.242230e+01
<STATE> 14
<MEAN> 39
 3.879477e+00 -2.186780e+01 -4.787216e+00 -8.815991e+00 -7.135645e+00 -1.097005e+01 1.849639e+00 -1.236570e+01 3.977335e+00 -3.532574e+00 -6.497787e+00 -5.198944e+00 6.009703e-01 3.405728e-01 -1.457080e-01 7.074867e-01 -2.789871e-01 2.077483e-01 2.755305e-01 -5.027207e-01 1.116280e+00 -4.952501e-01 9.659672e-01 -8.841870e-01 1.925898e-01 -5.456585e-03 -5.998085e-01 2.234938e-01 -3.067829e-01 -5.783383e-01 8.492652e-01 -4.213584e-01 1.127503e-01 4.632478e-01 2.795804e-01 -2.045821e-02 2.059922e-01 -3.547874e-01 5.108685e-03
<VARIANCE> 39
 1.194787e+01 5.080418e+00 1.182757e+00 4.367480e+00 2.625405e+00 6.811283e+00 3.471520e+01 1.280161e+01 2.530457e+01 2.843087e+01 1.237693e+01 1.190311e+01 1.145761e-02 5.985189e-01 3.120100e-01 2.151763e-01 6.658118e-01 1.209616e+00 2.312766e+00 7.539713e-01 1.562061e+00 1.574051e+00 6.541868e-01 4.765145e-01 1.141332e+00 1.000000e-02 5.954449e-02 2.374601e-02 1.148119e-01 4.272766e-02 1.223049e-01 2.625479e-01 1.953061e-01 2.338417e-01 1.841878e-01 1.581673e-01 6.761020e-02 2.894315e-01 1.000000e-02
<GCONST> 5.541558e+01
<STATE> 15
<MEAN> 39
 3.215392e+00 -2.190936e+01 -4.043478e+00 -1.220871e+01 -3.988102e+00 -1.228774e+01 -5.243767e-01 -8.619419e+00 9.826394e-01 -5.212585e-01 -9.163322e+00 -6.134082e+00 6.263269e-01 -4.299191e-01 1.211098e-02 1.953915e-01 -6.725967e-01 8.696302e-01 -5.237947e-01 2.277430e-01 9.456500e-01 -4.074120e-02 -3.536104e-02 -6.658128e-01 -2.261643e-02 -4.791032e-03 -1.649596e-01 2.970183e-02 -2.468731e-01 1.332567e-01 -2.104050e-01 4.941943e-02 2.117658e-01 -2.740662e-01 6.060121e-01 -4.814197e-01 1.339747e-01 6.322695e-02 -3.224866e-03
<VARIANCE> 39
 4.080670e+00 4.997540e+00 1.851991e+00 7.267783e+00 4.645652e+00 2.008366e+01 1.228606e+01 5.173766e+00 2.269322e+01 2.927926e+01 3.884284e+00 1.364609e+01 1.000000e-02 3.983916e-01 1.691801e-01 3.197133e-01 3.439233e-01 4.709798e-01 1.380388e+00 1.452153e+00 2.454546e+00 2.327404e+00 8.789378e-01 5.839722e-01 1.668629e+00 1.000000e-02 4.537079e-02 1.902694e-02 3.919054e-02 1.158571e-01 9.028344e-02 1.920074e-01 7.981841e-02 1.875177e-01 2.008630e-01 1.945803e-01 1.459505e-01 1.769432e-01 1.000000e-02
<GCONST> 5.165445e+01
<STATE> 16
<MEAN> 39
 1.961332e+00 -2.193522e+01 -4.283597e+00 -1.234432e+01 -3.409396e+00 -1.344256e+01 1.398504e+00 -7.024027e+00 3.597691e+00 -2.556898e+00 -1.051206e+01 -6.215836e+00 5.971004e-01 -3.122831e-01 4.722272e-02 -1.589293e-01 1.645110e-01 -5.316112e-01 4.161759e-01 2.051496e-01 2.469355e-01 1.424148e+00 -9.394548e-01 -2.960446e-01 4.287336e-01 -1.924859e-02 1.088585e-01 1.890447e-02 -1.622382e-01 5.730436e-01 -3.093283e-01 4.252445e-01 -1.811854e-01 -2.810793e-01 1.235914e-02 1.033405e-01 5.441178e-01 1.896959e-01 -1.018821e-02
<VARIANCE> 39
 5.104576e+00 6.786032e+00 5.567790e+00 6.811095e+00 6.458647e+00 1.455440e+01 3.083562e+00 3.987761e+01 2.123784e+01 1.823424e+01 6.447228e+00 1.400155e+01 1.000000e-02 7.633597e-02 1.581727e-01 2.883762e-01 3.866075e-01 2.532305e-01 4.032399e-01 8.653260e-01 1.260521e+00 1.047725e+00 1.704107e+00 5.261404e-01 8.565939e-01 1.000000e-02 6.550641e-02 7.029597e-02 1.672892e-01 1.945202e-01 8.411031e-02 3.316191e-01 1.034886e-01 9.490294e-01 5.677112e-01 3.425677e-01 5.085193e-02 3.046528e-01 1.000000e-02
<GCONST> 5.532596e+01
<STATE> 17
<MEAN> 39
 1.219255e+00 -2.254940e+01 -4.406179e+00 -1.034742e+01 -6.099447e+00 -8.985162e+00 1.739775e+00 -9.633170e+00 7.698338e+00 -5.416065e+00 -8.582435e+00 -3.427759e+00 5.042155e-01 6.725464e-02 -8.473618e-02 -4.477512e-01 1.481156e+00 -3.786007e-01 1.185631e+00 -4.579673e-01 7.222980e-02 -3.704592e-01 2.831035e-01 1.305109e+00 4.004486e-01 -4.166543e-02 1.323264e-01 2.423609e-02 -2.880308e-01 5.184033e-01 3.549790e-01 -8.835366e-02 1.127408e-01 3.346584e-01 -6.825122e-01 2.553576e-01 4.044288e-01 4.374672e-02 -5.669574e-03
<VARIANCE> 39
 1.812507e+00 8.416487e+00 2.641718e+00 6.574178e+00 5.501857e+00 1.490151e+01 1.466686e+01 2.315472e+01 1.077511e+01 1.008345e+01 1.860697e+01 1.110986e+01 1.000000e-02 1.560926e-01 3.659498e-01 1.051863e+00 2.607608e+00 4.899749e-01 2.083482e+00 2.513244e-01 3.276121e+00 1.993420e+00 1.337393e+00 1.124725e+00 6.054035e-01 1.000000e-02 1.691370e-02 4.354927e-02 5.844126e-02 1.320577e-01 1.022237e-01 1.826827e-01 1.089414e-01 3.796535e-01 1.652325e-01 3.183891e-01 4.205293e-01 1.229986e-01 1.000000e-02
<GCONST> 5.711351e+01
<STATE> 18
<MEAN> 39
 2.719694e+00 -2.148512e+01 -5.430062e+00 -6.245899e+00 -4.056125e+00 -9.465073e+00 1.703190e-01 -6.158181e+00 4.405176e+00 -1.449099e+00 -6.370530e+00 -4.629062e+00 4.467409e-01 2.510347e-01 3.238115e-01 -1.267980e+00 2.078367e+00 9.398630e-01 4.178091e-01 5.398254e-01 1.370942e+00 -9.481277e-01 8.956265e-02 1.736104e+00 1.021663e+00 -4.313011e-02 -1.189263e-01 -8.124401e-02 -4.420889e-01 -2.782928e-01 1.570355e-01 -1.942742e-01 2.633617e-01 3.697762e-02 -1.458369e-01 -3.297282e-01 -1.305360e-01 2.126378e-01 3.581661e-03
<VARIANCE> 39
 2.645201e+00 7.655220e+00 8.847354e+00 2.075281e+01 2.761191e+00 3.760749e+01 8.203313e+00 1.061034e+01 6.259282e+00 1.314281e+01 8.019792e+00 2.473289e+01 1.000000e-02 5.175690e-02 2.132201e-01 5.653979e-01 1.155587e+00 7.135561e-01 1.433333e+00 4.219866e-01 1.676128e+00 1.163324e+00 1.339482e+00 2.859563e+00 1.176422e+00 1.000000e-02 2.203925e-02 7.541823e-02 1.903033e-01 5.419220e-01 7.273097e-02 6.470284e-01 4.875860e-02 3.990997e-01 2.156795e-01 3.404686e-01 3.156292e-01 1.380279e-01 1.000000e-02
<GCONST> 5.988046e+01
<STATE> 19
<MEAN> 39
 2.023788e+00 -2.162187e+01 -9.652384e+00 -3.236548e+00 -3.623608e+00 -8.119771e+00 2.983335e+00 -4.371107e+00 2.713535e+00 -3.737868e+00 -2.481461e+00 -8.898283e-01 3.616794e-01 -3.466837e-01 -2.793062e-01 -1.485131e+00 6.364005e-01 2.924476e-01 1.446368e-01 1.495236e-01 4.638492e-01 -3.984066e-01 -5.099388e-01 3.508186e-01 7.222456e-01 -2.708415e-02 -1.694667e-01 -1.124605e-02 3.840334e-01 -2.568853e-01 1.444872e-01 5.827262e-02 -1.823977e-01 -2.380584e-01 1.409692e-01 -2.098435e-01 -5.415282e-01 -1.947410e-01 3.213472e-03
<VARIANCE> 39
 5.436071e+00 1.128836e+01 5.923699e+00 6.745918e+00 9.664466e+00 5.823872e+00 1.048893e+01 5.853483e+00 6.279269e+00 1.209708e+01 1.161303e+01 1.393087e+01 1.000000e-02 1.631844e-01 5.221618e-01 5.772582e-01 9.492033e-01 5.064918e-01 2.085675e+00 7.988066e-01 3.490907e-01 2.956105e-01 1.383718e+00 2.156798e+00 5.547696e-01 1.000000e-02 5.572818e-02 1.290462e-01 1.062455e-01 1.383321e-01 1.646790e-01 2.611417e-01 7.873551e-02 1.044756e-01 1.934432e-01 3.019432e-01 4.067713e-01 8.608213e-02 1.000000e-02
<GCONST> 5.493555e+01
<STATE> 20
<MEAN> 39
 1.296902e+00 -2.241853e+01 -1.113995e+01 -3.245307e+00 -1.731438e+00 -7.532176e+00 1.437266e+00 -5.465850e+00 2.360698e+00 -6.332300e+00 -4.577260e+00 -7.832982e-01 3.187808e-01 -4.127998e-01 4.396366e-01 2.525839e-01 9.275493e-01 1.471559e+00 5.781243e-01 1.806978e-01 1.776283e-01 -8.363589e-01 -8.707723e-01 -2.826456e-01 3.673971e-01 -2.668208e-02 -8.665621e-02 3.035591e-01 5.518948e-01 1.113682e-01 1.528517e-01 4.518699e-02 1.795838e-01 1.478494e-01 7.150994e-02 3.770898e-01 1.608324e-01 -1.553757e-01 -1.318577e-03
<VARIANCE> 39
 4.617557e+00 9.823983e+00 6.906123e+00 5.132453e+00 3.870243e+00 1.487965e+01 1.164783e+01 7.256014e+00 3.166350e+00 6.617399e+00 1.016248e+01 6.674186e+00 1.000000e-02 6.039950e-01 9.593893e-01 3.209842e-01 1.577791e-01 4.769544e-01 6.377017e-01 3.943808e-01 3.111730e-01 1.404529e+00 1.516044e+00 1.408552e+00 8.908419e-01 1.000000e-02 8.592764e-02 1.968122e-01 1.128282e-01 1.057769e-01 8.289814e-02 3.726703e-01 1.227888e-01 3.584603e-02 7.758372e-02 1.838216e-01 3.237505e-01 8.858652e-02 1.000000e-02
<GCONST> 4.994721e+01
<STATE> 21
<MEAN> 39
 -1.215818e-01 -2.140347e+01 -9.962740e+00 -2.793359e-01 8.470904e-01 -6.715909e+00 2.764701e+00 -3.408793e+00 -6.860696e-01 -6.450903e+00 -4.146557e+00 7.918401e-01 2.631793e-01 -8.543483e-01 4.777881e-01 6.444738e-01 1.194632e+00 1.068657e+00 9.385743e-01 7.593296e-01 9.034626e-01 -7.832044e-02 2.038427e-01 3.215684e-01 -1.127490e-01 -3.578594e-02 -2.676629e-02 1.526505e-01 1.295463e-01 -1.069459e-01 -1.323790e-01 -3.446140e-02 -2.414327e-01 1.043081e-02 4.102706e-01 2.036872e-01 1.124953e-01 -3.622088e-01 -1.736509e-04
<VARIANCE> 39
 1.362971e+00 1.750591e+00 4.994824e+00 4.993517e+00 5.798481e+00 5.924876e+00 1.117938e+01 1.658045e+01 1.175704e+01 1.533841e+01 2.112873e+01 6.588337e+00 1.000000e-02 4.645930e-01 1.141667e+00 4.021560e-01 5.877236e-01 3.439685e-01 1.390512e+00 6.173694e-01 4.839967e-01 5.893743e-01 1.140901e+00 6.909092e-01 1.232922e+00 1.000000e-02 4.156696e-02 2.069290e-01 1.734036e-01 5.799031e-02 1.796666e-01 1.934925e-01 1.441994e-01 3.047251e-01 3.385929e-01 4.134841e-01 2.453839e-01 7.305083e-02 1.000000e-02
<GCONST> 5.443127e+01
<STATE> 22
<MEAN> 39
 -1.419282e+00 -2.038887e+01 -8.935584e+00 1.294964e+00 2.436575e+00 -4.221547e+00 4.745178e+00 -1.248564e+00 3.277216e+00 -4.299790e+00 -3.129306e+00 -1.806009e+00 1.975909e-01 -5.842378e-01 5.736862e-01 2.678185e-01 4.190256e-01 6.096637e-01 -2.990374e-02 -1.193429e+00 3.694412e-01 7.392285e-01 3.648680e-01 2.417058e-01 -6.501225e-01 -2.526515e-02 8.570613e-02 -2.241954e-01 -1.811486e-01 -2.236250e-01 -1.865482e-01 -3.267693e-01 -2.648797e-01 -1.095749e-01 -1.422306e-01 -2.689661e-01 -1.766633e-01 4.981780e-02 6.277787e-03
<VARIANCE> 39
 4.387699e+00 1.211963e+01 3.145465e+00 7.240757e+00 9.299144e+00 6.643629e+00 8.855870e+00 1.007862e+01 6.998470e+00 4.768668e+00 5.952981e+00 6.078913e+00 1.000000e-02 1.929295e-01 1.335340e+00 1.285286e+00 1.861093e-01 9.099593e-01 5.363252e-01 9.754938e-01 2.865927e+00 1.696308e+00 1.988045e+00 1.364185e+00 3.980682e-01 1.000000e-02 1.349492e-01 3.605264e-01 1.136097e-01 8.197030e-02 7.161836e-02 1.599630e-01 3.131285e-01 1.595413e-01 1.634482e-01 2.779089e-01 1.514611e-01 2.725871e-01 1.000000e-02
<GCONST> 5.735745e+01
<STATE> 23
<MEAN> 39
 -2.111916e+00 -1.896927e+01 -8.228191e+00 9.045156e-01 2.646777e+00 -6.769993e+00 -8.490001e-01 -2.366331e+00 1.640402e+00 -5.913942e+00 -3.007844e+00 -1.332025e+00 1.710111e-01 -3.161160e-01 -6.655455e-04 7.416876e-02 1.420116e-01 4.714246e-01 -5.410966e-02 1.376282e-01 5.458320e-01 -4.848980e-01 -5.505140e-01 -1.687483e-01 -2.088387e-01 -1.058214e-02 4.094938e-02 -1.817601e-01 -1.367138e-01 -1.220083e-01 -1.200217e-01 2.308309e-01 7.507241e-01 7.118978e-02 -1.256218e-01 1.151536e-01 -5.865770e-02 1.563622e-01 1.724561e-03
<VARIANCE> 39
 3.485006e+00 2.555802e+01 1.595103e+01 2.597732e+00 3.288946e+00 3.720391e+00 1.108492e+01 1.044440e+01 1.055905e+01 1.076309e+01 8.694098e+00 6.573748e+00 1.000000e-02 5.934613e-01 1.753520e+00 1.359468e+00 1.435008e-01 1.884667e-01 8.249100e-01 2.684300e+00 8.074206e-01 1.162801e+00 1.372480e+00 6.748792e-01 1.423867e+00 1.000000e-02 6.422413e-02 4.374471e-01 2.932627e-01 6.581280e-02 9.073067e-02 1.631655e-01 3.018580e-01 3.213080e-01 2.944182e-01 3.485301e-01 2.484351e-01 1.130883e-01 1.000000e-02
<GCONST> 5.994073e+01
<STATE> 24
<MEAN> 39
 -2.978045e+00 -2.086899e+01 -9.282217e+00 2.250909e+00 4.481061e+00 -4.853086e+00 4.314331e+00 5.897480e-01 1.436749e+00 -6.151690e+00 -3.985166e+00 -2.319867e+00 1.477104e-01 -4.902373e-01 3.131090e-01 1.161946e-01 1.929038e-02 2.064640e-01 6.373520e-01 1.329121e+00 4.600334e-01 1.690242e-01 6.289524e-01 8.782061e-02 1.007702e-01 -2.576171e-02 -2.401566e-02 6.859310e-01 3.099173e-01 -3.431931e-01 -1.321830e-01 1.226729e-01 -1.148374e-01 -2.512099e-01 3.912312e-01 4.698000e-01 4.409426e-01 1.853774e-01 -8.151510e-03
<VARIANCE> 39
 2.101800e+00 1.536102e+01 6.989539e+00 5.780156e+00 6.369867e+00 7.583460e+00 2.301737e+01 9.180455e+00 1.467190e+01 1.470396e+01 5.564296e+00 8.158222e+00 1.000000e-02 4.353032e-01 2.462297e+00 1.379278e+00 5.986533e-01 3.263833e-01 2.576437e+00 1.990296e+00 1.416620e+00 1.039780e+00 1.125432e+00 7.858517e-01 4.222294e-01 1.000000e-02 1.172982e-01 4.898386e-01 3.567673e-01 9.891079e-02 6.757277e-02 1.626532e-01 4.330418e-01 2.247029e-01 4.349015e-01 5.127465e-01 8.564092e-02 1.950228e-01 1.000000e-02
<GCONST> 6.461630e+01
<STATE> 25
<MEAN> 39
 -3.787606e+00 -1.663663e+01 -7.759128e+00 4.452400e-01 3.706958e+00 -2.810612e+00 5.039042e+00 -1.764082e+00 1.474232e+00 -4.691342e+00 -1.964780e+00 -7.299230e-01 7.428241e-02 -5.166804e-01 2.028010e+00 1.066916e+00 -8.864444e-01 -7.440443e-02 4.132670e-01 1.405710e-01 -2.782093e-03 8.062313e-01 1.059948e+00 1.402438e+00 5.540686e-01 -3.405111e-02 -3.741251e-02 2.053383e-01 2.559474e-01 -1.643501e-01 -1.226465e-01 -2.372551e-01 -3.322787e-01 1.410321e-01 7.969707e-04 -4.226030e-02 -2.740746e-02 -2.391206e-01 -1.148531e-03
<VARIANCE> 39
 4.760637e+00 5.927259e+00 2.990684e+00 6.874312e+00 6.533017e+00 2.855287e+01 1.421107e+01 8.779317e+00 1.997590e+01 5.928782e+00 1.414885e+01 1.602122e+01 1.000000e-02 4.076630e-01 2.452880e+00 1.643016e+00 5.525066e-01 6.132954e-01 6.678272e-01 1.487596e+00 1.758280e+00 2.174644e+00 3.292634e+00 5.571748e-01 1.471929e+00 1.000000e-02 8.136156e-02 1.162021e-01 8.950600e-02 8.225950e-02 3.517630e-02 6.643914e-01 4.246953e-01 5.030199e-01 3.990562e-01 2.973194e-01 1.553123e-01 3.430097e-01 1.000000e-02
<GCONST> 6.628388e+01
<STATE> 26
<MEAN> 39
 -5.075762e+00 -1.215820e+01 -3.947200e+00 -1.222352e+00 4.226258e+00 -3.551664e+00 5.288982e+00 1.311386e+00 5.194544e+00 -4.545021e-01 9.346305e-01 -9.108068e-01 2.734034e-03 -4.330205e-01 1.428260e+00 9.942233e-01 -1.002203e+00 -2.815400e-01 3.401901e-01 -1.361885e-01 7.483003e-02 1.206306e-01 5.047602e-01 3.123753e-01 -4.735259e-01 -2.818515e-02 1.225077e-01 -6.727112e-01 -4.806618e-01 2.022090e-01 -4.528145e-02 -1.894050e-02 -3.079003e-01 -2.601147e-01 -7.191123e-01 -6.655121e-01 -3.881548e-01 -1.398856e-01 6.395001e-03
<VARIANCE> 39
 2.075538e+00 3.034379e+00 6.487177e+00 3.058298e+00 4.384274e+00 6.752122e+00 7.048911e+00 1.066749e+01 1.578293e+01 1.300683e+01 2.106533e+01 2.145625e+01 1.000000e-02 4.255490e-01 5.748318e-01 4.120878e-01 4.100481e-01 2.715269e-01 2.870526e+00 2.194677e+00 1.907052e+00 3.086262e+00 1.347211e+00 8.975766e-01 2.436133e+00 1.000000e-02 3.321488e-02 1.147655e-01 1.270498e-01 1.123752e-01 3.613981e-02 1.351566e-01 2.209632e-01 3.051596e-01 4.157985e-01 5.315740e-01 1.747981e-01 3.727753e-01 1.000000e-02
<GCONST> 5.996187e+01
<STATE> 27
<MEAN> 39
 -5.410124e+00 -1.244602e+01 -4.000699e+00 -2.003949e+00 3.444220e+00 -1.822810e+00 3.643198e+00 -3.707531e-01 4.197838e+00 -2.046535e+00 -6.430383e-01 -2.783854e+00 -2.787248e-02 -2.490806e-01 2.887030e-01 -7.259583e-02 -4.770488e-01 -4.010383e-01 2.398605e-01 -9.625313e-01 -5.059329e-01 -1.119671e+00 -9.944625e-01 -2.414627e-01 -5.415411e-01 -2.416584e-02 1.666438e-01 -4.010642e-01 -3.275378e-01 3.262264e-01 3.929183e-02 -2.675249e-01 -2.128507e-01 -2.579578e-01 -4.499035e-01 -2.557024e-01 -1.412871e-02 1.459466e-01 6.507141e-03
<VARIANCE> 39
 7.007389e-01 3.011999e+00 4.813154e+00 6.148046e+00 1.390366e+00 2.026247e+00 8.368578e+00 9.534667e+00 2.637255e+01 1.309228e+01 3.032069e+00 5.132998e+00 1.000000e-02 3.343127e-02 1.037876e-01 1.683628e-01 8.054296e-01 2.216822e-01 6.895291e-01 2.504094e-01 1.973819e+00 3.103764e+00 1.699497e+00 9.416178e-01 2.007497e+00 1.000000e-02 5.428998e-02 8.397772e-02 1.600473e-01 1.704050e-01 2.669427e-02 3.211181e-01 4.445148e-01 2.614676e-01 4.633616e-01 4.059424e-01 1.156730e-01 2.574903e-01 1.000000e-02
<GCONST> 4.696716e+01
<TRANSP> 28
 0.000000e+00 1.000000e+00 0.000000e+00 0.000000e+00 0.000000e+00 0.000000e+00 0.000000e+00 0.000000e+00 0.000000e+00 0.000000e+00 0.000000e+00 0.000000e+00 0.000000e+00 0.000000e+00 0.000000e+00 0.000000e+00 0.000000e+00 0.000000e+00 0.000000e+00 0.000000e+00 0.000000e+00 0.000000e+00 0.000000e+00 0.000000e+00 0.000000e+00 0.000000e+00 0.000000e+00 0.000000e+00
 0.000000e+00 5.000000e-01 5.000000e-01 0.000000e+00 0.000000e+00 0.000000e+00 0.000000e+00 0.000000e+00 0.000000e+00 0.000000e+00 0.000000e+00 0.000000e+00 0.000000e+00 0.000000e+00 0.000000e+00 0.000000e+00 0.000000e+00 0.000000e+00 0.000000e+00 0.000000e+00 0.000000e+00 0.000000e+00 0.000000e+00 0.000000e+00 0.000000e+00 0.000000e+00 0.000000e+00 0.000000e+00
 0.000000e+00 0.000000e+00 5.000000e-01 5.000000e-01 0.000000e+00 0.000000e+00 0.000000e+00 0.000000e+00 0.000000e+00 0.000000e+00 0.000000e+00 0.000000e+00 0.000000e+00 0.000000e+00 0.000000e+00 0.000000e+00 0.000000e+00 0.000000e+00 0.000000e+00 0.000000e+00 0.000000e+00 0.000000e+00 0.000000e+00 0.000000e+00 0.000000e+00 0.000000e+00 0.000000e+00 0.000000e+00
 0.000000e+00 0.000000e+00 0.000000e+00 5.000000e-01 5.000000e-01 0.000000e+00 0.000000e+00 0.000000e+00 0.000000e+00 0.000000e+00 0.000000e+00 0.000000e+00 0.000000e+00 0.000000e+00 0.000000e+00 0.000000e+00 0.000000e+00 0.000000e+00 0.000000e+00 0.000000e+00 0.000000e+00 0.000000e+00 0.000000e+00 0.000000e+00 0.000000e+00 0.000000e+00 0.000000e+00 0.000000e+00
 0.000000e+00 0.000000e+00 0.000000e+00 0.000000e+00 5.000000e-01 5.000000e-01 0.000000e+00 0.000000e+00 0.000000e+00 0.000000e+00 0.000000e+00 0.000000e+00 0.000000e+00 0.000000e+00 0.000000e+00 0.000000e+00 0.000000e+00 0.000000e+00 0.000000e+00 0.000000e+00 0.000000e+00 0.000000e+00 0.000000e+00 0.000000e+00 0.000000e+00 0.000000e+00 0.000000e+00 0.000000e+00
 0.000000e+00 0.000000e+00 0.000000e+00 0.000000e+00 0.000000e+00 5.000000e-01 5.000000e-01 0.000000e+00 0.000000e+00 0.000000e+00 0.000000e+00 0.000000e+00 0.000000e+00 0.000000e+00 0.000000e+00 0.000000e+00 0.000000e+00 0.000000e+00 0.000000e+00 0.000000e+00 0.000000e+00 0.000000e+00 0.000000e+00 0.000000e+00 0.000000e+00 0.000000e+00 0.000000e+00 0.000000e+00
 0.000000e+00 0.000000e+00 0.000000e+00 0.000000e+00 0.000000e+00 0.000000e+00 4.444444e-01 5.555556e-01 0.000000e+00 0.000000e+00 0.000000e+00 0.000000e+00 0.000000e+00 0.000000e+00 0.000000e+00 0.000000e+00 0.000000e+00 0.000000e+00 0.000000e+00 0.000000e+00 0.000000e+00 0.000000e+00 0.000000e+00 0.000000e+00 0.000000e+00 0.000000e+00 0.000000e+00 0.000000e+00
 0.000000e+00 0.000000e+00 0.000000e+00 0.000000e+00 0.000000e+00 0.000000e+00 0.000000e+00 4.444444e-01 5.555556e-01 0.000000e+00 0.000000e+00 0.000000e+00 0.000000e+00 0.000000e+00 0.000000e+00 0.000000e+00 0.000000e+00 0.000000e+00 0.000000e+00 0.000000e+00 0.000000e+00 0.000000e+00 0.000000e+00 0.000000e+00 0.000000e+00 0.000000e+00 0.000000e+00 0.000000e+00
 0.000000e+00 0.000000e+00 0.000000e+00 0.000000e+00 0.000000e+00 0.000000e+00 0.000000e+00 0.000000e+00 5.454546e-01 4.545455e-01 0.000000e+00 0.000000e+00 0.000000e+00 0.000000e+00 0.000000e+00 0.000000e+00 0.000000e+00 0.000000e+00 0.000000e+00 0.000000e+00 0.000000e+00 0.000000e+00 0.000000e+00 0.000000e+00 0.000000e+00 0.000000e+00 0.000000e+00 0.000000e+00
 0.000000e+00 0.000000e+00 0.000000e+00 0.000000e+00 0.000000e+00 0.000000e+00 0.000000e+00 0.000000e+00 0.000000e+00 5.000000e-01 5.000000e-01 0.000000e+00 0.000000e+00 0.000000e+00 0.000000e+00 0.000000e+00 0.000000e+00 0.000000e+00 0.000000e+00 0.000000e+00 0.000000e+00 0.000000e+00 0.000000e+00 0.000000e+00 0.000000e+00 0.000000e+00 0.000000e+00 0.000000e+00
 0.000000e+00 0.000000e+00 0.000000e+00 0.000000e+00 0.000000e+00 0.000000e+00 0.000000e+00 0.000000e+00 0.000000e+00 0.000000e+00 5.000000e-01 5.000000e-01 0.000000e+00 0.000000e+00 0.000000e+00 0.000000e+00 0.000000e+00 0.000000e+00 0.000000e+00 0.000000e+00 0.000000e+00 0.000000e+00 0.000000e+00 0.000000e+00 0.000000e+00 0.000000e+00 0.000000e+00 0.000000e+00
 0.000000e+00 0.000000e+00 0.000000e+00 0.000000e+00 0.000000e+00 0.000000e+00 0.000000e+00 0.000000e+00 0.000000e+00 0.000000e+00 0.000000e+00 3.750000e-01 6.250000e-01 0.000000e+00 0.000000e+00 0.000000e+00 0.000000e+00 0.000000e+00 0.000000e+00 0.000000e+00 0.000000e+00 0.000000e+00 0.000000e+00 0.000000e+00 0.000000e+00 0.000000e+00 0.000000e+00 0.000000e+00
 0.000000e+00 0.000000e+00 0.000000e+00 0.000000e+00 0.000000e+00 0.000000e+00 0.000000e+00 0.000000e+00 0.000000e+00 0.000000e+00 0.000000e+00 0.000000e+00 5.000000e-01 5.000000e-01 0.000000e+00 0.000000e+00 0.000000e+00 0.000000e+00 0.000000e+00 0.000000e+00 0.000000e+00 0.000000e+00 0.000000e+00 0.000000e+00 0.000000e+00 0.000000e+00 0.000000e+00 0.000000e+00
 0.000000e+00 0.000000e+00 0.000000e+00 0.000000e+00 0.000000e+00 0.000000e+00 0.000000e+00 0.000000e+00 0.000000e+00 0.000000e+00 0.000000e+00 0.000000e+00 0.000000e+00 4.444444e-01 5.555556e-01 0.000000e+00 0.000000e+00 0.000000e+00 0.000000e+00 0.000000e+00 0.000000e+00 0.000000e+00 0.000000e+00 0.000000e+00 0.000000e+00 0.000000e+00 0.000000e+00 0.000000e+00
 0.000000e+00 0.000000e+00 0.000000e+00 0.000000e+00 0.000000e+00 0.000000e+00 0.000000e+00 0.000000e+00 0.000000e+00 0.000000e+00 0.000000e+00 0.000000e+00 0.000000e+00 0.000000e+00 5.000000e-01 5.000000e-01 0.000000e+00 0.000000e+00 0.000000e+00 0.000000e+00 0.000000e+00 0.000000e+00 0.000000e+00 0.000000e+00 0.000000e+00 0.000000e+00 0.000000e+00 0.000000e+00
 0.000000e+00 0.000000e+00 0.000000e+00 0.000000e+00 0.000000e+00 0.000000e+00 0.000000e+00 0.000000e+00 0.000000e+00 0.000000e+00 0.000000e+00 0.000000e+00 0.000000e+00 0.000000e+00 0.000000e+00 4.444444e-01 5.555556e-01 0.000000e+00 0.000000e+00 0.000000e+00 0.000000e+00 0.000000e+00 0.000000e+00 0.000000e+00 0.000000e+00 0.000000e+00 0.000000e+00 0.000000e+00
 0.000000e+00 0.000000e+00 0.000000e+00 0.000000e+00 0.000000e+00 0.000000e+00 0.000000e+00 0.000000e+00 0.000000e+00 0.000000e+00 0.000000e+00 0.000000e+00 0.000000e+00 0.000000e+00 0.000000e+00 0.000000e+00 5.000000e-01 5.000000e-01 0.000000e+00 0.000000e+00 0.000000e+00 0.000000e+00 0.000000e+00 0.000000e+00 0.000000e+00 0.000000e+00 0.000000e+00 0.000000e+00
 0.000000e+00 0.000000e+00 0.000000e+00 0.000000e+00 0.000000e+00 0.000000e+00 0.000000e+00 0.000000e+00 0.000000e+00 0.000000e+00 0.000000e+00 0.000000e+00 0.000000e+00 0.000000e+00 0.000000e+00 0.000000e+00 0.000000e+00 3.750000e-01 6.250000e-01 0.000000e+00 0.000000e+00 0.000000e+00 0.000000e+00 0.000000e+00 0.000000e+00 0.000000e+00 0.000000e+00 0.000000e+00
 0.000000e+00 0.000000e+00 0.000000e+00 0.000000e+00 0.000000e+00 0.000000e+00 0.000000e+00 0.000000e+00 0.000000e+00 0.000000e+00 0.000000e+00 0.000000e+00 0.000000e+00 0.000000e+00 0.000000e+00 0.000000e+00 0.000000e+00 0.000000e+00 5.833333e-01 4.166667e-01 0.000000e+00 0.000000e+00 0.000000e+00 0.000000e+00 0.000000e+00 0.000000e+00 0.000000e+00 0.000000e+00
 0.000000e+00 0.000000e+00 0.000000e+00 0.000000e+00 0.000000e+00 0.000000e+00 0.000000e+00 0.000000e+00 0.000000e+00 0.000000e+00 0.000000e+00 0.000000e+00 0.000000e+00 0.000000e+00 0.000000e+00 0.000000e+00 0.000000e+00 0.000000e+00 0.000000e+00 4.444444e-01 5.555556e-01 0.000000e+00 0.000000e+00 0.000000e+00 0.000000e+00 0.000000e+00 0.000000e+00 0.000000e+00
 0.000000e+00 0.000000e+00 0.000000e+00 0.000000e+00 0.000000e+00 0.000000e+00 0.000000e+00 0.000000e+00 0.000000e+00 0.000000e+00 0.000000e+00 0.000000e+00 0.000000e+00 0.000000e+00 0.000000e+00 0.000000e+00 0.000000e+00 0.000000e+00 0.000000e+00 0.000000e+00 4.444444e-01 5.555556e-01 0.000000e+00 0.000000e+00 0.000000e+00 0.000000e+00 0.000000e+00 0.000000e+00
 0.000000e+00 0.000000e+00 0.000000e+00 0.000000e+00 0.000000e+00 0.000000e+00 0.000000e+00 0.000000e+00 0.000000e+00 0.000000e+00 0.000000e+00 0.000000e+00 0.000000e+00 0.000000e+00 0.000000e+00 0.000000e+00 0.000000e+00 0.000000e+00 0.000000e+00 0.000000e+00 0.000000e+00 4.444444e-01 5.555556e-01 0.000000e+00 0.000000e+00 0.000000e+00 0.000000e+00 0.000000e+00
 0.000000e+00 0.000000e+00 0.000000e+00 0.000000e+00 0.000000e+00 0.000000e+00 0.000000e+00 0.000000e+00 0.000000e+00 0.000000e+00 0.000000e+00 0.000000e+00 0.000000e+00 0.000000e+00 0.000000e+00 0.000000e+00 0.000000e+00 0.000000e+00 0.000000e+00 0.000000e+00 0.000000e+00 0.000000e+00 5.000000e-01 5.000000e-01 0.000000e+00 0.000000e+00 0.000000e+00 0.000000e+00
 0.000000e+00 0.000000e+00 0.000000e+00 0.000000e+00 0.000000e+00 0.000000e+00 0.000000e+00 0.000000e+00 0.000000e+00 0.000000e+00 0.000000e+00 0.000000e+00 0.000000e+00 0.000000e+00 0.000000e+00 0.000000e+00 0.000000e+00 0.000000e+00 0.000000e+00 0.000000e+00 0.000000e+00 0.000000e+00 0.000000e+00 5.454546e-01 4.545455e-01 0.000000e+00 0.000000e+00 0.000000e+00
 0.000000e+00 0.000000e+00 0.000000e+00 0.000000e+00 0.000000e+00 0.000000e+00 0.000000e+00 0.000000e+00 0.000000e+00 0.000000e+00 0.000000e+00 0.000000e+00 0.000000e+00 0.000000e+00 0.000000e+00 0.000000e+00 0.000000e+00 0.000000e+00 0.000000e+00 0.000000e+00 0.000000e+00 0.000000e+00 0.000000e+00 0.000000e+00 5.000000e-01 5.000000e-01 0.000000e+00 0.000000e+00
 0.000000e+00 0.000000e+00 0.000000e+00 0.000000e+00 0.000000e+00 0.000000e+00 0.000000e+00 0.000000e+00 0.000000e+00 0.000000e+00 0.000000e+00 0.000000e+00 0.000000e+00 0.000000e+00 0.000000e+00 0.000000e+00 0.000000e+00 0.000000e+00 0.000000e+00 0.000000e+00 0.000000e+00 0.000000e+00 0.000000e+00 0.000000e+00 0.000000e+00 4.444444e-01 5.555556e-01 0.000000e+00
 0.000000e+00 0.000000e+00 0.000000e+00 0.000000e+00 0.000000e+00 0.000000e+00 0.000000e+00 0.000000e+00 0.000000e+00 0.000000e+00 0.000000e+00 0.000000e+00 0.000000e+00 0.000000e+00 0.000000e+00 0.000000e+00 0.000000e+00 0.000000e+00 0.000000e+00 0.000000e+00 0.000000e+00 0.000000e+00 0.000000e+00 0.000000e+00 0.000000e+00 0.000000e+00 0.000000e+00 1.000000e+00
 0.000000e+00 0.000000e+00 0.000000e+00 0.000000e+00 0.000000e+00 0.000000e+00 0.000000e+00 0.000000e+00 0.000000e+00 0.000000e+00 0.000000e+00 0.000000e+00 0.000000e+00 0.000000e+00 0.000000e+00 0.000000e+00 0.000000e+00 0.000000e+00 0.000000e+00 0.000000e+00 0.000000e+00 0.000000e+00 0.000000e+00 0.000000e+00 0.000000e+00 0.000000e+00 0.000000e+00 0.000000e+00
<ENDHMM>
