~o
<STREAMINFO> 1 39
<VECSIZE> 39<NULLD><MFCC_E_D_A><DIAGC>
~h "Chay"
<BEGINHMM>
<NUMSTATES> 26
<STATE> 2
<MEAN> 39
 -6.729262e+00 -8.841805e+00 -1.586042e+00 -1.769227e+00 -3.165525e-01 -4.853361e+00 1.070414e+00 -2.359253e+00 2.617439e-01 -2.469517e+00 7.819257e-01 -2.087930e+00 -9.751112e-02 -1.116824e+00 2.790368e-01 -5.425391e-01 -1.501407e+00 2.374659e-01 -2.760589e-01 -4.124281e-01 2.630626e-01 8.578235e-01 8.056610e-01 -5.244935e-01 -1.614884e-01 4.489015e-02 -3.603249e-01 2.490711e-01 -3.113896e-01 -1.257306e+00 6.265423e-02 -2.051989e-01 6.325614e-02 1.053269e-01 4.468117e-01 3.380693e-01 -1.539239e-01 6.511427e-02 5.147810e-02
<VARIANCE> 39
 2.533605e+00 1.872683e+00 3.077029e+00 3.518320e+00 6.561736e+00 4.529171e+00 3.583710e+00 3.467914e+00 7.418636e+00 7.328576e+00 1.445408e+01 1.577360e+01 1.000000e-02 7.430304e-01 8.234181e-01 9.391181e-01 4.308465e+00 1.831953e+00 1.096919e+00 1.026981e+00 1.779855e+00 5.040404e-01 8.207302e-01 1.234597e+00 1.620340e+00 1.000000e-02 1.080333e-01 9.682659e-02 2.347526e-01 3.995395e-01 5.793720e-01 5.722021e-01 1.978632e-01 3.231741e-01 1.593005e-01 1.718963e-01 2.148900e-01 3.486993e-01 1.000000e-02
<GCONST> 6.218609e+01
<STATE> 3
<MEAN> 39
 -1.172908e+01 -5.439310e+00 -4.456601e+00 -1.301557e+01 2.807410e+00 -5.533410e+00 -6.027306e-01 -7.866651e-01 3.904487e+00 -2.025638e-01 -2.259610e-01 -9.586346e-01 2.925445e-01 -1.618060e+00 6.272931e-01 -1.491387e+00 -5.156438e+00 -2.043461e+00 -2.263418e+00 6.882978e-01 -3.104555e-01 1.337324e+00 1.028074e+00 -6.882235e-01 1.498462e-01 2.059231e-01 5.414042e-01 -1.177789e+00 -1.180026e-01 4.323577e-01 -1.635599e+00 -7.953176e-02 8.103203e-01 3.312997e-02 -4.684972e-01 -2.054459e-01 8.354387e-02 -3.542474e-01 1.444447e-02
<VARIANCE> 39
 1.874803e+01 1.395307e+01 1.139752e+01 4.808485e+01 2.315804e+01 2.698600e+01 3.495390e+01 2.401209e+01 8.101766e+00 2.496775e+01 1.949951e+01 1.801294e+01 5.323345e-02 1.219354e+00 1.522176e+00 1.690899e+00 8.672795e-01 5.928707e+00 5.187141e+00 1.505467e+00 1.191455e+00 9.448959e-01 1.701612e+00 8.283716e-01 1.614485e+00 1.000000e-02 1.237421e-01 3.604029e-01 8.276446e-02 1.184138e+00 4.291002e-01 3.642516e-01 3.755683e-01 5.403641e-01 1.035104e-01 2.101454e-01 2.637231e-01 3.261657e-01 1.000000e-02
<GCONST> 8.636071e+01
<STATE> 4
<MEAN> 39
 -1.226450e+01 -8.402757e+00 -6.605553e+00 -2.033892e+01 -9.551696e+00 -1.222822e+01 3.109726e+00 -2.674131e+00 5.667190e+00 2.325020e+00 -1.480689e+00 -2.077645e+00 6.867064e-01 5.580850e-01 -3.837074e+00 -1.241039e+00 -8.484758e-01 -4.909764e+00 5.826622e-02 2.672993e+00 6.748667e-01 -8.450203e-01 -1.077174e-01 -3.379671e-01 -1.417700e+00 1.439447e-01 5.496577e-01 -1.205089e+00 -1.656937e-01 2.017977e+00 8.767127e-01 1.316144e+00 6.751555e-01 2.994854e-01 -1.076130e+00 -1.042408e+00 1.673702e-01 -1.289545e-01 -3.792912e-02
<VARIANCE> 39
 1.366639e+01 2.226825e+01 2.008413e+01 8.106968e+00 6.148435e+01 4.716898e+01 2.194897e+01 1.320641e+01 6.390455e+00 1.080385e+01 9.710649e+00 8.919160e+00 1.107591e-02 5.413178e-01 1.537138e+00 3.898976e-01 3.448852e+00 2.426061e+00 2.771013e+00 1.756023e+00 2.290221e+00 7.913408e-01 1.617974e+00 8.635491e-01 4.478478e-01 1.000000e-02 1.644603e-01 3.826935e-01 3.308900e-01 9.635043e-02 1.577780e+00 5.796005e-01 3.522488e-01 3.437034e-01 1.814989e-01 3.603263e-01 4.926628e-02 1.879098e-01 1.000000e-02
<GCONST> 7.799771e+01
<STATE> 5
<MEAN> 39
 -1.109402e+01 -1.909606e+01 -1.053891e+01 -1.692613e+01 -1.415971e+01 -5.383338e+00 1.042645e+01 9.720996e-01 2.840445e-01 -2.074260e+00 -3.151825e+00 -6.539299e+00 8.774606e-01 3.650753e-01 -3.747129e+00 -2.154318e+00 2.625270e+00 1.586722e+00 2.272894e+00 2.920717e+00 3.047680e-01 -2.795977e+00 -2.954754e+00 3.674817e-02 5.705412e-02 6.078408e-02 -1.796931e-01 6.089557e-01 -4.008346e-02 9.531206e-01 2.407477e+00 5.076002e-03 -7.384426e-01 -4.871222e-01 -3.594177e-02 -2.803209e-01 4.288341e-01 9.434595e-01 -2.816937e-02
<VARIANCE> 39
 1.925896e+01 7.271770e+00 1.122369e+01 1.178151e+01 1.841909e+01 3.659480e+01 2.145658e+01 4.649144e+00 9.093722e+00 3.410448e+01 5.782453e+00 7.136217e+00 1.000000e-02 6.562917e-01 1.210759e+00 8.514237e-01 4.240408e-01 5.053424e+00 6.100331e-01 1.929470e+00 1.820016e+00 4.210428e-01 1.439532e+00 9.138111e-01 1.303670e+00 1.000000e-02 3.859283e-02 1.623769e-01 9.358016e-02 2.687722e-01 2.626438e-01 3.448658e-01 3.907311e-01 4.116042e-01 2.618907e-01 6.565583e-01 6.506258e-02 7.672401e-02 1.000000e-02
<GCONST> 6.902399e+01
<STATE> 6
<MEAN> 39
 -9.926517e+00 -2.506667e+01 -1.473700e+01 -9.173696e+00 -3.719353e+00 -3.611885e+00 1.434945e+01 -6.934776e-01 -5.714982e+00 -8.486091e+00 1.445719e-01 -1.743249e+00 9.559608e-01 1.518121e-02 -1.678576e+00 -1.121224e+00 3.134553e+00 4.272825e+00 5.493392e-01 -3.162548e-01 -7.319897e-01 -9.747311e-01 -9.960343e-01 1.450181e+00 2.083916e+00 2.524766e-02 -6.190799e-02 8.665020e-01 3.920357e-01 -3.722871e-01 1.361602e-01 -6.041760e-01 -1.012967e+00 -1.576177e-01 9.200118e-01 8.837341e-01 -8.692899e-02 6.060426e-02 -1.087808e-02
<VARIANCE> 39
 2.083483e+01 9.532539e+00 5.327355e+00 1.310111e+01 2.396412e+01 2.979682e+01 4.124672e+01 1.078910e+01 5.761629e+00 1.188175e+01 9.990287e+00 1.573328e+01 1.000000e-02 1.901037e-01 5.017503e-01 2.593255e-01 7.290413e-01 3.441906e-01 1.026931e+00 2.068629e+00 9.551510e-01 1.147025e+00 2.243834e+00 6.413553e-01 4.643639e-01 1.000000e-02 7.393720e-02 1.050593e-01 1.158275e-01 1.657699e-01 3.043375e-01 1.664120e-01 2.529283e-01 1.704812e-01 1.626507e-01 2.764353e-01 3.251948e-01 2.455531e-01 1.000000e-02
<GCONST> 6.414409e+01
<STATE> 7
<MEAN> 39
 -1.064868e+01 -2.544747e+01 -1.633527e+01 -3.148558e+00 4.521094e+00 -2.231052e+00 1.046604e+01 -2.123550e+00 -4.282200e+00 -6.949820e+00 1.821567e+00 1.934962e+00 9.896191e-01 6.841823e-02 5.815526e-02 -8.403788e-01 1.095590e+00 2.699589e+00 -1.750713e-01 -8.922661e-01 -6.046982e-01 9.079480e-01 2.064709e-01 -2.803932e-01 3.366558e-01 8.821351e-03 -1.215559e-01 3.580179e-01 1.220428e-01 -8.441665e-01 -8.919072e-01 -1.688624e-01 1.556001e-01 -3.759888e-02 4.050562e-01 3.671527e-02 -6.098136e-01 -7.129198e-01 -6.774900e-03
<VARIANCE> 39
 1.811389e+01 9.132460e+00 4.670916e+00 8.472850e+00 3.373322e+01 4.221142e+01 5.684645e+01 9.356224e+00 1.266619e+01 5.074003e+00 6.567398e+00 7.440228e+00 1.000000e-02 2.794406e-01 4.453989e-01 5.937183e-01 1.022141e+00 1.408402e+00 1.230523e+00 2.565435e-01 7.036799e-01 7.258438e-01 1.199687e+00 1.072913e+00 3.590759e-01 1.000000e-02 2.550682e-02 1.063239e-01 5.401725e-02 5.147814e-02 8.647558e-02 1.757118e-01 2.388213e-01 1.737680e-01 2.482098e-01 1.153253e-01 1.331689e-01 3.402353e-02 1.000000e-02
<GCONST> 5.528638e+01
<STATE> 8
<MEAN> 39
 -1.082041e+01 -2.575974e+01 -1.818080e+01 -3.991161e+00 7.422826e+00 -4.002459e+00 1.003091e+01 -4.386382e+00 -9.176748e-01 -8.189813e+00 -8.783901e-01 3.033450e-01 9.917214e-01 -6.695092e-01 1.086799e-01 -2.903200e-01 -4.035431e-03 7.644188e-01 -1.630806e-01 -1.711291e-02 -7.893714e-01 1.106124e+00 -2.292084e-01 -7.784876e-01 -5.947832e-01 -6.478316e-03 -2.409375e-01 6.512161e-02 2.576314e-01 -1.295109e-01 -6.207128e-01 5.176797e-02 3.070120e-01 1.301009e-01 -1.297778e-01 -8.649795e-02 1.938079e-01 -6.495757e-02 -5.254022e-03
<VARIANCE> 39
 1.084286e+01 9.196505e+00 9.802771e+00 8.454080e+00 3.543268e+01 5.158205e+01 2.352022e+01 9.219262e+00 1.759372e+01 8.002834e+00 2.518656e+00 1.300907e+01 1.000000e-02 5.722606e-01 3.486057e-01 4.221477e-01 2.613781e-01 6.128819e-01 7.769563e-01 5.712932e-01 3.517879e-01 6.488877e-01 2.799884e-01 3.898568e-01 3.024420e-01 1.000000e-02 9.780315e-02 8.026920e-02 1.090919e-01 1.184135e-01 1.223857e-01 1.962918e-01 3.053623e-02 9.088989e-02 1.935414e-01 1.012247e-01 1.357727e-01 8.912111e-02 1.000000e-02
<GCONST> 5.104278e+01
<STATE> 9
<MEAN> 39
 -1.316546e+01 -2.527984e+01 -1.792684e+01 -3.664066e+00 8.555467e+00 -3.597296e+00 1.072827e+01 -5.230322e+00 -2.257043e-01 -8.467303e+00 -1.310891e+00 -8.048829e-01 9.584658e-01 -8.099524e-01 2.101523e-01 2.277935e-01 -2.033423e-02 -6.661510e-01 -4.056928e-01 3.503333e-01 -8.052248e-02 1.088134e-01 -7.066984e-01 1.956045e-01 -1.002652e-01 -1.305697e-02 2.608015e-01 2.552585e-02 2.426346e-01 -1.040839e-01 -5.746905e-01 -8.029610e-02 1.697912e-01 3.735673e-01 -5.236287e-01 -1.808198e-01 2.241173e-01 1.888263e-01 5.400275e-04
<VARIANCE> 39
 6.227407e+00 4.745254e+00 6.598054e+00 7.035873e+00 3.697883e+01 5.511232e+01 2.055604e+01 7.041582e+00 1.399139e+01 6.630211e+00 1.516309e+00 6.232954e+00 1.000000e-02 4.461890e-01 3.386604e-01 3.853983e-01 4.988836e-01 5.062543e-01 6.243804e-01 6.249598e-02 3.056798e-01 8.815956e-01 4.742572e-01 5.006830e-01 4.164677e-01 1.000000e-02 7.459571e-02 5.947661e-02 2.597328e-02 3.819783e-02 5.048891e-02 1.019596e-01 2.890866e-02 5.329046e-02 1.168124e-01 1.173327e-01 4.890983e-02 3.249708e-02 1.000000e-02
<GCONST> 3.855594e+01
<STATE> 10
<MEAN> 39
 -1.409016e+01 -2.476533e+01 -1.709914e+01 -3.978548e+00 4.431384e+00 -5.596766e+00 1.243954e+01 -4.344833e+00 -9.658874e-01 -1.099764e+01 -7.281054e-01 -5.063365e-01 9.331661e-01 5.037956e-01 1.415205e-01 1.003188e+00 -6.264238e-01 -1.844258e+00 -1.864515e-01 1.092836e+00 9.415792e-01 -1.317744e+00 -7.801498e-01 3.543271e-01 1.810091e-01 -8.305210e-03 3.511747e-01 2.640250e-02 3.644603e-01 -3.958811e-01 -3.509310e-01 1.585477e-02 1.939270e-01 2.202854e-01 -2.307011e-02 3.100490e-01 -3.826893e-02 -2.726403e-01 -1.732187e-03
<VARIANCE> 39
 5.781591e+00 6.368841e+00 4.844194e+00 9.902223e+00 3.524619e+01 2.938846e+01 2.291592e+01 6.962641e+00 1.317420e+01 6.277990e+00 4.507885e+00 1.029554e+01 1.000000e-02 2.716632e-01 2.028088e-01 3.893872e-01 4.726955e-01 3.249949e-01 4.205390e-01 1.833116e-01 3.019774e-01 4.529575e-01 6.064358e-01 1.678346e-01 2.935593e-01 1.000000e-02 1.004360e-01 6.440784e-02 6.812594e-02 1.253153e-01 3.365163e-02 5.890545e-02 3.468349e-02 6.177061e-02 2.002405e-01 1.312581e-01 7.292573e-02 1.460204e-01 1.000000e-02
<GCONST> 4.147412e+01
<STATE> 11
<MEAN> 39
 -1.204166e+01 -2.373098e+01 -1.273593e+01 -6.385082e+00 1.538283e+00 -4.892209e+00 1.545593e+01 -2.629601e+00 -4.533215e+00 -1.207757e+01 2.090821e-01 -1.075864e+00 9.158523e-01 4.058196e-01 4.710486e-01 1.698060e+00 -1.894558e+00 -2.500228e+00 -5.784422e-01 9.866648e-01 8.314180e-01 1.245210e-01 8.779554e-01 -4.098831e-01 -1.603213e+00 -2.178205e-02 -1.212688e-01 2.531642e-01 1.082020e-01 -3.536983e-01 -4.453804e-01 -2.908878e-01 -5.175837e-01 -6.805407e-02 8.351408e-01 1.093544e+00 -1.831941e-01 -4.385162e-01 -5.258492e-03
<VARIANCE> 39
 7.207807e+00 3.897253e+00 9.864657e+00 8.116597e+00 3.290654e+01 2.153745e+01 2.219312e+01 1.178249e+01 5.516179e+00 1.496197e+01 6.767554e+00 1.104883e+01 1.000000e-02 3.213007e-01 2.420854e-01 2.647228e-01 8.065149e-01 9.048816e-01 1.664172e-01 5.387588e-01 4.451422e-01 4.692273e-01 7.973871e-01 7.538442e-01 8.678770e-01 1.000000e-02 1.000000e-02 3.736789e-02 3.746477e-02 9.849434e-02 5.644858e-02 6.093703e-02 9.945057e-02 4.939137e-02 2.476334e-02 9.983117e-02 1.166300e-01 2.051909e-01 1.000000e-02
<GCONST> 4.339329e+01
<STATE> 12
<MEAN> 39
 -1.190685e+01 -2.292311e+01 -9.996898e+00 -1.153272e+01 -7.369927e+00 -7.276327e+00 1.610830e+01 3.466389e-01 -8.889409e-01 -7.511178e+00 -1.387174e+00 -5.348924e+00 8.470014e-01 2.401408e-01 1.199449e+00 1.834039e+00 -1.840184e+00 -3.098438e+00 -1.180746e+00 -6.272810e-01 4.990024e-01 1.697771e+00 3.356537e+00 1.492853e-01 -1.247163e+00 -2.693431e-02 -7.478970e-02 1.127192e-01 -3.064824e-02 4.283081e-02 2.706879e-01 -3.695990e-01 -7.130070e-01 -4.660600e-01 5.418429e-01 6.483859e-01 3.441210e-01 4.432680e-01 3.040264e-03
<VARIANCE> 39
 6.338876e+00 4.639897e+00 1.392255e+01 9.274431e+00 1.616218e+01 2.518929e+01 1.514841e+01 1.764849e+01 1.613971e+01 1.524574e+01 1.193824e+01 5.932034e+00 1.000000e-02 1.083707e-01 1.190102e-01 2.200414e-01 3.128285e-01 4.155277e-01 7.718824e-01 9.909707e-01 1.142034e+00 3.944523e-01 9.887032e-01 6.045756e-01 5.791371e-01 1.000000e-02 5.302093e-02 4.768026e-02 7.571436e-02 1.900652e-01 7.840966e-02 8.702058e-02 1.184443e-01 1.356370e-01 1.364234e-01 2.107207e-01 1.272354e-01 1.388820e-01 1.000000e-02
<GCONST> 5.051091e+01
<STATE> 13
<MEAN> 39
 -1.082272e+01 -1.991008e+01 -5.467596e+00 -1.483190e+01 -1.155241e+01 -1.206258e+01 1.249981e+01 -8.700148e-01 3.663273e+00 2.817966e+00 1.041737e+00 -6.551804e+00 7.950395e-01 1.817005e-01 8.898301e-01 1.497000e+00 -1.646246e+00 -1.518541e+00 -2.261404e+00 -1.982579e+00 -7.594178e-01 2.580818e+00 3.203048e+00 8.615729e-01 1.823121e-01 -9.691895e-03 -1.224937e-01 -1.240334e-01 -3.231037e-01 1.373491e-01 7.759155e-01 2.245747e-01 -5.716976e-02 -3.802304e-01 -4.420886e-01 -1.026998e+00 -9.566374e-02 6.024996e-01 2.388523e-03
<VARIANCE> 39
 6.914888e+00 4.167169e+00 1.190058e+01 4.487595e+00 2.350677e+01 4.307840e+01 3.192815e+01 1.558466e+01 1.368603e+01 1.178606e+01 1.338328e+01 7.701735e+00 1.000000e-02 1.147862e-01 2.568774e-01 3.671392e-01 7.078282e-01 5.878487e-01 1.445866e+00 6.140246e-01 5.575556e-01 1.164971e+00 1.784342e+00 5.581586e-01 2.619997e-01 1.000000e-02 3.339442e-02 3.849794e-02 5.863753e-02 4.782863e-02 1.277744e-01 2.929881e-01 1.745101e-01 9.489281e-02 3.175268e-01 3.120167e-01 1.665359e-01 1.056093e-01 1.000000e-02
<GCONST> 5.448132e+01
<STATE> 14
<MEAN> 39
 -1.049295e+01 -1.845054e+01 -5.014541e+00 -1.874583e+01 -1.260307e+01 -1.689318e+01 9.157867e+00 -2.053950e+00 7.297266e+00 5.827030e+00 3.387542e+00 -4.898412e+00 7.938253e-01 -4.841792e-01 6.985983e-01 5.318446e-01 -1.206225e+00 -1.763021e-01 -5.992599e-01 -1.371043e+00 -1.408996e+00 -2.594398e-02 9.203249e-02 3.050299e-01 1.373932e+00 -2.161008e-02 -1.238833e-01 4.656203e-02 -1.482527e-01 3.475560e-01 4.023341e-01 4.959035e-01 2.219396e-01 1.121538e-02 -7.580607e-01 -8.151625e-01 -2.163782e-01 3.670495e-01 -5.515456e-03
<VARIANCE> 39
 3.273660e+00 2.627518e+00 5.333526e+00 5.092820e+00 1.292571e+01 3.465664e+01 2.167494e+01 2.072835e+01 1.472503e+01 8.318849e+00 1.244728e+01 3.526480e+00 1.000000e-02 2.907620e-01 1.804250e-01 1.476391e-01 2.973715e-01 6.918087e-01 7.204967e-01 6.468083e-01 3.748060e-01 7.336066e-01 9.077713e-01 6.695290e-01 6.032413e-01 1.000000e-02 3.142070e-02 4.389213e-02 6.718463e-02 6.276421e-02 1.082534e-01 4.159544e-01 2.037200e-01 9.333527e-02 3.123910e-01 2.212446e-01 1.349074e-01 1.634601e-01 1.000000e-02
<GCONST> 4.901342e+01
<STATE> 15
<MEAN> 39
 -1.349380e+01 -1.570141e+01 -7.412895e-01 -1.952363e+01 -1.283849e+01 -1.102882e+01 4.526089e+00 -6.378696e+00 4.751571e+00 3.574752e+00 3.961031e-01 1.144369e+00 7.121748e-01 2.371092e-01 4.909958e-01 2.898540e-01 2.778215e-01 1.020532e+00 -1.051346e-01 -7.310883e-01 -4.809163e-01 -8.826094e-01 -1.364834e+00 -5.001850e-01 1.355228e+00 -3.608024e-02 4.624396e-01 -4.214296e-01 -3.093560e-01 4.674802e-01 1.267393e-01 6.093145e-03 1.494639e-01 2.515938e-01 -5.000050e-02 -2.821921e-01 -1.887791e-01 -3.602695e-01 -6.890067e-03
<VARIANCE> 39
 4.537589e+00 4.162316e+00 8.724482e+00 6.824981e+00 1.873693e+01 3.515783e+01 5.614645e+00 4.458193e+00 3.957542e+00 7.198289e+00 7.597445e+00 1.147334e+01 1.000000e-02 1.009753e+00 5.596016e-01 1.403883e+00 1.124910e+00 7.398725e-01 1.762555e+00 6.675526e-01 3.212645e-01 7.730078e-01 1.061026e+00 3.746811e-01 1.365073e+00 1.000000e-02 9.864546e-02 1.379658e-01 1.611095e-01 1.502449e-01 2.080746e-01 2.571563e-01 3.558489e-02 6.133282e-02 1.254500e-01 1.515251e-01 5.445283e-02 2.342432e-01 1.000000e-02
<GCONST> 5.475993e+01
<STATE> 16
<MEAN> 39
 -1.090617e+01 -1.652563e+01 -3.497510e+00 -1.922069e+01 -1.025427e+01 -1.713201e+01 3.925297e+00 -7.194405e+00 2.809233e+00 -1.059921e+00 1.903854e-01 1.317959e+00 6.103861e-01 1.363010e+00 -6.871872e-01 -3.376181e-01 8.451854e-01 2.565955e-01 7.670799e-01 -1.019799e-01 1.124874e-01 -6.491338e-01 -8.267412e-01 -5.891572e-01 5.967203e-01 -5.186881e-02 5.673869e-01 -6.445706e-01 2.766507e-02 6.777132e-01 -2.702201e-01 1.001088e+00 3.579902e-01 4.531927e-01 9.414559e-02 3.635762e-01 1.366873e-01 -1.634967e-01 -3.233872e-03
<VARIANCE> 39
 8.584855e+00 7.167480e+00 1.467005e+01 2.487078e+01 8.379163e+00 3.626971e+01 2.092972e+01 3.525739e+00 5.719112e+00 1.306903e+01 2.434191e+01 5.660661e+00 1.000000e-02 8.254915e-01 2.189103e+00 5.597034e-01 9.158481e-01 1.177001e+00 1.964988e+00 9.841025e-01 1.350945e+00 7.376410e-01 9.532903e-01 3.323164e-01 1.903521e+00 1.000000e-02 2.469226e-01 2.066825e-01 2.761986e-01 2.246229e-01 1.626511e-01 1.903706e-01 3.021995e-01 1.106343e-01 2.040489e-01 1.587251e-01 1.151661e-01 1.684126e-01 1.000000e-02
<GCONST> 6.737411e+01
<STATE> 17
<MEAN> 39
 -5.910127e+00 -1.925287e+01 -2.751847e+00 -1.455003e+01 -1.057210e+01 -1.060376e+01 5.055667e+00 -5.198152e+00 2.752806e+00 6.495941e-02 -1.493033e-01 2.886015e+00 4.820981e-01 2.605007e+00 -2.428040e+00 -6.833206e-02 3.264329e+00 -1.234845e-01 3.384115e+00 1.396165e-01 9.110060e-01 -4.822753e-01 -7.433830e-01 -3.182401e-01 2.585268e-01 -5.034769e-02 -7.721937e-02 -1.851700e-01 -1.966172e-01 4.521639e-01 2.409420e-01 5.607279e-02 1.766727e-01 1.324161e-01 -5.525602e-02 -2.714000e-01 6.559929e-02 -1.065337e-01 5.358641e-03
<VARIANCE> 39
 1.177544e+01 1.365073e+01 4.206623e+00 1.522822e+01 1.594013e+01 3.526635e+01 8.344225e+00 1.495466e+01 8.835336e+00 8.800155e+00 6.320061e+00 8.798950e+00 1.000000e-02 1.181582e+00 1.090907e+00 1.130373e+00 6.814911e-01 2.119184e+00 1.037675e+00 2.027267e+00 7.061000e-01 1.003578e+00 9.417794e-01 1.399181e+00 1.591218e+00 1.000000e-02 2.274457e-01 4.171332e-01 9.073365e-02 2.199577e-01 3.320395e-01 4.454926e-01 2.617787e-01 3.204165e-01 3.831901e-01 8.937088e-02 5.135028e-02 3.920923e-01 1.000000e-02
<GCONST> 7.057684e+01
<STATE> 18
<MEAN> 39
 -8.008841e-01 -2.560856e+01 -4.271447e+00 -5.355562e+00 -8.997843e+00 -3.941288e+00 5.277307e+00 -3.834315e+00 -1.969574e-01 -5.095656e+00 -1.400329e+00 2.957352e+00 3.882261e-01 1.017078e+00 -1.165504e+00 -1.018755e+00 2.142444e+00 1.131351e+00 6.644399e-01 8.929784e-01 6.446006e-01 -8.977739e-01 -1.023973e+00 -2.989414e-02 2.296349e-01 -2.814536e-02 -7.679957e-01 6.333300e-01 -1.898239e-01 -8.985469e-01 7.341941e-02 -9.751601e-01 -2.874018e-02 8.213906e-02 3.094046e-01 4.606855e-01 1.335309e-01 -7.400618e-02 6.102826e-03
<VARIANCE> 39
 3.423672e+00 3.919088e+00 6.807326e+00 1.935993e+01 1.605915e+01 1.416223e+01 9.091570e+00 9.733324e-01 8.411475e+00 8.936984e+00 9.121422e+00 1.802221e+01 1.000000e-02 1.572595e+00 1.598445e+00 3.110383e-01 3.416299e+00 1.465842e+00 3.645383e+00 1.506902e+00 1.393066e+00 1.515465e+00 2.851369e+00 3.829845e-01 1.627200e+00 1.000000e-02 1.609747e-01 1.092272e-01 1.190474e-01 1.312298e-01 4.807466e-01 2.753095e-01 4.186252e-01 1.072107e-01 1.570971e-01 5.160804e-01 1.847654e-01 6.532075e-01 1.000000e-02
<GCONST> 6.880644e+01
<STATE> 19
<MEAN> 39
 -1.460878e+00 -2.567399e+01 -6.885354e+00 -5.321084e+00 -7.348836e+00 -4.935589e+00 7.796216e+00 -8.636963e-02 1.682613e+00 -2.816143e+00 -9.206776e-01 3.101195e+00 3.416803e-01 -1.819674e-01 -2.104943e-01 -1.056165e+00 5.878074e-01 3.968850e-01 -1.265950e-01 3.716846e-01 8.025497e-01 3.588502e-01 1.988272e-01 3.749928e-01 -2.221929e-01 -2.375336e-02 -1.946542e-01 3.576770e-01 2.205883e-01 -9.796526e-02 -1.143407e-01 -2.672453e-01 -1.761108e-01 -5.996575e-01 -1.059376e-01 -1.280260e-01 1.006013e-01 -8.414440e-02 1.025127e-03
<VARIANCE> 39
 6.345726e+00 6.482070e+00 6.438081e+00 8.012491e+00 1.771319e+01 1.593216e+01 7.325799e+00 1.505573e+01 1.551243e+01 2.402295e+01 6.550924e+00 1.355486e+01 1.000000e-02 2.992160e-01 6.410065e-01 2.031839e-01 1.769994e+00 1.828265e+00 1.607081e+00 1.364587e+00 1.612403e+00 1.298463e+00 1.904290e+00 1.534012e+00 3.181787e+00 1.000000e-02 2.640609e-01 2.271495e-01 1.078530e-01 6.643583e-01 3.131962e-01 5.388703e-01 2.358070e-01 3.481607e-01 5.166483e-01 6.677746e-01 1.119117e-01 2.839266e-01 1.000000e-02
<GCONST> 7.371561e+01
<STATE> 20
<MEAN> 39
 -1.169133e+00 -2.594017e+01 -8.676526e+00 -3.049938e+00 -7.699060e+00 -6.473794e+00 7.914664e+00 -2.135322e+00 6.689692e-02 -4.306736e+00 8.640670e-01 2.569659e+00 2.936650e-01 -1.785896e-01 3.979622e-01 1.948558e-01 1.121224e+00 3.561554e-01 -1.044559e-01 -2.602431e-01 -9.770422e-01 -6.167112e-01 -6.119810e-01 3.742710e-02 5.737060e-02 -2.348097e-02 -1.432733e-02 3.486789e-01 6.144982e-01 8.299021e-02 1.572339e-01 1.425793e-01 -1.628826e-01 2.614460e-02 5.528490e-02 8.501931e-02 -2.095580e-01 1.112013e-02 1.265271e-03
<VARIANCE> 39
 1.474189e+00 8.052598e-01 6.771777e+00 9.676659e+00 7.497618e+00 8.540551e+00 7.780221e+00 6.292528e+00 1.676457e+01 1.440612e+01 1.051797e+01 8.178407e+00 1.000000e-02 4.221120e-01 6.272479e-01 7.203591e-01 1.215053e+00 8.545697e-01 1.187701e+00 7.628785e-01 9.887673e-01 1.488915e+00 2.514137e+00 8.693433e-01 1.446968e+00 1.000000e-02 5.712349e-02 1.116636e-01 7.650155e-02 4.783157e-01 2.055063e-01 2.108054e-01 1.760154e-01 2.366324e-01 6.227283e-01 3.205517e-01 2.685668e-01 4.392498e-01 1.000000e-02
<GCONST> 6.159882e+01
<STATE> 21
<MEAN> 39
 -2.249953e+00 -2.310261e+01 -6.584923e+00 -1.126085e+00 -4.820307e+00 -4.736164e+00 6.396021e+00 -3.887004e+00 -1.440309e+00 -6.051040e+00 -7.054818e-01 2.903253e+00 2.270757e-01 1.639639e-02 1.340054e+00 1.309940e+00 5.952529e-01 5.696312e-01 -1.382679e-01 -4.037378e-01 4.559332e-01 2.121929e-01 2.407108e-01 -3.705143e-02 -4.363690e-02 -1.831904e-02 1.689878e-01 8.439346e-02 6.205950e-02 -1.590198e-01 -1.305313e-01 -1.326428e-01 3.273886e-02 2.663538e-01 2.452199e-01 3.974094e-01 -2.393128e-02 -2.068314e-01 5.782974e-03
<VARIANCE> 39
 6.760553e-01 1.340171e+01 2.594892e+00 5.666802e+00 6.917661e+00 3.611272e+00 1.382080e+01 1.194397e+01 5.340151e+00 1.250706e+01 5.689229e+00 3.565450e+01 1.000000e-02 4.837724e-01 1.039048e+00 4.148078e-01 1.935276e+00 8.376913e-01 5.601962e-01 4.735202e-01 1.130332e+00 3.277650e+00 1.555727e+00 5.125450e-01 1.304103e+00 1.000000e-02 5.373101e-02 3.017471e-01 1.743807e-01 2.780008e-01 5.833717e-02 1.266917e-01 1.527129e-01 2.953540e-01 3.361300e-01 3.895377e-01 6.015290e-02 2.929651e-01 1.000000e-02
<GCONST> 5.830288e+01
<STATE> 22
<MEAN> 39
 -8.072029e-01 -2.035258e+01 -1.812789e+00 1.653486e+00 -5.157949e+00 -6.744761e+00 5.830339e+00 -2.682782e+00 1.392848e-01 -3.863602e+00 -5.223704e-01 1.054244e+00 2.289741e-01 3.893188e-01 1.146598e+00 7.335839e-01 5.121592e-01 4.328486e-01 -4.575431e-01 -1.860596e-01 1.718904e-01 2.552645e-02 4.685321e-02 -5.617630e-01 -1.245036e+00 -5.247544e-03 -2.558419e-01 -1.850978e-01 -5.005316e-01 -3.202449e-01 6.612881e-02 -1.758896e-02 1.655614e-02 -2.393948e-02 -1.669973e-01 -1.967367e-01 -2.224082e-02 -4.309823e-02 -5.118037e-03
<VARIANCE> 39
 4.868385e+00 1.677328e+01 8.826507e+00 1.251519e+01 1.314540e+01 6.268608e+00 7.482808e+00 1.110898e+01 1.465195e+01 1.361396e+01 5.478214e+00 5.234801e+00 1.000000e-02 2.910549e-01 9.869825e-01 1.294876e+00 1.845061e+00 1.309775e+00 3.666995e-01 8.035763e-01 6.953490e-01 1.250821e+00 2.171014e+00 3.648669e-01 7.384710e-01 1.000000e-02 1.987848e-01 1.984844e-01 9.809522e-02 3.573840e-01 3.146911e-01 1.431553e-01 2.178267e-01 2.717427e-01 4.424116e-01 2.951309e-01 7.067695e-02 1.586000e-01 1.000000e-02
<GCONST> 6.341136e+01
<STATE> 23
<MEAN> 39
 -1.284005e+00 -1.916757e+01 -3.182181e+00 1.457142e+00 -2.925526e+00 -7.163704e+00 5.532752e+00 -1.289138e+00 9.451431e-01 -4.316662e+00 -1.992462e+00 -4.184760e-01 1.902371e-01 -1.183448e+00 6.654638e-01 -2.718592e-01 1.231360e-01 1.131305e+00 1.627298e-01 -3.383961e-01 4.599215e-02 -3.547531e-01 1.401363e-01 2.304613e-01 -1.440917e-01 -4.501153e-02 -5.016472e-01 1.195538e-01 -1.376572e-01 -3.500780e-01 5.752054e-02 4.534419e-01 -6.825487e-02 -1.977788e-01 -1.490846e-01 1.357801e-01 2.955863e-01 3.843933e-01 -1.784804e-02
<VARIANCE> 39
 3.750764e+00 9.294050e+00 1.151983e+01 1.119395e+01 9.731482e+00 4.793423e+00 7.038404e+00 9.752343e+00 8.509712e+00 6.019391e+00 7.008542e+00 1.800587e+01 1.000000e-02 7.834653e-01 6.211901e-01 4.797178e-01 8.473887e-01 9.731735e-01 7.953552e-01 1.161908e+00 1.770163e+00 1.475737e+00 4.988151e-01 4.101777e-01 8.081238e-01 1.000000e-02 5.524816e-02 1.017378e-01 1.010937e-01 1.790094e-01 1.523042e-01 7.105657e-02 1.283992e-01 2.535674e-01 2.925993e-01 3.548505e-01 7.836831e-02 1.581694e-01 1.000000e-02
<GCONST> 5.675248e+01
<STATE> 24
<MEAN> 39
 -5.579692e+00 -1.646049e+01 -4.324793e+00 -5.996004e-01 -1.014647e+00 -5.833264e+00 4.171888e+00 -2.672856e+00 -2.911104e+00 -4.344484e+00 -4.209478e-01 -5.881779e-01 2.205591e-02 -1.405143e+00 1.317629e+00 -1.109928e-01 -1.240166e+00 5.028291e-01 1.346200e+00 -2.341330e-01 -2.058060e-01 -9.809954e-02 2.458005e-01 5.454371e-01 4.152111e-01 -6.764031e-02 3.303631e-01 3.855868e-02 1.907978e-01 7.203596e-02 -1.992330e-01 7.901546e-02 2.368052e-01 8.349891e-02 3.286438e-01 4.833566e-02 -1.715044e-02 -1.834042e-02 9.282808e-03
<VARIANCE> 39
 5.989930e+00 4.244972e+00 6.708026e+00 1.535562e+01 3.817528e+00 7.913159e+00 8.926966e+00 8.197902e+00 1.598053e+00 3.950981e+00 8.791919e+00 9.195740e+00 1.000000e-02 5.694479e-01 9.046458e-01 6.518159e-01 9.009817e-01 5.183979e-01 3.066075e-01 8.929143e-01 9.773425e-01 1.511552e+00 1.087559e+00 5.688139e-01 1.668341e+00 1.000000e-02 1.539009e-01 9.282324e-02 9.678943e-02 3.062001e-01 1.215758e-01 1.412050e-01 2.832911e-01 2.775385e-01 1.634010e-01 1.602549e-01 1.865337e-01 4.567960e-01 1.000000e-02
<GCONST> 5.646219e+01
<STATE> 25
<MEAN> 39
 -6.937113e+00 -1.420306e+01 -4.154612e+00 -1.760862e+00 -4.083571e-02 -2.138801e+00 5.464725e+00 -2.318243e+00 4.742939e-01 -3.348611e+00 -2.830175e-03 9.089287e-03 -6.904320e-02 -3.014904e-01 6.650006e-01 1.838091e-01 7.734346e-02 1.862991e-01 3.923433e-01 2.896432e-01 5.619286e-02 5.631440e-01 4.283799e-01 2.438134e-01 -2.098426e-01 -1.847822e-02 3.763776e-01 -1.987983e-01 1.468633e-01 3.532801e-01 -5.920274e-02 -3.988280e-01 -5.196865e-03 1.522879e-01 -1.146173e-01 -1.282627e-01 -2.217088e-02 -2.152447e-02 1.705876e-02
<VARIANCE> 39
 1.135574e+00 3.030962e+00 1.839101e+00 3.103218e+00 3.209781e+00 6.170378e+00 1.574429e+01 1.419372e+00 6.215378e+00 1.017173e+01 1.118460e+01 1.048717e+01 1.000000e-02 6.689535e-01 2.068987e-01 5.297908e-01 9.300947e-01 4.429820e-01 5.627563e-01 1.042110e+00 8.879061e-01 7.162725e-01 1.244601e+00 1.132615e+00 2.705787e+00 1.000000e-02 1.462399e-01 1.560967e-01 1.268108e-01 1.354150e-01 7.850010e-02 1.155990e-01 2.160863e-01 9.317782e-02 2.102990e-01 2.066419e-01 1.934117e-01 4.428858e-01 1.000000e-02
<GCONST> 5.065114e+01
<TRANSP> 26
 0.000000e+00 1.000000e+00 0.000000e+00 0.000000e+00 0.000000e+00 0.000000e+00 0.000000e+00 0.000000e+00 0.000000e+00 0.000000e+00 0.000000e+00 0.000000e+00 0.000000e+00 0.000000e+00 0.000000e+00 0.000000e+00 0.000000e+00 0.000000e+00 0.000000e+00 0.000000e+00 0.000000e+00 0.000000e+00 0.000000e+00 0.000000e+00 0.000000e+00 0.000000e+00
 0.000000e+00 6.875000e-01 3.125000e-01 0.000000e+00 0.000000e+00 0.000000e+00 0.000000e+00 0.000000e+00 0.000000e+00 0.000000e+00 0.000000e+00 0.000000e+00 0.000000e+00 0.000000e+00 0.000000e+00 0.000000e+00 0.000000e+00 0.000000e+00 0.000000e+00 0.000000e+00 0.000000e+00 0.000000e+00 0.000000e+00 0.000000e+00 0.000000e+00 0.000000e+00
 0.000000e+00 0.000000e+00 5.000000e-01 5.000000e-01 0.000000e+00 0.000000e+00 0.000000e+00 0.000000e+00 0.000000e+00 0.000000e+00 0.000000e+00 0.000000e+00 0.000000e+00 0.000000e+00 0.000000e+00 0.000000e+00 0.000000e+00 0.000000e+00 0.000000e+00 0.000000e+00 0.000000e+00 0.000000e+00 0.000000e+00 0.000000e+00 0.000000e+00 0.000000e+00
 0.000000e+00 0.000000e+00 0.000000e+00 5.000000e-01 5.000000e-01 0.000000e+00 0.000000e+00 0.000000e+00 0.000000e+00 0.000000e+00 0.000000e+00 0.000000e+00 0.000000e+00 0.000000e+00 0.000000e+00 0.000000e+00 0.000000e+00 0.000000e+00 0.000000e+00 0.000000e+00 0.000000e+00 0.000000e+00 0.000000e+00 0.000000e+00 0.000000e+00 0.000000e+00
 0.000000e+00 0.000000e+00 0.000000e+00 0.000000e+00 5.454546e-01 4.545455e-01 0.000000e+00 0.000000e+00 0.000000e+00 0.000000e+00 0.000000e+00 0.000000e+00 0.000000e+00 0.000000e+00 0.000000e+00 0.000000e+00 0.000000e+00 0.000000e+00 0.000000e+00 0.000000e+00 0.000000e+00 0.000000e+00 0.000000e+00 0.000000e+00 0.000000e+00 0.000000e+00
 0.000000e+00 0.000000e+00 0.000000e+00 0.000000e+00 0.000000e+00 5.454546e-01 4.545455e-01 0.000000e+00 0.000000e+00 0.000000e+00 0.000000e+00 0.000000e+00 0.000000e+00 0.000000e+00 0.000000e+00 0.000000e+00 0.000000e+00 0.000000e+00 0.000000e+00 0.000000e+00 0.000000e+00 0.000000e+00 0.000000e+00 0.000000e+00 0.000000e+00 0.000000e+00
 0.000000e+00 0.000000e+00 0.000000e+00 0.000000e+00 0.000000e+00 0.000000e+00 5.454546e-01 4.545455e-01 0.000000e+00 0.000000e+00 0.000000e+00 0.000000e+00 0.000000e+00 0.000000e+00 0.000000e+00 0.000000e+00 0.000000e+00 0.000000e+00 0.000000e+00 0.000000e+00 0.000000e+00 0.000000e+00 0.000000e+00 0.000000e+00 0.000000e+00 0.000000e+00
 0.000000e+00 0.000000e+00 0.000000e+00 0.000000e+00 0.000000e+00 0.000000e+00 0.000000e+00 6.153846e-01 3.846154e-01 0.000000e+00 0.000000e+00 0.000000e+00 0.000000e+00 0.000000e+00 0.000000e+00 0.000000e+00 0.000000e+00 0.000000e+00 0.000000e+00 0.000000e+00 0.000000e+00 0.000000e+00 0.000000e+00 0.000000e+00 0.000000e+00 0.000000e+00
 0.000000e+00 0.000000e+00 0.000000e+00 0.000000e+00 0.000000e+00 0.000000e+00 0.000000e+00 0.000000e+00 5.833333e-01 4.166667e-01 0.000000e+00 0.000000e+00 0.000000e+00 0.000000e+00 0.000000e+00 0.000000e+00 0.000000e+00 0.000000e+00 0.000000e+00 0.000000e+00 0.000000e+00 0.000000e+00 0.000000e+00 0.000000e+00 0.000000e+00 0.000000e+00
 0.000000e+00 0.000000e+00 0.000000e+00 0.000000e+00 0.000000e+00 0.000000e+00 0.000000e+00 0.000000e+00 0.000000e+00 5.833333e-01 4.166667e-01 0.000000e+00 0.000000e+00 0.000000e+00 0.000000e+00 0.000000e+00 0.000000e+00 0.000000e+00 0.000000e+00 0.000000e+00 0.000000e+00 0.000000e+00 0.000000e+00 0.000000e+00 0.000000e+00 0.000000e+00
 0.000000e+00 0.000000e+00 0.000000e+00 0.000000e+00 0.000000e+00 0.000000e+00 0.000000e+00 0.000000e+00 0.000000e+00 0.000000e+00 5.000000e-01 5.000000e-01 0.000000e+00 0.000000e+00 0.000000e+00 0.000000e+00 0.000000e+00 0.000000e+00 0.000000e+00 0.000000e+00 0.000000e+00 0.000000e+00 0.000000e+00 0.000000e+00 0.000000e+00 0.000000e+00
 0.000000e+00 0.000000e+00 0.000000e+00 0.000000e+00 0.000000e+00 0.000000e+00 0.000000e+00 0.000000e+00 0.000000e+00 0.000000e+00 0.000000e+00 5.454546e-01 4.545455e-01 0.000000e+00 0.000000e+00 0.000000e+00 0.000000e+00 0.000000e+00 0.000000e+00 0.000000e+00 0.000000e+00 0.000000e+00 0.000000e+00 0.000000e+00 0.000000e+00 0.000000e+00
 0.000000e+00 0.000000e+00 0.000000e+00 0.000000e+00 0.000000e+00 0.000000e+00 0.000000e+00 0.000000e+00 0.000000e+00 0.000000e+00 0.000000e+00 0.000000e+00 5.454546e-01 4.545455e-01 0.000000e+00 0.000000e+00 0.000000e+00 0.000000e+00 0.000000e+00 0.000000e+00 0.000000e+00 0.000000e+00 0.000000e+00 0.000000e+00 0.000000e+00 0.000000e+00
 0.000000e+00 0.000000e+00 0.000000e+00 0.000000e+00 0.000000e+00 0.000000e+00 0.000000e+00 0.000000e+00 0.000000e+00 0.000000e+00 0.000000e+00 0.000000e+00 0.000000e+00 5.833333e-01 4.166667e-01 0.000000e+00 0.000000e+00 0.000000e+00 0.000000e+00 0.000000e+00 0.000000e+00 0.000000e+00 0.000000e+00 0.000000e+00 0.000000e+00 0.000000e+00
 0.000000e+00 0.000000e+00 0.000000e+00 0.000000e+00 0.000000e+00 0.000000e+00 0.000000e+00 0.000000e+00 0.000000e+00 0.000000e+00 0.000000e+00 0.000000e+00 0.000000e+00 0.000000e+00 6.153846e-01 3.846154e-01 0.000000e+00 0.000000e+00 0.000000e+00 0.000000e+00 0.000000e+00 0.000000e+00 0.000000e+00 0.000000e+00 0.000000e+00 0.000000e+00
 0.000000e+00 0.000000e+00 0.000000e+00 0.000000e+00 0.000000e+00 0.000000e+00 0.000000e+00 0.000000e+00 0.000000e+00 0.000000e+00 0.000000e+00 0.000000e+00 0.000000e+00 0.000000e+00 0.000000e+00 5.454546e-01 4.545455e-01 0.000000e+00 0.000000e+00 0.000000e+00 0.000000e+00 0.000000e+00 0.000000e+00 0.000000e+00 0.000000e+00 0.000000e+00
 0.000000e+00 0.000000e+00 0.000000e+00 0.000000e+00 0.000000e+00 0.000000e+00 0.000000e+00 0.000000e+00 0.000000e+00 0.000000e+00 0.000000e+00 0.000000e+00 0.000000e+00 0.000000e+00 0.000000e+00 0.000000e+00 5.454546e-01 4.545455e-01 0.000000e+00 0.000000e+00 0.000000e+00 0.000000e+00 0.000000e+00 0.000000e+00 0.000000e+00 0.000000e+00
 0.000000e+00 0.000000e+00 0.000000e+00 0.000000e+00 0.000000e+00 0.000000e+00 0.000000e+00 0.000000e+00 0.000000e+00 0.000000e+00 0.000000e+00 0.000000e+00 0.000000e+00 0.000000e+00 0.000000e+00 0.000000e+00 0.000000e+00 5.000000e-01 5.000000e-01 0.000000e+00 0.000000e+00 0.000000e+00 0.000000e+00 0.000000e+00 0.000000e+00 0.000000e+00
 0.000000e+00 0.000000e+00 0.000000e+00 0.000000e+00 0.000000e+00 0.000000e+00 0.000000e+00 0.000000e+00 0.000000e+00 0.000000e+00 0.000000e+00 0.000000e+00 0.000000e+00 0.000000e+00 0.000000e+00 0.000000e+00 0.000000e+00 0.000000e+00 5.833333e-01 4.166667e-01 0.000000e+00 0.000000e+00 0.000000e+00 0.000000e+00 0.000000e+00 0.000000e+00
 0.000000e+00 0.000000e+00 0.000000e+00 0.000000e+00 0.000000e+00 0.000000e+00 0.000000e+00 0.000000e+00 0.000000e+00 0.000000e+00 0.000000e+00 0.000000e+00 0.000000e+00 0.000000e+00 0.000000e+00 0.000000e+00 0.000000e+00 0.000000e+00 0.000000e+00 5.833333e-01 4.166667e-01 0.000000e+00 0.000000e+00 0.000000e+00 0.000000e+00 0.000000e+00
 0.000000e+00 0.000000e+00 0.000000e+00 0.000000e+00 0.000000e+00 0.000000e+00 0.000000e+00 0.000000e+00 0.000000e+00 0.000000e+00 0.000000e+00 0.000000e+00 0.000000e+00 0.000000e+00 0.000000e+00 0.000000e+00 0.000000e+00 0.000000e+00 0.000000e+00 0.000000e+00 5.000000e-01 5.000000e-01 0.000000e+00 0.000000e+00 0.000000e+00 0.000000e+00
 0.000000e+00 0.000000e+00 0.000000e+00 0.000000e+00 0.000000e+00 0.000000e+00 0.000000e+00 0.000000e+00 0.000000e+00 0.000000e+00 0.000000e+00 0.000000e+00 0.000000e+00 0.000000e+00 0.000000e+00 0.000000e+00 0.000000e+00 0.000000e+00 0.000000e+00 0.000000e+00 0.000000e+00 5.833333e-01 4.166667e-01 0.000000e+00 0.000000e+00 0.000000e+00
 0.000000e+00 0.000000e+00 0.000000e+00 0.000000e+00 0.000000e+00 0.000000e+00 0.000000e+00 0.000000e+00 0.000000e+00 0.000000e+00 0.000000e+00 0.000000e+00 0.000000e+00 0.000000e+00 0.000000e+00 0.000000e+00 0.000000e+00 0.000000e+00 0.000000e+00 0.000000e+00 0.000000e+00 0.000000e+00 5.454546e-01 4.545455e-01 0.000000e+00 0.000000e+00
 0.000000e+00 0.000000e+00 0.000000e+00 0.000000e+00 0.000000e+00 0.000000e+00 0.000000e+00 0.000000e+00 0.000000e+00 0.000000e+00 0.000000e+00 0.000000e+00 0.000000e+00 0.000000e+00 0.000000e+00 0.000000e+00 0.000000e+00 0.000000e+00 0.000000e+00 0.000000e+00 0.000000e+00 0.000000e+00 0.000000e+00 5.000000e-01 5.000000e-01 0.000000e+00
 0.000000e+00 0.000000e+00 0.000000e+00 0.000000e+00 0.000000e+00 0.000000e+00 0.000000e+00 0.000000e+00 0.000000e+00 0.000000e+00 0.000000e+00 0.000000e+00 0.000000e+00 0.000000e+00 0.000000e+00 0.000000e+00 0.000000e+00 0.000000e+00 0.000000e+00 0.000000e+00 0.000000e+00 0.000000e+00 0.000000e+00 0.000000e+00 5.454546e-01 4.545455e-01
 0.000000e+00 0.000000e+00 0.000000e+00 0.000000e+00 0.000000e+00 0.000000e+00 0.000000e+00 0.000000e+00 0.000000e+00 0.000000e+00 0.000000e+00 0.000000e+00 0.000000e+00 0.000000e+00 0.000000e+00 0.000000e+00 0.000000e+00 0.000000e+00 0.000000e+00 0.000000e+00 0.000000e+00 0.000000e+00 0.000000e+00 0.000000e+00 0.000000e+00 0.000000e+00
<ENDHMM>
