~o
<STREAMINFO> 1 39
<VECSIZE> 39<NULLD><MFCC_E_D_A><DIAGC>
~h "Chin"
<BEGINHMM>
<NUMSTATES> 5
<STATE> 2
<MEAN> 39
 -1.077848e+01 -5.883009e+00 -3.025090e+00 -1.423009e+01 5.730581e-01 -9.975120e+00 6.338472e-01 -2.144926e-01 1.833345e+00 -3.878701e+00 1.406711e+00 -2.620292e+00 4.535501e-01 -7.978467e-01 1.515164e-01 1.152857e-01 -2.685794e+00 -1.190094e+00 -9.951102e-01 -2.119377e-01 7.567420e-03 5.977541e-01 7.608511e-02 -3.359229e-01 -2.360007e-01 8.933125e-02 7.929727e-02 -1.675319e-01 1.157394e-01 -1.151905e-01 -3.361637e-01 -1.854233e-02 4.045699e-02 -8.047678e-02 1.147041e-01 1.331834e-01 -8.126280e-02 -1.218883e-01 4.853153e-03
<VARIANCE> 39
 2.987772e+01 3.153658e+01 1.835827e+01 1.448406e+02 4.051089e+01 4.882451e+01 3.492987e+01 2.467527e+01 2.853873e+01 2.373713e+01 1.597145e+01 8.702424e+00 1.313091e-01 3.393668e+00 5.951264e+00 2.654432e+00 5.758024e+00 6.557924e+00 3.533297e+00 2.764614e+00 2.577571e+00 3.406072e+00 3.721474e+00 2.173433e+00 8.448581e-01 1.000000e-02 8.430213e-01 1.361422e+00 5.315655e-01 1.345540e+00 1.064532e+00 7.208425e-01 6.707453e-01 4.518476e-01 6.893966e-01 7.874877e-01 4.867096e-01 1.532071e-01 1.000000e-02
<GCONST> 1.100959e+02
<STATE> 3
<MEAN> 39
 -4.188103e+00 -1.358115e+01 7.496838e-01 -2.490174e+01 -1.409744e+01 -6.602207e+00 -2.809195e+00 -5.813509e+00 4.985874e+00 -2.926719e+00 -7.022122e+00 -3.988432e+00 8.059850e-01 6.745142e-01 -1.742495e-01 1.772814e-02 5.373451e-01 -1.915467e-02 4.464998e-01 -1.748360e-01 -2.146675e-01 3.228334e-02 5.528230e-02 -1.956938e-02 1.793138e-01 -1.923439e-02 -5.512639e-02 1.471142e-01 -5.032756e-02 1.546607e-01 2.163583e-01 -2.095086e-02 1.008246e-02 4.939729e-02 -3.700951e-02 1.959795e-02 1.202326e-01 7.599274e-02 -5.855137e-03
<VARIANCE> 39
 4.930869e+01 9.864476e+00 1.325337e+01 1.585778e+01 2.221341e+01 5.146787e+01 2.700931e+01 3.030920e+01 3.573228e+01 2.928434e+01 2.464744e+01 1.627713e+01 2.200536e-02 1.030342e+00 1.212712e+00 9.294260e-01 1.813168e+00 2.891542e+00 1.701824e+00 2.579590e+00 2.339660e+00 2.852690e+00 3.010347e+00 2.458697e+00 1.584020e+00 1.000000e-02 1.255578e-01 1.368064e-01 1.398677e-01 3.105131e-01 4.620310e-01 3.056265e-01 4.380019e-01 4.676847e-01 4.185715e-01 5.487788e-01 3.103695e-01 2.818334e-01 1.000000e-02
<GCONST> 8.987669e+01
<STATE> 4
<MEAN> 39
 -3.966819e+00 -8.899730e+00 4.618405e-03 -7.555737e+00 -4.737694e+00 -5.164976e+00 -1.510390e+00 -4.420854e+00 4.421868e+00 4.543164e-01 9.408708e-01 -1.079218e+00 1.582829e-01 -5.050814e-01 1.463724e-01 -3.994827e-02 7.317901e-01 4.591442e-01 -1.294477e-01 3.637091e-01 2.330049e-01 -2.988868e-01 -1.799929e-02 2.346444e-01 -4.657096e-02 -2.757593e-02 2.178591e-02 -1.251781e-01 -2.037463e-02 -1.388500e-01 -9.531554e-02 6.920123e-02 -2.509580e-03 2.036603e-03 -1.896535e-02 -1.263927e-01 -1.353023e-01 -4.870259e-02 3.860651e-03
<VARIANCE> 39
 1.102449e+01 2.870685e+00 6.796171e+00 1.146031e+01 1.616992e+01 9.962443e+00 1.316158e+01 1.569492e+01 1.051666e+01 7.802245e+00 8.185882e+00 6.174121e+00 1.962407e-02 8.823251e-01 6.484802e-01 5.658493e-01 1.105566e+00 1.266908e+00 1.167481e+00 1.474390e+00 2.040822e+00 1.142807e+00 1.040810e+00 1.259985e+00 4.717084e-01 1.000000e-02 1.840326e-01 1.245144e-01 1.552376e-01 2.092120e-01 2.938307e-01 2.174339e-01 3.572083e-01 4.859639e-01 2.165859e-01 2.096583e-01 2.240654e-01 1.013864e-01 1.000000e-02
<GCONST> 6.662582e+01
<TRANSP> 5
 0.000000e+00 1.000000e+00 0.000000e+00 0.000000e+00 0.000000e+00
 0.000000e+00 8.936170e-01 1.063830e-01 0.000000e+00 0.000000e+00
 0.000000e+00 0.000000e+00 9.549550e-01 4.504504e-02 0.000000e+00
 0.000000e+00 0.000000e+00 0.000000e+00 9.333333e-01 6.666666e-02
 0.000000e+00 0.000000e+00 0.000000e+00 0.000000e+00 0.000000e+00
<ENDHMM>
