~o
<STREAMINFO> 1 39
<VECSIZE> 39<NULLD><MFCC_E_D_A><DIAGC>
~h "Chu"
<BEGINHMM>
<NUMSTATES> 28
<STATE> 2
<MEAN> 39
 -4.320393e+00 -6.864503e+00 6.467295e-01 -4.382936e-01 2.355180e+00 -3.936857e+00 2.232037e+00 -3.564865e+00 -2.047065e-01 -2.185702e+00 3.594791e+00 -1.537613e+00 5.399339e-02 -6.653073e-01 -5.320727e-02 9.963181e-02 -4.447501e-01 5.340561e-02 -1.466263e-01 -4.443601e-01 4.227275e-01 4.552558e-01 3.983862e-01 2.004708e-01 1.817172e-01 -2.330793e-03 -7.790973e-01 -1.610149e-02 -2.118951e-01 -1.404039e+00 -5.465446e-02 -1.218138e-01 -7.593207e-01 7.505352e-01 -3.463823e-03 -1.361440e-01 -1.976048e-01 4.311242e-02 3.002303e-02
<VARIANCE> 39
 9.521158e-01 4.089604e+00 5.939682e+00 3.597729e+00 3.293931e+00 9.439974e-01 6.234605e+00 9.567170e+00 1.888486e+01 1.004969e+01 9.834288e+00 4.651175e+00 1.000000e-02 6.041542e-01 2.181261e-01 3.847495e-01 1.247440e+00 4.963834e-01 9.737154e-01 8.280224e-01 7.956632e-01 6.198367e-01 5.895814e-01 9.750856e-01 8.943909e-01 1.000000e-02 1.180802e-01 6.229476e-02 6.826219e-02 2.703639e-01 8.938940e-02 2.533895e-01 1.663506e-01 4.982556e-02 1.277949e-01 5.957092e-02 1.148011e-01 6.472210e-02 1.000000e-02
<GCONST> 4.426109e+01
<STATE> 3
<MEAN> 39
 -5.138909e+00 -7.334146e+00 -3.479997e-01 -1.119707e+00 1.694099e+00 -5.243898e+00 1.753586e+00 -6.939069e-01 1.722999e+00 -1.252582e+00 4.477374e+00 -2.143457e+00 3.541199e-02 -2.724998e+00 -2.361073e-02 -7.084063e-01 -5.084615e+00 5.749409e-01 -3.526921e-01 -2.313932e+00 2.507911e+00 -3.563722e-01 -2.609523e-01 -7.702351e-02 1.195251e-01 1.227234e-01 -3.415256e-01 1.986579e-02 2.913097e-02 -1.490677e+00 -6.303980e-01 -5.579803e-01 -1.091484e-01 -1.264773e-01 -4.505903e-01 1.295853e-01 -5.356316e-01 -1.744379e-01 5.072828e-02
<VARIANCE> 39
 3.270517e+00 4.909044e+00 2.033886e+00 4.269298e+00 6.036761e+00 1.277619e+01 3.459260e+00 1.104875e+01 9.203231e+00 1.154447e+01 5.645769e+00 4.683446e+00 1.000000e-02 9.337608e-01 2.667167e-01 5.548645e-01 1.983182e+00 1.244863e+00 1.894928e+00 1.729429e+00 2.143394e-01 1.433031e+00 8.613365e-01 7.224899e-01 3.969043e-01 1.000000e-02 2.005714e-01 1.123611e-01 4.817569e-02 1.197460e-01 3.982112e-01 3.709885e-01 2.180659e-01 2.210427e-01 7.733938e-02 2.067538e-01 2.064060e-01 1.579274e-01 1.000000e-02
<GCONST> 5.480949e+01
<STATE> 4
<MEAN> 39
 -1.533605e+01 -7.068783e+00 -1.581939e+00 -2.116648e+01 3.973363e+00 -5.201937e+00 -7.721570e+00 5.775497e+00 -1.493779e+00 -3.668007e+00 2.311536e+00 -7.587334e-01 5.397843e-01 -1.601490e+00 -2.531062e-01 1.777807e-01 -5.620049e+00 -2.817351e+00 -2.279653e+00 -6.071441e-01 -3.152790e-02 -1.057698e+00 1.055901e+00 -1.766423e+00 -5.334102e-01 1.765275e-01 1.671291e+00 -1.059248e+00 -5.896065e-02 1.566406e+00 -1.129315e+00 -1.292108e+00 1.614885e+00 -7.869891e-01 5.080390e-02 8.238813e-01 -3.136030e-01 2.281680e-01 -1.108774e-02
<VARIANCE> 39
 9.273464e+00 4.824336e+00 1.257259e+01 9.524177e+00 2.703399e+01 3.074215e+01 1.815409e+01 1.407241e+01 2.384629e+01 1.265660e+01 1.029354e+01 6.137808e+00 1.050114e-02 2.587580e+00 1.210391e+00 4.661879e-01 1.368192e+00 3.954046e+00 4.117434e+00 2.468564e+00 1.284165e+00 9.001859e-01 2.227651e+00 8.123472e-01 9.185699e-01 1.000000e-02 1.641716e-01 1.909575e-01 8.451409e-02 5.220727e-01 3.302587e-01 8.464724e-02 3.847699e-01 1.516889e-01 2.821204e-01 4.642026e-01 1.615989e-01 2.625366e-01 1.000000e-02
<GCONST> 7.546277e+01
<STATE> 5
<MEAN> 39
 -1.034133e+01 -9.256198e+00 2.544462e-01 -2.192433e+01 -9.491176e+00 -1.410376e+01 2.880840e-01 -1.793373e-01 -2.559304e+00 3.747693e+00 -1.508726e+00 -3.760376e+00 7.485466e-01 3.355410e+00 -4.007290e+00 -8.834481e-01 8.684449e-01 -2.956370e+00 -4.935262e+00 3.598618e+00 -1.508349e-01 1.193605e-01 2.675532e+00 -1.479362e+00 9.739599e-01 8.319246e-02 6.575049e-01 -6.184753e-01 -8.126391e-01 1.746632e+00 1.736363e+00 3.440148e-01 2.449507e-01 6.594977e-01 1.096141e+00 -3.222500e-01 -5.541550e-01 1.754947e-01 -3.362748e-02
<VARIANCE> 39
 3.054179e+01 2.412333e+01 1.589465e+01 7.155146e+00 4.625317e+01 5.591912e+01 1.598306e+01 8.748699e+00 1.144165e+01 2.007778e+01 6.243062e+00 2.020165e+01 1.000000e-02 2.458769e-01 1.008709e+00 7.836361e-01 1.040584e+00 3.104773e+00 6.150650e-01 1.420938e+00 2.303254e+00 5.312321e-01 3.515773e+00 6.774551e-01 1.709166e+00 1.000000e-02 6.321802e-01 4.371370e-01 1.035576e-01 3.655340e-01 6.652199e-01 8.166286e-01 7.071737e-01 1.073281e-01 1.855308e-01 4.268400e-01 1.970359e-01 5.765725e-01 1.000000e-02
<GCONST> 8.081639e+01
<STATE> 6
<MEAN> 39
 -3.410942e+00 -2.072240e+01 -3.851095e+00 -1.869718e+01 -6.679342e+00 -2.429927e+01 5.044837e+00 4.115800e+00 -8.052166e-01 6.551663e+00 -3.788971e+00 2.689627e+00 8.627661e-01 1.388886e+00 -2.758557e+00 -2.720676e+00 1.436871e+00 3.223600e+00 -1.316049e+00 5.665466e-01 2.010912e+00 3.249108e+00 4.217997e-01 -3.719582e+00 4.290129e-01 4.449905e-02 -1.158199e+00 1.365288e+00 -3.301052e-01 -5.298126e-01 1.873856e+00 2.137655e+00 -1.108678e+00 -8.526184e-02 8.800620e-01 -3.433639e-01 -5.108249e-01 -1.183671e+00 -1.549319e-02
<VARIANCE> 39
 9.115873e+00 2.611954e+00 8.066997e+00 9.091170e+00 3.258966e+01 5.250486e+01 1.544664e+01 9.096042e+00 1.625053e+01 2.528326e+01 1.112404e+01 5.139858e+00 1.000000e-02 1.129660e+00 1.931552e+00 9.135152e-01 6.844891e-01 1.685608e+00 2.426558e+00 1.473256e+00 6.368508e-01 1.281583e+00 8.479354e-01 6.951478e-01 4.019075e+00 1.000000e-02 1.727169e-02 1.531980e-01 1.513794e-01 2.847351e-01 5.028229e-01 2.024683e-01 2.551784e-01 3.238567e-01 2.300635e-01 1.072505e+00 2.252312e-01 3.355898e-01 1.000000e-02
<GCONST> 7.270885e+01
<STATE> 7
<MEAN> 39
 -5.434105e+00 -2.015525e+01 -9.533715e+00 -1.636608e+01 -6.318011e-02 -1.891473e+01 2.852678e+00 7.112394e+00 7.261524e+00 4.269203e+00 -1.516545e+01 -1.630499e+00 9.039956e-01 -5.011973e-01 4.846227e-01 -2.491694e+00 -9.331759e-01 4.068752e+00 2.239535e+00 -3.238500e-01 -2.898139e-01 3.085871e+00 9.336239e-01 -3.630668e+00 -3.237563e+00 2.918276e-02 -3.833249e-01 1.176580e+00 4.815025e-01 -1.272572e+00 7.692835e-03 1.458146e+00 -1.709754e-01 -1.349351e+00 -6.763768e-01 9.022902e-01 1.385717e+00 -7.270408e-01 -9.051524e-03
<VARIANCE> 39
 7.193523e+00 4.147038e+00 5.783316e+00 3.002815e+00 2.410900e+01 3.178551e+01 1.643175e+01 7.435238e+00 2.671181e+01 1.528556e+01 1.791055e+01 1.375892e+01 1.000000e-02 1.494003e-01 7.164944e-01 6.591866e-01 1.558292e+00 3.301920e-01 1.794224e+00 1.111198e+00 1.730579e+00 2.149085e+00 4.281171e+00 2.450184e+00 1.169812e+00 1.000000e-02 1.665278e-01 1.960490e-01 1.435434e-01 5.982902e-02 5.834114e-01 2.424414e-01 3.986319e-01 1.061861e-01 5.715678e-01 2.106046e-01 5.861753e-01 5.543592e-01 1.000000e-02
<GCONST> 7.173421e+01
<STATE> 8
<MEAN> 39
 -5.404428e+00 -1.796301e+01 -1.270284e+01 -2.246587e+01 7.901126e+00 -1.601640e+01 3.809763e+00 3.541264e+00 1.102543e+01 9.666980e+00 -1.601172e+01 -1.043078e+01 9.587757e-01 -3.945781e-02 1.333711e+00 -7.756398e-01 -3.183000e+00 2.704833e+00 3.421323e+00 4.633243e-01 -2.849071e+00 7.776871e-01 3.868065e+00 1.177799e+00 -2.076350e+00 1.552968e-02 2.974581e-01 1.189194e-01 6.660986e-01 -3.730637e-01 -9.576898e-01 -2.963133e-03 2.916152e-01 -3.433217e-01 -1.348649e+00 1.702391e-01 1.938139e+00 1.599733e+00 -9.368089e-03
<VARIANCE> 39
 8.406858e+00 3.789007e+00 1.694177e+01 4.417879e+00 1.987638e+01 2.943371e+01 4.695293e+00 6.092173e+00 2.217951e+01 5.872731e+00 5.845641e+00 1.406107e+01 1.000000e-02 6.453055e-01 2.237270e-01 7.948042e-01 3.298185e-01 1.307667e+00 1.334719e+00 9.470371e-01 4.706718e-01 3.558678e+00 2.742693e-01 2.740671e+00 2.479271e+00 1.000000e-02 2.212643e-02 1.058235e-01 2.642927e-01 1.632415e-01 7.471271e-02 3.210546e-01 3.405472e-01 3.352468e-01 3.650047e-01 4.629571e-01 1.711912e-01 2.630107e-01 1.000000e-02
<GCONST> 6.302971e+01
<STATE> 9
<MEAN> 39
 -4.942972e+00 -1.586196e+01 -1.221422e+01 -2.786805e+01 1.006140e+01 -8.444350e+00 5.458610e+00 -3.041674e+00 9.097073e+00 1.754311e+01 -9.751641e+00 -8.557741e+00 9.635632e-01 5.791472e-01 1.020819e+00 -1.669733e-01 -2.056906e+00 6.020285e-01 2.562327e+00 3.471675e-01 -1.216293e+00 -1.402320e+00 1.596897e+00 3.064631e+00 2.074585e+00 -4.262536e-03 2.029411e-01 -1.684153e-01 2.318422e-01 4.555911e-01 -9.933096e-01 -7.569126e-01 -1.665205e-01 9.541605e-01 -7.613458e-01 -1.434342e+00 4.830264e-02 1.466734e+00 -8.395670e-03
<VARIANCE> 39
 7.281541e+00 2.024578e+00 6.202855e+00 1.122658e+01 1.392739e+01 1.869103e+01 1.145827e+01 1.359502e+01 1.894482e+01 4.511755e+00 2.051163e+01 1.216522e+01 1.000000e-02 4.401271e-01 3.063637e-01 1.194656e+00 4.732684e-01 1.207879e+00 2.360295e+00 1.676893e+00 1.765617e+00 1.839257e+00 1.228680e+00 1.424253e+00 2.578567e+00 1.000000e-02 8.811639e-02 6.431083e-02 1.684213e-01 2.427048e-02 1.148264e-01 3.313351e-01 1.121295e-01 1.665426e-01 4.402636e-01 1.062086e-01 5.409051e-01 1.845336e-01 1.000000e-02
<GCONST> 6.375953e+01
<STATE> 10
<MEAN> 39
 -3.173174e+00 -1.435712e+01 -1.261534e+01 -2.860682e+01 8.917021e+00 -4.752154e+00 4.028928e+00 -1.433246e+00 5.975870e+00 1.595678e+01 -4.065237e+00 -1.138368e+00 9.239250e-01 8.263404e-01 5.039563e-01 2.336375e-01 -1.369616e+00 -9.404811e-01 1.363476e-01 1.156822e-01 8.003116e-01 -2.122401e+00 -1.917950e+00 1.497537e+00 3.427685e+00 -1.444855e-02 -1.804517e-01 -1.640252e-01 2.197448e-01 8.018509e-02 -4.995527e-01 -1.112040e+00 -1.272180e-01 4.918362e-01 -1.314892e-01 -1.034068e+00 -7.694643e-01 1.105788e-01 -1.117239e-03
<VARIANCE> 39
 1.097734e+01 2.064747e+00 5.109985e+00 1.148354e+01 1.563443e+01 4.741971e+01 3.041509e+01 2.045547e+01 2.452048e+01 1.091844e+01 1.510132e+01 1.386059e+01 1.000000e-02 4.341580e-01 4.211330e-01 5.591331e-01 1.479532e-01 1.199022e+00 1.555265e+00 8.102528e-01 5.459242e-01 7.154813e-01 1.162285e+00 1.069793e+00 3.974828e-01 1.000000e-02 7.942445e-02 4.803364e-02 1.129496e-01 2.903809e-01 1.962552e-01 5.766075e-01 1.353967e-01 1.228202e-01 3.381414e-01 1.607025e-01 1.941182e-01 4.212841e-01 1.000000e-02
<GCONST> 6.292876e+01
<STATE> 11
<MEAN> 39
 -3.331825e+00 -1.358638e+01 -1.337132e+01 -3.347354e+01 7.540055e+00 -5.723456e+00 4.426927e+00 -9.588988e-01 2.390704e+00 1.238736e+01 -6.089215e+00 3.540380e+00 9.247043e-01 1.668823e-01 4.320326e-01 4.830925e-01 -1.367168e+00 -1.076437e+00 -2.425452e-01 -3.422947e-01 2.899317e-01 -2.529080e+00 -2.089798e+00 3.797081e-01 2.722239e+00 -2.335277e-02 -6.294593e-02 -1.964367e-01 2.088996e-01 3.560944e-01 -4.900938e-02 -3.942305e-01 -2.550495e-01 -1.178373e-02 1.469255e-01 -1.510370e-02 -1.658694e-01 -1.432777e-01 -2.709164e-04
<VARIANCE> 39
 7.205191e+00 3.290795e+00 4.645980e+00 8.557117e+00 6.985162e+00 3.407718e+01 4.060749e+01 1.256678e+01 1.134218e+01 1.107032e+01 3.061218e+01 2.121450e+01 1.000000e-02 2.328098e-01 2.271813e-01 6.570193e-01 1.027752e+00 7.717603e-01 2.672373e+00 8.277986e-01 5.978320e-01 6.655759e-01 8.215783e-01 9.062653e-01 7.534344e-01 1.000000e-02 7.865201e-02 4.728814e-02 1.403241e-01 2.023838e-01 3.770613e-02 1.671795e-01 9.979048e-02 1.794319e-01 1.781074e-01 2.646178e-01 8.635330e-02 2.806579e-01 1.000000e-02
<GCONST> 5.841013e+01
<STATE> 12
<MEAN> 39
 -2.638337e+00 -1.270257e+01 -9.869752e+00 -3.373230e+01 4.317925e+00 -9.237344e+00 3.172945e+00 7.041359e-01 -1.971173e+00 7.566554e+00 -4.118961e+00 8.287143e+00 8.713521e-01 6.280525e-01 -7.326366e-02 3.952666e-01 -1.052218e-01 -1.105726e+00 -7.971435e-01 -8.026369e-01 9.478198e-01 -1.197348e+00 -1.060681e+00 7.483528e-01 2.664103e+00 1.289804e-03 3.062650e-01 -8.994325e-02 -5.000908e-01 5.732670e-01 -7.665310e-02 2.746190e-01 4.944419e-03 1.502549e-01 5.082332e-01 7.052265e-01 5.355594e-02 -2.426772e-01 9.423376e-03
<VARIANCE> 39
 3.925313e+00 2.947361e+00 5.139750e+00 7.319046e+00 1.182266e+01 3.440902e+01 4.857431e+01 1.320459e+01 3.238869e+00 7.613932e+00 2.076048e+01 1.662591e+01 1.000000e-02 1.125234e+00 3.476889e-01 5.671803e-01 3.383803e+00 7.817764e-01 1.519902e+00 2.682430e-01 4.915309e-01 3.612547e-01 1.049180e+00 5.609016e-01 2.578224e+00 1.000000e-02 1.630511e-01 9.898690e-02 1.170137e-01 1.067779e-01 8.958287e-02 2.221668e-01 1.207264e-01 1.529789e-01 1.044756e-01 3.884479e-02 2.334518e-01 1.672096e-01 1.000000e-02
<GCONST> 5.754951e+01
<STATE> 13
<MEAN> 39
 2.165261e-01 -1.471970e+01 -1.138398e+01 -3.359977e+01 2.202986e+00 -9.632003e+00 2.344354e+00 2.072524e+00 -5.007025e+00 7.458882e+00 -6.786598e-01 1.571568e+01 9.107483e-01 1.219268e+00 2.013807e-01 -1.322185e+00 1.196553e+00 -1.677567e+00 6.380470e-03 -3.221596e-01 7.677331e-01 6.666397e-02 3.626947e-01 5.079998e-01 1.258549e+00 1.786073e-02 6.036495e-02 2.920474e-01 -1.762326e-01 5.267800e-01 -3.805288e-02 -1.438231e-01 3.208213e-01 2.072917e-01 7.358243e-01 2.362322e-01 -5.404968e-01 -1.679260e+00 -2.472709e-03
<VARIANCE> 39
 9.205539e+00 3.634910e+00 6.354216e+00 1.843415e+01 2.063039e+01 1.500683e+01 4.775039e+01 1.471514e+01 8.363562e+00 1.185991e+01 6.937572e+00 9.536295e+00 1.000000e-02 1.477887e+00 9.721838e-01 4.814621e-01 2.549564e+00 1.253391e+00 8.282399e-01 1.146212e+00 2.062860e+00 7.064226e-01 5.327365e-01 1.737769e+00 3.257446e+00 1.000000e-02 1.081701e-01 4.317980e-02 2.307912e-01 4.538800e-01 1.770531e-01 2.054045e-01 8.908468e-02 5.277332e-01 1.717691e-01 1.240139e-01 6.242602e-02 2.838035e-01 1.000000e-02
<GCONST> 6.756004e+01
<STATE> 14
<MEAN> 39
 2.399955e+00 -1.183927e+01 -1.447136e+01 -2.859237e+01 -3.038922e+00 -8.757335e+00 1.475560e+00 5.698301e+00 -1.788779e+00 8.195098e+00 -2.077466e+00 1.316556e+01 9.497868e-01 8.672233e-01 8.150905e-01 -7.700290e-01 1.714905e+00 -1.461100e+00 -1.159447e+00 5.268714e-01 2.138466e+00 1.713453e+00 1.779485e-01 -1.019563e+00 -2.577350e+00 -3.506520e-03 -2.243975e-01 -1.202289e-01 4.089484e-01 -2.763530e-01 7.003615e-01 -2.709273e-01 3.921187e-01 -7.231234e-02 -6.219150e-02 -4.729757e-01 -5.172862e-01 -9.928599e-01 -1.196408e-02
<VARIANCE> 39
 2.003339e+01 7.325511e+00 2.720053e+00 6.431884e+01 4.772761e+01 3.260468e+01 5.284836e+01 2.756255e+01 2.332149e+01 9.377856e+00 1.651506e+01 3.679142e+01 1.000000e-02 4.656163e-01 4.118622e-01 1.483965e+00 6.390613e-01 5.444636e-01 7.420917e-01 5.470003e-01 4.190255e+00 2.044562e+00 8.608732e-01 4.847268e-01 1.206942e+00 1.000000e-02 1.696185e-01 1.077555e-01 1.909673e-01 5.112497e-01 2.512222e-01 1.776677e-01 3.228393e-01 4.435097e-01 2.596397e-01 8.494353e-02 1.991397e-01 6.054910e-01 1.000000e-02
<GCONST> 7.538288e+01
<STATE> 15
<MEAN> 39
 2.488433e+00 -1.190319e+01 -1.316028e+01 -2.862282e+01 -1.017990e+00 -1.284137e+01 4.724594e+00 6.746299e+00 1.250579e+00 1.010378e+01 -3.671808e+00 8.850774e+00 9.056531e-01 6.658922e-01 2.538478e-01 2.934464e-01 9.582875e-01 7.723123e-02 -9.453038e-01 4.696335e-01 1.244078e+00 5.090804e-01 -8.675621e-01 -1.432002e+00 -2.541237e+00 -2.093338e-02 -2.389512e-01 -3.069029e-01 7.522882e-02 -4.206830e-01 3.273451e-01 4.029405e-01 -2.025383e-01 -5.221519e-01 -7.207931e-01 -7.168143e-01 -4.915337e-01 1.044036e-01 -7.648533e-03
<VARIANCE> 39
 9.742896e+00 2.479199e+00 5.585397e+00 1.512460e+01 3.230162e+01 3.947750e+01 7.316968e+01 5.081569e+01 1.736973e+01 2.037123e+01 1.638494e+01 1.143685e+01 1.000000e-02 2.041987e-01 1.672534e-01 1.165939e+00 1.097555e+00 6.696302e-01 1.744876e+00 8.103485e-01 4.590551e-01 9.723397e-01 7.885367e-01 3.872744e-01 1.789450e+00 1.000000e-02 3.375984e-02 9.261414e-02 1.140365e-01 1.016114e-01 5.437095e-01 3.637715e-01 3.883155e-01 8.903387e-01 2.100665e-01 7.975928e-02 1.638870e-01 1.962801e-01 1.000000e-02
<GCONST> 6.692653e+01
<STATE> 16
<MEAN> 39
 3.738509e+00 -1.221961e+01 -1.356277e+01 -2.767799e+01 -8.399342e-01 -1.222180e+01 3.695274e+00 8.972493e+00 -1.249598e+00 5.222479e+00 -6.470862e+00 4.342059e+00 8.587986e-01 2.805804e-01 -6.632349e-01 -2.344013e-01 4.172833e-02 5.701867e-01 3.720395e-01 1.421792e-01 -6.782868e-01 -1.263894e+00 -2.107547e+00 -1.858776e+00 -1.303028e+00 -2.414533e-02 3.892477e-02 -7.616621e-02 -3.584664e-01 2.165982e-02 -2.189185e-02 3.519643e-01 6.389392e-02 -9.221433e-01 -5.950739e-01 -2.708202e-01 4.094856e-01 6.667359e-01 1.191154e-03
<VARIANCE> 39
 1.144420e+01 8.941233e+00 1.767075e+01 2.402384e+01 3.744699e+01 3.129177e+00 3.319042e+01 3.183765e+01 2.632325e+01 1.886205e+01 1.321395e+01 4.305161e+00 1.000000e-02 1.072771e-01 2.267042e-01 8.638428e-01 4.379812e-01 3.883024e+00 1.800131e+00 3.366156e+00 1.805490e+00 1.930308e-01 4.586837e-01 3.761918e-01 9.594772e-01 1.000000e-02 1.711223e-02 1.049464e-01 3.831447e-01 2.901102e-01 2.531365e-01 1.106160e-01 1.062976e-01 2.501973e-01 1.259611e-01 2.102885e-01 1.826383e-01 1.749768e-01 1.000000e-02
<GCONST> 6.333743e+01
<STATE> 17
<MEAN> 39
 3.598962e+00 -1.349984e+01 -1.380794e+01 -2.864925e+01 1.128094e+00 -1.082435e+01 3.778493e+00 4.733656e+00 -3.572428e+00 1.814291e+00 -1.052126e+01 4.963894e+00 8.252224e-01 8.123524e-01 -4.936014e-02 -1.698935e+00 1.031675e+00 -6.462405e-01 5.262570e-02 7.174411e-01 -1.634284e+00 -1.730598e+00 -1.824136e+00 -7.456470e-02 -5.818325e-01 -1.443350e-02 1.986695e-01 2.928730e-01 -3.535672e-01 5.551115e-01 -5.084448e-01 1.297404e-01 -5.745122e-02 -1.604374e-01 -2.876660e-02 2.214327e-01 9.213822e-01 -1.001265e-01 -1.745941e-03
<VARIANCE> 39
 1.096443e+01 9.825862e+00 2.054057e+01 1.605703e+01 2.810905e+01 5.876695e+00 4.048080e+01 2.137917e+01 2.284491e+01 9.590407e+00 5.611073e+00 1.789001e+01 1.000000e-02 2.242624e-01 5.843500e-01 8.156391e-01 2.628734e+00 1.875684e+00 1.305014e+00 5.973861e-01 1.246595e+00 3.597931e-01 1.054730e+00 1.469958e+00 4.139758e-01 1.000000e-02 4.446729e-02 1.175506e-01 2.696143e-01 1.802946e-01 8.330284e-01 7.911690e-02 5.833282e-01 1.884235e-01 1.640968e-01 6.549309e-02 9.056339e-02 2.313700e-01 1.000000e-02
<GCONST> 6.647006e+01
<STATE> 18
<MEAN> 39
 6.844331e+00 -1.252718e+01 -1.946797e+01 -2.301523e+01 -3.722612e+00 -1.066588e+01 6.395361e+00 2.661358e+00 -6.677237e+00 -5.866838e-01 -6.234574e+00 2.415239e+00 7.933906e-01 7.238472e-01 5.950161e-01 -8.993786e-01 1.485779e+00 -8.010762e-01 8.180505e-01 5.128727e-02 -1.249711e+00 -1.365500e+00 -1.130002e+00 1.399225e+00 -1.223311e+00 -3.009376e-02 -2.102871e-01 1.165715e-02 4.991994e-01 7.675818e-02 -8.058981e-02 2.481327e-01 -6.132863e-01 -9.290164e-02 6.060291e-01 1.554283e-01 2.750176e-01 -2.276159e-01 -1.106021e-02
<VARIANCE> 39
 8.146296e+00 4.803525e+00 4.572667e+00 2.863849e+01 2.477967e+01 8.425561e+00 1.774704e+01 9.470257e+00 2.731605e+01 9.175844e+00 2.175454e+01 8.250115e+00 1.000000e-02 5.057322e-01 6.062902e-01 1.614910e+00 1.148397e+00 3.186362e+00 2.794459e+00 1.811088e+00 1.062114e+00 8.660945e-01 9.227852e-01 3.866518e-01 1.074904e+00 1.000000e-02 4.500666e-02 1.364228e-01 1.169051e-01 7.138823e-01 3.339529e-01 3.064731e-01 1.008868e-01 1.185270e-01 3.509669e-01 2.779099e-01 3.721804e-01 1.307338e-01 1.000000e-02
<GCONST> 6.912472e+01
<STATE> 19
<MEAN> 39
 7.500909e+00 -1.083267e+01 -1.850002e+01 -2.145879e+01 -4.613710e+00 -9.454302e+00 3.611613e+00 3.548533e-01 -9.466262e+00 -3.295713e+00 -3.380565e+00 -1.045733e+00 7.105994e-01 1.167187e-01 3.240405e-01 7.776617e-02 1.830509e+00 -9.954249e-01 1.314480e+00 -1.642438e+00 -1.991802e+00 4.749636e-01 -1.053372e+00 9.804060e-01 -1.546242e+00 -6.034884e-02 -3.534076e-01 -5.455484e-02 7.358396e-01 2.410920e-01 5.303802e-01 1.996392e-01 -4.301811e-02 1.669403e-01 1.010404e+00 2.728604e-01 -1.134579e-01 4.088810e-01 -9.638384e-03
<VARIANCE> 39
 1.572042e+00 7.051020e+00 5.000692e+00 8.440910e+00 8.391085e+00 2.112621e+01 4.260145e+00 1.960885e+01 1.483271e+01 8.044737e+00 5.107455e+00 2.204680e+01 1.000000e-02 6.784543e-01 6.038300e-01 1.277023e+00 4.482357e+00 1.555922e+00 1.428082e+00 8.845653e-01 5.025431e-01 1.287371e+00 6.918220e-01 2.341913e+00 1.205741e+00 1.000000e-02 5.100581e-02 9.973270e-02 1.567433e-01 1.967975e-01 3.592627e-01 5.135605e-01 2.724444e-01 1.420097e-01 2.029418e-01 8.947860e-02 3.854603e-02 2.949154e-01 1.000000e-02
<GCONST> 6.269314e+01
<STATE> 20
<MEAN> 39
 6.641469e+00 -1.136998e+01 -1.780020e+01 -1.784739e+01 -4.472661e+00 -5.366390e+00 7.077668e-01 -3.951872e+00 -5.257998e+00 -4.462909e+00 -2.578711e+00 -1.745212e+00 5.789377e-01 -4.294507e-01 9.773668e-02 1.565622e+00 2.419942e+00 5.754598e-01 7.878110e-01 -5.266665e-01 -7.415569e-01 2.460564e+00 -9.120724e-03 1.292550e+00 -3.805080e-01 -6.465653e-02 -2.216167e-01 -3.067625e-02 4.282078e-01 5.138904e-02 3.044214e-01 -5.155725e-01 3.306099e-01 4.377160e-01 3.192730e-01 4.388492e-01 -5.421707e-02 3.249969e-01 1.603227e-03
<VARIANCE> 39
 1.411741e+00 4.481210e+00 7.622510e+00 6.981510e+00 9.261586e+00 8.737622e+00 1.125880e+01 9.937617e+00 1.386921e+01 1.230729e+01 1.782363e+01 1.022414e+01 1.000000e-02 1.968573e-01 5.559709e-01 3.843781e-01 1.553095e+00 8.906217e-01 1.530763e+00 5.582627e-01 9.638290e-01 1.172208e+00 1.437433e+00 4.660426e-01 2.593229e+00 1.000000e-02 4.041034e-02 6.781607e-02 2.090362e-01 4.766059e-01 2.359915e-01 3.313766e-01 1.994486e-01 1.515173e-01 2.493130e-01 2.284800e-01 2.817563e-01 2.989347e-01 1.000000e-02
<GCONST> 6.121681e+01
<STATE> 21
<MEAN> 39
 5.696826e+00 -1.175374e+01 -1.376771e+01 -1.305568e+01 -2.214043e+00 -5.887519e+00 1.724319e+00 -2.191162e+00 3.382176e-01 -4.214057e+00 -2.248384e+00 -2.623381e+00 4.881386e-01 -5.236071e-01 3.760101e-01 1.759986e+00 1.930655e+00 3.620214e-01 -5.066969e-01 -1.597842e-01 -2.318885e-02 1.654596e+00 3.300662e-01 8.094482e-01 2.316268e-01 -4.912746e-02 -8.655481e-02 9.262778e-02 -1.541257e-01 -3.664418e-01 -5.158129e-02 -1.824468e-01 1.949362e-01 3.899219e-01 -5.393394e-01 2.516452e-01 -1.122043e-01 3.361280e-01 7.092799e-03
<VARIANCE> 39
 2.945801e+00 8.004896e+00 4.560048e+00 1.024624e+01 8.271258e+00 2.089645e+01 2.350484e+01 1.318184e+01 1.312792e+01 9.557001e+00 4.234704e+00 9.327508e+00 1.000000e-02 4.891274e-01 2.315657e-01 7.054514e-01 6.044670e-01 5.394654e-01 7.513388e-01 8.527486e-01 8.695336e-01 7.320200e-01 9.687546e-01 2.359657e-01 5.477300e-01 1.000000e-02 1.481066e-02 5.890360e-02 1.524834e-01 1.725983e-01 1.368674e-01 2.443055e-01 2.698375e-01 1.686358e-01 2.308433e-01 2.830280e-01 9.261137e-02 1.754281e-01 1.000000e-02
<GCONST> 5.362296e+01
<STATE> 22
<MEAN> 39
 4.318836e+00 -1.017005e+01 -1.135861e+01 -1.039782e+01 -3.369263e+00 -6.897301e+00 3.670986e-01 -4.170912e+00 1.328131e+00 -2.664865e+00 9.114216e-01 -1.564512e+00 4.068865e-01 -8.512890e-01 1.097621e-01 1.079120e+00 1.011203e+00 2.686602e-01 -5.853397e-02 2.733511e-01 5.708104e-01 9.330375e-01 8.964711e-01 7.929598e-01 3.808457e-01 -4.184451e-02 -3.927638e-02 -1.027527e-01 -2.873177e-01 -5.468725e-01 -1.909348e-02 2.173349e-01 1.884744e-01 3.698979e-01 -3.752210e-01 1.003313e-03 -4.459090e-02 9.227660e-02 3.507736e-03
<VARIANCE> 39
 4.328978e+00 9.446998e+00 1.492789e+01 7.016546e+00 1.867304e+00 6.873641e+00 2.810088e+01 1.211443e+01 1.099479e+01 1.235169e+01 3.210394e+00 3.856720e+00 1.253788e-02 2.379863e-01 2.541390e-01 1.254750e+00 5.898419e-01 1.106569e+00 1.557128e+00 1.995858e+00 1.312928e+00 8.153022e-01 1.305257e+00 7.393277e-01 2.153706e-01 1.000000e-02 1.208205e-01 9.750123e-02 2.646802e-01 2.208920e-01 1.697801e-01 1.826204e-01 3.209172e-01 3.932982e-01 1.186160e-01 3.001215e-01 8.945052e-02 9.236483e-02 1.000000e-02
<GCONST> 5.793056e+01
<STATE> 23
<MEAN> 39
 2.692440e+00 -9.550502e+00 -9.031750e+00 -9.076334e+00 -1.326433e+00 -6.172191e+00 2.403257e+00 -5.925765e-01 3.193527e+00 -6.711974e-01 2.278080e+00 -9.772110e-01 3.252161e-01 -7.009865e-01 9.368029e-02 7.704714e-01 1.005370e-01 3.971315e-01 5.933721e-01 3.536387e-01 1.363803e+00 3.022861e-01 -3.681040e-02 5.152957e-01 5.875535e-01 -3.446209e-02 1.051769e-02 -2.688073e-02 -1.354753e-01 -1.701269e-01 -7.345632e-02 9.056421e-02 -1.122393e-01 -2.323913e-01 -4.162944e-01 -2.513266e-01 -1.129235e-01 -1.121849e-01 1.823185e-03
<VARIANCE> 39
 2.470007e+00 4.732838e+00 1.293499e+01 1.025371e+01 1.466789e+01 5.273500e+00 5.700749e+00 1.551527e+01 9.400593e+00 8.347916e+00 1.090612e+01 1.603116e+01 1.000000e-02 5.408597e-01 4.508226e-01 1.490970e+00 1.123348e+00 9.255831e-01 1.146344e+00 1.915411e+00 1.657649e+00 1.299455e+00 8.599375e-01 4.483243e-01 3.251829e-01 1.000000e-02 4.681993e-02 1.855808e-02 9.077831e-02 1.044944e-01 1.234220e-01 2.474523e-01 2.992657e-01 3.606643e-01 9.839091e-02 2.910806e-01 1.595581e-01 1.267016e-01 1.000000e-02
<GCONST> 5.719453e+01
<STATE> 24
<MEAN> 39
 1.630625e+00 -1.055170e+01 -9.575232e+00 -1.053223e+01 -2.136030e+00 -5.213506e+00 2.491088e+00 5.882871e-02 1.972327e+00 -2.647450e+00 2.721215e+00 1.083158e+00 2.688458e-01 -8.594249e-01 6.931911e-02 6.128631e-01 2.058100e-01 2.171369e-01 3.406617e-01 1.199800e-01 -2.553876e-01 -5.524219e-01 4.545332e-01 7.929884e-01 1.885626e-01 -3.862072e-02 3.523827e-03 1.863477e-01 1.747889e-01 1.951199e-01 -4.660984e-03 -5.106380e-02 -9.947187e-02 -5.278780e-01 -1.971612e-01 2.217911e-01 -3.386185e-02 -4.094591e-01 1.029447e-04
<VARIANCE> 39
 2.309447e+00 8.805173e+00 1.697794e+01 1.122681e+01 2.163092e+01 6.871615e+00 7.784755e+00 1.750791e+01 8.315284e+00 1.990057e+00 5.061818e+00 1.124904e+00 1.000000e-02 2.945179e-01 3.069444e-01 4.281859e-01 8.152715e-01 8.936396e-01 1.392481e+00 1.254277e+00 1.382841e+00 5.554959e-01 7.219951e-01 1.053107e+00 1.139872e+00 1.000000e-02 1.102889e-01 7.386128e-02 2.786226e-01 1.508260e-01 2.899922e-01 1.786032e-01 3.614598e-01 5.171506e-01 2.724504e-01 2.333509e-01 1.404500e-01 1.004562e-01 1.000000e-02
<GCONST> 5.753501e+01
<STATE> 25
<MEAN> 39
 2.476024e-01 -9.719334e+00 -7.915802e+00 -8.940211e+00 -1.001071e+00 -4.968368e+00 1.349256e+00 -2.486849e+00 1.459566e+00 1.567706e+00 5.498119e+00 -1.494916e-01 1.935465e-01 -6.072805e-01 7.457985e-01 1.368796e+00 9.880666e-01 2.336042e-01 3.352073e-01 7.180670e-02 -7.040490e-01 -2.654664e-01 9.271916e-01 3.619013e-01 -8.632643e-01 -3.272539e-02 -2.719582e-03 3.480971e-02 1.420137e-01 2.209611e-01 2.452471e-02 2.969721e-02 1.097060e-01 3.859795e-02 1.919108e-02 -4.719125e-01 -4.676077e-01 -2.302353e-01 2.484813e-03
<VARIANCE> 39
 5.094562e+00 5.524573e+00 1.261279e+01 4.227442e+00 7.405736e+00 1.717568e+01 1.041215e+01 1.100396e+01 5.296614e+00 6.035431e+00 3.587066e+00 5.797033e+00 1.000000e-02 8.111877e-01 4.192587e-01 3.458771e-01 4.463981e-01 5.458662e-01 7.594078e-01 8.166388e-01 1.831885e+00 9.393858e-01 1.026826e+00 9.623199e-01 9.260127e-01 1.000000e-02 6.114821e-02 3.770759e-02 1.252525e-01 2.181345e-01 1.440676e-01 5.163186e-01 2.937390e-01 3.452314e-01 1.452682e-01 6.329954e-02 1.085647e-01 9.559020e-02 1.000000e-02
<GCONST> 5.386920e+01
<STATE> 26
<MEAN> 39
 -1.029575e+00 -8.285383e+00 -4.542861e+00 -6.519884e+00 -9.453107e-01 -4.202023e+00 3.205615e+00 -2.062022e+00 -2.315838e-02 -2.074025e-01 3.129299e+00 -2.744259e+00 1.587402e-01 -9.979095e-01 1.125236e-01 9.010915e-01 8.300630e-01 2.075463e-01 1.748109e-01 2.143864e-01 -1.632677e-01 -6.064152e-01 -9.963226e-01 -4.824098e-01 -5.125669e-01 -3.538968e-02 -1.032040e-02 -1.297544e-01 -1.952098e-01 -1.290299e-01 2.577324e-02 -1.830099e-01 -6.833537e-02 4.245708e-01 2.405729e-01 -1.934021e-01 4.909113e-02 3.767772e-01 2.395302e-03
<VARIANCE> 39
 8.326441e+00 3.028536e+00 9.508531e+00 1.149163e+01 1.050121e+01 1.000666e+01 1.679386e+01 1.785837e+01 1.454538e+01 2.244905e+01 1.426064e+01 1.197866e+01 1.270482e-02 1.949091e-01 1.254229e-01 1.211382e+00 1.216240e+00 5.486253e-01 2.351159e+00 1.385685e+00 1.391979e+00 7.805430e-01 5.364767e-01 1.221544e+00 5.949175e-01 1.000000e-02 1.160778e-01 3.160945e-02 5.004083e-02 1.377432e-01 4.575713e-02 2.832692e-01 2.099098e-01 3.245302e-01 2.529535e-01 3.453314e-01 2.544647e-01 1.706253e-01 1.000000e-02
<GCONST> 6.051585e+01
<STATE> 27
<MEAN> 39
 -4.130789e+00 -9.000916e+00 -3.509383e+00 -5.624882e+00 -4.670023e-03 -2.770181e+00 3.377474e+00 -1.913962e+00 1.289013e-01 -4.090971e+00 1.756171e+00 -2.648077e+00 7.562050e-02 -8.649437e-01 3.482900e-02 6.967129e-01 7.499496e-01 6.459312e-01 -1.347151e-01 7.843228e-02 9.353507e-01 3.496000e-01 -7.585915e-01 -8.516365e-02 2.946796e-01 -2.392936e-02 3.048149e-01 -8.832438e-03 -2.836348e-01 -2.533914e-01 8.814692e-03 -2.734894e-01 -1.840919e-01 1.777710e-01 3.908055e-01 5.041018e-01 2.832164e-01 2.621944e-01 9.321538e-03
<VARIANCE> 39
 2.366193e+00 1.353062e+00 1.740730e+00 7.252819e+00 1.857169e+00 4.329035e+00 4.675671e+00 1.524867e+01 1.639987e+01 2.480468e+00 1.215092e+00 7.725217e+00 1.000000e-02 2.904017e-01 1.978460e-01 5.321697e-01 4.766527e-01 6.041810e-02 7.943260e-01 6.007497e-01 1.519862e+00 1.067948e+00 1.623935e+00 1.215195e+00 1.229557e+00 1.000000e-02 2.491491e-02 1.707919e-02 1.286598e-01 2.922885e-01 8.339373e-02 3.370691e-01 3.344443e-01 1.936704e-01 2.435163e-01 7.228474e-02 7.352878e-02 5.533145e-02 1.000000e-02
<GCONST> 4.055778e+01
<TRANSP> 28
 0.000000e+00 1.000000e+00 0.000000e+00 0.000000e+00 0.000000e+00 0.000000e+00 0.000000e+00 0.000000e+00 0.000000e+00 0.000000e+00 0.000000e+00 0.000000e+00 0.000000e+00 0.000000e+00 0.000000e+00 0.000000e+00 0.000000e+00 0.000000e+00 0.000000e+00 0.000000e+00 0.000000e+00 0.000000e+00 0.000000e+00 0.000000e+00 0.000000e+00 0.000000e+00 0.000000e+00 0.000000e+00
 0.000000e+00 5.000000e-01 5.000000e-01 0.000000e+00 0.000000e+00 0.000000e+00 0.000000e+00 0.000000e+00 0.000000e+00 0.000000e+00 0.000000e+00 0.000000e+00 0.000000e+00 0.000000e+00 0.000000e+00 0.000000e+00 0.000000e+00 0.000000e+00 0.000000e+00 0.000000e+00 0.000000e+00 0.000000e+00 0.000000e+00 0.000000e+00 0.000000e+00 0.000000e+00 0.000000e+00 0.000000e+00
 0.000000e+00 0.000000e+00 4.444444e-01 5.555556e-01 0.000000e+00 0.000000e+00 0.000000e+00 0.000000e+00 0.000000e+00 0.000000e+00 0.000000e+00 0.000000e+00 0.000000e+00 0.000000e+00 0.000000e+00 0.000000e+00 0.000000e+00 0.000000e+00 0.000000e+00 0.000000e+00 0.000000e+00 0.000000e+00 0.000000e+00 0.000000e+00 0.000000e+00 0.000000e+00 0.000000e+00 0.000000e+00
 0.000000e+00 0.000000e+00 0.000000e+00 5.000000e-01 5.000000e-01 0.000000e+00 0.000000e+00 0.000000e+00 0.000000e+00 0.000000e+00 0.000000e+00 0.000000e+00 0.000000e+00 0.000000e+00 0.000000e+00 0.000000e+00 0.000000e+00 0.000000e+00 0.000000e+00 0.000000e+00 0.000000e+00 0.000000e+00 0.000000e+00 0.000000e+00 0.000000e+00 0.000000e+00 0.000000e+00 0.000000e+00
 0.000000e+00 0.000000e+00 0.000000e+00 0.000000e+00 5.000000e-01 5.000000e-01 0.000000e+00 0.000000e+00 0.000000e+00 0.000000e+00 0.000000e+00 0.000000e+00 0.000000e+00 0.000000e+00 0.000000e+00 0.000000e+00 0.000000e+00 0.000000e+00 0.000000e+00 0.000000e+00 0.000000e+00 0.000000e+00 0.000000e+00 0.000000e+00 0.000000e+00 0.000000e+00 0.000000e+00 0.000000e+00
 0.000000e+00 0.000000e+00 0.000000e+00 0.000000e+00 0.000000e+00 3.750000e-01 6.250000e-01 0.000000e+00 0.000000e+00 0.000000e+00 0.000000e+00 0.000000e+00 0.000000e+00 0.000000e+00 0.000000e+00 0.000000e+00 0.000000e+00 0.000000e+00 0.000000e+00 0.000000e+00 0.000000e+00 0.000000e+00 0.000000e+00 0.000000e+00 0.000000e+00 0.000000e+00 0.000000e+00 0.000000e+00
 0.000000e+00 0.000000e+00 0.000000e+00 0.000000e+00 0.000000e+00 0.000000e+00 4.444444e-01 5.555556e-01 0.000000e+00 0.000000e+00 0.000000e+00 0.000000e+00 0.000000e+00 0.000000e+00 0.000000e+00 0.000000e+00 0.000000e+00 0.000000e+00 0.000000e+00 0.000000e+00 0.000000e+00 0.000000e+00 0.000000e+00 0.000000e+00 0.000000e+00 0.000000e+00 0.000000e+00 0.000000e+00
 0.000000e+00 0.000000e+00 0.000000e+00 0.000000e+00 0.000000e+00 0.000000e+00 0.000000e+00 3.750000e-01 6.250000e-01 0.000000e+00 0.000000e+00 0.000000e+00 0.000000e+00 0.000000e+00 0.000000e+00 0.000000e+00 0.000000e+00 0.000000e+00 0.000000e+00 0.000000e+00 0.000000e+00 0.000000e+00 0.000000e+00 0.000000e+00 0.000000e+00 0.000000e+00 0.000000e+00 0.000000e+00
 0.000000e+00 0.000000e+00 0.000000e+00 0.000000e+00 0.000000e+00 0.000000e+00 0.000000e+00 0.000000e+00 5.000000e-01 5.000000e-01 0.000000e+00 0.000000e+00 0.000000e+00 0.000000e+00 0.000000e+00 0.000000e+00 0.000000e+00 0.000000e+00 0.000000e+00 0.000000e+00 0.000000e+00 0.000000e+00 0.000000e+00 0.000000e+00 0.000000e+00 0.000000e+00 0.000000e+00 0.000000e+00
 0.000000e+00 0.000000e+00 0.000000e+00 0.000000e+00 0.000000e+00 0.000000e+00 0.000000e+00 0.000000e+00 0.000000e+00 3.750000e-01 6.250000e-01 0.000000e+00 0.000000e+00 0.000000e+00 0.000000e+00 0.000000e+00 0.000000e+00 0.000000e+00 0.000000e+00 0.000000e+00 0.000000e+00 0.000000e+00 0.000000e+00 0.000000e+00 0.000000e+00 0.000000e+00 0.000000e+00 0.000000e+00
 0.000000e+00 0.000000e+00 0.000000e+00 0.000000e+00 0.000000e+00 0.000000e+00 0.000000e+00 0.000000e+00 0.000000e+00 0.000000e+00 4.444444e-01 5.555556e-01 0.000000e+00 0.000000e+00 0.000000e+00 0.000000e+00 0.000000e+00 0.000000e+00 0.000000e+00 0.000000e+00 0.000000e+00 0.000000e+00 0.000000e+00 0.000000e+00 0.000000e+00 0.000000e+00 0.000000e+00 0.000000e+00
 0.000000e+00 0.000000e+00 0.000000e+00 0.000000e+00 0.000000e+00 0.000000e+00 0.000000e+00 0.000000e+00 0.000000e+00 0.000000e+00 0.000000e+00 5.833333e-01 4.166667e-01 0.000000e+00 0.000000e+00 0.000000e+00 0.000000e+00 0.000000e+00 0.000000e+00 0.000000e+00 0.000000e+00 0.000000e+00 0.000000e+00 0.000000e+00 0.000000e+00 0.000000e+00 0.000000e+00 0.000000e+00
 0.000000e+00 0.000000e+00 0.000000e+00 0.000000e+00 0.000000e+00 0.000000e+00 0.000000e+00 0.000000e+00 0.000000e+00 0.000000e+00 0.000000e+00 0.000000e+00 4.444444e-01 5.555556e-01 0.000000e+00 0.000000e+00 0.000000e+00 0.000000e+00 0.000000e+00 0.000000e+00 0.000000e+00 0.000000e+00 0.000000e+00 0.000000e+00 0.000000e+00 0.000000e+00 0.000000e+00 0.000000e+00
 0.000000e+00 0.000000e+00 0.000000e+00 0.000000e+00 0.000000e+00 0.000000e+00 0.000000e+00 0.000000e+00 0.000000e+00 0.000000e+00 0.000000e+00 0.000000e+00 0.000000e+00 2.857143e-01 7.142857e-01 0.000000e+00 0.000000e+00 0.000000e+00 0.000000e+00 0.000000e+00 0.000000e+00 0.000000e+00 0.000000e+00 0.000000e+00 0.000000e+00 0.000000e+00 0.000000e+00 0.000000e+00
 0.000000e+00 0.000000e+00 0.000000e+00 0.000000e+00 0.000000e+00 0.000000e+00 0.000000e+00 0.000000e+00 0.000000e+00 0.000000e+00 0.000000e+00 0.000000e+00 0.000000e+00 0.000000e+00 2.857143e-01 7.142857e-01 0.000000e+00 0.000000e+00 0.000000e+00 0.000000e+00 0.000000e+00 0.000000e+00 0.000000e+00 0.000000e+00 0.000000e+00 0.000000e+00 0.000000e+00 0.000000e+00
 0.000000e+00 0.000000e+00 0.000000e+00 0.000000e+00 0.000000e+00 0.000000e+00 0.000000e+00 0.000000e+00 0.000000e+00 0.000000e+00 0.000000e+00 0.000000e+00 0.000000e+00 0.000000e+00 0.000000e+00 4.444444e-01 5.555556e-01 0.000000e+00 0.000000e+00 0.000000e+00 0.000000e+00 0.000000e+00 0.000000e+00 0.000000e+00 0.000000e+00 0.000000e+00 0.000000e+00 0.000000e+00
 0.000000e+00 0.000000e+00 0.000000e+00 0.000000e+00 0.000000e+00 0.000000e+00 0.000000e+00 0.000000e+00 0.000000e+00 0.000000e+00 0.000000e+00 0.000000e+00 0.000000e+00 0.000000e+00 0.000000e+00 0.000000e+00 4.444444e-01 5.555556e-01 0.000000e+00 0.000000e+00 0.000000e+00 0.000000e+00 0.000000e+00 0.000000e+00 0.000000e+00 0.000000e+00 0.000000e+00 0.000000e+00
 0.000000e+00 0.000000e+00 0.000000e+00 0.000000e+00 0.000000e+00 0.000000e+00 0.000000e+00 0.000000e+00 0.000000e+00 0.000000e+00 0.000000e+00 0.000000e+00 0.000000e+00 0.000000e+00 0.000000e+00 0.000000e+00 0.000000e+00 5.000000e-01 5.000000e-01 0.000000e+00 0.000000e+00 0.000000e+00 0.000000e+00 0.000000e+00 0.000000e+00 0.000000e+00 0.000000e+00 0.000000e+00
 0.000000e+00 0.000000e+00 0.000000e+00 0.000000e+00 0.000000e+00 0.000000e+00 0.000000e+00 0.000000e+00 0.000000e+00 0.000000e+00 0.000000e+00 0.000000e+00 0.000000e+00 0.000000e+00 0.000000e+00 0.000000e+00 0.000000e+00 0.000000e+00 3.750000e-01 6.250000e-01 0.000000e+00 0.000000e+00 0.000000e+00 0.000000e+00 0.000000e+00 0.000000e+00 0.000000e+00 0.000000e+00
 0.000000e+00 0.000000e+00 0.000000e+00 0.000000e+00 0.000000e+00 0.000000e+00 0.000000e+00 0.000000e+00 0.000000e+00 0.000000e+00 0.000000e+00 0.000000e+00 0.000000e+00 0.000000e+00 0.000000e+00 0.000000e+00 0.000000e+00 0.000000e+00 0.000000e+00 5.454546e-01 4.545455e-01 0.000000e+00 0.000000e+00 0.000000e+00 0.000000e+00 0.000000e+00 0.000000e+00 0.000000e+00
 0.000000e+00 0.000000e+00 0.000000e+00 0.000000e+00 0.000000e+00 0.000000e+00 0.000000e+00 0.000000e+00 0.000000e+00 0.000000e+00 0.000000e+00 0.000000e+00 0.000000e+00 0.000000e+00 0.000000e+00 0.000000e+00 0.000000e+00 0.000000e+00 0.000000e+00 0.000000e+00 2.857143e-01 7.142857e-01 0.000000e+00 0.000000e+00 0.000000e+00 0.000000e+00 0.000000e+00 0.000000e+00
 0.000000e+00 0.000000e+00 0.000000e+00 0.000000e+00 0.000000e+00 0.000000e+00 0.000000e+00 0.000000e+00 0.000000e+00 0.000000e+00 0.000000e+00 0.000000e+00 0.000000e+00 0.000000e+00 0.000000e+00 0.000000e+00 0.000000e+00 0.000000e+00 0.000000e+00 0.000000e+00 0.000000e+00 5.000000e-01 5.000000e-01 0.000000e+00 0.000000e+00 0.000000e+00 0.000000e+00 0.000000e+00
 0.000000e+00 0.000000e+00 0.000000e+00 0.000000e+00 0.000000e+00 0.000000e+00 0.000000e+00 0.000000e+00 0.000000e+00 0.000000e+00 0.000000e+00 0.000000e+00 0.000000e+00 0.000000e+00 0.000000e+00 0.000000e+00 0.000000e+00 0.000000e+00 0.000000e+00 0.000000e+00 0.000000e+00 0.000000e+00 3.750000e-01 6.250000e-01 0.000000e+00 0.000000e+00 0.000000e+00 0.000000e+00
 0.000000e+00 0.000000e+00 0.000000e+00 0.000000e+00 0.000000e+00 0.000000e+00 0.000000e+00 0.000000e+00 0.000000e+00 0.000000e+00 0.000000e+00 0.000000e+00 0.000000e+00 0.000000e+00 0.000000e+00 0.000000e+00 0.000000e+00 0.000000e+00 0.000000e+00 0.000000e+00 0.000000e+00 0.000000e+00 0.000000e+00 4.444444e-01 5.555556e-01 0.000000e+00 0.000000e+00 0.000000e+00
 0.000000e+00 0.000000e+00 0.000000e+00 0.000000e+00 0.000000e+00 0.000000e+00 0.000000e+00 0.000000e+00 0.000000e+00 0.000000e+00 0.000000e+00 0.000000e+00 0.000000e+00 0.000000e+00 0.000000e+00 0.000000e+00 0.000000e+00 0.000000e+00 0.000000e+00 0.000000e+00 0.000000e+00 0.000000e+00 0.000000e+00 0.000000e+00 4.444444e-01 5.555556e-01 0.000000e+00 0.000000e+00
 0.000000e+00 0.000000e+00 0.000000e+00 0.000000e+00 0.000000e+00 0.000000e+00 0.000000e+00 0.000000e+00 0.000000e+00 0.000000e+00 0.000000e+00 0.000000e+00 0.000000e+00 0.000000e+00 0.000000e+00 0.000000e+00 0.000000e+00 0.000000e+00 0.000000e+00 0.000000e+00 0.000000e+00 0.000000e+00 0.000000e+00 0.000000e+00 0.000000e+00 5.454546e-01 4.545455e-01 0.000000e+00
 0.000000e+00 0.000000e+00 0.000000e+00 0.000000e+00 0.000000e+00 0.000000e+00 0.000000e+00 0.000000e+00 0.000000e+00 0.000000e+00 0.000000e+00 0.000000e+00 0.000000e+00 0.000000e+00 0.000000e+00 0.000000e+00 0.000000e+00 0.000000e+00 0.000000e+00 0.000000e+00 0.000000e+00 0.000000e+00 0.000000e+00 0.000000e+00 0.000000e+00 0.000000e+00 0.000000e+00 1.000000e+00
 0.000000e+00 0.000000e+00 0.000000e+00 0.000000e+00 0.000000e+00 0.000000e+00 0.000000e+00 0.000000e+00 0.000000e+00 0.000000e+00 0.000000e+00 0.000000e+00 0.000000e+00 0.000000e+00 0.000000e+00 0.000000e+00 0.000000e+00 0.000000e+00 0.000000e+00 0.000000e+00 0.000000e+00 0.000000e+00 0.000000e+00 0.000000e+00 0.000000e+00 0.000000e+00 0.000000e+00 0.000000e+00
<ENDHMM>
