~o
<STREAMINFO> 1 39
<VECSIZE> 39<NULLD><MFCC_E_D_A><DIAGC>
~h "Co"
<BEGINHMM>
<NUMSTATES> 26
<STATE> 2
<MEAN> 39
 -7.932501e+00 -7.824662e+00 -1.059011e+00 -1.354711e+00 -4.253200e-01 -1.257402e+00 1.958478e+00 5.024860e-01 3.436012e+00 -3.812943e+00 2.237903e+00 1.048820e+00 -1.047102e-01 -2.512556e-01 -3.115410e-01 -4.285779e-01 1.650551e-01 7.826711e-01 -5.541401e-01 -5.373865e-01 5.397388e-01 7.369556e-01 4.467651e-01 -5.026316e-01 1.204938e-01 5.750708e-02 -2.384531e-02 -4.444872e-01 -6.647584e-01 -4.431856e-01 5.190458e-01 -8.442957e-01 -4.244453e-01 1.670250e-01 6.825275e-02 2.673105e-01 -7.709206e-01 -1.520865e-01 3.597843e-02
<VARIANCE> 39
 5.647210e+00 3.025184e+00 8.516558e+00 6.380289e+00 1.381519e+01 2.105798e+01 1.183884e+01 1.279946e+01 1.998775e+01 1.022472e+01 7.909136e+00 2.512132e+01 1.000000e-02 3.575566e-01 8.071870e-01 3.498153e+00 9.245042e-01 3.052396e+00 2.532628e+00 1.653830e+00 1.119721e+00 1.341972e+00 4.198370e-01 1.856618e+00 9.542916e-01 1.000000e-02 6.491385e-02 1.221234e-01 1.124352e+00 2.687993e-01 6.184943e-01 3.804426e-01 3.202009e-01 4.318184e-01 3.017266e-01 1.280701e-01 3.828413e-01 2.284957e-01 1.000000e-02
<GCONST> 7.344197e+01
<STATE> 3
<MEAN> 39
 -8.767864e+00 -1.065344e+01 -5.827194e+00 -3.126600e+00 6.003570e+00 -6.941000e+00 -2.616901e+00 2.051792e+00 5.458297e+00 -1.469267e+00 -3.509089e+00 1.044045e+00 2.627372e-01 -2.221628e-02 -1.787193e+00 -3.889800e+00 -2.284785e+00 2.512709e+00 -3.117534e+00 -1.378985e+00 1.119805e+00 2.240479e-01 1.416818e+00 -3.358076e+00 -4.064941e-01 1.764288e-01 4.456904e-01 -2.516782e-01 -4.165392e-01 -4.914287e-01 -3.738328e-01 1.124862e-01 1.094089e+00 -5.138226e-01 -4.808497e-01 3.594491e-02 2.438699e-01 -4.892284e-01 3.925665e-03
<VARIANCE> 39
 9.618184e+00 1.334201e+01 7.636964e+01 1.017002e+01 4.703942e+01 7.456525e+01 2.744299e+01 1.367711e+01 3.732793e+01 1.256806e+01 2.103358e+01 1.589444e+01 1.031716e-01 1.066354e+00 1.294305e+00 8.304207e+00 1.778256e+00 4.179107e+00 5.486587e+00 2.266825e+00 1.748955e+00 2.529484e+00 1.148760e+00 2.781991e+00 1.279922e+00 1.000000e-02 6.797030e-02 2.243539e-01 7.433023e-01 3.940126e-01 6.077338e-01 9.753467e-01 8.315155e-01 5.340610e-01 6.109380e-01 9.474748e-02 7.294228e-01 1.491878e-01 1.000000e-02
<GCONST> 9.580637e+01
<STATE> 4
<MEAN> 39
 -5.805386e+00 -1.460860e+01 -1.270181e+01 -9.823751e+00 7.049973e+00 -1.281103e+01 1.183073e+00 1.877117e+00 4.511987e+00 1.944815e+00 -7.994505e+00 -2.059598e+00 5.345043e-01 9.988930e-01 -1.451926e+00 -1.785228e+00 -1.589295e+00 4.888603e-02 -3.306133e-01 3.013125e+00 -1.438083e+00 -1.267407e+00 1.929265e-01 9.463459e-02 -1.533765e+00 8.564378e-02 -1.428168e-01 2.779598e-01 5.126101e-01 6.774579e-01 -3.504327e-01 1.040223e+00 5.471783e-01 -6.451107e-01 -4.240838e-01 -5.501874e-01 9.261533e-01 2.893161e-02 -3.155486e-02
<VARIANCE> 39
 1.884419e+01 2.387379e+01 9.986279e+01 3.025548e+01 3.918040e+01 6.889777e+01 5.093189e+01 2.539187e+01 2.312988e+01 1.978145e+01 3.733466e+01 2.573390e+01 1.515267e-01 1.083542e+00 1.949311e+00 2.855046e+00 2.890281e+00 1.259329e+00 5.319647e+00 5.134109e+00 4.734905e+00 3.330577e+00 1.828026e+00 2.939155e+00 2.309438e+00 1.000000e-02 2.430086e-01 3.704003e-01 5.359824e-01 2.782013e-01 5.094840e-01 9.538702e-01 1.094521e+00 9.093211e-01 5.013234e-01 1.982586e-01 9.513496e-01 4.884407e-01 1.000000e-02
<GCONST> 1.063219e+02
<STATE> 5
<MEAN> 39
 -6.271390e+00 -1.769790e+01 -1.597338e+01 -8.690427e+00 7.560084e+00 -8.344389e+00 7.009968e+00 -3.132490e+00 -2.793830e-01 -1.699476e+00 -5.124126e+00 -5.306656e+00 6.363506e-01 1.173857e-01 -3.517314e-01 -1.721780e+00 6.597679e-01 1.682377e-01 1.581638e+00 8.579178e-01 -2.307908e+00 -1.519507e+00 -2.408665e-01 9.436753e-01 -5.956700e-01 2.968412e-02 -8.047039e-02 4.559407e-01 4.390679e-02 1.528569e-01 4.860779e-02 6.608738e-02 -6.693131e-01 1.086223e-01 2.276400e-01 6.090827e-01 -1.667288e-01 5.163674e-01 -4.521771e-03
<VARIANCE> 39
 1.424672e+01 2.963168e+01 1.259391e+02 3.370637e+01 3.167068e+01 2.846384e+01 4.398925e+01 2.579845e+01 3.448270e+01 1.603704e+01 1.478255e+00 4.297818e+01 2.436339e-01 3.966688e-01 1.601880e+00 1.981298e+00 1.161448e+00 1.037578e+00 7.286236e-01 1.431998e+00 1.737312e+00 1.478051e+00 1.335414e+00 1.682002e+00 1.656044e+00 1.000000e-02 6.902204e-02 3.441735e-01 3.514450e-01 3.829520e-01 2.131504e-01 4.509414e-01 3.119767e-01 5.021373e-01 4.248430e-01 4.068775e-01 1.593015e-01 3.691185e-01 1.000000e-02
<GCONST> 8.794460e+01
<STATE> 6
<MEAN> 39
 -7.284455e+00 -1.677911e+01 -1.750493e+01 -8.226160e+00 9.062492e+00 -5.921198e+00 5.415130e+00 -5.567931e+00 -2.416520e+00 1.091254e+00 -4.378684e+00 -7.103149e-01 6.590989e-01 -1.569264e-01 -3.399369e-01 -2.288434e+00 -6.952936e-01 9.527308e-01 -4.058987e-01 3.412775e-01 -5.188929e-01 -2.732671e-01 1.976076e+00 -7.238490e-01 7.161680e-01 8.827563e-02 1.918087e-01 4.890784e-02 1.706411e-01 -4.228455e-01 -3.062158e-01 -3.359903e-01 1.472313e-01 2.005866e-01 6.959043e-01 -6.256178e-02 -4.909699e-03 -6.783208e-01 -4.291386e-04
<VARIANCE> 39
 2.709300e+01 2.766804e+01 1.445147e+02 3.331361e+01 3.148109e+01 1.983794e+01 7.736846e+01 3.113034e+01 3.549252e+01 1.315907e+01 1.810433e+01 1.071281e+02 1.637665e-01 9.249547e-01 3.433020e+00 3.063840e+00 2.452082e+00 3.690217e+00 6.831177e+00 1.157473e+00 4.041335e+00 9.443803e-01 1.311154e+00 3.227654e+00 4.978423e+00 1.000000e-02 1.610118e-01 2.221718e-01 7.483149e-01 4.336820e-02 5.808781e-01 5.449752e-01 4.919243e-01 6.992796e-01 1.476692e-01 4.903899e-01 6.563986e-01 1.912629e+00 1.000000e-02
<GCONST> 1.032556e+02
<STATE> 7
<MEAN> 39
 -4.022799e+00 -1.764368e+01 -2.307194e+01 -1.499927e+01 9.422716e+00 -8.067030e+00 1.159132e+01 -9.124009e+00 -3.146794e+00 4.117987e+00 -4.977201e+00 -5.582095e+00 9.012822e-01 4.755838e-01 8.244898e-02 -1.068408e+00 -2.833632e-01 -2.705705e-02 1.606944e+00 1.184623e+00 -1.892891e+00 9.376459e-01 7.108568e-01 1.604342e+00 -1.414241e+00 3.446339e-02 -7.896783e-02 3.468259e-02 3.736311e-01 2.793153e-01 -5.112316e-02 4.636270e-01 -1.198460e-01 -1.147406e-01 3.101901e-01 -5.417355e-02 2.009685e-01 2.975304e-01 -1.180546e-02
<VARIANCE> 39
 2.075789e+01 1.102804e+01 2.476731e+01 6.616032e+01 1.145839e+01 1.427379e+01 7.332858e+01 3.075432e+01 6.208199e+01 2.879074e+01 2.434991e+01 3.827890e+01 1.335900e-02 1.830790e-01 8.624443e-01 2.854196e+00 2.046938e+00 1.051137e+00 4.439087e+00 1.417495e+00 8.219857e-01 7.251640e-01 2.055982e+00 2.277782e+00 8.587834e+00 1.000000e-02 4.802942e-02 2.649530e-01 4.645834e-01 5.748386e-01 3.082013e-01 1.175784e+00 2.786023e-01 6.197684e-01 1.298493e-01 3.342542e-01 8.119943e-01 1.225939e+00 1.000000e-02
<GCONST> 9.151812e+01
<STATE> 8
<MEAN> 39
 -4.028884e+00 -1.768387e+01 -2.577275e+01 -1.008083e+01 8.649614e+00 -1.575306e+00 1.185711e+01 -1.382072e+01 3.639983e-01 4.446684e+00 -2.594179e-01 -8.795072e+00 9.711909e-01 9.533135e-02 1.862803e-01 2.973556e-01 -3.324656e-01 -7.326074e-01 1.282251e+00 1.782510e-01 -1.179476e+00 6.173960e-01 -3.222645e-01 3.056088e-01 3.958947e-01 -4.688601e-04 -1.053360e-01 -1.850813e-01 2.026547e-01 -1.256940e-01 -1.684612e-01 -1.714401e-01 -9.357998e-02 2.295235e-01 7.369930e-02 -5.681278e-01 -2.428814e-01 5.001372e-02 -4.198519e-03
<VARIANCE> 39
 1.063779e+01 1.470827e+00 4.778122e+00 3.286317e+01 5.888909e+00 6.873989e+00 2.978656e+01 8.050523e+00 2.795836e+01 2.203998e+01 7.236242e+00 1.664483e+01 1.000000e-02 1.896396e-01 4.113702e-01 7.145067e-01 5.695243e-01 8.339018e-01 6.081128e-01 1.111313e-01 1.287198e+00 9.343338e-01 8.193836e-01 4.832315e-01 4.596699e-01 1.000000e-02 3.721515e-02 3.343105e-02 1.462542e-01 1.683989e-01 1.098485e-01 2.720254e-01 7.176308e-02 1.536866e-01 1.651916e-01 1.674382e-01 1.438993e-01 1.329181e-01 1.000000e-02
<GCONST> 5.226315e+01
<STATE> 9
<MEAN> 39
 -2.931131e+00 -1.685888e+01 -2.471950e+01 -1.413742e+01 6.696412e+00 1.149096e+00 1.465646e+01 -1.830098e+01 2.330643e+00 3.505109e+00 8.631397e-01 -6.497827e+00 9.535220e-01 -3.009880e-01 -5.962821e-02 5.157663e-01 1.345119e-01 1.353032e-01 9.087883e-01 1.943902e-01 -4.759973e-02 1.302811e+00 -1.322893e+00 2.652408e-01 7.304393e-02 -2.773714e-03 -7.508073e-02 -6.735468e-02 -9.165221e-02 -4.306399e-03 3.727245e-01 -2.516274e-01 -6.581187e-02 3.485085e-01 -3.367117e-01 -1.930635e-02 -1.489031e-01 -1.427677e-01 1.953481e-03
<VARIANCE> 39
 8.713401e+00 1.439116e+00 4.233563e+00 5.773059e+01 7.348227e+00 2.002699e+00 2.293333e+01 1.601406e+01 1.191288e+01 1.983207e+01 1.208826e+01 1.560788e+01 1.000000e-02 1.198738e-01 8.927906e-02 5.774195e-01 2.076036e-01 9.719534e-01 6.269733e-01 5.663642e-01 1.979646e+00 1.174160e+00 7.970651e-01 8.340729e-01 8.250337e-01 1.000000e-02 1.383054e-02 5.612695e-02 2.220999e-01 7.756918e-02 2.253205e-01 3.521738e-02 1.718555e-02 4.241734e-01 1.139471e-01 9.983420e-02 1.984038e-01 5.516745e-02 1.000000e-02
<GCONST> 4.773873e+01
<STATE> 10
<MEAN> 39
 -6.693201e+00 -1.911634e+01 -2.359937e+01 -1.096065e+01 7.030923e+00 6.037618e+00 1.022202e+01 -1.709886e+01 4.127307e+00 -1.709090e+00 -1.812790e+00 -6.922886e+00 9.638297e-01 -2.142646e-01 -1.023108e-01 -9.523756e-02 -3.073778e-01 4.673402e-01 7.702548e-01 -3.000633e-01 -6.209977e-01 8.908546e-02 -3.734691e-01 3.347253e-02 -4.297802e-01 3.545630e-03 5.564614e-02 8.581592e-02 -5.659060e-02 1.147335e-01 1.385668e-01 -1.582444e-01 -9.483234e-02 1.301112e-02 6.325824e-02 1.088576e-01 4.667071e-02 -1.567996e-01 -3.791583e-04
<VARIANCE> 39
 5.308843e+00 2.152979e+00 6.503938e+00 1.372933e+01 6.011821e+00 1.501511e+01 1.928423e+01 7.282834e+00 5.757019e+00 7.327920e+00 8.996776e+00 9.452493e+00 1.000000e-02 1.219926e-01 3.753411e-01 1.814032e-01 7.290325e-01 2.805904e-01 5.996977e-01 3.557347e-01 4.306870e-01 8.480569e-01 1.038494e+00 4.834062e-01 7.384090e-01 1.000000e-02 1.028060e-02 7.078262e-02 4.440750e-02 1.680886e-01 4.105213e-02 1.336071e-01 8.290709e-02 1.662923e-01 1.951350e-01 1.736306e-01 6.795771e-02 1.013146e-01 1.000000e-02
<GCONST> 4.252425e+01
<STATE> 11
<MEAN> 39
 -6.501323e+00 -1.853878e+01 -2.389081e+01 -1.192825e+01 9.287559e+00 6.887691e+00 8.902604e+00 -1.986966e+01 7.057905e+00 -2.663258e+00 -7.355966e-01 -9.779653e+00 9.746339e-01 -1.068414e-01 3.269951e-01 5.771482e-02 2.484320e-01 1.785814e-01 -6.635281e-01 2.795166e-02 3.948808e-01 5.407511e-01 -1.172099e+00 -4.340350e-01 -5.552628e-01 -8.422125e-03 1.658254e-03 4.385912e-02 4.203472e-02 8.213428e-02 -1.370921e-01 -1.890578e-01 1.766962e-02 4.346057e-01 -2.213779e-01 -2.509872e-01 -2.059501e-01 2.789634e-01 -3.504900e-03
<VARIANCE> 39
 5.794237e+00 3.385524e+00 2.490412e+00 1.466428e+01 5.304955e+00 1.424509e+01 2.468955e+01 6.341653e+00 2.070234e+01 1.359187e+01 1.189256e+01 8.374009e+00 1.000000e-02 6.396022e-02 2.891009e-01 3.192733e-01 1.719331e+00 7.188041e-01 2.852369e-01 4.561203e-01 1.672910e+00 1.731444e+00 1.244513e+00 7.281095e-01 8.166626e-01 1.000000e-02 2.170942e-02 6.496583e-02 5.070593e-02 1.654863e-01 1.375820e-01 2.526029e-01 9.677102e-02 6.775025e-02 3.639540e-01 3.432903e-01 1.345080e-01 1.988011e-01 1.000000e-02
<GCONST> 5.242506e+01
<STATE> 12
<MEAN> 39
 -4.367287e+00 -1.769391e+01 -2.586225e+01 -1.233188e+01 1.207604e+01 -3.933260e-01 1.282431e+01 -1.668276e+01 3.583755e+00 -5.881810e+00 -1.204745e+00 -1.246714e+01 9.350110e-01 1.417379e-01 1.744427e-01 -4.002122e-01 -1.007695e-01 7.410822e-01 -1.246691e+00 -9.078220e-01 1.024768e+00 -7.410061e-01 -1.578658e+00 2.167584e-01 1.925051e-01 -6.618753e-03 1.774527e-01 2.026066e-01 5.918416e-03 -2.351462e-01 -2.723709e-02 1.815024e-01 -1.514612e-01 -9.116422e-02 -2.950158e-01 2.524874e-01 5.997120e-01 3.353405e-01 -2.343283e-04
<VARIANCE> 39
 7.370489e+00 2.407680e+00 6.849230e+00 2.906941e+01 1.089045e+01 2.136996e+01 1.314757e+01 1.308934e+01 2.035259e+01 1.029893e+01 4.549909e+00 1.924035e+01 1.000000e-02 8.163121e-02 6.108176e-01 4.362345e-01 6.375114e-01 6.185681e-01 7.119486e-01 5.631905e-01 8.101366e-01 8.600719e-01 5.150172e-01 1.441666e+00 6.221378e-01 1.000000e-02 1.054320e-02 1.459475e-01 2.253422e-02 2.449308e-01 1.616508e-01 2.146509e-01 1.145075e-01 1.310672e-01 1.677143e-01 2.142722e-01 1.084290e-01 1.057189e-01 1.000000e-02
<GCONST> 5.260967e+01
<STATE> 13
<MEAN> 39
 -4.393743e+00 -1.522604e+01 -2.525882e+01 -1.226068e+01 1.232015e+01 1.938578e+00 8.346766e+00 -1.413266e+01 2.737563e+00 -8.109397e+00 1.601287e+00 -8.487703e+00 9.156391e-01 4.470987e-01 4.162060e-01 2.515342e-01 1.661454e-01 1.519028e-01 6.791619e-01 -6.580938e-01 1.003194e-01 -6.589949e-01 2.228475e-01 7.623353e-01 5.702364e-01 -1.331125e-02 -1.098617e-01 -4.537187e-01 2.657760e-01 -1.424929e-01 4.380706e-02 1.854416e-01 -1.330030e-01 -1.759510e-01 1.915312e-01 2.475418e-01 -2.280845e-01 -3.146845e-01 -2.879351e-03
<VARIANCE> 39
 1.160067e+01 7.797104e+00 1.334743e+01 1.541057e+01 2.140837e+01 4.195704e+01 1.648057e+01 1.408711e+01 2.344457e+01 5.219134e+00 2.123513e+01 1.221073e+01 1.000000e-02 1.305700e-01 1.165210e+00 7.380130e-01 1.711009e+00 7.169725e-01 7.385439e-01 1.007768e+00 1.373986e+00 7.418757e-01 6.866282e-01 9.734106e-01 1.217861e+00 1.000000e-02 6.494468e-02 2.723471e-01 2.031348e-01 2.987090e-01 1.479737e-01 2.755089e-01 2.918942e-01 3.412171e-01 2.294144e-01 2.910897e-01 3.620522e-01 1.218578e-01 1.000000e-02
<GCONST> 6.967059e+01
<STATE> 14
<MEAN> 39
 -4.664213e+00 -1.729528e+01 -2.380755e+01 -1.170894e+01 1.104722e+01 4.288918e+00 5.033899e+00 -1.625875e+01 2.448245e+00 -9.014072e+00 1.733284e+00 -8.771653e+00 8.674264e-01 -3.666453e-01 -9.566329e-01 7.228125e-01 -7.982275e-01 8.770972e-01 1.480882e-01 -1.750771e+00 1.382249e+00 -6.962668e-03 -5.998927e-01 1.673365e-01 -3.457245e-01 -2.442762e-02 -1.996492e-01 -2.461278e-01 1.512751e-01 -3.153339e-02 -9.391125e-02 6.782547e-02 -5.124258e-01 6.019292e-01 2.347387e-01 1.825905e-01 -4.381789e-01 8.556210e-02 -7.863316e-03
<VARIANCE> 39
 1.004483e+01 3.452008e+00 7.948940e+00 2.170356e+01 1.357575e+01 1.464066e+01 1.487306e+01 2.475941e+01 2.236132e+01 9.359150e+00 3.615478e+00 1.074365e+01 1.000000e-02 8.945029e-01 6.941138e-01 7.697039e-01 1.707594e+00 9.201034e-01 4.776259e-01 2.057453e+00 1.670750e+00 1.606466e+00 1.225100e+00 1.236337e+00 5.944602e-01 1.000000e-02 2.356861e-01 1.215739e-01 8.532599e-02 4.588496e-01 2.766496e-01 1.409101e-01 1.851803e-01 9.717398e-02 1.467752e-01 2.590018e-01 1.831555e-01 2.344659e-01 1.000000e-02
<GCONST> 6.686793e+01
<STATE> 15
<MEAN> 39
 -6.595671e+00 -1.999775e+01 -2.113295e+01 -1.534332e+01 1.544229e+01 3.857480e+00 -2.431683e-01 -1.018444e+01 3.025157e+00 -8.995544e+00 7.275268e-01 -9.251987e+00 7.950304e-01 -1.077627e-01 -1.244152e+00 1.072797e+00 6.232250e-02 -5.491173e-01 7.667896e-01 -2.387452e+00 2.230288e+00 2.055634e-01 1.319945e+00 -1.695922e+00 6.963762e-02 -5.558827e-02 8.843510e-01 1.388710e-01 -3.558500e-01 7.343134e-01 -8.491645e-01 1.200755e-02 7.449027e-01 -2.171567e-01 -2.129802e-01 4.360492e-01 -1.138555e-01 2.608588e-01 -1.431197e-02
<VARIANCE> 39
 1.406293e+01 2.613526e+00 7.288035e+00 2.129430e+01 2.560145e+01 2.942372e+01 4.151612e+01 1.319753e+01 2.581955e+01 1.736563e+01 6.317884e+00 9.350184e+00 1.000000e-02 2.124094e+00 8.542900e-01 5.293178e-01 1.960784e+00 1.561491e+00 8.981700e-01 5.690430e-01 2.090631e+00 1.099597e+00 2.172669e-01 5.418857e-01 8.613030e-01 1.000000e-02 1.599853e-01 6.052352e-02 1.269877e-01 5.387605e-01 4.402273e-01 1.455251e-01 5.458544e-01 4.937467e-01 5.304961e-01 2.286394e-01 1.486208e-01 1.686694e-01 1.000000e-02
<GCONST> 7.140255e+01
<STATE> 16
<MEAN> 39
 -2.134897e+00 -2.175801e+01 -2.004144e+01 -1.226664e+01 9.290915e+00 5.998433e+00 -1.780990e+00 -5.386181e+00 1.194226e+00 -3.890898e+00 -2.700099e+00 -8.017700e+00 5.994120e-01 2.672394e+00 -8.328704e-01 -3.593054e-01 1.722910e+00 -2.061851e+00 2.975711e-02 1.124829e+00 -9.251188e-03 -2.447424e-01 1.167807e+00 -5.367615e-01 1.111644e+00 -7.511436e-02 2.426583e-01 2.803691e-01 -3.517364e-01 2.033543e-01 1.080730e-01 -4.289028e-01 7.086973e-01 -6.749805e-01 4.569313e-02 -3.541821e-01 4.931085e-01 2.299669e-01 6.774702e-03
<VARIANCE> 39
 2.240844e+01 4.965989e+00 5.979109e+00 5.724202e+00 1.842010e+01 2.647406e+01 2.542876e+01 1.508727e+01 3.637585e+01 7.853799e+00 4.882649e+00 1.438103e+01 1.000000e-02 8.330261e-01 3.504649e-01 4.778444e-01 2.103657e+00 2.640666e+00 2.242131e+00 2.689035e+00 2.116741e+00 2.020160e+00 9.164363e-01 6.214347e-01 7.948679e-01 1.000000e-02 5.596129e-01 1.405270e-01 2.057961e-01 3.323726e-01 3.650009e-01 3.315177e-01 5.439750e-01 4.091145e-01 2.272667e-01 1.262204e-01 6.458625e-02 1.479490e-01 1.000000e-02
<GCONST> 7.331293e+01
<STATE> 17
<MEAN> 39
 3.536631e+00 -2.225444e+01 -2.050391e+01 -6.407236e+00 7.838293e+00 3.927480e+00 2.992435e+00 -8.633653e+00 1.769978e+00 -3.779263e+00 -1.485720e+00 -4.989963e+00 4.852629e-01 4.483867e-01 3.530172e-01 -2.432420e-01 5.220996e-01 -2.987944e-01 -9.060479e-01 -1.576265e-01 -4.091962e-01 -7.715729e-02 2.305842e-01 4.358536e-01 7.060586e-01 -2.671650e-02 -6.381848e-01 1.310335e-01 1.925098e-01 -5.189078e-01 3.220732e-01 4.806034e-02 -5.796714e-01 1.147953e-02 2.385010e-02 -9.020636e-02 7.911377e-02 -1.800719e-01 1.057770e-02
<VARIANCE> 39
 9.618749e-01 5.940732e+00 1.539727e+01 5.320128e+00 4.502478e+00 1.117045e+01 1.097091e+01 4.388876e+00 2.318178e+01 8.665846e+00 1.287435e+01 6.896589e+00 1.000000e-02 6.427937e-01 7.868001e-01 1.552948e+00 8.649052e-01 8.541033e-01 1.007017e+00 2.401920e+00 6.637735e-01 2.309494e+00 7.118736e-01 7.907171e-01 9.482012e-01 1.000000e-02 8.701778e-02 2.662875e-01 4.665370e-01 8.379641e-02 2.132183e-01 4.103822e-01 4.604397e-01 2.158494e-01 2.795292e-01 1.101146e-01 2.983836e-01 1.085621e-01 1.000000e-02
<GCONST> 6.306764e+01
<STATE> 18
<MEAN> 39
 2.115477e+00 -2.228576e+01 -2.156103e+01 -9.010387e+00 6.831999e+00 2.163373e+00 -3.286151e-01 -8.231398e+00 1.470025e+00 -2.773002e+00 -9.480161e-01 -3.545526e+00 4.122689e-01 -8.937058e-02 4.063292e-01 8.760028e-01 4.040821e-01 6.224464e-02 -2.302376e-01 -3.718111e-01 3.500018e-01 -2.355042e-01 -5.771273e-02 4.939641e-01 5.498232e-01 -1.399777e-02 1.015669e-01 2.889232e-01 5.879664e-01 4.818231e-01 1.704686e-01 6.025992e-02 2.413178e-01 1.597944e-01 -1.561042e-01 -1.788535e-01 3.872620e-03 -7.853039e-02 1.952528e-03
<VARIANCE> 39
 2.618830e+00 5.953745e+00 9.299213e+00 3.587496e+00 4.795919e+00 1.327221e+01 1.606583e+01 1.614325e+01 1.111727e+01 9.566601e+00 7.416051e+00 8.509603e+00 1.000000e-02 3.797197e-01 8.998768e-01 2.678226e+00 1.428502e+00 2.908997e-01 7.124507e-01 6.694711e-01 1.027058e+00 8.154194e-01 4.830458e-01 6.614069e-01 1.236552e+00 1.000000e-02 7.962903e-02 1.336192e-01 1.964769e-01 8.533276e-02 1.071954e-01 1.678393e-01 1.328015e-01 3.390643e-01 1.770835e-01 1.436296e-01 1.165755e-01 2.988621e-01 1.000000e-02
<GCONST> 5.704737e+01
<STATE> 19
<MEAN> 39
 3.249602e+00 -1.914896e+01 -1.661669e+01 -4.110628e+00 7.455520e+00 1.085968e+00 -6.897043e-01 -7.566646e+00 3.737576e-01 -2.964669e+00 9.666411e-01 -2.059935e+00 3.682863e-01 2.682744e-01 1.011904e+00 2.106141e+00 1.445056e+00 3.175250e-01 -7.393064e-02 1.851111e-01 -7.834321e-02 -9.577954e-01 -6.164718e-01 -1.910008e-01 -9.849321e-02 -1.501507e-02 -1.725782e-01 -2.258794e-01 -4.570978e-01 -3.824930e-01 -4.287255e-02 1.398974e-01 -5.082534e-03 -1.249807e-01 -1.946035e-02 -3.089309e-02 -2.033928e-01 -1.313146e-01 -1.069830e-03
<VARIANCE> 39
 3.533488e+00 8.301267e+00 1.797778e+01 3.952790e+00 7.434687e+00 3.834737e+00 1.074638e+01 1.549131e+01 1.345563e+01 1.043070e+01 8.386321e+00 5.159762e+00 1.000000e-02 3.367522e-01 5.580069e-01 5.842400e-01 7.816286e-01 8.583689e-01 1.360318e+00 9.963921e-01 2.312495e+00 8.741985e-01 8.508032e-01 7.121201e-01 5.098583e-01 1.000000e-02 1.146551e-01 1.689958e-01 4.898529e-01 1.389559e-01 1.098817e-01 2.466121e-01 1.004009e-01 3.938554e-01 3.092903e-01 1.630895e-01 6.971822e-02 1.788245e-01 1.000000e-02
<GCONST> 5.906447e+01
<STATE> 20
<MEAN> 39
 2.934016e+00 -1.751761e+01 -1.290010e+01 -2.143990e+00 8.376322e+00 1.542851e+00 7.452619e-02 -6.836183e+00 -1.793597e+00 -5.495421e+00 -1.212867e+00 -3.411565e+00 3.367466e-01 -5.495727e-01 -7.605537e-02 -5.261875e-01 -3.908326e-01 2.418874e-01 4.828844e-01 -2.454640e-01 3.691652e-01 2.218209e-01 5.979937e-02 -1.318408e-03 -3.343718e-01 -1.628054e-02 -2.589935e-01 -4.283705e-01 -9.033295e-01 -6.354707e-01 1.174078e-02 8.749352e-02 -1.816997e-02 2.442444e-01 2.241287e-01 2.826766e-01 1.983051e-01 -2.883666e-02 1.256665e-04
<VARIANCE> 39
 1.114510e+00 2.385557e+00 3.130746e+00 5.369453e+00 4.789818e+00 1.557966e+01 1.745355e+01 1.083724e+01 1.274170e+01 4.385248e+00 3.846677e+00 1.143559e+01 1.000000e-02 2.875585e-01 5.566657e-01 1.388247e+00 8.859218e-01 3.923871e-01 9.808257e-01 4.241211e-01 1.584543e+00 1.064222e+00 1.173014e+00 5.097156e-01 1.570548e+00 1.000000e-02 1.962209e-02 2.102544e-02 1.023544e-01 1.798465e-01 1.424952e-01 3.539954e-01 2.747597e-01 3.766101e-01 1.532390e-01 1.535164e-01 7.510854e-02 3.443348e-01 1.000000e-02
<GCONST> 5.159733e+01
<STATE> 21
<MEAN> 39
 1.238693e+00 -1.897137e+01 -1.704842e+01 -6.231811e+00 8.659203e+00 3.116517e+00 -9.082389e-01 -6.683214e+00 4.360239e-02 -2.433774e+00 1.323774e+00 -2.615516e+00 2.942134e-01 -5.925944e-01 -4.922330e-01 -9.781576e-01 -1.014638e+00 4.948501e-02 1.987799e-02 4.260759e-01 5.111998e-01 3.208932e-01 7.543066e-01 1.900989e-01 4.216097e-02 -1.408481e-02 4.349611e-02 1.098309e-01 2.283968e-01 1.650833e-01 -1.730137e-01 1.170537e-02 2.371513e-01 1.366949e-01 -2.973597e-02 -7.334407e-02 -4.510088e-02 1.372053e-01 -1.296205e-03
<VARIANCE> 39
 9.259376e-01 1.948383e+00 2.395950e+00 4.759415e+00 6.874124e+00 8.600824e+00 1.360737e+01 4.622209e+00 1.723995e+01 9.435475e+00 4.091925e+00 1.862670e+01 1.000000e-02 1.851521e-01 2.216055e-01 8.474598e-01 5.254259e-01 4.863984e-01 9.744193e-01 1.491259e+00 1.102340e+00 8.395590e-01 5.583254e-01 5.251662e-01 5.765688e-01 1.000000e-02 3.587514e-02 3.228008e-02 7.982618e-02 9.840007e-02 5.410383e-02 1.554245e-01 1.177460e-01 9.646376e-02 1.369715e-01 2.931308e-01 4.622427e-02 2.764093e-01 1.000000e-02
<GCONST> 4.388846e+01
<STATE> 22
<MEAN> 39
 -8.083570e-01 -2.003304e+01 -1.892852e+01 -7.531974e+00 8.417532e+00 3.680011e+00 4.640139e-02 -3.688727e+00 9.359301e-01 -3.084071e+00 2.479068e-01 -2.949087e+00 2.305817e-01 -1.133959e-01 7.801878e-01 8.307452e-01 5.550964e-01 -4.954177e-01 -5.215539e-01 -3.348649e-01 -1.004318e-01 -1.039907e+00 -4.389718e-01 4.653717e-01 6.458134e-02 -2.192186e-02 2.209060e-01 4.201426e-01 5.984842e-01 3.628087e-01 2.495547e-02 -2.484032e-01 -2.170916e-01 -4.470352e-01 -2.810393e-01 -9.415183e-02 8.710681e-02 -1.405699e-02 6.681501e-04
<VARIANCE> 39
 1.271258e+00 3.622214e+00 7.448201e+00 3.372048e+00 6.093262e+00 1.374717e+01 7.111877e+00 8.397953e+00 2.412219e+01 5.426430e+00 8.865308e+00 7.062431e+00 1.000000e-02 3.282006e-01 7.901117e-01 1.997830e+00 4.826826e-01 4.515524e-01 1.886256e+00 2.248390e+00 1.686726e+00 1.106162e+00 4.743770e-01 2.952430e-01 1.514732e+00 1.000000e-02 4.089046e-02 5.860957e-02 2.363656e-01 1.167707e-01 9.225591e-02 3.134931e-01 6.127398e-01 2.675941e-01 3.259998e-01 1.760866e-01 7.540760e-02 2.399275e-01 1.000000e-02
<GCONST> 5.663352e+01
<STATE> 23
<MEAN> 39
 3.137624e-01 -1.556147e+01 -1.381616e+01 -4.972210e+00 6.678017e+00 9.215479e-01 -5.150777e-02 -6.306769e+00 -3.705420e+00 -3.779409e+00 1.577666e+00 -1.902623e+00 1.968771e-01 -5.170165e-01 7.393620e-01 1.095747e+00 1.166373e-01 -3.414228e-01 2.134794e-01 7.419783e-01 5.336699e-01 2.640241e-01 1.284527e-01 -2.850079e-01 2.496252e-01 -3.316231e-02 -3.638115e-01 -3.409081e-02 2.132131e-01 -7.434431e-02 -5.492086e-03 1.155572e-01 7.696138e-02 1.264502e-01 4.824722e-01 2.053940e-01 -1.915237e-01 -1.366907e-01 -1.250730e-02
<VARIANCE> 39
 2.155332e+00 8.532444e+00 1.015143e+01 6.168549e+00 1.217034e+01 1.121208e+01 2.943935e+01 1.474491e+01 1.230592e+01 7.102455e+00 1.293913e+01 6.687378e+00 1.000000e-02 7.016141e-01 1.908167e-01 2.391954e-01 5.861858e-01 8.719118e-01 8.351337e-01 8.673101e-01 1.629602e+00 2.423543e+00 1.390096e+00 7.570285e-01 9.937098e-01 1.000000e-02 7.410417e-02 1.916748e-01 2.793786e-01 1.345211e-01 1.283291e-01 2.993446e-01 3.822617e-01 4.156047e-01 2.110774e-01 1.205445e-01 1.532853e-01 2.161796e-01 1.000000e-02
<GCONST> 6.210129e+01
<STATE> 24
<MEAN> 39
 -3.450399e+00 -1.352387e+01 -9.235332e+00 -4.403100e+00 6.680060e+00 1.977545e+00 2.513229e+00 -4.079437e+00 -1.489659e+00 -1.772161e+00 1.049990e+00 -2.838963e+00 2.678913e-02 -1.252010e+00 1.118944e+00 2.042575e+00 4.130051e-01 -2.901915e-01 -2.619846e-01 -1.533930e-02 -6.005198e-01 3.220502e-01 4.448984e-01 5.395511e-01 3.638946e-01 -5.755108e-02 1.061670e-01 -1.371775e-01 -2.694457e-01 5.723531e-03 -1.046997e-01 -2.534296e-01 -2.456274e-01 -1.532281e-01 -1.259109e-02 -5.971172e-04 3.097538e-01 2.040303e-01 8.533623e-03
<VARIANCE> 39
 3.114747e+00 7.916034e+00 1.580074e+01 7.269027e+00 8.305596e+00 3.087540e+00 2.037849e+01 9.862838e+00 1.077879e+01 8.413304e+00 5.533306e+00 6.628076e+00 1.000000e-02 2.525919e-01 1.506769e+00 1.606402e+00 2.387725e-01 3.448439e-01 9.828097e-01 9.313371e-01 9.649630e-01 6.921518e-01 3.998797e-01 1.104032e+00 1.097574e+00 1.000000e-02 7.402127e-02 1.886550e-01 2.410189e-01 1.156839e-01 1.089913e-01 1.048380e-01 1.571659e-01 4.707945e-01 1.856221e-01 9.012526e-02 1.297003e-01 1.706238e-01 1.000000e-02
<GCONST> 5.543387e+01
<STATE> 25
<MEAN> 39
 -5.883041e+00 -1.241289e+01 -6.795907e+00 -3.979761e+00 4.753097e+00 4.160355e-01 6.175438e-01 -6.209752e+00 4.836598e-01 -1.021979e+00 2.494983e+00 -2.091186e-01 -6.311422e-02 -5.084925e-01 9.185832e-02 2.688859e-01 2.291868e-01 -6.956942e-01 -6.063163e-01 -5.133864e-01 1.916388e-01 1.038518e+00 4.654661e-01 2.596947e-01 5.313396e-03 -1.345036e-02 3.172203e-01 -1.356124e-01 -2.921729e-01 -1.717718e-02 2.904601e-02 4.477910e-02 -1.512790e-02 3.059051e-01 -1.473182e-01 -2.930849e-01 -3.243946e-01 -2.962806e-01 1.142641e-02
<VARIANCE> 39
 2.235888e+00 2.528228e+00 4.615936e+00 1.586804e+00 1.029123e+01 1.173415e+01 7.894211e+00 1.929264e+01 1.461940e+01 1.173474e+01 7.550712e+00 7.743337e+00 1.000000e-02 2.330236e-01 4.594643e-01 2.358128e-01 4.498760e-01 2.790385e-01 5.507041e-01 5.607837e-01 2.325403e+00 6.666509e-01 2.906813e-01 7.245241e-01 7.561294e-01 1.000000e-02 2.521764e-02 1.741187e-01 2.775747e-01 4.815951e-02 9.807613e-02 7.149755e-02 1.110854e-01 2.612131e-01 1.803473e-01 1.085105e-01 9.593818e-02 2.294280e-01 1.000000e-02
<GCONST> 4.629693e+01
<TRANSP> 26
 0.000000e+00 1.000000e+00 0.000000e+00 0.000000e+00 0.000000e+00 0.000000e+00 0.000000e+00 0.000000e+00 0.000000e+00 0.000000e+00 0.000000e+00 0.000000e+00 0.000000e+00 0.000000e+00 0.000000e+00 0.000000e+00 0.000000e+00 0.000000e+00 0.000000e+00 0.000000e+00 0.000000e+00 0.000000e+00 0.000000e+00 0.000000e+00 0.000000e+00 0.000000e+00
 0.000000e+00 7.058824e-01 2.941177e-01 0.000000e+00 0.000000e+00 0.000000e+00 0.000000e+00 0.000000e+00 0.000000e+00 0.000000e+00 0.000000e+00 0.000000e+00 0.000000e+00 0.000000e+00 0.000000e+00 0.000000e+00 0.000000e+00 0.000000e+00 0.000000e+00 0.000000e+00 0.000000e+00 0.000000e+00 0.000000e+00 0.000000e+00 0.000000e+00 0.000000e+00
 0.000000e+00 0.000000e+00 5.000000e-01 5.000000e-01 0.000000e+00 0.000000e+00 0.000000e+00 0.000000e+00 0.000000e+00 0.000000e+00 0.000000e+00 0.000000e+00 0.000000e+00 0.000000e+00 0.000000e+00 0.000000e+00 0.000000e+00 0.000000e+00 0.000000e+00 0.000000e+00 0.000000e+00 0.000000e+00 0.000000e+00 0.000000e+00 0.000000e+00 0.000000e+00
 0.000000e+00 0.000000e+00 0.000000e+00 6.666667e-01 3.333333e-01 0.000000e+00 0.000000e+00 0.000000e+00 0.000000e+00 0.000000e+00 0.000000e+00 0.000000e+00 0.000000e+00 0.000000e+00 0.000000e+00 0.000000e+00 0.000000e+00 0.000000e+00 0.000000e+00 0.000000e+00 0.000000e+00 0.000000e+00 0.000000e+00 0.000000e+00 0.000000e+00 0.000000e+00
 0.000000e+00 0.000000e+00 0.000000e+00 0.000000e+00 6.428571e-01 3.571429e-01 0.000000e+00 0.000000e+00 0.000000e+00 0.000000e+00 0.000000e+00 0.000000e+00 0.000000e+00 0.000000e+00 0.000000e+00 0.000000e+00 0.000000e+00 0.000000e+00 0.000000e+00 0.000000e+00 0.000000e+00 0.000000e+00 0.000000e+00 0.000000e+00 0.000000e+00 0.000000e+00
 0.000000e+00 0.000000e+00 0.000000e+00 0.000000e+00 0.000000e+00 2.857143e-01 7.142857e-01 0.000000e+00 0.000000e+00 0.000000e+00 0.000000e+00 0.000000e+00 0.000000e+00 0.000000e+00 0.000000e+00 0.000000e+00 0.000000e+00 0.000000e+00 0.000000e+00 0.000000e+00 0.000000e+00 0.000000e+00 0.000000e+00 0.000000e+00 0.000000e+00 0.000000e+00
 0.000000e+00 0.000000e+00 0.000000e+00 0.000000e+00 0.000000e+00 0.000000e+00 5.454546e-01 4.545455e-01 0.000000e+00 0.000000e+00 0.000000e+00 0.000000e+00 0.000000e+00 0.000000e+00 0.000000e+00 0.000000e+00 0.000000e+00 0.000000e+00 0.000000e+00 0.000000e+00 0.000000e+00 0.000000e+00 0.000000e+00 0.000000e+00 0.000000e+00 0.000000e+00
 0.000000e+00 0.000000e+00 0.000000e+00 0.000000e+00 0.000000e+00 0.000000e+00 0.000000e+00 7.058824e-01 2.941177e-01 0.000000e+00 0.000000e+00 0.000000e+00 0.000000e+00 0.000000e+00 0.000000e+00 0.000000e+00 0.000000e+00 0.000000e+00 0.000000e+00 0.000000e+00 0.000000e+00 0.000000e+00 0.000000e+00 0.000000e+00 0.000000e+00 0.000000e+00
 0.000000e+00 0.000000e+00 0.000000e+00 0.000000e+00 0.000000e+00 0.000000e+00 0.000000e+00 0.000000e+00 5.454546e-01 4.545455e-01 0.000000e+00 0.000000e+00 0.000000e+00 0.000000e+00 0.000000e+00 0.000000e+00 0.000000e+00 0.000000e+00 0.000000e+00 0.000000e+00 0.000000e+00 0.000000e+00 0.000000e+00 0.000000e+00 0.000000e+00 0.000000e+00
 0.000000e+00 0.000000e+00 0.000000e+00 0.000000e+00 0.000000e+00 0.000000e+00 0.000000e+00 0.000000e+00 0.000000e+00 7.826087e-01 2.173913e-01 0.000000e+00 0.000000e+00 0.000000e+00 0.000000e+00 0.000000e+00 0.000000e+00 0.000000e+00 0.000000e+00 0.000000e+00 0.000000e+00 0.000000e+00 0.000000e+00 0.000000e+00 0.000000e+00 0.000000e+00
 0.000000e+00 0.000000e+00 0.000000e+00 0.000000e+00 0.000000e+00 0.000000e+00 0.000000e+00 0.000000e+00 0.000000e+00 0.000000e+00 6.428571e-01 3.571429e-01 0.000000e+00 0.000000e+00 0.000000e+00 0.000000e+00 0.000000e+00 0.000000e+00 0.000000e+00 0.000000e+00 0.000000e+00 0.000000e+00 0.000000e+00 0.000000e+00 0.000000e+00 0.000000e+00
 0.000000e+00 0.000000e+00 0.000000e+00 0.000000e+00 0.000000e+00 0.000000e+00 0.000000e+00 0.000000e+00 0.000000e+00 0.000000e+00 0.000000e+00 5.833333e-01 4.166667e-01 0.000000e+00 0.000000e+00 0.000000e+00 0.000000e+00 0.000000e+00 0.000000e+00 0.000000e+00 0.000000e+00 0.000000e+00 0.000000e+00 0.000000e+00 0.000000e+00 0.000000e+00
 0.000000e+00 0.000000e+00 0.000000e+00 0.000000e+00 0.000000e+00 0.000000e+00 0.000000e+00 0.000000e+00 0.000000e+00 0.000000e+00 0.000000e+00 0.000000e+00 6.666667e-01 3.333333e-01 0.000000e+00 0.000000e+00 0.000000e+00 0.000000e+00 0.000000e+00 0.000000e+00 0.000000e+00 0.000000e+00 0.000000e+00 0.000000e+00 0.000000e+00 0.000000e+00
 0.000000e+00 0.000000e+00 0.000000e+00 0.000000e+00 0.000000e+00 0.000000e+00 0.000000e+00 0.000000e+00 0.000000e+00 0.000000e+00 0.000000e+00 0.000000e+00 0.000000e+00 6.153846e-01 3.846154e-01 0.000000e+00 0.000000e+00 0.000000e+00 0.000000e+00 0.000000e+00 0.000000e+00 0.000000e+00 0.000000e+00 0.000000e+00 0.000000e+00 0.000000e+00
 0.000000e+00 0.000000e+00 0.000000e+00 0.000000e+00 0.000000e+00 0.000000e+00 0.000000e+00 0.000000e+00 0.000000e+00 0.000000e+00 0.000000e+00 0.000000e+00 0.000000e+00 0.000000e+00 5.000000e-01 5.000000e-01 0.000000e+00 0.000000e+00 0.000000e+00 0.000000e+00 0.000000e+00 0.000000e+00 0.000000e+00 0.000000e+00 0.000000e+00 0.000000e+00
 0.000000e+00 0.000000e+00 0.000000e+00 0.000000e+00 0.000000e+00 0.000000e+00 0.000000e+00 0.000000e+00 0.000000e+00 0.000000e+00 0.000000e+00 0.000000e+00 0.000000e+00 0.000000e+00 0.000000e+00 6.153846e-01 3.846154e-01 0.000000e+00 0.000000e+00 0.000000e+00 0.000000e+00 0.000000e+00 0.000000e+00 0.000000e+00 0.000000e+00 0.000000e+00
 0.000000e+00 0.000000e+00 0.000000e+00 0.000000e+00 0.000000e+00 0.000000e+00 0.000000e+00 0.000000e+00 0.000000e+00 0.000000e+00 0.000000e+00 0.000000e+00 0.000000e+00 0.000000e+00 0.000000e+00 0.000000e+00 6.666667e-01 3.333333e-01 0.000000e+00 0.000000e+00 0.000000e+00 0.000000e+00 0.000000e+00 0.000000e+00 0.000000e+00 0.000000e+00
 0.000000e+00 0.000000e+00 0.000000e+00 0.000000e+00 0.000000e+00 0.000000e+00 0.000000e+00 0.000000e+00 0.000000e+00 0.000000e+00 0.000000e+00 0.000000e+00 0.000000e+00 0.000000e+00 0.000000e+00 0.000000e+00 0.000000e+00 7.058824e-01 2.941177e-01 0.000000e+00 0.000000e+00 0.000000e+00 0.000000e+00 0.000000e+00 0.000000e+00 0.000000e+00
 0.000000e+00 0.000000e+00 0.000000e+00 0.000000e+00 0.000000e+00 0.000000e+00 0.000000e+00 0.000000e+00 0.000000e+00 0.000000e+00 0.000000e+00 0.000000e+00 0.000000e+00 0.000000e+00 0.000000e+00 0.000000e+00 0.000000e+00 0.000000e+00 5.833333e-01 4.166667e-01 0.000000e+00 0.000000e+00 0.000000e+00 0.000000e+00 0.000000e+00 0.000000e+00
 0.000000e+00 0.000000e+00 0.000000e+00 0.000000e+00 0.000000e+00 0.000000e+00 0.000000e+00 0.000000e+00 0.000000e+00 0.000000e+00 0.000000e+00 0.000000e+00 0.000000e+00 0.000000e+00 0.000000e+00 0.000000e+00 0.000000e+00 0.000000e+00 0.000000e+00 5.833333e-01 4.166667e-01 0.000000e+00 0.000000e+00 0.000000e+00 0.000000e+00 0.000000e+00
 0.000000e+00 0.000000e+00 0.000000e+00 0.000000e+00 0.000000e+00 0.000000e+00 0.000000e+00 0.000000e+00 0.000000e+00 0.000000e+00 0.000000e+00 0.000000e+00 0.000000e+00 0.000000e+00 0.000000e+00 0.000000e+00 0.000000e+00 0.000000e+00 0.000000e+00 0.000000e+00 6.666667e-01 3.333333e-01 0.000000e+00 0.000000e+00 0.000000e+00 0.000000e+00
 0.000000e+00 0.000000e+00 0.000000e+00 0.000000e+00 0.000000e+00 0.000000e+00 0.000000e+00 0.000000e+00 0.000000e+00 0.000000e+00 0.000000e+00 0.000000e+00 0.000000e+00 0.000000e+00 0.000000e+00 0.000000e+00 0.000000e+00 0.000000e+00 0.000000e+00 0.000000e+00 0.000000e+00 6.153846e-01 3.846154e-01 0.000000e+00 0.000000e+00 0.000000e+00
 0.000000e+00 0.000000e+00 0.000000e+00 0.000000e+00 0.000000e+00 0.000000e+00 0.000000e+00 0.000000e+00 0.000000e+00 0.000000e+00 0.000000e+00 0.000000e+00 0.000000e+00 0.000000e+00 0.000000e+00 0.000000e+00 0.000000e+00 0.000000e+00 0.000000e+00 0.000000e+00 0.000000e+00 0.000000e+00 6.875000e-01 3.125000e-01 0.000000e+00 0.000000e+00
 0.000000e+00 0.000000e+00 0.000000e+00 0.000000e+00 0.000000e+00 0.000000e+00 0.000000e+00 0.000000e+00 0.000000e+00 0.000000e+00 0.000000e+00 0.000000e+00 0.000000e+00 0.000000e+00 0.000000e+00 0.000000e+00 0.000000e+00 0.000000e+00 0.000000e+00 0.000000e+00 0.000000e+00 0.000000e+00 0.000000e+00 6.153846e-01 3.846154e-01 0.000000e+00
 0.000000e+00 0.000000e+00 0.000000e+00 0.000000e+00 0.000000e+00 0.000000e+00 0.000000e+00 0.000000e+00 0.000000e+00 0.000000e+00 0.000000e+00 0.000000e+00 0.000000e+00 0.000000e+00 0.000000e+00 0.000000e+00 0.000000e+00 0.000000e+00 0.000000e+00 0.000000e+00 0.000000e+00 0.000000e+00 0.000000e+00 0.000000e+00 5.454546e-01 4.545455e-01
 0.000000e+00 0.000000e+00 0.000000e+00 0.000000e+00 0.000000e+00 0.000000e+00 0.000000e+00 0.000000e+00 0.000000e+00 0.000000e+00 0.000000e+00 0.000000e+00 0.000000e+00 0.000000e+00 0.000000e+00 0.000000e+00 0.000000e+00 0.000000e+00 0.000000e+00 0.000000e+00 0.000000e+00 0.000000e+00 0.000000e+00 0.000000e+00 0.000000e+00 0.000000e+00
<ENDHMM>
