~o
<STREAMINFO> 1 39
<VECSIZE> 39<NULLD><MFCC_E_D_A><DIAGC>
~h "Cuo^i"
<BEGINHMM>
<NUMSTATES> 5
<STATE> 2
<MEAN> 39
 -3.617869e+00 -8.773439e+00 -6.051141e+00 -6.599811e+00 3.274608e+00 -7.339382e+00 -8.466910e-01 -3.511913e+00 -2.132831e+00 7.248569e-01 1.034824e+00 2.232014e-01 2.808282e-01 7.528600e-01 -2.948156e-01 -8.742526e-01 -1.376859e+00 -3.254921e-01 -5.233551e-01 -3.839601e-01 2.235300e-01 -4.958515e-01 4.747271e-01 -1.275312e-01 5.186566e-01 5.182132e-02 4.658347e-02 -1.042959e-02 7.716719e-02 -1.487970e-01 -1.844091e-01 6.211545e-02 -3.177959e-02 1.538280e-01 6.539270e-02 1.734828e-02 1.711370e-01 7.959089e-02 3.542201e-03
<VARIANCE> 39
 3.719284e+01 3.369136e+01 6.144948e+01 7.338170e+01 5.576492e+01 4.728680e+01 3.109375e+01 1.580264e+01 4.679097e+01 4.253091e+01 2.844509e+01 1.748012e+01 1.063098e-01 2.427935e+00 4.838522e+00 4.972493e+00 4.108330e+00 1.082545e+01 5.007406e+00 4.031569e+00 2.264556e+00 5.163860e+00 4.493119e+00 4.122713e+00 1.677748e+00 1.000000e-02 4.286465e-01 1.087503e+00 9.175410e-01 5.816423e-01 2.005298e+00 9.820615e-01 7.624146e-01 3.970517e-01 1.041288e+00 8.932511e-01 7.050471e-01 3.188446e-01 1.000000e-02
<GCONST> 1.169419e+02
<STATE> 3
<MEAN> 39
 2.404392e+00 -1.419791e+01 -9.100881e+00 -2.505037e+01 -3.350401e+00 -1.383486e+01 -1.036603e+00 3.423821e+00 -1.762515e+00 1.049730e+01 -2.047747e+00 4.373177e+00 9.295460e-01 -6.164815e-01 -4.162077e-01 7.639561e-01 7.420400e-03 -1.482030e-02 -2.221001e-01 6.962565e-01 -1.908177e-01 3.116201e-01 1.066102e-01 -5.032143e-01 -4.828385e-01 -3.829618e-03 -7.638351e-02 5.389113e-02 9.480921e-03 1.061935e-01 9.412275e-02 1.915653e-02 6.271253e-02 -1.742003e-01 -1.987881e-02 -2.437939e-03 -9.682573e-02 -6.955936e-02 -5.234427e-03
<VARIANCE> 39
 2.027752e+01 2.339850e+01 3.377238e+01 5.106274e+01 4.562175e+01 3.784786e+01 7.747210e+01 1.891066e+01 4.270918e+01 3.445974e+01 5.225773e+01 7.116376e+01 1.000000e-02 3.634470e-01 9.567649e-01 1.572548e+00 3.185351e+00 3.032322e+00 2.022024e+00 2.886225e+00 2.632885e+00 4.626320e+00 4.374569e+00 3.420287e+00 4.134427e+00 1.000000e-02 9.983546e-02 1.664313e-01 1.839085e-01 4.874592e-01 6.182184e-01 4.582721e-01 5.718512e-01 4.580948e-01 9.649638e-01 7.997879e-01 7.332892e-01 5.214183e-01 1.000000e-02
<GCONST> 1.014581e+02
<STATE> 4
<MEAN> 39
 -1.934277e+00 -1.336771e+01 -1.673090e-02 -1.149389e+01 -8.156108e+00 -9.405683e+00 2.758043e+00 -4.377687e+00 2.474720e+00 4.140672e+00 -7.216431e-01 -1.212100e+00 3.911250e-01 -2.345695e-04 5.036635e-01 -2.009387e-01 1.031215e+00 7.808655e-02 6.513338e-01 -3.815350e-01 5.088324e-02 1.739345e-01 -2.753907e-01 6.211419e-01 2.612036e-01 -4.378743e-02 2.284477e-02 -1.832662e-02 -4.768988e-02 3.400195e-02 1.053013e-01 -3.530902e-02 2.516330e-02 1.059469e-01 -2.906732e-02 -1.763975e-02 -4.138163e-02 -3.897467e-02 1.457904e-03
<VARIANCE> 39
 2.171182e+01 1.407011e+01 2.053822e+01 6.105558e+01 2.244890e+01 2.511662e+01 1.801448e+01 1.826306e+01 2.145995e+01 2.169487e+01 2.911816e+01 1.149022e+01 5.160531e-02 2.703336e+00 9.109371e-01 2.085363e+00 4.021473e+00 2.916982e+00 2.540966e+00 2.257996e+00 1.883780e+00 2.327566e+00 2.183771e+00 1.144704e+00 1.222405e+00 1.000000e-02 4.606765e-01 1.735123e-01 3.821604e-01 8.885700e-01 5.195040e-01 5.364089e-01 4.021879e-01 3.615660e-01 4.472372e-01 5.213404e-01 1.991396e-01 2.830985e-01 1.000000e-02
<GCONST> 9.374189e+01
<TRANSP> 5
 0.000000e+00 1.000000e+00 0.000000e+00 0.000000e+00 0.000000e+00
 0.000000e+00 9.342105e-01 6.578948e-02 0.000000e+00 0.000000e+00
 0.000000e+00 0.000000e+00 9.484536e-01 5.154639e-02 0.000000e+00
 0.000000e+00 0.000000e+00 0.000000e+00 9.411765e-01 5.882353e-02
 0.000000e+00 0.000000e+00 0.000000e+00 0.000000e+00 0.000000e+00
<ENDHMM>
