~o
<STREAMINFO> 1 39
<VECSIZE> 39<NULLD><MFCC_E_D_A><DIAGC>
~h "D~a^u"
<BEGINHMM>
<NUMSTATES> 26
<STATE> 2
<MEAN> 39
 -4.253367e+00 -8.415104e+00 -1.756495e+00 -1.800720e+00 2.408312e+00 -4.509562e+00 1.306085e-01 -1.911072e+00 1.567213e+00 -9.842345e-01 2.248794e+00 -2.460683e+00 6.950637e-02 9.039594e-01 -7.635017e-02 -6.181763e-01 -7.510973e-01 -9.892356e-01 -1.026172e+00 -2.498922e-01 7.677077e-01 -1.226439e-01 -7.611454e-01 -8.194910e-01 -5.049863e-01 5.693050e-02 2.160439e-01 -6.880723e-02 7.984988e-02 -3.926786e-01 -7.754676e-01 -4.634578e-01 -2.231159e-01 2.867605e-01 -3.481618e-01 -7.195848e-01 -2.903233e-01 1.092742e-02 2.312962e-02
<VARIANCE> 39
 5.199529e+00 9.271293e+00 1.000224e+01 1.280749e+01 1.498305e+01 1.609551e+01 1.134316e+01 1.943996e+01 1.013627e+01 1.327600e+01 1.197476e+01 7.794326e+00 1.000000e-02 2.335265e+00 9.156119e-01 8.995672e-01 1.131979e+00 2.522414e+00 1.422744e+00 7.552877e-01 2.128874e+00 8.865025e-01 1.414518e+00 1.463908e+00 6.612480e-01 1.000000e-02 6.481299e-01 4.235463e-01 3.464926e-01 1.660926e-01 3.322737e-01 5.271489e-01 2.536420e-01 7.451429e-01 2.397190e-01 2.625569e-01 3.780887e-01 3.825858e-01 1.000000e-02
<GCONST> 7.737938e+01
<STATE> 3
<MEAN> 39
 2.801888e+00 -8.477700e+00 -5.169913e+00 -4.091283e+00 -4.410867e+00 -1.138083e+01 8.152560e-01 1.031440e+00 -2.219872e+00 -7.589165e+00 -2.870919e+00 -4.018631e+00 3.808033e-01 1.596255e+00 -1.255905e+00 -1.170276e-02 -2.018468e+00 -2.742653e+00 -1.139373e+00 -1.914680e+00 7.404464e-01 -1.770572e+00 -2.770835e+00 -1.328019e+00 2.044130e-02 1.284327e-01 -5.062218e-01 -8.168942e-01 2.821840e-01 -4.938011e-01 4.156898e-01 5.395350e-01 -5.084447e-01 5.960054e-02 1.586258e-01 2.249071e-01 2.562737e-01 3.385782e-01 4.207886e-03
<VARIANCE> 39
 2.635525e+01 5.220196e+00 1.061583e+01 9.896144e+00 1.930553e+01 1.635974e+01 8.053921e+00 5.850947e+00 1.102095e+01 1.430603e+01 1.186407e+01 1.135481e+01 5.074005e-02 8.712885e+00 3.371544e+00 3.909998e+00 1.360479e+00 1.686128e+00 5.019083e+00 4.025200e+00 5.990594e+00 1.365018e+00 7.329282e-01 2.549119e+00 3.160265e+00 1.000000e-02 7.729671e-01 4.689825e-01 2.854926e-01 4.932531e-01 3.971850e-01 2.234375e-01 5.331222e-01 3.686113e-01 3.323418e-01 2.758533e-01 5.338560e-01 1.290491e-01 1.000000e-02
<GCONST> 8.900433e+01
<STATE> 4
<MEAN> 39
 1.737795e+00 -1.163993e+01 -1.775564e+00 -9.629965e+00 -6.366514e+00 -9.866842e+00 -6.460108e+00 3.377914e-01 -4.270937e+00 -1.118761e+01 -3.892506e+00 -4.724587e+00 5.979877e-01 -3.814774e-01 -2.667392e+00 4.074798e-01 -2.470493e+00 -3.561167e-01 -2.680394e-01 -1.875653e+00 2.192743e+00 -3.289517e-01 -6.000000e-01 2.645009e-01 7.345197e-01 9.884934e-02 -6.320355e-01 -5.007254e-01 -9.978192e-01 5.222743e-01 8.836452e-01 4.046616e-01 1.223698e+00 7.277950e-01 4.909662e-01 8.929840e-01 6.140133e-02 4.099805e-01 -1.557347e-02
<VARIANCE> 39
 1.055537e+02 2.657698e+01 3.177853e+01 2.445170e+01 2.145591e+01 3.830009e+01 4.050873e+01 3.013568e+01 2.111218e+01 9.646995e+00 1.298650e+01 2.253547e+01 2.855971e-02 3.317226e+00 2.902494e+00 1.428995e+00 2.509758e+00 2.761740e+00 2.126876e+00 3.487803e+00 4.959220e+00 2.833254e+00 2.165034e+00 3.724563e+00 1.509950e+00 1.000000e-02 1.460211e+00 5.841658e-01 1.047639e+00 3.696522e-01 2.451236e-01 3.677889e-01 1.125128e+00 2.059880e+00 1.815325e-01 2.019172e-01 1.053097e+00 4.202034e-01 1.000000e-02
<GCONST> 1.032290e+02
<STATE> 5
<MEAN> 39
 8.898807e-01 -2.080095e+01 -2.203454e+00 -1.505560e+01 -8.816838e+00 -1.134844e+01 -8.427041e+00 1.138716e+01 -3.127238e+00 -8.962716e+00 -1.610655e+00 -9.801931e-01 7.629330e-01 -1.396926e+00 -2.300162e+00 -4.517644e+00 2.985398e-01 4.649836e-01 5.423715e-01 3.455744e+00 2.586838e+00 4.461306e-01 1.132165e+00 -1.674211e+00 1.156391e+00 7.557476e-02 -1.326849e-01 8.929632e-01 -1.573410e+00 1.377542e+00 1.167791e+00 1.960492e-01 1.780457e+00 -1.250775e+00 -4.191761e-01 5.514889e-01 -9.468253e-01 -2.984530e-01 -1.314219e-02
<VARIANCE> 39
 3.267224e+01 2.117150e+01 3.430251e+01 1.555209e+01 1.519027e+01 4.477237e+01 3.468159e+01 3.854399e+01 3.338323e+01 2.714784e+01 3.812206e+01 3.401169e+01 1.000000e-02 2.695075e+00 1.958658e+00 3.009828e+00 2.699552e+00 1.051389e+00 1.011300e+00 4.551645e+00 1.114999e+01 1.336348e+00 1.393806e+00 3.814624e+00 2.423802e+00 1.000000e-02 4.981895e-01 5.582873e-01 5.018213e-01 3.975771e-01 5.088338e-01 3.583495e-01 1.049709e+00 9.747391e-01 4.267164e-01 5.274194e-01 1.241422e+00 5.243601e-01 1.000000e-02
<GCONST> 1.024793e+02
<STATE> 6
<MEAN> 39
 -2.966280e+00 -2.013870e+01 -1.867092e+01 -8.593770e+00 -9.445403e-01 -8.583621e+00 6.250924e+00 9.192500e+00 -4.284751e+00 -7.915860e+00 -9.384318e+00 7.388902e-01 8.881303e-01 -7.972909e-01 -8.591775e-02 -4.150637e+00 1.592826e+00 3.986563e+00 8.183357e-01 3.127858e+00 -1.692330e+00 -1.704075e+00 1.473112e+00 -2.625424e+00 -4.287647e-01 5.026614e-02 2.780474e-01 5.666026e-01 1.099847e+00 -1.632154e-01 5.042053e-01 1.456801e-02 -1.050762e+00 -1.112964e+00 -3.765384e-02 4.056922e-01 4.589399e-01 -8.152910e-01 -1.269230e-02
<VARIANCE> 39
 1.587397e+01 5.284703e+00 1.247119e+01 1.301314e+01 1.732195e+01 1.728178e+01 8.907177e+00 4.224246e+01 6.395955e+01 5.922642e+00 1.074192e+01 2.664772e+01 1.000000e-02 2.393544e+00 2.386963e+00 3.426386e+00 1.932013e+00 7.218411e-01 5.488416e-01 5.493858e+00 2.913859e+00 1.795138e+00 1.385059e+00 4.292048e+00 2.806105e+00 1.000000e-02 2.166388e-01 2.737342e-01 3.666920e-01 2.914338e-01 3.747807e-01 1.473659e-01 6.429499e-01 9.733706e-01 9.763798e-01 3.701186e-01 5.958078e-01 3.932230e-01 1.000000e-02
<GCONST> 8.859057e+01
<STATE> 7
<MEAN> 39
 -3.932781e+00 -2.030262e+01 -2.120826e+01 -7.517307e+00 7.669590e+00 -6.623635e+00 6.178644e+00 4.841372e+00 -7.425337e+00 -1.346284e+00 -1.296545e+01 -2.819729e+00 9.673821e-01 -6.322426e-04 -4.037666e-03 -7.890421e-01 -1.582732e-03 2.071636e+00 7.931222e-01 1.486977e-01 -2.406195e+00 9.867439e-01 2.454446e+00 1.906382e-01 -1.739463e+00 1.948667e-02 2.931057e-01 -1.472458e-03 5.271268e-01 -3.081925e-01 -1.264180e+00 3.790764e-01 -5.567269e-01 -1.870091e-01 1.073428e+00 -1.649419e-01 8.023921e-01 -2.679875e-01 -9.420128e-03
<VARIANCE> 39
 8.696559e+00 2.413213e+00 6.573076e+00 1.100575e+01 1.102390e+01 3.899638e+01 2.626579e+01 2.328630e+01 1.241920e+01 4.898697e+00 2.515044e+01 1.328453e+01 1.000000e-02 2.593038e-01 3.401695e-01 2.514267e-01 4.920781e-01 1.870635e+00 8.405907e-01 1.167643e+00 9.689680e-01 4.072806e+00 1.226233e+00 1.396185e+00 1.012518e+00 1.000000e-02 9.966751e-02 2.295088e-01 2.393320e-01 2.527120e-01 2.133199e-01 3.081684e-01 4.744854e-01 2.104025e-01 2.317810e-01 2.907787e-01 6.844820e-01 2.323686e-01 1.000000e-02
<GCONST> 6.945397e+01
<STATE> 8
<MEAN> 39
 -3.914873e+00 -2.004784e+01 -2.269619e+01 -8.393092e+00 8.086952e+00 -2.479309e+00 5.569331e+00 -4.501820e+00 -4.375149e-01 4.066420e+00 -1.005494e+01 -7.269405e+00 9.927577e-01 3.760407e-01 3.075599e-01 -8.037637e-01 9.604038e-02 -8.959163e-01 2.364007e+00 -3.010107e-01 -2.452220e+00 2.251945e+00 1.066947e+00 5.896571e-01 -1.489271e+00 5.044676e-03 2.597223e-02 2.059841e-01 -1.768701e-02 -2.256282e-01 -5.908477e-01 3.508928e-01 -1.986467e-01 5.601290e-01 -2.011484e-01 -6.213862e-01 2.577213e-01 3.503657e-01 -4.970048e-03
<VARIANCE> 39
 1.058390e+01 3.310258e+00 6.656779e+00 1.191874e+01 1.754750e+01 2.674188e+01 2.143197e+01 2.143918e+01 8.818830e+00 1.050235e+01 3.715450e+00 1.004362e+01 1.000000e-02 2.395322e-01 5.272009e-01 2.530116e-01 9.762633e-01 1.402925e+00 1.484574e+00 8.982151e-01 9.727611e-01 5.755932e-01 1.245241e+00 1.093755e+00 7.050819e-01 1.000000e-02 7.150061e-02 4.909863e-02 8.923296e-02 1.202998e-01 2.248839e-01 1.210508e-01 2.510864e-01 2.777813e-01 4.942789e-01 1.899627e-01 1.066588e-01 1.181872e-01 1.000000e-02
<GCONST> 5.956725e+01
<STATE> 9
<MEAN> 39
 -2.542578e+00 -1.836966e+01 -2.557115e+01 -8.319738e+00 4.371429e+00 4.079687e+00 4.607627e+00 -7.725841e+00 2.506266e+00 4.160099e+00 -7.653934e+00 -9.387131e+00 9.915642e-01 3.034852e-01 8.604617e-01 -1.054431e+00 -1.287492e+00 -1.262277e+00 2.080656e+00 -1.013623e+00 -6.430660e-01 -2.342216e-02 -1.919034e-01 1.484091e+00 -9.003480e-01 -2.904025e-03 1.147598e-01 9.529641e-02 1.219922e-01 -3.472368e-01 -2.178686e-02 -2.489813e-01 -2.341734e-01 4.900506e-01 -6.880621e-01 -1.587851e-01 1.801267e-01 2.112585e-01 -2.584565e-03
<VARIANCE> 39
 7.047918e+00 4.834735e+00 9.978450e+00 1.110240e+01 2.232374e+01 2.624363e+01 1.839069e+01 2.549136e+01 8.368703e+00 1.759806e+01 1.153024e+01 1.568440e+01 1.000000e-02 2.092056e-01 1.060125e-01 8.097667e-01 1.129033e+00 8.632612e-01 7.393323e-01 1.945939e+00 1.310874e+00 1.951483e+00 1.231133e+00 9.323654e-01 1.504758e+00 1.000000e-02 4.861731e-02 1.279632e-01 9.722729e-02 2.813669e-01 2.679873e-01 2.332452e-01 1.219163e-01 1.712685e-01 1.707475e-01 9.520748e-02 9.206491e-02 2.243920e-01 1.000000e-02
<GCONST> 6.329634e+01
<STATE> 10
<MEAN> 39
 -2.974278e-01 -1.683193e+01 -2.760696e+01 -1.275393e+01 1.473511e+00 6.613203e+00 1.623625e+00 -7.190229e+00 -6.974207e-01 1.894960e+00 -3.625356e+00 -1.215220e+01 9.773625e-01 7.355341e-01 1.022225e+00 -1.459704e-01 -1.230110e+00 -8.692971e-01 1.555748e+00 -7.803687e-01 2.303386e-01 -1.025190e-02 -1.815197e-02 1.978995e+00 1.477010e-01 -1.060077e-02 -3.682353e-02 -4.080042e-02 3.304630e-01 3.444721e-02 4.621892e-02 -3.242343e-01 3.413464e-01 3.060038e-01 1.242682e-01 1.782089e-01 8.959229e-02 4.503982e-01 -3.007319e-03
<VARIANCE> 39
 8.895374e+00 3.943264e+00 9.232008e+00 1.339424e+01 4.754296e+01 2.118933e+01 3.339482e+01 2.544118e+01 2.026516e+01 2.378312e+01 1.795733e+01 2.255006e+01 1.000000e-02 1.677972e-01 6.141111e-01 6.066096e-01 1.390790e+00 8.808754e-01 7.274684e-01 5.702968e-01 2.505410e+00 1.162030e+00 1.180131e+00 1.467062e-01 1.090495e+00 1.000000e-02 6.116864e-02 5.279494e-02 8.996965e-02 3.213385e-01 1.710109e-01 1.093906e-01 2.084995e-01 1.322315e-01 3.198285e-01 4.082088e-01 5.461267e-02 3.225607e-01 1.000000e-02
<GCONST> 6.510684e+01
<STATE> 11
<MEAN> 39
 -1.386374e-01 -1.415050e+01 -2.700131e+01 -1.546903e+01 3.194318e-01 9.797151e+00 9.504852e-01 -5.444641e+00 1.727831e-01 3.220622e+00 6.762528e-01 -1.112288e+01 9.479945e-01 6.132379e-01 1.183053e-01 4.465010e-01 -1.242277e+00 -1.154598e+00 5.653725e-01 -5.461397e-01 6.737601e-01 -1.974232e-01 4.224219e-01 1.178536e+00 1.157393e+00 -1.609761e-02 1.294895e-01 -4.088564e-01 2.617046e-01 3.483422e-02 1.392493e-02 -5.593373e-01 2.084468e-02 1.073880e-01 6.630722e-02 2.135788e-01 -7.793075e-01 6.830378e-01 -2.005299e-03
<VARIANCE> 39
 1.060848e+01 2.544894e+00 1.696770e+01 5.375263e+00 3.184181e+01 2.380354e+01 1.625537e+01 2.368054e+01 1.865816e+01 1.897105e+01 2.582817e+01 2.899669e+01 1.000000e-02 2.180313e-01 3.296719e-01 3.425870e-01 1.435133e+00 2.909993e-01 9.271256e-01 5.266426e-01 1.003354e+00 7.754454e-01 1.178174e+00 2.232362e+00 2.587059e+00 1.000000e-02 2.672343e-02 4.017498e-02 9.042423e-02 1.744736e-01 8.780189e-02 1.261754e-01 9.733845e-02 2.526272e-01 1.735978e-01 1.793488e-01 9.498884e-02 2.644619e-01 1.000000e-02
<GCONST> 6.076701e+01
<STATE> 12
<MEAN> 39
 2.176773e+00 -1.500964e+01 -2.548907e+01 -1.773825e+01 -3.553170e+00 9.582374e+00 -3.771790e-01 -5.013614e+00 2.050070e+00 5.387375e+00 -8.286079e-01 -3.567619e+00 9.008448e-01 1.305636e+00 -5.731943e-01 9.313778e-01 -1.105384e+00 -8.053986e-01 -1.066145e+00 -7.679695e-01 1.241615e+00 1.103921e-01 5.105394e-01 -7.289645e-01 2.048487e+00 -2.096687e-02 1.852996e-01 -4.348202e-02 1.079669e-01 1.812515e-01 1.966574e-01 -6.714711e-01 -5.259675e-02 3.993961e-01 -2.518962e-01 -1.403061e-01 1.350700e-01 -1.245926e-01 -1.191488e-03
<VARIANCE> 39
 8.568036e+00 6.949048e+00 2.452894e+01 1.020946e+01 2.740360e+01 1.198500e+01 2.051006e+01 2.862941e+01 2.377250e+01 1.945682e+01 6.259012e+01 4.823616e+01 1.000000e-02 2.222978e-01 2.743561e-01 7.546754e-01 6.139081e-01 1.204614e+00 1.447833e+00 1.957864e+00 1.367298e+00 2.708209e+00 2.547900e+00 1.355461e+00 2.147242e+00 1.000000e-02 5.448565e-02 8.005030e-02 8.319126e-02 2.482060e-01 7.302951e-02 2.091671e-01 1.676332e-01 2.881121e-01 5.096039e-01 3.747048e-01 5.840037e-01 5.333340e-01 1.000000e-02
<GCONST> 7.541586e+01
<STATE> 13
<MEAN> 39
 4.960836e+00 -1.751328e+01 -2.080149e+01 -2.177813e+01 -2.881311e+00 5.245124e+00 -2.538050e+00 1.177235e+00 -7.978332e-01 6.097221e+00 1.378618e-01 -1.887630e+00 8.397436e-01 1.291185e+00 2.786426e-02 8.519741e-01 -3.299637e-01 -3.553142e-01 -2.622592e+00 -4.692679e-01 1.990108e+00 -7.651317e-01 2.868405e-02 1.196037e+00 1.695398e+00 -2.125615e-02 -8.385339e-02 3.759101e-01 -2.839403e-01 5.518349e-01 -2.426890e-02 -2.083270e-01 2.963291e-01 -4.309914e-01 2.867891e-01 -4.947436e-01 3.647780e-01 -2.594981e-01 2.229918e-04
<VARIANCE> 39
 8.027552e+00 5.334094e+00 2.661684e+01 8.184775e+00 2.004074e+01 1.109258e+01 1.961441e+01 2.388269e+01 1.527320e+01 1.574135e+01 3.038785e+01 2.413201e+01 1.000000e-02 2.939278e-01 4.938373e-01 2.826132e-01 8.758615e-01 4.847745e-01 6.584315e-01 2.486079e-01 1.680780e+00 3.277376e+00 2.201259e+00 2.555524e+00 1.780253e+00 1.000000e-02 4.836529e-02 3.970281e-02 1.627912e-01 1.737625e-01 2.618005e-01 1.558491e-01 1.471872e-01 2.292856e-01 2.634436e-01 4.637867e-01 2.182244e-01 1.944555e-01 1.000000e-02
<GCONST> 6.711569e+01
<STATE> 14
<MEAN> 39
 8.473138e+00 -1.522492e+01 -2.183418e+01 -1.849611e+01 -5.720021e+00 -7.177023e-01 -1.504105e+00 2.561850e+00 -2.643397e-01 3.787927e+00 2.962655e+00 2.445701e+00 8.172825e-01 9.781223e-01 4.938850e-01 7.777986e-02 5.757459e-01 -6.805806e-01 -1.969318e+00 2.013221e-01 -1.929488e-01 4.458867e-01 -1.206386e+00 3.135232e-01 8.911462e-01 -2.003057e-02 -1.795255e-01 7.752175e-03 -2.170521e-01 2.408769e-02 1.995876e-01 1.322726e-01 2.539849e-01 -4.966867e-01 -1.876729e-01 -2.778699e-01 -2.441882e-01 -5.482342e-01 -2.573010e-03
<VARIANCE> 39
 3.840214e+00 1.589083e+00 2.788192e+01 6.954210e+00 9.822853e+00 7.053690e+00 1.759084e+01 2.084733e+01 3.122710e+01 4.945535e+00 1.885910e+01 6.082040e+00 1.000000e-02 2.416405e-01 1.591317e-01 1.287886e+00 1.062384e+00 1.583190e+00 9.028915e-01 1.007056e+00 1.290287e+00 2.027888e+00 1.256130e+00 1.334349e+00 1.566589e+00 1.000000e-02 4.532152e-02 4.388988e-02 1.253623e-01 2.281498e-01 1.040699e-01 1.423504e-01 7.367521e-02 4.403976e-01 5.520855e-01 3.426591e-01 3.246855e-01 8.017007e-02 1.000000e-02
<GCONST> 6.148121e+01
<STATE> 15
<MEAN> 39
 1.024898e+01 -1.441008e+01 -2.198009e+01 -1.875358e+01 -4.376451e+00 -5.853041e+00 -1.494519e+00 1.793520e+00 1.521679e-01 9.678084e-01 3.113909e+00 1.404252e+00 7.516183e-01 2.866083e-01 2.556581e-01 -2.745170e-01 4.744282e-01 1.234377e-01 -2.035896e+00 9.960968e-01 -2.242842e-01 -1.124653e+00 -1.420777e+00 1.734770e-01 -6.924839e-01 -3.263281e-02 -2.778672e-01 -1.091670e-01 2.701185e-01 3.327110e-01 -3.285870e-02 3.717009e-01 1.182511e-01 -1.607375e-01 8.445194e-02 -2.435014e-04 -4.533262e-01 -2.846043e-01 -3.898802e-03
<VARIANCE> 39
 2.887861e+00 4.067537e+00 3.575610e+00 3.830868e+00 4.822227e+00 1.427309e+01 1.392024e+01 1.366949e+01 3.182865e+01 6.212645e+00 1.138666e+01 6.719430e+00 1.000000e-02 2.100887e-01 2.081523e-01 1.708225e+00 1.575802e+00 8.202776e-01 1.502043e+00 3.382736e-01 1.482175e+00 2.364217e-01 1.511997e+00 3.549314e-01 6.633252e-01 1.000000e-02 2.777892e-02 2.439216e-02 1.433735e-01 8.555213e-02 9.989339e-02 3.257349e-01 8.078805e-02 1.453459e-01 2.753031e-01 9.448697e-02 5.476322e-02 5.766817e-02 1.000000e-02
<GCONST> 4.797606e+01
<STATE> 16
<MEAN> 39
 1.007201e+01 -1.407180e+01 -2.188202e+01 -1.683290e+01 -6.925316e+00 -7.208767e+00 1.839852e+00 7.742756e-02 -3.192581e+00 -2.844034e+00 2.295357e+00 1.417852e+00 6.916891e-01 -7.835437e-02 4.841720e-02 8.527580e-01 1.460108e+00 -5.469025e-01 -5.583580e-01 3.175524e-01 -1.219476e+00 5.162109e-01 -6.748400e-01 -1.377384e+00 -8.304488e-01 -3.586974e-02 -1.989235e-01 -5.388553e-03 3.988943e-01 3.225152e-01 1.468794e-01 4.704042e-01 -4.533055e-01 2.317961e-02 5.151117e-01 6.262954e-01 -2.517117e-01 -2.648914e-01 -1.702540e-03
<VARIANCE> 39
 3.581474e+00 4.975917e+00 6.044128e+00 9.445069e+00 7.165370e+00 4.644581e+00 6.235162e+00 1.557299e+01 1.865006e+01 1.748932e+01 7.308129e+00 1.212056e+01 1.000000e-02 1.492672e-01 2.261325e-01 4.070646e-01 5.132091e-01 8.554934e-01 6.893047e-01 9.295322e-01 1.059593e+00 3.313824e-01 9.466244e-01 1.900579e-01 4.198835e-01 1.000000e-02 3.035663e-02 5.512352e-02 2.340920e-01 2.065875e-01 2.133419e-01 4.375237e-01 3.823148e-02 2.313577e-01 3.624596e-02 3.041819e-01 1.134125e-01 2.783039e-01 1.000000e-02
<GCONST> 4.946863e+01
<STATE> 17
<MEAN> 39
 9.171421e+00 -1.422561e+01 -1.801044e+01 -1.186332e+01 -5.665674e+00 -8.191683e+00 5.289825e-01 -1.372581e+00 5.031513e-01 -1.672489e+00 -1.082861e+00 -1.397433e+00 5.769517e-01 -4.402561e-01 3.700339e-01 1.519833e+00 1.612976e+00 8.239987e-01 5.851607e-01 -3.908624e-01 -3.836549e-01 5.378695e-01 1.349754e-02 -4.611185e-01 -1.447997e+00 -3.994298e-02 -1.470113e-01 7.856439e-02 -6.601992e-02 -2.432298e-01 3.959216e-01 5.092115e-01 -5.352808e-02 7.109506e-02 -2.164605e-01 1.198481e-03 2.564934e-01 -1.838995e-01 -4.001946e-04
<VARIANCE> 39
 1.537839e+00 1.690614e+00 8.347401e+00 8.274097e+00 1.650722e+01 9.712414e+00 4.814316e+00 4.784178e+00 1.911662e+01 5.030838e+00 6.767092e+00 1.597418e+01 1.000000e-02 8.907367e-02 1.801892e-01 5.848961e-01 8.388265e-01 4.188745e-01 1.956668e+00 8.368119e-01 5.924357e-01 1.452644e+00 6.953054e-01 5.613102e-01 1.526173e+00 1.000000e-02 2.187399e-02 3.512765e-02 2.170034e-01 1.246704e-01 1.394588e-01 1.365422e-01 1.248623e-01 1.203124e-01 2.291109e-01 8.075354e-02 3.236938e-02 1.373410e-01 1.000000e-02
<GCONST> 4.627988e+01
<STATE> 18
<MEAN> 39
 8.023279e+00 -1.217972e+01 -1.572210e+01 -1.004157e+01 -2.640647e+00 -4.920407e+00 -8.380515e-01 -3.022954e+00 7.250723e-01 -1.712176e+00 -1.993857e+00 -7.415629e+00 4.914808e-01 -9.327599e-01 8.414945e-02 7.864505e-01 4.366947e-01 1.646318e+00 1.464021e+00 5.865625e-01 -5.489600e-01 -3.327669e-01 -4.451203e-01 -5.768731e-01 -1.339286e+00 -4.110302e-02 -2.068447e-01 -2.581407e-01 -2.785963e-01 -2.651699e-01 7.139591e-02 -4.091183e-02 2.886966e-01 5.460522e-02 -1.580279e-01 -9.431169e-02 1.080133e-01 7.045293e-01 -1.775202e-03
<VARIANCE> 39
 2.192116e+00 3.025813e+00 1.039731e+01 9.468201e+00 1.193536e+01 2.333613e+01 6.454017e+00 1.022579e+01 1.490017e+01 3.452893e+00 5.937346e+00 6.315994e+00 1.000000e-02 1.258406e-01 3.752834e-01 1.788408e+00 7.608522e-01 2.964654e-01 1.136648e+00 8.410591e-01 4.346032e-01 1.736402e+00 7.440482e-01 2.595310e-01 1.309058e+00 1.000000e-02 2.725865e-02 6.270473e-02 2.556467e-01 3.367322e-01 1.384621e-01 6.195678e-01 3.327207e-01 1.438545e-01 3.043890e-01 2.845508e-01 7.300703e-02 2.411802e-01 1.000000e-02
<GCONST> 5.525980e+01
<STATE> 19
<MEAN> 39
 4.406848e+00 -1.449202e+01 -1.510768e+01 -9.101499e+00 1.851543e+00 -1.556842e+00 1.675332e+00 -4.834740e+00 -2.497332e-01 -2.331319e+00 -2.129862e+00 -7.158880e+00 3.707757e-01 -1.168845e+00 -3.579736e-01 2.112130e-02 3.194180e-01 1.024937e+00 4.195147e-01 6.425527e-02 -2.690209e-02 -8.920279e-02 -1.933441e-01 6.034585e-01 1.256566e+00 -4.083695e-02 6.277740e-02 2.422311e-01 1.572076e-01 3.029223e-02 -3.148797e-01 -2.344397e-01 -1.332955e-01 2.968310e-01 1.236664e-01 2.531305e-02 3.405561e-01 4.768062e-01 1.336897e-03
<VARIANCE> 39
 2.181954e+00 4.479027e+00 1.109962e+01 9.584366e+00 7.458702e+00 1.004440e+01 7.062566e+00 7.213862e+00 1.312794e+01 1.971707e+01 1.242248e+01 1.566880e+01 1.000000e-02 3.493654e-01 5.098754e-01 1.659135e+00 2.874678e+00 8.418018e-01 2.238832e+00 2.134514e+00 1.308299e+00 6.735776e-01 2.873164e+00 1.000450e+00 1.347980e+00 1.000000e-02 5.787269e-02 1.302900e-01 6.863157e-01 4.557486e-01 1.026506e-01 1.020332e-01 1.735238e-01 1.039221e-01 2.611821e-01 5.168165e-01 1.769771e-01 3.986090e-01 1.000000e-02
<GCONST> 6.706174e+01
<STATE> 20
<MEAN> 39
 1.858721e+00 -1.406722e+01 -1.457334e+01 -8.130092e+00 2.879683e+00 -1.038756e+00 1.856829e+00 -3.318796e+00 1.238233e-01 -2.990133e+00 5.890472e-01 -2.482868e+00 2.757050e-01 -6.931581e-01 8.388557e-01 1.654565e+00 5.527760e-01 1.082664e-02 1.491009e-01 2.355631e-02 3.345311e-01 4.389544e-01 1.178300e-02 5.753164e-01 8.443309e-01 -3.264118e-02 2.303493e-01 3.083315e-01 5.035005e-01 3.410798e-02 -2.620136e-01 -4.511316e-02 -1.197564e-01 -4.465374e-02 -9.458503e-02 8.623844e-02 -1.265741e-01 -2.978354e-01 5.410846e-03
<VARIANCE> 39
 3.821891e+00 3.370691e+00 1.102720e+01 1.910771e+01 1.503757e+01 1.066700e+01 2.846541e+01 6.698425e+00 1.478493e+01 1.385629e+01 6.630888e+00 2.469700e+00 1.000000e-02 3.553469e-01 5.984583e-01 3.628804e+00 2.098716e+00 1.196227e+00 1.096252e+00 6.715336e-01 1.053518e+00 4.679318e-01 9.467837e-01 9.925689e-01 1.506147e+00 1.000000e-02 8.035695e-02 7.660473e-02 5.143168e-01 6.039786e-01 1.613950e-01 1.469339e-01 4.625943e-01 2.711092e-01 8.468184e-02 3.753806e-01 2.324862e-01 2.537332e-01 1.000000e-02
<GCONST> 6.585323e+01
<STATE> 21
<MEAN> 39
 1.766351e+00 -1.041008e+01 -7.887875e+00 -6.702082e+00 2.257594e+00 -1.440818e+00 7.480546e-01 -3.444439e+00 -1.192848e+00 -4.225202e+00 5.142352e-01 -2.117447e+00 2.605989e-01 -2.838486e-01 1.123363e+00 2.364183e+00 9.317657e-01 2.754630e-01 9.419470e-02 -9.899130e-02 1.983318e-01 -5.164717e-01 -5.819090e-01 -1.872050e-01 1.646344e-01 -2.240852e-02 -1.352625e-01 -2.807691e-01 -4.580167e-01 -1.830254e-01 1.035684e-01 6.876986e-02 2.713122e-01 -2.067597e-02 -3.630439e-02 1.100863e-01 4.411153e-03 -2.402572e-01 -1.808786e-03
<VARIANCE> 39
 4.943964e+00 2.424425e+00 2.016416e+01 1.559176e+01 5.607246e+00 2.182566e+01 1.688976e+01 5.690718e+00 1.770984e+01 1.147598e+01 3.127405e+00 1.285930e+01 1.154204e-02 6.959137e-01 4.254544e-01 2.192978e+00 2.206425e+00 9.486009e-01 2.572179e-01 1.449331e+00 7.666268e-01 2.079375e-01 8.501003e-01 1.435430e+00 1.279810e+00 1.000000e-02 1.262062e-01 1.162104e-01 7.562987e-01 6.249034e-01 1.922766e-01 2.247084e-01 2.320527e-01 1.453567e-01 1.419190e-01 1.418365e-01 1.281575e-01 1.375665e-01 1.000000e-02
<GCONST> 6.310385e+01
<STATE> 22
<MEAN> 39
 -3.378418e-01 -9.238208e+00 -4.710114e+00 -4.716425e+00 2.933221e+00 -2.006094e+00 1.880119e+00 -2.329610e+00 1.753413e-01 -3.870177e+00 -2.562698e-02 -3.176502e+00 1.510767e-01 -9.711387e-01 -4.841561e-02 -2.183331e-01 -3.925823e-01 1.402073e-01 3.489779e-01 9.751970e-01 1.501476e-01 4.330419e-01 6.975367e-01 8.346465e-01 3.768236e-01 -3.388917e-02 -8.887583e-02 -3.671471e-01 -8.017809e-01 -3.545945e-01 -4.800000e-02 1.047029e-01 1.631576e-01 -1.237761e-01 1.876107e-01 3.142325e-01 1.814102e-01 -1.666882e-03 -4.524722e-04
<VARIANCE> 39
 5.326104e+00 6.291525e+00 1.337698e+01 4.238828e+00 5.000032e+00 2.755375e+00 3.842960e+00 8.074317e+00 9.828153e+00 9.810791e+00 1.017890e+01 8.366995e+00 1.000000e-02 3.292809e-01 5.422726e-01 2.525338e+00 1.218084e+00 4.046667e-01 1.418335e+00 2.057073e+00 4.469796e-01 1.660229e+00 8.991190e-01 7.319073e-01 4.295231e-01 1.000000e-02 7.265344e-02 8.701778e-02 1.714015e-01 1.228383e-01 9.113144e-02 1.467225e-01 8.138805e-02 9.381443e-02 6.527846e-02 6.301486e-02 1.383913e-01 2.151248e-01 1.000000e-02
<GCONST> 5.136607e+01
<STATE> 23
<MEAN> 39
 -2.174567e+00 -1.243468e+01 -1.212881e+01 -9.714681e+00 3.447607e+00 2.230338e+00 5.062442e+00 -2.956247e+00 -8.809447e-02 -1.778420e+00 3.730021e+00 1.258070e-01 1.063993e-01 -6.041260e-01 2.983439e-02 8.248143e-02 -3.613350e-03 -1.042209e-01 3.669378e-01 1.383633e-01 -4.258848e-01 1.171142e-01 2.250035e-01 2.425188e-01 -1.498354e-01 -2.584849e-02 1.757878e-01 3.082964e-01 7.251585e-01 4.447331e-01 -1.786267e-01 -3.741498e-01 -4.012397e-01 -2.207631e-02 3.948076e-02 -1.278715e-01 -2.671342e-01 -3.056338e-01 2.360958e-03
<VARIANCE> 39
 7.387138e+00 2.475538e+00 1.476428e+01 8.227417e+00 4.451060e+00 1.324764e+01 1.217494e+01 8.679610e+00 2.247515e+01 1.378748e+01 1.061226e+01 4.757480e+00 1.273724e-02 4.864807e-01 8.722282e-01 2.822369e+00 8.456805e-01 1.698629e-01 5.332532e-01 5.384110e-01 6.368705e-01 1.060976e+00 7.165130e-01 1.016387e+00 9.092377e-01 1.000000e-02 8.310097e-02 8.030815e-02 1.886890e-01 1.002098e-01 3.206701e-02 2.308623e-01 3.117204e-01 1.528811e-01 3.133712e-01 1.884791e-01 1.728812e-01 1.472474e-01 1.000000e-02
<GCONST> 5.696526e+01
<STATE> 24
<MEAN> 39
 -2.719793e+00 -8.690714e+00 -4.324309e+00 -5.012146e+00 2.037819e+00 -3.504244e-01 3.043631e+00 -4.014019e+00 1.541122e+00 -1.080707e+00 3.036703e+00 -2.619575e+00 4.233226e-02 -5.808754e-01 2.347813e-01 8.572468e-01 4.743358e-01 -4.565257e-01 -5.418760e-01 -4.045189e-01 3.260186e-01 6.698628e-01 7.778731e-01 2.870202e-01 -4.467866e-01 -2.801354e-02 -1.593893e-01 -3.375779e-01 -3.850790e-01 -1.108330e-01 -1.194753e-02 -1.465217e-01 2.155981e-02 3.718355e-01 -1.414741e-02 -1.897257e-01 -2.357630e-01 2.318119e-01 -3.232111e-03
<VARIANCE> 39
 1.430830e+00 4.000314e+00 1.286826e+01 4.809136e+00 3.657362e+00 3.650771e+00 6.818393e+00 1.133979e+01 4.328117e+00 1.195932e+01 5.508081e+00 6.867712e+00 1.000000e-02 4.079435e-01 6.949986e-01 2.005402e+00 1.387355e+00 3.669883e-01 1.747743e+00 2.165909e+00 6.872028e-01 5.039130e-01 8.472148e-01 6.161245e-01 6.085176e-01 1.000000e-02 3.612285e-02 1.412668e-01 2.868375e-01 2.031861e-01 2.026702e-02 7.065974e-02 1.042721e-01 1.059080e-01 1.057216e-01 1.425486e-01 9.914745e-02 1.438645e-01 1.000000e-02
<GCONST> 4.851509e+01
<STATE> 25
<MEAN> 39
 -5.458126e+00 -1.076306e+01 -6.063513e+00 -5.809465e+00 1.652388e+00 -1.078990e+00 3.546528e+00 -1.041977e+00 2.936794e+00 -6.609489e-01 2.347344e+00 -3.085042e+00 -3.788801e-02 -9.009373e-01 -5.036744e-01 -5.251938e-02 2.970984e-01 -4.473300e-01 -7.460151e-01 -1.599911e-02 8.898073e-01 -5.126299e-04 -6.279941e-01 -8.049933e-01 1.602798e-01 -3.423491e-02 2.796428e-01 1.921691e-01 1.521711e-01 5.811900e-03 2.511862e-02 1.496250e-01 3.122965e-02 -2.496092e-01 -3.906447e-01 -4.466413e-01 -3.483709e-02 9.736058e-02 1.150250e-02
<VARIANCE> 39
 5.239929e-01 3.811464e+00 7.768617e+00 7.019164e+00 6.390802e+00 1.408619e+01 2.071281e+01 8.618745e+00 1.246921e+01 4.089816e+00 9.407744e+00 1.534724e+01 1.000000e-02 1.526730e-01 6.972269e-01 2.167416e+00 1.027582e+00 2.599128e-01 3.934177e-01 6.771893e-01 6.319565e-01 4.563804e-01 1.430210e+00 3.965304e-01 9.097808e-01 1.000000e-02 4.031278e-02 7.569849e-02 2.278608e-01 1.686961e-01 6.416986e-02 3.012081e-01 3.189629e-01 1.110611e-01 2.370110e-01 1.950757e-01 1.345853e-01 3.631728e-01 1.000000e-02
<GCONST> 5.269685e+01
<TRANSP> 26
 0.000000e+00 1.000000e+00 0.000000e+00 0.000000e+00 0.000000e+00 0.000000e+00 0.000000e+00 0.000000e+00 0.000000e+00 0.000000e+00 0.000000e+00 0.000000e+00 0.000000e+00 0.000000e+00 0.000000e+00 0.000000e+00 0.000000e+00 0.000000e+00 0.000000e+00 0.000000e+00 0.000000e+00 0.000000e+00 0.000000e+00 0.000000e+00 0.000000e+00 0.000000e+00
 0.000000e+00 7.058824e-01 2.941177e-01 0.000000e+00 0.000000e+00 0.000000e+00 0.000000e+00 0.000000e+00 0.000000e+00 0.000000e+00 0.000000e+00 0.000000e+00 0.000000e+00 0.000000e+00 0.000000e+00 0.000000e+00 0.000000e+00 0.000000e+00 0.000000e+00 0.000000e+00 0.000000e+00 0.000000e+00 0.000000e+00 0.000000e+00 0.000000e+00 0.000000e+00
 0.000000e+00 0.000000e+00 4.444444e-01 5.555556e-01 0.000000e+00 0.000000e+00 0.000000e+00 0.000000e+00 0.000000e+00 0.000000e+00 0.000000e+00 0.000000e+00 0.000000e+00 0.000000e+00 0.000000e+00 0.000000e+00 0.000000e+00 0.000000e+00 0.000000e+00 0.000000e+00 0.000000e+00 0.000000e+00 0.000000e+00 0.000000e+00 0.000000e+00 0.000000e+00
 0.000000e+00 0.000000e+00 0.000000e+00 5.000000e-01 5.000000e-01 0.000000e+00 0.000000e+00 0.000000e+00 0.000000e+00 0.000000e+00 0.000000e+00 0.000000e+00 0.000000e+00 0.000000e+00 0.000000e+00 0.000000e+00 0.000000e+00 0.000000e+00 0.000000e+00 0.000000e+00 0.000000e+00 0.000000e+00 0.000000e+00 0.000000e+00 0.000000e+00 0.000000e+00
 0.000000e+00 0.000000e+00 0.000000e+00 0.000000e+00 4.444444e-01 5.555556e-01 0.000000e+00 0.000000e+00 0.000000e+00 0.000000e+00 0.000000e+00 0.000000e+00 0.000000e+00 0.000000e+00 0.000000e+00 0.000000e+00 0.000000e+00 0.000000e+00 0.000000e+00 0.000000e+00 0.000000e+00 0.000000e+00 0.000000e+00 0.000000e+00 0.000000e+00 0.000000e+00
 0.000000e+00 0.000000e+00 0.000000e+00 0.000000e+00 0.000000e+00 5.833333e-01 4.166667e-01 0.000000e+00 0.000000e+00 0.000000e+00 0.000000e+00 0.000000e+00 0.000000e+00 0.000000e+00 0.000000e+00 0.000000e+00 0.000000e+00 0.000000e+00 0.000000e+00 0.000000e+00 0.000000e+00 0.000000e+00 0.000000e+00 0.000000e+00 0.000000e+00 0.000000e+00
 0.000000e+00 0.000000e+00 0.000000e+00 0.000000e+00 0.000000e+00 0.000000e+00 5.833333e-01 4.166667e-01 0.000000e+00 0.000000e+00 0.000000e+00 0.000000e+00 0.000000e+00 0.000000e+00 0.000000e+00 0.000000e+00 0.000000e+00 0.000000e+00 0.000000e+00 0.000000e+00 0.000000e+00 0.000000e+00 0.000000e+00 0.000000e+00 0.000000e+00 0.000000e+00
 0.000000e+00 0.000000e+00 0.000000e+00 0.000000e+00 0.000000e+00 0.000000e+00 0.000000e+00 5.833333e-01 4.166667e-01 0.000000e+00 0.000000e+00 0.000000e+00 0.000000e+00 0.000000e+00 0.000000e+00 0.000000e+00 0.000000e+00 0.000000e+00 0.000000e+00 0.000000e+00 0.000000e+00 0.000000e+00 0.000000e+00 0.000000e+00 0.000000e+00 0.000000e+00
 0.000000e+00 0.000000e+00 0.000000e+00 0.000000e+00 0.000000e+00 0.000000e+00 0.000000e+00 0.000000e+00 6.153846e-01 3.846154e-01 0.000000e+00 0.000000e+00 0.000000e+00 0.000000e+00 0.000000e+00 0.000000e+00 0.000000e+00 0.000000e+00 0.000000e+00 0.000000e+00 0.000000e+00 0.000000e+00 0.000000e+00 0.000000e+00 0.000000e+00 0.000000e+00
 0.000000e+00 0.000000e+00 0.000000e+00 0.000000e+00 0.000000e+00 0.000000e+00 0.000000e+00 0.000000e+00 0.000000e+00 5.000000e-01 5.000000e-01 0.000000e+00 0.000000e+00 0.000000e+00 0.000000e+00 0.000000e+00 0.000000e+00 0.000000e+00 0.000000e+00 0.000000e+00 0.000000e+00 0.000000e+00 0.000000e+00 0.000000e+00 0.000000e+00 0.000000e+00
 0.000000e+00 0.000000e+00 0.000000e+00 0.000000e+00 0.000000e+00 0.000000e+00 0.000000e+00 0.000000e+00 0.000000e+00 0.000000e+00 6.153846e-01 3.846154e-01 0.000000e+00 0.000000e+00 0.000000e+00 0.000000e+00 0.000000e+00 0.000000e+00 0.000000e+00 0.000000e+00 0.000000e+00 0.000000e+00 0.000000e+00 0.000000e+00 0.000000e+00 0.000000e+00
 0.000000e+00 0.000000e+00 0.000000e+00 0.000000e+00 0.000000e+00 0.000000e+00 0.000000e+00 0.000000e+00 0.000000e+00 0.000000e+00 0.000000e+00 5.833333e-01 4.166667e-01 0.000000e+00 0.000000e+00 0.000000e+00 0.000000e+00 0.000000e+00 0.000000e+00 0.000000e+00 0.000000e+00 0.000000e+00 0.000000e+00 0.000000e+00 0.000000e+00 0.000000e+00
 0.000000e+00 0.000000e+00 0.000000e+00 0.000000e+00 0.000000e+00 0.000000e+00 0.000000e+00 0.000000e+00 0.000000e+00 0.000000e+00 0.000000e+00 0.000000e+00 5.000000e-01 5.000000e-01 0.000000e+00 0.000000e+00 0.000000e+00 0.000000e+00 0.000000e+00 0.000000e+00 0.000000e+00 0.000000e+00 0.000000e+00 0.000000e+00 0.000000e+00 0.000000e+00
 0.000000e+00 0.000000e+00 0.000000e+00 0.000000e+00 0.000000e+00 0.000000e+00 0.000000e+00 0.000000e+00 0.000000e+00 0.000000e+00 0.000000e+00 0.000000e+00 0.000000e+00 6.153846e-01 3.846154e-01 0.000000e+00 0.000000e+00 0.000000e+00 0.000000e+00 0.000000e+00 0.000000e+00 0.000000e+00 0.000000e+00 0.000000e+00 0.000000e+00 0.000000e+00
 0.000000e+00 0.000000e+00 0.000000e+00 0.000000e+00 0.000000e+00 0.000000e+00 0.000000e+00 0.000000e+00 0.000000e+00 0.000000e+00 0.000000e+00 0.000000e+00 0.000000e+00 0.000000e+00 5.000000e-01 5.000000e-01 0.000000e+00 0.000000e+00 0.000000e+00 0.000000e+00 0.000000e+00 0.000000e+00 0.000000e+00 0.000000e+00 0.000000e+00 0.000000e+00
 0.000000e+00 0.000000e+00 0.000000e+00 0.000000e+00 0.000000e+00 0.000000e+00 0.000000e+00 0.000000e+00 0.000000e+00 0.000000e+00 0.000000e+00 0.000000e+00 0.000000e+00 0.000000e+00 0.000000e+00 5.000000e-01 5.000000e-01 0.000000e+00 0.000000e+00 0.000000e+00 0.000000e+00 0.000000e+00 0.000000e+00 0.000000e+00 0.000000e+00 0.000000e+00
 0.000000e+00 0.000000e+00 0.000000e+00 0.000000e+00 0.000000e+00 0.000000e+00 0.000000e+00 0.000000e+00 0.000000e+00 0.000000e+00 0.000000e+00 0.000000e+00 0.000000e+00 0.000000e+00 0.000000e+00 0.000000e+00 6.153846e-01 3.846154e-01 0.000000e+00 0.000000e+00 0.000000e+00 0.000000e+00 0.000000e+00 0.000000e+00 0.000000e+00 0.000000e+00
 0.000000e+00 0.000000e+00 0.000000e+00 0.000000e+00 0.000000e+00 0.000000e+00 0.000000e+00 0.000000e+00 0.000000e+00 0.000000e+00 0.000000e+00 0.000000e+00 0.000000e+00 0.000000e+00 0.000000e+00 0.000000e+00 0.000000e+00 6.153846e-01 3.846154e-01 0.000000e+00 0.000000e+00 0.000000e+00 0.000000e+00 0.000000e+00 0.000000e+00 0.000000e+00
 0.000000e+00 0.000000e+00 0.000000e+00 0.000000e+00 0.000000e+00 0.000000e+00 0.000000e+00 0.000000e+00 0.000000e+00 0.000000e+00 0.000000e+00 0.000000e+00 0.000000e+00 0.000000e+00 0.000000e+00 0.000000e+00 0.000000e+00 0.000000e+00 6.153846e-01 3.846154e-01 0.000000e+00 0.000000e+00 0.000000e+00 0.000000e+00 0.000000e+00 0.000000e+00
 0.000000e+00 0.000000e+00 0.000000e+00 0.000000e+00 0.000000e+00 0.000000e+00 0.000000e+00 0.000000e+00 0.000000e+00 0.000000e+00 0.000000e+00 0.000000e+00 0.000000e+00 0.000000e+00 0.000000e+00 0.000000e+00 0.000000e+00 0.000000e+00 0.000000e+00 5.000000e-01 5.000000e-01 0.000000e+00 0.000000e+00 0.000000e+00 0.000000e+00 0.000000e+00
 0.000000e+00 0.000000e+00 0.000000e+00 0.000000e+00 0.000000e+00 0.000000e+00 0.000000e+00 0.000000e+00 0.000000e+00 0.000000e+00 0.000000e+00 0.000000e+00 0.000000e+00 0.000000e+00 0.000000e+00 0.000000e+00 0.000000e+00 0.000000e+00 0.000000e+00 0.000000e+00 4.444444e-01 5.555556e-01 0.000000e+00 0.000000e+00 0.000000e+00 0.000000e+00
 0.000000e+00 0.000000e+00 0.000000e+00 0.000000e+00 0.000000e+00 0.000000e+00 0.000000e+00 0.000000e+00 0.000000e+00 0.000000e+00 0.000000e+00 0.000000e+00 0.000000e+00 0.000000e+00 0.000000e+00 0.000000e+00 0.000000e+00 0.000000e+00 0.000000e+00 0.000000e+00 0.000000e+00 5.833333e-01 4.166667e-01 0.000000e+00 0.000000e+00 0.000000e+00
 0.000000e+00 0.000000e+00 0.000000e+00 0.000000e+00 0.000000e+00 0.000000e+00 0.000000e+00 0.000000e+00 0.000000e+00 0.000000e+00 0.000000e+00 0.000000e+00 0.000000e+00 0.000000e+00 0.000000e+00 0.000000e+00 0.000000e+00 0.000000e+00 0.000000e+00 0.000000e+00 0.000000e+00 0.000000e+00 6.428571e-01 3.571429e-01 0.000000e+00 0.000000e+00
 0.000000e+00 0.000000e+00 0.000000e+00 0.000000e+00 0.000000e+00 0.000000e+00 0.000000e+00 0.000000e+00 0.000000e+00 0.000000e+00 0.000000e+00 0.000000e+00 0.000000e+00 0.000000e+00 0.000000e+00 0.000000e+00 0.000000e+00 0.000000e+00 0.000000e+00 0.000000e+00 0.000000e+00 0.000000e+00 0.000000e+00 5.000000e-01 5.000000e-01 0.000000e+00
 0.000000e+00 0.000000e+00 0.000000e+00 0.000000e+00 0.000000e+00 0.000000e+00 0.000000e+00 0.000000e+00 0.000000e+00 0.000000e+00 0.000000e+00 0.000000e+00 0.000000e+00 0.000000e+00 0.000000e+00 0.000000e+00 0.000000e+00 0.000000e+00 0.000000e+00 0.000000e+00 0.000000e+00 0.000000e+00 0.000000e+00 0.000000e+00 5.000000e-01 5.000000e-01
 0.000000e+00 0.000000e+00 0.000000e+00 0.000000e+00 0.000000e+00 0.000000e+00 0.000000e+00 0.000000e+00 0.000000e+00 0.000000e+00 0.000000e+00 0.000000e+00 0.000000e+00 0.000000e+00 0.000000e+00 0.000000e+00 0.000000e+00 0.000000e+00 0.000000e+00 0.000000e+00 0.000000e+00 0.000000e+00 0.000000e+00 0.000000e+00 0.000000e+00 0.000000e+00
<ENDHMM>
