~o
<STREAMINFO> 1 39
<VECSIZE> 39<NULLD><MFCC_E_D_A><DIAGC>
~h "D~oc"
<BEGINHMM>
<NUMSTATES> 37
<STATE> 2
<MEAN> 39
 -5.447556e+00 -6.985332e+00 -9.277266e-01 -2.560395e+00 -2.755012e-01 -5.402961e+00 1.198716e+00 -6.992960e-01 7.630680e-01 -2.694374e+00 3.089122e+00 -1.059784e+00 -4.995105e-02 1.001057e+00 1.546154e-01 -1.139823e+00 -1.569255e+00 -1.602472e+00 -2.373101e-01 1.120189e-01 1.558222e-01 3.133340e-01 -4.816683e-01 -5.113047e-01 -2.582635e-01 4.087457e-02 6.973326e-01 -2.392824e-01 -2.806904e-01 -5.025452e-01 -4.149044e-01 -2.701539e-01 1.176185e-01 1.177969e-01 -5.886584e-02 -3.268270e-01 -4.158465e-01 4.904163e-03 3.792214e-02
<VARIANCE> 39
 1.617291e+00 3.299595e+00 1.778342e+00 3.029920e+00 5.289491e+00 1.934446e+00 7.038652e+00 9.547506e+00 1.118118e+01 3.928792e+00 4.881810e+00 1.901674e+01 1.000000e-02 8.425808e-01 1.722459e-01 6.254103e-01 4.366644e-01 5.572535e-01 8.382891e-01 1.243476e+00 1.311119e+00 9.177737e-01 2.514542e-01 1.497280e-01 8.129792e-01 1.000000e-02 8.538420e-02 1.469880e-01 1.954161e-01 8.473679e-02 1.918717e-01 8.653816e-02 2.434416e-01 2.762622e-01 2.688227e-01 5.608130e-02 4.865114e-02 3.161121e-01 1.000000e-02
<GCONST> 4.534884e+01
<STATE> 3
<MEAN> 39
 -3.452313e+00 -6.779560e+00 -3.268147e+00 -5.460273e+00 -2.477340e+00 -5.038966e+00 1.953828e+00 -2.474597e+00 -3.211126e-01 -4.581187e+00 3.332848e+00 -4.391928e-02 -2.277245e-03 2.766604e+00 -2.083745e-01 -1.476514e+00 -2.098184e+00 -2.135624e+00 -1.564154e+00 4.828995e-01 4.521151e-01 -4.163999e-01 -1.147547e+00 -2.003490e+00 -5.639799e-01 1.304587e-01 3.261508e-01 -7.831184e-01 3.039019e-01 4.364171e-02 -2.247841e-01 -6.065823e-01 -1.980959e-01 -1.289283e-02 -8.268718e-02 -1.182602e-01 -4.697163e-01 -1.347906e-01 4.328747e-02
<VARIANCE> 39
 2.384317e+00 4.237776e-01 1.426507e+01 9.967068e+00 9.208642e+00 1.035160e+01 1.990604e+01 1.698126e+00 2.640696e+00 7.527222e+00 1.337344e+01 1.007578e+01 1.000000e-02 5.903686e-01 8.645375e-01 1.100104e+00 6.138652e-01 1.444503e+00 7.732686e-01 1.360974e+00 2.206140e+00 1.653738e+00 2.233907e-01 6.264461e-01 1.025512e+00 1.000000e-02 2.154336e-01 9.359118e-02 4.664668e-01 2.073451e-01 2.590349e-01 1.641345e-01 2.714061e-01 1.247052e-01 1.617771e-01 1.185373e-01 3.191237e-01 4.169545e-01 1.000000e-02
<GCONST> 5.875194e+01
<STATE> 4
<MEAN> 39
 3.769877e+00 -8.053967e+00 -6.818802e+00 -9.875648e+00 -7.833496e+00 -1.119642e+01 1.682574e+00 2.815840e+00 9.102361e-01 -5.852132e+00 -1.800506e+00 -2.118607e+00 3.732666e-01 2.228237e+00 -2.510101e+00 3.982770e-01 -1.729226e+00 -1.737319e+00 -1.671588e+00 -1.052310e+00 -9.474583e-02 -3.099279e-01 -1.268874e+00 -2.173481e+00 -2.878484e-01 1.768191e-01 -1.051379e+00 -9.437564e-01 4.683899e-01 2.682407e-01 5.440634e-01 2.083119e-01 2.006522e-01 -1.382139e-01 -1.062366e-01 4.080487e-01 -4.414061e-02 4.272109e-01 3.746740e-03
<VARIANCE> 39
 7.949121e+00 1.285103e+01 1.119191e+01 6.177972e+00 6.004529e+00 4.549300e+00 6.313257e+00 1.493312e+01 1.017120e+01 1.073876e+01 1.845246e+01 6.053773e+00 1.000000e-02 1.666069e+00 1.498623e+00 4.790408e+00 1.608228e+00 1.665950e+00 1.678643e+00 5.878502e-01 1.990322e+00 1.546439e+00 7.124152e-01 3.112808e+00 1.879380e+00 1.000000e-02 1.730274e-01 1.707814e-01 5.822176e-01 2.074461e-01 2.719505e-01 3.338603e-01 4.834537e-01 4.220876e-01 3.299299e-01 1.389940e-01 4.064969e-01 3.336479e-01 1.000000e-02
<GCONST> 7.528885e+01
<STATE> 5
<MEAN> 39
 4.458884e+00 -1.175738e+01 -2.642005e+00 -9.894499e+00 -8.739407e+00 -9.748816e+00 -1.259217e+00 -3.159052e+00 -1.111333e+00 -7.831875e+00 -5.235587e+00 -3.748529e+00 5.732213e-01 -6.333175e-01 -3.030308e+00 -4.240805e-01 -5.727583e-01 -1.097970e+00 -1.487948e+00 5.779098e-01 -7.351487e-02 2.559040e-01 2.456304e-01 -1.473393e+00 5.151170e-01 1.432876e-01 -1.197577e+00 -1.517336e-01 -1.005142e+00 6.994584e-01 1.100510e+00 5.240400e-01 9.587323e-01 5.559636e-01 -2.248901e-01 3.696100e-01 5.248799e-01 4.224968e-01 -2.451824e-02
<VARIANCE> 39
 9.410627e+00 1.876059e+01 2.487097e+01 8.488980e+00 1.195956e+01 2.656438e+01 7.053006e+00 3.868201e+01 1.286832e+01 8.446365e+00 1.907526e+01 4.885737e+00 1.011265e-02 1.135265e+00 5.384636e+00 5.212535e+00 3.064229e+00 1.596801e+00 2.288070e+00 2.572691e+00 4.472169e+00 2.052884e+00 6.005459e-01 4.915129e+00 3.389659e+00 1.000000e-02 1.919313e-01 3.346834e-01 9.207853e-01 2.523547e-01 1.989208e-01 2.834834e-01 1.191808e+00 7.995942e-01 4.378200e-01 2.662150e-01 9.133230e-01 1.083796e-01 1.000000e-02
<GCONST> 8.874384e+01
<STATE> 6
<MEAN> 39
 7.233981e-01 -1.958410e+01 -2.940822e+00 -1.259616e+01 -1.081094e+01 -1.567760e+01 2.089957e+00 -6.898085e-01 1.661612e+00 -3.723914e+00 -5.622813e+00 1.501721e+00 7.609989e-01 -2.172526e+00 -2.777391e+00 -2.469150e+00 -3.303061e-01 2.001818e+00 4.518787e-01 3.309235e+00 2.412814e+00 -8.939999e-01 7.744822e-01 -7.287692e-01 1.512635e+00 9.579940e-02 -3.300276e-01 6.495397e-01 -1.439007e+00 8.154968e-01 1.441003e+00 1.013954e+00 4.137108e-01 4.656382e-01 -6.859237e-01 3.590608e-02 2.858106e-01 -2.818953e-01 -2.883445e-02
<VARIANCE> 39
 2.156709e+01 6.876784e+01 3.907751e+01 5.304489e+01 3.432128e+00 9.854856e+00 2.299066e+01 3.219076e+01 1.729917e+01 2.259350e+01 3.494904e+01 3.878658e+01 1.000000e-02 4.447272e-01 3.151418e+00 3.254305e+00 2.091583e+00 3.107750e+00 3.220859e+00 7.021595e+00 4.475375e+00 2.398296e+00 1.400478e+00 4.690187e+00 2.712610e+00 1.000000e-02 5.198733e-01 7.717892e-01 1.062874e+00 7.985339e-01 3.907216e-01 1.079917e-01 6.484511e-01 1.493249e+00 1.012816e-01 2.215678e-01 9.139515e-01 1.111550e+00 1.000000e-02
<GCONST> 9.981403e+01
<STATE> 7
<MEAN> 39
 -1.289703e+00 -1.966933e+01 -1.234862e+01 -1.138354e+01 -6.319458e+00 -1.045127e+01 7.575560e+00 4.967603e+00 -4.022398e+00 -6.816209e+00 -8.813908e+00 3.029460e-01 8.419555e-01 -8.143414e-01 -1.887848e+00 -4.517353e+00 1.944469e+00 2.563750e+00 1.895596e+00 1.634240e+00 1.930407e+00 -2.037092e+00 1.767940e-01 -9.495592e-01 3.170246e-01 5.363399e-02 2.557055e-01 2.321002e-01 -1.506087e-01 5.859714e-01 7.344951e-01 4.447016e-01 -5.570481e-01 -4.063046e-01 5.409021e-02 3.199828e-01 3.005374e-01 -4.911408e-01 -2.063224e-02
<VARIANCE> 39
 1.710063e+01 7.822747e+01 1.686904e+01 3.760522e+01 3.206569e+01 6.732014e+01 7.360510e+01 7.995601e+01 4.217486e+01 1.429785e+01 4.177599e+01 3.356461e+01 1.000000e-02 4.100749e+00 2.960286e+00 6.182183e+00 3.277557e+00 5.514409e+00 3.538143e+00 5.882494e+00 7.248923e+00 7.727162e-01 9.119782e-01 5.258792e+00 1.657915e+00 1.000000e-02 1.908459e-01 1.622462e+00 5.423360e-01 8.874701e-01 1.826391e-01 2.989153e-01 1.158830e+00 3.112267e+00 4.463920e-01 1.170095e-01 8.332723e-01 7.127199e-01 1.000000e-02
<GCONST> 1.085609e+02
<STATE> 8
<MEAN> 39
 -3.573279e+00 -2.215650e+01 -1.813217e+01 -6.272562e+00 3.152669e+00 -8.372749e+00 9.883265e+00 4.558786e+00 -5.977798e+00 -5.683642e+00 -6.987826e+00 8.525193e-01 9.211066e-01 -9.620367e-01 -9.020172e-01 -2.961436e+00 1.882474e+00 3.635354e+00 1.573429e+00 -4.881818e-01 -1.156911e+00 -1.521698e+00 1.316394e+00 -2.587287e-01 -1.061802e+00 3.005943e-02 4.005340e-01 3.366938e-01 9.452649e-01 -3.190095e-01 -4.000441e-01 -4.394519e-02 -1.033770e+00 -1.195714e+00 5.078886e-01 7.120242e-01 -4.211068e-05 -5.226865e-01 -1.505143e-02
<VARIANCE> 39
 2.290191e+01 1.589986e+01 2.082605e+01 1.076190e+01 4.359797e+01 5.558061e+01 5.596074e+01 2.086993e+01 8.175850e+00 4.871186e+00 2.184064e+01 1.346580e+01 1.000000e-02 5.481471e-01 3.385837e+00 1.512098e+00 1.339614e+00 1.725466e+00 1.120399e+00 3.219697e+00 1.162203e+01 1.024969e+00 1.129709e+00 1.554666e+00 3.441034e+00 1.000000e-02 5.346472e-01 8.205373e-02 3.891110e-01 2.936085e-01 9.825957e-01 2.326697e-01 1.001598e+00 4.255577e-01 1.108009e-01 1.835176e-01 6.763511e-01 3.809604e-01 1.000000e-02
<GCONST> 8.794904e+01
<STATE> 9
<MEAN> 39
 -3.553014e+00 -2.572864e+01 -2.035014e+01 -5.517988e+00 3.273983e+00 -5.634262e+00 5.886595e+00 5.954034e+00 -8.225203e+00 -1.951713e+00 -9.071420e+00 -2.364174e+00 9.374667e-01 -7.165259e-01 -1.044383e+00 -1.587409e+00 3.462426e-01 3.294123e+00 8.594049e-01 1.902925e-01 -2.098560e+00 -3.164120e-02 1.852429e+00 -6.411506e-01 -1.375330e+00 2.496535e-02 3.052283e-01 5.802137e-01 5.721260e-01 -4.607704e-01 -5.719388e-01 -3.037655e-01 -1.465521e-01 -8.786190e-01 4.783924e-01 3.419842e-01 1.080913e-01 -2.306613e-01 -6.536174e-03
<VARIANCE> 39
 1.155136e+01 1.070661e+01 5.795581e+00 3.952178e+00 5.878235e+01 5.891205e+01 4.632518e+01 6.555974e+01 1.359140e+01 7.285612e+00 1.158185e+01 8.865050e+00 1.000000e-02 1.702192e+00 1.831357e+00 4.128537e-01 1.073971e+00 4.037920e+00 7.858146e-01 2.635476e+00 5.283597e+00 8.902319e-01 1.199824e+00 1.000468e+00 1.566242e+00 1.000000e-02 2.826923e-01 3.824467e-01 2.360011e-01 6.272389e-01 8.477309e-01 2.154563e-01 3.228665e-01 2.061731e+00 8.618531e-02 1.031641e-01 4.767864e-01 1.575962e-01 1.000000e-02
<GCONST> 8.228008e+01
<STATE> 10
<MEAN> 39
 -3.813656e+00 -2.462183e+01 -2.173192e+01 -4.132309e+00 9.734322e+00 -5.734792e+00 6.844045e+00 -1.788406e+00 -6.107917e+00 1.187555e+00 -9.286008e+00 -3.468834e+00 9.675405e-01 2.111969e-01 -9.000646e-02 -9.786952e-01 -9.785365e-02 1.386269e+00 9.227930e-01 -5.362118e-01 -1.947953e+00 2.559910e-01 2.946582e+00 1.762336e-01 -1.430629e+00 1.157658e-02 2.260449e-01 1.608076e-01 2.667243e-01 -6.015884e-01 -1.099912e+00 3.499559e-01 2.712467e-02 5.252149e-01 3.342851e-01 -6.144792e-02 2.871977e-01 1.945805e-01 -4.293426e-03
<VARIANCE> 39
 2.951654e+00 4.086069e+00 5.913471e+00 4.096236e+00 1.730055e+01 7.590353e+01 4.875841e+01 1.302621e+01 1.999655e+01 1.202680e+01 7.721090e+00 1.970491e+01 1.000000e-02 1.995446e-01 2.785792e-01 1.351790e-02 9.742379e-01 6.368038e-01 9.592845e-01 3.740447e-01 6.049008e-01 2.937192e-01 1.004156e-01 1.701958e+00 9.527327e-01 1.000000e-02 7.335909e-02 7.888988e-02 8.266519e-02 1.420789e-01 2.024399e-01 1.398434e-01 2.306342e-01 9.380598e-02 3.858256e-01 2.947497e-01 2.361834e-01 2.097565e-01 1.000000e-02
<GCONST> 5.326838e+01
<STATE> 11
<MEAN> 39
 -4.855489e+00 -2.483495e+01 -2.438768e+01 -5.901860e+00 1.054946e+01 -4.867488e+00 6.630056e+00 -4.086300e+00 -5.854694e+00 5.071978e+00 -9.053883e+00 -4.838293e+00 9.861434e-01 1.756212e-01 -8.098784e-02 -1.040515e+00 -7.891790e-01 -2.966078e-01 1.198281e+00 -6.332181e-01 -1.550142e+00 4.114617e-01 1.520261e+00 -3.601732e-01 -1.136127e+00 7.855830e-03 7.520500e-02 2.052132e-01 6.998247e-02 -4.158464e-01 -9.395539e-01 4.162771e-01 6.346483e-03 5.463802e-01 1.251529e-01 -4.897862e-01 2.627983e-01 3.544456e-01 -5.482739e-03
<VARIANCE> 39
 6.245953e+00 4.926577e+00 1.755326e+01 1.226682e+01 2.155772e+01 7.731033e+01 3.309835e+01 2.024791e+01 1.331318e+01 8.919399e+00 1.298880e+01 1.396977e+01 1.000000e-02 2.680236e-01 3.153805e-01 5.072126e-01 6.325010e-01 1.136015e+00 1.105211e+00 9.393497e-01 1.877289e-01 1.329779e+00 1.138397e+00 1.362119e+00 1.478774e-01 1.000000e-02 3.212542e-02 5.370485e-02 7.666384e-02 5.031101e-02 7.261495e-02 2.303021e-01 5.899128e-02 1.432688e-01 2.573193e-01 1.769346e-01 1.177322e-01 3.014636e-01 1.000000e-02
<GCONST> 5.704901e+01
<STATE> 12
<MEAN> 39
 -2.904817e+00 -2.514724e+01 -2.466822e+01 -6.453216e+00 8.158004e+00 -5.107483e-01 5.570333e+00 -4.841521e+00 -4.967957e+00 6.480441e+00 -8.410045e+00 -6.700396e+00 9.915807e-01 3.587800e-01 4.085211e-01 -6.555395e-01 -1.248459e+00 -1.261724e+00 2.835938e+00 -7.469528e-01 -2.795662e-01 7.905130e-01 1.367921e+00 9.529256e-01 -7.384656e-02 -9.017393e-04 1.496082e-01 2.546770e-01 4.241053e-01 -5.392544e-01 -3.493506e-01 1.314867e-01 2.779853e-01 4.046009e-01 -1.802612e-01 -5.552453e-01 9.965829e-02 4.915390e-01 -5.598620e-03
<VARIANCE> 39
 5.807999e+00 5.924978e+00 1.481285e+01 1.477382e+01 1.823126e+01 5.639116e+01 1.965909e+01 1.280099e+01 1.082219e+01 5.316863e+00 1.290321e+01 1.230590e+01 1.000000e-02 3.642273e-01 2.317729e-01 8.050101e-01 4.650428e-01 1.129443e+00 9.267239e-01 1.030737e+00 5.827701e-01 2.182579e+00 1.169959e+00 7.380984e-01 2.225898e-01 1.000000e-02 3.329371e-02 1.027628e-01 9.583621e-02 2.577022e-01 3.355002e-01 2.522569e-01 1.498917e-01 1.897792e-01 1.994813e-01 1.290805e-01 2.286387e-01 9.172702e-02 1.000000e-02
<GCONST> 6.065295e+01
<STATE> 13
<MEAN> 39
 -3.658839e+00 -2.407961e+01 -2.575712e+01 -1.118621e+01 5.091853e+00 4.313560e+00 3.586711e+00 -3.405989e+00 -3.660678e+00 8.267991e+00 -7.432186e+00 -5.688036e+00 9.764712e-01 8.259283e-01 1.003393e+00 2.328082e-01 -2.021904e+00 -1.675731e+00 2.208503e+00 1.026837e-01 2.335021e-01 -2.333445e-01 9.153154e-02 9.465608e-01 2.913271e-01 -1.333065e-02 3.212394e-01 1.607122e-01 7.989075e-01 -3.485557e-01 -1.770557e-01 -6.277376e-01 5.681779e-01 1.537150e-01 -1.274608e-01 -4.315447e-01 3.289457e-01 3.961089e-01 -7.570600e-03
<VARIANCE> 39
 9.878481e+00 5.514294e+00 1.658857e+01 2.185894e+01 1.082852e+01 5.503516e+01 1.966699e+01 7.739050e+00 1.142037e+01 3.596792e+00 1.217994e+01 6.913685e+00 1.000000e-02 1.619325e-01 8.172078e-01 8.666102e-01 5.726691e-01 2.944517e+00 5.954838e-01 4.503592e-01 1.780843e+00 4.098227e-01 6.083245e-01 4.861892e-01 1.072725e+00 1.000000e-02 6.085983e-02 7.986792e-02 1.039193e-01 1.954395e-01 2.359527e-01 5.140112e-01 2.759703e-01 4.107701e-01 4.609492e-01 2.670849e-01 2.747601e-01 1.152528e-01 1.000000e-02
<GCONST> 6.383755e+01
<STATE> 14
<MEAN> 39
 -1.025285e+00 -2.293529e+01 -2.407622e+01 -1.272729e+01 3.880443e+00 7.335338e+00 5.124280e+00 -3.730545e+00 -5.425471e+00 7.946082e+00 -6.531152e+00 -5.202790e+00 9.624184e-01 9.822946e-01 1.253985e+00 1.684753e+00 -2.983790e+00 -1.226946e+00 1.100606e-02 1.899586e+00 -7.702624e-01 4.448470e-01 -2.971328e-01 9.570375e-01 1.178644e+00 -2.505409e-02 1.998395e-01 -1.639373e-01 5.021213e-01 2.236052e-01 -4.315952e-01 -1.187045e+00 -9.664439e-02 1.886882e-01 3.959265e-01 -4.045479e-01 1.819461e-01 2.867163e-01 -1.376845e-02
<VARIANCE> 39
 7.059217e+00 1.238227e+01 1.262702e+01 3.074232e+01 2.948120e+01 3.732010e+01 2.987390e+01 2.505056e+01 5.835072e+00 4.560389e+00 9.085233e+00 5.486112e+00 1.000000e-02 2.680564e-01 5.074270e-01 1.490602e+00 2.034960e+00 2.451859e+00 7.084909e+00 1.990339e+00 3.883660e+00 1.237233e+00 1.153014e+00 1.608969e+00 8.398256e-01 1.000000e-02 9.148572e-02 1.471421e-01 1.247596e-01 4.308122e-01 3.013323e-01 5.763814e-01 2.939643e-01 3.145593e-01 5.310411e-01 2.319853e-01 1.109009e-01 7.329503e-02 1.000000e-02
<GCONST> 7.550681e+01
<STATE> 15
<MEAN> 39
 1.479146e-01 -2.022970e+01 -2.000931e+01 -1.836297e+01 2.162248e+00 5.791078e+00 8.328340e+00 -4.999750e+00 -4.623820e+00 6.483612e+00 -2.818748e+00 -4.132409e+00 9.118820e-01 1.566321e+00 2.264154e-01 1.880623e+00 -1.576473e+00 -2.561078e+00 -1.129443e+00 -3.667430e-02 2.293623e-01 1.099670e+00 -6.471096e-01 1.757995e+00 1.294599e+00 -4.220666e-02 1.619885e-01 -4.716347e-01 -1.456735e-02 1.577003e+00 -1.999792e-03 -8.417745e-01 -7.776755e-01 6.620470e-02 3.844211e-01 -2.963390e-01 -1.489569e-01 -1.872831e-01 -1.531041e-02
<VARIANCE> 39
 5.168775e+00 4.519548e+00 4.070365e+01 3.022527e+01 4.569033e+01 1.446930e+01 2.741110e+01 7.896194e+01 5.316822e+00 2.359587e+00 1.316295e+01 2.579490e+01 1.000000e-02 2.658652e-01 3.841206e-01 5.542782e-01 2.168361e+00 1.048295e+00 9.341048e+00 1.720770e+00 1.317246e+00 3.264415e+00 1.231322e+00 7.708043e-01 5.907184e-01 1.000000e-02 7.918702e-02 6.460609e-02 4.768702e-01 1.044425e+00 1.248180e+00 2.776477e-01 5.377983e-01 1.877849e+00 2.127504e-01 1.279434e-01 2.973030e-01 6.758442e-01 1.000000e-02
<GCONST> 8.003427e+01
<STATE> 16
<MEAN> 39
 1.803546e+00 -2.106757e+01 -1.984772e+01 -1.869279e+01 -3.170525e+00 1.007055e+00 7.077065e+00 -4.124522e+00 -2.037610e-01 6.096491e+00 -2.787272e+00 -7.886539e-01 8.494374e-01 1.671867e+00 -4.729341e-01 1.270477e+00 1.827541e+00 -2.314285e+00 -1.651620e+00 -1.665355e+00 7.620708e-01 1.486011e+00 -1.143385e+00 8.490413e-01 5.867143e-01 -7.195013e-02 -1.002154e-01 -2.931345e-01 -2.013245e-01 1.723911e+00 8.832169e-01 -2.826707e-01 -7.548800e-01 -3.723164e-02 -3.159537e-01 -4.270659e-01 -2.156290e-01 -7.257727e-01 -1.519567e-02
<VARIANCE> 39
 3.695661e+00 1.878676e+00 5.853029e+01 4.841779e+01 2.282288e+01 3.420666e+01 2.447959e+01 6.281200e+01 3.399914e+01 5.628459e+00 1.623647e+01 2.174340e+01 1.000000e-02 8.254231e-01 6.029582e-01 1.682175e+00 8.148116e+00 7.019475e+00 5.322552e+00 2.381925e+00 6.659620e+00 1.639472e+00 1.343470e+00 4.441148e-01 3.228285e+00 1.000000e-02 7.054501e-02 1.000000e-02 8.130220e-01 1.082198e+00 3.884734e-01 1.897836e+00 3.555757e-01 1.105494e+00 7.557899e-01 2.886098e-01 5.458587e-01 4.159943e-01 1.000000e-02
<GCONST> 9.069400e+01
<STATE> 17
<MEAN> 39
 4.564366e+00 -2.331199e+01 -1.917085e+01 -1.531678e+01 -7.712583e+00 1.507305e+00 3.955061e+00 -2.324792e+00 -9.764582e-01 4.624090e+00 -7.277306e-01 -6.825526e-01 7.809592e-01 1.332076e+00 -4.374565e-01 1.585503e+00 3.157132e+00 -8.693067e-01 -2.537114e+00 -2.169088e+00 4.041565e-01 9.806463e-01 -1.767577e+00 7.871760e-01 -3.222168e-01 -8.878369e-02 -4.938546e-01 2.041116e-02 -3.891142e-01 1.088269e+00 1.673344e+00 -3.113737e-01 4.862383e-02 -3.980559e-01 -4.312117e-01 -1.077703e-01 -1.657601e-01 -6.694456e-01 -9.778943e-03
<VARIANCE> 39
 2.011309e+00 4.250885e+00 2.666398e+01 1.401670e+01 9.361872e+00 2.582206e+01 9.990691e+00 1.155389e+01 2.443565e+01 9.418931e+00 1.080993e+01 1.266061e+01 1.000000e-02 6.685476e-01 4.709373e-01 5.303688e+00 1.068724e+01 6.428224e+00 2.951670e+00 1.099582e+00 9.685275e+00 1.436089e+00 1.393478e+00 3.532983e+00 4.739824e+00 1.000000e-02 7.332112e-02 1.214675e-01 2.772715e-01 4.727723e-01 3.558713e-01 1.986534e+00 3.356410e-01 2.906212e-01 4.517497e-01 2.991771e-01 2.574441e-01 4.468904e-01 1.000000e-02
<GCONST> 8.463681e+01
<STATE> 18
<MEAN> 39
 6.384060e+00 -2.153322e+01 -1.430738e+01 -4.748170e+00 -1.195274e+00 -2.863140e+00 1.338136e+00 -4.963008e+00 4.427875e-01 -3.791699e-01 -6.264945e-01 -4.837073e+00 5.791894e-01 9.078613e-02 -3.577452e-01 -3.707221e-02 4.094975e+00 2.710995e+00 -1.406703e+00 -6.149678e-01 -9.026566e-01 -5.482284e-01 -1.421291e+00 4.947993e-01 -1.632560e+00 -8.287180e-02 -5.938222e-01 -1.441057e-01 -6.589235e-01 -9.953193e-01 4.293018e-01 6.633688e-01 1.025390e+00 5.053875e-02 -2.222069e-01 7.048941e-01 -1.998927e-02 1.745106e-01 1.787610e-02
<VARIANCE> 39
 1.827331e+00 3.266437e+00 1.211258e+01 3.425031e+01 2.681261e+01 2.346564e+00 3.686923e+00 1.274919e+01 1.141145e+01 1.270010e+01 6.859418e+00 2.296623e+01 1.000000e-02 2.137583e-01 5.037118e-01 1.043267e+00 3.236575e+00 3.536658e-01 4.618417e+00 1.954025e+00 1.872738e+00 1.014783e+00 1.153827e+00 1.973410e+00 1.697923e+00 1.000000e-02 7.839428e-02 1.505405e-01 3.222866e-01 1.448840e+00 1.256368e+00 2.596834e-01 1.686756e-01 7.983215e-01 2.603598e-01 1.437176e-01 2.279665e-01 7.151729e-01 1.000000e-02
<GCONST> 7.242171e+01
<STATE> 19
<MEAN> 39
 4.383039e+00 -2.382450e+01 -1.732109e+01 -3.985894e+00 2.110343e+00 -5.643782e+00 9.213765e-01 -5.411265e+00 -1.412531e+00 2.745875e-01 -6.416933e-02 -5.668727e+00 4.938072e-01 -6.152653e-01 -7.714056e-01 -8.005889e-01 9.752823e-01 1.229256e+00 -4.937390e-01 9.734082e-01 2.925001e-01 3.288356e-01 3.227127e-01 6.073592e-01 -2.939553e-01 -3.969432e-02 -1.743937e-01 2.760696e-01 -6.316745e-02 -1.114519e+00 -5.634105e-01 7.601933e-01 4.013494e-01 5.473221e-01 3.292339e-01 4.158770e-01 -4.735360e-02 4.629031e-01 1.802195e-02
<VARIANCE> 39
 1.272076e+00 6.423719e+00 8.629001e+00 2.164320e+00 9.246619e+00 1.449747e+01 7.221255e+00 1.157682e+01 1.006677e+01 1.575924e+01 3.185529e+00 5.567343e+00 1.000000e-02 1.512068e-01 5.021357e-01 6.910588e-01 3.375933e+00 3.811676e+00 1.961582e+00 4.723659e-01 8.891369e-01 1.334531e+00 9.319953e-01 4.338741e-01 1.904178e+00 1.000000e-02 4.114160e-02 9.401018e-02 4.405611e-01 4.697328e-01 5.825463e-01 7.463587e-01 2.123815e-01 2.722479e-01 2.587699e-01 2.030018e-01 2.361495e-01 3.567345e-01 1.000000e-02
<GCONST> 6.336263e+01
<STATE> 20
<MEAN> 39
 3.725183e+00 -2.436438e+01 -1.748660e+01 -2.869321e+00 2.771098e-01 -3.845630e+00 4.960049e+00 -4.459772e+00 1.893225e+00 3.117487e+00 1.419779e+00 -4.718628e+00 4.731892e-01 -2.434972e-01 2.702603e-01 2.055820e-01 2.179768e-01 -8.160905e-02 7.896132e-01 7.713531e-01 9.188910e-01 3.203790e-01 1.696531e-01 2.817039e-01 5.764793e-01 -2.001358e-02 1.307891e-01 3.662256e-01 1.374587e-01 -3.688483e-01 -4.213645e-02 4.270289e-01 -2.125672e-01 1.489950e-01 -4.390081e-01 -5.697426e-01 -3.024947e-01 1.137257e-01 1.036189e-02
<VARIANCE> 39
 1.586848e+00 4.634252e+00 1.584382e+01 3.985923e-01 1.526788e+00 1.459345e+01 7.642879e+00 7.863796e+00 1.418221e+01 1.888362e+01 9.277753e+00 3.110019e+01 1.000000e-02 6.803993e-02 1.147273e-01 1.437529e+00 1.225808e+00 3.478846e+00 1.563493e+00 1.461709e-01 4.134699e-01 1.744015e+00 1.845384e+00 7.051110e-01 2.114993e+00 1.000000e-02 1.973823e-02 1.727061e-01 3.653061e-01 1.618590e-01 2.676963e-01 3.423296e-01 1.224537e-01 7.696455e-02 4.057876e-01 4.810671e-01 1.373696e-01 4.088133e-01 1.000000e-02
<GCONST> 5.624747e+01
<STATE> 21
<MEAN> 39
 3.737432e+00 -2.348058e+01 -1.774474e+01 -4.526680e+00 2.413079e+00 -3.447716e+00 3.784185e+00 -1.288949e+00 1.167479e+00 1.732419e+00 2.038739e+00 -3.728250e+00 4.523706e-01 -1.095621e-01 9.782405e-01 1.138726e-01 -3.390481e-01 1.063434e+00 1.023760e+00 -6.901216e-02 4.387915e-01 1.282920e-02 -8.546430e-01 -1.844678e-01 -4.587862e-01 -1.427110e-02 3.945114e-02 1.728629e-01 2.651960e-01 7.502526e-03 3.512063e-02 1.484393e-01 -2.155946e-01 -2.837982e-01 -4.852720e-01 -6.804870e-01 -3.721566e-01 -5.805134e-02 4.742003e-03
<VARIANCE> 39
 3.256970e+00 3.514367e+00 1.346355e+01 7.033109e+00 1.311094e+01 9.929820e+00 4.146489e+00 2.178928e+01 2.318701e+01 2.003904e+01 1.232673e+01 9.227573e+00 1.000000e-02 9.041698e-02 5.623296e-01 2.187669e+00 9.280933e-01 5.195126e-01 5.028673e-01 6.042437e-01 6.065630e-01 2.174729e+00 1.956312e+00 8.161280e-01 1.403538e+00 1.000000e-02 1.931757e-02 8.428043e-02 2.297627e-01 3.480198e-01 6.267853e-01 3.295089e-01 3.013944e-02 2.188819e-01 3.908575e-01 4.438621e-01 8.775511e-02 3.152178e-01 1.000000e-02
<GCONST> 6.118050e+01
<STATE> 22
<MEAN> 39
 3.919656e+00 -2.075161e+01 -1.666860e+01 -4.272840e+00 3.179573e+00 -4.503725e-01 4.900234e+00 -1.546971e+00 -6.791589e-01 -2.366494e+00 8.169301e-01 -5.086885e+00 4.423705e-01 -3.543963e-01 3.227755e-01 2.978101e-02 2.183475e-01 1.089147e+00 6.182488e-01 1.748839e-01 4.381676e-01 -1.421534e+00 -2.623132e+00 -6.197959e-01 5.891743e-01 -1.086929e-02 -7.992963e-02 -1.541982e-01 2.730913e-01 2.592687e-01 -6.258152e-02 -2.316943e-01 -2.525605e-01 -1.847309e-01 1.654334e-01 2.372030e-01 -3.473400e-02 1.149861e-01 -2.730453e-03
<VARIANCE> 39
 2.009561e+00 1.891727e+00 1.704334e+01 1.267608e+01 5.730919e+00 1.109238e+01 1.358263e+01 4.230489e+00 2.940836e+01 2.152641e+01 7.462348e+00 1.006617e+01 1.000000e-02 2.915634e-02 2.493747e-01 8.098311e-01 3.962801e-01 2.846090e-01 9.369941e-01 7.015063e-01 2.537949e+00 3.297172e+00 5.521499e+00 3.644851e-01 1.649729e+00 1.000000e-02 2.595077e-02 8.497334e-02 3.275464e-01 2.758493e-01 2.389561e-01 5.304238e-02 1.000150e-01 1.204697e-01 5.403631e-01 9.276304e-01 1.685751e-01 5.126919e-01 1.000000e-02
<GCONST> 5.868615e+01
<STATE> 23
<MEAN> 39
 2.705993e+00 -2.232921e+01 -1.762166e+01 -3.463171e+00 5.259491e+00 -1.792841e+00 4.306745e+00 -3.039709e+00 -3.914852e+00 -6.578761e+00 -1.334783e+00 -4.185057e+00 4.196552e-01 -2.320423e-01 4.519917e-01 1.236208e+00 5.439330e-01 1.964124e-01 4.397464e-01 -5.778381e-01 6.248807e-02 -5.646288e-01 -9.789677e-01 -2.515941e-01 3.884982e-01 -1.701500e-02 3.904712e-02 -1.227942e-01 1.721607e-01 1.350724e-01 -3.937526e-01 -2.120741e-01 -1.825754e-01 5.958866e-02 6.251456e-01 7.542567e-01 5.741945e-02 -3.453419e-02 -1.669264e-03
<VARIANCE> 39
 2.688985e+00 4.705412e+00 2.208295e+01 1.235470e+01 3.537797e+00 1.733719e+01 6.464775e+00 5.550107e+00 1.003321e+01 8.499681e+00 5.717601e+00 6.861258e+00 1.000000e-02 8.777568e-02 2.916146e-01 4.592485e-01 9.574742e-01 1.908211e+00 8.927364e-01 5.150791e-01 4.351788e-01 8.869298e-01 3.007874e+00 1.268267e+00 1.459375e+00 1.000000e-02 3.246276e-02 1.767590e-01 4.510440e-01 8.730927e-02 9.949148e-02 1.602750e-01 2.357792e-01 5.296932e-01 3.225679e-01 5.717637e-01 1.174951e-01 3.764111e-01 1.000000e-02
<GCONST> 5.854468e+01
<STATE> 24
<MEAN> 39
 3.009109e+00 -2.017099e+01 -1.432737e+01 -2.018266e+00 5.252328e+00 -4.720827e-01 2.570449e+00 -8.989850e-01 -9.187301e-01 -5.110197e+00 5.401989e-01 -1.685345e+00 3.967152e-01 -7.303464e-02 4.327520e-01 1.371217e+00 7.445666e-01 -2.664181e-02 3.483561e-01 -1.833392e-01 5.185397e-01 6.413785e-01 -6.532996e-02 -4.295669e-01 5.199679e-01 -1.807263e-02 2.617981e-02 -4.276539e-02 -2.837641e-01 -2.790720e-01 -2.781748e-01 -2.743594e-01 -1.817842e-02 -9.951822e-02 3.915067e-01 5.432774e-01 1.943775e-01 -2.886589e-01 -7.248786e-04
<VARIANCE> 39
 2.008531e+00 3.464557e+00 5.063251e+00 2.754620e+00 5.974109e+00 1.210471e+01 7.926753e+00 6.578935e+00 7.310524e+00 1.725139e+01 9.994908e+00 7.949113e+00 1.000000e-02 3.841740e-01 7.726274e-01 1.182544e+00 9.573678e-01 6.881064e-01 1.434992e+00 1.053524e+00 1.933917e+00 6.016669e-01 1.622695e+00 1.270570e+00 1.065062e+00 1.000000e-02 3.127829e-02 4.833622e-02 1.314446e-01 1.682105e-01 1.877319e-01 4.285740e-01 2.811109e-01 3.822856e-01 1.439603e-01 5.336846e-01 2.188521e-01 3.079677e-01 1.000000e-02
<GCONST> 5.945152e+01
<STATE> 25
<MEAN> 39
 2.333064e+00 -2.075600e+01 -1.279214e+01 -2.470490e+00 4.298865e+00 -7.836723e-02 2.866083e+00 -2.047472e+00 -8.250364e-01 -3.100748e+00 -1.065748e+00 -4.176360e+00 3.598166e-01 -9.661620e-02 3.263063e-01 8.558524e-02 3.369160e-02 -7.147606e-02 -8.216560e-01 -1.239678e+00 -7.300470e-01 1.167888e+00 9.792905e-01 9.001442e-02 -8.922091e-01 -1.699706e-02 -1.806387e-02 4.394157e-03 -5.414152e-01 -2.415536e-01 7.362516e-02 -2.639203e-01 -6.523523e-02 -1.900077e-01 -2.091886e-01 -5.612734e-02 2.015710e-01 -1.405958e-01 1.748765e-03
<VARIANCE> 39
 1.682162e+00 5.522508e+00 1.462346e+01 8.230673e+00 1.185791e+01 9.230786e+00 4.431214e+00 1.380523e+01 7.396329e+00 8.865933e+00 1.406995e+01 8.794951e+00 1.000000e-02 3.247297e-01 7.605149e-01 7.044563e-01 7.267289e-01 1.185263e+00 2.209123e+00 2.652143e+00 1.361462e+00 6.094796e-01 1.895883e+00 1.370019e+00 7.930012e-01 1.000000e-02 5.107469e-02 5.597059e-02 1.395431e-02 3.278729e-01 2.769982e-01 1.548528e-01 1.616843e-01 2.765425e-01 8.219234e-02 4.320648e-01 3.965765e-01 2.438283e-01 1.000000e-02
<GCONST> 5.992256e+01
<STATE> 26
<MEAN> 39
 2.643578e+00 -2.066379e+01 -1.466754e+01 -1.307168e+00 4.489025e+00 -2.071154e+00 1.544879e+00 -3.300062e-01 2.418589e+00 -4.281066e+00 -2.208437e+00 -5.679672e+00 3.436379e-01 -4.019916e-01 8.386988e-02 -1.023846e+00 -4.058168e-01 3.119408e-01 -4.781522e-01 -3.585975e-01 -3.253058e-01 -3.333314e-01 -6.232814e-01 -7.956342e-02 -1.753875e-01 -1.265294e-02 -9.539472e-02 9.772360e-02 -6.904473e-02 -1.752276e-01 1.407001e-01 1.774810e-01 4.063547e-01 -1.264951e-01 -5.977568e-01 -2.115595e-01 1.376695e-01 2.773179e-01 -1.505460e-03
<VARIANCE> 39
 3.130767e+00 8.877602e+00 6.621563e+00 1.098768e+01 5.864381e+00 1.362949e+01 1.364383e+01 1.297995e+01 2.393283e+00 7.948869e+00 4.160787e+00 5.716818e+00 1.000000e-02 1.540414e-01 5.854723e-01 6.405687e-01 8.932388e-01 9.246106e-01 1.381208e+00 3.122213e+00 1.058730e+00 9.233927e-01 1.824902e+00 1.791409e+00 8.220673e-01 1.000000e-02 1.275692e-01 1.587433e-01 1.832886e-01 2.783866e-01 3.221344e-01 6.513395e-01 4.142766e-01 3.545933e-01 7.099778e-02 4.080220e-01 2.191965e-01 1.662668e-01 1.000000e-02
<GCONST> 6.332317e+01
<STATE> 27
<MEAN> 39
 1.728437e+00 -1.945150e+01 -1.551107e+01 -3.325400e+00 4.912358e+00 -2.718764e+00 3.702751e-01 -3.353179e+00 -1.637930e+00 -4.761626e+00 6.407909e-01 -3.928653e+00 3.264833e-01 -4.794887e-01 4.932877e-01 9.251040e-02 -2.489322e-01 2.172612e-01 4.837237e-02 3.019902e-01 -3.751902e-01 -6.006242e-01 1.374963e-01 4.030576e-01 2.971382e-01 -2.554010e-02 -1.644436e-01 4.381495e-02 2.924600e-01 1.574951e-01 2.718136e-02 1.693761e-01 1.557650e-01 1.441552e-01 1.150919e-01 2.890973e-01 8.803910e-02 3.076925e-01 -7.515526e-03
<VARIANCE> 39
 1.929784e+00 6.413698e+00 1.481770e+01 1.339026e+01 7.105938e+00 9.114061e+00 3.458707e+01 1.640239e+01 1.299608e+01 2.853252e+01 1.305598e+01 7.356869e+00 1.000000e-02 5.303986e-01 2.590306e-01 5.008197e-01 1.919591e+00 1.667663e+00 2.408340e+00 1.464592e+00 1.317021e+00 5.515170e-01 1.144966e+00 1.236548e+00 3.577278e-01 1.000000e-02 6.399830e-02 1.215555e-01 2.771222e-01 2.395302e-01 2.410513e-01 3.918948e-01 1.031108e+00 2.236493e-01 2.439606e-01 7.281203e-01 2.597221e-01 1.950843e-01 1.000000e-02
<GCONST> 6.930202e+01
<STATE> 28
<MEAN> 39
 1.591735e+00 -1.820451e+01 -1.361458e+01 -2.686335e+00 5.850049e+00 -5.798179e-01 3.087150e+00 -3.264378e+00 -5.211370e-01 -3.281879e+00 8.683097e-01 -3.449337e+00 2.790070e-01 -8.466948e-01 2.540366e-01 1.312180e-01 -1.991314e-01 3.852360e-02 3.054159e-01 5.063657e-01 3.939784e-01 5.928323e-01 7.936069e-01 4.286776e-01 8.155735e-01 -4.141738e-02 -8.054740e-02 1.115536e-01 2.317391e-01 1.629402e-02 -1.484138e-01 -1.637128e-02 -2.201049e-01 9.334993e-02 3.506759e-01 7.496680e-02 -1.318918e-02 1.760227e-01 -3.463364e-03
<VARIANCE> 39
 1.431820e+00 4.410070e+00 1.267012e+01 1.561425e+01 1.248197e+01 1.022711e+01 6.611107e+00 1.479830e+01 1.902534e+01 6.083437e+00 3.228535e+00 1.225998e+00 1.000000e-02 4.331916e-01 3.829302e-01 1.247202e+00 1.004070e+00 1.367050e+00 5.926204e-01 2.921011e+00 9.488861e-01 1.100000e+00 2.981922e+00 9.244700e-01 6.502602e-01 1.000000e-02 1.298782e-01 2.208100e-02 5.208500e-02 5.198745e-01 3.665750e-01 3.858037e-01 2.602074e-01 2.402305e-01 1.211040e-01 2.563113e-01 2.015482e-01 9.787626e-02 1.000000e-02
<GCONST> 5.887814e+01
<STATE> 29
<MEAN> 39
 -8.066677e-01 -1.887042e+01 -1.447900e+01 -2.693213e+00 4.855631e+00 -3.283871e+00 1.233423e+00 -1.872050e+00 1.416864e-01 -2.329751e+00 5.099380e-01 -2.607907e+00 1.999601e-01 -7.816427e-01 9.901215e-01 1.036987e+00 4.988880e-01 2.513635e-01 -3.338355e-01 -5.698169e-01 -1.061517e-01 4.401809e-01 7.226388e-01 8.140854e-01 9.012249e-01 -3.977351e-02 2.320939e-01 8.552741e-02 8.418635e-02 8.879042e-02 1.670144e-01 1.666386e-01 2.463849e-02 -1.121861e-01 -1.023028e-01 -3.188027e-01 -1.096203e-01 -1.108149e-01 1.019504e-02
<VARIANCE> 39
 2.418909e+00 1.998740e+00 1.012246e+01 2.987767e+00 7.931100e+00 8.153293e+00 8.319707e+00 4.304879e+00 4.751801e+00 1.233305e+01 1.126183e+01 4.880412e+00 1.000000e-02 3.444856e-01 2.648638e-01 9.478602e-01 1.239508e+00 7.792093e-01 1.379764e+00 2.748192e+00 8.363082e-01 1.131603e+00 2.836268e+00 5.991246e-01 1.680278e+00 1.000000e-02 1.842159e-01 7.671385e-02 1.736293e-01 1.184621e-01 2.323120e-01 1.511391e-01 3.755400e-01 1.430822e-01 2.553169e-01 4.344085e-01 2.053717e-01 9.599162e-02 1.000000e-02
<GCONST> 5.797448e+01
<STATE> 30
<MEAN> 39
 -1.618490e+00 -1.566539e+01 -1.237099e+01 -2.754134e+00 6.521019e+00 -7.418844e-01 6.023250e-01 -3.575825e+00 5.054864e-01 -1.087517e+00 3.702659e+00 5.374038e-01 1.670634e-01 2.461284e-01 1.033170e+00 1.055976e+00 1.322505e-01 3.114392e-01 5.724149e-01 -3.098334e-01 -5.950276e-01 1.033209e-01 -1.588170e-01 1.647806e-01 2.800530e-01 -4.050303e-04 3.455289e-01 -1.293465e-01 -5.489748e-02 -1.228538e-01 -5.010408e-02 9.028174e-02 2.669186e-01 1.594040e-02 -2.546290e-01 -4.281320e-01 -4.448674e-01 -5.582083e-01 1.239150e-02
<VARIANCE> 39
 4.787393e+00 2.205220e+00 1.831442e+01 1.153096e+01 8.461863e+00 7.857703e+00 1.301545e+01 7.495647e+00 8.897000e+00 3.519968e+00 2.943187e+00 1.294864e+01 1.000000e-02 1.232580e+00 5.065090e-01 1.477661e-01 7.331458e-01 8.994104e-01 3.038178e-01 2.373880e+00 1.228931e+00 8.890347e-01 2.188579e-01 6.191406e-01 1.540107e+00 1.000000e-02 8.635748e-02 9.790534e-02 5.276050e-01 2.340862e-01 1.353584e-01 3.204985e-01 4.515345e-01 1.277686e-01 1.554320e-01 2.588869e-01 4.766661e-02 3.604135e-01 1.000000e-02
<GCONST> 5.669679e+01
<STATE> 31
<MEAN> 39
 1.304307e-01 -1.570072e+01 -1.119806e+01 -1.873950e+00 6.650320e+00 -5.924341e-01 1.866953e+00 -4.231892e+00 -5.481792e-01 -3.478378e+00 7.616267e-01 -1.296896e+00 1.816713e-01 2.817146e-01 3.101335e-01 5.082778e-01 1.756374e-02 2.493160e-01 5.861507e-01 4.604311e-01 -4.307313e-01 -5.336068e-01 -9.321156e-01 -5.755691e-01 -2.614836e-01 6.023592e-03 -1.119785e-01 -2.356907e-01 -2.007989e-01 -6.380280e-02 -5.763654e-02 -5.178859e-02 1.282094e-01 2.698638e-01 -8.435945e-03 4.020633e-02 -2.165428e-01 -2.766652e-01 1.270740e-04
<VARIANCE> 39
 5.929437e+00 5.068414e+00 6.717144e+00 7.448752e+00 9.546233e+00 8.623105e+00 1.645442e+01 1.432474e+01 2.356996e+01 5.080284e+00 4.320947e-01 6.856056e+00 1.000000e-02 4.293724e-01 3.658344e-01 7.977996e-01 2.940363e-01 8.299659e-01 1.171077e+00 1.625289e+00 5.379435e-01 3.785281e-01 1.082309e-01 1.466565e+00 1.407593e+00 1.000000e-02 1.846342e-01 8.070750e-02 3.543803e-02 2.794751e-01 1.508960e-01 2.587142e-01 3.537816e-01 2.201250e-01 3.354218e-01 1.595038e-01 1.283811e-01 3.537422e-01 1.000000e-02
<GCONST> 5.435110e+01
<STATE> 32
<MEAN> 39
 -9.561681e-01 -1.583680e+01 -1.151678e+01 -3.091375e+00 6.380105e+00 -2.146459e-01 3.227567e+00 -3.420981e+00 -2.072504e-01 -3.501092e+00 3.372590e-01 -2.354951e+00 1.808846e-01 -1.908275e-01 2.084893e-01 -3.665733e-02 -2.180635e-01 2.557998e-01 2.794235e-01 5.575627e-01 3.653759e-01 -5.599797e-01 -8.051918e-02 -4.107872e-01 -6.046417e-01 -5.844085e-03 -2.750109e-01 2.563292e-01 3.629780e-01 1.364615e-01 -1.320373e-01 -2.973185e-01 -2.734320e-01 1.809184e-01 1.097043e-01 3.548111e-01 3.514786e-01 8.153701e-02 -1.013401e-02
<VARIANCE> 39
 5.682482e+00 1.417521e+01 2.347289e+01 3.835376e+00 7.244405e+00 7.916641e+00 1.160217e+01 1.610638e+01 1.260409e+01 2.825542e+00 1.488633e+01 1.049191e+01 1.000000e-02 2.224870e-01 7.777522e-01 1.065928e+00 1.420262e+00 1.033700e+00 1.639059e+00 1.644078e+00 6.650765e-01 1.276065e+00 1.050618e+00 1.148964e+00 1.760370e+00 1.000000e-02 1.766125e-01 3.069118e-01 3.720439e-01 1.471089e-01 3.107921e-01 8.999000e-02 2.896606e-01 1.501628e-01 1.838471e-01 2.888703e-02 4.248146e-01 2.674115e-01 1.000000e-02
<GCONST> 6.498348e+01
<STATE> 33
<MEAN> 39
 -4.141169e-01 -1.536420e+01 -1.150372e+01 -2.450735e+00 7.604261e+00 1.520952e-01 1.986220e+00 -3.165652e+00 -1.359120e+00 -3.753128e+00 3.873947e-01 -2.781986e+00 1.762831e-01 -1.222500e+00 8.364009e-01 1.458449e+00 4.106826e-01 -2.011727e-01 -4.989038e-01 -8.623833e-02 8.238916e-01 8.394127e-01 6.001753e-01 -1.695305e-01 -2.805055e-03 -4.768880e-02 -3.771524e-01 2.921356e-01 4.412974e-01 4.209642e-02 -2.490229e-01 -2.411629e-01 -1.847274e-01 -1.896585e-01 1.212855e-01 1.717819e-01 2.895849e-01 1.712915e-01 -1.658618e-02
<VARIANCE> 39
 7.101068e+00 4.806971e+00 9.934967e+00 8.173738e+00 1.122011e+01 1.195386e+01 1.626647e+01 3.578427e+00 9.716138e+00 1.331748e+01 1.576639e+01 1.317903e+01 1.000000e-02 5.182437e-01 1.450668e+00 1.227234e+00 6.704885e-01 1.204874e+00 7.325684e-01 4.015282e-01 6.631149e-01 1.063568e+00 2.918235e-01 1.942052e+00 6.078128e-01 1.000000e-02 9.746451e-02 5.510527e-02 3.048353e-01 1.258937e-01 1.184701e-01 2.725662e-01 3.985480e-01 1.111353e-01 1.142759e-01 1.549788e-01 3.604321e-01 3.767558e-01 1.000000e-02
<GCONST> 6.095149e+01
<STATE> 34
<MEAN> 39
 -3.571952e+00 -1.174185e+01 -6.101058e+00 -1.845209e+00 5.704220e+00 -1.745561e+00 1.891065e+00 -1.588119e+00 9.281514e-01 -1.391807e+00 1.594175e+00 -1.013871e+00 7.110939e-02 -1.070438e+00 1.527556e+00 2.139680e+00 7.648982e-02 -6.729113e-01 -4.779330e-01 -7.572477e-01 -5.133243e-01 7.693344e-02 1.879297e-01 7.631273e-01 -2.427182e-01 -4.690996e-02 1.043626e-01 -1.285839e-01 -1.757312e-01 -5.281728e-02 -1.936290e-01 -3.072259e-02 -5.271589e-02 -3.849461e-01 -5.715383e-02 -2.623933e-01 1.368768e-02 -1.365122e-01 7.520880e-04
<VARIANCE> 39
 2.845365e-01 9.647883e+00 1.304091e+01 4.451085e+00 6.304762e+00 1.394666e+01 5.021745e+00 3.103513e+00 1.279436e+01 4.998070e+00 9.138130e+00 9.122196e-01 1.000000e-02 6.344874e-01 5.498769e-01 1.104736e+00 3.774363e-01 6.696035e-01 6.344632e-01 1.448075e+00 4.391787e-01 4.978811e-01 8.541191e-01 2.828336e+00 1.208318e+00 1.000000e-02 1.950874e-02 3.355024e-01 2.218646e-01 1.973750e-01 2.659064e-01 2.817094e-01 1.683681e-01 3.890039e-02 2.699776e-01 8.630722e-02 3.518147e-01 1.887969e-01 1.000000e-02
<GCONST> 5.132353e+01
<STATE> 35
<MEAN> 39
 -5.232643e+00 -1.119303e+01 -5.093395e+00 -2.651415e+00 5.378999e+00 -1.359782e+00 9.655530e-01 -3.889945e+00 -2.332791e-01 -1.356888e+00 3.237327e+00 -3.601599e+00 -1.877160e-02 -5.944359e-01 8.099545e-01 9.856603e-01 -2.648342e-02 -1.115318e+00 -9.395930e-01 -5.218913e-01 -7.608536e-01 -1.340928e-01 -4.164507e-02 6.640190e-01 -1.384640e-01 -4.003321e-02 3.962208e-01 -1.985192e-01 -4.328703e-01 5.851667e-02 7.606240e-02 1.672152e-01 3.440321e-01 1.858426e-01 -1.426182e-01 -2.555238e-01 -1.212777e-01 -3.981734e-03 1.586236e-02
<VARIANCE> 39
 9.632546e-01 6.942798e+00 2.971353e+00 2.477834e+00 1.071451e+01 2.293625e+01 1.814531e+01 1.031416e+01 1.323504e+01 9.033364e+00 1.361725e+01 3.258531e+00 1.000000e-02 3.143386e-01 1.014803e+00 8.656732e-01 5.503888e-01 9.623141e-01 1.212844e+00 4.392338e-01 4.818105e-01 5.266363e-01 5.903016e-01 5.369805e-01 8.545824e-01 1.000000e-02 6.360196e-02 1.618199e-01 1.320106e-01 8.256076e-02 1.810085e-01 1.752879e-01 1.333089e-01 1.175378e-01 8.509469e-02 9.487910e-02 4.474876e-01 6.945403e-02 1.000000e-02
<GCONST> 5.084895e+01
<STATE> 36
<MEAN> 39
 -4.878549e+00 -1.065722e+01 -4.063065e+00 -1.712314e+00 3.413050e+00 -3.824373e+00 -4.372998e-01 -5.024153e+00 -8.071194e-01 -3.636033e+00 1.290005e+00 -3.103401e+00 -3.484545e-02 -1.808210e-01 5.343223e-01 3.047982e-01 1.945890e-01 -5.491187e-01 -1.267635e-01 5.695140e-01 6.937685e-02 -1.030589e-02 -4.312506e-01 4.933919e-01 -2.948968e-01 -1.390249e-02 2.087454e-01 -2.371738e-01 -3.246542e-01 5.024337e-02 4.493801e-01 4.768094e-01 4.260157e-01 3.604174e-01 -4.644607e-02 3.744029e-02 -1.951950e-01 8.477838e-02 1.355950e-02
<VARIANCE> 39
 1.696641e+00 4.589847e+00 6.908784e+00 2.365781e+00 2.443372e+00 4.715495e+00 3.645142e+00 3.496884e+00 4.899250e+00 1.248894e+01 1.544661e+01 1.184523e+01 1.000000e-02 1.405395e-01 6.215090e-01 5.517823e-01 3.285733e-01 1.124640e+00 1.961118e+00 4.855118e-01 1.478691e+00 3.019274e-01 1.609139e-01 8.572223e-01 3.039131e-02 1.000000e-02 5.100191e-02 5.428443e-02 1.231526e-01 9.833502e-02 5.568377e-02 7.337441e-02 2.155875e-01 1.185418e-02 1.731368e-02 8.323120e-02 5.533124e-01 2.210274e-01 1.000000e-02
<GCONST> 3.624631e+01
<TRANSP> 37
 0.000000e+00 1.000000e+00 0.000000e+00 0.000000e+00 0.000000e+00 0.000000e+00 0.000000e+00 0.000000e+00 0.000000e+00 0.000000e+00 0.000000e+00 0.000000e+00 0.000000e+00 0.000000e+00 0.000000e+00 0.000000e+00 0.000000e+00 0.000000e+00 0.000000e+00 0.000000e+00 0.000000e+00 0.000000e+00 0.000000e+00 0.000000e+00 0.000000e+00 0.000000e+00 0.000000e+00 0.000000e+00 0.000000e+00 0.000000e+00 0.000000e+00 0.000000e+00 0.000000e+00 0.000000e+00 0.000000e+00 0.000000e+00 0.000000e+00
 0.000000e+00 5.000000e-01 5.000000e-01 0.000000e+00 0.000000e+00 0.000000e+00 0.000000e+00 0.000000e+00 0.000000e+00 0.000000e+00 0.000000e+00 0.000000e+00 0.000000e+00 0.000000e+00 0.000000e+00 0.000000e+00 0.000000e+00 0.000000e+00 0.000000e+00 0.000000e+00 0.000000e+00 0.000000e+00 0.000000e+00 0.000000e+00 0.000000e+00 0.000000e+00 0.000000e+00 0.000000e+00 0.000000e+00 0.000000e+00 0.000000e+00 0.000000e+00 0.000000e+00 0.000000e+00 0.000000e+00 0.000000e+00 0.000000e+00
 0.000000e+00 0.000000e+00 1.666667e-01 8.333333e-01 0.000000e+00 0.000000e+00 0.000000e+00 0.000000e+00 0.000000e+00 0.000000e+00 0.000000e+00 0.000000e+00 0.000000e+00 0.000000e+00 0.000000e+00 0.000000e+00 0.000000e+00 0.000000e+00 0.000000e+00 0.000000e+00 0.000000e+00 0.000000e+00 0.000000e+00 0.000000e+00 0.000000e+00 0.000000e+00 0.000000e+00 0.000000e+00 0.000000e+00 0.000000e+00 0.000000e+00 0.000000e+00 0.000000e+00 0.000000e+00 0.000000e+00 0.000000e+00 0.000000e+00
 0.000000e+00 0.000000e+00 0.000000e+00 3.750000e-01 6.250000e-01 0.000000e+00 0.000000e+00 0.000000e+00 0.000000e+00 0.000000e+00 0.000000e+00 0.000000e+00 0.000000e+00 0.000000e+00 0.000000e+00 0.000000e+00 0.000000e+00 0.000000e+00 0.000000e+00 0.000000e+00 0.000000e+00 0.000000e+00 0.000000e+00 0.000000e+00 0.000000e+00 0.000000e+00 0.000000e+00 0.000000e+00 0.000000e+00 0.000000e+00 0.000000e+00 0.000000e+00 0.000000e+00 0.000000e+00 0.000000e+00 0.000000e+00 0.000000e+00
 0.000000e+00 0.000000e+00 0.000000e+00 0.000000e+00 2.857143e-01 7.142857e-01 0.000000e+00 0.000000e+00 0.000000e+00 0.000000e+00 0.000000e+00 0.000000e+00 0.000000e+00 0.000000e+00 0.000000e+00 0.000000e+00 0.000000e+00 0.000000e+00 0.000000e+00 0.000000e+00 0.000000e+00 0.000000e+00 0.000000e+00 0.000000e+00 0.000000e+00 0.000000e+00 0.000000e+00 0.000000e+00 0.000000e+00 0.000000e+00 0.000000e+00 0.000000e+00 0.000000e+00 0.000000e+00 0.000000e+00 0.000000e+00 0.000000e+00
 0.000000e+00 0.000000e+00 0.000000e+00 0.000000e+00 0.000000e+00 2.857143e-01 7.142857e-01 0.000000e+00 0.000000e+00 0.000000e+00 0.000000e+00 0.000000e+00 0.000000e+00 0.000000e+00 0.000000e+00 0.000000e+00 0.000000e+00 0.000000e+00 0.000000e+00 0.000000e+00 0.000000e+00 0.000000e+00 0.000000e+00 0.000000e+00 0.000000e+00 0.000000e+00 0.000000e+00 0.000000e+00 0.000000e+00 0.000000e+00 0.000000e+00 0.000000e+00 0.000000e+00 0.000000e+00 0.000000e+00 0.000000e+00 0.000000e+00
 0.000000e+00 0.000000e+00 0.000000e+00 0.000000e+00 0.000000e+00 0.000000e+00 2.857143e-01 7.142857e-01 0.000000e+00 0.000000e+00 0.000000e+00 0.000000e+00 0.000000e+00 0.000000e+00 0.000000e+00 0.000000e+00 0.000000e+00 0.000000e+00 0.000000e+00 0.000000e+00 0.000000e+00 0.000000e+00 0.000000e+00 0.000000e+00 0.000000e+00 0.000000e+00 0.000000e+00 0.000000e+00 0.000000e+00 0.000000e+00 0.000000e+00 0.000000e+00 0.000000e+00 0.000000e+00 0.000000e+00 0.000000e+00 0.000000e+00
 0.000000e+00 0.000000e+00 0.000000e+00 0.000000e+00 0.000000e+00 0.000000e+00 0.000000e+00 3.750000e-01 6.250000e-01 0.000000e+00 0.000000e+00 0.000000e+00 0.000000e+00 0.000000e+00 0.000000e+00 0.000000e+00 0.000000e+00 0.000000e+00 0.000000e+00 0.000000e+00 0.000000e+00 0.000000e+00 0.000000e+00 0.000000e+00 0.000000e+00 0.000000e+00 0.000000e+00 0.000000e+00 0.000000e+00 0.000000e+00 0.000000e+00 0.000000e+00 0.000000e+00 0.000000e+00 0.000000e+00 0.000000e+00 0.000000e+00
 0.000000e+00 0.000000e+00 0.000000e+00 0.000000e+00 0.000000e+00 0.000000e+00 0.000000e+00 0.000000e+00 3.750000e-01 6.250000e-01 0.000000e+00 0.000000e+00 0.000000e+00 0.000000e+00 0.000000e+00 0.000000e+00 0.000000e+00 0.000000e+00 0.000000e+00 0.000000e+00 0.000000e+00 0.000000e+00 0.000000e+00 0.000000e+00 0.000000e+00 0.000000e+00 0.000000e+00 0.000000e+00 0.000000e+00 0.000000e+00 0.000000e+00 0.000000e+00 0.000000e+00 0.000000e+00 0.000000e+00 0.000000e+00 0.000000e+00
 0.000000e+00 0.000000e+00 0.000000e+00 0.000000e+00 0.000000e+00 0.000000e+00 0.000000e+00 0.000000e+00 0.000000e+00 0.000000e+00 1.000000e+00 0.000000e+00 0.000000e+00 0.000000e+00 0.000000e+00 0.000000e+00 0.000000e+00 0.000000e+00 0.000000e+00 0.000000e+00 0.000000e+00 0.000000e+00 0.000000e+00 0.000000e+00 0.000000e+00 0.000000e+00 0.000000e+00 0.000000e+00 0.000000e+00 0.000000e+00 0.000000e+00 0.000000e+00 0.000000e+00 0.000000e+00 0.000000e+00 0.000000e+00 0.000000e+00
 0.000000e+00 0.000000e+00 0.000000e+00 0.000000e+00 0.000000e+00 0.000000e+00 0.000000e+00 0.000000e+00 0.000000e+00 0.000000e+00 3.750000e-01 6.250000e-01 0.000000e+00 0.000000e+00 0.000000e+00 0.000000e+00 0.000000e+00 0.000000e+00 0.000000e+00 0.000000e+00 0.000000e+00 0.000000e+00 0.000000e+00 0.000000e+00 0.000000e+00 0.000000e+00 0.000000e+00 0.000000e+00 0.000000e+00 0.000000e+00 0.000000e+00 0.000000e+00 0.000000e+00 0.000000e+00 0.000000e+00 0.000000e+00 0.000000e+00
 0.000000e+00 0.000000e+00 0.000000e+00 0.000000e+00 0.000000e+00 0.000000e+00 0.000000e+00 0.000000e+00 0.000000e+00 0.000000e+00 0.000000e+00 3.750000e-01 6.250000e-01 0.000000e+00 0.000000e+00 0.000000e+00 0.000000e+00 0.000000e+00 0.000000e+00 0.000000e+00 0.000000e+00 0.000000e+00 0.000000e+00 0.000000e+00 0.000000e+00 0.000000e+00 0.000000e+00 0.000000e+00 0.000000e+00 0.000000e+00 0.000000e+00 0.000000e+00 0.000000e+00 0.000000e+00 0.000000e+00 0.000000e+00 0.000000e+00
 0.000000e+00 0.000000e+00 0.000000e+00 0.000000e+00 0.000000e+00 0.000000e+00 0.000000e+00 0.000000e+00 0.000000e+00 0.000000e+00 0.000000e+00 0.000000e+00 2.857143e-01 7.142857e-01 0.000000e+00 0.000000e+00 0.000000e+00 0.000000e+00 0.000000e+00 0.000000e+00 0.000000e+00 0.000000e+00 0.000000e+00 0.000000e+00 0.000000e+00 0.000000e+00 0.000000e+00 0.000000e+00 0.000000e+00 0.000000e+00 0.000000e+00 0.000000e+00 0.000000e+00 0.000000e+00 0.000000e+00 0.000000e+00 0.000000e+00
 0.000000e+00 0.000000e+00 0.000000e+00 0.000000e+00 0.000000e+00 0.000000e+00 0.000000e+00 0.000000e+00 0.000000e+00 0.000000e+00 0.000000e+00 0.000000e+00 0.000000e+00 1.666667e-01 8.333333e-01 0.000000e+00 0.000000e+00 0.000000e+00 0.000000e+00 0.000000e+00 0.000000e+00 0.000000e+00 0.000000e+00 0.000000e+00 0.000000e+00 0.000000e+00 0.000000e+00 0.000000e+00 0.000000e+00 0.000000e+00 0.000000e+00 0.000000e+00 0.000000e+00 0.000000e+00 0.000000e+00 0.000000e+00 0.000000e+00
 0.000000e+00 0.000000e+00 0.000000e+00 0.000000e+00 0.000000e+00 0.000000e+00 0.000000e+00 0.000000e+00 0.000000e+00 0.000000e+00 0.000000e+00 0.000000e+00 0.000000e+00 0.000000e+00 3.750000e-01 6.250000e-01 0.000000e+00 0.000000e+00 0.000000e+00 0.000000e+00 0.000000e+00 0.000000e+00 0.000000e+00 0.000000e+00 0.000000e+00 0.000000e+00 0.000000e+00 0.000000e+00 0.000000e+00 0.000000e+00 0.000000e+00 0.000000e+00 0.000000e+00 0.000000e+00 0.000000e+00 0.000000e+00 0.000000e+00
 0.000000e+00 0.000000e+00 0.000000e+00 0.000000e+00 0.000000e+00 0.000000e+00 0.000000e+00 0.000000e+00 0.000000e+00 0.000000e+00 0.000000e+00 0.000000e+00 0.000000e+00 0.000000e+00 0.000000e+00 0.000000e+00 1.000000e+00 0.000000e+00 0.000000e+00 0.000000e+00 0.000000e+00 0.000000e+00 0.000000e+00 0.000000e+00 0.000000e+00 0.000000e+00 0.000000e+00 0.000000e+00 0.000000e+00 0.000000e+00 0.000000e+00 0.000000e+00 0.000000e+00 0.000000e+00 0.000000e+00 0.000000e+00 0.000000e+00
 0.000000e+00 0.000000e+00 0.000000e+00 0.000000e+00 0.000000e+00 0.000000e+00 0.000000e+00 0.000000e+00 0.000000e+00 0.000000e+00 0.000000e+00 0.000000e+00 0.000000e+00 0.000000e+00 0.000000e+00 0.000000e+00 2.857143e-01 7.142857e-01 0.000000e+00 0.000000e+00 0.000000e+00 0.000000e+00 0.000000e+00 0.000000e+00 0.000000e+00 0.000000e+00 0.000000e+00 0.000000e+00 0.000000e+00 0.000000e+00 0.000000e+00 0.000000e+00 0.000000e+00 0.000000e+00 0.000000e+00 0.000000e+00 0.000000e+00
 0.000000e+00 0.000000e+00 0.000000e+00 0.000000e+00 0.000000e+00 0.000000e+00 0.000000e+00 0.000000e+00 0.000000e+00 0.000000e+00 0.000000e+00 0.000000e+00 0.000000e+00 0.000000e+00 0.000000e+00 0.000000e+00 0.000000e+00 2.857143e-01 7.142857e-01 0.000000e+00 0.000000e+00 0.000000e+00 0.000000e+00 0.000000e+00 0.000000e+00 0.000000e+00 0.000000e+00 0.000000e+00 0.000000e+00 0.000000e+00 0.000000e+00 0.000000e+00 0.000000e+00 0.000000e+00 0.000000e+00 0.000000e+00 0.000000e+00
 0.000000e+00 0.000000e+00 0.000000e+00 0.000000e+00 0.000000e+00 0.000000e+00 0.000000e+00 0.000000e+00 0.000000e+00 0.000000e+00 0.000000e+00 0.000000e+00 0.000000e+00 0.000000e+00 0.000000e+00 0.000000e+00 0.000000e+00 0.000000e+00 3.750000e-01 6.250000e-01 0.000000e+00 0.000000e+00 0.000000e+00 0.000000e+00 0.000000e+00 0.000000e+00 0.000000e+00 0.000000e+00 0.000000e+00 0.000000e+00 0.000000e+00 0.000000e+00 0.000000e+00 0.000000e+00 0.000000e+00 0.000000e+00 0.000000e+00
 0.000000e+00 0.000000e+00 0.000000e+00 0.000000e+00 0.000000e+00 0.000000e+00 0.000000e+00 0.000000e+00 0.000000e+00 0.000000e+00 0.000000e+00 0.000000e+00 0.000000e+00 0.000000e+00 0.000000e+00 0.000000e+00 0.000000e+00 0.000000e+00 0.000000e+00 2.857143e-01 7.142857e-01 0.000000e+00 0.000000e+00 0.000000e+00 0.000000e+00 0.000000e+00 0.000000e+00 0.000000e+00 0.000000e+00 0.000000e+00 0.000000e+00 0.000000e+00 0.000000e+00 0.000000e+00 0.000000e+00 0.000000e+00 0.000000e+00
 0.000000e+00 0.000000e+00 0.000000e+00 0.000000e+00 0.000000e+00 0.000000e+00 0.000000e+00 0.000000e+00 0.000000e+00 0.000000e+00 0.000000e+00 0.000000e+00 0.000000e+00 0.000000e+00 0.000000e+00 0.000000e+00 0.000000e+00 0.000000e+00 0.000000e+00 0.000000e+00 3.750000e-01 6.250000e-01 0.000000e+00 0.000000e+00 0.000000e+00 0.000000e+00 0.000000e+00 0.000000e+00 0.000000e+00 0.000000e+00 0.000000e+00 0.000000e+00 0.000000e+00 0.000000e+00 0.000000e+00 0.000000e+00 0.000000e+00
 0.000000e+00 0.000000e+00 0.000000e+00 0.000000e+00 0.000000e+00 0.000000e+00 0.000000e+00 0.000000e+00 0.000000e+00 0.000000e+00 0.000000e+00 0.000000e+00 0.000000e+00 0.000000e+00 0.000000e+00 0.000000e+00 0.000000e+00 0.000000e+00 0.000000e+00 0.000000e+00 0.000000e+00 2.857143e-01 7.142857e-01 0.000000e+00 0.000000e+00 0.000000e+00 0.000000e+00 0.000000e+00 0.000000e+00 0.000000e+00 0.000000e+00 0.000000e+00 0.000000e+00 0.000000e+00 0.000000e+00 0.000000e+00 0.000000e+00
 0.000000e+00 0.000000e+00 0.000000e+00 0.000000e+00 0.000000e+00 0.000000e+00 0.000000e+00 0.000000e+00 0.000000e+00 0.000000e+00 0.000000e+00 0.000000e+00 0.000000e+00 0.000000e+00 0.000000e+00 0.000000e+00 0.000000e+00 0.000000e+00 0.000000e+00 0.000000e+00 0.000000e+00 0.000000e+00 1.666667e-01 8.333333e-01 0.000000e+00 0.000000e+00 0.000000e+00 0.000000e+00 0.000000e+00 0.000000e+00 0.000000e+00 0.000000e+00 0.000000e+00 0.000000e+00 0.000000e+00 0.000000e+00 0.000000e+00
 0.000000e+00 0.000000e+00 0.000000e+00 0.000000e+00 0.000000e+00 0.000000e+00 0.000000e+00 0.000000e+00 0.000000e+00 0.000000e+00 0.000000e+00 0.000000e+00 0.000000e+00 0.000000e+00 0.000000e+00 0.000000e+00 0.000000e+00 0.000000e+00 0.000000e+00 0.000000e+00 0.000000e+00 0.000000e+00 0.000000e+00 2.857143e-01 7.142857e-01 0.000000e+00 0.000000e+00 0.000000e+00 0.000000e+00 0.000000e+00 0.000000e+00 0.000000e+00 0.000000e+00 0.000000e+00 0.000000e+00 0.000000e+00 0.000000e+00
 0.000000e+00 0.000000e+00 0.000000e+00 0.000000e+00 0.000000e+00 0.000000e+00 0.000000e+00 0.000000e+00 0.000000e+00 0.000000e+00 0.000000e+00 0.000000e+00 0.000000e+00 0.000000e+00 0.000000e+00 0.000000e+00 0.000000e+00 0.000000e+00 0.000000e+00 0.000000e+00 0.000000e+00 0.000000e+00 0.000000e+00 0.000000e+00 2.857143e-01 7.142857e-01 0.000000e+00 0.000000e+00 0.000000e+00 0.000000e+00 0.000000e+00 0.000000e+00 0.000000e+00 0.000000e+00 0.000000e+00 0.000000e+00 0.000000e+00
 0.000000e+00 0.000000e+00 0.000000e+00 0.000000e+00 0.000000e+00 0.000000e+00 0.000000e+00 0.000000e+00 0.000000e+00 0.000000e+00 0.000000e+00 0.000000e+00 0.000000e+00 0.000000e+00 0.000000e+00 0.000000e+00 0.000000e+00 0.000000e+00 0.000000e+00 0.000000e+00 0.000000e+00 0.000000e+00 0.000000e+00 0.000000e+00 0.000000e+00 1.666667e-01 8.333333e-01 0.000000e+00 0.000000e+00 0.000000e+00 0.000000e+00 0.000000e+00 0.000000e+00 0.000000e+00 0.000000e+00 0.000000e+00 0.000000e+00
 0.000000e+00 0.000000e+00 0.000000e+00 0.000000e+00 0.000000e+00 0.000000e+00 0.000000e+00 0.000000e+00 0.000000e+00 0.000000e+00 0.000000e+00 0.000000e+00 0.000000e+00 0.000000e+00 0.000000e+00 0.000000e+00 0.000000e+00 0.000000e+00 0.000000e+00 0.000000e+00 0.000000e+00 0.000000e+00 0.000000e+00 0.000000e+00 0.000000e+00 0.000000e+00 5.000000e-01 5.000000e-01 0.000000e+00 0.000000e+00 0.000000e+00 0.000000e+00 0.000000e+00 0.000000e+00 0.000000e+00 0.000000e+00 0.000000e+00
 0.000000e+00 0.000000e+00 0.000000e+00 0.000000e+00 0.000000e+00 0.000000e+00 0.000000e+00 0.000000e+00 0.000000e+00 0.000000e+00 0.000000e+00 0.000000e+00 0.000000e+00 0.000000e+00 0.000000e+00 0.000000e+00 0.000000e+00 0.000000e+00 0.000000e+00 0.000000e+00 0.000000e+00 0.000000e+00 0.000000e+00 0.000000e+00 0.000000e+00 0.000000e+00 0.000000e+00 1.666667e-01 8.333333e-01 0.000000e+00 0.000000e+00 0.000000e+00 0.000000e+00 0.000000e+00 0.000000e+00 0.000000e+00 0.000000e+00
 0.000000e+00 0.000000e+00 0.000000e+00 0.000000e+00 0.000000e+00 0.000000e+00 0.000000e+00 0.000000e+00 0.000000e+00 0.000000e+00 0.000000e+00 0.000000e+00 0.000000e+00 0.000000e+00 0.000000e+00 0.000000e+00 0.000000e+00 0.000000e+00 0.000000e+00 0.000000e+00 0.000000e+00 0.000000e+00 0.000000e+00 0.000000e+00 0.000000e+00 0.000000e+00 0.000000e+00 0.000000e+00 3.750000e-01 6.250000e-01 0.000000e+00 0.000000e+00 0.000000e+00 0.000000e+00 0.000000e+00 0.000000e+00 0.000000e+00
 0.000000e+00 0.000000e+00 0.000000e+00 0.000000e+00 0.000000e+00 0.000000e+00 0.000000e+00 0.000000e+00 0.000000e+00 0.000000e+00 0.000000e+00 0.000000e+00 0.000000e+00 0.000000e+00 0.000000e+00 0.000000e+00 0.000000e+00 0.000000e+00 0.000000e+00 0.000000e+00 0.000000e+00 0.000000e+00 0.000000e+00 0.000000e+00 0.000000e+00 0.000000e+00 0.000000e+00 0.000000e+00 0.000000e+00 1.666667e-01 8.333333e-01 0.000000e+00 0.000000e+00 0.000000e+00 0.000000e+00 0.000000e+00 0.000000e+00
 0.000000e+00 0.000000e+00 0.000000e+00 0.000000e+00 0.000000e+00 0.000000e+00 0.000000e+00 0.000000e+00 0.000000e+00 0.000000e+00 0.000000e+00 0.000000e+00 0.000000e+00 0.000000e+00 0.000000e+00 0.000000e+00 0.000000e+00 0.000000e+00 0.000000e+00 0.000000e+00 0.000000e+00 0.000000e+00 0.000000e+00 0.000000e+00 0.000000e+00 0.000000e+00 0.000000e+00 0.000000e+00 0.000000e+00 0.000000e+00 1.666667e-01 8.333333e-01 0.000000e+00 0.000000e+00 0.000000e+00 0.000000e+00 0.000000e+00
 0.000000e+00 0.000000e+00 0.000000e+00 0.000000e+00 0.000000e+00 0.000000e+00 0.000000e+00 0.000000e+00 0.000000e+00 0.000000e+00 0.000000e+00 0.000000e+00 0.000000e+00 0.000000e+00 0.000000e+00 0.000000e+00 0.000000e+00 0.000000e+00 0.000000e+00 0.000000e+00 0.000000e+00 0.000000e+00 0.000000e+00 0.000000e+00 0.000000e+00 0.000000e+00 0.000000e+00 0.000000e+00 0.000000e+00 0.000000e+00 0.000000e+00 3.750000e-01 6.250000e-01 0.000000e+00 0.000000e+00 0.000000e+00 0.000000e+00
 0.000000e+00 0.000000e+00 0.000000e+00 0.000000e+00 0.000000e+00 0.000000e+00 0.000000e+00 0.000000e+00 0.000000e+00 0.000000e+00 0.000000e+00 0.000000e+00 0.000000e+00 0.000000e+00 0.000000e+00 0.000000e+00 0.000000e+00 0.000000e+00 0.000000e+00 0.000000e+00 0.000000e+00 0.000000e+00 0.000000e+00 0.000000e+00 0.000000e+00 0.000000e+00 0.000000e+00 0.000000e+00 0.000000e+00 0.000000e+00 0.000000e+00 0.000000e+00 2.857143e-01 7.142857e-01 0.000000e+00 0.000000e+00 0.000000e+00
 0.000000e+00 0.000000e+00 0.000000e+00 0.000000e+00 0.000000e+00 0.000000e+00 0.000000e+00 0.000000e+00 0.000000e+00 0.000000e+00 0.000000e+00 0.000000e+00 0.000000e+00 0.000000e+00 0.000000e+00 0.000000e+00 0.000000e+00 0.000000e+00 0.000000e+00 0.000000e+00 0.000000e+00 0.000000e+00 0.000000e+00 0.000000e+00 0.000000e+00 0.000000e+00 0.000000e+00 0.000000e+00 0.000000e+00 0.000000e+00 0.000000e+00 0.000000e+00 0.000000e+00 3.750000e-01 6.250000e-01 0.000000e+00 0.000000e+00
 0.000000e+00 0.000000e+00 0.000000e+00 0.000000e+00 0.000000e+00 0.000000e+00 0.000000e+00 0.000000e+00 0.000000e+00 0.000000e+00 0.000000e+00 0.000000e+00 0.000000e+00 0.000000e+00 0.000000e+00 0.000000e+00 0.000000e+00 0.000000e+00 0.000000e+00 0.000000e+00 0.000000e+00 0.000000e+00 0.000000e+00 0.000000e+00 0.000000e+00 0.000000e+00 0.000000e+00 0.000000e+00 0.000000e+00 0.000000e+00 0.000000e+00 0.000000e+00 0.000000e+00 0.000000e+00 1.666667e-01 8.333333e-01 0.000000e+00
 0.000000e+00 0.000000e+00 0.000000e+00 0.000000e+00 0.000000e+00 0.000000e+00 0.000000e+00 0.000000e+00 0.000000e+00 0.000000e+00 0.000000e+00 0.000000e+00 0.000000e+00 0.000000e+00 0.000000e+00 0.000000e+00 0.000000e+00 0.000000e+00 0.000000e+00 0.000000e+00 0.000000e+00 0.000000e+00 0.000000e+00 0.000000e+00 0.000000e+00 0.000000e+00 0.000000e+00 0.000000e+00 0.000000e+00 0.000000e+00 0.000000e+00 0.000000e+00 0.000000e+00 0.000000e+00 0.000000e+00 0.000000e+00 1.000000e+00
 0.000000e+00 0.000000e+00 0.000000e+00 0.000000e+00 0.000000e+00 0.000000e+00 0.000000e+00 0.000000e+00 0.000000e+00 0.000000e+00 0.000000e+00 0.000000e+00 0.000000e+00 0.000000e+00 0.000000e+00 0.000000e+00 0.000000e+00 0.000000e+00 0.000000e+00 0.000000e+00 0.000000e+00 0.000000e+00 0.000000e+00 0.000000e+00 0.000000e+00 0.000000e+00 0.000000e+00 0.000000e+00 0.000000e+00 0.000000e+00 0.000000e+00 0.000000e+00 0.000000e+00 0.000000e+00 0.000000e+00 0.000000e+00 0.000000e+00
<ENDHMM>
