~o
<STREAMINFO> 1 39
<VECSIZE> 39<NULLD><MFCC_E_D_A><DIAGC>
~h "D~ung"
<BEGINHMM>
<NUMSTATES> 25
<STATE> 2
<MEAN> 39
 -7.329758e+00 -7.991255e+00 -1.764821e+00 -1.284624e+00 2.365914e+00 -3.292926e+00 1.215008e+00 -1.292149e+00 1.894534e-01 -4.040274e+00 2.485629e+00 -9.575989e-01 -4.371469e-03 6.484809e-01 1.352430e-01 -4.368084e-01 -9.192210e-01 -9.860818e-01 -7.169565e-01 2.656117e-02 3.087720e-02 -2.211377e-01 -4.933370e-01 -6.949865e-01 -3.916925e-03 1.893681e-02 6.749489e-01 2.420412e-02 -2.510050e-01 -3.805933e-01 -4.522905e-01 -6.147147e-01 -1.109496e-01 -6.907213e-02 -8.642876e-02 -2.040485e-01 -3.861279e-01 -2.698683e-01 2.581391e-02
<VARIANCE> 39
 1.187295e+01 1.071645e+01 7.729777e+00 5.746163e+00 4.440915e+00 5.422191e+00 1.269701e+01 1.052211e+01 1.371731e+01 1.274342e+01 9.584902e+00 6.828385e+00 1.000000e-02 2.063370e+00 1.203063e+00 1.025088e+00 9.460095e-01 1.076902e+00 1.106628e+00 1.629117e+00 1.033183e+00 2.348123e+00 1.853840e+00 1.253945e+00 9.582865e-01 1.000000e-02 4.280365e-01 2.140317e-01 2.844098e-01 1.170502e-01 2.937004e-01 1.901393e-01 1.841059e-01 2.026844e-01 5.289151e-01 3.293607e-01 2.465218e-01 1.942021e-01 1.000000e-02
<GCONST> 7.039874e+01
<STATE> 3
<MEAN> 39
 -3.237232e-01 -6.066608e+00 -4.075950e+00 -7.601301e+00 -4.439991e+00 -9.106661e+00 -4.452890e-01 -9.118460e-01 -2.766474e-01 -5.721219e+00 -1.840677e+00 -2.537599e+00 2.251289e-01 3.485067e+00 6.621151e-02 -2.076270e+00 -1.700600e+00 -2.730822e+00 -3.691561e+00 -3.264557e-01 2.320806e-01 -8.134239e-01 -2.005774e+00 -2.608006e+00 -1.324009e+00 1.602160e-01 -2.882574e-01 -2.711565e-01 2.617914e-01 6.212938e-02 4.634516e-01 -1.338999e-01 -1.403734e-01 -2.347343e-01 -2.757737e-01 -3.866187e-01 -3.606107e-01 -3.658305e-01 2.268166e-02
<VARIANCE> 39
 1.827400e+01 3.982022e+00 3.680951e+00 8.698192e+00 3.874701e+00 4.635472e+00 4.404600e+00 4.444838e+00 1.494183e+01 1.024945e+01 5.473705e+00 3.943619e+00 3.519669e-02 1.069234e+00 8.522183e-01 6.872548e-01 4.538406e-01 1.559107e+00 1.022503e+00 6.678166e-01 1.140909e+00 1.720398e+00 1.037980e+00 9.194695e-01 9.617018e-01 1.000000e-02 5.432305e-01 3.961881e-01 3.260671e-01 1.503015e-01 3.471593e-01 2.273265e-01 5.009505e-01 2.073450e-01 2.701014e-01 8.270086e-02 2.271483e-01 1.552816e-01 1.000000e-02
<GCONST> 6.373096e+01
<STATE> 4
<MEAN> 39
 6.602243e+00 -9.231384e+00 -8.625622e+00 -8.502041e+00 -7.981292e+00 -1.869203e+01 -4.809439e-01 -1.072287e+00 -3.191427e+00 -1.194047e+01 -8.000653e+00 -5.826271e+00 6.089647e-01 -1.759150e-01 -6.121448e-01 4.582592e-01 -1.258427e+00 -9.373874e-02 -1.739444e+00 -9.168333e-01 -7.624468e-01 -8.609719e-01 -1.884781e+00 -2.389236e+00 -1.559368e+00 1.213860e-01 -1.305293e+00 -7.676876e-01 9.667418e-01 2.493975e-01 2.459964e-01 1.666749e+00 -8.627443e-01 4.036424e-01 6.863058e-01 7.704734e-01 9.989462e-01 6.025802e-01 -2.812638e-02
<VARIANCE> 39
 1.930423e+01 1.456154e+01 3.097800e+00 8.418282e+00 1.255860e+01 2.744682e+01 1.042010e+01 6.850138e+00 1.625385e+01 6.903980e+00 1.307362e+01 8.732912e+00 1.016763e-02 3.949181e+00 4.572937e+00 2.300827e+00 1.788224e+00 2.686583e+00 3.104440e+00 2.955045e+00 2.532237e+00 1.090141e+00 9.767429e-01 2.120963e+00 7.841524e-01 1.000000e-02 1.998016e-01 2.440595e-01 3.092947e-01 3.690965e-01 6.089160e-01 3.740453e-01 2.084706e-01 4.721009e-01 4.023404e-01 2.724931e-01 3.941467e-01 2.392834e-01 1.000000e-02
<GCONST> 8.179964e+01
<STATE> 5
<MEAN> 39
 -6.374414e-01 -7.979643e+00 -2.423380e+00 -1.324272e+01 -5.037263e+00 -1.414877e+01 -4.491765e+00 -3.564081e+00 -3.717638e+00 -1.267662e+01 -1.171215e+01 -8.187079e+00 7.144288e-01 -1.200356e+00 -3.004030e+00 1.316135e+00 -6.131119e-01 -2.130473e+00 2.578770e+00 -3.738744e+00 1.612357e+00 1.960312e+00 7.541139e-01 1.060781e+00 9.985857e-01 6.541272e-02 1.252335e-01 -7.601132e-01 -1.198117e+00 3.016661e-01 -6.049226e-02 6.129729e-01 1.689880e-01 1.127230e+00 9.894062e-01 1.677694e+00 6.174453e-01 5.372193e-01 -1.404240e-02
<VARIANCE> 39
 5.384031e+01 5.793030e+01 1.781116e+01 2.450203e+01 3.867841e+01 4.094868e+01 3.388314e+01 2.633651e+01 9.288493e+00 2.744952e+01 1.109479e+01 8.795262e+00 1.000000e-02 1.137444e+00 2.388697e+00 2.531174e+00 2.695142e+00 2.705966e+00 3.078325e+00 1.736233e+00 1.610871e+00 1.863632e+00 2.236917e+00 2.480008e+00 1.223492e+00 1.000000e-02 9.886714e-01 1.406819e+00 4.374660e-01 3.648824e-01 6.850799e-01 9.319603e-01 7.150953e-01 8.970910e-01 2.249266e-01 5.524845e-01 3.660280e-01 3.187665e-01 1.000000e-02
<GCONST> 9.824315e+01
<STATE> 6
<MEAN> 39
 1.874056e+00 -1.998066e+01 -6.166290e+00 -1.091509e+01 -1.418749e+01 -1.124713e+01 -1.279334e+01 6.836648e+00 3.552243e+00 -7.853843e+00 -4.079551e+00 -2.347895e+00 8.651469e-01 -4.556767e-01 -2.650440e+00 -3.907327e+00 -5.258419e-01 5.010869e-01 8.673086e-01 1.718482e-01 3.128568e+00 2.413775e+00 4.656535e+00 -6.013704e-01 2.462536e-02 5.872528e-02 4.518072e-02 1.050080e+00 -1.078524e+00 -3.246847e-01 1.608685e+00 -1.822856e-01 1.622195e+00 -1.113676e+00 -2.406985e-01 1.061916e+00 -7.800885e-01 -1.020382e+00 -7.716414e-03
<VARIANCE> 39
 1.822964e+01 2.075036e+01 4.233984e+01 2.097790e+01 2.212850e+01 4.068894e+01 6.472403e+01 3.199458e+01 2.685707e+01 3.592628e+01 1.710603e+01 2.203255e+01 1.000000e-02 3.275782e+00 5.544073e+00 1.771790e+00 1.224925e+00 3.836385e+00 2.922196e+00 4.486097e+00 5.485398e+00 1.487497e+00 3.213078e+00 2.447620e+00 2.857731e+00 1.000000e-02 1.343183e-01 4.172859e-01 7.521992e-01 5.149783e-01 6.975026e-01 7.934303e-01 5.616138e-01 1.139598e+00 2.627109e-01 7.981927e-01 3.785048e-01 6.765718e-01 1.000000e-02
<GCONST> 1.028404e+02
<STATE> 7
<MEAN> 39
 3.395716e-01 -2.045262e+01 -1.664157e+01 -1.314970e+01 -4.436654e+00 -1.092951e+01 -3.440153e+00 6.841634e+00 4.659062e+00 2.733597e+00 -1.373904e+01 -9.720913e+00 9.585109e-01 -7.933878e-01 5.303552e-01 -3.106190e+00 -1.899418e+00 4.182002e+00 1.759589e+00 2.433233e+00 -2.365288e+00 1.170120e+00 4.684688e+00 -9.701445e-01 -3.527774e+00 3.679622e-02 1.630214e-02 1.117756e+00 1.007125e+00 -4.626752e-01 4.302903e-01 5.204649e-01 -9.609181e-02 -1.565207e+00 -8.893053e-01 -7.095581e-01 8.327259e-01 2.167608e-01 -1.386802e-02
<VARIANCE> 39
 1.558661e+01 9.690865e-01 1.591354e+01 1.468500e+01 1.313792e+01 2.163519e+01 5.494198e+01 2.252036e+01 2.652586e+01 1.434630e+01 5.075838e+00 1.449785e+01 1.000000e-02 1.029768e+00 2.032880e+00 1.352239e+00 1.287642e+00 1.504290e+00 3.639538e+00 2.695054e+00 2.744910e+00 7.436668e-01 4.877868e+00 4.701771e+00 5.338334e+00 1.000000e-02 3.108797e-01 4.628336e-01 1.665192e-01 1.417318e-01 4.645739e-01 2.460345e-01 9.220580e-01 8.463036e-01 4.315736e-01 7.587236e-01 9.023782e-01 4.965958e-01 1.000000e-02
<GCONST> 8.852615e+01
<STATE> 8
<MEAN> 39
 -1.834223e+00 -1.771749e+01 -1.759959e+01 -1.747230e+01 1.538267e-01 -5.606475e+00 -4.047381e+00 8.820150e-01 7.805982e+00 1.001541e+01 -9.479287e+00 -1.258849e+01 9.930495e-01 -4.754563e-02 1.048950e+00 -7.915580e-01 -1.941182e+00 2.403171e+00 2.904806e+00 5.206435e-01 -2.568599e+00 -7.568526e-01 2.766179e+00 8.926363e-01 2.797313e-01 1.012866e-02 3.780060e-01 -4.207994e-02 8.426935e-01 7.304051e-03 -1.078927e+00 5.730190e-01 -8.523406e-01 2.210751e-01 -1.236637e+00 -1.656057e+00 4.603766e-01 1.476811e+00 -1.488775e-02
<VARIANCE> 39
 5.714100e+00 9.820077e-01 1.706503e+01 6.332796e+00 6.075854e+00 2.334722e+01 1.947610e+01 9.403457e+00 2.352396e+01 2.767636e+01 3.175270e+01 5.323745e+01 1.000000e-02 3.871779e-01 9.237868e-02 6.914247e-01 7.939665e-01 2.398952e+00 1.712256e+00 4.008203e+00 1.119834e+00 2.991183e+00 3.972448e+00 6.166762e+00 2.478050e+00 1.000000e-02 1.704352e-01 2.289581e-01 1.776876e-01 1.709054e-01 2.308592e-01 4.669385e-01 5.516601e-01 7.215999e-01 4.639753e-01 6.090910e-01 5.146503e-01 4.835848e-01 1.000000e-02
<GCONST> 7.999014e+01
<STATE> 9
<MEAN> 39
 -8.058130e-01 -1.624948e+01 -1.820582e+01 -2.263063e+01 1.457888e+00 1.089845e+00 -6.605119e+00 -3.402826e+00 2.476828e+00 1.284159e+01 -8.917744e+00 -3.349883e+00 9.850539e-01 4.816372e-01 4.053222e-01 -5.056376e-01 -1.522901e+00 -3.465761e-01 3.163148e+00 -1.281949e+00 1.492862e-01 -3.154980e+00 -1.974152e+00 1.049829e+00 2.775499e+00 -1.289852e-02 1.107083e-01 -2.328213e-01 3.209885e-01 4.599004e-01 -8.688321e-01 -2.770013e-01 -2.091075e-01 1.689752e+00 -2.080417e-01 -1.454279e+00 9.620343e-03 1.673114e-01 -6.941183e-03
<VARIANCE> 39
 1.588997e+00 2.157304e+00 6.974403e+00 9.483847e+00 6.189218e+00 1.924185e+01 1.568217e+01 5.628966e+00 1.720662e+01 1.724269e+01 3.125227e+01 5.588266e+01 1.000000e-02 1.718069e-01 1.749283e-01 1.035419e+00 2.937362e-01 5.446082e-01 2.932280e-01 1.839396e+00 3.609426e+00 1.740768e+00 4.439644e+00 5.475119e-01 6.466046e-01 1.000000e-02 3.482661e-02 4.485011e-02 5.123898e-02 1.253236e-01 3.506710e-01 3.296404e-01 8.468602e-01 2.619574e-01 6.481477e-01 5.204170e-01 8.056189e-01 5.267109e-01 1.000000e-02
<GCONST> 6.495645e+01
<STATE> 10
<MEAN> 39
 9.263180e-01 -1.693548e+01 -1.787609e+01 -2.276344e+01 -5.715330e-01 7.567750e+00 -7.312025e+00 3.053709e+00 -5.288574e+00 1.135473e+00 -5.495748e+00 -1.492952e+00 9.299334e-01 7.743461e-01 -3.014812e-01 8.004091e-01 3.097371e-02 -2.355805e+00 1.112841e+00 -9.688857e-02 3.643874e+00 -1.305705e+00 -2.814120e+00 1.718096e-01 1.711277e+00 -1.986301e-02 1.591745e-01 -2.160005e-01 3.007107e-01 3.287651e-01 -7.817657e-01 -1.165433e+00 4.658024e-01 1.562614e-01 1.475102e+00 3.930476e-01 -3.604665e-01 -6.825672e-01 4.630121e-04
<VARIANCE> 39
 3.163062e+00 5.148325e+00 2.898743e+00 1.287174e+01 1.896902e+01 1.088049e+01 4.070003e+01 2.458880e+01 6.237368e+00 2.769022e+01 2.099941e+01 7.120856e+01 1.000000e-02 6.411836e-02 7.923639e-01 8.605621e-01 6.319450e-01 3.476800e+00 2.485045e+00 2.509900e+00 4.136397e+00 1.998882e+00 1.171066e+00 3.188792e+00 1.760097e+00 1.000000e-02 1.957026e-02 6.137407e-02 2.022789e-01 6.047454e-02 2.915666e-01 1.469241e-01 2.980146e-01 5.674413e-01 1.877190e-01 4.079671e-01 2.444717e-01 3.334310e-01 1.000000e-02
<GCONST> 7.132230e+01
<STATE> 11
<MEAN> 39
 2.653433e+00 -1.736641e+01 -1.609775e+01 -2.290323e+01 -8.974399e+00 6.580139e+00 -6.342659e+00 1.095145e+01 -3.612040e+00 -1.676451e+00 -5.639235e+00 8.481822e-01 8.972406e-01 9.147289e-01 -6.080803e-01 1.441130e+00 -1.707020e-01 -2.902170e+00 -1.780449e+00 6.610812e-01 8.841070e-01 2.613586e+00 -1.323355e+00 3.826188e-02 -4.196917e-01 -1.647858e-02 1.289899e-01 6.414427e-02 2.791478e-01 4.093990e-01 7.755379e-01 -1.022812e+00 -1.604095e-01 -2.211001e+00 3.406422e-01 2.350558e-01 -1.193686e-02 -7.054954e-01 -5.427749e-03
<VARIANCE> 39
 3.845724e+00 1.586050e+01 4.234410e+00 3.116334e+01 4.070520e+01 2.913109e+01 5.502047e+01 3.058185e+01 1.631685e+01 9.375192e+00 5.712284e+00 1.913131e+01 1.000000e-02 1.684019e-01 2.134893e-01 4.668572e-01 1.048242e+00 1.349378e+00 2.482069e+00 4.455090e-01 4.451623e+00 1.256053e+00 2.280306e+00 2.264889e+00 2.432642e+00 1.000000e-02 1.610400e-02 2.163734e-01 6.221043e-02 3.968508e-01 7.808086e-01 6.622233e-01 4.599129e-01 5.596659e-01 8.545761e-01 1.150084e-01 4.070821e-01 1.496343e-01 1.000000e-02
<GCONST> 7.520175e+01
<STATE> 12
<MEAN> 39
 5.040153e+00 -1.867346e+01 -1.187291e+01 -2.232674e+01 -1.259781e+01 1.309608e+00 -6.020818e+00 6.909082e+00 4.058482e+00 -3.571360e+00 -5.153087e+00 -1.330440e+00 8.499020e-01 1.338572e+00 1.543032e-01 1.630626e+00 2.088284e+00 5.196530e-01 -3.001496e+00 -7.770679e-01 -4.633347e+00 -3.696224e-03 -1.814747e+00 1.281002e-01 -1.130801e+00 -4.232720e-02 -7.662285e-02 3.124890e-01 -3.658559e-01 2.975321e-01 1.290535e+00 1.084908e-01 -5.845173e-01 -9.322290e-01 -1.462064e+00 -2.606233e-01 1.994087e-02 5.738639e-02 -3.688939e-03
<VARIANCE> 39
 6.150950e+00 2.898220e+00 9.510843e+00 3.144314e+01 2.963875e+01 2.931762e+01 2.853112e+01 5.490524e+01 1.035024e+01 4.744733e+00 1.284800e+01 1.431857e+01 1.000000e-02 1.202685e-01 8.504952e-01 5.389374e-01 1.457974e+00 2.838730e+00 1.929010e+00 2.128384e+00 1.809513e+00 2.893900e+00 1.523466e+00 7.135504e-01 4.136335e-01 1.000000e-02 6.247562e-02 2.923985e-02 1.145868e-01 3.637829e-01 2.243712e-01 4.925420e-01 2.060065e-01 1.019733e+00 1.329927e-01 4.863220e-01 2.932367e-01 1.212607e-01 1.000000e-02
<GCONST> 7.114601e+01
<STATE> 13
<MEAN> 39
 7.519414e+00 -1.707095e+01 -1.031996e+01 -1.723363e+01 -6.858804e+00 -5.604553e+00 -9.876261e+00 -5.776514e+00 -2.203628e+00 -9.308169e+00 -5.669135e+00 -2.977917e+00 7.284446e-01 5.809413e-01 4.319685e-01 2.157157e-01 8.954260e-01 2.184047e+00 -1.443301e+00 -1.757674e+00 -3.154795e+00 -2.597706e+00 -2.221107e+00 2.033091e-01 -6.771452e-01 -3.308743e-02 -4.516992e-01 1.115196e-02 -4.402851e-01 -7.979415e-01 9.441886e-02 8.943534e-01 -9.643272e-02 1.339096e+00 -1.506782e-01 1.319230e-01 4.701588e-02 1.863016e-01 1.101194e-02
<VARIANCE> 39
 3.033921e+00 3.256589e+00 1.331365e+01 1.978373e+01 9.536915e+00 1.260268e+01 2.695319e+01 1.582469e+01 8.557075e+00 9.323138e+00 3.830191e+00 9.103738e+00 1.000000e-02 4.237410e-01 3.400384e-01 6.834205e-01 1.740881e+00 1.021873e+00 1.630845e+00 1.596748e+00 3.273485e+00 2.567818e-01 1.179379e+00 1.252065e+00 6.722071e-01 1.000000e-02 4.190782e-02 6.678014e-02 1.806619e-01 2.809904e-01 3.116809e-01 2.623585e-01 5.172738e-01 2.329481e-01 2.711954e-01 2.034388e-01 1.581410e-01 1.102918e-01 1.000000e-02
<GCONST> 6.311021e+01
<STATE> 14
<MEAN> 39
 6.700604e+00 -1.675481e+01 -9.892309e+00 -1.922928e+01 -2.765322e+00 -4.358993e+00 -1.502313e+01 -4.460480e+00 -4.615549e+00 -1.290712e+01 -4.231363e+00 -4.307634e+00 7.087419e-01 -1.174726e-01 1.548622e-01 -3.909375e-02 -1.310302e-01 5.312188e-01 -1.131159e-01 -5.751077e-01 -1.580540e-01 -5.410033e-01 -8.526508e-01 2.577559e-01 -1.803444e-01 -6.040548e-03 -2.332402e-01 -2.554802e-01 1.292877e-01 -2.733177e-01 -7.783124e-01 1.792341e-01 5.456604e-01 3.798609e-01 5.390875e-01 7.672986e-01 9.415610e-03 9.134474e-02 2.754847e-03
<VARIANCE> 39
 4.358726e+00 1.919926e+00 3.983885e+00 2.592711e+01 1.915038e+01 9.453777e+00 3.766022e+01 1.632212e+01 1.589253e+01 9.369452e+00 9.829885e+00 1.170752e+01 1.000000e-02 1.751862e-01 2.425444e-01 6.347669e-01 1.789974e+00 2.189536e+00 1.003182e+00 1.695986e+00 5.230846e-01 1.304279e+00 1.281528e+00 5.192823e-01 1.159899e+00 1.000000e-02 6.711836e-02 5.848167e-02 1.045769e-01 4.097967e-01 2.078820e-01 3.467970e-01 1.905279e-01 5.143140e-01 4.832602e-02 3.339688e-01 1.536533e-01 1.105834e-01 1.000000e-02
<GCONST> 6.179111e+01
<STATE> 15
<MEAN> 39
 7.217681e+00 -1.679719e+01 -1.067143e+01 -1.788681e+01 -5.911102e+00 -5.237321e+00 -1.121343e+01 -7.184632e+00 -5.248295e+00 -1.265557e+01 -4.160970e+00 -4.295038e+00 7.101202e-01 -7.724221e-01 -5.953242e-01 1.013877e+00 -7.253745e-01 -6.509449e-01 -3.385537e-01 3.967711e-01 -6.881832e-01 4.359554e-02 1.320215e+00 2.847400e-01 -6.647366e-01 -1.483200e-02 -4.418813e-01 -1.119464e-01 5.645468e-01 -3.100774e-01 3.904833e-01 1.010793e-02 9.991130e-02 4.386178e-01 2.533567e-01 8.519397e-01 1.623574e-01 -2.761773e-01 -7.692396e-03
<VARIANCE> 39
 1.949748e+00 1.508098e+00 6.505379e+00 7.096026e+00 2.488000e+01 1.084624e+01 2.166317e+01 1.975959e+01 3.825703e+01 3.305364e+00 8.488906e+00 1.111262e+01 1.000000e-02 3.663493e-01 2.808954e-01 7.853888e-01 2.777149e+00 1.063344e+00 2.343684e+00 7.140504e-01 2.616506e+00 7.179772e-01 1.961849e+00 6.949045e-01 9.511526e-01 1.000000e-02 7.908104e-02 5.432628e-02 1.442617e-01 3.743317e-01 2.945723e-01 2.521524e-01 4.042393e-01 1.493914e-01 4.587880e-01 5.174248e-01 1.040881e-01 2.376278e-01 1.000000e-02
<GCONST> 6.487558e+01
<STATE> 16
<MEAN> 39
 3.864437e+00 -1.890049e+01 -5.736017e+00 -2.066917e+01 -5.339781e+00 -6.867237e+00 -1.091349e+01 -6.896247e+00 -5.651937e+00 -6.668433e+00 -3.169631e+00 -6.867676e+00 6.607214e-01 -1.764858e+00 -2.912058e-01 1.947347e+00 -1.890095e+00 1.495734e+00 5.586538e-02 1.000521e-01 1.497678e+00 4.593375e-01 1.976630e+00 6.859221e-01 -9.273210e-01 -3.692235e-02 2.317486e-01 5.650010e-01 -6.204286e-01 7.912709e-01 5.241899e-01 6.206654e-02 2.833056e-01 4.361245e-01 4.841332e-01 -2.504994e-01 3.961143e-02 2.967891e-01 -1.366747e-02
<VARIANCE> 39
 6.572582e+00 4.195642e+00 1.061528e+01 2.285369e+01 2.375770e+01 1.233328e+01 4.833703e+01 3.742583e+01 4.106073e+01 1.729762e+01 8.307489e+00 1.413724e+01 1.000000e-02 3.630716e-01 4.981185e-01 7.468605e-01 1.343868e+00 1.212191e+00 1.460751e+00 1.620680e+00 1.941516e+00 2.548602e+00 2.688627e+00 2.493362e-01 1.509459e+00 1.000000e-02 1.390846e-01 9.103429e-02 2.930158e-01 1.160136e+00 2.018472e-01 4.783615e-01 3.276605e-01 6.502827e-01 3.002515e-01 4.767281e-01 1.071699e-01 2.461770e-01 1.000000e-02
<GCONST> 7.723016e+01
<STATE> 17
<MEAN> 39
 9.593824e-01 -1.778697e+01 -4.070635e+00 -2.321079e+01 -1.501504e+00 -5.120476e+00 -1.142147e+01 -2.779245e+00 -2.541038e+00 -4.030730e+00 -1.171876e+00 -7.147274e+00 5.409818e-01 1.925744e-01 1.732035e+00 -1.374465e+00 3.277242e+00 1.070972e+00 -3.919576e-01 2.041110e+00 6.470513e-01 1.814367e+00 1.127848e+00 6.116409e-01 4.781216e-01 -6.849443e-02 5.488960e-01 3.536003e-01 -9.871222e-01 1.528426e+00 -3.375007e-01 -1.997999e-02 7.860900e-01 -3.880941e-01 2.023022e-01 -3.318616e-01 -1.388348e-01 4.774347e-01 -4.718421e-03
<VARIANCE> 39
 2.629329e+00 4.001534e+00 7.096907e+00 3.899600e+01 1.245992e+01 1.854760e+01 4.261920e+01 3.986441e+01 1.442839e+01 3.314875e+01 1.395556e+01 2.080931e+01 1.030383e-02 4.941965e-01 7.250496e-01 1.352877e+00 4.443180e+00 6.505303e-01 1.066406e+00 3.775856e+00 2.156666e+00 1.231564e+00 2.540062e+00 7.575034e-01 9.562626e-01 1.000000e-02 9.325659e-02 2.265768e-01 5.203243e-01 8.683287e-01 1.198543e-01 3.457396e-01 4.952035e-01 4.450035e-01 2.650230e-01 7.202896e-01 1.152897e-01 4.476571e-01 1.000000e-02
<GCONST> 7.993944e+01
<STATE> 18
<MEAN> 39
 3.482049e+00 -1.179431e+01 -1.076238e+01 -9.295416e+00 3.256999e-01 -6.977127e+00 -2.971740e+00 -3.028582e+00 2.162523e+00 -3.529534e+00 -1.133582e+00 -4.692888e+00 3.709979e-01 6.744793e-02 5.630164e-01 -1.732879e+00 2.932634e+00 3.103956e-01 1.554273e-01 2.119694e+00 1.324884e-01 1.083123e+00 2.463953e-01 1.433408e-01 9.191459e-01 -5.090043e-02 -4.228686e-01 -5.272697e-01 4.520000e-01 -9.244451e-01 -3.631930e-01 1.039434e-01 -5.669708e-01 -4.550393e-02 -4.552005e-01 -1.416505e-01 1.055724e-01 1.876441e-01 4.003685e-03
<VARIANCE> 39
 2.491103e+00 5.208052e+00 1.020066e+01 1.141417e+01 3.960930e+00 8.982493e+00 2.182310e+01 9.719235e+00 9.549729e+00 1.396803e+01 2.482665e+01 9.344328e+00 1.000000e-02 7.177787e-01 1.217396e+00 2.715838e+00 5.067837e+00 1.021975e+00 1.699882e+00 3.306617e+00 1.417275e+00 5.486816e-01 1.910074e+00 1.311667e+00 2.017248e+00 1.000000e-02 3.728394e-02 1.159050e-01 1.937787e-01 7.644466e-01 1.494948e-01 1.451875e-01 4.685229e-01 2.920071e-01 5.975057e-02 2.871259e-01 2.237051e-01 2.369080e-01 1.000000e-02
<GCONST> 6.987867e+01
<STATE> 19
<MEAN> 39
 9.320719e-01 -1.398383e+01 -1.103093e+01 -7.580355e+00 3.575585e-01 -5.582860e+00 -6.544447e-01 -2.382756e+00 2.177715e+00 -1.831302e+00 6.090143e-01 -1.920324e+00 2.723228e-01 -1.121349e+00 1.619722e-01 4.873142e-01 1.621156e-01 -6.505954e-01 2.531494e-01 4.704405e-01 2.930945e-02 -2.053381e-01 5.318335e-01 8.821457e-01 1.140571e+00 -4.908540e-02 -1.325527e-01 2.226803e-01 6.462666e-01 -8.090916e-01 -2.251230e-01 -6.606264e-02 -4.098090e-01 2.470164e-02 -2.763685e-01 -4.094217e-02 -3.085406e-02 -4.245894e-01 5.006885e-03
<VARIANCE> 39
 1.083225e+01 8.458505e+00 2.195189e+01 1.317289e+01 6.676953e+00 1.027310e+01 1.001939e+01 5.507412e+00 7.697493e+00 1.007739e+01 1.800780e+01 1.306366e+01 1.267688e-02 2.314406e-01 2.239353e-01 7.378254e-01 1.767913e+00 7.197681e-01 6.255070e-01 9.388674e-01 8.064033e-01 1.069534e+00 1.589893e+00 1.186632e+00 9.455808e-01 1.000000e-02 1.289485e-01 1.410754e-01 4.765278e-01 4.762091e-01 2.546296e-01 5.052854e-01 2.129927e-01 1.800848e-01 1.137800e-01 2.108085e-01 4.004663e-01 2.706418e-01 1.000000e-02
<GCONST> 6.645625e+01
<STATE> 20
<MEAN> 39
 -2.904711e-01 -1.199118e+01 -1.084507e+01 -1.024475e+01 -2.479209e+00 -5.600618e+00 -9.329625e-01 -2.992263e+00 1.570497e+00 -2.246624e+00 1.448592e+00 -1.884370e+00 2.084955e-01 -8.979951e-01 1.171996e+00 1.157981e+00 -3.880965e-01 -4.085745e-01 -3.155836e-01 -1.209606e-01 4.498794e-01 -7.109273e-03 -1.133608e-01 2.491154e-01 -5.590890e-02 -3.830566e-02 1.239887e-01 8.082824e-02 3.488663e-01 2.810324e-01 2.755376e-01 -3.967336e-02 -2.165389e-02 5.488146e-02 -7.482726e-02 -1.824962e-01 -1.951881e-01 -3.007798e-01 5.893859e-03
<VARIANCE> 39
 7.740941e+00 2.229659e+00 8.341366e+00 8.740938e+00 7.175573e+00 1.104261e+01 1.099077e+01 1.491007e+01 8.905727e+00 1.294281e+01 1.254080e+01 9.831590e+00 1.000000e-02 2.887510e-01 6.326802e-01 8.222505e-01 1.006852e+00 1.546665e+00 2.969801e+00 7.422068e-01 1.568757e+00 6.114442e-01 6.353066e-01 1.562682e+00 5.869195e-01 1.000000e-02 8.157111e-02 1.191621e-01 1.810614e-01 4.730121e-01 2.435282e-01 1.633069e-01 1.040243e-01 2.087411e-01 1.138689e-01 2.392299e-01 2.807020e-01 1.852436e-01 1.000000e-02
<GCONST> 6.208340e+01
<STATE> 21
<MEAN> 39
 -2.666930e+00 -1.014750e+01 -6.651943e+00 -8.432139e+00 -1.870951e+00 -6.429144e+00 -2.187995e-01 -7.094313e-02 1.436385e+00 -1.775838e+00 1.943931e+00 -1.874144e+00 1.040045e-01 -5.217063e-01 1.431379e-01 8.714278e-01 5.331317e-01 3.384860e-01 4.130718e-01 3.624773e-01 3.083548e-01 -2.005682e-01 -1.553754e-01 1.358028e-02 -3.565520e-01 -2.213737e-02 1.095387e-01 -2.721292e-01 -1.600645e-01 3.474312e-01 3.446210e-01 1.262162e-01 -7.422228e-02 -2.443645e-01 1.036444e-01 1.690588e-01 1.184213e-01 -3.191735e-02 4.335352e-03
<VARIANCE> 39
 5.578254e+00 2.241328e+00 1.578327e+01 5.470485e+00 7.464849e+00 1.539143e+01 6.633069e+00 1.814317e+01 1.490019e+01 1.006281e+01 6.124932e+00 5.619199e+00 1.097210e-02 3.316108e-01 8.848804e-01 2.733624e+00 1.854596e+00 1.664861e+00 7.042693e-01 5.071838e-01 6.098756e-01 5.691926e-01 8.849226e-01 1.009169e+00 9.181628e-01 1.000000e-02 4.683629e-02 8.274905e-02 1.139406e-01 1.161062e-01 2.264545e-01 3.172176e-01 1.395400e-01 1.986337e-01 1.364920e-01 1.175002e-01 2.188489e-01 1.854151e-01 1.000000e-02
<GCONST> 5.820803e+01
<STATE> 22
<MEAN> 39
 -2.881515e+00 -1.045134e+01 -6.006609e+00 -7.450422e+00 -5.975019e-01 -3.895336e+00 -4.103791e-03 -2.882720e+00 3.289469e-01 -3.632975e+00 5.008917e-01 -2.928473e+00 9.409517e-02 -2.089618e-01 -1.542289e-03 3.502334e-01 1.268815e+00 8.408630e-01 9.052938e-02 -1.609820e-01 -5.500596e-01 5.738387e-02 7.731176e-01 7.945067e-01 -2.031467e-01 -1.376738e-02 2.053009e-03 -1.035861e-02 -1.499107e-01 -1.728870e-02 1.417153e-02 -1.432665e-01 -1.305120e-01 8.667520e-02 1.555648e-01 2.444964e-01 6.649750e-02 -3.621753e-02 2.312325e-03
<VARIANCE> 39
 3.836157e+00 9.079391e+00 1.973295e+01 9.791934e+00 2.602862e+01 1.362194e+01 5.872820e+00 1.802781e+01 7.933488e+00 1.330870e+01 8.563224e+00 7.340852e+00 1.537806e-02 1.832974e-01 3.616516e-01 1.180245e+00 6.917867e-01 1.283058e-01 6.994168e-01 7.327377e-01 1.190176e+00 1.043565e+00 8.784617e-01 8.068374e-01 9.444952e-01 1.000000e-02 8.806409e-02 2.490328e-01 7.554600e-01 3.948399e-01 2.473009e-01 1.366510e-01 5.048116e-02 1.010582e-01 1.877861e-01 2.563164e-01 3.092780e-01 2.324015e-01 1.000000e-02
<GCONST> 6.125524e+01
<STATE> 23
<MEAN> 39
 -3.760449e+00 -9.864986e+00 -3.810657e+00 -3.344146e+00 1.796693e+00 -5.270587e+00 -4.432942e-01 -1.644485e+00 2.402297e+00 1.385905e+00 5.073477e+00 -2.517776e+00 6.364585e-02 -6.205584e-01 6.879275e-02 5.708998e-01 5.235219e-01 4.828086e-01 6.482011e-02 -1.167791e-01 1.415238e-01 3.750452e-01 2.974374e-01 4.242744e-02 -5.872730e-01 -1.840571e-02 -1.299895e-01 -3.380390e-02 -2.603181e-01 -5.021169e-01 -1.943043e-01 1.720620e-01 1.351034e-01 -1.476031e-02 -1.775642e-01 -5.721932e-01 -4.936397e-01 -3.467184e-02 -5.285669e-03
<VARIANCE> 39
 4.746755e-01 3.979351e+00 1.111869e+01 4.551299e+00 6.205961e+00 6.842777e+00 5.863060e+00 6.854994e+00 7.340149e+00 8.201398e+00 7.198885e+00 9.371024e+00 1.000000e-02 5.756672e-01 4.928257e-01 1.345084e+00 1.434768e+00 9.537292e-01 1.102956e+00 5.804934e-01 7.326369e-01 8.664243e-01 2.031199e+00 1.459124e+00 1.436909e+00 1.000000e-02 6.265943e-02 1.194827e-01 3.131272e-01 1.225385e-01 5.899147e-02 2.854197e-01 9.561753e-02 1.277006e-01 1.259635e-01 1.000678e-01 1.107952e-01 3.027546e-01 1.000000e-02
<GCONST> 5.365885e+01
<STATE> 24
<MEAN> 39
 -5.902991e+00 -1.112840e+01 -5.142157e+00 -5.257691e+00 8.623936e-01 -4.618760e+00 -1.031980e+00 -4.295710e-01 3.879363e+00 -1.418083e+00 1.384905e+00 -4.870464e+00 -1.669482e-03 -7.215476e-01 -2.284715e-02 -2.533562e-01 -3.312893e-01 8.535769e-02 8.871065e-01 3.446794e-01 -4.631701e-01 -5.703721e-01 -1.202998e+00 -8.475760e-01 8.395158e-02 -3.030999e-02 2.780916e-01 1.628868e-01 2.785747e-02 -6.215766e-03 -2.982295e-01 -1.896342e-01 1.433367e-01 -6.672359e-02 -2.632127e-01 9.728125e-02 2.007478e-01 4.633421e-01 7.089505e-03
<VARIANCE> 39
 1.658273e+00 2.128573e+00 4.931921e+00 1.684423e+00 3.754776e+00 9.775243e+00 3.457556e+00 3.557139e+00 5.088474e+00 1.187237e+01 4.795063e+00 8.080462e+00 1.000000e-02 2.839634e-01 6.496550e-01 1.415693e+00 1.962044e-01 2.126762e-01 1.774348e+00 1.931975e-01 5.164414e-01 1.135045e+00 8.617186e-01 8.325062e-01 6.368020e-01 1.000000e-02 5.817711e-02 3.716981e-02 9.829104e-02 1.847767e-01 4.542218e-02 1.770766e-01 1.781454e-01 8.500414e-02 1.797665e-01 2.500702e-01 2.102774e-01 2.043764e-01 1.000000e-02
<GCONST> 4.279603e+01
<TRANSP> 25
 0.000000e+00 1.000000e+00 0.000000e+00 0.000000e+00 0.000000e+00 0.000000e+00 0.000000e+00 0.000000e+00 0.000000e+00 0.000000e+00 0.000000e+00 0.000000e+00 0.000000e+00 0.000000e+00 0.000000e+00 0.000000e+00 0.000000e+00 0.000000e+00 0.000000e+00 0.000000e+00 0.000000e+00 0.000000e+00 0.000000e+00 0.000000e+00 0.000000e+00
 0.000000e+00 7.500000e-01 2.500000e-01 0.000000e+00 0.000000e+00 0.000000e+00 0.000000e+00 0.000000e+00 0.000000e+00 0.000000e+00 0.000000e+00 0.000000e+00 0.000000e+00 0.000000e+00 0.000000e+00 0.000000e+00 0.000000e+00 0.000000e+00 0.000000e+00 0.000000e+00 0.000000e+00 0.000000e+00 0.000000e+00 0.000000e+00 0.000000e+00
 0.000000e+00 0.000000e+00 5.000000e-01 5.000000e-01 0.000000e+00 0.000000e+00 0.000000e+00 0.000000e+00 0.000000e+00 0.000000e+00 0.000000e+00 0.000000e+00 0.000000e+00 0.000000e+00 0.000000e+00 0.000000e+00 0.000000e+00 0.000000e+00 0.000000e+00 0.000000e+00 0.000000e+00 0.000000e+00 0.000000e+00 0.000000e+00 0.000000e+00
 0.000000e+00 0.000000e+00 0.000000e+00 5.000000e-01 5.000000e-01 0.000000e+00 0.000000e+00 0.000000e+00 0.000000e+00 0.000000e+00 0.000000e+00 0.000000e+00 0.000000e+00 0.000000e+00 0.000000e+00 0.000000e+00 0.000000e+00 0.000000e+00 0.000000e+00 0.000000e+00 0.000000e+00 0.000000e+00 0.000000e+00 0.000000e+00 0.000000e+00
 0.000000e+00 0.000000e+00 0.000000e+00 0.000000e+00 4.444444e-01 5.555556e-01 0.000000e+00 0.000000e+00 0.000000e+00 0.000000e+00 0.000000e+00 0.000000e+00 0.000000e+00 0.000000e+00 0.000000e+00 0.000000e+00 0.000000e+00 0.000000e+00 0.000000e+00 0.000000e+00 0.000000e+00 0.000000e+00 0.000000e+00 0.000000e+00 0.000000e+00
 0.000000e+00 0.000000e+00 0.000000e+00 0.000000e+00 0.000000e+00 5.454546e-01 4.545455e-01 0.000000e+00 0.000000e+00 0.000000e+00 0.000000e+00 0.000000e+00 0.000000e+00 0.000000e+00 0.000000e+00 0.000000e+00 0.000000e+00 0.000000e+00 0.000000e+00 0.000000e+00 0.000000e+00 0.000000e+00 0.000000e+00 0.000000e+00 0.000000e+00
 0.000000e+00 0.000000e+00 0.000000e+00 0.000000e+00 0.000000e+00 0.000000e+00 2.857143e-01 7.142857e-01 0.000000e+00 0.000000e+00 0.000000e+00 0.000000e+00 0.000000e+00 0.000000e+00 0.000000e+00 0.000000e+00 0.000000e+00 0.000000e+00 0.000000e+00 0.000000e+00 0.000000e+00 0.000000e+00 0.000000e+00 0.000000e+00 0.000000e+00
 0.000000e+00 0.000000e+00 0.000000e+00 0.000000e+00 0.000000e+00 0.000000e+00 0.000000e+00 5.000000e-01 5.000000e-01 0.000000e+00 0.000000e+00 0.000000e+00 0.000000e+00 0.000000e+00 0.000000e+00 0.000000e+00 0.000000e+00 0.000000e+00 0.000000e+00 0.000000e+00 0.000000e+00 0.000000e+00 0.000000e+00 0.000000e+00 0.000000e+00
 0.000000e+00 0.000000e+00 0.000000e+00 0.000000e+00 0.000000e+00 0.000000e+00 0.000000e+00 0.000000e+00 5.833333e-01 4.166667e-01 0.000000e+00 0.000000e+00 0.000000e+00 0.000000e+00 0.000000e+00 0.000000e+00 0.000000e+00 0.000000e+00 0.000000e+00 0.000000e+00 0.000000e+00 0.000000e+00 0.000000e+00 0.000000e+00 0.000000e+00
 0.000000e+00 0.000000e+00 0.000000e+00 0.000000e+00 0.000000e+00 0.000000e+00 0.000000e+00 0.000000e+00 0.000000e+00 5.454546e-01 4.545455e-01 0.000000e+00 0.000000e+00 0.000000e+00 0.000000e+00 0.000000e+00 0.000000e+00 0.000000e+00 0.000000e+00 0.000000e+00 0.000000e+00 0.000000e+00 0.000000e+00 0.000000e+00 0.000000e+00
 0.000000e+00 0.000000e+00 0.000000e+00 0.000000e+00 0.000000e+00 0.000000e+00 0.000000e+00 0.000000e+00 0.000000e+00 0.000000e+00 5.454546e-01 4.545455e-01 0.000000e+00 0.000000e+00 0.000000e+00 0.000000e+00 0.000000e+00 0.000000e+00 0.000000e+00 0.000000e+00 0.000000e+00 0.000000e+00 0.000000e+00 0.000000e+00 0.000000e+00
 0.000000e+00 0.000000e+00 0.000000e+00 0.000000e+00 0.000000e+00 0.000000e+00 0.000000e+00 0.000000e+00 0.000000e+00 0.000000e+00 0.000000e+00 5.000000e-01 5.000000e-01 0.000000e+00 0.000000e+00 0.000000e+00 0.000000e+00 0.000000e+00 0.000000e+00 0.000000e+00 0.000000e+00 0.000000e+00 0.000000e+00 0.000000e+00 0.000000e+00
 0.000000e+00 0.000000e+00 0.000000e+00 0.000000e+00 0.000000e+00 0.000000e+00 0.000000e+00 0.000000e+00 0.000000e+00 0.000000e+00 0.000000e+00 0.000000e+00 4.444444e-01 5.555556e-01 0.000000e+00 0.000000e+00 0.000000e+00 0.000000e+00 0.000000e+00 0.000000e+00 0.000000e+00 0.000000e+00 0.000000e+00 0.000000e+00 0.000000e+00
 0.000000e+00 0.000000e+00 0.000000e+00 0.000000e+00 0.000000e+00 0.000000e+00 0.000000e+00 0.000000e+00 0.000000e+00 0.000000e+00 0.000000e+00 0.000000e+00 0.000000e+00 6.153846e-01 3.846154e-01 0.000000e+00 0.000000e+00 0.000000e+00 0.000000e+00 0.000000e+00 0.000000e+00 0.000000e+00 0.000000e+00 0.000000e+00 0.000000e+00
 0.000000e+00 0.000000e+00 0.000000e+00 0.000000e+00 0.000000e+00 0.000000e+00 0.000000e+00 0.000000e+00 0.000000e+00 0.000000e+00 0.000000e+00 0.000000e+00 0.000000e+00 0.000000e+00 5.000000e-01 5.000000e-01 0.000000e+00 0.000000e+00 0.000000e+00 0.000000e+00 0.000000e+00 0.000000e+00 0.000000e+00 0.000000e+00 0.000000e+00
 0.000000e+00 0.000000e+00 0.000000e+00 0.000000e+00 0.000000e+00 0.000000e+00 0.000000e+00 0.000000e+00 0.000000e+00 0.000000e+00 0.000000e+00 0.000000e+00 0.000000e+00 0.000000e+00 0.000000e+00 5.000000e-01 5.000000e-01 0.000000e+00 0.000000e+00 0.000000e+00 0.000000e+00 0.000000e+00 0.000000e+00 0.000000e+00 0.000000e+00
 0.000000e+00 0.000000e+00 0.000000e+00 0.000000e+00 0.000000e+00 0.000000e+00 0.000000e+00 0.000000e+00 0.000000e+00 0.000000e+00 0.000000e+00 0.000000e+00 0.000000e+00 0.000000e+00 0.000000e+00 0.000000e+00 5.454546e-01 4.545455e-01 0.000000e+00 0.000000e+00 0.000000e+00 0.000000e+00 0.000000e+00 0.000000e+00 0.000000e+00
 0.000000e+00 0.000000e+00 0.000000e+00 0.000000e+00 0.000000e+00 0.000000e+00 0.000000e+00 0.000000e+00 0.000000e+00 0.000000e+00 0.000000e+00 0.000000e+00 0.000000e+00 0.000000e+00 0.000000e+00 0.000000e+00 0.000000e+00 5.833333e-01 4.166667e-01 0.000000e+00 0.000000e+00 0.000000e+00 0.000000e+00 0.000000e+00 0.000000e+00
 0.000000e+00 0.000000e+00 0.000000e+00 0.000000e+00 0.000000e+00 0.000000e+00 0.000000e+00 0.000000e+00 0.000000e+00 0.000000e+00 0.000000e+00 0.000000e+00 0.000000e+00 0.000000e+00 0.000000e+00 0.000000e+00 0.000000e+00 0.000000e+00 5.454546e-01 4.545455e-01 0.000000e+00 0.000000e+00 0.000000e+00 0.000000e+00 0.000000e+00
 0.000000e+00 0.000000e+00 0.000000e+00 0.000000e+00 0.000000e+00 0.000000e+00 0.000000e+00 0.000000e+00 0.000000e+00 0.000000e+00 0.000000e+00 0.000000e+00 0.000000e+00 0.000000e+00 0.000000e+00 0.000000e+00 0.000000e+00 0.000000e+00 0.000000e+00 4.444444e-01 5.555556e-01 0.000000e+00 0.000000e+00 0.000000e+00 0.000000e+00
 0.000000e+00 0.000000e+00 0.000000e+00 0.000000e+00 0.000000e+00 0.000000e+00 0.000000e+00 0.000000e+00 0.000000e+00 0.000000e+00 0.000000e+00 0.000000e+00 0.000000e+00 0.000000e+00 0.000000e+00 0.000000e+00 0.000000e+00 0.000000e+00 0.000000e+00 0.000000e+00 6.153846e-01 3.846154e-01 0.000000e+00 0.000000e+00 0.000000e+00
 0.000000e+00 0.000000e+00 0.000000e+00 0.000000e+00 0.000000e+00 0.000000e+00 0.000000e+00 0.000000e+00 0.000000e+00 0.000000e+00 0.000000e+00 0.000000e+00 0.000000e+00 0.000000e+00 0.000000e+00 0.000000e+00 0.000000e+00 0.000000e+00 0.000000e+00 0.000000e+00 0.000000e+00 3.750000e-01 6.250000e-01 0.000000e+00 0.000000e+00
 0.000000e+00 0.000000e+00 0.000000e+00 0.000000e+00 0.000000e+00 0.000000e+00 0.000000e+00 0.000000e+00 0.000000e+00 0.000000e+00 0.000000e+00 0.000000e+00 0.000000e+00 0.000000e+00 0.000000e+00 0.000000e+00 0.000000e+00 0.000000e+00 0.000000e+00 0.000000e+00 0.000000e+00 0.000000e+00 5.833333e-01 4.166667e-01 0.000000e+00
 0.000000e+00 0.000000e+00 0.000000e+00 0.000000e+00 0.000000e+00 0.000000e+00 0.000000e+00 0.000000e+00 0.000000e+00 0.000000e+00 0.000000e+00 0.000000e+00 0.000000e+00 0.000000e+00 0.000000e+00 0.000000e+00 0.000000e+00 0.000000e+00 0.000000e+00 0.000000e+00 0.000000e+00 0.000000e+00 0.000000e+00 3.750000e-01 6.250000e-01
 0.000000e+00 0.000000e+00 0.000000e+00 0.000000e+00 0.000000e+00 0.000000e+00 0.000000e+00 0.000000e+00 0.000000e+00 0.000000e+00 0.000000e+00 0.000000e+00 0.000000e+00 0.000000e+00 0.000000e+00 0.000000e+00 0.000000e+00 0.000000e+00 0.000000e+00 0.000000e+00 0.000000e+00 0.000000e+00 0.000000e+00 0.000000e+00 0.000000e+00
<ENDHMM>
