~o
<STREAMINFO> 1 39
<VECSIZE> 39<NULLD><MFCC_E_D_A><DIAGC>
~h "Giam"
<BEGINHMM>
<NUMSTATES> 28
<STATE> 2
<MEAN> 39
 -6.078051e+00 -8.977590e+00 9.540455e-01 -2.262221e+00 3.357778e-01 -2.501234e-01 2.363868e+00 -1.961846e+00 3.246679e+00 -2.777169e+00 9.369835e-01 -7.383002e-01 1.733093e-02 5.433856e-01 1.221083e-01 -3.009438e-01 -1.368306e+00 -1.264856e+00 -3.906794e-01 -1.037211e+00 -4.865132e-01 -2.912141e-01 -3.309936e-01 -1.146413e+00 -5.308010e-01 3.726570e-02 4.515936e-01 1.168051e-01 -2.586008e-01 -8.517128e-01 -6.196213e-01 -5.991007e-01 -4.657823e-01 -1.369237e-01 -1.931241e-01 -4.860606e-01 -5.498762e-01 -2.072488e-01 2.901600e-02
<VARIANCE> 39
 3.302537e+00 3.744214e+00 3.053992e+00 2.098529e+01 2.659315e+01 1.412492e+01 2.813783e+00 4.252673e+00 1.911827e+01 8.344695e+00 8.281500e+00 8.102186e+00 1.000000e-02 8.616537e-01 4.183294e-01 1.359622e+00 4.776177e+00 3.867371e+00 2.007001e+00 1.296384e+00 1.110536e+00 1.856697e+00 1.838601e+00 1.643343e+00 7.632576e-01 1.000000e-02 1.360337e-01 8.680288e-02 2.170952e-01 7.213725e-01 5.821499e-01 2.008533e-01 2.102747e-01 2.264992e-01 2.300308e-01 1.971631e-01 2.263820e-01 1.198713e-01 1.000000e-02
<GCONST> 6.876076e+01
<STATE> 3
<MEAN> 39
 -4.392839e-01 -6.531827e+00 -1.560784e+00 -9.316874e+00 -5.901032e+00 -7.682651e+00 -3.168259e+00 -4.445787e+00 -2.469271e+00 -7.416318e+00 -5.496806e+00 -4.532703e+00 2.757725e-01 1.695946e+00 4.019248e-01 -7.350022e-01 -3.309035e+00 -1.801521e+00 -2.455508e+00 -1.422253e+00 -3.661864e-01 -9.415076e-01 -1.776012e+00 -1.783953e+00 -4.565943e-01 1.319290e-01 -7.264324e-01 -1.524582e-01 4.476663e-02 -4.241892e-01 6.572760e-02 -6.773084e-02 1.822789e-01 1.422684e-01 7.582459e-01 8.317509e-01 9.412938e-01 5.077375e-01 1.327398e-02
<VARIANCE> 39
 3.219492e+01 2.878760e+00 1.770147e+01 2.661483e+01 1.367548e+01 3.201240e+01 7.354702e+00 4.142891e+00 3.505473e+01 2.227373e+01 1.172171e+01 1.452736e+01 4.522486e-02 2.974175e+00 4.455646e-01 8.678939e-01 5.536270e+00 2.317684e+00 5.857658e-01 3.067574e+00 9.737770e-01 1.981004e+00 1.470262e+00 1.021371e+00 9.573333e-01 1.000000e-02 6.035734e-01 1.548611e-01 2.610236e-01 1.031650e+00 2.065049e-01 2.714970e-01 4.388180e-01 1.240347e-01 3.210889e-01 8.253393e-01 5.436186e-01 1.206084e-01 1.000000e-02
<GCONST> 8.212220e+01
<STATE> 4
<MEAN> 39
 -1.067056e+00 -7.240903e+00 -2.164784e+00 -1.796708e+01 -7.169162e+00 -8.798765e+00 -6.040542e+00 -3.748418e+00 1.137075e+00 -7.820068e+00 -4.785719e+00 -1.959792e+00 5.316703e-01 -1.499052e+00 -4.161106e-01 -2.288079e-01 -3.095288e+00 -1.773422e+00 -1.119828e+00 -1.373417e+00 -3.490806e-01 2.084092e+00 2.614791e+00 2.045010e+00 1.390321e+00 1.284705e-01 -9.633223e-01 -4.106466e-01 5.628466e-02 9.664367e-01 -2.725252e-01 6.473460e-01 8.094400e-01 1.050355e-02 5.687470e-01 1.118948e+00 8.504255e-01 9.406319e-02 -1.221388e-02
<VARIANCE> 39
 4.228674e+01 5.226875e+00 1.221017e+01 5.841890e+01 1.547629e+01 2.213164e+01 3.745667e+01 1.383420e+01 3.188081e+01 2.658647e+01 1.159924e+01 3.148606e+00 2.659059e-02 2.761031e+00 8.327999e-01 7.975839e-01 2.675727e+00 6.828205e-01 1.360664e+00 2.981240e+00 7.437187e-01 1.433335e+00 3.446412e+00 1.920462e+00 4.006019e-01 1.000000e-02 4.312019e-01 7.184891e-02 2.524345e-01 9.291166e-01 3.292812e-01 1.450786e-01 5.221070e-01 3.506528e-01 4.566128e-01 5.952376e-01 3.909231e-01 2.842712e-01 1.000000e-02
<GCONST> 8.371990e+01
<STATE> 5
<MEAN> 39
 -7.022195e+00 -8.327135e+00 -2.358437e+00 -2.111741e+01 -1.546430e+01 -1.076458e+01 -6.963735e+00 -6.608067e+00 6.531081e+00 2.212525e+00 2.954362e+00 2.105432e+00 7.793205e-01 -2.422814e+00 -1.397540e+00 -8.680860e-01 -4.686643e-03 -2.669014e+00 3.103324e-01 2.150748e+00 3.784248e-01 1.414843e+00 2.561851e+00 1.295922e+00 -3.902179e-01 7.292381e-02 7.984008e-02 -5.911272e-01 -4.067535e-01 9.028761e-01 6.516615e-01 7.648954e-01 1.583682e+00 8.971538e-01 -7.945093e-01 -9.140806e-01 -1.162311e+00 -1.253918e+00 -2.054301e-02
<VARIANCE> 39
 1.867288e+01 7.364061e+00 2.053970e+01 4.424562e+00 1.396537e+01 5.883022e+01 1.804878e+01 6.548366e+00 1.159138e+01 1.748369e+01 1.270953e+01 1.607874e+01 1.000000e-02 8.218146e-01 6.981979e-01 1.311299e+00 2.885280e+00 5.399776e-01 1.774599e+00 2.015145e+00 2.579990e+00 1.130332e+00 1.850966e+00 2.052529e+00 3.120023e+00 1.000000e-02 2.343466e-01 1.500275e-01 1.338919e-01 3.756325e-01 2.017984e-01 2.292919e-01 1.574798e-01 1.797656e-01 1.132982e-01 3.871876e-01 3.418701e-01 2.323128e-01 1.000000e-02
<GCONST> 7.575080e+01
<STATE> 6
<MEAN> 39
 -1.090895e+01 -1.326575e+01 -5.423939e+00 -1.902808e+01 -1.730167e+01 -7.259128e+00 3.090359e+00 -8.565141e-01 7.038749e+00 3.334621e+00 -1.125309e-01 -5.058317e+00 8.860499e-01 -1.592381e+00 -2.792741e+00 -1.444138e+00 8.898773e-01 6.445509e-01 2.236490e+00 5.206794e+00 2.650270e+00 -8.096833e-01 -9.795825e-01 -2.171875e+00 -3.175099e+00 4.064425e-02 3.993843e-01 -2.118562e-01 2.556652e-02 4.374470e-01 1.464915e+00 2.789635e-01 2.300487e-01 -1.484272e-01 -9.414580e-01 -1.343974e+00 -3.225002e-01 3.128891e-01 -1.259623e-02
<VARIANCE> 39
 1.456440e+01 2.859838e+00 1.227287e+01 1.310909e+01 1.198753e+01 5.108623e+01 3.348333e+01 1.467002e+01 6.054756e+00 1.476194e+01 1.549747e+01 3.615431e+01 1.000000e-02 1.707668e-01 6.149310e-01 5.355713e-01 2.837436e-01 7.542999e-01 6.436857e-01 1.572268e-01 6.884629e-01 2.502974e-01 9.946556e-01 1.090404e+00 1.836751e+00 1.000000e-02 5.373073e-02 7.576760e-02 1.190239e-01 1.884567e-01 5.180413e-02 1.903066e-01 3.446880e-01 3.515471e-01 1.099543e-01 1.160695e-01 4.483747e-01 6.856660e-01 1.000000e-02
<GCONST> 6.075591e+01
<STATE> 7
<MEAN> 39
 -1.368728e+01 -1.955015e+01 -8.889109e+00 -1.744647e+01 -1.322069e+01 -3.713908e+00 1.355972e+01 3.142931e+00 3.210084e+00 -9.717281e-01 -3.765448e+00 -8.777913e+00 9.513519e-01 -8.991955e-01 -2.392220e+00 -1.100667e+00 1.738096e+00 3.117811e+00 1.328790e+00 3.138962e+00 1.531341e-01 -2.387731e+00 -2.624600e+00 1.887259e-03 4.712070e-01 2.005228e-02 2.996625e-01 2.429910e-01 1.161009e-01 3.793846e-01 6.104625e-01 -5.215456e-01 -1.290942e+00 -1.014663e+00 -2.816870e-01 -2.028447e-01 1.050001e+00 1.365351e+00 -8.613025e-03
<VARIANCE> 39
 1.284344e+01 2.721697e+00 3.367299e+00 7.229249e+00 1.310917e+01 5.287280e+01 7.774465e+00 9.065967e+00 1.248404e+01 9.819575e+00 5.671189e+00 2.295403e+01 1.000000e-02 2.354156e-01 3.138004e-01 3.814831e-01 2.525511e-01 4.132689e-01 2.862052e-01 1.393736e+00 5.750794e-01 4.455282e-01 1.148562e+00 1.015964e+00 1.156121e+00 1.000000e-02 6.288131e-02 5.652227e-02 7.986709e-02 3.128808e-02 1.042699e-01 8.821830e-02 1.178295e-01 9.206231e-02 1.149647e-01 1.742348e-01 1.425109e-01 1.864237e-01 1.000000e-02
<GCONST> 4.888945e+01
<STATE> 8
<MEAN> 39
 -1.433136e+01 -2.329277e+01 -1.024970e+01 -1.086769e+01 -4.198204e+00 -2.037175e+00 1.612225e+01 2.845681e-01 -2.272038e+00 -7.489768e+00 -5.695096e-01 -4.390358e+00 9.735089e-01 -3.054258e-01 -1.723631e+00 -1.114268e+00 2.315323e+00 2.875760e+00 4.085554e-01 3.000988e-01 -1.060752e+00 -1.582014e+00 -1.552261e+00 1.639495e+00 2.038899e+00 4.828621e-03 2.389468e-01 4.268060e-01 -8.962212e-02 -3.140442e-02 -4.720594e-01 -2.228879e-01 -9.044843e-01 -1.767162e-01 5.745431e-01 5.767409e-01 7.203665e-02 6.141975e-02 -7.097981e-03
<VARIANCE> 39
 7.289309e+00 4.260846e+00 5.559395e+00 1.442931e+01 2.302899e+01 3.763348e+01 2.085941e+01 6.149669e+00 1.134352e+01 1.688575e+01 5.590560e+00 1.476917e+01 1.000000e-02 6.543661e-01 3.415680e-01 5.317656e-01 2.911822e-01 5.023847e-01 6.446262e-01 7.223391e-01 3.958443e-01 1.290977e+00 1.231761e+00 4.141694e-01 4.009732e-01 1.000000e-02 5.688801e-02 4.975307e-02 1.225986e-01 8.937794e-02 6.332648e-02 4.976457e-02 1.837171e-01 5.741608e-02 9.413978e-02 3.102565e-01 1.752915e-01 1.992533e-01 1.000000e-02
<GCONST> 5.231470e+01
<STATE> 9
<MEAN> 39
 -1.518178e+01 -2.713016e+01 -1.336195e+01 -7.774836e+00 -2.427976e-01 -2.034454e+00 1.481448e+01 -1.854355e+00 -5.499784e+00 -8.413033e+00 2.807574e+00 5.978119e-01 9.691805e-01 3.349158e-01 -2.429384e-01 -9.497856e-01 2.006353e+00 1.362004e+00 2.242573e-01 -1.258942e+00 -6.274251e-01 -6.104480e-02 -3.887419e-01 6.140992e-01 8.270603e-01 -1.300701e-02 1.316988e-01 4.682955e-01 9.715413e-02 -2.049501e-01 -4.524937e-01 1.525048e-02 -3.339144e-01 3.682607e-01 7.402013e-01 4.699311e-01 -3.347335e-01 -6.160768e-01 -3.737132e-03
<VARIANCE> 39
 3.576833e+00 4.762712e+00 5.604976e+00 6.771163e+00 2.676631e+01 2.330170e+01 2.431094e+01 3.552695e+00 1.520904e+01 1.619909e+01 4.142932e+00 6.085478e+00 1.000000e-02 2.421236e-01 5.331047e-01 4.626793e-01 8.855914e-01 3.434565e-01 3.081260e-01 2.830825e-01 4.188443e-01 6.173298e-01 1.074093e+00 5.661722e-01 1.015459e+00 1.000000e-02 6.650346e-02 6.199107e-02 4.559483e-02 8.203325e-02 4.421928e-02 6.438767e-02 1.120981e-01 7.402610e-02 6.477474e-02 1.197330e-01 1.415084e-01 5.131454e-02 1.000000e-02
<GCONST> 4.416212e+01
<STATE> 10
<MEAN> 39
 -1.345582e+01 -2.535422e+01 -1.552945e+01 -2.593149e+00 3.103703e+00 -1.942978e+00 1.184348e+01 -1.471893e+00 -2.757773e+00 -8.786694e+00 3.177533e+00 -1.097712e+00 9.267216e-01 -2.582463e-01 -1.566870e-01 -9.714214e-01 6.632168e-01 4.695771e-01 -6.363399e-02 -1.393987e+00 2.711642e-02 1.094672e+00 -1.371811e-01 -1.005035e-01 -6.821004e-01 -4.206641e-03 -2.358977e-01 8.751670e-03 9.012266e-02 -4.979143e-01 -2.939210e-01 -3.076237e-01 -9.367270e-02 6.420155e-03 -2.373978e-02 -1.995730e-01 -2.236268e-01 -2.352896e-01 5.684261e-03
<VARIANCE> 39
 1.868456e+00 4.380298e+00 5.277309e+00 2.516336e+00 1.815344e+01 2.231324e+01 1.462489e+01 6.936114e+00 2.015671e+01 8.759226e+00 5.916584e+00 3.915652e+00 1.000000e-02 3.422642e-01 1.804674e-01 4.255551e-01 6.321304e-01 3.773680e-01 6.421175e-01 7.005939e-01 4.017312e-01 4.405873e-01 5.076562e-01 4.171781e-01 3.357371e-01 1.000000e-02 5.153519e-02 4.115443e-02 1.406350e-01 1.057782e-01 8.621962e-02 9.597788e-02 1.031622e-01 5.807723e-02 6.908970e-02 4.697884e-02 1.081633e-01 1.099234e-01 1.000000e-02
<GCONST> 4.080572e+01
<STATE> 11
<MEAN> 39
 -1.601281e+01 -2.710330e+01 -1.800849e+01 -3.620030e+00 1.060213e+00 -1.561852e+00 5.377095e+00 -3.601817e+00 2.376601e+00 -9.162355e+00 2.056013e+00 -1.955830e+00 9.462964e-01 -4.486060e-01 4.052238e-01 2.423709e-02 -8.230366e-02 7.489842e-02 -8.224582e-01 -1.570963e+00 -7.487193e-02 4.136705e-01 -5.537609e-01 -4.815342e-01 -3.902199e-01 9.942967e-03 2.653270e-01 1.920942e-01 3.539666e-01 -1.448229e-02 4.617661e-03 2.021128e-01 2.610594e-01 2.657534e-01 -1.948076e-01 -8.838720e-02 -5.794086e-02 1.444326e-01 1.314460e-03
<VARIANCE> 39
 5.199738e+00 5.519203e+00 3.331487e+00 3.543388e+00 8.031490e+00 3.608768e+01 5.206810e+00 6.732527e+00 3.098439e+01 2.047492e+01 6.762223e+00 5.966510e+00 1.000000e-02 1.942241e-01 3.599049e-01 6.449581e-01 3.625958e-01 5.387824e-01 9.560096e-01 6.397479e-01 4.384632e-01 4.697532e-01 3.065501e-01 4.691023e-01 8.490015e-01 1.000000e-02 1.622241e-01 4.337464e-02 1.127170e-01 1.053952e-01 6.611960e-02 2.420625e-01 1.648976e-01 7.613952e-02 9.610569e-02 3.556131e-02 5.311197e-02 1.075735e-01 1.000000e-02
<GCONST> 4.541088e+01
<STATE> 12
<MEAN> 39
 -1.614235e+01 -2.455425e+01 -1.635886e+01 -2.632094e+00 2.058403e+00 -2.551583e+00 3.325726e+00 -2.383955e+00 1.881682e+00 -1.136541e+01 2.683593e-01 -3.523401e+00 9.701211e-01 7.156901e-01 1.590781e-01 1.945880e-01 -1.188341e-01 2.123274e-01 4.817322e-01 -4.271374e-01 8.604851e-01 6.136229e-02 -6.327015e-01 -1.147891e-01 1.760204e-01 8.078527e-03 5.546394e-01 -3.649862e-01 8.075323e-02 -2.643108e-01 1.887259e-02 3.076795e-01 2.243724e-01 2.254919e-01 1.001288e-01 7.969823e-02 1.575931e-01 2.338228e-01 -3.248844e-03
<VARIANCE> 39
 6.497807e+00 1.201707e+00 7.670620e+00 2.076812e+00 9.171254e+00 5.177821e+01 9.847761e+00 1.068573e+01 3.461071e+01 2.111230e+01 6.120183e+00 1.589874e+01 1.000000e-02 1.253952e+00 3.052166e-01 5.457653e-01 2.814816e-01 5.787362e-01 1.109446e+00 3.733184e-01 4.169918e-01 4.322731e-01 5.876782e-01 3.103824e-01 6.948188e-01 1.000000e-02 3.408254e-02 4.519811e-02 2.577958e-01 9.126086e-02 7.392476e-02 3.202773e-01 1.109801e-01 8.782558e-02 1.423007e-01 1.135268e-01 5.189130e-02 1.102522e-01 1.000000e-02
<GCONST> 4.874664e+01
<STATE> 13
<MEAN> 39
 -1.303792e+01 -2.638665e+01 -1.675590e+01 -4.286396e+00 2.887406e+00 -2.390973e+00 4.750046e+00 8.736072e-01 1.861852e-01 -1.058082e+01 1.090437e+00 -5.460063e-01 9.639692e-01 1.739694e+00 -7.123008e-01 3.881915e-01 -5.171619e-01 -9.905402e-02 6.816058e-01 -5.834022e-01 8.951206e-01 6.622244e-01 -5.417526e-01 -3.682790e-01 -5.467367e-02 -3.496444e-03 3.516858e-01 8.863815e-02 1.214843e-01 5.920000e-02 -2.140842e-01 1.059069e-01 -1.261410e-01 -2.298699e-01 1.673343e-01 -2.346804e-01 -1.669326e-01 -5.301144e-01 -1.009292e-02
<VARIANCE> 39
 1.225869e+01 3.934885e+00 4.838472e+00 1.866458e+00 2.290792e+01 2.875743e+01 1.528461e+01 7.829536e+00 1.990372e+01 2.996077e+01 4.331599e+00 7.690450e+00 1.000000e-02 3.167616e-01 2.363655e-01 1.394197e+00 8.470572e-01 8.278933e-01 1.206379e+00 7.758245e-01 4.967166e-01 6.547709e-01 1.152229e+00 3.712729e-01 6.512813e-01 1.000000e-02 1.055073e-01 8.075858e-02 1.963585e-01 1.087261e-01 3.471920e-02 1.985750e-01 3.851639e-02 1.458778e-01 8.709998e-02 2.303259e-01 5.718092e-02 1.490105e-01 1.000000e-02
<GCONST> 5.258347e+01
<STATE> 14
<MEAN> 39
 -8.064342e+00 -2.656320e+01 -1.586838e+01 -3.682515e+00 2.110792e+00 -7.331122e-02 2.827940e+00 1.589481e+00 3.685318e+00 -1.524200e+01 7.783067e-01 -3.833215e+00 9.475778e-01 1.709005e+00 2.235813e-01 1.745118e-01 -3.284123e-01 -9.342061e-01 -1.488898e-01 -1.053846e+00 -5.726961e-01 1.658104e+00 -1.060724e+00 -1.043151e+00 -2.039250e+00 -3.688727e-02 1.949359e-01 1.796056e-01 4.290419e-01 -2.831085e-01 -8.779489e-01 -9.662229e-01 -3.350734e-01 -8.578137e-01 -1.206626e-01 4.604739e-01 -3.138694e-01 -7.053291e-02 -1.578343e-02
<VARIANCE> 39
 9.955927e+00 6.347972e+00 1.269384e+01 1.165893e+01 3.053660e+01 2.058348e+01 1.171600e+01 5.005619e+00 1.386483e+01 4.468205e+01 1.142012e+01 1.974930e+01 1.000000e-02 3.140207e-01 3.689824e-01 9.829584e-01 1.325264e+00 1.187212e+00 2.363291e+00 6.198904e-01 1.239242e+00 5.878765e-01 1.169194e+00 6.569397e-01 2.012930e+00 1.000000e-02 1.567041e-01 8.862226e-02 5.216593e-01 3.177731e-01 3.264654e-01 1.133508e-01 1.959557e-01 7.995980e-02 2.315505e-01 3.837052e-01 2.330046e-01 5.014334e-01 1.000000e-02
<GCONST> 7.005456e+01
<STATE> 15
<MEAN> 39
 -4.574018e+00 -2.533426e+01 -1.411122e+01 -6.405984e+00 -1.816592e+00 -2.786098e+00 -1.147916e+00 -1.614076e+00 7.322159e+00 -1.521611e+01 -3.512614e+00 -9.230486e+00 8.132783e-01 3.121190e+00 3.550861e-01 2.628154e+00 -1.278854e+00 -3.413982e+00 -2.450801e+00 -1.579250e+00 -2.314531e+00 -4.539429e-01 9.464141e-01 -1.175383e+00 6.944455e-02 -6.833506e-02 1.184559e-01 -5.674408e-02 5.047536e-01 1.303535e-01 -4.279526e-01 -2.165291e-01 2.650288e-01 -1.701005e-01 -9.612314e-01 3.007047e-01 8.370137e-02 1.023671e+00 1.335301e-03
<VARIANCE> 39
 1.494831e+01 3.585460e+00 5.669647e+00 2.111262e+01 2.499416e+01 2.080824e+01 8.511458e+00 1.335738e+01 2.287395e+01 1.426455e+01 1.194730e+01 1.410572e+01 1.000000e-02 5.294731e-01 6.082966e-01 1.203006e+00 1.826017e+00 2.933562e+00 6.891541e-01 1.830399e+00 6.783762e-01 9.787289e-01 2.213282e+00 2.131615e+00 2.064918e+00 1.000000e-02 8.455126e-02 1.203905e-01 2.936018e-01 4.773101e-01 4.392962e-01 4.433854e-01 2.809889e-01 5.174442e-01 2.160305e-01 2.929554e-01 1.819856e-01 3.457509e-01 1.000000e-02
<GCONST> 7.571722e+01
<STATE> 16
<MEAN> 39
 2.777123e+00 -2.573011e+01 -6.196596e+00 -8.117094e+00 -1.038460e+01 -8.097261e+00 -3.404723e+00 -7.359313e+00 3.026058e+00 -1.165410e+01 -5.254702e+00 -4.436702e+00 6.786487e-01 1.735572e+00 -1.669842e-01 1.626899e+00 -5.651050e-02 -2.405944e+00 -9.715718e-01 -2.447955e-01 -1.184763e+00 -1.877663e+00 -2.542788e-01 -7.924014e-01 1.542885e+00 -3.161284e-02 -7.255142e-01 -2.281536e-02 -6.557691e-01 4.015526e-01 7.986804e-01 7.250154e-01 4.163479e-01 6.079867e-01 -1.080963e-01 -3.335594e-01 2.649032e-01 2.370990e-01 1.452099e-02
<VARIANCE> 39
 5.019952e+00 4.760612e+00 2.587094e+00 6.547112e+00 8.201434e+00 7.728880e+00 5.342440e+00 4.087485e+00 1.230567e+01 1.133969e+01 1.079101e+01 5.561849e+00 1.000000e-02 8.913362e-01 4.078853e-01 1.435352e+00 1.660069e+00 2.241760e+00 1.285897e+00 1.696257e+00 2.115848e+00 1.091617e+00 1.851923e+00 9.425049e-01 1.040711e+00 1.000000e-02 6.208308e-02 1.884582e-01 7.788644e-02 2.522920e-01 3.602859e-01 1.181718e-01 2.325013e-01 8.950328e-02 1.720371e-01 2.968297e-01 3.667073e-01 2.729592e-01 1.000000e-02
<GCONST> 6.232568e+01
<STATE> 17
<MEAN> 39
 4.064532e+00 -2.584105e+01 -6.413416e+00 -7.771642e+00 -1.358554e+01 -8.394512e+00 -3.356286e+00 -7.114364e+00 -1.553194e+00 -1.574446e+01 -6.126205e+00 -1.028982e+00 6.620824e-01 4.100566e-01 4.370436e-01 3.867638e-01 8.170409e-01 -4.721001e-02 4.882159e-01 3.234274e-01 -3.357787e-01 -9.175617e-01 1.746538e-01 9.023983e-02 1.382004e+00 -1.351579e-02 -2.627871e-01 2.340833e-01 -1.818843e-01 3.211670e-01 7.379242e-01 1.903758e-01 1.228509e-02 4.955073e-02 4.248280e-01 3.997270e-01 3.052319e-01 -3.987347e-01 1.499867e-03
<VARIANCE> 39
 3.345624e+00 3.746414e+00 4.936553e+00 5.011962e+00 1.139351e+01 1.341425e+01 1.709568e+01 7.665479e+00 1.800210e+01 1.687269e+01 5.690642e+00 1.026409e+01 1.000000e-02 2.659499e-01 5.385249e-01 1.641766e-01 3.672258e-01 6.176073e-01 3.257670e-01 1.156899e+00 3.144080e-01 9.533746e-01 1.119463e+00 7.623981e-01 8.329619e-01 1.000000e-02 6.228161e-02 4.781456e-02 1.792725e-01 1.053178e-01 3.203853e-01 2.039808e-01 4.217211e-01 1.889947e-01 2.015816e-01 3.528205e-01 1.237876e-01 9.192734e-02 1.000000e-02
<GCONST> 5.336866e+01
<STATE> 18
<MEAN> 39
 4.753608e+00 -2.405226e+01 -4.220004e+00 -4.431028e+00 -1.099490e+01 -6.571541e+00 -2.854836e+00 -9.565618e+00 -2.191186e+00 -1.038048e+01 -5.189322e+00 -1.511656e-01 6.087560e-01 7.184255e-02 4.907729e-01 8.171027e-02 7.327326e-01 5.701513e-01 -2.879248e-01 -2.803119e-01 -5.865601e-02 -3.875068e-01 5.811325e-01 2.854730e-01 -3.723707e-01 -1.787467e-02 -1.333927e-01 -9.918348e-02 -2.863148e-01 1.293324e-02 1.376711e-01 -2.096492e-01 3.454069e-01 5.187617e-01 2.745975e-01 -2.103155e-01 -1.467006e-01 -4.233969e-01 -3.620552e-03
<VARIANCE> 39
 1.903418e+00 3.126943e+00 6.862478e+00 4.709798e+00 5.814675e+00 6.185979e+00 1.601033e+01 5.154215e+00 6.797520e+00 1.153762e+01 6.436291e+00 7.894021e+00 1.000000e-02 1.318690e-01 3.061650e-01 9.969049e-01 6.948168e-01 7.798402e-01 5.945383e-01 1.597475e+00 9.753472e-01 3.167473e-01 1.401477e+00 2.686528e-01 1.106361e+00 1.000000e-02 2.909041e-02 9.711585e-02 7.864888e-02 1.080532e-01 1.262230e-01 6.946619e-02 3.394626e-01 1.892096e-01 2.045997e-01 1.373648e-01 1.224860e-01 2.597204e-01 1.000000e-02
<GCONST> 4.834100e+01
<STATE> 19
<MEAN> 39
 4.968603e+00 -2.269746e+01 -6.108357e+00 -2.054772e+00 -9.288325e+00 -9.462771e+00 -1.035262e+00 -4.371246e+00 -2.240706e+00 -1.385928e+01 -5.447849e+00 -1.862452e+00 5.699200e-01 -1.405802e-01 3.075881e-01 -5.584535e-01 1.403872e+00 1.194899e+00 9.423716e-02 1.815750e+00 1.625382e+00 6.587072e-01 2.187145e-01 3.752032e-02 -3.178809e-01 -3.140682e-02 -2.724867e-01 -2.165659e-01 -9.666823e-02 -5.803045e-02 1.655803e-01 3.662689e-01 1.546944e-01 -1.423827e-01 4.043232e-01 3.394623e-01 1.849452e-01 4.041681e-01 -4.475049e-03
<VARIANCE> 39
 2.345744e+00 4.476552e+00 4.161743e+00 7.555696e+00 1.125170e+01 1.140181e+01 9.629240e+00 1.440776e+01 2.085243e+01 1.321283e+01 2.515065e+00 7.866316e+00 1.000000e-02 1.292665e-01 3.798678e-01 6.412351e-01 6.150103e-01 3.594638e-01 1.121486e+00 6.530783e-01 1.134711e+00 1.740273e+00 1.081810e+00 1.049733e+00 7.848648e-01 1.000000e-02 2.792981e-02 8.320896e-02 1.035617e-01 2.025971e-01 2.112346e-01 1.332848e-01 3.672024e-01 3.666607e-01 2.906666e-01 3.495734e-01 8.172099e-02 1.427539e-01 1.000000e-02
<GCONST> 5.509684e+01
<STATE> 20
<MEAN> 39
 3.841559e+00 -2.300422e+01 -6.349413e+00 -3.950280e-01 -6.982701e+00 -5.950895e+00 2.312845e+00 -4.371837e+00 4.764620e-01 -9.728467e+00 -5.093546e+00 -1.661882e+00 4.766808e-01 -1.010920e+00 -3.928551e-01 -5.406591e-01 7.286416e-01 1.435280e+00 8.670602e-01 1.226322e+00 7.334212e-01 1.409372e+00 1.245082e+00 6.136385e-01 8.816307e-01 -3.841572e-02 -2.254156e-01 -1.832761e-01 -4.409106e-02 -2.128236e-01 -7.346774e-03 -1.902037e-02 -4.250950e-01 -2.641176e-01 -5.101898e-01 -6.435531e-02 2.970137e-01 2.731664e-01 6.886304e-04
<VARIANCE> 39
 1.237629e+00 6.510497e+00 6.736649e+00 9.337126e+00 1.074491e+01 9.260295e+00 4.636256e+00 5.254965e+00 2.012569e+01 6.737459e+00 1.476420e+01 2.730987e+00 1.000000e-02 1.346992e-01 5.163598e-01 5.743695e-01 8.902485e-01 1.600600e+00 5.238115e-01 9.178149e-01 8.938066e-01 1.776225e+00 1.750406e+00 8.804293e-01 3.765996e-01 1.000000e-02 1.956484e-02 4.082450e-02 5.800518e-02 2.112181e-01 1.315619e-01 1.579034e-01 7.980113e-02 8.193103e-02 3.620721e-01 1.436052e-01 2.361467e-01 1.691737e-01 1.000000e-02
<GCONST> 5.019397e+01
<STATE> 21
<MEAN> 39
 9.270220e-01 -2.473004e+01 -8.170072e+00 8.229346e-01 -4.072394e+00 -6.604960e+00 3.043825e+00 -3.473360e+00 1.196561e+00 -8.588385e+00 -2.968698e+00 1.187764e+00 4.190606e-01 -9.740122e-01 -5.265909e-01 -6.824687e-01 1.785073e-01 8.506877e-01 1.238086e-01 3.146879e-01 2.928441e-01 -9.640465e-01 1.314338e-01 6.648534e-01 4.803392e-01 -2.811920e-02 1.865464e-01 1.873468e-01 9.482262e-02 -7.488905e-02 -2.117066e-01 -1.948731e-01 3.997296e-03 1.883115e-01 -4.467970e-01 -3.082312e-01 -9.410896e-02 -2.788354e-01 5.031496e-03
<VARIANCE> 39
 2.539080e+00 9.277373e+00 5.975323e+00 6.059731e+00 1.270794e+01 1.499141e+01 2.020881e+01 2.584171e+01 8.488172e+00 3.425755e+00 7.610465e+00 5.863960e+00 1.000000e-02 1.381861e-01 1.682909e-01 1.265602e-01 9.331753e-01 9.695919e-01 4.488242e-01 7.433028e-01 1.230984e+00 9.540549e-01 4.109851e-01 1.458676e+00 1.106931e+00 1.000000e-02 2.298782e-02 9.292222e-02 1.350480e-01 2.149575e-01 2.353904e-01 1.796070e-01 2.650951e-01 1.764389e-01 2.218266e-01 1.619676e-01 2.062533e-01 1.498592e-01 1.000000e-02
<GCONST> 5.329406e+01
<STATE> 22
<MEAN> 39
 -2.990657e-01 -2.474187e+01 -9.727152e+00 1.474658e+00 -2.923237e+00 -6.027987e+00 4.312324e+00 -2.074129e+00 -2.604183e+00 -8.503300e+00 -8.872475e-01 1.131257e+00 3.712447e-01 -2.735547e-01 3.597495e-01 -1.054337e-02 2.596316e-01 6.580611e-01 4.263441e-02 5.635281e-01 8.932703e-01 -4.246544e-01 5.346276e-03 3.181978e-01 9.470318e-03 -1.695071e-02 1.096469e-01 2.270011e-01 2.140244e-01 -1.513051e-01 -3.204560e-03 2.298033e-02 -1.005687e-01 4.119335e-02 4.227961e-01 -1.343490e-01 -3.277587e-01 -1.446207e-01 1.290430e-03
<VARIANCE> 39
 2.479225e+00 5.865978e+00 7.409155e+00 9.690482e+00 1.360043e+01 5.160213e+00 7.409569e+00 2.570057e+01 3.896527e+00 5.212160e+00 1.800040e+01 1.439309e+01 1.000000e-02 2.047469e-01 5.864736e-01 8.149195e-01 5.930338e-01 7.629006e-01 8.423650e-01 1.589903e+00 2.125716e+00 1.142912e+00 4.213309e-01 8.578743e-01 1.135489e+00 1.000000e-02 4.156967e-02 4.496907e-02 5.324902e-02 1.720719e-01 1.836776e-01 6.383188e-02 2.449414e-01 4.217708e-01 1.894630e-01 3.565148e-02 1.982219e-01 2.217461e-01 1.000000e-02
<GCONST> 5.424008e+01
<STATE> 23
<MEAN> 39
 -8.681477e-01 -2.347038e+01 -8.635782e+00 1.720973e+00 -9.872438e-01 -5.691324e+00 6.671951e+00 2.258198e+00 -5.867216e-01 -9.730574e+00 -2.746459e+00 9.281326e-01 3.257442e-01 -5.185356e-01 5.841882e-01 2.102654e-01 -2.641021e-01 5.453460e-01 -3.777738e-02 1.406192e-01 8.618053e-01 2.332230e-01 -3.741348e-01 -1.006145e-01 9.439664e-02 -2.460975e-02 8.757603e-03 1.419588e-01 1.839023e-01 -4.673018e-02 -1.722369e-01 -1.366920e-01 -5.933753e-01 -5.748430e-01 -1.099452e-01 1.341999e-01 2.023681e-01 2.514963e-02 -2.172213e-03
<VARIANCE> 39
 1.648168e+00 1.252800e+00 8.539686e+00 3.721027e+00 6.598563e+00 3.939412e+00 8.617717e+00 1.326239e+01 8.100778e+00 9.568415e+00 5.697480e+00 1.602125e+01 1.000000e-02 3.053127e-01 5.110362e-01 5.351580e-01 6.962590e-01 1.136945e+00 3.483216e-01 1.168318e+00 1.423991e+00 1.228036e+00 4.175922e-01 6.939024e-01 5.208215e-01 1.000000e-02 5.028873e-02 1.555206e-01 1.239850e-01 8.711821e-02 1.431391e-01 1.092352e-01 2.320918e-01 2.772167e-01 9.883562e-02 1.294227e-01 8.846942e-02 2.818045e-01 1.000000e-02
<GCONST> 4.962723e+01
<STATE> 24
<MEAN> 39
 -1.637064e+00 -2.168398e+01 -8.177505e+00 3.935327e-01 -9.254766e-01 -6.788345e+00 3.430601e+00 -7.507631e-01 -2.004335e+00 -9.153560e+00 -1.142438e+00 4.884543e-01 2.586853e-01 -3.995777e-01 8.117753e-01 5.981882e-01 4.360349e-01 6.330004e-01 -3.694192e-01 -1.250186e+00 -1.162516e+00 -2.245264e-01 3.814442e-01 5.343766e-01 9.766350e-02 -2.404414e-02 -6.547481e-02 1.242675e-01 1.060056e-01 2.012910e-01 1.742014e-01 1.205504e-01 1.680117e-01 -1.209594e-01 1.457938e-01 2.697210e-01 2.283428e-01 8.315475e-02 -2.268028e-03
<VARIANCE> 39
 1.826777e+00 8.027916e+00 4.729393e+00 6.501587e+00 7.841249e+00 8.800785e+00 1.628774e+01 1.435161e+01 1.767600e+01 7.376489e+00 3.289057e+00 3.661425e+00 1.000000e-02 2.504766e-01 6.122633e-01 7.069224e-01 5.846886e-01 4.452694e-01 4.351650e-01 5.038415e-01 4.986647e-01 3.196444e-01 7.412702e-01 8.702472e-01 1.741649e+00 1.000000e-02 1.084906e-01 9.635376e-02 1.068649e-01 1.019676e-01 9.771117e-02 1.237135e-01 2.498582e-01 2.427079e-01 1.770747e-01 1.036142e-01 1.076552e-01 1.989874e-01 1.000000e-02
<GCONST> 5.007549e+01
<STATE> 25
<MEAN> 39
 -2.797519e+00 -2.050876e+01 -6.054747e+00 4.115767e+00 2.352625e+00 -5.386344e+00 2.595809e+00 -2.974600e+00 -8.892999e-01 -7.966826e+00 6.374937e-02 1.917531e+00 2.291201e-01 -4.610825e-01 1.251322e+00 7.622064e-01 -5.593637e-02 8.290231e-01 6.020850e-01 4.116324e-01 1.884012e-01 6.118039e-01 6.925250e-01 8.628849e-01 -7.643969e-02 -2.910416e-02 -6.127953e-02 3.385012e-01 3.052075e-02 -5.844612e-01 -2.362478e-01 2.006658e-01 2.539692e-01 4.378287e-01 5.707978e-02 1.764197e-02 -2.051588e-01 -2.709449e-01 -6.242792e-03
<VARIANCE> 39
 2.111175e+00 4.789676e+00 5.080503e+00 4.881376e+00 6.741109e+00 5.342065e+00 2.866168e+00 9.208261e+00 1.205557e+01 5.988725e+00 4.399762e+00 6.820962e+00 1.000000e-02 6.223859e-01 5.540045e-01 4.050806e-01 9.966985e-01 7.698479e-01 5.623910e-01 5.752667e-01 1.154654e+00 9.678110e-01 5.259274e-01 5.314850e-01 1.618387e+00 1.000000e-02 3.478262e-02 1.308810e-01 1.144028e-01 6.886505e-02 6.213257e-02 1.539406e-01 7.442172e-02 1.136936e-01 5.318848e-02 1.823234e-01 1.523834e-01 2.841185e-01 1.000000e-02
<GCONST> 4.644687e+01
<STATE> 26
<MEAN> 39
 -3.764194e+00 -1.519119e+01 -4.089486e+00 2.195130e-01 2.375303e+00 -5.600738e+00 3.900746e+00 -4.241877e-01 -6.381143e-01 -5.837924e+00 2.416496e+00 6.007058e-02 1.271036e-01 -7.553688e-01 2.172965e+00 9.066859e-01 -1.253103e+00 -8.221005e-02 5.438798e-01 -8.168930e-02 4.404385e-01 4.274860e-01 7.638687e-01 -3.969349e-02 -7.130090e-01 -5.145245e-02 1.088899e-02 -1.509430e-01 -3.816994e-02 2.074894e-03 -2.757706e-01 -1.210823e-01 -2.232258e-01 -5.223025e-02 -7.152798e-02 -1.024095e-01 -4.199014e-01 4.211826e-02 1.680630e-03
<VARIANCE> 39
 4.811860e+00 4.992184e+00 5.619060e+00 3.994247e+00 7.337735e+00 4.994548e+00 2.025363e+00 3.106412e+00 4.106463e+00 7.166910e+00 4.455716e+00 1.476322e+01 1.000000e-02 1.833469e-01 2.803166e-01 2.349894e-01 1.366545e-01 6.470596e-01 8.778335e-01 3.932208e-01 6.217573e-01 1.175079e+00 1.092170e+00 7.733063e-01 8.253611e-01 1.000000e-02 7.287637e-02 1.118985e-01 4.847366e-02 1.094455e-01 1.300864e-01 1.326007e-01 1.604885e-01 2.140035e-01 1.030465e-01 8.184319e-02 1.495446e-01 2.869834e-01 1.000000e-02
<GCONST> 4.317670e+01
<STATE> 27
<MEAN> 39
 -5.835935e+00 -1.284626e+01 -3.109991e+00 -1.039297e+00 2.410614e+00 -3.770822e+00 1.611927e+00 -1.041065e+00 1.157943e+00 -5.235276e+00 1.303430e-01 -2.533153e-01 2.580171e-02 -4.104280e-01 6.901588e-01 4.646553e-01 -3.136953e-01 -2.723915e-01 -4.495623e-02 -4.500889e-01 -1.239453e-01 9.598764e-02 2.686940e-01 -7.589046e-01 2.969919e-02 -2.407402e-02 1.679899e-01 -5.215567e-01 -2.045479e-01 3.392037e-01 2.704409e-02 -2.739623e-01 6.647483e-03 -1.748700e-01 -1.218748e-01 -2.304009e-01 7.821000e-02 2.249630e-01 1.240865e-02
<VARIANCE> 39
 2.205136e+00 2.139429e+00 4.402320e+00 1.189538e+00 7.095450e+00 1.190965e+01 8.311030e+00 6.108691e+00 2.257351e+01 7.615073e+00 7.219266e+00 6.045049e+00 1.000000e-02 1.873636e-01 5.499927e-01 3.402310e-01 4.938667e-01 7.392355e-01 1.179418e+00 1.046689e+00 5.826008e-01 5.793196e-01 3.100584e-01 1.109315e+00 7.037598e-01 1.000000e-02 1.975091e-02 1.201115e-01 1.039255e-01 2.987784e-02 1.451433e-01 1.820431e-01 7.505632e-02 1.280727e-01 3.125744e-01 1.775496e-01 1.869021e-01 3.594757e-01 1.000000e-02
<GCONST> 4.601481e+01
<TRANSP> 28
 0.000000e+00 1.000000e+00 0.000000e+00 0.000000e+00 0.000000e+00 0.000000e+00 0.000000e+00 0.000000e+00 0.000000e+00 0.000000e+00 0.000000e+00 0.000000e+00 0.000000e+00 0.000000e+00 0.000000e+00 0.000000e+00 0.000000e+00 0.000000e+00 0.000000e+00 0.000000e+00 0.000000e+00 0.000000e+00 0.000000e+00 0.000000e+00 0.000000e+00 0.000000e+00 0.000000e+00 0.000000e+00
 0.000000e+00 6.666667e-01 3.333333e-01 0.000000e+00 0.000000e+00 0.000000e+00 0.000000e+00 0.000000e+00 0.000000e+00 0.000000e+00 0.000000e+00 0.000000e+00 0.000000e+00 0.000000e+00 0.000000e+00 0.000000e+00 0.000000e+00 0.000000e+00 0.000000e+00 0.000000e+00 0.000000e+00 0.000000e+00 0.000000e+00 0.000000e+00 0.000000e+00 0.000000e+00 0.000000e+00 0.000000e+00
 0.000000e+00 0.000000e+00 5.000000e-01 5.000000e-01 0.000000e+00 0.000000e+00 0.000000e+00 0.000000e+00 0.000000e+00 0.000000e+00 0.000000e+00 0.000000e+00 0.000000e+00 0.000000e+00 0.000000e+00 0.000000e+00 0.000000e+00 0.000000e+00 0.000000e+00 0.000000e+00 0.000000e+00 0.000000e+00 0.000000e+00 0.000000e+00 0.000000e+00 0.000000e+00 0.000000e+00 0.000000e+00
 0.000000e+00 0.000000e+00 0.000000e+00 5.454546e-01 4.545455e-01 0.000000e+00 0.000000e+00 0.000000e+00 0.000000e+00 0.000000e+00 0.000000e+00 0.000000e+00 0.000000e+00 0.000000e+00 0.000000e+00 0.000000e+00 0.000000e+00 0.000000e+00 0.000000e+00 0.000000e+00 0.000000e+00 0.000000e+00 0.000000e+00 0.000000e+00 0.000000e+00 0.000000e+00 0.000000e+00 0.000000e+00
 0.000000e+00 0.000000e+00 0.000000e+00 0.000000e+00 5.454546e-01 4.545455e-01 0.000000e+00 0.000000e+00 0.000000e+00 0.000000e+00 0.000000e+00 0.000000e+00 0.000000e+00 0.000000e+00 0.000000e+00 0.000000e+00 0.000000e+00 0.000000e+00 0.000000e+00 0.000000e+00 0.000000e+00 0.000000e+00 0.000000e+00 0.000000e+00 0.000000e+00 0.000000e+00 0.000000e+00 0.000000e+00
 0.000000e+00 0.000000e+00 0.000000e+00 0.000000e+00 0.000000e+00 5.000000e-01 5.000000e-01 0.000000e+00 0.000000e+00 0.000000e+00 0.000000e+00 0.000000e+00 0.000000e+00 0.000000e+00 0.000000e+00 0.000000e+00 0.000000e+00 0.000000e+00 0.000000e+00 0.000000e+00 0.000000e+00 0.000000e+00 0.000000e+00 0.000000e+00 0.000000e+00 0.000000e+00 0.000000e+00 0.000000e+00
 0.000000e+00 0.000000e+00 0.000000e+00 0.000000e+00 0.000000e+00 0.000000e+00 5.000000e-01 5.000000e-01 0.000000e+00 0.000000e+00 0.000000e+00 0.000000e+00 0.000000e+00 0.000000e+00 0.000000e+00 0.000000e+00 0.000000e+00 0.000000e+00 0.000000e+00 0.000000e+00 0.000000e+00 0.000000e+00 0.000000e+00 0.000000e+00 0.000000e+00 0.000000e+00 0.000000e+00 0.000000e+00
 0.000000e+00 0.000000e+00 0.000000e+00 0.000000e+00 0.000000e+00 0.000000e+00 0.000000e+00 5.833333e-01 4.166667e-01 0.000000e+00 0.000000e+00 0.000000e+00 0.000000e+00 0.000000e+00 0.000000e+00 0.000000e+00 0.000000e+00 0.000000e+00 0.000000e+00 0.000000e+00 0.000000e+00 0.000000e+00 0.000000e+00 0.000000e+00 0.000000e+00 0.000000e+00 0.000000e+00 0.000000e+00
 0.000000e+00 0.000000e+00 0.000000e+00 0.000000e+00 0.000000e+00 0.000000e+00 0.000000e+00 0.000000e+00 5.454546e-01 4.545455e-01 0.000000e+00 0.000000e+00 0.000000e+00 0.000000e+00 0.000000e+00 0.000000e+00 0.000000e+00 0.000000e+00 0.000000e+00 0.000000e+00 0.000000e+00 0.000000e+00 0.000000e+00 0.000000e+00 0.000000e+00 0.000000e+00 0.000000e+00 0.000000e+00
 0.000000e+00 0.000000e+00 0.000000e+00 0.000000e+00 0.000000e+00 0.000000e+00 0.000000e+00 0.000000e+00 0.000000e+00 6.666667e-01 3.333333e-01 0.000000e+00 0.000000e+00 0.000000e+00 0.000000e+00 0.000000e+00 0.000000e+00 0.000000e+00 0.000000e+00 0.000000e+00 0.000000e+00 0.000000e+00 0.000000e+00 0.000000e+00 0.000000e+00 0.000000e+00 0.000000e+00 0.000000e+00
 0.000000e+00 0.000000e+00 0.000000e+00 0.000000e+00 0.000000e+00 0.000000e+00 0.000000e+00 0.000000e+00 0.000000e+00 0.000000e+00 5.454546e-01 4.545455e-01 0.000000e+00 0.000000e+00 0.000000e+00 0.000000e+00 0.000000e+00 0.000000e+00 0.000000e+00 0.000000e+00 0.000000e+00 0.000000e+00 0.000000e+00 0.000000e+00 0.000000e+00 0.000000e+00 0.000000e+00 0.000000e+00
 0.000000e+00 0.000000e+00 0.000000e+00 0.000000e+00 0.000000e+00 0.000000e+00 0.000000e+00 0.000000e+00 0.000000e+00 0.000000e+00 0.000000e+00 5.000000e-01 5.000000e-01 0.000000e+00 0.000000e+00 0.000000e+00 0.000000e+00 0.000000e+00 0.000000e+00 0.000000e+00 0.000000e+00 0.000000e+00 0.000000e+00 0.000000e+00 0.000000e+00 0.000000e+00 0.000000e+00 0.000000e+00
 0.000000e+00 0.000000e+00 0.000000e+00 0.000000e+00 0.000000e+00 0.000000e+00 0.000000e+00 0.000000e+00 0.000000e+00 0.000000e+00 0.000000e+00 0.000000e+00 5.454546e-01 4.545455e-01 0.000000e+00 0.000000e+00 0.000000e+00 0.000000e+00 0.000000e+00 0.000000e+00 0.000000e+00 0.000000e+00 0.000000e+00 0.000000e+00 0.000000e+00 0.000000e+00 0.000000e+00 0.000000e+00
 0.000000e+00 0.000000e+00 0.000000e+00 0.000000e+00 0.000000e+00 0.000000e+00 0.000000e+00 0.000000e+00 0.000000e+00 0.000000e+00 0.000000e+00 0.000000e+00 0.000000e+00 5.454546e-01 4.545455e-01 0.000000e+00 0.000000e+00 0.000000e+00 0.000000e+00 0.000000e+00 0.000000e+00 0.000000e+00 0.000000e+00 0.000000e+00 0.000000e+00 0.000000e+00 0.000000e+00 0.000000e+00
 0.000000e+00 0.000000e+00 0.000000e+00 0.000000e+00 0.000000e+00 0.000000e+00 0.000000e+00 0.000000e+00 0.000000e+00 0.000000e+00 0.000000e+00 0.000000e+00 0.000000e+00 0.000000e+00 5.000000e-01 5.000000e-01 0.000000e+00 0.000000e+00 0.000000e+00 0.000000e+00 0.000000e+00 0.000000e+00 0.000000e+00 0.000000e+00 0.000000e+00 0.000000e+00 0.000000e+00 0.000000e+00
 0.000000e+00 0.000000e+00 0.000000e+00 0.000000e+00 0.000000e+00 0.000000e+00 0.000000e+00 0.000000e+00 0.000000e+00 0.000000e+00 0.000000e+00 0.000000e+00 0.000000e+00 0.000000e+00 0.000000e+00 5.833333e-01 4.166667e-01 0.000000e+00 0.000000e+00 0.000000e+00 0.000000e+00 0.000000e+00 0.000000e+00 0.000000e+00 0.000000e+00 0.000000e+00 0.000000e+00 0.000000e+00
 0.000000e+00 0.000000e+00 0.000000e+00 0.000000e+00 0.000000e+00 0.000000e+00 0.000000e+00 0.000000e+00 0.000000e+00 0.000000e+00 0.000000e+00 0.000000e+00 0.000000e+00 0.000000e+00 0.000000e+00 0.000000e+00 5.454546e-01 4.545455e-01 0.000000e+00 0.000000e+00 0.000000e+00 0.000000e+00 0.000000e+00 0.000000e+00 0.000000e+00 0.000000e+00 0.000000e+00 0.000000e+00
 0.000000e+00 0.000000e+00 0.000000e+00 0.000000e+00 0.000000e+00 0.000000e+00 0.000000e+00 0.000000e+00 0.000000e+00 0.000000e+00 0.000000e+00 0.000000e+00 0.000000e+00 0.000000e+00 0.000000e+00 0.000000e+00 0.000000e+00 6.428571e-01 3.571429e-01 0.000000e+00 0.000000e+00 0.000000e+00 0.000000e+00 0.000000e+00 0.000000e+00 0.000000e+00 0.000000e+00 0.000000e+00
 0.000000e+00 0.000000e+00 0.000000e+00 0.000000e+00 0.000000e+00 0.000000e+00 0.000000e+00 0.000000e+00 0.000000e+00 0.000000e+00 0.000000e+00 0.000000e+00 0.000000e+00 0.000000e+00 0.000000e+00 0.000000e+00 0.000000e+00 0.000000e+00 5.454546e-01 4.545455e-01 0.000000e+00 0.000000e+00 0.000000e+00 0.000000e+00 0.000000e+00 0.000000e+00 0.000000e+00 0.000000e+00
 0.000000e+00 0.000000e+00 0.000000e+00 0.000000e+00 0.000000e+00 0.000000e+00 0.000000e+00 0.000000e+00 0.000000e+00 0.000000e+00 0.000000e+00 0.000000e+00 0.000000e+00 0.000000e+00 0.000000e+00 0.000000e+00 0.000000e+00 0.000000e+00 0.000000e+00 4.444444e-01 5.555556e-01 0.000000e+00 0.000000e+00 0.000000e+00 0.000000e+00 0.000000e+00 0.000000e+00 0.000000e+00
 0.000000e+00 0.000000e+00 0.000000e+00 0.000000e+00 0.000000e+00 0.000000e+00 0.000000e+00 0.000000e+00 0.000000e+00 0.000000e+00 0.000000e+00 0.000000e+00 0.000000e+00 0.000000e+00 0.000000e+00 0.000000e+00 0.000000e+00 0.000000e+00 0.000000e+00 0.000000e+00 5.454546e-01 4.545455e-01 0.000000e+00 0.000000e+00 0.000000e+00 0.000000e+00 0.000000e+00 0.000000e+00
 0.000000e+00 0.000000e+00 0.000000e+00 0.000000e+00 0.000000e+00 0.000000e+00 0.000000e+00 0.000000e+00 0.000000e+00 0.000000e+00 0.000000e+00 0.000000e+00 0.000000e+00 0.000000e+00 0.000000e+00 0.000000e+00 0.000000e+00 0.000000e+00 0.000000e+00 0.000000e+00 0.000000e+00 5.833333e-01 4.166667e-01 0.000000e+00 0.000000e+00 0.000000e+00 0.000000e+00 0.000000e+00
 0.000000e+00 0.000000e+00 0.000000e+00 0.000000e+00 0.000000e+00 0.000000e+00 0.000000e+00 0.000000e+00 0.000000e+00 0.000000e+00 0.000000e+00 0.000000e+00 0.000000e+00 0.000000e+00 0.000000e+00 0.000000e+00 0.000000e+00 0.000000e+00 0.000000e+00 0.000000e+00 0.000000e+00 0.000000e+00 5.000000e-01 5.000000e-01 0.000000e+00 0.000000e+00 0.000000e+00 0.000000e+00
 0.000000e+00 0.000000e+00 0.000000e+00 0.000000e+00 0.000000e+00 0.000000e+00 0.000000e+00 0.000000e+00 0.000000e+00 0.000000e+00 0.000000e+00 0.000000e+00 0.000000e+00 0.000000e+00 0.000000e+00 0.000000e+00 0.000000e+00 0.000000e+00 0.000000e+00 0.000000e+00 0.000000e+00 0.000000e+00 0.000000e+00 6.153846e-01 3.846154e-01 0.000000e+00 0.000000e+00 0.000000e+00
 0.000000e+00 0.000000e+00 0.000000e+00 0.000000e+00 0.000000e+00 0.000000e+00 0.000000e+00 0.000000e+00 0.000000e+00 0.000000e+00 0.000000e+00 0.000000e+00 0.000000e+00 0.000000e+00 0.000000e+00 0.000000e+00 0.000000e+00 0.000000e+00 0.000000e+00 0.000000e+00 0.000000e+00 0.000000e+00 0.000000e+00 0.000000e+00 5.000000e-01 5.000000e-01 0.000000e+00 0.000000e+00
 0.000000e+00 0.000000e+00 0.000000e+00 0.000000e+00 0.000000e+00 0.000000e+00 0.000000e+00 0.000000e+00 0.000000e+00 0.000000e+00 0.000000e+00 0.000000e+00 0.000000e+00 0.000000e+00 0.000000e+00 0.000000e+00 0.000000e+00 0.000000e+00 0.000000e+00 0.000000e+00 0.000000e+00 0.000000e+00 0.000000e+00 0.000000e+00 0.000000e+00 5.000000e-01 5.000000e-01 0.000000e+00
 0.000000e+00 0.000000e+00 0.000000e+00 0.000000e+00 0.000000e+00 0.000000e+00 0.000000e+00 0.000000e+00 0.000000e+00 0.000000e+00 0.000000e+00 0.000000e+00 0.000000e+00 0.000000e+00 0.000000e+00 0.000000e+00 0.000000e+00 0.000000e+00 0.000000e+00 0.000000e+00 0.000000e+00 0.000000e+00 0.000000e+00 0.000000e+00 0.000000e+00 0.000000e+00 5.000000e-01 5.000000e-01
 0.000000e+00 0.000000e+00 0.000000e+00 0.000000e+00 0.000000e+00 0.000000e+00 0.000000e+00 0.000000e+00 0.000000e+00 0.000000e+00 0.000000e+00 0.000000e+00 0.000000e+00 0.000000e+00 0.000000e+00 0.000000e+00 0.000000e+00 0.000000e+00 0.000000e+00 0.000000e+00 0.000000e+00 0.000000e+00 0.000000e+00 0.000000e+00 0.000000e+00 0.000000e+00 0.000000e+00 0.000000e+00
<ENDHMM>
