~o
<STREAMINFO> 1 39
<VECSIZE> 39<NULLD><MFCC_E_D_A><DIAGC>
~h "Giup"
<BEGINHMM>
<NUMSTATES> 25
<STATE> 2
<MEAN> 39
 -6.345469e+00 -1.043406e+01 -1.901308e+00 -2.491671e+00 1.603577e+00 -2.371723e+00 2.430512e+00 -9.090151e-01 1.515386e+00 -2.277319e+00 1.078521e+00 -1.693868e+00 9.403771e-03 6.727694e-01 7.266697e-01 -6.011393e-02 -1.382202e+00 -7.781872e-03 -1.315958e+00 -1.517908e-01 6.780618e-01 -1.703041e+00 -1.519761e-01 -1.048848e+00 -4.164335e-01 6.116607e-02 4.723094e-01 5.281181e-01 -1.777880e-01 -1.197009e+00 -9.683154e-02 -1.175817e+00 -3.455164e-01 8.735669e-02 -6.751082e-01 -5.948937e-01 -7.450907e-01 -3.365892e-01 3.848213e-02
<VARIANCE> 39
 3.302807e+00 9.033898e+00 1.602905e+01 1.077829e+01 1.036748e+01 2.225253e+01 1.545063e+01 1.010039e+01 5.984016e+00 8.445887e+00 1.249067e+01 6.697001e+00 1.262985e-02 1.122800e+00 7.928929e-01 6.920223e-01 1.936540e+00 8.011562e-01 4.678806e+00 1.666188e+00 9.151931e-01 2.943220e+00 1.642565e+00 2.421413e+00 2.480655e+00 1.000000e-02 8.935902e-02 2.162760e-01 4.703329e-01 1.422714e-01 4.952740e-01 1.033765e+00 1.512360e-01 2.173505e-01 2.160790e-01 6.322950e-01 2.141220e-01 1.824729e-01 1.000000e-02
<GCONST> 7.480396e+01
<STATE> 3
<MEAN> 39
 -1.967179e+00 -6.537781e+00 -3.176589e+00 -9.576138e+00 -1.715721e-01 -1.112662e+01 1.042092e+00 1.556249e+00 -5.202020e+00 -5.437369e+00 -5.903626e+00 -4.451765e+00 3.101779e-01 1.442236e+00 2.025976e+00 -4.794218e-01 -4.655626e+00 1.533701e-01 -4.250998e+00 -1.135165e+00 2.366526e-02 -1.939222e+00 -1.635492e+00 -2.464022e+00 -1.261814e+00 1.452289e-01 -4.927888e-01 -1.679105e-01 2.537084e-01 -5.876210e-01 1.845482e-01 2.488338e-01 -3.699717e-01 -5.788835e-01 9.217426e-01 -3.565739e-02 4.196061e-01 -1.176754e-01 3.269789e-03
<VARIANCE> 39
 2.138328e+01 4.155144e+00 5.733872e+00 4.474553e+01 1.171920e+01 6.603386e+01 1.441487e+01 5.945295e+00 4.570887e+01 1.607177e+01 5.144938e+01 1.385523e+01 4.592184e-02 1.008425e+00 1.098182e+00 2.008230e+00 1.122895e+00 6.387640e+00 1.041648e+01 1.418475e+00 3.562293e+00 1.408918e+00 4.736030e+00 1.410435e+00 1.097749e+00 1.000000e-02 3.161195e-01 2.114781e-01 1.624066e-01 5.360424e-01 1.804961e-01 1.027602e+00 5.693384e-01 1.789100e-01 7.831198e-01 3.196640e-01 8.100076e-01 5.633260e-01 1.000000e-02
<GCONST> 9.147439e+01
<STATE> 4
<MEAN> 39
 -1.871228e+00 -2.190973e+00 -2.609568e+00 -1.991110e+01 3.630827e+00 -1.778765e+01 -1.958872e+00 -7.069652e-01 -5.648600e+00 -8.519011e+00 -7.118022e+00 -6.707958e+00 5.694563e-01 -8.286720e-01 1.255261e-01 9.295312e-01 -3.749933e+00 2.691527e-01 -7.497959e-01 -1.446544e+00 -1.174181e+00 1.416460e+00 -5.685894e-01 -1.471099e-03 -8.373716e-01 9.166414e-02 -6.421067e-01 -1.354609e+00 3.031268e-01 1.103624e+00 -1.117442e+00 1.316325e+00 7.028798e-01 -8.217780e-03 1.418765e+00 1.113414e+00 7.582025e-01 3.228872e-01 -1.905802e-02
<VARIANCE> 39
 1.423510e+01 5.392768e+00 1.096893e+01 1.139700e+01 4.961707e+01 1.230175e+02 1.652119e+01 4.803018e+01 1.277297e+01 3.896627e+01 1.556752e+01 1.452883e+01 1.523237e-02 1.167064e+00 1.482660e+00 1.556254e+00 2.699844e+00 1.895011e+00 3.423869e+00 2.361982e+00 1.308487e+00 3.495211e+00 1.710342e+00 4.548929e+00 1.623912e+00 1.000000e-02 2.610186e-01 9.886079e-02 5.311354e-01 3.215154e-01 1.092444e+00 1.757930e+00 2.753279e-01 1.103719e+00 3.888495e-01 1.113769e+00 1.003802e+00 3.046227e-01 1.000000e-02
<GCONST> 9.526128e+01
<STATE> 5
<MEAN> 39
 -3.875282e+00 -6.374228e+00 -7.616974e-01 -2.483232e+01 -7.814480e-02 -1.554411e+01 -4.273641e+00 -2.062723e+00 -6.594668e-01 -7.957298e+00 -6.752319e+00 -7.678991e+00 6.865224e-01 -1.063944e+00 -3.017505e+00 6.635499e-01 -6.801878e-01 -3.994003e+00 1.016943e+00 1.483760e+00 -4.143449e-02 3.662122e+00 2.812265e+00 5.840259e-01 -1.499683e-01 7.133275e-02 -2.145436e-02 -5.455645e-01 -5.595294e-01 1.433224e+00 -1.115810e+00 7.415971e-02 1.437968e+00 5.663013e-01 1.824640e-01 1.264682e+00 2.265612e-01 2.319647e-01 -2.614886e-03
<VARIANCE> 39
 7.129039e+00 1.475850e+01 2.687890e+01 8.117858e+00 3.820987e+01 6.496842e+01 1.508349e+01 1.628921e+01 1.288814e+01 3.962622e+01 1.032470e+01 5.502970e+00 1.000000e-02 1.061235e+00 6.994838e-01 2.342597e+00 1.641949e+00 2.849221e+00 2.267230e+00 3.397653e+00 5.319853e+00 1.996128e+00 5.161028e+00 8.747485e+00 1.320897e+00 1.000000e-02 1.794757e-01 4.342020e-01 3.050061e-01 2.257931e-01 4.560473e-01 4.021002e-01 8.344742e-02 3.080321e-01 6.302151e-01 6.590648e-01 4.660989e-01 2.789962e-01 1.000000e-02
<GCONST> 8.858519e+01
<STATE> 6
<MEAN> 39
 -6.390716e+00 -1.255384e+01 -4.543343e-01 -2.268317e+01 -1.057280e+01 -1.490002e+01 3.138883e+00 -1.140484e+00 7.892878e+00 2.016728e+00 -4.599007e+00 -7.150304e+00 8.475554e-01 -9.064763e-01 -2.005896e+00 -1.300267e+00 1.632032e+00 -3.708567e+00 -5.356396e-01 3.867047e+00 9.874418e-01 1.941848e+00 3.843249e+00 9.065825e-01 6.663731e-02 7.818019e-02 9.087755e-02 3.132096e-01 -9.589605e-01 8.322737e-01 1.116154e+00 -3.085861e-01 3.257495e-01 3.194755e-01 -1.491541e+00 -1.118359e+00 2.403212e-03 2.866912e-01 -1.160450e-02
<VARIANCE> 39
 3.026497e+00 4.864532e+00 2.267208e+01 7.461478e+00 9.585886e+00 4.808128e+01 5.688446e+01 2.572427e+01 1.370020e+01 2.339601e+01 6.520336e+01 7.810379e+00 1.000000e-02 2.844675e-01 1.856921e+00 7.741163e-01 8.234787e-01 1.921102e+00 1.152983e+00 8.082626e-01 1.033694e+00 3.054491e+00 3.495294e+00 1.156000e+00 5.415337e-01 1.000000e-02 1.361323e-01 1.489416e-01 2.900585e-01 2.151851e-01 8.184555e-01 2.716181e-01 6.724200e-01 7.245623e-01 8.901938e-01 2.178732e+00 1.468721e+00 3.941512e-01 1.000000e-02
<GCONST> 8.375404e+01
<STATE> 7
<MEAN> 39
 -7.994730e+00 -1.433146e+01 -4.374302e+00 -1.925051e+01 -1.605678e+01 -1.598504e+01 9.682927e+00 3.564931e-01 7.728591e+00 8.574272e+00 -3.410111e+00 -7.984087e+00 9.758496e-01 -7.159801e-01 -1.933600e+00 -2.677516e+00 2.200495e+00 1.007121e-01 -6.384768e-01 2.617188e+00 1.207595e+00 -2.281830e+00 -1.280277e+00 7.911134e-01 8.377188e-01 3.338566e-02 1.818214e-01 -3.905823e-02 -1.848412e-01 2.588092e-01 2.062895e+00 3.242912e-01 -1.016004e+00 -8.980939e-02 -1.117167e+00 -2.424731e+00 -4.508252e-01 7.527006e-01 -2.411845e-02
<VARIANCE> 39
 6.573575e+00 1.006306e+01 1.838662e+01 3.106495e+00 1.110501e+01 4.381253e+01 4.154788e+01 8.720807e+00 1.227469e+01 1.076729e+01 2.176424e+01 6.042280e+00 1.000000e-02 1.712892e-01 5.018852e-01 4.436117e-01 9.403999e-01 3.088566e+00 7.684468e-01 1.102589e+00 1.327134e+00 5.491551e+00 7.817010e+00 3.528398e+00 1.907671e+00 1.000000e-02 3.816281e-02 1.968399e-01 1.389925e-01 1.204575e-01 1.336540e-01 1.538315e-01 2.557601e-01 1.673758e-01 6.335110e-01 2.845790e-01 2.465810e-01 7.054306e-02 1.000000e-02
<GCONST> 6.974361e+01
<STATE> 8
<MEAN> 39
 -9.285406e+00 -1.906575e+01 -1.039327e+01 -1.304288e+01 -9.083321e+00 -1.604819e+01 1.319590e+01 3.337252e+00 -8.663285e-01 -5.020422e+00 -3.268293e+00 -2.149382e+00 9.562190e-01 -2.438252e-01 -1.784197e+00 -2.189647e+00 2.647311e+00 3.972232e+00 7.987413e-01 1.330724e-01 4.904926e-01 -1.587890e+00 -4.835340e+00 -5.317115e-01 2.681008e+00 -6.863864e-03 4.370009e-01 3.416873e-01 3.090793e-01 -7.059901e-01 6.927248e-01 3.445854e-01 -1.509362e+00 -4.805893e-01 1.167004e+00 3.751972e-01 -3.823693e-01 -5.091316e-01 -5.209406e-03
<VARIANCE> 39
 2.739236e+00 2.505732e+00 1.358642e+01 8.186419e+00 2.057009e+01 4.525491e+01 1.450787e+01 3.545856e+00 2.032016e+01 2.483261e+01 1.011280e+01 2.091405e+01 1.000000e-02 3.930852e-01 2.432214e-01 6.754380e-01 2.015630e-01 5.939955e-01 2.790454e-01 1.844534e+00 6.389523e-01 2.634640e+00 1.222194e+00 2.824694e-01 1.069956e+00 1.000000e-02 1.773941e-02 6.563526e-02 7.560728e-02 2.478101e-01 5.679768e-01 8.877505e-02 9.060770e-02 8.797380e-02 7.115939e-01 1.255680e+00 2.797142e-01 5.012621e-01 1.000000e-02
<GCONST> 6.022309e+01
<STATE> 9
<MEAN> 39
 -8.173957e+00 -2.228773e+01 -1.346748e+01 -1.041609e+01 -4.009752e-01 -1.443855e+01 9.429893e+00 2.559480e+00 2.141334e+00 -8.656274e+00 -4.744740e+00 6.716102e-01 9.661146e-01 1.012535e+00 -6.317700e-01 -1.500080e+00 -5.499966e-01 2.705702e+00 8.473930e-01 -3.224930e+00 -5.797784e-01 2.038594e+00 2.427491e-01 -1.399622e+00 -1.356087e+00 6.211716e-03 6.539819e-01 4.852027e-01 7.203987e-01 -9.823929e-01 -1.189052e+00 5.540708e-02 -6.415311e-01 3.407809e-02 6.436145e-01 1.863689e+00 -1.678303e-01 -1.349373e+00 -4.340877e-03
<VARIANCE> 39
 1.256635e+00 2.649096e+00 9.110083e+00 4.163246e+00 8.015087e+00 2.181725e+01 2.384313e+01 4.732555e+00 1.593149e+01 4.462365e+00 1.551669e+01 2.077112e+01 1.000000e-02 3.084662e-01 3.240112e-01 1.328749e-01 1.033061e+00 1.730052e+00 9.383943e-01 9.398596e-01 1.921364e-01 1.242661e+00 2.744950e+00 1.363806e+00 2.492363e+00 1.000000e-02 3.077645e-02 2.459893e-02 9.669074e-02 2.059675e-01 3.140239e-01 5.946840e-02 3.935957e-01 1.897195e-01 4.971780e-01 2.869116e-01 2.282187e-01 3.615243e-01 1.000000e-02
<GCONST> 5.744421e+01
<STATE> 10
<MEAN> 39
 -3.411418e+00 -2.157966e+01 -1.547515e+01 -1.548878e+01 8.030551e-01 -1.163240e+01 5.986724e-01 2.517932e+00 7.224833e+00 -3.181523e+00 -8.330676e+00 -8.481003e+00 9.602126e-01 2.689111e+00 -5.374817e-03 1.783334e+00 -6.210116e-02 -1.271545e+00 5.321996e-01 -2.049247e+00 3.588456e-01 7.109229e-02 2.030189e+00 -7.241595e-01 -1.252752e+00 -5.048070e-02 1.685618e-01 8.194228e-03 9.760646e-01 1.211720e+00 -1.042439e+00 -3.965862e-01 9.037649e-01 -1.226595e-02 -8.755271e-01 -3.567543e-01 6.983322e-01 1.134400e+00 -2.987173e-02
<VARIANCE> 39
 1.061906e+01 5.444537e+00 1.389162e+01 6.797135e+00 1.733331e+01 1.612994e+01 3.439619e+01 1.454971e+01 1.656925e+01 2.294953e+01 1.123797e+01 1.738000e+01 1.000000e-02 3.428521e-01 2.881723e-01 2.118247e+00 3.773339e+00 2.464785e+00 2.207916e+00 2.310109e+00 1.081262e+00 2.238788e+00 1.750207e+00 1.769143e+00 3.986922e+00 1.000000e-02 2.340977e-01 9.509879e-02 2.572706e-01 3.637480e-01 5.877758e-01 2.451194e-01 5.057862e-01 3.376575e-01 2.651044e-01 5.083700e-01 2.394150e-01 3.431475e-01 1.000000e-02
<GCONST> 8.084180e+01
<STATE> 11
<MEAN> 39
 4.023912e+00 -2.246608e+01 -6.735780e+00 -9.013859e+00 -4.713452e+00 -1.319720e+01 -6.153153e-01 3.100655e+00 -3.750993e-02 -1.558485e+00 -8.167571e+00 -4.117620e+00 7.427914e-01 1.825612e+00 -2.814274e-01 2.241278e+00 3.578481e+00 -2.469699e+00 -8.079432e-01 -1.545487e-01 -8.219826e-01 -1.193790e+00 -3.777500e-01 1.559258e+00 2.146384e+00 -1.150341e-01 -9.690229e-01 -1.596735e-01 -8.199920e-01 2.319153e-01 1.418929e-01 2.719729e-01 8.357941e-01 -1.067432e-01 5.054407e-01 -8.601515e-01 4.325887e-01 3.322328e-01 1.462945e-03
<VARIANCE> 39
 2.734150e+00 2.331287e+00 2.388199e+00 2.468856e+01 3.718821e+01 2.926304e+01 9.424067e+00 1.640799e+01 1.943114e+01 3.713360e+01 2.635729e+01 1.935942e+01 1.059772e-02 5.531617e-01 4.654928e-01 2.373874e+00 3.689251e-01 1.900930e+00 2.482460e+00 2.951334e+00 2.022756e+00 1.497252e+00 1.385350e+00 1.601243e-01 1.282064e+00 1.000000e-02 3.132842e-02 8.338024e-02 7.599262e-02 7.481783e-01 5.939428e-01 5.219198e-01 4.093403e-01 5.576701e-01 3.298671e-01 5.218179e-01 5.612735e-01 4.780603e-01 1.000000e-02
<GCONST> 7.515543e+01
<STATE> 12
<MEAN> 39
 3.919011e+00 -2.276652e+01 -5.568373e+00 -5.249590e+00 -8.960577e+00 -1.190137e+01 3.095543e-01 2.805088e+00 6.080115e+00 -2.944938e+00 -4.455149e+00 -1.008776e+00 5.578663e-01 -1.732554e-01 -4.918227e-01 8.916906e-02 2.048291e+00 -1.365064e+00 8.090030e-01 1.891077e+00 4.525412e-01 6.672902e-01 -8.483469e-01 1.647734e+00 8.721499e-01 -6.798440e-02 -4.949335e-01 1.878131e-01 -9.671445e-01 -5.627423e-01 7.328833e-01 1.683556e-01 5.158604e-01 1.170434e-01 -2.107065e-01 -8.253557e-02 -1.901477e-01 -7.550598e-01 2.598678e-02
<VARIANCE> 39
 6.532533e-01 4.582004e+00 7.131279e+00 4.469368e+00 6.465796e+00 1.272927e+01 1.987820e+01 1.634129e+01 1.349879e+01 1.286421e+01 8.549651e+00 9.522984e+00 1.000000e-02 3.560192e-01 4.824504e-01 2.020057e+00 3.974994e+00 2.392902e+00 2.527732e+00 1.885420e+00 4.703209e+00 4.725455e+00 1.950455e+00 1.197144e+00 3.643845e+00 1.000000e-02 1.248830e-01 6.339660e-02 1.992153e-01 1.654601e-01 2.011216e-01 3.611403e-01 1.568595e-01 3.595993e-01 9.392328e-01 2.450739e-01 8.637205e-02 2.959007e-01 1.000000e-02
<GCONST> 7.128358e+01
<STATE> 13
<MEAN> 39
 2.881401e+00 -2.381900e+01 -9.336676e+00 -2.290623e+00 -8.544118e+00 -1.105520e+01 5.062923e+00 3.242498e+00 2.379500e+00 -4.515411e+00 -3.136583e+00 -3.150992e+00 5.235776e-01 2.000220e-02 3.643700e-01 -4.654463e-01 1.072630e+00 6.498246e-01 7.515680e-01 1.459411e+00 1.241259e-01 -1.116920e+00 -4.689992e-01 4.641196e-01 -3.186770e-02 -1.638929e-02 2.550872e-02 2.390442e-01 4.044777e-02 -5.206041e-01 3.845869e-01 -1.502269e-01 -4.979782e-01 7.306283e-02 6.561555e-02 2.841355e-01 -2.551496e-03 1.045476e-01 1.227366e-02
<VARIANCE> 39
 9.801338e-01 5.896833e+00 1.193876e+01 4.974234e+00 5.353464e+00 4.841986e+00 1.674346e+01 3.082279e+01 1.055906e+01 9.714291e+00 8.730021e+00 1.033406e+01 1.000000e-02 8.004217e-02 3.453090e-01 4.207696e-01 1.372201e+00 2.771660e+00 4.182192e-01 2.603990e-01 6.576245e-01 1.972689e+00 1.484753e+00 8.676487e-01 1.174920e+00 1.000000e-02 7.485520e-02 1.012576e-01 4.424761e-01 5.508397e-01 2.163383e-01 4.855396e-01 4.374469e-01 5.381297e-01 4.074653e-01 2.478984e-01 3.757212e-01 4.152620e-01 1.000000e-02
<GCONST> 6.352926e+01
<STATE> 14
<MEAN> 39
 3.537558e+00 -2.146770e+01 -8.250043e+00 -1.315742e+00 -4.961683e+00 -9.121212e+00 5.950835e+00 3.119642e+00 1.478520e+00 -4.119985e+00 -1.358178e+00 -1.745604e+00 5.084932e-01 1.742974e-02 3.510750e-01 -4.515817e-01 -4.556246e-01 -1.606046e-01 -2.633841e-01 -4.284061e-01 2.845953e-01 4.468036e-01 5.162867e-01 1.068506e+00 5.347447e-01 -1.224901e-02 -1.036137e-01 -5.011192e-02 -2.228424e-02 -6.628789e-01 -2.283048e-01 -3.751086e-01 -7.476842e-01 -4.746880e-02 6.540579e-01 3.063267e-01 -2.602450e-01 -1.289898e-01 4.373719e-03
<VARIANCE> 39
 1.619271e+00 7.971540e+00 1.383541e+01 1.385786e+01 8.932587e+00 1.148977e+01 1.340945e+01 2.281386e+01 1.020411e+01 1.556070e+01 1.073546e+01 6.169273e+00 1.000000e-02 9.469351e-02 4.990862e-01 1.741732e+00 1.447866e+00 1.191296e+00 8.043916e-01 1.455154e+00 6.676767e-01 9.119974e-01 1.357670e+00 8.574741e-01 3.166711e-01 1.000000e-02 2.159115e-02 5.997011e-02 2.296363e-01 7.508532e-01 3.643100e-01 1.604365e-01 7.685784e-02 1.959791e-01 2.992942e-01 2.522711e-01 8.363994e-02 1.177011e-01 1.000000e-02
<GCONST> 5.935546e+01
<STATE> 15
<MEAN> 39
 3.791175e+00 -2.116228e+01 -8.725491e+00 -3.456298e+00 -8.342444e+00 -1.167967e+01 2.591753e+00 3.521294e+00 4.882498e+00 -1.306172e+00 1.146578e-01 -1.806888e+00 4.860283e-01 -1.098522e-01 4.954429e-01 -9.069017e-02 -5.218095e-01 -5.958174e-01 -7.838408e-01 -1.036627e+00 -4.063684e-01 8.043770e-01 3.650140e-02 -2.528603e-01 -7.788200e-02 -1.092020e-02 -1.443883e-01 -3.609516e-02 1.610339e-01 3.439668e-01 2.408801e-01 4.138976e-02 4.281339e-02 -4.938855e-02 -3.064916e-01 -4.655592e-01 -5.178504e-01 -2.274191e-02 -2.179786e-03
<VARIANCE> 39
 2.112845e+00 7.318385e+00 6.717147e+00 7.463096e+00 1.265240e+01 2.056293e+00 3.209739e+00 1.118267e+01 3.434603e+00 8.010184e+00 5.870097e+00 8.366103e+00 1.000000e-02 3.559140e-01 6.468853e-01 8.268596e-01 2.033563e+00 1.067356e+00 7.890433e-01 6.388994e-01 1.766036e+00 2.609909e+00 1.321903e+00 6.096638e-01 7.598534e-01 1.000000e-02 4.518499e-02 5.980760e-02 2.744365e-01 2.291331e-01 2.249113e-01 4.316694e-02 2.751511e-01 1.193163e-01 3.115686e-01 1.983258e-01 7.395166e-02 1.945984e-01 1.000000e-02
<GCONST> 5.427528e+01
<STATE> 16
<MEAN> 39
 2.499367e+00 -2.104540e+01 -9.409979e+00 -3.692232e+00 -8.199306e+00 -1.263469e+01 1.815771e+00 2.693990e+00 4.105886e+00 -4.723917e+00 -2.193872e+00 -1.177637e+00 4.586078e-01 -6.534542e-01 9.353785e-02 2.514048e-01 8.646204e-01 8.851980e-01 -8.802955e-02 -3.015031e-01 2.533877e-03 -3.329134e-01 -9.860289e-01 -6.941196e-01 4.618512e-01 -2.578148e-02 -2.024410e-01 9.231773e-02 2.439049e-01 3.061410e-01 5.055005e-01 3.797726e-01 3.608556e-01 2.926595e-01 -4.739800e-02 1.511040e-01 1.533903e-01 4.871862e-02 -9.738729e-03
<VARIANCE> 39
 7.505131e+00 1.364773e+01 3.440997e+00 1.274972e+01 1.892809e+01 7.624177e+00 1.038100e+01 1.111302e+01 3.857673e+01 2.368944e+01 5.678175e+00 9.370877e+00 1.000000e-02 4.083968e-01 1.137349e-01 3.854706e-01 3.903628e-01 9.792100e-01 4.588055e-01 1.111620e+00 8.213178e-01 1.944928e+00 7.552521e-01 4.656549e-01 1.514178e+00 1.000000e-02 1.522412e-01 8.436437e-02 1.181286e-01 2.897392e-01 3.621079e-01 3.289315e-01 2.858588e-01 2.764606e-01 8.924786e-01 2.651483e-01 1.543116e-01 2.122130e-01 1.000000e-02
<GCONST> 6.370917e+01
<STATE> 17
<MEAN> 39
 1.329894e+00 -2.069894e+01 -7.011832e+00 -1.040978e+00 -5.348781e+00 -1.207820e+01 -4.483246e-02 1.113574e+00 4.480443e+00 -6.625587e+00 -4.334826e+00 9.883406e-01 3.941291e-01 -1.144519e+00 6.366422e-01 7.392172e-01 7.440974e-01 1.561421e+00 1.228208e+00 9.504108e-01 1.394834e+00 1.055394e+00 4.875591e-01 3.984632e-01 -7.865208e-02 -5.426473e-02 -6.331030e-02 1.797168e-01 -2.623181e-01 -3.438540e-01 -3.197344e-01 2.525569e-01 5.393240e-01 2.912024e-01 1.233518e-01 5.868736e-01 6.107805e-01 -3.482771e-01 -8.058948e-03
<VARIANCE> 39
 7.459373e+00 8.388764e+00 6.117692e+00 1.887870e+00 9.553513e+00 9.042399e+00 1.947622e+01 1.514682e+01 2.622425e+01 2.045511e+01 4.132792e+00 1.457240e+01 1.000000e-02 1.155053e+00 1.596467e-01 4.187423e-01 8.222596e-01 1.728930e+00 2.427139e+00 1.751947e+00 1.326031e+00 3.657488e+00 1.536172e+00 1.201318e+00 1.132131e+00 1.000000e-02 1.357213e-01 8.248574e-02 2.146855e-01 3.618803e-02 3.710435e-01 2.507821e-01 3.722973e-01 2.435117e-01 1.090710e+00 3.458378e-01 2.085423e-01 4.870903e-01 1.000000e-02
<GCONST> 6.914037e+01
<STATE> 18
<MEAN> 39
 -1.033002e+00 -1.846528e+01 -6.755269e+00 -4.494766e-01 -3.092298e+00 -9.023384e+00 4.472644e+00 6.689412e+00 6.355782e+00 -2.067524e+00 -8.167865e-01 -1.205531e+00 2.775980e-01 -9.313301e-01 8.302572e-01 -2.935556e-01 -2.682537e-01 3.982282e-01 9.215009e-01 8.042209e-01 1.551643e-01 -2.098573e-01 3.844072e-01 7.813290e-01 -8.651662e-03 -5.325504e-02 1.410072e-01 -2.025796e-02 -2.440574e-01 -2.980378e-01 -2.239797e-01 -2.538396e-01 -2.510117e-01 -5.704473e-01 -5.889661e-01 -2.709971e-01 1.278947e-02 4.015838e-02 4.544444e-03
<VARIANCE> 39
 7.446935e+00 9.977935e+00 2.660107e+00 4.368885e+00 1.136730e+01 9.386648e+00 2.483156e+00 3.599786e+00 4.570440e+00 8.000401e+00 8.580838e+00 1.375046e+01 1.537356e-02 6.367192e-01 9.049432e-01 9.442230e-01 1.075496e+00 1.406719e+00 1.048368e+00 1.162069e+00 1.791873e+00 3.973014e+00 1.614831e+00 1.647334e+00 1.496302e+00 1.000000e-02 1.412387e-01 8.427887e-02 1.004657e-01 9.858114e-02 2.602434e-01 3.348067e-01 1.743818e-01 1.690113e-01 1.866598e-01 1.516693e-01 1.745109e-01 1.714291e-01 1.000000e-02
<GCONST> 6.154565e+01
<STATE> 19
<MEAN> 39
 -2.688992e+00 -1.713971e+01 -8.800452e+00 -2.190570e+00 -3.530970e+00 -8.906080e+00 5.266814e+00 4.349905e+00 2.548244e+00 -4.322598e+00 1.096834e-01 -1.728681e+00 1.727539e-01 -4.220800e-01 3.718099e-01 7.856479e-03 3.517776e-02 1.275454e-01 -1.989477e-01 -1.917588e-01 -5.455539e-01 -8.778911e-01 1.458328e-02 4.985978e-01 -2.253768e-01 -3.090682e-02 2.203108e-01 -5.779292e-02 3.516567e-01 1.054924e-01 -2.232726e-02 -2.247159e-01 -3.335867e-01 -1.358480e-01 3.103592e-01 1.693460e-01 -1.143050e-01 1.343362e-01 1.157011e-02
<VARIANCE> 39
 3.672938e+00 2.147164e+01 6.733057e+00 6.900706e+00 3.278208e+00 1.026845e+01 2.915084e+00 1.505950e+01 1.385806e+01 4.064609e+00 7.607784e+00 6.243820e+00 1.638262e-02 5.054076e-01 3.684582e-01 1.165526e+00 4.762205e-01 8.045688e-01 3.641276e-01 9.777243e-01 9.424279e-01 1.720685e+00 1.932260e+00 1.033522e+00 1.153170e+00 1.000000e-02 4.629731e-02 1.948436e-01 1.013412e-01 1.636826e-01 2.464448e-01 1.631092e-01 7.629836e-02 1.780875e-01 5.159550e-01 4.028538e-01 3.438111e-01 3.144706e-01 1.000000e-02
<GCONST> 5.943451e+01
<STATE> 20
<MEAN> 39
 -2.205312e+00 -1.678398e+01 -6.876514e+00 -1.527229e+00 -3.729225e+00 -1.061019e+01 2.560966e+00 2.594255e+00 3.998632e+00 -2.023601e+00 1.449701e+00 -7.221589e-01 1.798474e-01 -1.468879e-01 6.569652e-01 6.312907e-01 -2.625637e-01 3.947815e-01 -1.464826e-01 -4.872643e-01 -3.534879e-01 2.542265e-01 4.973984e-01 1.604503e-01 5.837122e-01 -8.602154e-03 -1.782451e-01 7.249755e-02 7.730946e-02 -3.209415e-02 2.317821e-01 2.867039e-01 8.089112e-02 6.705664e-03 3.815101e-02 -2.388936e-01 -3.218207e-01 -2.595817e-02 -1.877963e-03
<VARIANCE> 39
 1.053726e+01 8.501687e+00 5.434317e+00 4.709889e+00 6.610817e+00 1.002979e+01 3.441996e+00 8.156118e+00 1.514791e+01 8.981656e+00 9.838816e+00 7.020665e+00 2.686951e-02 3.721101e-01 8.164516e-01 7.931561e-01 5.477061e-01 1.024575e+00 8.507246e-01 1.687558e-01 5.802478e-01 1.449033e+00 9.912779e-01 1.118390e+00 1.141952e+00 1.000000e-02 1.553458e-01 6.012419e-02 2.249915e-01 8.943545e-02 1.686789e-01 6.489357e-02 1.177971e-01 9.820767e-02 2.127830e-01 2.679327e-01 1.793373e-01 1.506385e-01 1.000000e-02
<GCONST> 5.535624e+01
<STATE> 21
<MEAN> 39
 -3.662894e+00 -1.451999e+01 -5.591728e+00 -2.526915e+00 -8.557043e-01 -8.341876e+00 3.182640e+00 2.326281e+00 2.455208e+00 -3.118673e+00 5.780762e-02 5.377388e-01 1.181249e-01 -5.276331e-01 5.862268e-01 4.638101e-01 1.838511e-01 9.806638e-01 8.167294e-01 3.086565e-01 -6.551085e-01 -2.697608e-01 -5.563617e-01 -6.172039e-01 -7.150254e-01 -1.173283e-02 -1.397963e-01 -7.570498e-04 -7.743692e-02 8.554910e-02 -8.595920e-02 1.026697e-01 8.952753e-02 1.234441e-01 1.750410e-01 -6.637604e-02 3.148539e-02 -2.710665e-01 -6.857814e-03
<VARIANCE> 39
 3.900436e+00 1.627067e+01 1.323915e+01 3.726276e+00 1.717949e+01 5.483317e+00 1.001048e+01 1.761151e+01 1.448086e+01 4.564240e+00 7.817839e+00 5.935928e+00 1.458044e-02 5.564337e-01 8.113909e-01 5.453427e-01 8.216879e-01 8.983437e-01 7.930824e-01 9.720933e-01 3.974959e-01 6.512270e-01 5.428956e-01 6.003903e-01 9.393559e-01 1.000000e-02 4.145784e-02 8.703925e-02 2.817152e-01 2.512379e-01 2.822045e-01 2.331024e-01 5.752571e-02 2.657831e-01 3.468830e-01 7.713749e-02 2.055045e-01 2.549067e-01 1.000000e-02
<GCONST> 5.778888e+01
<STATE> 22
<MEAN> 39
 -4.973143e+00 -1.434732e+01 -5.081911e+00 -1.502183e+00 -6.427277e-01 -6.937904e+00 3.799864e+00 8.280152e-01 3.478691e+00 -4.261447e+00 -6.962008e-01 -3.029576e+00 7.382286e-02 -6.173689e-01 7.914437e-01 4.881066e-01 -1.022028e-01 1.791926e-01 3.807379e-01 -7.355005e-02 6.318968e-02 6.110511e-01 2.346037e-01 2.140862e-01 -2.038188e-02 -3.318698e-02 1.437599e-01 4.298980e-02 3.717702e-02 -7.056759e-02 -2.135128e-01 -2.507735e-01 -1.577002e-01 2.103796e-01 3.741331e-02 3.517470e-01 3.978334e-01 3.419669e-01 2.882990e-03
<VARIANCE> 39
 2.084864e+00 1.401483e+01 4.822300e+00 5.632155e+00 2.624280e+00 1.169538e+01 6.497730e+00 4.036827e+00 1.771769e+01 5.148314e+00 6.476479e+00 8.495331e+00 1.453540e-02 7.409329e-01 3.179868e-01 1.305629e+00 1.772215e+00 1.095153e+00 4.749699e-01 5.765469e-01 1.952015e+00 2.200786e+00 7.212768e-01 1.262540e+00 1.453272e+00 1.000000e-02 2.714052e-02 1.225280e-01 1.138473e-01 1.883207e-01 1.392270e-01 1.246219e-01 2.713244e-01 1.626918e-01 4.051652e-01 8.481830e-02 8.918563e-02 2.726645e-01 1.000000e-02
<GCONST> 5.624063e+01
<STATE> 23
<MEAN> 39
 -5.502951e+00 -1.256715e+01 -4.019557e+00 -1.721021e+00 3.359193e-01 -8.247364e+00 2.158669e+00 2.724558e+00 5.178187e+00 -1.364076e+00 2.298524e+00 2.718719e-01 4.244224e-02 -2.566825e-01 5.127613e-01 4.827867e-01 -2.263291e-02 4.749480e-02 -3.586026e-01 -7.475350e-01 -1.736221e-01 -7.160593e-03 6.578286e-01 7.620404e-01 4.781637e-01 -1.399705e-02 2.152229e-01 -8.639923e-02 -7.189023e-02 -1.297654e-02 5.294357e-02 1.055586e-01 3.471045e-02 -2.869782e-01 -3.971453e-01 -2.705235e-01 -2.650251e-01 -2.076589e-02 1.046978e-02
<VARIANCE> 39
 2.919582e+00 1.341475e+01 4.931064e+00 1.198218e+01 9.955643e+00 2.962795e+00 9.612447e+00 1.081149e+01 9.463133e+00 6.894361e+00 8.967737e+00 1.014060e+01 1.000000e-02 2.822187e-01 3.039439e-01 6.707861e-01 7.222569e-01 2.504781e-01 9.493773e-01 1.195304e+00 7.898387e-01 2.486724e+00 1.216697e+00 5.808901e-01 9.952240e-01 1.000000e-02 9.983756e-02 5.322952e-02 2.911581e-01 3.279930e-01 2.059782e-01 1.367820e-01 2.304584e-01 2.389817e-01 5.957848e-01 2.744188e-01 1.967937e-01 2.436029e-01 1.000000e-02
<GCONST> 5.930611e+01
<STATE> 24
<MEAN> 39
 -5.814056e+00 -1.177109e+01 -2.839505e+00 -1.501789e+00 -1.272377e+00 -8.745143e+00 1.026349e+00 8.037348e-01 4.186327e+00 -2.098207e+00 1.479229e+00 -6.461898e-01 3.831279e-02 3.809584e-02 2.921401e-01 3.177165e-01 7.723626e-02 6.368738e-01 9.134859e-01 3.132691e-01 -5.922635e-01 -1.043769e+00 -6.926784e-01 -3.308235e-01 2.006601e-01 5.076707e-03 1.447707e-01 2.662581e-02 -4.899115e-02 1.577219e-02 1.888908e-01 4.082307e-01 1.455260e-01 -1.517055e-01 -7.717345e-03 -7.791252e-02 -1.198118e-01 -2.557853e-01 5.167356e-03
<VARIANCE> 39
 2.156448e+00 6.316896e+00 7.437242e+00 6.470339e+00 7.473581e+00 1.099055e+01 5.938393e+00 1.060986e+01 2.598933e+01 3.136589e+01 6.709213e+00 4.974870e+00 1.000000e-02 1.845118e-01 7.936859e-01 9.322907e-01 8.766369e-01 7.884259e-01 5.420730e-01 7.994950e-01 7.195414e-01 1.962284e+00 1.839326e+00 6.315723e-01 1.290460e+00 1.000000e-02 5.253843e-02 1.018994e-01 1.707978e-01 1.145142e-01 1.017325e-01 2.510383e-01 3.334009e-01 1.128936e-01 3.532583e-01 3.756664e-01 1.493724e-01 1.605488e-01 1.000000e-02
<GCONST> 5.880146e+01
<TRANSP> 25
 0.000000e+00 1.000000e+00 0.000000e+00 0.000000e+00 0.000000e+00 0.000000e+00 0.000000e+00 0.000000e+00 0.000000e+00 0.000000e+00 0.000000e+00 0.000000e+00 0.000000e+00 0.000000e+00 0.000000e+00 0.000000e+00 0.000000e+00 0.000000e+00 0.000000e+00 0.000000e+00 0.000000e+00 0.000000e+00 0.000000e+00 0.000000e+00 0.000000e+00
 0.000000e+00 5.833333e-01 4.166667e-01 0.000000e+00 0.000000e+00 0.000000e+00 0.000000e+00 0.000000e+00 0.000000e+00 0.000000e+00 0.000000e+00 0.000000e+00 0.000000e+00 0.000000e+00 0.000000e+00 0.000000e+00 0.000000e+00 0.000000e+00 0.000000e+00 0.000000e+00 0.000000e+00 0.000000e+00 0.000000e+00 0.000000e+00 0.000000e+00
 0.000000e+00 0.000000e+00 5.000000e-01 5.000000e-01 0.000000e+00 0.000000e+00 0.000000e+00 0.000000e+00 0.000000e+00 0.000000e+00 0.000000e+00 0.000000e+00 0.000000e+00 0.000000e+00 0.000000e+00 0.000000e+00 0.000000e+00 0.000000e+00 0.000000e+00 0.000000e+00 0.000000e+00 0.000000e+00 0.000000e+00 0.000000e+00 0.000000e+00
 0.000000e+00 0.000000e+00 0.000000e+00 5.000000e-01 5.000000e-01 0.000000e+00 0.000000e+00 0.000000e+00 0.000000e+00 0.000000e+00 0.000000e+00 0.000000e+00 0.000000e+00 0.000000e+00 0.000000e+00 0.000000e+00 0.000000e+00 0.000000e+00 0.000000e+00 0.000000e+00 0.000000e+00 0.000000e+00 0.000000e+00 0.000000e+00 0.000000e+00
 0.000000e+00 0.000000e+00 0.000000e+00 0.000000e+00 4.444444e-01 5.555556e-01 0.000000e+00 0.000000e+00 0.000000e+00 0.000000e+00 0.000000e+00 0.000000e+00 0.000000e+00 0.000000e+00 0.000000e+00 0.000000e+00 0.000000e+00 0.000000e+00 0.000000e+00 0.000000e+00 0.000000e+00 0.000000e+00 0.000000e+00 0.000000e+00 0.000000e+00
 0.000000e+00 0.000000e+00 0.000000e+00 0.000000e+00 0.000000e+00 5.000000e-01 5.000000e-01 0.000000e+00 0.000000e+00 0.000000e+00 0.000000e+00 0.000000e+00 0.000000e+00 0.000000e+00 0.000000e+00 0.000000e+00 0.000000e+00 0.000000e+00 0.000000e+00 0.000000e+00 0.000000e+00 0.000000e+00 0.000000e+00 0.000000e+00 0.000000e+00
 0.000000e+00 0.000000e+00 0.000000e+00 0.000000e+00 0.000000e+00 0.000000e+00 4.444444e-01 5.555556e-01 0.000000e+00 0.000000e+00 0.000000e+00 0.000000e+00 0.000000e+00 0.000000e+00 0.000000e+00 0.000000e+00 0.000000e+00 0.000000e+00 0.000000e+00 0.000000e+00 0.000000e+00 0.000000e+00 0.000000e+00 0.000000e+00 0.000000e+00
 0.000000e+00 0.000000e+00 0.000000e+00 0.000000e+00 0.000000e+00 0.000000e+00 0.000000e+00 5.000000e-01 5.000000e-01 0.000000e+00 0.000000e+00 0.000000e+00 0.000000e+00 0.000000e+00 0.000000e+00 0.000000e+00 0.000000e+00 0.000000e+00 0.000000e+00 0.000000e+00 0.000000e+00 0.000000e+00 0.000000e+00 0.000000e+00 0.000000e+00
 0.000000e+00 0.000000e+00 0.000000e+00 0.000000e+00 0.000000e+00 0.000000e+00 0.000000e+00 0.000000e+00 5.454546e-01 4.545455e-01 0.000000e+00 0.000000e+00 0.000000e+00 0.000000e+00 0.000000e+00 0.000000e+00 0.000000e+00 0.000000e+00 0.000000e+00 0.000000e+00 0.000000e+00 0.000000e+00 0.000000e+00 0.000000e+00 0.000000e+00
 0.000000e+00 0.000000e+00 0.000000e+00 0.000000e+00 0.000000e+00 0.000000e+00 0.000000e+00 0.000000e+00 0.000000e+00 6.428571e-01 3.571429e-01 0.000000e+00 0.000000e+00 0.000000e+00 0.000000e+00 0.000000e+00 0.000000e+00 0.000000e+00 0.000000e+00 0.000000e+00 0.000000e+00 0.000000e+00 0.000000e+00 0.000000e+00 0.000000e+00
 0.000000e+00 0.000000e+00 0.000000e+00 0.000000e+00 0.000000e+00 0.000000e+00 0.000000e+00 0.000000e+00 0.000000e+00 0.000000e+00 2.857143e-01 7.142857e-01 0.000000e+00 0.000000e+00 0.000000e+00 0.000000e+00 0.000000e+00 0.000000e+00 0.000000e+00 0.000000e+00 0.000000e+00 0.000000e+00 0.000000e+00 0.000000e+00 0.000000e+00
 0.000000e+00 0.000000e+00 0.000000e+00 0.000000e+00 0.000000e+00 0.000000e+00 0.000000e+00 0.000000e+00 0.000000e+00 0.000000e+00 0.000000e+00 4.444444e-01 5.555556e-01 0.000000e+00 0.000000e+00 0.000000e+00 0.000000e+00 0.000000e+00 0.000000e+00 0.000000e+00 0.000000e+00 0.000000e+00 0.000000e+00 0.000000e+00 0.000000e+00
 0.000000e+00 0.000000e+00 0.000000e+00 0.000000e+00 0.000000e+00 0.000000e+00 0.000000e+00 0.000000e+00 0.000000e+00 0.000000e+00 0.000000e+00 0.000000e+00 4.444444e-01 5.555556e-01 0.000000e+00 0.000000e+00 0.000000e+00 0.000000e+00 0.000000e+00 0.000000e+00 0.000000e+00 0.000000e+00 0.000000e+00 0.000000e+00 0.000000e+00
 0.000000e+00 0.000000e+00 0.000000e+00 0.000000e+00 0.000000e+00 0.000000e+00 0.000000e+00 0.000000e+00 0.000000e+00 0.000000e+00 0.000000e+00 0.000000e+00 0.000000e+00 4.444444e-01 5.555556e-01 0.000000e+00 0.000000e+00 0.000000e+00 0.000000e+00 0.000000e+00 0.000000e+00 0.000000e+00 0.000000e+00 0.000000e+00 0.000000e+00
 0.000000e+00 0.000000e+00 0.000000e+00 0.000000e+00 0.000000e+00 0.000000e+00 0.000000e+00 0.000000e+00 0.000000e+00 0.000000e+00 0.000000e+00 0.000000e+00 0.000000e+00 0.000000e+00 5.000000e-01 5.000000e-01 0.000000e+00 0.000000e+00 0.000000e+00 0.000000e+00 0.000000e+00 0.000000e+00 0.000000e+00 0.000000e+00 0.000000e+00
 0.000000e+00 0.000000e+00 0.000000e+00 0.000000e+00 0.000000e+00 0.000000e+00 0.000000e+00 0.000000e+00 0.000000e+00 0.000000e+00 0.000000e+00 0.000000e+00 0.000000e+00 0.000000e+00 0.000000e+00 5.000000e-01 5.000000e-01 0.000000e+00 0.000000e+00 0.000000e+00 0.000000e+00 0.000000e+00 0.000000e+00 0.000000e+00 0.000000e+00
 0.000000e+00 0.000000e+00 0.000000e+00 0.000000e+00 0.000000e+00 0.000000e+00 0.000000e+00 0.000000e+00 0.000000e+00 0.000000e+00 0.000000e+00 0.000000e+00 0.000000e+00 0.000000e+00 0.000000e+00 0.000000e+00 2.857143e-01 7.142857e-01 0.000000e+00 0.000000e+00 0.000000e+00 0.000000e+00 0.000000e+00 0.000000e+00 0.000000e+00
 0.000000e+00 0.000000e+00 0.000000e+00 0.000000e+00 0.000000e+00 0.000000e+00 0.000000e+00 0.000000e+00 0.000000e+00 0.000000e+00 0.000000e+00 0.000000e+00 0.000000e+00 0.000000e+00 0.000000e+00 0.000000e+00 0.000000e+00 5.000000e-01 5.000000e-01 0.000000e+00 0.000000e+00 0.000000e+00 0.000000e+00 0.000000e+00 0.000000e+00
 0.000000e+00 0.000000e+00 0.000000e+00 0.000000e+00 0.000000e+00 0.000000e+00 0.000000e+00 0.000000e+00 0.000000e+00 0.000000e+00 0.000000e+00 0.000000e+00 0.000000e+00 0.000000e+00 0.000000e+00 0.000000e+00 0.000000e+00 0.000000e+00 5.833333e-01 4.166667e-01 0.000000e+00 0.000000e+00 0.000000e+00 0.000000e+00 0.000000e+00
 0.000000e+00 0.000000e+00 0.000000e+00 0.000000e+00 0.000000e+00 0.000000e+00 0.000000e+00 0.000000e+00 0.000000e+00 0.000000e+00 0.000000e+00 0.000000e+00 0.000000e+00 0.000000e+00 0.000000e+00 0.000000e+00 0.000000e+00 0.000000e+00 0.000000e+00 5.454546e-01 4.545455e-01 0.000000e+00 0.000000e+00 0.000000e+00 0.000000e+00
 0.000000e+00 0.000000e+00 0.000000e+00 0.000000e+00 0.000000e+00 0.000000e+00 0.000000e+00 0.000000e+00 0.000000e+00 0.000000e+00 0.000000e+00 0.000000e+00 0.000000e+00 0.000000e+00 0.000000e+00 0.000000e+00 0.000000e+00 0.000000e+00 0.000000e+00 0.000000e+00 3.750000e-01 6.250000e-01 0.000000e+00 0.000000e+00 0.000000e+00
 0.000000e+00 0.000000e+00 0.000000e+00 0.000000e+00 0.000000e+00 0.000000e+00 0.000000e+00 0.000000e+00 0.000000e+00 0.000000e+00 0.000000e+00 0.000000e+00 0.000000e+00 0.000000e+00 0.000000e+00 0.000000e+00 0.000000e+00 0.000000e+00 0.000000e+00 0.000000e+00 0.000000e+00 5.454546e-01 4.545455e-01 0.000000e+00 0.000000e+00
 0.000000e+00 0.000000e+00 0.000000e+00 0.000000e+00 0.000000e+00 0.000000e+00 0.000000e+00 0.000000e+00 0.000000e+00 0.000000e+00 0.000000e+00 0.000000e+00 0.000000e+00 0.000000e+00 0.000000e+00 0.000000e+00 0.000000e+00 0.000000e+00 0.000000e+00 0.000000e+00 0.000000e+00 0.000000e+00 4.444444e-01 5.555556e-01 0.000000e+00
 0.000000e+00 0.000000e+00 0.000000e+00 0.000000e+00 0.000000e+00 0.000000e+00 0.000000e+00 0.000000e+00 0.000000e+00 0.000000e+00 0.000000e+00 0.000000e+00 0.000000e+00 0.000000e+00 0.000000e+00 0.000000e+00 0.000000e+00 0.000000e+00 0.000000e+00 0.000000e+00 0.000000e+00 0.000000e+00 0.000000e+00 3.750000e-01 6.250000e-01
 0.000000e+00 0.000000e+00 0.000000e+00 0.000000e+00 0.000000e+00 0.000000e+00 0.000000e+00 0.000000e+00 0.000000e+00 0.000000e+00 0.000000e+00 0.000000e+00 0.000000e+00 0.000000e+00 0.000000e+00 0.000000e+00 0.000000e+00 0.000000e+00 0.000000e+00 0.000000e+00 0.000000e+00 0.000000e+00 0.000000e+00 0.000000e+00 0.000000e+00
<ENDHMM>
