~o
<STREAMINFO> 1 39
<VECSIZE> 39<NULLD><MFCC_E_D_A><DIAGC>
~h "Hai"
<BEGINHMM>
<NUMSTATES> 26
<STATE> 2
<MEAN> 39
 -7.032658e+00 -1.046089e+01 -4.608406e-01 -1.929142e+00 3.275377e+00 -5.925505e+00 1.709195e+00 -2.080999e+00 -8.127658e-01 -6.157817e+00 1.507769e+00 -1.642039e+00 1.086691e-02 -1.101616e+00 -4.935510e-01 -7.392337e-01 -2.984111e-01 2.642309e-01 -1.464761e-01 2.420853e-01 5.668311e-01 6.001430e-02 -9.073251e-01 -2.363366e-01 -4.780608e-01 2.333236e-02 -3.484474e-01 -1.523856e-01 -3.966694e-01 1.110391e-02 1.061369e-01 3.246643e-01 2.251193e-01 2.645153e-01 1.349359e-01 -1.106088e-01 1.629985e-01 1.633278e-01 1.245627e-02
<VARIANCE> 39
 6.280267e+00 6.858508e+00 1.732476e+01 5.068670e+00 8.845143e+00 2.387854e+01 1.326002e+01 1.079760e+01 1.158986e+01 1.346741e+01 6.248131e+00 1.215506e+01 1.000000e-02 1.537206e+00 3.380541e+00 1.995468e+00 4.440390e-01 9.732534e-01 2.825879e+00 1.275224e+00 8.824960e-01 1.324147e+00 6.310545e-01 1.525223e+00 1.120088e+00 1.000000e-02 2.424283e-01 2.496063e-01 2.320551e-01 1.754485e-01 1.035663e-01 2.548743e-01 1.694732e-01 2.200047e-01 2.853090e-01 1.205794e-01 1.490047e-01 1.379312e-01 1.000000e-02
<GCONST> 6.862579e+01
<STATE> 3
<MEAN> 39
 -1.182465e+01 -8.806433e+00 -6.545580e+00 -1.147187e+00 4.192696e+00 -2.603460e+00 4.346956e+00 1.420261e+00 9.951224e-01 -9.397948e+00 8.896306e-01 -1.816326e+00 1.373103e-01 -7.194011e-01 -9.813703e-01 -4.502741e-01 5.729333e-01 1.800238e-01 2.385952e-01 4.494839e-01 3.518302e-01 -3.606216e-01 -1.480887e+00 -7.694440e-01 4.888927e-01 3.703343e-02 6.129392e-01 -5.207806e-01 6.433012e-01 -1.238067e-01 -4.998052e-02 -1.338441e-01 -3.788148e-01 -4.210102e-01 -8.246014e-02 4.042917e-01 -5.471940e-02 4.084411e-03 -7.325623e-03
<VARIANCE> 39
 3.945787e+01 1.055127e+02 5.389305e+01 2.956498e+01 1.269502e+01 3.713705e+01 1.196757e+01 6.812557e+00 6.520643e+00 1.689793e+01 3.057232e+01 1.329209e+01 1.496979e-02 2.905719e+00 4.652343e+00 3.765233e+00 1.965181e+00 5.341966e-01 8.907425e-01 7.997417e-01 6.542146e-01 4.731920e-01 9.361200e-01 1.248433e+00 7.132817e-01 1.000000e-02 7.434083e-01 1.135356e+00 8.949783e-01 4.661632e-01 1.007247e-01 2.834311e-01 2.226405e-01 6.718442e-02 1.867018e-01 4.411243e-01 5.069717e-01 2.592033e-01 1.000000e-02
<GCONST> 8.419521e+01
<STATE> 4
<MEAN> 39
 -9.358699e+00 -1.376153e+01 -3.706344e+00 -1.910751e+00 3.943692e+00 -3.942290e+00 2.954297e+00 -3.225627e-01 -6.395267e-01 -9.535276e+00 -8.699613e-01 -2.513885e+00 1.314724e-01 1.324066e-01 -1.679574e+00 1.238106e-01 -8.769788e-01 -6.165619e-02 -4.030663e-03 -8.150954e-01 -5.973732e-01 3.265380e-02 1.110732e+00 6.145076e-01 -3.034239e-02 9.981971e-03 -1.764511e-01 2.533700e-01 -3.148608e-01 -3.419847e-02 5.903944e-02 1.636362e-01 -1.553911e-01 3.238415e-02 2.335523e-01 1.540262e-01 1.978806e-01 1.036841e-01 -2.913898e-03
<VARIANCE> 39
 2.581092e+01 3.251146e+01 1.629488e+01 1.647689e+01 1.457736e+01 2.143514e+01 6.995965e+00 1.520712e+01 1.020096e+01 2.298988e+01 1.315165e+01 6.997608e+00 4.532265e-02 2.968444e+00 2.161461e+00 3.320019e+00 1.596291e+00 7.484808e-01 5.324147e-01 2.065500e-01 1.738475e+00 5.797927e-01 7.837140e-01 1.284576e+00 6.732773e-01 1.000000e-02 2.162703e-01 3.176122e-01 1.587403e-01 2.876506e-01 1.665558e-01 1.286512e-01 8.478734e-02 3.078353e-01 8.901914e-02 5.083025e-01 2.496178e-01 9.881184e-02 1.000000e-02
<GCONST> 7.268615e+01
<STATE> 5
<MEAN> 39
 -7.701109e+00 -1.522420e+01 -7.096674e+00 -3.028816e+00 7.076474e+00 -9.570633e-01 1.228804e+00 -1.387536e+00 9.502119e-01 -4.347181e+00 1.172238e+00 -2.528677e+00 5.370740e-02 -3.424131e-01 -3.313873e-01 7.669410e-02 4.651511e-02 5.360921e-01 6.516439e-01 -5.853098e-02 1.060774e-02 4.102974e-01 -1.165368e-01 -5.919834e-02 3.633882e-01 1.362971e-02 1.016379e-01 1.365567e-01 -8.316262e-02 2.529482e-01 -2.245286e-01 1.050063e-01 1.167898e-01 -1.316670e-01 -9.065580e-02 -2.084783e-01 -1.307003e-01 -4.366075e-02 3.193355e-03
<VARIANCE> 39
 2.250906e+01 1.451977e+01 2.236138e+01 5.660350e+00 1.546520e+01 2.799524e+01 1.046877e+01 1.447722e+01 1.065897e+01 1.694788e+01 1.331858e+01 6.950678e+00 3.418753e-02 4.351532e-01 4.170182e-01 1.595682e+00 4.970461e-01 5.836112e-01 1.483293e+00 1.277694e+00 1.687952e+00 6.966274e-01 1.008780e+00 1.294004e+00 6.985558e-01 1.000000e-02 2.410716e-01 9.298502e-02 2.186509e-01 2.114850e-01 2.457091e-01 2.248564e-01 2.503687e-01 4.743700e-01 1.948934e-01 2.880312e-01 3.105210e-01 6.892292e-02 1.000000e-02
<GCONST> 7.014685e+01
<STATE> 6
<MEAN> 39
 -1.523269e+01 -2.068962e+01 -6.207532e+00 -9.145276e-02 2.219499e+00 1.927838e+00 3.520161e-01 -1.931716e+00 1.831502e+00 -1.460268e+01 -9.101854e-01 1.890629e+00 4.402117e-01 6.268551e-01 -6.240666e-02 -2.964692e+00 1.239479e+00 -1.638690e+00 1.332407e+00 -2.437626e-01 -1.228865e+00 5.052417e-01 -1.398193e+00 -6.368154e-01 -7.212250e-01 5.328145e-02 4.078719e-01 2.271542e-01 -4.758453e-01 8.808573e-02 -2.671730e-01 -1.209812e-01 9.800242e-03 -2.332528e-01 2.882382e-01 -2.149540e-02 2.317328e-01 -2.393812e-01 3.300535e-03
<VARIANCE> 39
 1.461876e+01 1.732544e+01 4.067700e+01 1.496899e+01 2.438352e+01 1.688753e+01 2.875900e+01 1.653551e+01 1.284414e+01 2.601221e+01 1.130078e+01 8.117369e+00 3.326480e-02 2.488742e+00 1.279966e+00 2.887357e+00 1.958210e+00 1.844806e+00 8.423578e-01 1.471537e+00 3.182647e+00 2.624759e+00 2.930192e+00 1.255556e+00 7.177194e-01 1.000000e-02 3.518186e-01 2.142709e-01 2.744348e-01 2.356428e-01 3.082100e-01 3.730836e-01 3.989738e-01 4.653894e-01 5.078939e-01 6.758596e-01 2.213970e-01 2.244521e-01 1.000000e-02
<GCONST> 8.709534e+01
<STATE> 7
<MEAN> 39
 -8.352546e+00 -1.861983e+01 -1.974640e+01 2.968047e+00 -2.843174e+00 5.041863e+00 3.589492e-01 -8.259641e+00 5.435336e+00 -1.697923e+01 4.644086e-01 -4.740687e+00 5.907987e-01 1.284902e+00 2.250837e-01 -2.585900e+00 1.188311e+00 -1.308623e+00 -2.004055e-01 1.692554e-01 -1.019623e+00 2.025142e+00 -1.308761e-01 1.398847e+00 -4.808840e-01 7.293305e-02 -5.572467e-01 -3.189328e-01 1.066882e+00 -3.176491e-01 8.119304e-01 -5.363264e-01 -2.146598e-04 8.627923e-01 -3.118202e-02 5.483739e-01 5.979415e-02 4.824997e-01 -2.358687e-03
<VARIANCE> 39
 7.236872e+00 1.998409e+01 7.579607e+01 2.081455e+01 3.396709e+01 7.814711e+01 7.501655e+00 2.054442e+01 1.013619e+01 8.310368e+01 8.185584e+00 1.566726e+01 7.774486e-02 8.034843e-01 1.040364e+00 3.583113e+00 1.301547e+00 1.549138e+00 4.319637e+00 1.473997e+00 1.853920e+00 1.367051e+00 3.101995e+00 6.007352e-01 7.709029e-01 1.000000e-02 1.219087e-01 2.688078e-01 8.444912e-01 6.054233e-01 3.243404e-01 2.815441e-01 6.258579e-02 5.141342e-01 1.410078e-01 7.504179e-01 4.055143e-01 5.802534e-02 1.000000e-02
<GCONST> 8.578928e+01
<STATE> 8
<MEAN> 39
 -8.956516e+00 -2.061958e+01 -2.183584e+01 6.500374e+00 -2.113407e+00 4.214061e+00 1.353273e+00 -6.451871e+00 1.041120e+01 -1.735497e+01 2.594951e+00 -2.319659e+00 8.360810e-01 -5.096701e-01 -8.032999e-01 7.982199e-01 -7.889774e-01 1.166687e+00 -9.590495e-01 -3.945618e-01 1.131312e+00 9.831927e-02 6.665462e-01 2.163355e-01 3.789861e-01 3.498096e-02 -3.970118e-01 -2.154333e-01 6.391722e-01 -7.259034e-01 3.794304e-01 -1.600689e-01 -2.486668e-01 4.846402e-01 -8.042819e-01 9.654453e-02 -4.479437e-01 1.542376e-02 -1.600275e-02
<VARIANCE> 39
 3.417817e+00 6.499165e+00 2.766113e+01 5.101571e+00 2.821865e+01 6.863486e+01 1.589904e+01 1.135116e+01 6.667476e+00 6.247363e+01 5.838214e+00 9.814932e+00 4.916099e-02 2.447390e-01 6.704538e-01 1.824323e+00 1.868273e+00 1.221107e+00 5.977115e-01 5.387307e-01 1.174571e+00 1.257118e+00 1.763490e+00 6.670224e-01 5.254926e-01 1.000000e-02 6.806581e-02 1.023195e-01 7.507578e-01 2.046800e-01 2.284717e-01 3.980565e-01 6.682335e-02 1.879571e-01 9.621413e-02 6.300228e-01 6.681562e-02 4.454454e-02 1.000000e-02
<GCONST> 6.650832e+01
<STATE> 9
<MEAN> 39
 -9.758710e+00 -2.091541e+01 -1.664738e+01 -1.965074e+00 3.390702e+00 9.999402e-02 -7.287936e-01 -3.280446e+00 4.775458e+00 -1.217481e+01 2.797825e-01 -3.688612e+00 5.805783e-01 -4.584525e-01 -3.462290e-01 2.716303e-01 -6.048476e-01 8.317253e-01 3.279388e-01 2.064114e-02 9.817997e-01 -8.702593e-01 -5.230895e-01 -5.035518e-01 -7.143185e-02 3.960697e-03 1.821460e-01 2.199539e-01 9.664002e-02 4.951020e-01 -2.063495e-02 4.589522e-01 2.024927e-01 -2.083688e-01 -5.788383e-02 -1.245782e-01 2.339442e-02 -5.186025e-02 -6.501207e-04
<VARIANCE> 39
 1.605677e+01 1.380393e+01 3.965096e+01 9.058610e+00 1.059876e+01 4.195030e+01 1.006327e+01 5.902554e+00 5.979245e+00 7.370879e+01 2.071424e+00 8.929074e+00 1.952374e-01 1.662571e-01 5.168862e-01 1.096785e+00 1.388280e+00 4.326978e-01 2.461092e+00 8.654926e-01 6.745586e-01 5.197502e-01 2.251118e+00 4.339873e-01 2.646700e-01 1.000000e-02 2.718828e-02 4.638312e-02 6.464579e-02 1.818286e-01 2.084835e-01 4.504499e-01 1.713648e-01 2.249687e-01 6.281605e-02 2.918186e-01 1.248415e-01 5.838253e-02 1.000000e-02
<GCONST> 6.112867e+01
<STATE> 10
<MEAN> 39
 -9.350581e+00 -2.045090e+01 -1.575958e+01 1.467732e+00 5.832446e+00 2.607725e+00 9.081309e-01 -3.068496e+00 2.758830e+00 -1.444364e+01 1.434358e-01 -4.260029e+00 6.307111e-01 5.475888e-02 -2.623799e-01 4.745010e-01 1.607324e-01 -2.454186e-01 3.163093e-01 -3.155885e-01 1.504254e-01 -6.674044e-01 1.595556e-01 1.450125e-01 -4.333503e-02 7.955264e-03 -2.903804e-03 -8.883680e-02 -9.448908e-02 -2.026086e-01 -3.081811e-01 1.243987e-02 4.015613e-02 9.923984e-02 1.640804e-01 2.210323e-01 1.754028e-01 9.085507e-02 -2.529764e-03
<VARIANCE> 39
 1.244282e+01 1.151899e+01 3.976175e+01 1.358800e+01 2.035398e+01 3.132039e+01 1.723371e+01 1.238043e+01 1.973745e+01 7.047932e+01 1.800309e+01 9.957717e+00 2.137458e-01 1.102086e-01 3.714705e-01 5.972217e-01 1.093511e+00 8.321120e-01 4.768232e-01 4.614910e-01 2.015614e+00 1.212899e+00 7.712145e-01 1.103091e+00 2.918072e-01 1.000000e-02 1.837977e-02 5.734976e-02 1.074529e-01 1.229544e-01 1.050304e-01 1.032254e-01 1.026990e-01 2.846357e-01 2.465241e-01 7.270033e-02 1.213358e-01 8.971681e-02 1.000000e-02
<GCONST> 6.282899e+01
<STATE> 11
<MEAN> 39
 -1.074954e+01 -2.333477e+01 -1.539057e+01 -5.866510e-01 8.554633e-01 4.564574e+00 -2.071644e+00 -4.522036e-01 5.228595e+00 -1.205313e+01 1.639059e+00 -7.141492e-01 7.732008e-01 -1.057959e-01 -3.412224e-02 2.164157e-01 -2.988758e-01 -1.074095e-01 1.134693e-01 6.155486e-01 1.412349e-02 -4.330176e-01 1.246992e-01 2.110923e-01 1.119303e-01 5.794087e-04 1.358291e-02 1.830080e-01 -8.647828e-02 1.209914e-01 -1.262485e-01 -8.329456e-02 3.462046e-01 -2.826931e-01 -1.285236e-01 -3.027528e-01 -1.851805e-02 -1.452348e-01 -2.984376e-03
<VARIANCE> 39
 1.448288e+01 1.873006e+01 2.969397e+01 1.465233e+01 1.343115e+01 1.923091e+01 2.167766e+01 8.989019e+00 1.492248e+01 4.411256e+01 1.121129e+01 1.117512e+01 1.647163e-01 2.146253e-01 3.844306e-01 6.999016e-01 6.776854e-01 4.244733e-01 5.831227e-01 7.238331e-01 5.988216e-01 1.874830e+00 6.624389e-01 3.513588e-01 4.243391e-01 1.000000e-02 3.536053e-02 7.097371e-02 1.249536e-01 1.434493e-01 1.456946e-01 6.876676e-02 4.198785e-02 1.149423e-01 2.362599e-01 5.529588e-02 7.843405e-02 6.217967e-02 1.000000e-02
<GCONST> 5.772185e+01
<STATE> 12
<MEAN> 39
 -1.020395e+01 -2.067881e+01 -1.462883e+01 -4.139751e-01 4.915703e-01 1.885926e+00 6.229641e+00 -2.043798e+00 7.765895e-02 -1.548257e+01 2.425591e+00 -3.124935e+00 6.789100e-01 -1.096747e-01 4.534557e-01 2.275461e-01 -3.011441e-01 -1.123025e+00 -8.359006e-01 1.513553e+00 3.588327e-01 -4.955231e-01 2.784361e-02 -3.101449e-02 -6.372197e-01 -1.052837e-02 -4.908634e-02 -6.942298e-02 1.092937e-02 -2.590923e-01 -2.014676e-01 -4.259147e-01 -1.894992e-01 1.707330e-01 3.250653e-01 5.995197e-01 -9.757739e-02 -1.475726e-01 -8.499020e-04
<VARIANCE> 39
 1.489660e+01 1.495003e+01 5.086610e+01 1.096651e+01 1.914762e+01 4.134695e+01 4.642781e+01 7.894766e+00 4.283833e+01 6.096332e+01 3.581614e+01 2.097331e+01 1.915200e-01 9.115976e-02 2.684388e-01 2.330360e-01 3.452745e-01 1.292219e+00 9.405486e-01 7.867313e-01 6.994340e-01 1.263705e+00 1.611362e+00 9.570539e-01 3.211169e-01 1.000000e-02 2.148422e-02 4.025002e-02 2.188819e-02 7.831073e-02 1.546245e-01 2.320396e-01 1.269722e-01 9.835722e-02 4.173453e-01 3.336010e-01 3.217274e-01 9.986804e-02 1.000000e-02
<GCONST> 6.596827e+01
<STATE> 13
<MEAN> 39
 -1.165978e+01 -2.174609e+01 -1.294401e+01 -2.393749e+00 -1.798885e+00 -2.603776e+00 6.618190e+00 1.103803e+00 6.555844e-01 -1.167863e+01 1.922882e+00 -4.112633e+00 6.439893e-01 -7.911604e-01 -4.707253e-01 7.081146e-01 -9.143578e-01 -9.653561e-01 -1.499677e+00 8.533495e-01 4.824392e-01 1.878697e-02 9.716586e-01 -1.047093e-01 -8.173454e-01 1.383587e-02 -3.452975e-02 7.831539e-02 3.531314e-01 -7.249265e-02 1.305733e-01 2.067096e-01 -1.402235e-01 -6.137517e-02 1.587742e-01 1.542638e-01 -6.698331e-02 -2.782897e-02 1.919196e-03
<VARIANCE> 39
 1.380873e+01 1.862120e+01 5.936715e+01 8.352634e+00 5.568436e+01 7.767497e+01 5.369030e+01 1.561019e+01 3.088342e+01 3.086328e+01 2.231578e+01 1.654669e+01 1.448794e-01 1.954690e+00 6.309834e-01 5.647825e-01 1.765621e+00 3.111737e+00 3.339480e+00 8.876481e-01 4.927678e-01 2.216486e+00 4.841953e+00 1.972847e+00 1.434476e+00 1.000000e-02 2.219197e-01 2.443054e-01 1.358238e-01 9.122596e-02 1.429206e-01 1.914966e-01 1.279023e-01 2.451281e-01 3.621717e-01 3.051732e-01 1.351307e-01 1.509142e-01 1.000000e-02
<GCONST> 8.483867e+01
<STATE> 14
<MEAN> 39
 -1.521087e+01 -2.087568e+01 -9.125132e+00 -3.630832e+00 -2.074045e+00 -7.290064e+00 1.113190e+01 1.738838e-01 3.479121e-01 -1.025964e+01 1.652425e+00 -7.786452e+00 7.187954e-01 5.243124e-01 -6.210440e-02 5.222604e-01 -1.002754e+00 -8.061299e-01 -2.801657e-01 8.426170e-03 -2.947646e-01 7.569013e-01 1.263306e+00 -3.644007e-01 -8.411485e-02 -2.902102e-03 6.094842e-01 -1.524039e-01 -9.262875e-02 -2.012151e-01 6.161609e-02 2.121301e-01 -2.920699e-01 -1.216470e-01 -1.644418e-01 -2.070144e-01 -2.018298e-01 3.411762e-01 -4.644794e-03
<VARIANCE> 39
 2.516406e+01 5.749443e+00 4.436956e+01 3.290731e+01 1.409029e+02 5.424738e+01 3.581208e+01 8.527227e+00 7.835146e+00 1.936404e+01 2.969061e+01 5.658618e+01 3.705734e-02 1.812689e+00 1.095842e+00 4.763308e+00 2.659930e+00 2.134999e+00 7.801349e-01 2.209016e-01 1.314266e+00 2.755619e+00 3.417531e+00 2.031385e+00 3.776339e+00 1.000000e-02 1.634921e-01 1.718945e-01 3.418466e-01 1.878106e-01 5.566947e-01 2.775527e-01 8.621403e-02 9.791926e-02 2.625695e-01 1.628034e-01 2.130611e-01 8.612550e-01 1.000000e-02
<GCONST> 8.751559e+01
<STATE> 15
<MEAN> 39
 -1.014873e+01 -2.216848e+01 -1.230801e+01 -6.261758e+00 -5.014561e+00 -4.989434e+00 6.869590e+00 -2.518579e+00 3.330186e-01 -9.711202e+00 -4.927487e-01 -6.740179e+00 7.659841e-01 1.690775e+00 1.472654e-01 -2.838645e-01 -7.729453e-01 -9.695696e-01 -7.422060e-01 1.886151e-01 -8.554145e-01 3.517721e-01 1.929220e-01 -9.711718e-01 3.052112e-03 5.466244e-03 -1.374736e-01 -1.060955e-01 -1.331855e-01 3.358690e-01 -1.324969e-02 3.710679e-02 9.466814e-02 1.248113e-01 2.703185e-01 -9.424607e-02 6.041785e-02 1.620066e-01 8.377122e-04
<VARIANCE> 39
 1.761271e+01 1.346989e+01 1.241870e+02 9.105189e+01 7.447298e+01 9.489180e+01 3.184778e+01 5.071795e+01 1.430798e+01 9.271960e+01 2.894538e+01 2.802158e+01 1.243631e-02 2.098354e+00 1.207360e+00 7.097429e+00 5.739466e+00 1.595400e+00 1.871379e+00 1.623008e+00 2.232063e+00 2.554299e+00 3.953988e+00 5.837715e-01 3.086352e+00 1.000000e-02 2.574024e-01 1.548226e-01 4.682848e-01 6.387300e-01 2.308209e-01 3.531783e-01 2.357909e-01 3.095191e-01 4.488069e-01 5.396271e-01 1.874833e-01 5.138996e-01 1.000000e-02
<GCONST> 9.962835e+01
<STATE> 16
<MEAN> 39
 -5.279604e+00 -2.436408e+01 -1.144695e+01 -7.619542e+00 -1.011537e+01 -5.597724e+00 8.832483e+00 -1.883014e+00 4.485422e+00 -7.801592e+00 -3.079496e+00 -7.025600e+00 7.796957e-01 5.992731e-01 -4.228927e-01 6.393090e-01 -1.152893e-01 -2.899071e-01 7.571608e-01 -1.109810e+00 2.493109e-01 3.121488e-01 8.860216e-01 -4.127676e-01 -1.865908e-01 -2.025985e-02 -8.740612e-02 1.624681e-01 1.185416e-01 3.574421e-01 4.447924e-01 2.094492e-01 -2.541464e-01 -1.033748e-01 -3.906405e-01 -2.607283e-01 7.320806e-02 -2.283611e-01 -4.726927e-03
<VARIANCE> 39
 3.084055e+01 1.040114e+01 1.379731e+02 1.445144e+02 5.641561e+01 2.036937e+01 1.459681e+01 5.368752e+01 1.982540e+01 5.813826e+01 2.341297e+01 1.652299e+01 1.019134e-02 8.253801e-01 7.779333e-01 7.990323e-01 4.696774e+00 1.380121e+00 1.762243e+00 2.468863e+00 1.452390e+00 1.183460e+00 1.074323e+00 1.820982e+00 1.141076e+00 1.000000e-02 2.398644e-01 1.391927e-01 3.436573e-01 1.042241e+00 2.629820e-01 2.555895e-01 5.217783e-01 3.516781e-01 3.041326e-01 2.055618e-01 2.526764e-01 2.035813e-01 1.000000e-02
<GCONST> 8.972577e+01
<STATE> 17
<MEAN> 39
 -5.320441e+00 -2.359230e+01 -1.158873e+01 -4.697255e+00 -7.635527e+00 -2.840716e+00 6.056281e+00 -2.712092e+00 3.725260e+00 -8.517897e+00 -2.555410e+00 -9.012541e+00 7.546812e-01 3.819270e-01 -1.815413e-01 7.357851e-01 4.728944e-01 5.706552e-01 1.237873e-02 -7.868914e-02 -2.570943e-01 -8.527035e-01 -8.604764e-01 -5.923473e-01 1.314864e-01 -2.179604e-02 -1.946804e-02 -1.676332e-01 -6.169730e-02 4.318902e-02 2.237992e-01 -2.699719e-01 1.781951e-01 1.031319e-01 -1.754002e-01 -4.778830e-01 -1.148861e-01 4.233179e-01 1.676892e-04
<VARIANCE> 39
 2.748363e+01 1.084983e+01 1.226841e+02 7.590755e+01 7.910564e+01 7.857265e+00 1.872583e+01 1.611665e+01 1.249168e+01 1.091029e+02 2.322928e+01 1.384073e+01 3.199893e-02 9.007125e-01 2.699946e-01 2.008235e+00 5.543800e+00 1.085673e+00 1.738614e+00 1.044836e+00 1.910081e+00 5.223413e-01 1.243150e+00 1.624513e+00 9.884594e-01 1.000000e-02 1.518053e-01 5.491172e-02 8.774401e-02 7.675737e-01 2.790223e-01 6.391763e-02 3.468153e-01 2.235514e-01 1.543574e-01 2.993387e-01 1.480873e-01 1.542327e-01 1.000000e-02
<GCONST> 8.043552e+01
<STATE> 18
<MEAN> 39
 -5.229080e+00 -2.522455e+01 -9.362179e+00 -4.885270e+00 -3.829291e+00 -3.323860e+00 5.695201e+00 -1.428874e+00 -7.929395e-02 -1.128780e+01 -2.616811e+00 -5.655589e+00 7.315448e-01 6.517819e-01 -2.630343e-01 1.008742e+00 3.139092e-01 5.713423e-01 -6.914869e-02 -1.530834e-01 5.063633e-01 -1.228764e+00 -7.813109e-01 -1.092135e-01 6.514748e-01 -2.005153e-02 -2.995559e-03 7.888962e-02 -1.355818e-01 2.671098e-01 -3.657215e-01 2.210551e-02 2.944695e-02 9.069592e-02 -5.860154e-03 1.463275e-01 2.134195e-01 -2.313507e-01 9.915942e-04
<VARIANCE> 39
 1.807103e+01 9.684527e+00 1.030533e+02 7.049969e+01 3.960132e+01 1.824280e+01 7.270483e+00 4.241676e+00 2.162591e+01 6.271672e+01 6.286317e+01 1.852162e+01 4.569168e-02 9.722483e-01 2.459568e-01 2.165215e+00 1.366249e+00 2.063506e+00 6.933759e-01 1.924863e+00 7.015216e-01 2.597597e+00 2.048061e+00 3.013481e+00 1.257734e+00 1.000000e-02 7.780159e-02 4.681285e-02 2.308220e-01 4.616467e-01 1.604349e-01 4.806113e-01 1.771770e-01 8.172882e-02 2.754469e-01 3.162745e-01 5.150922e-01 2.667135e-01 1.000000e-02
<GCONST> 8.195959e+01
<STATE> 19
<MEAN> 39
 -2.634068e+00 -2.406254e+01 -5.920755e+00 -3.612063e+00 -7.904366e+00 -5.509445e+00 6.802681e+00 1.117796e+00 -3.955111e+00 -1.113096e+01 -4.570600e+00 -8.900224e+00 6.034787e-01 3.460692e-01 -3.638663e-02 -8.620445e-03 6.204329e-01 -5.909050e-01 -2.464174e-01 2.849852e-01 4.056600e-01 7.667524e-01 6.303189e-01 3.376128e-01 2.827322e-01 -2.910866e-02 -6.010387e-02 -5.947551e-02 -3.691959e-01 -2.654494e-01 -1.084294e-01 2.191466e-01 2.771425e-01 -2.200610e-01 5.882365e-01 4.237027e-01 5.033506e-01 3.623958e-01 1.800406e-03
<VARIANCE> 39
 1.574759e+01 9.216937e+00 3.937300e+01 2.799376e+01 1.980267e+01 1.662604e+01 3.369559e+01 1.068691e+01 2.220877e+01 1.590123e+01 4.676904e+01 7.214358e+01 4.702131e-02 8.210323e-01 7.643964e-01 4.208768e+00 4.401838e+00 2.920289e+00 2.466156e+00 1.080057e+00 5.645347e-01 3.490435e+00 1.899145e+00 5.189956e+00 5.641516e+00 1.000000e-02 6.236899e-02 6.115382e-02 3.628084e-01 2.274174e-01 1.709464e-01 2.839523e-01 6.041127e-01 1.955900e-01 4.276090e-01 2.063497e-01 4.522555e-01 5.839099e-01 1.000000e-02
<GCONST> 8.928345e+01
<STATE> 20
<MEAN> 39
 -1.273800e+00 -2.568501e+01 -6.427515e+00 -4.515226e+00 -1.115812e+01 -5.398361e+00 8.065643e+00 -1.617712e+00 2.518304e+00 -7.789415e+00 -1.584169e+00 -4.606991e+00 5.364420e-01 6.847525e-01 -8.594773e-03 -5.464644e-01 4.384379e-01 -1.019066e-01 -9.628090e-02 4.118632e-01 -7.782360e-01 7.429633e-01 2.492289e-01 8.009303e-01 7.311131e-01 -1.998822e-02 -5.217262e-02 1.415885e-01 6.516426e-02 1.224633e-01 4.248972e-01 4.216759e-02 -1.051656e-01 3.425776e-02 -3.151962e-01 7.478054e-02 -3.233699e-01 -2.793185e-01 -1.832868e-03
<VARIANCE> 39
 6.254645e+00 6.295420e+00 1.797017e+01 1.303279e+01 1.303445e+01 1.916142e+01 1.714117e+01 1.679847e+01 1.104136e+01 1.145621e+01 6.844468e+00 9.638031e+01 2.357210e-02 9.114907e-01 7.629823e-01 1.489340e+00 9.612432e-01 7.613366e-01 3.378379e+00 2.584802e+00 1.981947e+00 8.098968e-01 1.970792e+00 3.277335e+00 2.608536e+00 1.000000e-02 1.715709e-01 7.488771e-02 5.101318e-01 2.121137e-01 7.221951e-02 3.106271e-01 1.846758e-01 3.949859e-01 2.422829e-01 3.839611e-01 3.882366e-01 6.330679e-01 1.000000e-02
<GCONST> 7.877946e+01
<STATE> 21
<MEAN> 39
 1.271825e+00 -2.484031e+01 -7.255419e+00 -2.877928e+00 -7.703180e+00 -3.324029e+00 8.421414e+00 -2.941389e+00 8.386466e-01 -5.352587e+00 -2.623656e+00 -2.184016e+00 4.593503e-01 2.647538e-02 5.462452e-01 -4.725222e-01 1.031044e+00 1.848144e+00 4.739814e-01 1.488449e-01 5.179895e-01 -1.312232e+00 3.992140e-01 4.026203e-01 -2.202414e-01 -3.194835e-02 -2.763405e-01 1.177529e-01 1.230864e-01 5.841001e-02 7.721553e-02 -3.923928e-01 -1.900102e-01 1.982356e-01 -5.895893e-02 -2.654857e-01 1.674232e-01 -1.662432e-01 -3.900575e-03
<VARIANCE> 39
 6.904885e+00 4.223508e+00 1.436240e+01 1.797554e+01 2.088292e+01 3.590923e+01 1.072069e+01 1.198592e+01 1.481006e+01 1.137999e+01 3.719384e+01 2.784865e+01 1.152186e-02 5.204110e-01 6.727363e-01 2.102209e+00 8.947805e-01 5.866548e-01 2.942290e+00 1.785379e+00 5.051205e-01 1.839531e+00 1.479471e+00 2.774235e+00 2.147335e+00 1.000000e-02 4.132988e-02 1.871012e-01 2.108348e-01 1.140535e-01 3.518276e-01 9.548886e-01 6.032407e-01 1.334610e-01 5.377632e-01 1.549170e-01 9.551473e-01 4.387201e-01 1.000000e-02
<GCONST> 7.773122e+01
<STATE> 22
<MEAN> 39
 -6.136019e-01 -2.303225e+01 -7.966990e+00 2.588246e-01 -4.016350e+00 -5.558612e+00 6.883650e+00 -1.094461e+00 -1.110572e-01 -5.963325e+00 -4.958751e-01 -2.255214e+00 3.209710e-01 -8.509555e-01 8.005940e-01 1.197330e-01 -9.800608e-02 4.987784e-01 -8.008044e-01 -9.520193e-01 1.152588e-01 2.803190e-01 2.194907e-01 5.278273e-01 5.457821e-01 -4.691171e-02 -1.100761e-01 2.229822e-01 2.606210e-01 -2.728052e-01 -7.094047e-02 2.675491e-01 -8.398918e-03 8.332425e-03 1.169899e-01 5.452040e-02 -4.638207e-02 1.671888e-03 -3.862998e-03
<VARIANCE> 39
 9.239527e+00 6.467497e+00 1.922198e+01 1.064416e+01 6.230613e+00 1.434515e+01 1.353351e+01 1.816837e+01 2.728678e+01 7.929364e+00 5.091760e+00 1.485416e+01 1.000000e-02 5.415790e-01 8.539277e-01 1.213797e+00 1.596818e+00 1.082804e+00 2.735503e+00 1.472463e+00 2.329991e+00 2.392143e+00 6.346920e-01 2.031632e+00 1.793206e+00 1.000000e-02 7.869730e-02 1.321110e-01 2.715470e-01 3.321842e-01 1.612318e-01 3.039888e-01 4.138127e-01 4.767249e-01 5.965431e-01 1.476758e-01 5.016195e-01 3.235878e-01 1.000000e-02
<GCONST> 7.503504e+01
<STATE> 23
<MEAN> 39
 -3.410378e+00 -1.889799e+01 -6.583899e+00 8.099218e-01 1.953635e-01 -4.758871e+00 5.004436e+00 -6.086182e-01 -5.104148e-01 -5.605350e+00 2.650308e+00 -3.512833e-01 1.397450e-01 -3.232282e-01 1.079267e+00 8.368516e-01 5.123725e-01 7.229332e-01 -5.814478e-02 -1.921258e-01 -2.905897e-01 -4.456873e-01 -3.480202e-01 2.421157e-01 1.091518e-01 -2.245956e-02 1.640128e-01 1.028881e-01 9.291199e-02 4.276112e-02 -1.493384e-01 -6.058557e-02 4.304082e-02 -9.387656e-02 4.034963e-02 -9.153442e-02 -2.603331e-01 -4.803090e-02 5.166122e-03
<VARIANCE> 39
 6.782040e+00 1.090403e+01 1.340418e+01 7.503481e+00 1.024078e+01 1.295333e+01 1.184674e+01 1.372389e+01 1.431884e+01 7.683871e+00 9.926992e+00 1.178219e+01 1.000000e-02 7.335369e-01 5.929354e-01 8.769549e-01 1.180547e+00 1.900614e+00 1.268122e+00 4.069812e-01 1.443829e+00 2.062937e+00 6.116255e-01 1.266853e+00 1.413398e+00 1.000000e-02 1.085979e-01 9.800550e-02 2.099904e-01 2.954701e-01 4.887510e-01 3.745832e-01 1.008325e-01 2.514072e-01 4.505341e-01 1.827332e-01 1.975698e-01 2.157779e-01 1.000000e-02
<GCONST> 6.823492e+01
<STATE> 24
<MEAN> 39
 -3.889449e+00 -1.375200e+01 -2.984827e+00 1.593571e+00 8.919573e-01 -5.500805e+00 5.174610e+00 -6.742079e-01 -1.381851e+00 -7.202225e+00 7.397377e-01 -1.489695e+00 6.829040e-02 -5.007021e-01 1.122381e+00 6.946059e-01 -5.913293e-01 -4.446906e-02 7.160763e-01 -1.476990e-01 2.163381e-01 4.378611e-01 2.757370e-01 -8.425433e-01 -4.830588e-01 -3.316334e-02 -1.102096e-01 -3.411822e-01 -2.690576e-01 -1.998144e-01 -1.696489e-01 1.760345e-01 -5.095372e-02 -3.245085e-02 9.568942e-02 2.126265e-01 1.153923e-01 1.231207e-01 3.609644e-04
<VARIANCE> 39
 4.634875e+00 6.283108e+00 2.601859e+00 9.200491e+00 1.438641e+01 5.093597e+00 1.079368e+01 1.268766e+01 5.009760e+00 7.785918e+00 1.628226e+01 1.247132e+01 1.000000e-02 4.555711e-01 1.243530e+00 4.845040e-01 9.173328e-01 1.400122e+00 2.459936e-01 1.314201e+00 1.345488e+00 9.393560e-01 4.756336e-01 7.050179e-01 1.086774e+00 1.000000e-02 1.335537e-01 4.453215e-02 3.407688e-02 1.992126e-01 3.129198e-01 8.242115e-02 1.899575e-01 3.756825e-01 3.217278e-01 1.209606e-01 2.383306e-01 4.649088e-01 1.000000e-02
<GCONST> 5.779130e+01
<STATE> 25
<MEAN> 39
 -6.064034e+00 -1.375415e+01 -3.339209e+00 -8.588518e-02 5.254878e-01 -2.038946e+00 4.475183e+00 -9.727783e-01 7.090641e-01 -3.370852e+00 5.725389e-01 -7.106185e-01 -8.574207e-03 -2.503718e-01 2.724353e-01 -9.348687e-02 -7.015981e-02 9.713574e-02 5.495128e-02 -1.933690e-01 -4.270212e-01 3.554022e-01 6.139259e-01 3.424756e-01 6.653544e-01 -1.436731e-02 1.755418e-01 -1.431824e-01 -8.582664e-02 1.672990e-01 9.360123e-03 -4.248237e-01 -1.574177e-01 -6.142478e-02 -1.430699e-01 -1.020168e-01 2.722813e-01 2.091755e-01 7.061766e-03
<VARIANCE> 39
 9.367814e-01 7.368521e+00 9.464764e+00 3.602397e+00 7.364696e+00 1.196607e+01 4.298501e+00 1.113760e+01 1.581352e+00 5.224486e+00 3.668121e+00 2.728378e+00 1.000000e-02 2.627175e-01 4.884485e-01 4.345365e-01 2.079802e-01 9.638177e-01 3.411455e-01 1.129358e+00 2.235587e+00 6.388794e-01 9.184194e-01 6.482849e-01 1.220260e+00 1.000000e-02 3.431422e-02 1.715243e-01 6.495605e-02 9.717067e-02 2.195714e-01 2.621046e-02 1.796710e-01 2.962933e-01 5.543156e-02 8.025485e-02 1.418505e-01 1.767985e-01 1.000000e-02
<GCONST> 4.328241e+01
<TRANSP> 26
 0.000000e+00 1.000000e+00 0.000000e+00 0.000000e+00 0.000000e+00 0.000000e+00 0.000000e+00 0.000000e+00 0.000000e+00 0.000000e+00 0.000000e+00 0.000000e+00 0.000000e+00 0.000000e+00 0.000000e+00 0.000000e+00 0.000000e+00 0.000000e+00 0.000000e+00 0.000000e+00 0.000000e+00 0.000000e+00 0.000000e+00 0.000000e+00 0.000000e+00 0.000000e+00
 0.000000e+00 7.500000e-01 2.500000e-01 0.000000e+00 0.000000e+00 0.000000e+00 0.000000e+00 0.000000e+00 0.000000e+00 0.000000e+00 0.000000e+00 0.000000e+00 0.000000e+00 0.000000e+00 0.000000e+00 0.000000e+00 0.000000e+00 0.000000e+00 0.000000e+00 0.000000e+00 0.000000e+00 0.000000e+00 0.000000e+00 0.000000e+00 0.000000e+00 0.000000e+00
 0.000000e+00 0.000000e+00 5.833333e-01 4.166667e-01 0.000000e+00 0.000000e+00 0.000000e+00 0.000000e+00 0.000000e+00 0.000000e+00 0.000000e+00 0.000000e+00 0.000000e+00 0.000000e+00 0.000000e+00 0.000000e+00 0.000000e+00 0.000000e+00 0.000000e+00 0.000000e+00 0.000000e+00 0.000000e+00 0.000000e+00 0.000000e+00 0.000000e+00 0.000000e+00
 0.000000e+00 0.000000e+00 0.000000e+00 6.153846e-01 3.846154e-01 0.000000e+00 0.000000e+00 0.000000e+00 0.000000e+00 0.000000e+00 0.000000e+00 0.000000e+00 0.000000e+00 0.000000e+00 0.000000e+00 0.000000e+00 0.000000e+00 0.000000e+00 0.000000e+00 0.000000e+00 0.000000e+00 0.000000e+00 0.000000e+00 0.000000e+00 0.000000e+00 0.000000e+00
 0.000000e+00 0.000000e+00 0.000000e+00 0.000000e+00 8.000000e-01 2.000000e-01 0.000000e+00 0.000000e+00 0.000000e+00 0.000000e+00 0.000000e+00 0.000000e+00 0.000000e+00 0.000000e+00 0.000000e+00 0.000000e+00 0.000000e+00 0.000000e+00 0.000000e+00 0.000000e+00 0.000000e+00 0.000000e+00 0.000000e+00 0.000000e+00 0.000000e+00 0.000000e+00
 0.000000e+00 0.000000e+00 0.000000e+00 0.000000e+00 0.000000e+00 7.619048e-01 2.380952e-01 0.000000e+00 0.000000e+00 0.000000e+00 0.000000e+00 0.000000e+00 0.000000e+00 0.000000e+00 0.000000e+00 0.000000e+00 0.000000e+00 0.000000e+00 0.000000e+00 0.000000e+00 0.000000e+00 0.000000e+00 0.000000e+00 0.000000e+00 0.000000e+00 0.000000e+00
 0.000000e+00 0.000000e+00 0.000000e+00 0.000000e+00 0.000000e+00 0.000000e+00 5.000000e-01 5.000000e-01 0.000000e+00 0.000000e+00 0.000000e+00 0.000000e+00 0.000000e+00 0.000000e+00 0.000000e+00 0.000000e+00 0.000000e+00 0.000000e+00 0.000000e+00 0.000000e+00 0.000000e+00 0.000000e+00 0.000000e+00 0.000000e+00 0.000000e+00 0.000000e+00
 0.000000e+00 0.000000e+00 0.000000e+00 0.000000e+00 0.000000e+00 0.000000e+00 0.000000e+00 6.153846e-01 3.846154e-01 0.000000e+00 0.000000e+00 0.000000e+00 0.000000e+00 0.000000e+00 0.000000e+00 0.000000e+00 0.000000e+00 0.000000e+00 0.000000e+00 0.000000e+00 0.000000e+00 0.000000e+00 0.000000e+00 0.000000e+00 0.000000e+00 0.000000e+00
 0.000000e+00 0.000000e+00 0.000000e+00 0.000000e+00 0.000000e+00 0.000000e+00 0.000000e+00 0.000000e+00 6.153846e-01 3.846154e-01 0.000000e+00 0.000000e+00 0.000000e+00 0.000000e+00 0.000000e+00 0.000000e+00 0.000000e+00 0.000000e+00 0.000000e+00 0.000000e+00 0.000000e+00 0.000000e+00 0.000000e+00 0.000000e+00 0.000000e+00 0.000000e+00
 0.000000e+00 0.000000e+00 0.000000e+00 0.000000e+00 0.000000e+00 0.000000e+00 0.000000e+00 0.000000e+00 0.000000e+00 6.428571e-01 3.571429e-01 0.000000e+00 0.000000e+00 0.000000e+00 0.000000e+00 0.000000e+00 0.000000e+00 0.000000e+00 0.000000e+00 0.000000e+00 0.000000e+00 0.000000e+00 0.000000e+00 0.000000e+00 0.000000e+00 0.000000e+00
 0.000000e+00 0.000000e+00 0.000000e+00 0.000000e+00 0.000000e+00 0.000000e+00 0.000000e+00 0.000000e+00 0.000000e+00 0.000000e+00 7.826087e-01 2.173913e-01 0.000000e+00 0.000000e+00 0.000000e+00 0.000000e+00 0.000000e+00 0.000000e+00 0.000000e+00 0.000000e+00 0.000000e+00 0.000000e+00 0.000000e+00 0.000000e+00 0.000000e+00 0.000000e+00
 0.000000e+00 0.000000e+00 0.000000e+00 0.000000e+00 0.000000e+00 0.000000e+00 0.000000e+00 0.000000e+00 0.000000e+00 0.000000e+00 0.000000e+00 7.058824e-01 2.941177e-01 0.000000e+00 0.000000e+00 0.000000e+00 0.000000e+00 0.000000e+00 0.000000e+00 0.000000e+00 0.000000e+00 0.000000e+00 0.000000e+00 0.000000e+00 0.000000e+00 0.000000e+00
 0.000000e+00 0.000000e+00 0.000000e+00 0.000000e+00 0.000000e+00 0.000000e+00 0.000000e+00 0.000000e+00 0.000000e+00 0.000000e+00 0.000000e+00 0.000000e+00 6.428571e-01 3.571429e-01 0.000000e+00 0.000000e+00 0.000000e+00 0.000000e+00 0.000000e+00 0.000000e+00 0.000000e+00 0.000000e+00 0.000000e+00 0.000000e+00 0.000000e+00 0.000000e+00
 0.000000e+00 0.000000e+00 0.000000e+00 0.000000e+00 0.000000e+00 0.000000e+00 0.000000e+00 0.000000e+00 0.000000e+00 0.000000e+00 0.000000e+00 0.000000e+00 0.000000e+00 6.153846e-01 3.846154e-01 0.000000e+00 0.000000e+00 0.000000e+00 0.000000e+00 0.000000e+00 0.000000e+00 0.000000e+00 0.000000e+00 0.000000e+00 0.000000e+00 0.000000e+00
 0.000000e+00 0.000000e+00 0.000000e+00 0.000000e+00 0.000000e+00 0.000000e+00 0.000000e+00 0.000000e+00 0.000000e+00 0.000000e+00 0.000000e+00 0.000000e+00 0.000000e+00 0.000000e+00 6.153846e-01 3.846154e-01 0.000000e+00 0.000000e+00 0.000000e+00 0.000000e+00 0.000000e+00 0.000000e+00 0.000000e+00 0.000000e+00 0.000000e+00 0.000000e+00
 0.000000e+00 0.000000e+00 0.000000e+00 0.000000e+00 0.000000e+00 0.000000e+00 0.000000e+00 0.000000e+00 0.000000e+00 0.000000e+00 0.000000e+00 0.000000e+00 0.000000e+00 0.000000e+00 0.000000e+00 6.666667e-01 3.333333e-01 0.000000e+00 0.000000e+00 0.000000e+00 0.000000e+00 0.000000e+00 0.000000e+00 0.000000e+00 0.000000e+00 0.000000e+00
 0.000000e+00 0.000000e+00 0.000000e+00 0.000000e+00 0.000000e+00 0.000000e+00 0.000000e+00 0.000000e+00 0.000000e+00 0.000000e+00 0.000000e+00 0.000000e+00 0.000000e+00 0.000000e+00 0.000000e+00 0.000000e+00 6.428571e-01 3.571429e-01 0.000000e+00 0.000000e+00 0.000000e+00 0.000000e+00 0.000000e+00 0.000000e+00 0.000000e+00 0.000000e+00
 0.000000e+00 0.000000e+00 0.000000e+00 0.000000e+00 0.000000e+00 0.000000e+00 0.000000e+00 0.000000e+00 0.000000e+00 0.000000e+00 0.000000e+00 0.000000e+00 0.000000e+00 0.000000e+00 0.000000e+00 0.000000e+00 0.000000e+00 6.666667e-01 3.333333e-01 0.000000e+00 0.000000e+00 0.000000e+00 0.000000e+00 0.000000e+00 0.000000e+00 0.000000e+00
 0.000000e+00 0.000000e+00 0.000000e+00 0.000000e+00 0.000000e+00 0.000000e+00 0.000000e+00 0.000000e+00 0.000000e+00 0.000000e+00 0.000000e+00 0.000000e+00 0.000000e+00 0.000000e+00 0.000000e+00 0.000000e+00 0.000000e+00 0.000000e+00 6.666667e-01 3.333333e-01 0.000000e+00 0.000000e+00 0.000000e+00 0.000000e+00 0.000000e+00 0.000000e+00
 0.000000e+00 0.000000e+00 0.000000e+00 0.000000e+00 0.000000e+00 0.000000e+00 0.000000e+00 0.000000e+00 0.000000e+00 0.000000e+00 0.000000e+00 0.000000e+00 0.000000e+00 0.000000e+00 0.000000e+00 0.000000e+00 0.000000e+00 0.000000e+00 0.000000e+00 7.058824e-01 2.941177e-01 0.000000e+00 0.000000e+00 0.000000e+00 0.000000e+00 0.000000e+00
 0.000000e+00 0.000000e+00 0.000000e+00 0.000000e+00 0.000000e+00 0.000000e+00 0.000000e+00 0.000000e+00 0.000000e+00 0.000000e+00 0.000000e+00 0.000000e+00 0.000000e+00 0.000000e+00 0.000000e+00 0.000000e+00 0.000000e+00 0.000000e+00 0.000000e+00 0.000000e+00 6.428571e-01 3.571429e-01 0.000000e+00 0.000000e+00 0.000000e+00 0.000000e+00
 0.000000e+00 0.000000e+00 0.000000e+00 0.000000e+00 0.000000e+00 0.000000e+00 0.000000e+00 0.000000e+00 0.000000e+00 0.000000e+00 0.000000e+00 0.000000e+00 0.000000e+00 0.000000e+00 0.000000e+00 0.000000e+00 0.000000e+00 0.000000e+00 0.000000e+00 0.000000e+00 0.000000e+00 6.875000e-01 3.125000e-01 0.000000e+00 0.000000e+00 0.000000e+00
 0.000000e+00 0.000000e+00 0.000000e+00 0.000000e+00 0.000000e+00 0.000000e+00 0.000000e+00 0.000000e+00 0.000000e+00 0.000000e+00 0.000000e+00 0.000000e+00 0.000000e+00 0.000000e+00 0.000000e+00 0.000000e+00 0.000000e+00 0.000000e+00 0.000000e+00 0.000000e+00 0.000000e+00 0.000000e+00 7.619048e-01 2.380952e-01 0.000000e+00 0.000000e+00
 0.000000e+00 0.000000e+00 0.000000e+00 0.000000e+00 0.000000e+00 0.000000e+00 0.000000e+00 0.000000e+00 0.000000e+00 0.000000e+00 0.000000e+00 0.000000e+00 0.000000e+00 0.000000e+00 0.000000e+00 0.000000e+00 0.000000e+00 0.000000e+00 0.000000e+00 0.000000e+00 0.000000e+00 0.000000e+00 0.000000e+00 6.666667e-01 3.333333e-01 0.000000e+00
 0.000000e+00 0.000000e+00 0.000000e+00 0.000000e+00 0.000000e+00 0.000000e+00 0.000000e+00 0.000000e+00 0.000000e+00 0.000000e+00 0.000000e+00 0.000000e+00 0.000000e+00 0.000000e+00 0.000000e+00 0.000000e+00 0.000000e+00 0.000000e+00 0.000000e+00 0.000000e+00 0.000000e+00 0.000000e+00 0.000000e+00 0.000000e+00 5.833333e-01 4.166667e-01
 0.000000e+00 0.000000e+00 0.000000e+00 0.000000e+00 0.000000e+00 0.000000e+00 0.000000e+00 0.000000e+00 0.000000e+00 0.000000e+00 0.000000e+00 0.000000e+00 0.000000e+00 0.000000e+00 0.000000e+00 0.000000e+00 0.000000e+00 0.000000e+00 0.000000e+00 0.000000e+00 0.000000e+00 0.000000e+00 0.000000e+00 0.000000e+00 0.000000e+00 0.000000e+00
<ENDHMM>
