~o
<STREAMINFO> 1 39
<VECSIZE> 39<NULLD><MFCC_E_D_A><DIAGC>
~h "Huy"
<BEGINHMM>
<NUMSTATES> 25
<STATE> 2
<MEAN> 39
 -6.249679e+00 -9.752160e+00 -2.872176e+00 -3.451657e+00 2.226488e+00 -3.060311e+00 2.820974e+00 -1.976521e+00 -8.331306e-01 -2.110598e+00 2.886036e+00 -2.200799e+00 2.607040e-02 -4.377123e-01 -4.515407e-01 -5.805432e-01 -2.995256e-01 1.592955e+00 7.056172e-01 4.192651e-01 4.314872e-01 6.920185e-01 2.977524e-01 1.249588e-01 1.116489e-01 1.050128e-02 -1.225227e-01 -2.381227e-01 -1.904885e-01 -8.910514e-02 6.792336e-01 9.509113e-02 -3.938880e-02 1.470188e-01 1.468679e-01 -2.183550e-01 -3.185612e-01 1.029603e-01 1.554093e-02
<VARIANCE> 39
 1.091223e+00 1.387829e+00 4.988629e+00 5.272702e+00 1.207869e+01 7.808937e+00 8.754435e+00 8.020240e+00 5.033879e+00 1.433415e+01 9.615096e+00 8.268369e+00 1.000000e-02 1.534958e-01 9.738712e-01 6.944074e-01 8.645300e-01 1.987088e+00 8.777379e-01 9.584194e-01 1.395635e+00 9.922482e-01 1.430310e+00 8.956300e-01 9.875787e-01 1.000000e-02 5.159444e-02 2.264995e-01 1.729761e-01 1.841969e-01 2.009811e-01 2.065245e-01 1.012260e-01 3.324023e-01 2.540561e-01 2.962254e-01 4.296816e-01 2.061781e-01 1.000000e-02
<GCONST> 5.818303e+01
<STATE> 3
<MEAN> 39
 -8.295504e+00 -9.919157e+00 -4.028764e+00 -4.411372e+00 9.787568e+00 -2.822758e+00 3.962504e+00 -5.458152e-01 1.268067e+00 -3.272079e+00 4.617863e+00 -1.782197e-01 6.997782e-02 -4.908751e-01 -1.548208e+00 -1.382054e+00 -1.392472e+00 1.922928e+00 3.002019e-01 4.232950e-01 6.695758e-01 -2.369270e-01 -5.031925e-01 -1.236020e+00 -1.870607e-01 5.729731e-02 4.286905e-01 -4.119793e-01 -2.029301e-01 -7.661596e-02 -7.031862e-01 5.178008e-02 -2.643496e-01 -7.420224e-02 -5.484844e-01 -4.727706e-02 -6.242006e-01 -3.912994e-01 1.785561e-02
<VARIANCE> 39
 4.682434e+00 1.284449e+01 3.265829e+00 1.537457e+01 1.679662e+00 2.246768e+01 4.275859e+01 1.016841e+01 1.590933e+01 1.163798e+01 1.091744e+01 5.023915e+00 1.130138e-02 7.068864e-01 2.056597e+00 8.278661e-01 3.329368e-01 2.043816e+00 1.725871e+00 1.928028e+00 1.930883e+00 1.313121e+00 9.074937e-01 3.540282e+00 2.539440e+00 1.000000e-02 1.277311e-01 4.793594e-02 1.274178e-01 2.134822e-01 4.454259e-01 1.632684e-01 7.753037e-01 5.007072e-01 4.846374e-01 2.033872e-01 4.327167e-01 8.504859e-02 1.000000e-02
<GCONST> 7.107351e+01
<STATE> 4
<MEAN> 39
 -7.028760e+00 -1.840237e+01 -1.051876e+01 -8.201138e+00 1.292606e+01 1.278066e+00 3.100060e+00 1.512636e+00 -1.878267e+00 -4.563593e+00 -4.747655e+00 -3.455933e+00 3.920620e-01 8.326747e-01 -6.877846e-01 -1.787160e+00 -4.572316e-01 -9.368813e-01 2.273310e-01 -5.849504e-01 -3.798057e-01 1.442218e-01 -5.588433e-01 -1.926103e+00 -1.002990e+00 8.321867e-02 2.735559e-01 8.062915e-01 6.683012e-02 3.214140e-01 -1.021132e+00 -3.770114e-01 -5.671966e-02 -4.524637e-01 7.051256e-01 9.773532e-02 2.892662e-01 -1.065928e-01 -3.362599e-03
<VARIANCE> 39
 3.718598e+00 2.208697e+01 2.136500e+01 1.169843e+01 2.918750e+01 1.702849e+01 2.809734e+01 1.644463e+01 1.583599e+01 2.080227e+01 1.989770e+01 1.726046e+01 4.607392e-02 6.654529e-01 3.814029e+00 2.043717e+00 8.765040e-01 5.939137e+00 1.076048e+00 4.428444e+00 3.346200e+00 5.044030e+00 7.730240e-01 1.776844e+00 1.498058e+00 1.000000e-02 7.945287e-02 3.042212e-01 2.168008e-01 1.454869e-01 4.917001e-01 2.106629e-01 3.017918e-01 4.022965e-01 7.821606e-01 1.745663e-01 5.586417e-01 5.501947e-01 1.000000e-02
<GCONST> 8.697852e+01
<STATE> 5
<MEAN> 39
 -3.813206e+00 -1.335046e+01 -1.050534e+01 -5.531866e+00 3.519845e+00 -4.362470e-01 -2.556205e-01 -3.419355e+00 1.801915e+00 -6.522230e+00 -4.281347e+00 -4.078527e+00 4.344778e-01 3.002345e-01 3.275701e-01 -1.546499e+00 1.947473e-01 -1.286465e+00 -8.396728e-01 3.350231e-01 -1.140502e+00 2.052748e+00 -1.071796e-01 -7.782047e-02 -5.346200e-01 6.532869e-02 -6.673002e-01 -2.882630e-01 1.293721e-01 -3.418265e-01 3.384031e-01 -5.866206e-01 5.563847e-01 5.171136e-01 2.155208e-01 3.627007e-01 1.963966e-01 -3.308468e-04 -1.996616e-03
<VARIANCE> 39
 5.129646e+00 2.345185e+01 6.779670e+01 1.578269e+01 2.686537e+01 3.029455e+01 3.630575e+01 2.132617e+01 2.987892e+01 1.343814e+01 3.167293e+01 1.221756e+01 1.015313e-01 1.361294e+00 6.920186e-01 3.626963e+00 9.161377e-01 3.761790e+00 3.224377e+00 1.360463e+00 1.027049e+00 5.251824e+00 5.655802e-01 3.299593e+00 2.088777e+00 1.000000e-02 1.205403e-01 3.714417e-01 8.209239e-01 1.717200e-01 3.820646e-01 4.859631e-01 4.630662e-01 7.273049e-01 7.899126e-01 1.910529e-01 5.233843e-01 2.660449e-01 1.000000e-02
<GCONST> 9.254252e+01
<STATE> 6
<MEAN> 39
 -5.638500e+00 -1.560122e+01 -1.607802e+01 -8.860544e+00 4.842301e+00 -6.453449e+00 4.019443e+00 -1.583083e+00 7.799089e+00 -2.162161e+00 -5.576402e+00 -7.054667e+00 6.245394e-01 -1.262942e+00 -1.279544e+00 7.630815e-01 -1.373539e+00 -8.218961e-01 -1.491843e+00 5.782635e-01 2.498646e+00 6.308898e-01 1.161373e+00 -5.603620e-01 -4.076717e-01 4.813960e-02 -4.056288e-01 -2.464388e-01 9.655446e-01 -6.307618e-02 1.092391e-01 7.048953e-02 2.044782e-01 6.799219e-01 -9.675962e-01 -2.258565e-01 2.658927e-01 3.136504e-01 -8.972866e-03
<VARIANCE> 39
 1.041301e+01 3.124179e+01 8.366386e+01 4.592867e+01 3.833531e+01 3.442976e+01 2.711871e+01 3.343511e+01 2.485361e+01 2.623413e+01 4.583194e+01 4.145780e+01 1.653998e-01 1.638898e+00 9.873066e-01 4.428677e+00 7.927224e-01 1.354284e+00 7.845779e+00 1.913606e+00 2.673134e+00 2.776493e+00 1.540551e+00 9.336462e-01 1.365660e+00 1.000000e-02 3.388596e-01 3.947592e-01 8.914670e-01 2.974001e-01 3.629885e-01 1.061290e+00 2.408927e-01 5.610365e-01 4.636101e-01 5.719607e-01 3.293086e-01 4.749236e-01 1.000000e-02
<GCONST> 1.006826e+02
<STATE> 7
<MEAN> 39
 -9.775842e+00 -1.977455e+01 -1.262006e+01 -1.177710e+01 5.983906e+00 -7.983799e+00 7.349903e+00 4.596991e+00 4.187366e+00 -4.508879e+00 -5.989397e+00 -6.661475e+00 7.114832e-01 -1.819973e+00 -9.750488e-01 9.475128e-01 -9.055797e-01 -4.249370e-01 -1.758988e+00 2.051786e+00 8.544226e-01 -6.499372e-01 -2.695718e-01 2.752357e-02 -4.406305e-02 5.118692e-02 1.140018e-01 7.125351e-01 1.307769e-01 3.840663e-01 -6.721358e-01 1.551291e-01 4.953647e-02 -8.035588e-01 -2.802862e-02 2.788768e-01 3.063357e-01 -6.035582e-02 -1.111114e-02
<VARIANCE> 39
 9.266229e+00 1.202646e+01 1.187943e+01 1.213761e+01 7.964815e+01 2.088701e+01 1.202339e+01 2.937557e+01 4.500963e+01 7.982711e+00 2.618541e+01 2.237023e+01 1.116545e-01 1.021265e+00 2.834902e+00 6.540690e+00 1.916315e+00 7.875160e+00 2.161032e+00 9.769021e-01 4.513590e+00 2.657077e+00 3.613936e+00 3.260388e+00 3.008685e+00 1.000000e-02 2.007097e-01 3.733098e-01 3.361447e-01 1.615493e-01 6.541905e-01 5.655916e-01 3.341043e-01 8.114865e-02 3.675446e-01 2.523625e-01 1.974302e-01 2.222355e-01 1.000000e-02
<GCONST> 9.234427e+01
<STATE> 8
<MEAN> 39
 -1.442565e+01 -1.866698e+01 -8.541842e+00 -1.414928e+01 -5.761736e+00 -1.398010e+01 1.219875e+01 8.393586e+00 5.329385e+00 -3.279233e-01 -5.133737e+00 -7.854822e+00 9.017807e-01 -9.625726e-01 1.048154e+00 2.016155e+00 -2.154385e-01 -2.878035e+00 -8.240871e-01 1.242678e+00 -5.591369e-01 -9.818149e-01 1.771365e+00 1.768277e+00 -2.686687e-01 -1.030975e-02 5.190791e-01 1.338747e-01 -3.307578e-01 -1.235613e-01 5.608226e-02 3.623694e-01 -6.121365e-01 -9.001756e-01 1.473974e-01 3.589536e-01 8.117653e-02 1.299345e-02 -4.018560e-03
<VARIANCE> 39
 5.597494e+00 3.441148e+00 8.964028e+00 3.321799e+00 5.931345e+01 3.593195e+01 1.014697e+01 3.944016e+01 5.456165e+00 8.961401e+00 1.684759e+01 1.389290e+01 1.299885e-02 3.795097e-01 1.291060e-01 3.516943e-01 2.444980e-01 1.317742e+00 6.331999e-01 1.366345e+00 2.348252e+00 9.993774e-01 9.637132e-01 1.324173e+00 1.259781e+00 1.000000e-02 1.416332e-01 1.269386e-01 9.347441e-02 9.348155e-02 4.300046e-01 1.107610e-01 1.540323e-01 1.933916e-01 3.550793e-01 2.633685e-01 1.725425e-01 3.482473e-01 1.000000e-02
<GCONST> 6.296870e+01
<STATE> 9
<MEAN> 39
 -1.063444e+01 -1.661464e+01 -9.031294e+00 -1.308211e+01 -4.963186e+00 -1.195733e+01 1.033826e+01 -4.515205e-01 6.269267e-01 9.566020e-02 -3.863734e+00 -8.278636e+00 8.145978e-01 7.338744e-01 5.588723e-01 -5.692907e-01 -6.872026e-01 -2.199855e+00 -1.287524e+00 -7.422777e-01 -8.101085e-01 2.431779e-01 1.409992e+00 2.508269e-01 3.411610e-01 2.729812e-02 -1.747720e-01 -3.194006e-01 -1.218713e-01 -2.151746e-01 2.774701e-01 -3.982727e-01 -1.828851e-01 5.620828e-01 5.046418e-01 1.946780e-01 -1.038131e-01 1.492365e-01 5.008847e-03
<VARIANCE> 39
 7.043137e+01 7.758180e+00 6.573321e+01 1.158092e+01 1.399542e+02 5.131789e+01 2.662007e+01 5.171138e+01 1.893053e+01 3.583702e+01 4.174506e+01 6.382547e+00 1.679354e-02 3.846647e+00 6.775968e-01 3.305867e+00 4.842994e-01 1.245190e+00 1.422737e+00 9.542319e-01 8.330751e+00 1.007612e+00 2.275383e+00 3.852271e+00 1.366414e+00 1.000000e-02 1.063983e+00 1.528405e-01 8.373822e-01 4.989998e-02 3.501059e-01 3.168887e-01 7.064666e-01 1.000317e+00 1.877926e-01 2.296130e-01 2.411897e-01 1.398186e-01 1.000000e-02
<GCONST> 9.202346e+01
<STATE> 10
<MEAN> 39
 -1.142703e+01 -1.815672e+01 -8.878579e+00 -1.473654e+01 -5.257334e+00 -2.091167e+01 1.309886e+01 4.574031e+00 3.984124e+00 4.845058e+00 -2.736146e+00 -7.127910e+00 9.048160e-01 -7.749325e-01 1.308169e-01 1.847276e+00 -1.087599e+00 -1.917952e+00 -1.579566e+00 7.574420e-01 -3.032482e-01 1.014883e+00 1.903193e+00 1.992620e+00 3.801308e-01 1.682696e-02 2.268303e-01 2.368188e-01 1.291699e-01 -7.905149e-02 -2.598727e-03 4.992319e-01 -8.641841e-02 -2.249753e-01 -2.144292e-02 -2.538851e-01 -1.804511e-01 -1.885991e-01 -5.896286e-04
<VARIANCE> 39
 2.243725e+01 5.198960e+00 4.714466e+01 1.204301e+01 8.909887e+01 3.090423e+01 1.586305e+01 1.824056e+01 9.430917e+00 2.289190e+01 7.971181e+01 1.079016e+01 1.000000e-02 1.926771e+00 6.785244e-01 1.425865e+00 4.660415e-01 1.345761e+00 2.443185e+00 3.898937e+00 4.259742e+00 7.422502e-01 6.102676e-01 3.758800e+00 1.859427e+00 1.000000e-02 2.342914e-01 2.683534e-02 4.256369e-01 6.038242e-02 3.621908e-01 9.088597e-02 2.528950e-01 5.267424e-01 2.073481e-01 1.036790e-01 1.524688e+00 3.652027e-01 1.000000e-02
<GCONST> 8.110929e+01
<STATE> 11
<MEAN> 39
 -1.547134e+01 -1.405959e+01 -1.595845e-01 -1.961541e+01 -1.947179e+01 -1.668203e+01 8.231850e+00 -2.982636e+00 7.075097e+00 1.240828e+01 2.471005e+00 -5.239517e+00 9.578879e-01 6.926154e-01 5.974318e-01 8.866617e-01 -7.754025e-01 -3.881401e-01 1.111258e-01 -7.365710e-01 -9.281776e-01 2.324605e-01 5.584312e-01 -4.101649e-01 2.294696e-01 9.578253e-03 1.441709e-01 -1.807415e-01 -1.944079e-01 1.147651e-01 5.496379e-01 1.951823e-01 1.568352e-01 1.974921e-01 -2.719379e-01 -7.207038e-01 -4.171091e-01 -6.400864e-02 -7.433159e-03
<VARIANCE> 39
 1.340784e+01 4.228010e+00 9.607916e+00 7.714970e+00 1.335232e+01 3.464036e+01 1.857604e+01 1.846163e+01 2.823436e+00 9.842460e+00 9.181831e+00 8.902244e+00 1.000000e-02 5.596555e-01 4.496115e-01 9.923603e-01 4.571631e-01 1.969946e+00 8.339233e-01 1.055400e+00 2.001464e-01 5.079243e-01 1.639964e+00 5.148376e-01 8.968666e-01 1.000000e-02 1.004707e-01 1.143093e-01 2.102963e-01 6.689034e-02 2.191705e-01 1.791107e-01 2.504714e-01 9.240387e-02 1.358449e-01 2.458875e-01 1.351798e-01 2.067466e-01 1.000000e-02
<GCONST> 5.901256e+01
<STATE> 12
<MEAN> 39
 -1.176034e+01 -1.423271e+01 -4.682717e-01 -2.279873e+01 -1.324625e+01 -1.798489e+01 1.165648e+01 -1.713792e+00 5.551759e+00 7.715608e+00 -1.170322e-01 -6.647538e+00 9.020875e-01 3.940141e-01 -3.769591e-01 4.021523e-01 -5.386978e-01 8.374093e-01 8.366191e-01 -1.730078e-01 -6.044080e-01 -1.224176e+00 -2.041575e+00 -1.609038e+00 -3.877499e-01 -2.981278e-02 2.224728e-02 -1.187555e-01 -4.852808e-02 4.325914e-01 -1.839029e-01 1.841488e-01 -4.054917e-01 -4.124066e-03 -1.658758e-01 9.305562e-02 -9.289835e-02 2.182362e-01 -3.443427e-03
<VARIANCE> 39
 2.993185e+00 1.394859e+00 1.476857e+01 1.302885e+01 4.368163e+01 3.041644e+01 4.355766e+01 2.981270e+01 4.720556e+00 1.909411e+01 1.646144e+01 1.057418e+01 1.000000e-02 4.754974e-01 8.998354e-01 5.217676e-01 5.309550e-01 1.482642e+00 5.522162e-01 5.838528e-01 7.808637e-01 1.117643e+00 1.284939e+00 1.106884e+00 4.958986e-01 1.000000e-02 9.231371e-02 6.030630e-02 1.831617e-01 1.328133e-01 1.840886e-01 1.673860e-01 3.541460e-01 1.887971e-01 1.531408e-01 4.385006e-01 5.874117e-02 2.114011e-01 1.000000e-02
<GCONST> 6.303484e+01
<STATE> 13
<MEAN> 39
 -1.008193e+01 -1.620403e+01 1.425243e+00 -2.177481e+01 -1.384200e+01 -1.675921e+01 7.688123e+00 -3.416783e+00 2.581146e+00 6.925748e+00 -4.753871e+00 -5.469121e+00 8.609906e-01 7.290608e-01 6.322692e-02 -1.585769e-01 9.539372e-01 -9.633803e-01 1.393826e+00 -1.756736e+00 -5.055798e-01 2.146459e-03 -1.525965e-01 -8.034602e-01 5.915543e-01 -1.256901e-02 -1.909122e-02 3.270676e-01 -3.137266e-01 2.124799e-01 -1.310392e-01 1.078001e-01 2.864347e-01 9.472601e-02 3.607610e-01 -4.587872e-02 2.393645e-01 7.451072e-02 7.882923e-04
<VARIANCE> 39
 2.940044e+00 6.261193e+00 6.909833e+00 1.476161e+01 3.745361e+01 3.473623e+01 2.451514e+01 1.605880e+01 8.992251e+00 1.601371e+01 3.315823e+01 1.638340e+01 1.000000e-02 1.873455e-01 6.867546e-01 4.921870e-01 1.315645e+00 2.005015e+00 1.217578e+00 1.894056e+00 1.640614e+00 1.088595e+00 3.296260e+00 1.444811e+00 8.342209e-01 1.000000e-02 5.742840e-02 1.237549e-01 5.095351e-02 1.863492e-01 5.707438e-01 1.502930e-01 4.713963e-01 3.265313e-01 3.153028e-01 5.124101e-01 2.310615e-01 1.705023e-01 1.000000e-02
<GCONST> 7.183097e+01
<STATE> 14
<MEAN> 39
 -9.755458e+00 -1.310267e+01 -1.736450e+00 -1.804177e+01 -1.826396e+01 -1.204334e+01 6.596188e+00 -4.942425e+00 4.878578e+00 4.684925e+00 -4.123768e+00 -5.361409e+00 8.599229e-01 8.720184e-02 5.248716e-01 -5.951329e-01 2.195741e-01 9.113683e-01 6.939787e-01 9.272748e-01 -7.499764e-01 -4.257204e-01 -1.402806e+00 -1.171620e+00 -2.021712e-01 -2.933035e-02 -3.189783e-02 -2.456440e-01 2.846241e-01 -3.363102e-01 3.070773e-01 -3.763736e-01 8.238659e-02 -1.569686e-01 -2.798087e-01 1.363274e-01 -1.075965e-01 3.510404e-04 -4.586096e-03
<VARIANCE> 39
 3.827785e+00 6.440910e+00 4.152548e+00 1.814699e+01 2.050859e+01 2.685464e+01 1.724736e+01 2.395096e+01 6.315956e+00 1.884694e+01 1.685519e+01 5.506887e+00 1.000000e-02 1.982735e-01 4.668615e-01 2.934435e-01 1.534390e+00 1.395096e+00 8.479630e-01 6.398288e-01 1.305895e+00 1.842623e+00 6.214128e-01 6.896941e-01 1.233830e+00 1.000000e-02 9.674825e-02 9.024311e-02 9.255956e-02 4.346400e-01 3.754863e-01 9.250820e-02 3.002741e-01 2.811940e-01 2.332002e-01 1.932795e-01 1.701575e-01 2.057310e-01 1.000000e-02
<GCONST> 6.358109e+01
<STATE> 15
<MEAN> 39
 -9.067556e+00 -1.284852e+01 -8.343841e-01 -2.012377e+01 -1.253867e+01 -1.162061e+01 8.735210e+00 -8.441993e+00 1.323835e+00 1.336634e+00 -8.864357e+00 -5.170783e+00 7.411464e-01 9.570397e-01 -7.808051e-01 1.090681e+00 -8.199435e-01 2.105981e-01 -3.171284e-02 -8.162491e-01 -9.998252e-02 -8.255153e-01 -1.908098e-01 -7.033633e-01 8.152492e-01 -3.908117e-02 3.864950e-01 -4.159927e-01 5.450737e-01 1.026573e-01 -7.087958e-01 1.460909e-01 -5.182694e-01 6.179641e-01 1.480411e-01 3.343037e-01 3.135216e-01 2.167395e-01 -4.052829e-03
<VARIANCE> 39
 4.504514e+00 4.691157e+00 1.052320e+01 1.228813e+01 4.536559e+00 1.391843e+01 1.319240e+01 7.804251e+00 9.177328e+00 5.645662e+00 1.531067e+01 2.559409e+01 1.000000e-02 2.457196e-01 3.336062e-01 5.951524e-01 1.338886e+00 3.734368e+00 4.093816e-01 9.691591e-01 1.258988e+00 6.152800e-01 1.151731e+00 9.254522e-01 6.395259e-01 1.000000e-02 4.029233e-02 1.237284e-01 3.607252e-02 3.154469e-01 1.799012e-01 1.367579e-01 3.112099e-01 2.930045e-01 2.210991e-01 1.320064e-01 2.203026e-01 2.419793e-01 1.000000e-02
<GCONST> 5.915629e+01
<STATE> 16
<MEAN> 39
 -4.929256e+00 -1.740500e+01 3.364410e+00 -2.011642e+01 -1.653568e+01 -1.050782e+01 2.490359e+00 -6.403818e+00 1.931208e-01 2.249556e+00 -1.019451e+01 -2.973822e+00 6.084763e-01 1.689717e+00 -9.809608e-01 1.523464e+00 1.052126e+00 -2.194537e+00 9.710075e-01 -9.547499e-01 9.975134e-01 2.916130e-01 -3.089196e-02 1.904427e-01 5.029994e-01 -4.626716e-02 -4.516529e-02 3.987093e-01 -2.368260e-01 6.661602e-01 -1.403629e-01 2.584231e-01 3.187406e-01 4.616157e-02 2.843489e-01 -1.940725e-01 5.723315e-01 -9.506955e-02 -3.890241e-04
<VARIANCE> 39
 3.742093e+00 3.755655e+00 1.055476e+01 1.205978e+01 1.230171e+01 1.140020e+01 1.155404e+01 3.091134e+01 5.850580e+00 1.282655e+01 1.064625e+01 1.179613e+01 1.000000e-02 3.220199e-01 6.952083e-01 9.159653e-01 1.180405e+00 1.311672e+00 1.047914e+00 2.270962e+00 2.135627e+00 1.583980e+00 8.571975e-01 9.713919e-01 9.425783e-01 1.000000e-02 7.201788e-02 1.095347e-01 1.080736e-01 3.603101e-01 8.050883e-01 8.679861e-02 1.558848e-01 2.969997e-01 1.725480e-01 9.641557e-02 2.041487e-01 7.026397e-02 1.000000e-02
<GCONST> 6.385748e+01
<STATE> 17
<MEAN> 39
 -1.703567e+00 -1.753200e+01 6.344121e+00 -1.607733e+01 -2.255004e+01 -6.469861e+00 3.420129e+00 -3.913521e+00 3.547762e+00 1.415298e+00 -7.195242e+00 -6.682307e-01 5.148383e-01 7.802812e-01 5.758530e-01 2.380435e-01 1.734315e+00 1.243750e-01 6.632105e-01 -3.966977e-02 -1.203965e-01 2.210601e-03 -2.242864e-01 1.798521e+00 2.472218e-01 -4.051967e-02 -2.711347e-01 3.932436e-01 -5.514088e-01 2.676482e-01 1.146747e+00 -4.315736e-01 -6.109657e-02 -8.129188e-01 -2.087591e-01 8.979528e-02 1.485803e-01 -2.198172e-01 3.121186e-03
<VARIANCE> 39
 1.603109e+00 5.132621e+00 7.879263e+00 1.518964e+01 1.141910e+01 2.059119e+01 1.820712e+01 1.219868e+01 2.040868e+01 1.222280e+01 6.104823e+00 1.658052e+01 1.000000e-02 2.848814e-01 8.025990e-01 6.817124e-01 1.281624e+00 3.770265e+00 2.031464e+00 7.749934e-01 1.941151e+00 1.411291e+00 8.837520e-01 3.605008e-01 9.578630e-01 1.000000e-02 2.433709e-02 6.137459e-02 1.112842e-01 3.188773e-01 3.577919e-01 2.042434e-01 3.298382e-01 2.876777e-01 2.867608e-01 2.011022e-01 2.063533e-01 3.364474e-01 1.000000e-02
<GCONST> 6.540830e+01
<STATE> 18
<MEAN> 39
 -3.267514e-01 -1.445924e+01 4.081551e+00 -1.078463e+01 -1.643167e+01 -7.844649e+00 1.051639e+00 -7.189862e+00 2.502411e+00 8.985426e-01 -3.345143e+00 -2.014205e+00 4.136303e-01 4.885170e-01 8.110157e-01 -7.112651e-01 2.029778e+00 1.186489e+00 -4.150472e-01 -6.485527e-01 -1.343611e+00 -1.368952e-02 -6.539816e-02 8.840929e-01 2.350605e-01 -2.999770e-02 -1.639135e-01 -5.352224e-02 -1.626202e-01 -3.244981e-01 -7.059537e-03 -1.489370e-01 2.790558e-01 2.411449e-01 4.229856e-02 5.531142e-02 -4.492692e-01 -1.106241e-01 5.557566e-03
<VARIANCE> 39
 7.174062e-01 6.916341e+00 6.066214e+00 9.465418e+00 1.399518e+01 1.502811e+01 5.415919e+00 1.528082e+01 1.507928e+01 1.342975e+01 2.840928e+00 1.365496e+01 1.000000e-02 1.891856e-01 6.934900e-01 2.418248e-01 2.848153e+00 2.729479e+00 1.702661e+00 1.010144e+00 1.014767e+00 7.649726e-01 7.483675e-01 1.387661e+00 2.075018e+00 1.000000e-02 6.726612e-02 1.015013e-01 1.375179e-01 1.359763e-01 2.347947e-01 4.697968e-01 1.490363e-01 2.995487e-01 2.222465e-01 1.918626e-01 1.211109e-01 3.064930e-01 1.000000e-02
<GCONST> 6.117625e+01
<STATE> 19
<MEAN> 39
 3.885840e-01 -1.355197e+01 3.096302e+00 -6.971638e+00 -1.401838e+01 -9.355280e+00 2.219143e+00 -8.235813e+00 1.085652e+00 1.825088e-01 -3.079386e+00 -1.001691e+00 3.873911e-01 1.077576e-01 5.805172e-01 -5.860496e-01 4.183668e-01 9.379355e-01 9.076767e-02 4.674365e-01 6.676494e-01 6.383361e-01 4.726436e-01 1.984639e-02 -4.289564e-01 -2.003271e-02 -2.839698e-01 -2.151751e-02 8.733356e-02 -5.406486e-01 -1.258561e-01 3.152706e-01 1.715252e-01 3.672054e-01 6.019071e-02 1.252269e-01 -1.017231e-01 -9.498093e-02 -4.589587e-03
<VARIANCE> 39
 2.824980e+00 1.111939e+01 5.214764e+00 1.391951e+01 2.603697e+01 8.989484e+00 5.190801e+00 1.817770e+01 1.127705e+01 1.678069e+01 7.650272e+00 8.807399e+00 1.000000e-02 1.781374e-01 5.827498e-01 9.910557e-01 1.004602e+00 1.266521e+00 1.841016e+00 6.635610e-01 4.181240e-01 1.960957e+00 1.182057e+00 1.355142e+00 6.005073e-01 1.000000e-02 5.210531e-02 1.799822e-01 1.134291e-01 3.731806e-01 5.704284e-01 2.182418e-01 6.932638e-02 2.295755e-01 2.368135e-01 1.191308e-01 3.942086e-01 1.699964e-01 1.000000e-02
<GCONST> 6.265266e+01
<STATE> 20
<MEAN> 39
 6.615362e-02 -1.148414e+01 1.349746e+00 -8.698331e+00 -1.285646e+01 -6.029247e+00 4.192496e+00 -5.659027e+00 2.455017e+00 2.086553e+00 -3.472657e+00 -3.599710e+00 2.833369e-01 -1.197909e+00 3.210919e-01 -5.012258e-01 1.429937e-01 6.316344e-01 2.788816e-01 3.270401e-01 5.434707e-01 -2.061461e-01 3.195438e-01 2.357311e-01 -3.026826e-01 -5.972321e-02 -3.264775e-01 -2.293520e-01 7.153063e-02 3.078675e-01 9.500192e-02 -4.110728e-01 -2.542386e-01 -2.781194e-02 1.084164e-01 1.879299e-01 2.944223e-01 2.800041e-01 -8.180320e-03
<VARIANCE> 39
 3.841155e+00 3.687907e+00 7.074413e+00 1.020366e+01 9.449682e+00 1.116738e+01 5.967411e+00 1.899421e+01 9.536592e+00 7.056521e+00 1.230031e+01 7.147925e+00 1.000000e-02 3.360044e-01 6.327324e-01 2.051972e-01 1.903995e+00 2.533258e+00 1.008956e+00 7.764188e-01 1.196461e+00 1.011419e+00 4.910331e-01 1.417910e+00 6.864081e-01 1.000000e-02 6.370192e-02 4.702858e-02 1.860227e-01 2.680181e-01 2.918413e-01 1.782273e-01 1.545346e-01 4.044817e-01 5.552667e-01 2.288789e-01 2.490577e-01 1.507124e-01 1.000000e-02
<GCONST> 6.063309e+01
<STATE> 21
<MEAN> 39
 -4.801320e+00 -1.139039e+01 1.500884e+00 -6.287641e+00 -1.023544e+01 -7.992853e+00 3.879135e+00 -4.870289e+00 3.771914e+00 4.594985e+00 -9.121804e-01 -2.519302e+00 1.226572e-01 -9.738340e-01 2.827515e-03 5.538145e-02 5.514507e-01 7.141942e-01 -3.227707e-01 2.696046e-03 6.163351e-01 4.517546e-01 1.103196e+00 1.306053e+00 5.410312e-01 -3.708656e-02 2.706280e-01 -3.635569e-02 2.323180e-03 -5.543574e-02 -2.163875e-02 1.063462e-01 -5.476448e-02 -7.209077e-02 -1.373673e-01 -2.028949e-01 1.289897e-01 3.883234e-02 1.355350e-02
<VARIANCE> 39
 2.389233e+00 3.083316e+00 4.796703e+00 7.638887e+00 1.626303e+01 7.076584e+00 1.011452e+01 1.190204e+01 1.188747e+01 1.369662e+01 5.880674e+00 6.563938e+00 1.000000e-02 4.715752e-01 5.386255e-01 4.494409e-01 9.939601e-01 4.915949e-01 8.000481e-01 1.221458e+00 2.687415e+00 2.125748e+00 1.165077e+00 6.828274e-01 6.942672e-01 1.000000e-02 3.795454e-02 7.762412e-02 6.142685e-02 2.151542e-01 1.508712e-01 1.035509e-01 1.351082e-01 1.969130e-01 2.358049e-01 2.333742e-01 1.677592e-01 1.712386e-01 1.000000e-02
<GCONST> 5.559281e+01
<STATE> 22
<MEAN> 39
 -4.877041e+00 -1.158086e+01 3.530034e-01 -6.574975e+00 -1.109969e+01 -9.296043e+00 4.530014e+00 -2.834564e+00 4.500663e+00 7.199384e+00 3.624977e+00 -9.186584e-01 1.241736e-01 -6.779864e-01 -3.017656e-01 -1.966962e-01 8.561724e-01 1.340555e+00 -9.592517e-02 -4.571165e-01 3.181724e-01 -9.533241e-03 -5.732645e-01 3.732717e-01 4.791769e-02 -2.784062e-02 4.966299e-02 2.223722e-02 1.450693e-01 9.173115e-02 2.311449e-01 2.932679e-01 -2.994552e-01 -2.932151e-01 -1.411452e-01 -6.826515e-01 -5.716969e-01 -2.223293e-01 -1.293323e-03
<VARIANCE> 39
 4.879090e+00 3.202509e+00 2.917763e+00 5.915814e+00 7.663592e+00 1.456805e+01 1.209712e+01 1.715805e+01 1.769546e+01 2.688004e+01 9.034986e+00 7.620800e+00 1.000000e-02 2.155588e-01 2.264877e-01 6.603159e-01 6.402439e-01 7.246163e-01 9.785256e-01 6.435520e-01 6.811278e-01 8.304362e-02 1.572240e+00 1.098212e+00 1.071234e+00 1.000000e-02 1.012764e-01 1.123542e-01 6.896885e-02 1.363590e-01 4.461758e-02 3.179448e-01 2.118280e-01 1.775086e-01 2.189567e-01 2.772594e-01 1.610166e-01 4.482030e-02 1.000000e-02
<GCONST> 5.257215e+01
<STATE> 23
<MEAN> 39
 -7.177516e+00 -1.200174e+01 5.507417e-01 -4.218498e+00 -5.516879e+00 -6.429492e+00 2.017413e+00 -4.084865e+00 3.142784e+00 2.720223e+00 6.078265e-01 -2.055248e+00 4.231752e-03 -1.200242e-01 4.684886e-01 1.718965e-01 4.952221e-01 1.025861e+00 5.451799e-01 -5.659351e-01 -7.945043e-02 -7.053626e-02 -4.499190e-01 4.289950e-01 1.823632e-01 -8.468732e-03 2.254799e-01 1.461442e-01 4.825212e-03 -1.139060e-02 -1.708317e-02 6.683022e-02 2.199525e-01 1.384645e-02 -7.942478e-02 9.158578e-02 9.945527e-02 2.253540e-02 1.109566e-02
<VARIANCE> 39
 8.655680e-01 3.446459e+00 4.083111e+00 2.891657e+00 7.813025e+00 1.728604e+01 6.886524e+00 1.268102e+01 1.104639e+01 1.040428e+01 6.841415e+00 6.017721e+00 1.000000e-02 2.999321e-01 4.094212e-01 7.086226e-02 2.975854e-01 7.851908e-01 1.534661e+00 1.092212e+00 5.133831e-01 7.572269e-01 1.980197e+00 1.732876e+00 3.676324e-01 1.000000e-02 4.529164e-02 8.903223e-02 3.431402e-02 2.754937e-02 1.179472e-01 3.601556e-01 1.586927e-01 5.602114e-02 1.209428e-01 1.548955e-01 2.242538e-01 1.587244e-01 1.000000e-02
<GCONST> 4.519471e+01
<STATE> 24
<MEAN> 39
 -6.190289e+00 -1.016894e+01 1.456862e+00 -1.572398e+00 -2.569024e+00 -5.418051e+00 2.160798e+00 -3.350454e+00 2.834810e+00 2.610760e+00 3.366381e+00 -1.423909e+00 5.715278e-02 -2.242797e-02 -1.404548e-01 -2.214294e-01 4.794955e-01 1.054026e+00 1.068017e+00 6.441191e-01 -2.492218e-01 -8.334218e-01 -9.258093e-01 -5.334011e-01 -6.200415e-01 5.984094e-04 -4.486516e-02 -1.336052e-01 -1.333517e-01 -2.020401e-01 -1.776426e-01 7.376713e-02 9.307954e-02 2.906877e-02 -1.323123e-01 -7.245322e-02 -4.197515e-01 -1.770111e-01 -4.603480e-03
<VARIANCE> 39
 1.732594e+00 7.478194e-01 4.514511e+00 6.112989e+00 4.829701e+00 1.126968e+01 7.735448e+00 1.048920e+01 7.473906e+00 1.943579e+01 1.129442e+01 1.146733e+01 1.000000e-02 1.969631e-01 3.117642e-01 2.421046e-01 4.478907e-01 7.775778e-01 1.157343e+00 2.686750e-01 1.241787e+00 1.119439e+00 1.051624e+00 1.372102e+00 1.163357e+00 1.000000e-02 2.536136e-02 6.287776e-02 7.128901e-02 9.420427e-02 1.366757e-01 2.811182e-01 1.748953e-01 1.114242e-01 3.232795e-01 4.830488e-01 2.668249e-01 1.579557e-01 1.000000e-02
<GCONST> 5.042471e+01
<TRANSP> 25
 0.000000e+00 1.000000e+00 0.000000e+00 0.000000e+00 0.000000e+00 0.000000e+00 0.000000e+00 0.000000e+00 0.000000e+00 0.000000e+00 0.000000e+00 0.000000e+00 0.000000e+00 0.000000e+00 0.000000e+00 0.000000e+00 0.000000e+00 0.000000e+00 0.000000e+00 0.000000e+00 0.000000e+00 0.000000e+00 0.000000e+00 0.000000e+00 0.000000e+00
 0.000000e+00 6.666667e-01 3.333333e-01 0.000000e+00 0.000000e+00 0.000000e+00 0.000000e+00 0.000000e+00 0.000000e+00 0.000000e+00 0.000000e+00 0.000000e+00 0.000000e+00 0.000000e+00 0.000000e+00 0.000000e+00 0.000000e+00 0.000000e+00 0.000000e+00 0.000000e+00 0.000000e+00 0.000000e+00 0.000000e+00 0.000000e+00 0.000000e+00
 0.000000e+00 0.000000e+00 5.000000e-01 5.000000e-01 0.000000e+00 0.000000e+00 0.000000e+00 0.000000e+00 0.000000e+00 0.000000e+00 0.000000e+00 0.000000e+00 0.000000e+00 0.000000e+00 0.000000e+00 0.000000e+00 0.000000e+00 0.000000e+00 0.000000e+00 0.000000e+00 0.000000e+00 0.000000e+00 0.000000e+00 0.000000e+00 0.000000e+00
 0.000000e+00 0.000000e+00 0.000000e+00 6.666667e-01 3.333333e-01 0.000000e+00 0.000000e+00 0.000000e+00 0.000000e+00 0.000000e+00 0.000000e+00 0.000000e+00 0.000000e+00 0.000000e+00 0.000000e+00 0.000000e+00 0.000000e+00 0.000000e+00 0.000000e+00 0.000000e+00 0.000000e+00 0.000000e+00 0.000000e+00 0.000000e+00 0.000000e+00
 0.000000e+00 0.000000e+00 0.000000e+00 0.000000e+00 6.153846e-01 3.846154e-01 0.000000e+00 0.000000e+00 0.000000e+00 0.000000e+00 0.000000e+00 0.000000e+00 0.000000e+00 0.000000e+00 0.000000e+00 0.000000e+00 0.000000e+00 0.000000e+00 0.000000e+00 0.000000e+00 0.000000e+00 0.000000e+00 0.000000e+00 0.000000e+00 0.000000e+00
 0.000000e+00 0.000000e+00 0.000000e+00 0.000000e+00 0.000000e+00 6.428571e-01 3.571429e-01 0.000000e+00 0.000000e+00 0.000000e+00 0.000000e+00 0.000000e+00 0.000000e+00 0.000000e+00 0.000000e+00 0.000000e+00 0.000000e+00 0.000000e+00 0.000000e+00 0.000000e+00 0.000000e+00 0.000000e+00 0.000000e+00 0.000000e+00 0.000000e+00
 0.000000e+00 0.000000e+00 0.000000e+00 0.000000e+00 0.000000e+00 0.000000e+00 5.454546e-01 4.545455e-01 0.000000e+00 0.000000e+00 0.000000e+00 0.000000e+00 0.000000e+00 0.000000e+00 0.000000e+00 0.000000e+00 0.000000e+00 0.000000e+00 0.000000e+00 0.000000e+00 0.000000e+00 0.000000e+00 0.000000e+00 0.000000e+00 0.000000e+00
 0.000000e+00 0.000000e+00 0.000000e+00 0.000000e+00 0.000000e+00 0.000000e+00 0.000000e+00 6.428571e-01 3.571429e-01 0.000000e+00 0.000000e+00 0.000000e+00 0.000000e+00 0.000000e+00 0.000000e+00 0.000000e+00 0.000000e+00 0.000000e+00 0.000000e+00 0.000000e+00 0.000000e+00 0.000000e+00 0.000000e+00 0.000000e+00 0.000000e+00
 0.000000e+00 0.000000e+00 0.000000e+00 0.000000e+00 0.000000e+00 0.000000e+00 0.000000e+00 0.000000e+00 5.000000e-01 5.000000e-01 0.000000e+00 0.000000e+00 0.000000e+00 0.000000e+00 0.000000e+00 0.000000e+00 0.000000e+00 0.000000e+00 0.000000e+00 0.000000e+00 0.000000e+00 0.000000e+00 0.000000e+00 0.000000e+00 0.000000e+00
 0.000000e+00 0.000000e+00 0.000000e+00 0.000000e+00 0.000000e+00 0.000000e+00 0.000000e+00 0.000000e+00 0.000000e+00 5.454546e-01 4.545455e-01 0.000000e+00 0.000000e+00 0.000000e+00 0.000000e+00 0.000000e+00 0.000000e+00 0.000000e+00 0.000000e+00 0.000000e+00 0.000000e+00 0.000000e+00 0.000000e+00 0.000000e+00 0.000000e+00
 0.000000e+00 0.000000e+00 0.000000e+00 0.000000e+00 0.000000e+00 0.000000e+00 0.000000e+00 0.000000e+00 0.000000e+00 0.000000e+00 7.368421e-01 2.631579e-01 0.000000e+00 0.000000e+00 0.000000e+00 0.000000e+00 0.000000e+00 0.000000e+00 0.000000e+00 0.000000e+00 0.000000e+00 0.000000e+00 0.000000e+00 0.000000e+00 0.000000e+00
 0.000000e+00 0.000000e+00 0.000000e+00 0.000000e+00 0.000000e+00 0.000000e+00 0.000000e+00 0.000000e+00 0.000000e+00 0.000000e+00 0.000000e+00 5.454546e-01 4.545455e-01 0.000000e+00 0.000000e+00 0.000000e+00 0.000000e+00 0.000000e+00 0.000000e+00 0.000000e+00 0.000000e+00 0.000000e+00 0.000000e+00 0.000000e+00 0.000000e+00
 0.000000e+00 0.000000e+00 0.000000e+00 0.000000e+00 0.000000e+00 0.000000e+00 0.000000e+00 0.000000e+00 0.000000e+00 0.000000e+00 0.000000e+00 0.000000e+00 6.153846e-01 3.846154e-01 0.000000e+00 0.000000e+00 0.000000e+00 0.000000e+00 0.000000e+00 0.000000e+00 0.000000e+00 0.000000e+00 0.000000e+00 0.000000e+00 0.000000e+00
 0.000000e+00 0.000000e+00 0.000000e+00 0.000000e+00 0.000000e+00 0.000000e+00 0.000000e+00 0.000000e+00 0.000000e+00 0.000000e+00 0.000000e+00 0.000000e+00 0.000000e+00 6.666667e-01 3.333333e-01 0.000000e+00 0.000000e+00 0.000000e+00 0.000000e+00 0.000000e+00 0.000000e+00 0.000000e+00 0.000000e+00 0.000000e+00 0.000000e+00
 0.000000e+00 0.000000e+00 0.000000e+00 0.000000e+00 0.000000e+00 0.000000e+00 0.000000e+00 0.000000e+00 0.000000e+00 0.000000e+00 0.000000e+00 0.000000e+00 0.000000e+00 0.000000e+00 5.833333e-01 4.166667e-01 0.000000e+00 0.000000e+00 0.000000e+00 0.000000e+00 0.000000e+00 0.000000e+00 0.000000e+00 0.000000e+00 0.000000e+00
 0.000000e+00 0.000000e+00 0.000000e+00 0.000000e+00 0.000000e+00 0.000000e+00 0.000000e+00 0.000000e+00 0.000000e+00 0.000000e+00 0.000000e+00 0.000000e+00 0.000000e+00 0.000000e+00 0.000000e+00 5.833333e-01 4.166667e-01 0.000000e+00 0.000000e+00 0.000000e+00 0.000000e+00 0.000000e+00 0.000000e+00 0.000000e+00 0.000000e+00
 0.000000e+00 0.000000e+00 0.000000e+00 0.000000e+00 0.000000e+00 0.000000e+00 0.000000e+00 0.000000e+00 0.000000e+00 0.000000e+00 0.000000e+00 0.000000e+00 0.000000e+00 0.000000e+00 0.000000e+00 0.000000e+00 5.454546e-01 4.545455e-01 0.000000e+00 0.000000e+00 0.000000e+00 0.000000e+00 0.000000e+00 0.000000e+00 0.000000e+00
 0.000000e+00 0.000000e+00 0.000000e+00 0.000000e+00 0.000000e+00 0.000000e+00 0.000000e+00 0.000000e+00 0.000000e+00 0.000000e+00 0.000000e+00 0.000000e+00 0.000000e+00 0.000000e+00 0.000000e+00 0.000000e+00 0.000000e+00 6.153846e-01 3.846154e-01 0.000000e+00 0.000000e+00 0.000000e+00 0.000000e+00 0.000000e+00 0.000000e+00
 0.000000e+00 0.000000e+00 0.000000e+00 0.000000e+00 0.000000e+00 0.000000e+00 0.000000e+00 0.000000e+00 0.000000e+00 0.000000e+00 0.000000e+00 0.000000e+00 0.000000e+00 0.000000e+00 0.000000e+00 0.000000e+00 0.000000e+00 0.000000e+00 6.428571e-01 3.571429e-01 0.000000e+00 0.000000e+00 0.000000e+00 0.000000e+00 0.000000e+00
 0.000000e+00 0.000000e+00 0.000000e+00 0.000000e+00 0.000000e+00 0.000000e+00 0.000000e+00 0.000000e+00 0.000000e+00 0.000000e+00 0.000000e+00 0.000000e+00 0.000000e+00 0.000000e+00 0.000000e+00 0.000000e+00 0.000000e+00 0.000000e+00 0.000000e+00 6.153846e-01 3.846154e-01 0.000000e+00 0.000000e+00 0.000000e+00 0.000000e+00
 0.000000e+00 0.000000e+00 0.000000e+00 0.000000e+00 0.000000e+00 0.000000e+00 0.000000e+00 0.000000e+00 0.000000e+00 0.000000e+00 0.000000e+00 0.000000e+00 0.000000e+00 0.000000e+00 0.000000e+00 0.000000e+00 0.000000e+00 0.000000e+00 0.000000e+00 0.000000e+00 5.833333e-01 4.166667e-01 0.000000e+00 0.000000e+00 0.000000e+00
 0.000000e+00 0.000000e+00 0.000000e+00 0.000000e+00 0.000000e+00 0.000000e+00 0.000000e+00 0.000000e+00 0.000000e+00 0.000000e+00 0.000000e+00 0.000000e+00 0.000000e+00 0.000000e+00 0.000000e+00 0.000000e+00 0.000000e+00 0.000000e+00 0.000000e+00 0.000000e+00 0.000000e+00 3.750000e-01 6.250000e-01 0.000000e+00 0.000000e+00
 0.000000e+00 0.000000e+00 0.000000e+00 0.000000e+00 0.000000e+00 0.000000e+00 0.000000e+00 0.000000e+00 0.000000e+00 0.000000e+00 0.000000e+00 0.000000e+00 0.000000e+00 0.000000e+00 0.000000e+00 0.000000e+00 0.000000e+00 0.000000e+00 0.000000e+00 0.000000e+00 0.000000e+00 0.000000e+00 6.875000e-01 3.125000e-01 0.000000e+00
 0.000000e+00 0.000000e+00 0.000000e+00 0.000000e+00 0.000000e+00 0.000000e+00 0.000000e+00 0.000000e+00 0.000000e+00 0.000000e+00 0.000000e+00 0.000000e+00 0.000000e+00 0.000000e+00 0.000000e+00 0.000000e+00 0.000000e+00 0.000000e+00 0.000000e+00 0.000000e+00 0.000000e+00 0.000000e+00 0.000000e+00 5.833333e-01 4.166667e-01
 0.000000e+00 0.000000e+00 0.000000e+00 0.000000e+00 0.000000e+00 0.000000e+00 0.000000e+00 0.000000e+00 0.000000e+00 0.000000e+00 0.000000e+00 0.000000e+00 0.000000e+00 0.000000e+00 0.000000e+00 0.000000e+00 0.000000e+00 0.000000e+00 0.000000e+00 0.000000e+00 0.000000e+00 0.000000e+00 0.000000e+00 0.000000e+00 0.000000e+00
<ENDHMM>
