~o
<STREAMINFO> 1 39
<VECSIZE> 39<NULLD><MFCC_E_D_A><DIAGC>
~h "Kho^ng"
<BEGINHMM>
<NUMSTATES> 28
<STATE> 2
<MEAN> 39
 -7.020998e+00 -1.079740e+01 -3.899656e+00 -1.017174e+00 1.032058e+00 -5.586057e+00 2.796562e+00 2.704651e-01 2.262571e+00 -1.595593e+00 3.826825e-01 -1.666247e+00 -9.235175e-02 -6.185319e-02 -4.429514e-01 -1.233374e+00 -8.664466e-01 1.206350e+00 -1.376987e+00 -3.488954e-01 1.555705e+00 9.321786e-01 1.221393e+00 -1.394732e+00 -2.193365e-01 2.570685e-02 1.640736e-01 5.164508e-02 -2.216861e-01 -3.394582e-01 7.665732e-01 -2.267549e-01 -3.141821e-01 -1.070607e-01 -2.039585e-01 7.681775e-02 -3.319301e-01 -6.931050e-03 1.758390e-02
<VARIANCE> 39
 1.468956e+00 2.026478e+00 6.607669e+00 8.627481e+00 9.401306e+00 8.018755e+00 8.343738e+00 1.443442e+01 2.112063e+01 1.042932e+01 8.860892e+00 9.226160e+00 1.000000e-02 9.883062e-01 9.016959e-01 1.552772e+00 8.798772e-01 1.841655e+00 1.410913e+00 2.753238e+00 1.196565e+00 2.841412e+00 2.069294e+00 3.736007e+00 7.425195e-01 1.000000e-02 8.223550e-02 7.185376e-02 2.623957e-01 1.176146e-01 2.181832e-01 3.943509e-01 5.583528e-01 2.462813e-01 5.488424e-01 2.822692e-01 4.213641e-01 1.765298e-01 1.000000e-02
<GCONST> 6.953395e+01
<STATE> 3
<MEAN> 39
 -6.490942e+00 -1.031674e+01 -5.880656e+00 -4.909343e+00 7.877433e+00 -9.366806e+00 -1.413605e+00 2.647823e+00 1.894577e+00 1.681344e+00 -5.309326e+00 -2.628917e+00 1.462290e-02 4.713839e-01 -6.973045e-01 -1.682639e+00 -5.885984e-01 1.982339e+00 -7.380487e-01 -3.046609e-01 3.950184e-03 2.717443e-02 5.837471e-01 -1.184049e+00 -8.926097e-02 5.887406e-02 8.558914e-02 -2.286953e-01 -1.406701e-01 2.760481e-01 -4.421048e-01 5.431701e-02 2.962654e-01 -2.749526e-01 1.369506e-01 -2.378785e-01 4.888584e-01 1.908323e-01 3.670313e-03
<VARIANCE> 39
 1.767934e+01 1.592122e+01 3.269313e+01 6.932006e+00 8.247466e+00 3.079253e+01 2.938896e+01 1.288033e+01 1.563442e+01 8.907897e+00 3.330572e+01 4.232935e+00 3.775103e-02 8.472313e-01 6.132461e-01 2.078636e+00 1.181995e+00 4.153133e+00 3.527007e+00 4.368980e+00 6.563353e-01 1.753883e+00 9.880279e-01 9.921860e-01 3.565686e-01 1.000000e-02 3.143384e-01 2.976097e-01 9.238157e-02 2.461084e-01 5.114465e-01 2.422419e-01 6.424550e-01 8.776975e-02 4.827936e-01 1.841405e-01 5.008061e-01 1.088964e-01 1.000000e-02
<GCONST> 7.865865e+01
<STATE> 4
<MEAN> 39
 -5.014638e+00 -1.407492e+01 -1.135377e+01 -4.550332e+00 9.526216e+00 -1.116049e+01 -7.716541e-01 1.489924e+00 3.284281e+00 2.342547e+00 -5.161842e+00 -3.075969e+00 1.832468e-01 2.381281e-01 -7.219528e-01 -1.205106e+00 -2.701472e-01 7.483231e-01 -1.290380e+00 -1.656125e-01 4.105726e-01 8.427469e-01 3.181928e-01 2.733072e-01 3.490651e-01 4.460126e-02 -1.896738e-01 3.349484e-01 5.024806e-01 -1.254388e-02 -2.461750e-01 3.008390e-01 1.480766e-01 1.531869e-01 -1.008346e-01 -1.767886e-01 1.759785e-01 1.084818e-01 -1.285108e-02
<VARIANCE> 39
 8.364050e+00 2.041039e+01 4.940068e+01 4.664897e+00 4.576791e+01 4.793382e+01 3.181052e+01 1.537186e+01 1.211870e+01 1.965623e+01 1.125039e+01 1.216768e+00 6.345033e-02 1.116994e+00 1.824197e+00 1.713879e+00 1.712537e+00 2.267243e+00 2.096916e+00 2.263443e+00 5.738687e-01 1.076801e+00 6.967248e-01 1.102125e+00 4.594443e-01 1.000000e-02 1.282095e-01 2.904064e-01 2.423741e-01 1.241964e-01 6.073059e-01 4.975980e-01 3.729873e-01 3.415604e-02 2.293221e-01 1.780582e-01 3.786885e-01 4.539953e-02 1.000000e-02
<GCONST> 7.529108e+01
<STATE> 5
<MEAN> 39
 -5.890579e+00 -1.297956e+01 -1.038467e+01 -4.846829e+00 1.041196e+01 -1.146935e+01 4.809820e-02 2.996061e+00 5.024529e+00 1.205879e+00 -4.128765e+00 -1.616063e+00 1.692811e-01 1.409302e-02 1.364363e-01 -1.119037e-01 -6.309238e-01 -2.803433e-03 3.064447e-01 4.195971e-01 3.977683e-01 -4.261546e-01 -3.328061e-02 -3.416840e-01 2.670031e-01 1.549149e-02 1.063629e-01 3.169755e-02 7.873898e-02 -1.256507e-01 -1.803295e-01 2.066792e-01 2.063483e-01 -3.106801e-01 -5.151874e-01 1.459063e-01 -3.468840e-01 -1.401915e-01 3.848904e-03
<VARIANCE> 39
 6.852312e+00 2.030187e+01 6.114463e+01 2.322199e+01 2.687415e+01 9.916904e+01 4.163245e+01 1.319408e+01 7.061577e+00 9.145638e+00 2.320516e+01 7.938689e+00 9.069198e-02 3.800181e-01 1.050896e+00 1.143829e+00 9.738026e-01 1.016093e+00 1.068922e+00 9.882770e-01 3.658239e-01 1.628774e+00 7.088167e-01 2.593524e+00 8.308330e-01 1.000000e-02 1.808312e-01 2.851081e-01 3.320688e-01 2.708198e-01 1.364196e-01 6.413880e-01 3.191334e-01 3.081030e-01 1.070082e-01 1.679248e-01 7.031116e-01 4.034195e-01 1.000000e-02
<GCONST> 7.959895e+01
<STATE> 6
<MEAN> 39
 -6.236380e+00 -1.517472e+01 -1.189993e+01 -5.278962e+00 1.014384e+01 -1.042147e+01 -7.141162e-01 4.220825e+00 5.382782e+00 2.522093e+00 -7.443511e+00 -2.676797e-02 1.920470e-01 -3.010045e-01 -6.450705e-01 -8.858791e-01 -2.984511e-01 7.449417e-01 1.278079e-01 2.054905e-01 1.120114e-01 -8.544965e-02 2.905799e-01 -1.375015e+00 3.913670e-02 3.740354e-02 -5.141564e-02 -2.323529e-02 9.571552e-02 -2.514379e-02 -6.912372e-02 1.613991e-01 -1.589278e-02 -1.356016e-01 9.966853e-02 -1.655185e-01 1.075036e-01 -2.072116e-01 1.999690e-03
<VARIANCE> 39
 5.985785e+00 2.047369e+01 4.450307e+01 7.903498e+00 2.501208e+01 1.790542e+01 1.403821e+01 1.734347e+01 2.121159e+01 1.347288e+01 5.042086e+01 4.975816e+00 5.721473e-02 9.501365e-01 1.493192e+00 2.292660e+00 4.875760e-01 7.068418e-01 3.362570e+00 1.298180e+00 2.151975e+00 3.186517e+00 7.943461e-01 3.463567e+00 1.030552e+00 1.000000e-02 1.404845e-01 1.712926e-01 2.696914e-01 5.283569e-02 3.242373e-01 2.163317e-01 1.530330e-01 3.615077e-01 7.225416e-01 1.650672e-01 7.532441e-01 1.919342e-01 1.000000e-02
<GCONST> 8.002215e+01
<STATE> 7
<MEAN> 39
 -7.034830e+00 -1.567584e+01 -1.555251e+01 -1.010596e+01 1.432835e+01 -1.090874e+01 3.863082e-01 5.795000e+00 3.044596e+00 3.975301e+00 -9.733139e+00 -1.514231e+00 4.429907e-01 3.830610e-01 -2.950315e-01 6.298810e-02 -1.578271e+00 -7.582628e-01 1.971066e-02 9.632726e-01 -1.167141e+00 -9.735536e-02 -7.979515e-01 -2.727260e-01 -1.232833e+00 5.769404e-02 3.117946e-01 -3.464850e-01 -1.077743e-01 -1.555534e-01 -3.582352e-01 -1.086650e-01 5.705523e-01 -9.279070e-01 -6.868626e-03 -2.639925e-01 4.615022e-01 -9.037903e-01 1.910240e-02
<VARIANCE> 39
 1.515487e+01 1.250930e+01 4.745811e+00 1.850732e+01 2.823450e+01 5.110546e+01 6.970968e+01 2.272388e+00 4.342837e+01 1.438390e+01 3.133585e+01 1.642485e+01 1.406162e-02 7.904796e-01 2.038758e+00 9.493958e-01 3.222032e+00 2.640961e+00 1.347646e+00 1.648311e+00 3.312724e+00 1.602827e+00 4.879312e-01 2.930147e+00 2.654354e+00 1.000000e-02 2.363864e-01 6.373722e-01 4.191580e-01 4.063989e-01 2.031417e-01 6.264122e-01 4.994048e-01 1.733143e-01 3.857837e-01 3.065905e-01 8.260961e-01 1.926554e-01 1.000000e-02
<GCONST> 8.716714e+01
<STATE> 8
<MEAN> 39
 -3.588095e+00 -1.751899e+01 -1.626705e+01 -1.184550e+01 1.069587e+01 -1.199705e+01 3.878846e+00 -3.622069e+00 2.514075e+00 -4.849999e-01 -1.437897e+01 -5.277383e+00 6.078644e-01 7.675558e-01 -8.711983e-01 -7.349331e-01 -8.175981e-01 -7.861046e-01 5.514228e-01 2.544502e+00 -3.911530e+00 -5.619040e-01 -1.387162e+00 1.706442e+00 -3.962584e+00 1.032019e-01 -4.384467e-01 -7.507274e-02 -4.370564e-01 2.865780e-01 2.281643e-01 3.491016e-01 2.204622e-01 -3.293777e-02 -7.780807e-02 1.019141e-01 1.124137e+00 -2.581216e-01 1.125531e-02
<VARIANCE> 39
 1.503109e+01 6.438227e+00 2.412905e+01 6.042016e+01 7.873356e+00 3.069641e+01 4.731441e+01 4.314940e+01 3.252215e+01 8.443202e+00 2.991650e+01 4.065013e+01 2.995817e-02 7.647406e-01 2.460973e+00 1.906834e+00 4.925114e+00 1.536310e+00 2.088537e+00 2.494160e+00 1.134485e+00 9.522610e-01 1.761381e+00 2.109160e+00 9.531398e-01 1.000000e-02 1.166082e-01 9.860991e-02 8.444953e-01 5.351782e-01 2.161546e-01 2.087454e-01 3.230752e-01 5.860874e-01 2.573754e-01 1.087915e-01 2.292155e-01 4.676763e-01 1.000000e-02
<GCONST> 8.710658e+01
<STATE> 9
<MEAN> 39
 -5.170601e+00 -1.957831e+01 -1.852397e+01 -1.334167e+01 1.070109e+01 -9.028522e+00 1.151577e+01 -7.307658e+00 1.253998e+00 -4.876575e-01 -4.368955e+00 -1.382533e+01 8.452669e-01 -8.549109e-01 -8.182554e-01 -8.054065e-01 8.201471e-02 3.418067e-01 2.255207e+00 1.771127e+00 -1.860002e+00 -9.539182e-01 2.686463e-01 2.723377e+00 -1.896127e+00 8.765737e-02 -2.313699e-01 1.593270e-01 1.671248e-01 3.903172e-01 3.424885e-01 5.290230e-01 -8.466228e-01 5.262175e-01 -4.731904e-02 5.904900e-01 -2.728754e-01 9.854593e-01 -1.981717e-02
<VARIANCE> 39
 5.677245e+00 1.301392e+01 2.955413e+01 8.511047e+01 3.375660e+01 1.563433e+01 1.800114e+01 2.011291e+01 2.556390e+01 1.957103e+01 1.315364e+01 2.007252e+01 1.020315e-02 4.557865e-01 6.213648e-01 3.948818e+00 3.505208e+00 1.029223e+00 1.936454e+00 1.491449e+00 1.593125e+00 1.015335e+00 1.090876e+00 1.726222e+00 1.416333e+00 1.000000e-02 1.967206e-01 4.380299e-01 4.573865e-01 7.287564e-01 3.063416e-01 3.183784e-01 2.710142e-01 3.482124e-01 2.644536e-01 1.943000e-01 2.632737e-01 8.903385e-02 1.000000e-02
<GCONST> 8.292367e+01
<STATE> 10
<MEAN> 39
 -6.264019e+00 -2.110632e+01 -1.919189e+01 -1.383646e+01 1.272135e+01 -7.971124e-02 9.770989e+00 -1.328497e+01 -2.688784e+00 1.505955e+00 -8.139332e-01 -1.614764e+01 9.765653e-01 -2.259715e-02 9.786157e-02 -2.212846e-01 -2.970561e-01 -3.741680e-01 2.575430e+00 -1.134378e+00 -1.271838e+00 -2.149207e-01 2.063672e-01 1.004123e-01 1.816196e-01 9.261107e-03 1.969445e-01 9.703823e-02 2.109316e-01 -3.721032e-01 -1.607482e-01 -1.167703e-01 -2.419595e-01 3.847101e-01 1.077025e-01 -3.943202e-01 -3.985813e-01 3.522921e-01 -1.441694e-02
<VARIANCE> 39
 9.538246e+00 6.101069e+00 2.183992e+01 5.772015e+01 1.536218e+01 1.406571e+01 1.459516e+01 1.837018e+01 2.183297e+01 3.297492e+01 8.772848e+00 5.254163e+00 1.000000e-02 3.097276e-01 5.996147e-01 1.102626e+00 3.451742e-01 7.522979e-01 4.640668e-01 3.708374e-01 9.476575e-01 1.014535e+00 1.278282e+00 6.308321e-01 2.879854e-01 1.000000e-02 2.938984e-02 4.291861e-02 2.598979e-01 1.304021e-01 9.826249e-02 9.309550e-02 2.914262e-01 9.136630e-02 1.765575e-01 1.960489e-01 1.958468e-01 7.373223e-02 1.000000e-02
<GCONST> 5.826698e+01
<STATE> 11
<MEAN> 39
 -7.237186e+00 -1.983358e+01 -2.069473e+01 -1.382794e+01 1.035167e+01 5.913344e+00 6.704546e+00 -1.361117e+01 8.499932e-01 1.229214e+00 -8.373764e-01 -1.124148e+01 9.702995e-01 1.574893e-01 8.205336e-02 6.868780e-01 -1.806086e+00 1.010499e-01 1.576454e+00 -5.851240e-01 2.736917e-01 -2.134961e-01 -1.168615e+00 4.829125e-02 1.373082e+00 -1.088481e-02 2.024700e-01 8.948758e-02 2.486941e-01 -3.190317e-01 -1.291054e-01 -2.746680e-01 1.747347e-01 5.521223e-01 -2.316712e-01 -4.537639e-01 -1.393449e-01 1.925127e-01 -7.149932e-03
<VARIANCE> 39
 9.691545e+00 8.439237e+00 1.084349e+01 3.347818e+01 3.891964e+00 3.328358e+01 8.334155e+00 9.177371e+00 2.737819e+01 1.660172e+01 6.072318e+00 2.064097e+01 1.000000e-02 2.428395e-01 6.190294e-01 6.765116e-01 4.543599e-01 8.614033e-01 4.951742e-01 6.832368e-01 1.080891e+00 7.687252e-01 2.799672e+00 8.496882e-01 3.339970e-01 1.000000e-02 1.837633e-02 1.334339e-01 4.361342e-02 8.206014e-02 5.814994e-02 1.552029e-01 3.160516e-02 3.073584e-01 2.518519e-01 1.628896e-01 2.012365e-01 1.143555e-01 1.000000e-02
<GCONST> 5.563805e+01
<STATE> 12
<MEAN> 39
 -4.908349e+00 -2.023687e+01 -1.461801e+01 -2.264388e+01 9.511216e+00 9.718021e+00 6.524272e+00 -1.089769e+01 -4.300857e+00 -6.201123e+00 -2.649282e+00 -9.703449e+00 8.843880e-01 1.000385e+00 -5.493048e-01 8.340687e-01 -1.457690e+00 -1.354808e+00 8.897006e-01 -5.710987e-01 2.479389e+00 -1.294141e+00 -6.705652e-01 -5.544298e-01 5.895043e-01 -2.030480e-02 3.182303e-01 -7.826687e-02 -1.312834e-01 5.129244e-01 -4.704220e-01 -6.805279e-01 -4.039251e-01 2.147999e-01 4.046905e-01 8.122243e-01 -9.300116e-02 -4.655139e-01 -1.373658e-03
<VARIANCE> 39
 1.846512e+01 7.630089e+00 2.156393e+01 2.935677e+01 4.893989e+00 9.734496e+00 1.593002e+01 1.100270e+01 4.703455e+01 3.419368e+01 4.317597e+00 1.057590e+01 1.000000e-02 3.188491e-01 6.600385e-01 7.489579e-01 2.202531e+00 1.421638e+00 1.053380e+00 1.239461e+00 1.794181e+00 4.881150e-01 3.647858e+00 3.023505e+00 6.946922e-01 1.000000e-02 5.863108e-02 8.732360e-02 8.122663e-02 1.699707e-01 4.702252e-02 4.467538e-01 2.304886e-01 4.217491e-01 5.523661e-01 4.057606e-01 1.139858e-01 6.794678e-02 1.000000e-02
<GCONST> 6.885130e+01
<STATE> 13
<MEAN> 39
 2.019176e-02 -2.179582e+01 -1.468434e+01 -2.125191e+01 3.169831e+00 7.352904e+00 2.614875e+00 -3.553824e+00 -5.748425e+00 -2.761942e+00 -5.858342e+00 -1.166067e+01 8.405973e-01 1.442058e+00 6.558911e-01 9.982176e-01 9.353808e-01 -2.200312e+00 -2.440336e+00 -2.122130e+00 4.005803e-01 1.655761e+00 1.038971e+00 2.838260e-01 -8.111854e-02 -4.103864e-02 9.937833e-02 2.327266e-01 2.728298e-01 7.174774e-01 2.042557e-01 -4.321407e-01 -8.928446e-02 -1.200389e+00 2.743208e-01 1.656215e-02 5.956162e-01 1.654001e-01 -7.419940e-03
<VARIANCE> 39
 2.615905e+01 7.120733e+00 1.802366e+01 1.475196e+01 4.354628e+01 3.126203e+01 1.117196e+01 2.485719e+01 3.541068e+01 9.488880e+00 2.567013e+01 2.150321e+01 1.000000e-02 6.298921e-01 7.058827e-01 4.000860e-01 4.399464e+00 2.832187e+00 5.571909e+00 1.672130e+00 5.797036e+00 4.859050e+00 3.832428e+00 2.219080e+00 1.343489e+00 1.000000e-02 1.000024e-01 1.397709e-01 1.158119e-01 3.934966e-01 7.582479e-01 6.779765e-01 2.367073e-01 1.035308e+00 1.043528e+00 4.814454e-01 5.844339e-01 1.788985e-01 1.000000e-02
<GCONST> 9.007045e+01
<STATE> 14
<MEAN> 39
 3.080732e+00 -1.895934e+01 -1.088863e+01 -1.600343e+01 4.996136e-01 1.509213e+00 -2.738853e+00 -9.880976e+00 -3.718781e+00 -1.966790e-01 -2.117519e+00 -1.032492e+01 7.116010e-01 1.240269e+00 3.275496e-01 7.630207e-01 8.194891e-01 -4.003757e-01 -3.989287e-01 -3.822979e-01 -1.015986e+00 -7.381679e-01 -7.995605e-01 4.340478e-01 5.754657e-01 -3.392178e-02 1.635741e-02 -2.385952e-01 -3.326647e-01 -1.242768e-01 1.194893e-01 3.876385e-01 4.081203e-01 4.175698e-01 -7.673856e-02 -4.958863e-01 -4.678594e-01 -8.873535e-02 5.045439e-03
<VARIANCE> 39
 3.648222e+01 2.188611e+00 2.861135e+01 4.758434e+01 4.859546e+01 6.676686e+01 5.058051e+01 1.768294e+01 1.339068e+01 1.109966e+01 1.947406e+01 1.814898e+01 1.804765e-02 6.457339e-01 6.013739e-01 1.762512e+00 2.885411e+00 1.828405e+00 1.011951e+00 2.883330e+00 6.038121e+00 3.020905e+00 1.538963e+00 9.513099e-01 7.743940e-01 1.000000e-02 1.826879e-01 1.667304e-01 5.008048e-01 3.986937e-01 5.598302e-01 6.877018e-01 8.744436e-01 8.561080e-01 1.137426e+00 6.136036e-01 2.005620e-01 1.637460e-01 1.000000e-02
<GCONST> 9.106033e+01
<STATE> 15
<MEAN> 39
 1.842311e+00 -1.904638e+01 -1.426486e+01 -1.973233e+01 3.643600e+00 5.724046e+00 9.645493e-01 -6.928668e+00 -2.898736e+00 -4.021256e+00 -2.100380e+00 -8.395204e+00 7.392660e-01 1.862796e+00 -4.779766e-01 1.025627e+00 5.086015e-01 -1.535201e+00 -6.283614e-01 -9.027140e-01 8.304869e-01 1.364459e+00 -5.180441e-01 -7.491297e-01 -6.680003e-02 -3.356073e-02 -1.390896e-01 -1.251601e-01 2.474813e-01 5.400677e-01 -3.128354e-01 -3.223426e-01 -6.803195e-01 -5.486400e-01 5.718811e-01 2.201387e-01 -1.019240e-01 -8.861464e-03 -6.216803e-03
<VARIANCE> 39
 3.649411e+01 6.829239e+00 1.787633e+01 6.346164e+01 4.819793e+01 6.794458e+01 1.170214e+01 2.950893e+01 3.244533e+01 2.820722e+00 1.549551e+01 1.750786e+01 1.845499e-02 8.009431e-01 1.186488e+00 4.066379e+00 2.794265e+00 3.517996e+00 6.260318e-01 3.893101e+00 1.480425e+00 1.823359e+00 7.589276e-01 1.658586e+00 9.397406e-01 1.000000e-02 1.412109e-01 1.700608e-01 3.245021e-01 3.933902e-01 4.462369e-01 2.349477e-01 4.094105e-01 8.985438e-01 5.165294e-01 9.574730e-02 1.056622e-01 4.771133e-02 1.000000e-02
<GCONST> 8.343440e+01
<STATE> 16
<MEAN> 39
 4.385374e+00 -2.216232e+01 -8.904950e+00 -1.859563e+01 -1.370749e+00 5.105180e+00 -4.723577e+00 -8.429520e+00 2.836178e+00 -4.967935e+00 -1.634223e+00 -6.258753e+00 6.634150e-01 8.141800e-01 4.614441e-02 1.401955e+00 2.111756e+00 -1.622961e+00 -1.569647e+00 -3.203182e+00 -1.735774e+00 1.030883e+00 -2.601673e-01 -1.536530e-01 4.987734e-01 -5.492253e-02 -5.135952e-01 4.691349e-01 -5.480117e-01 1.343524e-01 7.311862e-01 -7.596842e-02 2.026274e-01 -1.844959e-01 -4.538157e-01 1.337845e-03 -1.455652e-02 -1.784255e-01 2.698282e-03
<VARIANCE> 39
 9.019801e+00 6.045786e+00 5.417422e+00 6.371130e+01 1.751647e+01 3.726141e+01 2.192548e+01 2.751949e+01 1.430698e+01 6.532876e+00 7.044434e+00 1.760481e+01 1.000000e-02 5.775282e-01 9.297191e-01 2.181369e+00 1.468052e+00 3.142972e+00 1.565965e+00 3.446184e+00 2.606931e+00 1.612379e+00 7.644727e-01 3.835598e-01 2.481569e-01 1.000000e-02 4.987875e-02 1.091233e-01 2.170525e-01 6.099791e-01 5.924838e-01 1.441592e-01 6.287972e-01 8.132798e-01 3.289877e-01 1.286491e-01 1.124347e-01 1.490809e-01 1.000000e-02
<GCONST> 7.451711e+01
<STATE> 17
<MEAN> 39
 5.559216e+00 -1.897145e+01 -9.205743e+00 -1.344306e+01 -1.882122e+00 -1.496414e-01 -8.262997e+00 -1.137703e+01 2.022675e+00 -5.417112e+00 -3.015882e+00 -7.040246e+00 5.641268e-01 2.240600e-01 8.997089e-01 -1.018972e+00 8.587000e-01 7.222489e-01 -1.100640e+00 9.131063e-01 8.994991e-01 -5.676067e-01 -6.063166e-01 -4.699007e-01 -8.355911e-01 -1.958083e-02 -1.073210e-01 -2.012257e-02 -2.031035e-01 -2.074397e-01 2.016812e-01 1.690035e-01 7.584720e-01 3.714588e-01 -2.819118e-01 4.049936e-02 -2.197845e-01 -2.961877e-01 5.344735e-03
<VARIANCE> 39
 8.516107e+00 5.735370e+00 1.472653e+01 1.501042e+01 2.194105e+01 1.484891e+01 4.169390e+01 1.648406e+01 1.803870e+01 1.779928e+01 1.209542e+01 1.187036e+01 1.000000e-02 9.821045e-02 3.008745e-01 7.852640e-01 1.060016e+00 6.635444e-01 1.576954e+00 4.086154e+00 2.917548e+00 5.684063e-01 1.598361e+00 5.210932e-01 6.378545e-01 1.000000e-02 2.548481e-02 4.784156e-02 2.271744e-01 1.989949e-01 3.864928e-01 3.597543e-01 9.533370e-01 6.934366e-01 2.849851e-01 3.840598e-01 1.368057e-01 1.940126e-01 1.000000e-02
<GCONST> 6.979318e+01
<STATE> 18
<MEAN> 39
 5.831010e+00 -1.588310e+01 -1.384453e+01 -9.751493e+00 -8.333179e-03 -2.802000e+00 -8.312212e-01 -6.684371e+00 -2.807798e+00 -7.702136e+00 -8.850889e+00 -1.224457e+01 4.901243e-01 -5.397753e-01 1.481460e-01 -4.426883e-01 7.824220e-01 8.288031e-01 2.279176e-01 4.513718e-01 -4.032224e-01 -1.103647e+00 -4.819364e-02 -8.296824e-01 -3.478340e-01 -2.730780e-02 -8.138051e-02 -1.629032e-01 1.371756e-01 1.795801e-02 2.681886e-01 4.427013e-01 -2.213766e-01 -3.960978e-01 3.575240e-03 3.571500e-01 6.104062e-01 4.905517e-01 -3.101136e-03
<VARIANCE> 39
 6.415143e+00 4.998449e+00 8.421039e+00 1.083908e+01 1.207699e+01 1.425028e+01 4.118916e+01 1.621565e+01 2.189665e+01 4.460533e+00 2.176288e+01 2.194890e+01 1.000000e-02 1.819550e-01 4.350892e-01 6.211385e-01 4.967995e-01 2.616089e+00 1.171253e+00 2.033092e+00 1.989727e+00 8.236783e-01 1.666918e+00 3.890609e+00 2.869620e+00 1.000000e-02 3.443614e-02 9.314936e-02 1.209463e-01 1.488216e-01 2.961214e-01 1.881223e-01 5.203421e-01 4.961036e-01 1.200250e-01 2.325053e-01 6.816037e-01 2.500212e-01 1.000000e-02
<GCONST> 7.043128e+01
<STATE> 19
<MEAN> 39
 4.274843e+00 -1.746300e+01 -1.250503e+01 -8.625816e+00 2.964041e+00 5.308011e-01 -4.098815e+00 -1.187022e+01 -2.807777e+00 -3.874371e+00 -6.254652e+00 -1.046599e+01 3.851289e-01 -2.416018e-01 1.808019e-01 -4.289146e-01 1.983120e-01 4.447281e-01 8.791314e-01 1.326365e+00 1.126116e-02 1.274788e-01 4.795563e-01 6.193174e-01 8.968355e-01 -2.879862e-02 2.910262e-03 5.393006e-02 1.359862e-02 -1.574915e-01 -6.504323e-02 -9.690749e-02 -8.913293e-02 3.452734e-01 2.292019e-02 -2.800316e-01 1.803824e-01 4.659119e-02 1.181291e-03
<VARIANCE> 39
 3.152229e+00 7.719607e+00 1.768811e+01 2.151428e+01 1.133685e+01 1.599206e+01 5.193484e+01 2.836083e+01 3.607434e+01 5.691612e+00 1.700170e+01 8.318450e+00 1.000000e-02 5.161207e-01 8.464404e-01 2.947672e-01 1.495524e+00 2.383480e+00 4.800182e-01 1.757313e+00 3.722443e+00 3.597565e+00 1.352214e+00 3.623179e+00 1.102306e+00 1.000000e-02 3.589920e-02 9.686370e-02 8.831294e-02 2.048429e-01 4.883173e-01 1.320341e-01 6.099048e-01 6.632758e-01 5.960984e-01 1.189724e-01 6.922689e-01 6.002589e-01 1.000000e-02
<GCONST> 7.625426e+01
<STATE> 20
<MEAN> 39
 4.082034e+00 -1.581866e+01 -1.404405e+01 -7.990774e+00 5.368908e+00 2.312962e+00 -6.974084e-01 -9.163433e+00 -4.318146e+00 -6.850997e+00 -2.943481e+00 -7.244682e+00 3.610659e-01 -3.666761e-01 2.712364e-01 -9.351156e-02 2.494904e-02 1.220547e+00 2.512520e-02 -1.004571e+00 3.595104e-01 -4.391478e-01 -6.124203e-02 1.413520e+00 2.239057e-01 -2.076930e-02 -2.399976e-01 -8.286770e-02 4.005342e-02 -1.968134e-01 -3.303471e-01 -3.167194e-01 -1.596501e-01 2.773329e-01 3.220709e-01 4.490669e-01 2.078816e-01 -5.569386e-02 -1.852390e-03
<VARIANCE> 39
 2.828684e+00 1.215982e+00 3.273613e+00 3.882123e+00 4.755886e+00 2.591033e+00 2.678740e+01 6.666567e+00 8.919773e+00 1.393126e+01 7.846450e+00 8.248022e+00 1.111628e-02 8.483454e-02 2.649003e-01 9.091746e-01 7.010660e-01 1.087106e+00 1.150556e+00 1.084425e+00 2.536306e+00 7.867191e-01 1.349051e+00 1.315970e+00 1.016983e+00 1.000000e-02 2.573059e-02 1.290913e-01 7.297629e-02 2.867016e-01 2.396452e-01 1.482183e-01 3.115309e-01 6.290897e-01 5.444869e-01 2.801645e-01 2.793416e-01 2.619083e-01 1.000000e-02
<GCONST> 5.673768e+01
<STATE> 21
<MEAN> 39
 2.506598e+00 -1.554844e+01 -1.397699e+01 -8.033719e+00 5.218081e+00 4.654152e-01 -9.895031e-01 -7.636597e+00 -3.445896e+00 -4.795382e+00 -8.788082e-01 -7.484935e+00 2.749203e-01 -1.002802e+00 1.773871e-01 8.257085e-02 1.617315e-01 1.978171e-01 -1.996002e-01 1.735831e-01 5.905648e-01 4.121606e-01 1.514338e+00 2.302687e+00 1.170433e+00 -3.573463e-02 -1.567397e-02 9.456446e-03 1.841092e-01 6.755220e-02 -2.595376e-01 3.537738e-03 6.956346e-02 -2.188930e-01 1.399172e-01 1.439109e-01 -2.491537e-01 5.397587e-02 -7.709733e-04
<VARIANCE> 39
 6.338161e+00 5.381525e+00 3.649658e+00 5.522116e+00 4.025148e+00 6.729496e+00 1.033714e+01 1.686135e+01 6.848343e+00 7.553540e+00 1.852545e+01 1.060705e+01 1.778408e-02 2.673396e-01 6.918091e-01 5.501346e-01 2.412093e-01 3.995517e-01 5.632518e-01 1.142420e+00 1.588892e+00 9.568910e-01 1.118294e+00 1.531705e+00 1.454518e+00 1.000000e-02 7.817315e-02 9.597065e-02 6.172118e-02 1.944331e-02 1.107074e-01 2.356400e-01 3.494804e-01 4.759455e-01 2.399647e-01 3.887444e-01 4.448502e-01 2.526788e-01 1.000000e-02
<GCONST> 5.730731e+01
<STATE> 22
<MEAN> 39
 6.784710e-01 -1.572468e+01 -1.413760e+01 -8.069832e+00 5.509917e+00 8.132566e-01 -9.854658e-01 -7.721567e+00 -3.277560e+00 -1.500133e+00 2.002183e+00 -6.191642e+00 2.462150e-01 -3.619730e-01 3.061330e-01 3.691657e-01 2.757854e-01 -2.809980e-01 -7.333592e-02 1.232459e-01 1.709591e-01 2.565019e-01 -3.321752e-01 -7.976764e-01 1.048247e-01 -1.901505e-02 2.832799e-01 9.333242e-02 7.244387e-02 8.593889e-02 -3.672321e-02 -5.017512e-02 1.384311e-01 -2.552460e-03 -3.025030e-02 -4.685614e-01 -4.977809e-01 -6.738348e-02 7.480699e-03
<VARIANCE> 39
 6.706243e+00 4.967239e+00 6.204329e+00 2.259276e+00 8.102200e+00 3.407865e+00 7.763621e+00 8.527961e+00 7.709524e+00 1.732520e+01 2.262928e+01 2.262661e+01 2.295312e-02 5.267534e-01 3.274341e-01 7.050707e-01 1.534429e-01 4.695320e-01 8.540159e-01 1.584599e+00 2.092565e+00 9.075035e-01 1.496600e+00 2.017841e+00 1.786431e+00 1.000000e-02 8.627440e-02 4.961412e-02 2.476859e-02 9.020662e-02 1.598290e-01 7.557134e-02 2.592209e-01 2.540645e-01 1.331422e-01 3.313892e-01 7.746270e-01 4.854908e-01 1.000000e-02
<GCONST> 5.858180e+01
<STATE> 23
<MEAN> 39
 9.843239e-01 -1.406562e+01 -1.199699e+01 -5.818600e+00 5.449056e+00 -9.465200e-02 2.999515e-02 -6.091683e+00 -1.126535e+00 -2.505593e+00 1.473413e+00 -4.219732e+00 2.071728e-01 1.514183e-01 3.091445e-01 1.789782e-01 3.545972e-02 -4.151773e-01 -2.950071e-01 6.858299e-01 6.662368e-01 1.780184e-01 -1.130956e-01 5.791534e-01 2.394802e-01 -2.819448e-03 -1.714033e-01 -6.632547e-02 -9.661181e-02 -2.956483e-01 -1.274696e-01 8.282071e-02 8.900513e-02 4.831883e-02 -7.629683e-02 8.901821e-02 2.512443e-01 -8.259689e-02 -5.692004e-03
<VARIANCE> 39
 5.175650e+00 1.320207e+01 3.244950e+01 8.645109e+00 6.092764e+00 4.630059e+00 1.144268e+01 1.056430e+01 9.815209e+00 1.427439e+01 2.973259e+01 1.244553e+01 1.149718e-02 4.083974e-01 6.474937e-01 9.788419e-01 1.119528e+00 1.028667e+00 6.317871e-01 8.229846e-01 5.185488e-01 4.075741e-01 4.290349e-01 1.406327e+00 1.425950e+00 1.000000e-02 1.538048e-01 1.436313e-01 1.947203e-01 3.597842e-02 8.956631e-02 2.287032e-01 1.059331e-01 2.218197e-01 1.037136e-01 1.337438e-01 4.467044e-01 1.400055e-01 1.000000e-02
<GCONST> 5.982127e+01
<STATE> 24
<MEAN> 39
 1.956907e-01 -1.361057e+01 -1.235652e+01 -8.315769e+00 2.765216e+00 -2.101017e-01 1.656966e+00 -5.178689e+00 -2.506729e+00 -4.308602e+00 2.270725e+00 -4.046854e+00 1.813575e-01 -8.220187e-01 1.562923e-01 3.523439e-01 -4.740939e-01 -1.557386e-01 4.015408e-01 1.862931e-01 2.440312e-02 7.385043e-02 -2.553891e-01 -1.961734e-01 6.004625e-02 -3.402064e-02 -2.021804e-01 -4.276693e-02 1.238202e-01 1.892123e-01 2.368902e-01 -3.369502e-02 -3.431779e-01 -1.520306e-01 -1.493509e-03 7.030514e-03 -3.902954e-01 -1.284400e-01 -6.656528e-03
<VARIANCE> 39
 3.324939e+00 8.756084e+00 2.416014e+01 9.516025e+00 5.579907e+00 1.010679e+01 2.029914e+01 4.652362e+00 1.469378e+01 2.031928e+01 1.041560e+01 7.921148e+00 1.190058e-02 8.738275e-01 9.278586e-01 8.374269e-01 1.516241e-01 2.450895e-01 1.055107e+00 2.292360e-01 5.187015e-01 7.927375e-01 4.209858e-01 1.106434e+00 8.638288e-01 1.000000e-02 1.369432e-01 7.941154e-02 2.610170e-01 2.098646e-01 1.643710e-01 1.988165e-01 1.400650e-01 5.812436e-02 5.954786e-02 1.208666e-01 1.393029e-01 3.095574e-01 1.000000e-02
<GCONST> 5.490334e+01
<STATE> 25
<MEAN> 39
 -2.732158e+00 -1.413561e+01 -1.187518e+01 -7.587708e+00 4.552763e+00 6.396920e-01 8.510436e-01 -5.457842e+00 -1.918414e+00 -3.101834e+00 5.327825e-01 -5.090413e+00 4.078664e-02 -7.551316e-01 5.935476e-01 8.907767e-01 3.586726e-01 -1.014453e-01 -5.520913e-01 -2.432339e-01 1.252269e-01 -3.416049e-01 -1.550604e-01 -4.753046e-01 1.321165e-01 -3.566384e-02 1.100322e-01 3.208998e-01 3.781152e-01 3.315652e-01 -3.335371e-02 -2.404484e-01 -6.025241e-02 2.881759e-02 5.620910e-03 1.832332e-02 2.263779e-01 2.620282e-01 2.657226e-03
<VARIANCE> 39
 7.612272e+00 6.729123e+00 1.089557e+01 9.935836e+00 5.013904e+00 5.624589e+00 1.110143e+01 5.556896e+00 9.137578e+00 9.133148e+00 1.142727e+01 3.886142e+00 2.708963e-02 6.845945e-01 8.234698e-01 2.076952e+00 8.794833e-01 1.129632e+00 8.141010e-01 1.068446e+00 1.344517e-01 5.949607e-01 9.708861e-01 9.935713e-01 1.409516e+00 1.000000e-02 1.799353e-01 1.387024e-01 9.906958e-02 1.104621e-01 1.055476e-01 9.659009e-02 9.220248e-02 2.521965e-02 1.974678e-01 1.010989e-01 2.065862e-01 2.043254e-01 1.000000e-02
<GCONST> 5.501710e+01
<STATE> 26
<MEAN> 39
 -3.460185e+00 -1.018703e+01 -6.480813e+00 -5.467392e+00 3.240493e+00 -1.456797e+00 6.156402e-01 -5.136426e+00 -2.636376e+00 -4.980615e+00 -8.652521e-01 -4.027160e+00 8.044164e-03 -6.806859e-01 7.864162e-01 1.435791e+00 1.264383e+00 3.564954e-01 -2.280676e-01 -1.855107e-01 4.437556e-02 7.111208e-01 5.149445e-01 6.535258e-01 6.922188e-01 -3.042394e-02 3.612756e-02 -1.508970e-01 -1.776108e-01 -8.673021e-02 8.162054e-02 5.925216e-02 1.012828e-01 4.821055e-02 3.931459e-01 3.888236e-01 4.062441e-01 1.299046e-01 5.926118e-03
<VARIANCE> 39
 4.201815e+00 2.556233e+00 4.068605e+00 3.283008e+00 1.080610e+01 6.723731e+00 4.523835e+00 5.337660e+00 1.427283e+01 9.940273e+00 1.581800e+01 1.361924e+01 1.947886e-02 5.500531e-01 7.873773e-01 9.312446e-01 4.390952e-01 3.214893e-01 6.414171e-01 3.406482e-01 1.065972e-01 7.802342e-01 7.495531e-01 1.684384e+00 1.088616e+00 1.000000e-02 8.637168e-02 2.678002e-02 1.333202e-01 1.555606e-01 1.609592e-01 1.597348e-01 1.424995e-01 1.532518e-02 1.469164e-01 2.572606e-01 2.306083e-01 3.312574e-01 1.000000e-02
<GCONST> 4.915648e+01
<STATE> 27
<MEAN> 39
 -5.438417e+00 -9.714616e+00 -5.510431e+00 -3.124868e+00 4.009930e+00 -2.006636e+00 -3.113125e-01 -4.892865e+00 6.932821e-01 -1.740724e+00 4.454505e+00 -8.915473e-01 -7.443055e-02 -4.819713e-01 4.035663e-01 9.276810e-01 3.424716e-01 -1.376429e-01 -6.940155e-01 1.304403e-01 5.347393e-01 1.095235e+00 8.686939e-01 6.742140e-01 6.389755e-01 -5.890354e-03 9.512098e-02 -3.442261e-01 -3.007236e-01 -2.755915e-01 -1.027796e-01 1.682758e-01 2.416123e-01 1.066120e-01 -2.666889e-01 -3.079600e-03 -3.620113e-01 -4.326660e-01 5.378413e-03
<VARIANCE> 39
 1.413128e+00 3.248828e+00 1.557860e+01 2.746154e+00 5.834189e+00 3.439684e+00 3.324343e+00 3.579103e+00 6.154495e+00 3.105961e+00 6.693125e+00 2.408174e+00 1.000000e-02 1.052999e-01 4.295041e-01 6.921254e-01 4.355109e-01 7.076217e-01 2.156472e-01 1.030674e+00 2.368777e-01 1.142986e+00 1.543207e+00 1.455534e+00 1.133559e+00 1.000000e-02 6.690974e-02 1.436367e-01 2.507210e-01 3.866640e-02 8.668876e-02 1.494299e-01 6.762949e-02 3.257226e-02 1.649960e-01 4.096870e-02 3.270374e-01 6.899649e-02 1.000000e-02
<GCONST> 3.929721e+01
<TRANSP> 28
 0.000000e+00 1.000000e+00 0.000000e+00 0.000000e+00 0.000000e+00 0.000000e+00 0.000000e+00 0.000000e+00 0.000000e+00 0.000000e+00 0.000000e+00 0.000000e+00 0.000000e+00 0.000000e+00 0.000000e+00 0.000000e+00 0.000000e+00 0.000000e+00 0.000000e+00 0.000000e+00 0.000000e+00 0.000000e+00 0.000000e+00 0.000000e+00 0.000000e+00 0.000000e+00 0.000000e+00 0.000000e+00
 0.000000e+00 6.428571e-01 3.571429e-01 0.000000e+00 0.000000e+00 0.000000e+00 0.000000e+00 0.000000e+00 0.000000e+00 0.000000e+00 0.000000e+00 0.000000e+00 0.000000e+00 0.000000e+00 0.000000e+00 0.000000e+00 0.000000e+00 0.000000e+00 0.000000e+00 0.000000e+00 0.000000e+00 0.000000e+00 0.000000e+00 0.000000e+00 0.000000e+00 0.000000e+00 0.000000e+00 0.000000e+00
 0.000000e+00 0.000000e+00 5.454546e-01 4.545455e-01 0.000000e+00 0.000000e+00 0.000000e+00 0.000000e+00 0.000000e+00 0.000000e+00 0.000000e+00 0.000000e+00 0.000000e+00 0.000000e+00 0.000000e+00 0.000000e+00 0.000000e+00 0.000000e+00 0.000000e+00 0.000000e+00 0.000000e+00 0.000000e+00 0.000000e+00 0.000000e+00 0.000000e+00 0.000000e+00 0.000000e+00 0.000000e+00
 0.000000e+00 0.000000e+00 0.000000e+00 6.153846e-01 3.846154e-01 0.000000e+00 0.000000e+00 0.000000e+00 0.000000e+00 0.000000e+00 0.000000e+00 0.000000e+00 0.000000e+00 0.000000e+00 0.000000e+00 0.000000e+00 0.000000e+00 0.000000e+00 0.000000e+00 0.000000e+00 0.000000e+00 0.000000e+00 0.000000e+00 0.000000e+00 0.000000e+00 0.000000e+00 0.000000e+00 0.000000e+00
 0.000000e+00 0.000000e+00 0.000000e+00 0.000000e+00 5.833333e-01 4.166667e-01 0.000000e+00 0.000000e+00 0.000000e+00 0.000000e+00 0.000000e+00 0.000000e+00 0.000000e+00 0.000000e+00 0.000000e+00 0.000000e+00 0.000000e+00 0.000000e+00 0.000000e+00 0.000000e+00 0.000000e+00 0.000000e+00 0.000000e+00 0.000000e+00 0.000000e+00 0.000000e+00 0.000000e+00 0.000000e+00
 0.000000e+00 0.000000e+00 0.000000e+00 0.000000e+00 0.000000e+00 7.500000e-01 2.500000e-01 0.000000e+00 0.000000e+00 0.000000e+00 0.000000e+00 0.000000e+00 0.000000e+00 0.000000e+00 0.000000e+00 0.000000e+00 0.000000e+00 0.000000e+00 0.000000e+00 0.000000e+00 0.000000e+00 0.000000e+00 0.000000e+00 0.000000e+00 0.000000e+00 0.000000e+00 0.000000e+00 0.000000e+00
 0.000000e+00 0.000000e+00 0.000000e+00 0.000000e+00 0.000000e+00 0.000000e+00 5.454546e-01 4.545455e-01 0.000000e+00 0.000000e+00 0.000000e+00 0.000000e+00 0.000000e+00 0.000000e+00 0.000000e+00 0.000000e+00 0.000000e+00 0.000000e+00 0.000000e+00 0.000000e+00 0.000000e+00 0.000000e+00 0.000000e+00 0.000000e+00 0.000000e+00 0.000000e+00 0.000000e+00 0.000000e+00
 0.000000e+00 0.000000e+00 0.000000e+00 0.000000e+00 0.000000e+00 0.000000e+00 0.000000e+00 3.750000e-01 6.250000e-01 0.000000e+00 0.000000e+00 0.000000e+00 0.000000e+00 0.000000e+00 0.000000e+00 0.000000e+00 0.000000e+00 0.000000e+00 0.000000e+00 0.000000e+00 0.000000e+00 0.000000e+00 0.000000e+00 0.000000e+00 0.000000e+00 0.000000e+00 0.000000e+00 0.000000e+00
 0.000000e+00 0.000000e+00 0.000000e+00 0.000000e+00 0.000000e+00 0.000000e+00 0.000000e+00 0.000000e+00 6.153846e-01 3.846154e-01 0.000000e+00 0.000000e+00 0.000000e+00 0.000000e+00 0.000000e+00 0.000000e+00 0.000000e+00 0.000000e+00 0.000000e+00 0.000000e+00 0.000000e+00 0.000000e+00 0.000000e+00 0.000000e+00 0.000000e+00 0.000000e+00 0.000000e+00 0.000000e+00
 0.000000e+00 0.000000e+00 0.000000e+00 0.000000e+00 0.000000e+00 0.000000e+00 0.000000e+00 0.000000e+00 0.000000e+00 7.222222e-01 2.777778e-01 0.000000e+00 0.000000e+00 0.000000e+00 0.000000e+00 0.000000e+00 0.000000e+00 0.000000e+00 0.000000e+00 0.000000e+00 0.000000e+00 0.000000e+00 0.000000e+00 0.000000e+00 0.000000e+00 0.000000e+00 0.000000e+00 0.000000e+00
 0.000000e+00 0.000000e+00 0.000000e+00 0.000000e+00 0.000000e+00 0.000000e+00 0.000000e+00 0.000000e+00 0.000000e+00 0.000000e+00 6.428571e-01 3.571429e-01 0.000000e+00 0.000000e+00 0.000000e+00 0.000000e+00 0.000000e+00 0.000000e+00 0.000000e+00 0.000000e+00 0.000000e+00 0.000000e+00 0.000000e+00 0.000000e+00 0.000000e+00 0.000000e+00 0.000000e+00 0.000000e+00
 0.000000e+00 0.000000e+00 0.000000e+00 0.000000e+00 0.000000e+00 0.000000e+00 0.000000e+00 0.000000e+00 0.000000e+00 0.000000e+00 0.000000e+00 5.454546e-01 4.545455e-01 0.000000e+00 0.000000e+00 0.000000e+00 0.000000e+00 0.000000e+00 0.000000e+00 0.000000e+00 0.000000e+00 0.000000e+00 0.000000e+00 0.000000e+00 0.000000e+00 0.000000e+00 0.000000e+00 0.000000e+00
 0.000000e+00 0.000000e+00 0.000000e+00 0.000000e+00 0.000000e+00 0.000000e+00 0.000000e+00 0.000000e+00 0.000000e+00 0.000000e+00 0.000000e+00 0.000000e+00 4.444444e-01 5.555556e-01 0.000000e+00 0.000000e+00 0.000000e+00 0.000000e+00 0.000000e+00 0.000000e+00 0.000000e+00 0.000000e+00 0.000000e+00 0.000000e+00 0.000000e+00 0.000000e+00 0.000000e+00 0.000000e+00
 0.000000e+00 0.000000e+00 0.000000e+00 0.000000e+00 0.000000e+00 0.000000e+00 0.000000e+00 0.000000e+00 0.000000e+00 0.000000e+00 0.000000e+00 0.000000e+00 0.000000e+00 4.444444e-01 5.555556e-01 0.000000e+00 0.000000e+00 0.000000e+00 0.000000e+00 0.000000e+00 0.000000e+00 0.000000e+00 0.000000e+00 0.000000e+00 0.000000e+00 0.000000e+00 0.000000e+00 0.000000e+00
 0.000000e+00 0.000000e+00 0.000000e+00 0.000000e+00 0.000000e+00 0.000000e+00 0.000000e+00 0.000000e+00 0.000000e+00 0.000000e+00 0.000000e+00 0.000000e+00 0.000000e+00 0.000000e+00 3.750000e-01 6.250000e-01 0.000000e+00 0.000000e+00 0.000000e+00 0.000000e+00 0.000000e+00 0.000000e+00 0.000000e+00 0.000000e+00 0.000000e+00 0.000000e+00 0.000000e+00 0.000000e+00
 0.000000e+00 0.000000e+00 0.000000e+00 0.000000e+00 0.000000e+00 0.000000e+00 0.000000e+00 0.000000e+00 0.000000e+00 0.000000e+00 0.000000e+00 0.000000e+00 0.000000e+00 0.000000e+00 0.000000e+00 5.000000e-01 5.000000e-01 0.000000e+00 0.000000e+00 0.000000e+00 0.000000e+00 0.000000e+00 0.000000e+00 0.000000e+00 0.000000e+00 0.000000e+00 0.000000e+00 0.000000e+00
 0.000000e+00 0.000000e+00 0.000000e+00 0.000000e+00 0.000000e+00 0.000000e+00 0.000000e+00 0.000000e+00 0.000000e+00 0.000000e+00 0.000000e+00 0.000000e+00 0.000000e+00 0.000000e+00 0.000000e+00 0.000000e+00 6.666667e-01 3.333333e-01 0.000000e+00 0.000000e+00 0.000000e+00 0.000000e+00 0.000000e+00 0.000000e+00 0.000000e+00 0.000000e+00 0.000000e+00 0.000000e+00
 0.000000e+00 0.000000e+00 0.000000e+00 0.000000e+00 0.000000e+00 0.000000e+00 0.000000e+00 0.000000e+00 0.000000e+00 0.000000e+00 0.000000e+00 0.000000e+00 0.000000e+00 0.000000e+00 0.000000e+00 0.000000e+00 0.000000e+00 6.428571e-01 3.571429e-01 0.000000e+00 0.000000e+00 0.000000e+00 0.000000e+00 0.000000e+00 0.000000e+00 0.000000e+00 0.000000e+00 0.000000e+00
 0.000000e+00 0.000000e+00 0.000000e+00 0.000000e+00 0.000000e+00 0.000000e+00 0.000000e+00 0.000000e+00 0.000000e+00 0.000000e+00 0.000000e+00 0.000000e+00 0.000000e+00 0.000000e+00 0.000000e+00 0.000000e+00 0.000000e+00 0.000000e+00 6.428571e-01 3.571429e-01 0.000000e+00 0.000000e+00 0.000000e+00 0.000000e+00 0.000000e+00 0.000000e+00 0.000000e+00 0.000000e+00
 0.000000e+00 0.000000e+00 0.000000e+00 0.000000e+00 0.000000e+00 0.000000e+00 0.000000e+00 0.000000e+00 0.000000e+00 0.000000e+00 0.000000e+00 0.000000e+00 0.000000e+00 0.000000e+00 0.000000e+00 0.000000e+00 0.000000e+00 0.000000e+00 0.000000e+00 4.444444e-01 5.555556e-01 0.000000e+00 0.000000e+00 0.000000e+00 0.000000e+00 0.000000e+00 0.000000e+00 0.000000e+00
 0.000000e+00 0.000000e+00 0.000000e+00 0.000000e+00 0.000000e+00 0.000000e+00 0.000000e+00 0.000000e+00 0.000000e+00 0.000000e+00 0.000000e+00 0.000000e+00 0.000000e+00 0.000000e+00 0.000000e+00 0.000000e+00 0.000000e+00 0.000000e+00 0.000000e+00 0.000000e+00 5.454546e-01 4.545455e-01 0.000000e+00 0.000000e+00 0.000000e+00 0.000000e+00 0.000000e+00 0.000000e+00
 0.000000e+00 0.000000e+00 0.000000e+00 0.000000e+00 0.000000e+00 0.000000e+00 0.000000e+00 0.000000e+00 0.000000e+00 0.000000e+00 0.000000e+00 0.000000e+00 0.000000e+00 0.000000e+00 0.000000e+00 0.000000e+00 0.000000e+00 0.000000e+00 0.000000e+00 0.000000e+00 0.000000e+00 6.153846e-01 3.846154e-01 0.000000e+00 0.000000e+00 0.000000e+00 0.000000e+00 0.000000e+00
 0.000000e+00 0.000000e+00 0.000000e+00 0.000000e+00 0.000000e+00 0.000000e+00 0.000000e+00 0.000000e+00 0.000000e+00 0.000000e+00 0.000000e+00 0.000000e+00 0.000000e+00 0.000000e+00 0.000000e+00 0.000000e+00 0.000000e+00 0.000000e+00 0.000000e+00 0.000000e+00 0.000000e+00 0.000000e+00 6.153846e-01 3.846154e-01 0.000000e+00 0.000000e+00 0.000000e+00 0.000000e+00
 0.000000e+00 0.000000e+00 0.000000e+00 0.000000e+00 0.000000e+00 0.000000e+00 0.000000e+00 0.000000e+00 0.000000e+00 0.000000e+00 0.000000e+00 0.000000e+00 0.000000e+00 0.000000e+00 0.000000e+00 0.000000e+00 0.000000e+00 0.000000e+00 0.000000e+00 0.000000e+00 0.000000e+00 0.000000e+00 0.000000e+00 5.454546e-01 4.545455e-01 0.000000e+00 0.000000e+00 0.000000e+00
 0.000000e+00 0.000000e+00 0.000000e+00 0.000000e+00 0.000000e+00 0.000000e+00 0.000000e+00 0.000000e+00 0.000000e+00 0.000000e+00 0.000000e+00 0.000000e+00 0.000000e+00 0.000000e+00 0.000000e+00 0.000000e+00 0.000000e+00 0.000000e+00 0.000000e+00 0.000000e+00 0.000000e+00 0.000000e+00 0.000000e+00 0.000000e+00 6.428571e-01 3.571429e-01 0.000000e+00 0.000000e+00
 0.000000e+00 0.000000e+00 0.000000e+00 0.000000e+00 0.000000e+00 0.000000e+00 0.000000e+00 0.000000e+00 0.000000e+00 0.000000e+00 0.000000e+00 0.000000e+00 0.000000e+00 0.000000e+00 0.000000e+00 0.000000e+00 0.000000e+00 0.000000e+00 0.000000e+00 0.000000e+00 0.000000e+00 0.000000e+00 0.000000e+00 0.000000e+00 0.000000e+00 5.454546e-01 4.545455e-01 0.000000e+00
 0.000000e+00 0.000000e+00 0.000000e+00 0.000000e+00 0.000000e+00 0.000000e+00 0.000000e+00 0.000000e+00 0.000000e+00 0.000000e+00 0.000000e+00 0.000000e+00 0.000000e+00 0.000000e+00 0.000000e+00 0.000000e+00 0.000000e+00 0.000000e+00 0.000000e+00 0.000000e+00 0.000000e+00 0.000000e+00 0.000000e+00 0.000000e+00 0.000000e+00 0.000000e+00 4.444444e-01 5.555556e-01
 0.000000e+00 0.000000e+00 0.000000e+00 0.000000e+00 0.000000e+00 0.000000e+00 0.000000e+00 0.000000e+00 0.000000e+00 0.000000e+00 0.000000e+00 0.000000e+00 0.000000e+00 0.000000e+00 0.000000e+00 0.000000e+00 0.000000e+00 0.000000e+00 0.000000e+00 0.000000e+00 0.000000e+00 0.000000e+00 0.000000e+00 0.000000e+00 0.000000e+00 0.000000e+00 0.000000e+00 0.000000e+00
<ENDHMM>
