~o
<STREAMINFO> 1 39
<VECSIZE> 39<NULLD><MFCC_E_D_A><DIAGC>
~h "Lai"
<BEGINHMM>
<NUMSTATES> 37
<STATE> 2
<MEAN> 39
 -6.048269e+00 -8.816785e+00 -9.720310e-01 -1.178726e+00 1.211951e+00 -4.439137e+00 1.355933e+00 -1.258110e+00 5.051160e-01 -1.186694e+00 4.099688e+00 8.287137e-01 -3.047409e-02 -2.808699e-01 -6.823442e-02 -3.663512e-01 1.635914e-01 -5.491582e-01 -2.159739e-01 -2.112517e-01 4.910895e-01 2.139803e-01 -4.731967e-01 -5.578663e-01 5.879587e-02 2.270313e-03 3.686088e-01 9.568870e-02 -8.486019e-01 -1.584665e-01 -5.470577e-01 -6.603769e-01 -1.544500e-01 2.557980e-01 1.895245e-01 -5.998038e-01 -3.613554e-01 -4.459037e-01 2.687291e-02
<VARIANCE> 39
 4.162934e+00 2.271719e+00 6.878415e+00 2.255093e+00 1.059466e+01 1.316438e+01 5.105448e+00 6.029063e+00 1.657364e+01 1.160477e+01 1.408407e+01 7.578651e+00 1.694108e-02 3.900670e-01 2.325056e-01 4.372103e-01 1.375724e+00 1.125597e+00 5.024920e-01 1.048817e+00 8.348790e-01 2.469545e+00 9.821314e-01 3.624304e-01 2.546616e+00 1.000000e-02 1.595187e-01 1.139155e-01 5.199307e-01 3.763219e-01 7.476741e-01 2.159976e-01 2.081318e-01 2.670502e-01 5.492929e-01 2.104544e-01 6.288642e-01 1.787811e-01 1.000000e-02
<GCONST> 6.417065e+01
<STATE> 3
<MEAN> 39
 -6.517112e+00 -8.233292e+00 -2.634845e+00 -9.629949e-01 7.343310e-01 -4.064394e+00 1.887004e+00 -2.523315e-01 1.597253e-01 -4.118796e+00 2.748037e+00 -7.325878e-01 -2.581667e-02 1.100806e+00 1.098126e-01 -3.222700e+00 -5.767280e-01 -1.841397e+00 -2.539081e+00 -7.603971e-01 1.076586e+00 8.488029e-01 -1.691779e+00 -6.616690e-01 -6.099677e-01 8.861519e-02 4.271917e-01 -1.779990e-01 -6.131357e-01 -8.426854e-02 -3.567609e-01 -7.404540e-01 -5.797385e-03 -2.086808e-01 4.809083e-01 -5.579844e-02 -1.478139e-02 1.473395e-01 3.400261e-02
<VARIANCE> 39
 5.209968e+00 1.925533e+00 4.967643e+00 1.068234e+01 1.148962e+01 1.218254e+01 1.218260e+01 8.560961e+00 1.394083e+01 1.439412e+01 6.665549e+00 1.662625e+01 2.163208e-02 3.014897e+00 1.447811e+00 3.370615e+00 1.932097e+00 5.896715e+00 1.637381e+00 3.303660e+00 2.932632e+00 1.725644e+00 1.848838e+00 5.022918e+00 7.769920e-01 1.000000e-02 1.600960e-01 7.329166e-02 4.970892e-01 3.188736e-01 1.933668e-01 3.764519e-01 2.468089e-01 2.883931e-01 6.860473e-01 1.411760e-01 1.659594e-01 4.049222e-01 1.000000e-02
<GCONST> 7.833186e+01
<STATE> 4
<MEAN> 39
 -3.176500e+00 -8.378636e+00 -1.204639e+01 -2.799474e+00 -5.454035e+00 -1.405290e+01 -2.313010e+00 1.597564e+00 3.540335e+00 -5.874729e+00 9.680104e-01 -1.322785e+00 2.607852e-01 1.120893e+00 -5.519800e-01 -2.619050e+00 6.215994e-02 -1.925310e+00 -2.880585e+00 -4.238554e-01 -4.647294e-01 2.254654e+00 -1.188864e+00 -6.378654e-01 5.405989e-01 1.340303e-01 -2.936914e-01 -5.550373e-01 6.018087e-01 1.179113e-01 5.168808e-01 9.910993e-01 7.013813e-01 -5.685644e-01 -1.300500e-01 1.146630e-01 -1.684434e-01 5.977826e-01 7.510164e-03
<VARIANCE> 39
 4.340755e+01 1.520252e+01 2.936334e+01 1.700084e+01 2.875820e+01 1.476767e+01 4.828626e+01 3.751611e+01 1.424354e+01 2.782610e+01 3.649578e+01 1.029701e+01 8.485544e-02 1.444204e+00 6.880810e-01 7.584424e+00 1.303740e+00 2.341638e+00 1.961081e+00 1.736976e+00 2.333078e+00 4.106102e+00 3.716768e-01 1.046619e+00 1.207044e+00 1.000000e-02 7.088411e-01 2.154882e-01 4.032914e-01 2.741129e-01 6.336838e-01 8.898590e-01 1.483402e+00 4.828593e-01 4.433663e-01 3.046351e-01 7.259429e-01 2.732270e-01 1.000000e-02
<GCONST> 9.542737e+01
<STATE> 5
<MEAN> 39
 -1.112466e+00 -1.000604e+01 -1.242487e+01 -1.655520e+00 -6.381132e+00 -1.571363e+01 -5.321209e-01 -6.175624e-01 8.570135e+00 -8.668454e+00 8.822897e-01 1.621656e+00 4.854932e-01 -1.390403e-02 -1.758059e+00 -1.166322e+00 -3.414313e-02 -2.618391e-01 8.942660e-01 1.516924e+00 -9.413087e-01 3.050785e-01 -6.212364e-01 -1.784414e+00 1.430657e+00 1.094318e-01 -7.407102e-01 -3.782555e-01 2.501068e-01 -2.684699e-03 8.829174e-01 1.814884e+00 7.906741e-01 -5.011717e-02 -1.139109e+00 4.316231e-02 -2.355189e-01 -1.735739e-01 -1.778994e-02
<VARIANCE> 39
 3.506217e+01 1.182168e+01 6.947568e+01 1.646785e+01 5.974586e+01 1.194220e+01 5.346514e+00 1.975252e+01 2.513348e+01 1.240037e+01 1.117254e+01 9.415733e+00 9.195217e-02 4.526678e+00 1.453523e+00 5.251985e+00 8.905070e-01 1.191363e+00 7.291670e+00 7.131682e+00 1.709970e+00 4.735769e+00 1.512921e+00 1.497446e+00 2.449080e+00 1.000000e-02 4.231197e-01 3.915217e-01 9.459226e-01 4.038095e-01 8.695133e-01 4.758770e-01 1.475212e-01 2.734546e-01 7.811007e-01 2.514324e-01 3.324713e-01 2.037592e-01 1.000000e-02
<GCONST> 9.496291e+01
<STATE> 6
<MEAN> 39
 -2.827160e+00 -1.357929e+01 -1.376391e+01 -2.419678e+00 -4.972815e+00 -7.996819e+00 3.220353e+00 -8.687210e-01 2.157492e+00 -8.525867e+00 -4.298568e+00 1.786196e+00 5.547920e-01 -1.059246e+00 -1.766351e+00 -1.682500e+00 -2.062420e-01 8.661885e-01 2.893049e+00 2.143394e+00 1.272407e-02 -1.810467e+00 -1.283014e+00 -1.484501e+00 1.652213e-01 5.135268e-02 -1.957141e-01 3.594869e-02 9.241389e-02 1.345965e-01 8.084089e-01 -5.055411e-02 -1.620778e-01 1.769034e-01 -2.205037e-01 2.240064e-01 5.092416e-01 -2.642386e-01 -2.006028e-02
<VARIANCE> 39
 3.002506e+01 2.020931e+01 1.196505e+02 8.762867e+00 4.097151e+01 6.464922e+01 1.024798e+01 3.546386e+01 4.117589e+01 2.311483e+01 2.908492e+01 3.947545e+01 1.439689e-01 1.500774e+00 3.196536e+00 2.203798e+00 1.637547e+00 4.567655e+00 3.821617e+00 1.800984e+00 9.911423e-01 2.906492e+00 1.696116e+00 2.039658e+00 1.319709e+00 1.000000e-02 3.812081e-01 4.894264e-02 3.316975e-01 6.740916e-02 4.990989e-01 1.924893e+00 7.191889e-01 3.305217e-01 6.102388e-01 1.794382e-01 2.018619e-01 9.293203e-01 1.000000e-02
<GCONST> 9.730556e+01
<STATE> 7
<MEAN> 39
 -5.976602e+00 -1.979128e+01 -1.946224e+01 -2.172032e+00 -3.336040e+00 -2.185044e+00 9.268158e+00 -3.768891e+00 3.908530e+00 -1.402759e+01 -3.711353e+00 3.369863e+00 8.061054e-01 -9.831052e-01 -1.639951e+00 -6.995842e-01 1.379854e-01 3.379299e+00 2.881980e+00 9.105567e-01 -5.977897e-01 -1.607329e+00 5.770049e-01 7.687050e-01 1.876825e-01 4.107600e-02 1.529943e-01 7.075623e-01 5.487831e-01 -1.696312e-02 3.695566e-01 -8.939807e-01 -8.636007e-01 -3.290191e-01 2.188821e-01 1.002576e+00 2.186580e-01 -2.211516e-01 -1.859779e-02
<VARIANCE> 39
 9.416187e+00 2.160725e+01 4.260638e+01 4.385076e+00 2.104840e+01 2.500637e+01 1.624461e+01 1.114072e+01 2.704045e+01 1.567756e+01 1.106972e+01 8.100288e+00 9.455320e-02 2.264536e-01 1.596935e+00 1.000567e+00 1.179697e+00 2.211089e+00 6.553006e+00 2.934229e+00 1.274595e+00 4.019499e-01 2.016882e+00 9.156643e-01 2.284871e+00 1.000000e-02 8.956325e-02 2.554197e-01 1.553925e-01 8.520081e-02 4.592777e-01 6.987669e-01 2.449168e-01 2.129098e-01 6.975567e-01 2.051135e-01 5.863575e-01 1.567847e-01 1.000000e-02
<GCONST> 7.980991e+01
<STATE> 8
<MEAN> 39
 -5.800996e+00 -1.825822e+01 -1.833133e+01 -1.895216e+00 4.385813e+00 -4.305840e+00 6.679313e+00 -1.287361e+00 -1.262845e+00 -6.876587e+00 -3.636514e+00 3.090577e+00 7.095683e-01 -3.851971e-01 -4.211423e-01 4.840887e-03 3.005716e-01 2.238226e+00 -2.705670e-01 -8.580282e-02 -1.477538e+00 -7.336523e-02 1.979382e+00 -9.945665e-02 -7.885072e-01 1.337418e-02 1.628270e-01 2.618826e-01 1.452912e-01 -4.492164e-02 -6.917200e-01 -2.225714e-01 -1.849696e-01 -2.177032e-01 8.519083e-01 1.151698e-01 -8.403584e-02 -1.373369e-01 -6.629518e-03
<VARIANCE> 39
 1.995826e+01 3.845138e+01 1.161486e+02 1.435584e+01 4.773995e+00 3.081901e+01 1.941072e+01 4.378489e+01 3.315633e+01 1.217572e+01 1.783087e+01 6.962827e+00 1.924371e-01 1.317829e-01 7.284136e-01 2.904655e-01 1.057067e+00 1.950166e+00 1.935329e-01 8.686484e-01 2.079010e+00 4.125143e-01 1.208124e+00 4.700886e-01 1.525496e+00 1.000000e-02 2.178171e-02 1.932949e-01 1.005804e-01 9.640402e-02 1.809259e-01 3.194635e-01 1.631496e-01 2.231162e-01 1.984351e-01 4.191097e-01 2.271590e-01 2.575806e-01 1.000000e-02
<GCONST> 7.090746e+01
<STATE> 9
<MEAN> 39
 -6.509546e+00 -2.070659e+01 -2.092733e+01 -1.584923e+00 6.062144e+00 -3.187735e+00 8.371168e+00 -7.962970e+00 4.881585e-01 -6.790561e+00 -4.734482e+00 1.937536e+00 8.588816e-01 -6.207755e-01 -1.083148e-01 -2.825366e-01 1.649330e-01 6.614276e-01 5.847092e-01 -2.821916e-02 -1.024511e+00 1.714576e+00 8.023503e-01 -6.082246e-01 -1.522002e-02 7.020279e-03 -2.438322e-03 1.584759e-01 6.541228e-02 3.799154e-02 -7.484915e-01 2.484383e-01 -1.942566e-01 5.103920e-01 3.790021e-01 -5.618249e-01 3.061073e-02 1.143807e-01 -6.331700e-03
<VARIANCE> 39
 2.058080e+01 2.478115e+01 8.666463e+01 2.274143e+01 1.101740e+01 3.587260e+01 3.270433e+01 1.551069e+01 2.685129e+01 1.780237e+01 2.047552e+01 2.573557e+00 1.040307e-01 1.582966e-01 5.297161e-01 5.377110e-02 8.904191e-01 1.041331e+00 9.170054e-01 2.447739e-01 2.087686e+00 9.888534e-01 1.789173e+00 4.121662e-01 2.533429e-01 1.000000e-02 5.040068e-02 2.004312e-02 4.986938e-02 2.617100e-01 1.064252e-01 1.210983e-01 1.325947e-01 1.251249e-01 1.441681e-01 9.647019e-02 4.961217e-02 1.355272e-01 1.000000e-02
<GCONST> 5.947882e+01
<STATE> 10
<MEAN> 39
 -8.744881e+00 -1.807530e+01 -1.658757e+01 -2.933221e+00 5.187354e+00 -5.944065e-01 6.188954e+00 -5.320790e+00 4.608575e+00 -5.010985e+00 -4.355587e+00 8.664497e-01 6.786935e-01 -6.214153e-02 4.498158e-02 -4.256647e-02 2.685951e-01 -9.819059e-02 4.391297e-01 -4.143341e-01 1.732504e-01 9.370858e-01 2.109619e-01 1.225126e-01 1.496654e-01 4.850240e-03 3.707888e-01 -8.532088e-02 -9.632010e-02 -3.884901e-03 -2.234388e-01 -3.420011e-01 -2.143432e-01 2.023110e-01 -1.598942e-01 -2.714582e-01 1.947876e-01 2.650871e-01 1.015585e-02
<VARIANCE> 39
 1.516899e+01 4.627341e+01 8.998367e+01 1.212370e+01 1.156467e+01 2.049722e+01 9.596754e+00 2.568768e+01 1.342320e+01 1.439041e+01 2.128323e+01 1.175114e+01 2.128315e-01 1.119366e+00 1.955473e-01 5.603234e-01 4.329300e-01 5.528331e-01 1.552953e+00 7.681511e-01 1.418650e+00 5.417677e-01 5.486542e-01 1.403541e-01 4.754301e-01 1.000000e-02 1.975320e-01 6.842171e-02 2.062286e-01 1.930217e-01 8.289409e-02 2.982853e-01 5.422746e-02 1.721011e-01 1.411956e-01 2.440036e-01 2.201867e-02 1.124231e-01 1.000000e-02
<GCONST> 6.403545e+01
<STATE> 11
<MEAN> 39
 -5.981819e+00 -1.936446e+01 -1.913014e+01 -5.746492e-01 5.199990e+00 -1.307125e+00 5.446832e+00 -5.155734e+00 4.232828e+00 -5.475080e+00 -4.646345e+00 2.713035e+00 8.075247e-01 6.482539e-01 -2.778873e-01 -6.629400e-01 -2.842722e-01 -1.402437e-01 -7.650172e-01 -1.058256e+00 1.638681e-02 6.649255e-01 -6.292389e-01 1.264218e-01 3.632973e-01 3.893359e-02 -8.758838e-02 -9.269737e-02 -4.006369e-01 -2.027805e-01 6.306694e-02 -4.548907e-01 -6.710877e-02 -1.158024e-01 -3.331015e-01 -2.618577e-01 -1.311195e-01 -1.748764e-01 3.626263e-03
<VARIANCE> 39
 3.288633e+01 3.376304e+01 8.407935e+01 1.305685e+01 2.166709e+01 4.627052e+01 1.375942e+01 4.988332e+01 1.181543e+01 5.902280e+00 2.548179e+01 2.212196e+00 1.018806e-01 3.746398e+00 7.321481e-01 4.236237e+00 2.074284e+00 1.891881e+00 5.674328e+00 2.816630e-01 1.007730e+00 4.621724e-01 3.350875e-01 1.143199e-01 7.348328e-01 1.000000e-02 1.243720e-01 1.649725e-01 3.621944e-01 2.318397e-01 1.961585e-01 2.532437e-01 4.955494e-02 4.655347e-01 1.981723e-01 2.040791e-01 8.646528e-02 7.287510e-02 1.000000e-02
<GCONST> 7.445913e+01
<STATE> 12
<MEAN> 39
 -5.420525e+00 -1.997300e+01 -2.102950e+01 -2.525274e+00 4.878622e+00 -5.658912e+00 3.766219e+00 -5.501973e+00 6.775122e+00 -7.165313e+00 -2.629425e+00 2.086983e+00 8.801929e-01 -1.940147e-01 -3.545516e-01 -1.298860e+00 -1.497123e-01 5.044054e-01 -7.326471e-01 -6.240284e-01 -5.018688e-01 -2.770980e-01 -5.965386e-01 -3.153176e-01 -3.987396e-01 2.381270e-02 -1.525395e-01 -7.743683e-02 6.788723e-03 2.869595e-01 4.354642e-02 7.494779e-01 4.496262e-01 -9.887806e-02 -4.046845e-01 7.845001e-02 -3.211219e-01 -1.175845e-01 -8.261148e-03
<VARIANCE> 39
 6.362753e+01 1.316377e+01 2.071736e+01 1.049049e+01 8.146103e+01 1.180792e+02 6.079658e+00 5.302813e+01 2.270646e+01 7.566928e+00 1.797746e+01 2.518413e+00 1.965897e-02 1.074567e+00 1.323281e+00 6.846696e+00 2.179538e+00 1.707153e+00 2.378380e+00 5.981898e-01 1.952527e+00 9.276043e-01 2.699237e+00 1.284107e+00 3.378004e-01 1.000000e-02 4.785767e-01 4.488856e-02 2.579747e-01 2.668327e-01 3.163734e-01 1.565442e+00 1.238057e-01 3.581562e-01 3.072805e-01 1.215376e-01 1.361005e-01 4.691490e-02 1.000000e-02
<GCONST> 8.057372e+01
<STATE> 13
<MEAN> 39
 -6.662336e+00 -2.109890e+01 -2.490196e+01 -1.869581e+00 4.687484e+00 -3.910845e+00 2.626646e+00 -7.410607e+00 3.980256e+00 -8.918130e+00 -6.770032e+00 2.009465e+00 8.993940e-01 -2.442681e-01 -8.830367e-01 -7.304327e-01 3.099175e-01 -2.903683e-01 1.425536e+00 2.528660e-01 -4.154386e-01 -6.541854e-01 -1.887070e-01 -7.862805e-01 -7.107359e-02 1.689653e-02 5.897189e-03 -2.861887e-02 6.687338e-01 1.321975e-03 1.326810e-01 3.793534e-01 4.247805e-01 2.553739e-01 -5.780587e-02 4.143584e-01 2.178508e-01 7.332519e-02 -1.157447e-03
<VARIANCE> 39
 6.385390e+01 1.953218e+01 1.588393e+01 3.020426e+01 5.450678e+01 6.550256e+01 1.443161e+01 4.822658e+01 2.141049e+01 2.906449e+01 2.184720e+01 1.385143e+01 1.000000e-02 3.086195e-01 8.587570e-01 1.325914e+00 1.326986e+00 1.085873e+00 5.772584e+00 1.834393e+00 1.825864e+00 2.108425e+00 1.406204e+00 2.176943e+00 1.499439e-01 1.000000e-02 1.226350e-01 1.518818e-01 5.383998e-01 3.986977e-01 4.087970e-01 4.636749e-01 7.690775e-02 2.749926e-01 9.864926e-02 4.280047e-01 1.626680e-01 1.800727e-01 1.000000e-02
<GCONST> 8.254748e+01
<STATE> 14
<MEAN> 39
 -6.740927e+00 -2.208185e+01 -2.311912e+01 -6.766923e-01 7.148553e+00 -2.930300e-01 6.029369e+00 -7.405644e+00 4.625201e+00 -7.422688e+00 -5.689389e+00 1.192537e+00 9.453102e-01 9.994188e-02 -3.168006e-01 2.465424e-01 2.491475e-01 3.690053e-01 5.803567e-01 7.170126e-01 -1.054796e-01 -4.405518e-01 2.712826e-01 -1.447373e-01 2.230048e-01 1.303798e-02 -3.950348e-02 1.132691e-01 1.238070e-01 -9.507909e-02 5.369075e-02 -4.897479e-01 2.040479e-01 4.847552e-02 -1.023818e-01 -1.715752e-02 2.363310e-01 2.205778e-01 -7.054482e-04
<VARIANCE> 39
 4.517038e+01 4.102252e+00 1.410417e+01 1.201761e+01 5.232029e+01 2.089868e+01 1.633076e+01 1.369875e+01 4.261070e+01 3.260844e+01 5.649377e+00 4.933671e+00 1.000000e-02 8.573119e-02 1.609272e+00 4.330641e-01 2.211348e-01 3.666663e+00 1.122045e+00 7.920808e-01 2.268407e+00 3.122362e-01 1.465426e+00 3.792664e-01 8.917124e-01 1.000000e-02 6.732767e-02 1.144323e-01 1.141073e-01 1.649633e-01 3.732142e-01 5.807010e-01 8.247758e-02 6.640288e-02 2.199361e-01 5.082430e-01 1.247813e-01 5.217478e-02 1.000000e-02
<GCONST> 6.419556e+01
<STATE> 15
<MEAN> 39
 -5.549892e+00 -2.295485e+01 -2.295953e+01 -3.853005e-01 7.589110e+00 -6.097312e-01 5.556133e+00 -6.938539e+00 1.964852e+00 -5.507778e+00 -6.781078e+00 3.254924e+00 9.606314e-01 -5.565069e-01 2.708527e-02 5.504460e-01 -1.846442e-01 1.199269e+00 -4.726891e-01 1.204120e+00 1.533503e-01 -4.774759e-01 3.639948e-01 2.974695e-01 4.047403e-01 1.162796e-02 -2.900208e-01 2.522123e-01 -9.102836e-02 -1.043967e-01 -3.436561e-01 -2.899652e-01 2.448763e-01 -1.072218e-01 2.251019e-01 -6.742668e-01 1.762854e-01 -1.434021e-01 -3.423617e-03
<VARIANCE> 39
 5.129076e+01 5.746513e+00 1.278110e+01 1.432791e+01 1.567167e+01 8.028661e+01 4.838653e+01 7.063750e+00 3.413424e+01 1.550350e+01 1.017502e+01 6.534623e+00 1.000000e-02 5.554494e-01 5.099156e-01 1.451902e+00 1.308709e+00 3.870600e+00 1.179012e+00 5.279202e-01 1.523641e+00 7.587138e-01 2.515196e+00 5.272464e-01 5.180231e-01 1.000000e-02 3.542577e-02 2.274885e-01 3.305113e-02 8.752441e-02 4.665341e-01 4.124367e-01 2.831282e-01 6.156245e-02 4.001229e-01 3.166471e-01 4.044362e-02 1.537696e-01 1.000000e-02
<GCONST> 6.871700e+01
<STATE> 16
<MEAN> 39
 -9.080099e+00 -2.215662e+01 -2.131879e+01 -1.235425e+00 6.703545e+00 -3.195895e-01 7.837868e+00 -8.590855e+00 4.184515e+00 -7.409052e+00 -6.451873e+00 3.500656e+00 9.760711e-01 -8.831686e-01 -1.238905e-01 7.243380e-02 -3.634511e-01 -8.967896e-01 -4.724689e-01 1.443198e+00 -1.951750e-01 -1.398767e-03 -1.436303e+00 7.923950e-01 1.037064e-01 2.784733e-03 -1.130053e-01 -1.895873e-01 3.556743e-02 -2.473962e-01 -6.276369e-01 -6.008068e-02 -4.215471e-02 2.996094e-01 -1.163561e-01 -2.007369e-01 2.863902e-01 -1.620890e-01 -4.944301e-03
<VARIANCE> 39
 4.445256e+01 1.355872e+01 1.620887e+01 1.296114e+01 6.779653e+00 2.226039e+01 2.803248e+01 9.925825e+00 1.058914e+01 1.509570e+01 1.385225e+01 2.110820e+00 1.000000e-02 4.544359e-01 6.734062e-01 2.094994e-01 4.483106e-01 6.964812e-01 1.017677e+00 7.391607e-01 1.715654e+00 3.624538e+00 7.402424e-01 6.567640e-01 7.060415e-01 1.000000e-02 1.007261e-01 1.707652e-01 8.795433e-02 9.258002e-02 1.842434e-01 1.107084e-01 3.313954e-01 1.250207e-01 1.355877e-01 1.948381e-01 1.295187e-01 1.339741e-01 1.000000e-02
<GCONST> 6.163078e+01
<STATE> 17
<MEAN> 39
 -8.781690e+00 -2.240941e+01 -2.386018e+01 -1.476916e+00 7.781012e+00 -4.001418e+00 1.168643e+01 -7.943097e+00 1.359620e+00 -1.160923e+01 -3.652100e+00 2.427472e+00 9.833605e-01 -1.157578e+00 -2.418406e-01 5.189236e-01 -1.018967e+00 -1.041479e+00 -6.226665e-01 7.353092e-01 1.236178e+00 -1.066927e+00 -7.102507e-01 1.261573e+00 -2.172341e-01 -6.864472e-03 7.610272e-02 -6.418090e-02 3.679340e-01 -3.081401e-01 -4.174553e-01 -2.622404e-02 -1.182965e-01 4.886721e-01 -1.386243e-01 7.028581e-01 -2.355699e-02 -2.957375e-01 -6.787929e-03
<VARIANCE> 39
 2.349602e+01 4.795717e+00 1.756750e+01 8.864959e+00 1.884730e+01 3.034274e+01 1.486828e+01 4.244271e+01 3.424778e+01 6.946918e+00 8.770893e+00 4.697936e+00 1.000000e-02 5.578152e-01 8.631840e-01 9.440695e-02 1.429105e-01 2.026297e+00 6.474897e-01 3.803524e+00 2.874041e-01 4.345031e-01 1.568168e+00 7.853557e-01 5.919932e-01 1.000000e-02 5.855722e-02 3.624305e-02 1.000000e-02 6.000958e-02 1.722399e-01 1.987810e-02 1.897394e-01 2.554445e-01 5.447752e-01 1.744792e-01 1.750141e-01 1.161005e-01 1.000000e-02
<GCONST> 5.526873e+01
<STATE> 18
<MEAN> 39
 -1.092993e+01 -2.383511e+01 -2.152523e+01 -3.992448e+00 4.769839e+00 -3.434748e+00 1.196225e+01 -5.174007e+00 -4.258684e-01 -1.065430e+01 -8.549518e-01 2.570786e+00 9.585059e-01 -5.252265e-01 -3.847700e-01 1.190976e+00 -1.129390e+00 -2.373855e+00 -5.074120e-01 9.085171e-01 1.282632e+00 -4.127492e-01 6.216368e-01 1.189763e+00 -9.329695e-01 -1.951530e-02 2.420255e-01 2.602902e-01 1.846411e-01 -6.728243e-02 -3.822774e-01 -7.168680e-02 -5.846614e-02 -1.596535e-01 3.943910e-01 4.546700e-01 -3.780389e-01 -4.146424e-01 -5.009294e-03
<VARIANCE> 39
 1.579329e+01 3.268521e+00 1.394723e+01 6.631569e+00 2.627235e+01 2.070546e+01 1.153244e+01 1.454061e+01 2.087667e+01 2.401486e+00 5.738644e+00 1.133813e+01 1.000000e-02 1.533370e-01 9.438219e-02 1.036397e-01 1.573308e-01 2.569819e+00 7.096595e-01 3.068707e+00 4.204455e-01 6.139485e-01 1.095536e+00 5.379375e-01 4.049916e-01 1.000000e-02 5.949774e-02 7.938854e-02 4.678664e-02 5.452092e-02 6.521028e-02 6.515280e-02 2.292341e-01 1.158250e-01 8.078332e-02 2.170617e-01 1.143623e-01 1.836200e-01 1.000000e-02
<GCONST> 4.810407e+01
<STATE> 19
<MEAN> 39
 -7.336883e+00 -2.365372e+01 -2.121291e+01 -4.199607e+00 5.685360e+00 -8.137112e+00 1.334562e+01 -6.397954e+00 9.563411e-02 -9.473954e+00 7.009915e-01 6.957149e-01 9.347239e-01 -9.248246e-02 1.679271e-01 1.102519e+00 -5.051575e-01 -1.730940e+00 -8.912206e-01 1.222238e+00 9.480091e-01 -1.373788e-01 2.260765e-01 1.271637e-01 -7.720399e-01 -1.959853e-02 2.171316e-03 1.882158e-01 1.597166e-01 -1.037228e-01 -9.421581e-02 -8.250172e-02 -3.707319e-02 -3.801168e-02 1.789411e-01 2.183519e-01 -2.333696e-01 -1.740906e-01 -2.987263e-03
<VARIANCE> 39
 1.975052e+01 9.102321e-01 1.634268e+01 3.614748e+00 4.787458e+01 1.890310e+01 1.602698e+01 2.068347e+01 7.431272e+00 3.216266e+00 6.137620e+00 3.501865e+00 1.000000e-02 1.698493e-01 6.076604e-02 4.747269e-01 5.558115e-01 2.555562e+00 1.984540e-01 3.302899e-01 1.546140e+00 7.476148e-01 6.749028e-01 5.420345e-01 1.116609e+00 1.000000e-02 3.152760e-02 7.740249e-02 3.095209e-02 8.210865e-02 2.050665e-01 4.854771e-02 2.636428e-01 3.252665e-01 1.924106e-01 2.267731e-01 9.864300e-02 7.780350e-02 1.000000e-02
<GCONST> 4.818143e+01
<STATE> 20
<MEAN> 39
 -1.246542e+01 -2.185912e+01 -1.388785e+01 -9.011344e+00 -6.977720e+00 -6.082020e+00 1.689079e+01 -1.219080e+00 1.095541e+00 -7.083357e+00 -1.891668e+00 -3.276464e+00 8.426797e-01 -3.571245e-01 1.081441e+00 1.880031e+00 -1.690071e+00 -2.259335e+00 -8.933132e-01 -5.612263e-01 1.715164e-01 1.210137e+00 2.956337e+00 -1.033230e-01 -1.204551e+00 -3.088561e-02 1.302139e-02 1.773468e-01 1.972944e-01 -1.344742e-01 1.961489e-01 -2.920541e-01 -9.741561e-01 -4.070467e-01 5.425524e-01 9.461519e-01 2.669689e-01 5.149057e-01 5.931929e-04
<VARIANCE> 39
 1.315757e+01 4.105608e+00 1.142304e+01 1.058865e+01 1.288241e+01 5.760524e+01 1.552347e+01 1.658590e+01 7.690398e+00 1.107637e+01 1.361724e+01 7.487267e+00 1.000000e-02 1.232305e-01 3.877345e-01 8.862008e-02 1.619631e-01 3.754686e-01 8.158145e-01 2.078242e+00 4.777874e-01 1.068313e+00 3.337049e+00 4.391215e-01 9.033570e-01 1.000000e-02 2.374926e-02 6.402158e-02 2.526503e-02 4.964636e-02 6.118554e-02 1.283984e-01 6.686283e-02 2.213154e-01 1.855103e-01 2.855713e-01 7.317846e-02 9.165078e-02 1.000000e-02
<GCONST> 4.957540e+01
<STATE> 21
<MEAN> 39
 -1.403067e+01 -1.941055e+01 -8.598073e+00 -1.304043e+01 -1.308770e+01 -1.071797e+01 1.067963e+01 -9.167543e-01 6.764492e+00 5.054667e+00 1.022250e-01 -4.476080e+00 7.629940e-01 -4.058908e-02 9.148287e-01 2.211617e+00 -1.987708e+00 -2.027958e+00 -2.237046e+00 -2.474303e+00 -7.466868e-01 2.058138e+00 3.705060e+00 7.549094e-01 3.861358e-01 -2.268127e-02 6.466401e-01 -4.209830e-01 -4.682689e-01 4.069450e-01 6.858037e-01 2.378006e-01 -3.548751e-02 -4.016392e-01 -3.366976e-01 -9.259496e-01 -9.583748e-02 6.403991e-01 -1.813031e-03
<VARIANCE> 39
 9.716369e+00 3.217258e+00 1.231605e+01 7.238506e+00 7.489017e+00 3.217829e+01 1.546321e+01 1.320242e+01 2.711222e+01 3.440950e+01 1.075931e+01 1.081465e+01 1.000000e-02 2.609704e-01 1.772046e-01 2.214877e-01 6.188773e-01 4.972004e-01 5.003113e-01 2.922689e-01 2.784878e+00 1.042199e+00 1.286059e+00 7.332414e-01 4.346485e-01 1.000000e-02 5.765299e-02 5.733912e-02 5.983772e-02 2.186669e-01 8.539016e-02 2.232940e-01 2.525851e-01 3.025692e-01 4.171044e-01 5.902922e-01 4.561359e-02 1.842151e-01 1.000000e-02
<GCONST> 5.792376e+01
<STATE> 22
<MEAN> 39
 -1.342892e+01 -1.714524e+01 -4.958488e+00 -1.715218e+01 -1.584131e+01 -1.279734e+01 7.417895e+00 -3.992943e+00 8.838953e+00 8.418703e+00 1.031382e+00 -1.786976e+00 7.444280e-01 1.858099e+00 -3.423100e-01 1.007561e-01 -4.441110e-01 3.278118e-01 -6.543145e-01 -1.388033e+00 -1.331250e+00 -8.987823e-02 4.146059e-01 4.325499e-02 1.536299e+00 -4.058157e-02 9.196179e-01 -8.647751e-01 -6.613944e-01 1.263538e+00 1.023639e+00 1.245714e+00 5.398661e-01 -3.804275e-03 -7.288808e-01 -1.713458e+00 -3.004590e-01 1.522357e-01 -1.289935e-02
<VARIANCE> 39
 4.736069e+00 2.307886e+00 7.690230e+00 9.476827e+00 6.364615e+00 3.508036e+01 7.966902e+00 2.264732e+01 2.830375e+01 1.093225e+01 1.936076e+01 7.218930e+00 1.000000e-02 4.098533e-01 3.261153e-01 4.644033e-01 9.076494e-01 8.455918e-01 1.258776e+00 1.136532e+00 2.019222e+00 2.516280e+00 2.273347e+00 5.106592e-01 1.383741e+00 1.000000e-02 1.621072e-02 5.681873e-02 5.880646e-02 2.867312e-01 1.414337e-02 1.499580e-01 7.177200e-02 5.744596e-01 1.801673e-01 1.535057e-01 2.669719e-01 2.045003e-01 1.000000e-02
<GCONST> 5.832111e+01
<STATE> 23
<MEAN> 39
 -8.628753e+00 -2.000595e+01 -7.915730e+00 -1.568420e+01 -1.293511e+01 -1.373651e+01 5.556502e+00 -6.286185e+00 7.638783e+00 7.913326e+00 1.213362e+00 3.712190e-01 6.288061e-01 3.303079e+00 -2.032999e+00 1.238964e-01 2.728273e+00 1.600069e+00 2.047505e+00 -9.357240e-01 -1.033750e+00 7.021078e-03 -2.291980e+00 -2.622491e-01 1.145556e+00 -6.414746e-02 2.276749e-01 -4.451629e-01 -2.762523e-02 1.086111e+00 5.921056e-01 1.044222e+00 4.067355e-01 3.920200e-01 -3.168685e-01 -1.036109e+00 -1.336330e-01 -3.876792e-01 -6.779353e-03
<VARIANCE> 39
 4.682014e+00 3.419193e+00 8.237174e+00 9.079189e+00 1.045603e+01 6.210987e+01 9.758746e+00 1.383784e+01 1.034705e+01 7.568781e+00 8.856635e+00 1.425211e+01 1.000000e-02 2.460317e-01 5.720783e-01 8.485316e-01 1.272532e+00 7.235302e-01 1.140820e+00 6.602163e-01 7.130876e-01 2.034041e+00 2.737274e+00 6.468127e-01 1.468634e+00 1.000000e-02 9.435602e-02 1.028892e-01 8.873750e-02 2.333941e-01 1.383009e-01 8.021241e-01 1.390520e-01 3.584718e-01 5.453247e-01 2.173631e-01 5.119841e-02 4.454341e-01 1.000000e-02
<GCONST> 6.474352e+01
<STATE> 24
<MEAN> 39
 -1.599570e+00 -2.400114e+01 -5.396691e+00 -7.411907e+00 -8.899892e+00 -7.663590e+00 5.617309e+00 -5.385782e+00 6.005304e+00 1.721921e-01 -3.715484e-01 9.453237e-01 5.172687e-01 2.435262e+00 -1.902979e+00 3.458852e-01 3.186278e+00 2.044687e+00 3.097443e+00 -1.119293e-02 2.440116e-01 -5.708693e-01 -2.622037e+00 -4.912349e-01 3.522894e-01 -6.232669e-02 -7.913053e-01 2.982896e-01 -2.396592e-01 -2.036707e-01 -2.259881e-01 4.874274e-03 4.168944e-01 3.389730e-01 -8.188755e-02 3.558307e-01 8.452751e-02 -3.148715e-01 5.085150e-03
<VARIANCE> 39
 9.586243e+00 6.076812e+00 1.460664e+00 3.213168e+01 9.636786e+00 3.431831e+01 4.413914e+00 1.036400e+01 2.259903e+01 1.563663e+01 1.103754e+01 3.034723e+00 1.000000e-02 6.075046e-01 5.410380e-01 1.003740e+00 1.024670e+00 9.183585e-01 3.576715e+00 1.115690e+00 2.419247e+00 9.382992e-01 1.275759e+00 7.037393e-01 1.609216e+00 1.000000e-02 1.559384e-01 1.518170e-01 7.021032e-02 3.418116e-01 1.908666e-01 4.774103e-01 1.014934e-01 2.127936e-01 6.980696e-01 3.139336e-01 1.990155e-01 2.177788e-01 1.000000e-02
<GCONST> 6.781992e+01
<STATE> 25
<MEAN> 39
 -1.081563e+00 -2.671890e+01 -6.677898e+00 -5.373238e+00 -7.380754e+00 -2.233912e+00 6.169765e+00 -5.939916e+00 7.130762e+00 -2.361362e+00 -9.413670e-01 1.980666e+00 4.353147e-01 4.629922e-01 -7.956696e-01 -7.291055e-01 1.423209e+00 4.232026e-01 1.354672e+00 4.930779e-01 3.983447e-02 -2.707495e-01 -8.715143e-01 1.982786e-01 8.479212e-02 -4.355331e-02 -5.531020e-01 6.248168e-01 -9.485383e-02 -4.751944e-01 -4.987440e-01 -9.085458e-01 -1.272849e-01 -1.395586e-01 -3.036516e-01 4.609311e-01 1.077708e-01 -1.920618e-01 1.201188e-02
<VARIANCE> 39
 1.936793e+00 2.992233e+00 6.051126e+00 8.777464e+00 1.133172e+01 5.893898e+00 1.077741e+01 1.347382e+01 1.443546e+01 2.129762e+01 8.108685e+00 6.471477e+00 1.000000e-02 1.280326e+00 7.222223e-01 1.572774e-01 2.460716e-01 1.115832e+00 4.951374e+00 1.457798e+00 7.340211e-01 1.763963e+00 4.963015e-01 7.146908e-01 8.443575e-01 1.000000e-02 4.253492e-02 1.335191e-01 3.578018e-01 2.132592e-01 3.430801e-01 1.562197e-01 2.780733e-01 4.363971e-01 3.370457e-01 1.819330e-01 1.185132e-01 2.112818e-01 1.000000e-02
<GCONST> 6.100994e+01
<STATE> 26
<MEAN> 39
 -7.499853e-01 -2.621816e+01 -7.534660e+00 -2.450593e+00 -6.416853e+00 -3.904882e+00 7.216928e+00 -5.849998e+00 5.301099e+00 -2.980449e+00 1.246475e-02 9.722434e-01 3.864590e-01 3.737397e-01 1.410142e-01 -3.526343e-01 1.311342e+00 2.440636e-01 -2.175364e-01 -5.163739e-01 -1.945757e-01 -1.134328e+00 -7.972062e-01 -3.569745e-01 -3.472570e-01 -2.010202e-02 -1.718439e-01 4.107100e-01 7.066511e-02 -2.063175e-01 -1.284603e-03 -6.039466e-01 -1.166117e-01 1.251325e-01 -2.944695e-01 1.007709e-01 -5.433957e-02 -2.116982e-01 8.387987e-03
<VARIANCE> 39
 1.299210e+00 2.458839e+00 4.793827e+00 1.610902e+01 7.955371e+00 1.705546e+01 7.699340e+00 7.461098e+00 9.026218e+00 2.251502e+01 9.695849e+00 1.150083e+01 1.000000e-02 4.660640e-01 4.495566e-01 1.919688e+00 8.607312e-01 1.674081e+00 3.233541e+00 8.260250e-01 1.436245e+00 2.490052e+00 9.527914e-01 1.182400e+00 9.268978e-01 1.000000e-02 8.593605e-02 1.625446e-01 2.084802e-01 7.482065e-02 2.149492e-01 4.939110e-01 3.813720e-01 1.372712e-01 2.530603e-01 7.600854e-02 4.661473e-02 2.308853e-01 1.000000e-02
<GCONST> 6.200725e+01
<STATE> 27
<MEAN> 39
 -3.282995e-01 -2.513199e+01 -7.097065e+00 -2.182277e+00 -6.776871e+00 -4.423268e+00 4.076303e+00 -6.243345e+00 3.565125e+00 -4.449148e+00 -9.743363e-01 4.232247e-01 3.868609e-01 2.020029e-01 3.889406e-01 -5.265510e-01 4.557963e-01 7.369415e-01 -5.932966e-01 -2.840376e-01 3.472791e-01 -1.448565e+00 -7.794092e-01 -9.620709e-02 -6.863337e-01 -1.636975e-02 -1.366916e-01 3.372990e-01 1.033143e-01 -2.132820e-01 2.761278e-01 -1.092761e-02 4.456221e-01 2.770681e-01 5.160063e-02 2.608951e-01 1.406499e-01 -1.214529e-01 1.554672e-03
<VARIANCE> 39
 1.754409e+00 1.335919e+00 9.073783e+00 2.163097e+01 5.625372e+00 8.732432e+00 7.831667e+00 2.078218e+01 1.920801e+01 4.417569e+01 7.780594e+00 2.091894e+01 1.000000e-02 3.325437e-01 4.183516e-01 5.534186e-01 1.222291e+00 9.144363e-01 1.187588e+00 1.290632e+00 4.845824e-01 1.149433e+00 4.142336e-01 3.399701e-01 7.023818e-01 1.000000e-02 8.038277e-02 8.594399e-02 4.264716e-01 1.118716e-01 1.984767e-01 4.333649e-01 1.321155e-01 1.884685e-01 4.718574e-01 5.542222e-01 1.437974e-01 2.390230e-01 1.000000e-02
<GCONST> 6.101536e+01
<STATE> 28
<MEAN> 39
 -4.542712e-01 -2.566189e+01 -8.523610e+00 -1.446532e+00 -6.259013e+00 -6.187280e+00 5.684371e+00 -5.170540e+00 7.726923e-01 -3.882121e+00 -1.406208e+00 -7.885939e-01 3.738266e-01 2.249305e-01 1.190400e+00 4.175538e-01 1.131198e+00 1.179624e+00 2.445538e-01 1.144326e+00 7.002209e-01 -1.552450e+00 -5.840383e-01 1.111605e-01 -6.340386e-01 -1.918420e-02 -4.254973e-02 3.245685e-01 2.749741e-01 -1.066572e-01 2.366562e-01 3.837539e-01 1.783235e-01 3.256261e-01 3.728438e-01 -1.489932e-01 4.694445e-02 1.407449e-01 1.512416e-03
<VARIANCE> 39
 4.155501e+00 3.207604e+00 4.170079e+00 6.819121e+00 8.361067e+00 6.760743e+00 9.686618e+00 2.458749e+00 1.194965e+01 2.385020e+01 4.432439e+00 1.091835e+01 1.000000e-02 1.673619e-01 2.725440e-01 9.956253e-01 7.268414e-01 2.646475e-01 6.926771e-01 7.365964e-01 5.795522e-01 1.032078e+00 1.921753e+00 1.054944e-01 1.220921e+00 1.000000e-02 1.410855e-01 1.287161e-01 1.836935e-01 1.042260e-01 2.207685e-01 4.178177e-01 4.890242e-02 1.490352e-01 4.305327e-01 5.353215e-01 4.862677e-02 1.352491e-01 1.000000e-02
<GCONST> 5.145198e+01
<STATE> 29
<MEAN> 39
 3.193652e-01 -2.193770e+01 -6.749115e+00 5.781301e-01 -2.798265e+00 -4.514689e+00 7.592334e+00 -3.216470e+00 2.189777e-01 -4.560038e+00 -1.787486e-01 -1.341064e+00 3.317828e-01 2.613088e-01 1.156488e+00 4.012172e-01 7.212757e-01 1.280699e+00 1.012442e+00 3.838995e-01 8.092929e-01 -3.729926e-01 -5.944436e-01 2.112584e-01 1.075370e-01 -1.599692e-02 -2.360732e-01 -3.334056e-01 -1.442407e-01 -1.300421e-01 -6.694551e-02 1.321745e-01 -2.376155e-01 -1.687797e-01 3.868516e-01 -1.929952e-02 4.208830e-02 4.025562e-01 -5.100459e-04
<VARIANCE> 39
 2.315543e+00 2.357009e+00 4.021635e+00 6.500461e+00 5.767720e+00 1.415996e+01 5.611035e+00 1.919694e+01 5.156813e+00 1.632744e+01 1.221954e+01 8.019754e+00 1.000000e-02 2.963800e-01 6.779538e-01 1.038924e+00 7.022617e-01 9.283671e-01 1.115355e+00 1.032900e-01 8.438784e-01 1.340390e+00 5.580650e+00 1.886918e-01 7.358101e-01 1.000000e-02 3.946145e-02 5.536991e-02 1.491333e-01 1.009290e-01 4.977994e-02 2.564982e-01 2.021096e-02 1.394619e-01 1.381750e-01 1.921503e-01 4.562784e-02 1.983778e-01 1.000000e-02
<GCONST> 4.774704e+01
<STATE> 30
<MEAN> 39
 7.296969e-01 -2.126844e+01 -7.212454e+00 1.341023e+00 -1.273950e+00 -2.141137e+00 7.662068e+00 -3.094549e+00 -3.412336e-01 -7.095566e+00 5.380781e-01 2.618917e-01 3.265735e-01 -5.949608e-01 -2.053901e-01 -6.197348e-01 -2.340794e-03 8.500948e-01 3.057322e-01 -1.044488e-01 3.224211e-01 1.837724e-01 -5.161370e-01 2.317543e-01 5.097281e-01 -1.768521e-02 -2.837201e-01 -3.721210e-01 -2.623116e-01 -1.944789e-01 -1.879337e-01 -4.395830e-01 -2.211198e-01 -2.260292e-01 1.941810e-01 5.184868e-01 1.261174e-01 -2.510962e-01 -2.513376e-03
<VARIANCE> 39
 3.264276e+00 4.331752e+00 8.757634e+00 1.134346e+01 4.377247e+00 8.561477e+00 1.209299e+01 5.385498e+00 1.090270e+01 2.702629e+01 5.986003e+00 1.453663e+00 1.000000e-02 5.848532e-02 8.844342e-01 1.387746e+00 2.750341e-01 6.747503e-01 1.376983e+00 5.999157e-01 1.437682e+00 8.213995e-01 1.605705e+00 6.351317e-01 1.629836e+00 1.000000e-02 7.784667e-02 1.883019e-01 3.541777e-01 1.696784e-01 3.529289e-01 2.115307e-01 9.498199e-02 4.425882e-01 4.083198e-01 9.597193e-01 8.418138e-02 1.822833e-01 1.000000e-02
<GCONST> 5.901117e+01
<STATE> 31
<MEAN> 39
 -1.726692e+00 -2.183105e+01 -8.130499e+00 3.499774e-01 -6.753264e-02 -2.740082e+00 6.906830e+00 -2.937696e+00 2.169943e-01 -6.654762e+00 -5.391160e-01 -1.470140e-01 2.658921e-01 -7.941408e-01 -5.246521e-02 -1.678964e-01 2.847207e-01 3.438336e-01 -4.682633e-01 -4.372647e-01 -3.464276e-01 -6.612744e-02 1.021131e+00 5.417633e-01 -3.689198e-01 -2.891990e-02 1.026569e-01 1.824740e-01 2.257488e-01 -1.234990e-01 -4.973970e-01 -3.306299e-01 -6.750077e-03 -1.799496e-02 -5.459668e-02 5.008315e-01 7.524107e-02 -8.231658e-02 -1.861092e-03
<VARIANCE> 39
 2.919544e+00 1.693807e+01 1.331120e+01 1.333986e+01 3.463730e+00 5.553717e+00 1.251890e+01 5.479290e+00 1.732127e+01 1.674784e+01 1.251055e+01 9.819900e+00 1.096704e-02 4.225506e-01 1.086023e+00 1.327607e+00 9.306729e-01 2.028777e+00 1.891249e+00 1.210958e+00 1.311134e+00 1.438421e+00 3.067517e+00 6.950624e-01 8.418472e-01 1.000000e-02 5.205885e-02 3.717618e-01 5.198347e-01 1.471150e-01 3.427306e-01 2.924256e-01 3.750616e-01 2.563687e-01 1.235603e-01 2.655957e-01 2.059139e-01 3.522610e-01 1.000000e-02
<GCONST> 6.969035e+01
<STATE> 32
<MEAN> 39
 -2.414425e+00 -2.254479e+01 -9.289440e+00 1.612688e+00 -1.233752e-01 -5.153379e+00 6.257313e+00 -2.894181e+00 -1.809318e-01 -1.385714e+00 2.554183e+00 -7.684836e-01 1.965674e-01 -1.991545e-01 3.514841e-01 -2.639587e-01 -2.695474e-01 -2.806963e-01 -6.223018e-01 1.453655e-02 4.094297e-01 -9.888614e-03 8.733218e-01 5.255769e-01 -2.843674e-01 -2.593003e-02 2.008033e-01 6.391672e-01 4.367451e-01 -1.217115e-01 1.927967e-02 2.124402e-01 -2.957717e-02 -4.319765e-02 -1.155057e-01 -4.192014e-01 -2.578004e-01 5.058941e-02 -5.423288e-04
<VARIANCE> 39
 1.757476e+00 1.289752e+01 1.462547e+01 7.598898e+00 2.446150e+01 1.132555e+01 4.510924e+00 1.749741e+01 1.494923e+01 1.441891e+01 8.639066e+00 5.644030e+00 1.526033e-02 4.078237e-01 1.537430e+00 2.435877e+00 1.339774e+00 1.813864e+00 8.255941e-01 1.976705e+00 9.226598e-01 1.123717e+00 2.265455e+00 1.312149e+00 1.497231e+00 1.000000e-02 5.071303e-02 2.519108e-01 3.139361e-01 1.400700e-01 3.230658e-01 1.359211e-01 5.866370e-02 5.874029e-01 6.230331e-01 4.563529e-01 3.321258e-02 1.455323e-01 1.000000e-02
<GCONST> 6.813148e+01
<STATE> 33
<MEAN> 39
 -1.508898e+00 -1.975371e+01 -7.470460e+00 -2.516429e-01 -1.215392e+00 -4.328825e+00 6.635266e+00 -1.580929e+00 -7.908314e-01 -3.820572e+00 2.364068e+00 -7.794521e-01 2.049448e-01 -2.066697e-01 2.176096e+00 1.450510e+00 -3.320699e-01 8.055961e-02 -3.299156e-02 -3.106355e-01 7.498023e-02 1.274787e-01 -2.804419e-01 -2.758808e-01 2.944334e-01 -3.467034e-02 -1.977704e-01 2.638424e-01 1.880500e-01 1.386252e-02 2.610395e-01 2.184122e-01 -1.372820e-01 -1.188042e-01 1.495031e-01 -6.407254e-02 -1.301017e-01 1.875027e-01 -4.844046e-03
<VARIANCE> 39
 3.357368e+00 5.278258e+00 7.881403e+00 3.476842e+00 1.788280e+01 8.977480e+00 2.128342e+01 9.651819e+00 6.926424e+00 8.632259e+00 1.327350e+01 7.073718e+00 1.366212e-02 1.632432e-01 6.337675e-01 9.004806e-01 3.424797e-01 1.101598e+00 4.724484e-01 9.378920e-01 3.300432e+00 2.963855e+00 1.102835e+00 6.137714e-01 3.316577e-01 1.000000e-02 5.117955e-02 1.231687e-01 1.820463e-01 1.113162e-01 3.096133e-01 3.538173e-01 6.424342e-01 4.696130e-01 2.701828e-01 4.908519e-01 5.155441e-01 2.148817e-01 1.000000e-02
<GCONST> 6.342458e+01
<STATE> 34
<MEAN> 39
 -3.668585e+00 -1.653102e+01 -5.632582e+00 6.389487e-01 7.142282e-02 -4.814097e+00 5.667407e+00 -3.013383e+00 1.005150e+00 -3.194964e+00 6.753778e-01 -1.645136e-01 7.105297e-02 -5.952832e-01 1.703274e+00 8.586914e-01 1.523690e-01 1.081330e+00 1.899123e-01 -8.130453e-01 -7.249324e-01 -9.494063e-02 9.753913e-01 5.526112e-01 1.214977e-01 -3.424420e-02 -8.489785e-02 -2.050363e-01 -9.287718e-02 -5.130778e-02 2.759399e-02 2.130191e-01 -1.841284e-01 -1.743687e-01 -2.724941e-01 -2.958366e-02 2.533091e-01 8.204743e-02 3.039210e-03
<VARIANCE> 39
 3.484274e+00 1.874963e+00 3.157644e+00 2.603919e+00 1.516378e+01 1.498695e+01 4.818385e+00 1.915902e+01 2.704124e+01 1.283845e+01 7.200412e+00 3.795928e+00 1.566060e-02 1.699065e-01 7.373664e-01 3.169372e-01 2.109154e-01 1.506769e+00 1.245293e+00 2.659958e+00 2.991802e+00 1.179550e+00 1.444623e+00 1.847342e+00 2.785760e-01 1.000000e-02 5.869999e-02 1.527637e-01 2.106711e-01 8.301500e-02 3.223848e-01 2.159746e-01 2.167563e-01 4.420858e-01 7.535645e-01 3.012243e-01 2.444124e-01 1.275489e-01 1.000000e-02
<GCONST> 6.047159e+01
<STATE> 35
<MEAN> 39
 -4.060696e+00 -1.282307e+01 -3.627357e+00 -2.303971e-01 1.946928e+00 -3.437902e+00 3.992105e+00 -3.982459e+00 -9.999329e-01 -1.098818e+00 3.401396e+00 -3.696045e-01 5.245385e-02 -7.498440e-01 9.126906e-01 6.052441e-01 -6.346255e-01 1.292043e-02 6.963648e-01 -8.504351e-01 -2.533418e-02 -2.441661e-01 -9.135331e-02 1.571765e-01 5.077465e-01 -3.017098e-02 9.737507e-03 -5.140003e-01 -3.553355e-01 -6.287111e-02 -3.296763e-01 -5.755746e-02 2.470039e-01 3.292096e-01 2.226943e-01 -1.702453e-01 -3.686342e-01 -2.574816e-02 3.264744e-03
<VARIANCE> 39
 1.976684e+00 9.011395e+00 7.616397e+00 2.044230e+00 2.010916e+01 9.059252e+00 7.077207e+00 2.355670e+01 1.172396e+01 1.111561e+01 1.241648e+01 9.238966e+00 1.088296e-02 3.447173e-01 2.946223e-01 5.462941e-01 3.724914e-01 1.509097e+00 1.009267e+00 6.626161e-01 1.059018e+00 3.010728e+00 1.906003e+00 2.110881e+00 8.337386e-01 1.000000e-02 2.888304e-02 1.419258e-01 6.571542e-02 6.238374e-02 2.176284e-01 1.200294e-01 2.667140e-01 4.959892e-01 3.944771e-01 2.346154e-01 3.228068e-01 1.142414e-01 1.000000e-02
<GCONST> 5.966325e+01
<STATE> 36
<MEAN> 39
 -5.441254e+00 -1.209687e+01 -2.812338e+00 -1.735929e+00 7.219675e-01 -2.605827e+00 1.394586e+00 -2.495304e+00 3.929088e-02 -3.911520e+00 1.959955e+00 1.832224e+00 1.078446e-02 -6.925189e-01 -1.145629e-01 -2.387675e-01 -1.864020e-01 -3.824419e-01 1.316459e-01 2.924539e-01 4.318442e-01 2.993054e-01 -3.444319e-01 -9.224887e-01 4.728595e-01 -2.382409e-02 2.419173e-01 -2.440301e-01 -3.350728e-01 8.513603e-02 -2.915845e-02 -1.895775e-01 4.024434e-01 1.073686e-01 1.536872e-01 -3.559550e-02 -3.035971e-01 -4.485827e-01 6.392016e-03
<VARIANCE> 39
 8.423837e-01 5.200424e+00 5.885193e+00 1.909890e+00 1.911418e+00 4.579655e+00 7.953443e+00 5.713434e+00 1.274789e+01 6.565374e+00 1.377874e+01 1.264946e+01 1.000000e-02 1.537936e-01 2.753784e-01 1.846590e-01 9.186435e-02 5.886184e-01 7.302675e-01 8.339735e-01 2.238369e+00 2.849971e+00 8.821357e-01 5.012566e-01 9.984325e-01 1.000000e-02 3.103945e-02 9.072859e-02 9.528266e-02 1.236755e-01 1.500817e-01 1.648868e-01 8.505709e-02 2.187180e-01 2.534872e-01 1.629808e-01 4.767614e-01 2.297206e-01 1.000000e-02
<GCONST> 4.670828e+01
<TRANSP> 37
 0.000000e+00 1.000000e+00 0.000000e+00 0.000000e+00 0.000000e+00 0.000000e+00 0.000000e+00 0.000000e+00 0.000000e+00 0.000000e+00 0.000000e+00 0.000000e+00 0.000000e+00 0.000000e+00 0.000000e+00 0.000000e+00 0.000000e+00 0.000000e+00 0.000000e+00 0.000000e+00 0.000000e+00 0.000000e+00 0.000000e+00 0.000000e+00 0.000000e+00 0.000000e+00 0.000000e+00 0.000000e+00 0.000000e+00 0.000000e+00 0.000000e+00 0.000000e+00 0.000000e+00 0.000000e+00 0.000000e+00 0.000000e+00 0.000000e+00
 0.000000e+00 5.000000e-01 5.000000e-01 0.000000e+00 0.000000e+00 0.000000e+00 0.000000e+00 0.000000e+00 0.000000e+00 0.000000e+00 0.000000e+00 0.000000e+00 0.000000e+00 0.000000e+00 0.000000e+00 0.000000e+00 0.000000e+00 0.000000e+00 0.000000e+00 0.000000e+00 0.000000e+00 0.000000e+00 0.000000e+00 0.000000e+00 0.000000e+00 0.000000e+00 0.000000e+00 0.000000e+00 0.000000e+00 0.000000e+00 0.000000e+00 0.000000e+00 0.000000e+00 0.000000e+00 0.000000e+00 0.000000e+00 0.000000e+00
 0.000000e+00 0.000000e+00 4.444444e-01 5.555556e-01 0.000000e+00 0.000000e+00 0.000000e+00 0.000000e+00 0.000000e+00 0.000000e+00 0.000000e+00 0.000000e+00 0.000000e+00 0.000000e+00 0.000000e+00 0.000000e+00 0.000000e+00 0.000000e+00 0.000000e+00 0.000000e+00 0.000000e+00 0.000000e+00 0.000000e+00 0.000000e+00 0.000000e+00 0.000000e+00 0.000000e+00 0.000000e+00 0.000000e+00 0.000000e+00 0.000000e+00 0.000000e+00 0.000000e+00 0.000000e+00 0.000000e+00 0.000000e+00 0.000000e+00
 0.000000e+00 0.000000e+00 0.000000e+00 4.444444e-01 5.555556e-01 0.000000e+00 0.000000e+00 0.000000e+00 0.000000e+00 0.000000e+00 0.000000e+00 0.000000e+00 0.000000e+00 0.000000e+00 0.000000e+00 0.000000e+00 0.000000e+00 0.000000e+00 0.000000e+00 0.000000e+00 0.000000e+00 0.000000e+00 0.000000e+00 0.000000e+00 0.000000e+00 0.000000e+00 0.000000e+00 0.000000e+00 0.000000e+00 0.000000e+00 0.000000e+00 0.000000e+00 0.000000e+00 0.000000e+00 0.000000e+00 0.000000e+00 0.000000e+00
 0.000000e+00 0.000000e+00 0.000000e+00 0.000000e+00 4.444444e-01 5.555556e-01 0.000000e+00 0.000000e+00 0.000000e+00 0.000000e+00 0.000000e+00 0.000000e+00 0.000000e+00 0.000000e+00 0.000000e+00 0.000000e+00 0.000000e+00 0.000000e+00 0.000000e+00 0.000000e+00 0.000000e+00 0.000000e+00 0.000000e+00 0.000000e+00 0.000000e+00 0.000000e+00 0.000000e+00 0.000000e+00 0.000000e+00 0.000000e+00 0.000000e+00 0.000000e+00 0.000000e+00 0.000000e+00 0.000000e+00 0.000000e+00 0.000000e+00
 0.000000e+00 0.000000e+00 0.000000e+00 0.000000e+00 0.000000e+00 4.444444e-01 5.555556e-01 0.000000e+00 0.000000e+00 0.000000e+00 0.000000e+00 0.000000e+00 0.000000e+00 0.000000e+00 0.000000e+00 0.000000e+00 0.000000e+00 0.000000e+00 0.000000e+00 0.000000e+00 0.000000e+00 0.000000e+00 0.000000e+00 0.000000e+00 0.000000e+00 0.000000e+00 0.000000e+00 0.000000e+00 0.000000e+00 0.000000e+00 0.000000e+00 0.000000e+00 0.000000e+00 0.000000e+00 0.000000e+00 0.000000e+00 0.000000e+00
 0.000000e+00 0.000000e+00 0.000000e+00 0.000000e+00 0.000000e+00 0.000000e+00 4.444444e-01 5.555556e-01 0.000000e+00 0.000000e+00 0.000000e+00 0.000000e+00 0.000000e+00 0.000000e+00 0.000000e+00 0.000000e+00 0.000000e+00 0.000000e+00 0.000000e+00 0.000000e+00 0.000000e+00 0.000000e+00 0.000000e+00 0.000000e+00 0.000000e+00 0.000000e+00 0.000000e+00 0.000000e+00 0.000000e+00 0.000000e+00 0.000000e+00 0.000000e+00 0.000000e+00 0.000000e+00 0.000000e+00 0.000000e+00 0.000000e+00
 0.000000e+00 0.000000e+00 0.000000e+00 0.000000e+00 0.000000e+00 0.000000e+00 0.000000e+00 3.750000e-01 6.250000e-01 0.000000e+00 0.000000e+00 0.000000e+00 0.000000e+00 0.000000e+00 0.000000e+00 0.000000e+00 0.000000e+00 0.000000e+00 0.000000e+00 0.000000e+00 0.000000e+00 0.000000e+00 0.000000e+00 0.000000e+00 0.000000e+00 0.000000e+00 0.000000e+00 0.000000e+00 0.000000e+00 0.000000e+00 0.000000e+00 0.000000e+00 0.000000e+00 0.000000e+00 0.000000e+00 0.000000e+00 0.000000e+00
 0.000000e+00 0.000000e+00 0.000000e+00 0.000000e+00 0.000000e+00 0.000000e+00 0.000000e+00 0.000000e+00 3.750000e-01 6.250000e-01 0.000000e+00 0.000000e+00 0.000000e+00 0.000000e+00 0.000000e+00 0.000000e+00 0.000000e+00 0.000000e+00 0.000000e+00 0.000000e+00 0.000000e+00 0.000000e+00 0.000000e+00 0.000000e+00 0.000000e+00 0.000000e+00 0.000000e+00 0.000000e+00 0.000000e+00 0.000000e+00 0.000000e+00 0.000000e+00 0.000000e+00 0.000000e+00 0.000000e+00 0.000000e+00 0.000000e+00
 0.000000e+00 0.000000e+00 0.000000e+00 0.000000e+00 0.000000e+00 0.000000e+00 0.000000e+00 0.000000e+00 0.000000e+00 5.000000e-01 5.000000e-01 0.000000e+00 0.000000e+00 0.000000e+00 0.000000e+00 0.000000e+00 0.000000e+00 0.000000e+00 0.000000e+00 0.000000e+00 0.000000e+00 0.000000e+00 0.000000e+00 0.000000e+00 0.000000e+00 0.000000e+00 0.000000e+00 0.000000e+00 0.000000e+00 0.000000e+00 0.000000e+00 0.000000e+00 0.000000e+00 0.000000e+00 0.000000e+00 0.000000e+00 0.000000e+00
 0.000000e+00 0.000000e+00 0.000000e+00 0.000000e+00 0.000000e+00 0.000000e+00 0.000000e+00 0.000000e+00 0.000000e+00 0.000000e+00 4.444444e-01 5.555556e-01 0.000000e+00 0.000000e+00 0.000000e+00 0.000000e+00 0.000000e+00 0.000000e+00 0.000000e+00 0.000000e+00 0.000000e+00 0.000000e+00 0.000000e+00 0.000000e+00 0.000000e+00 0.000000e+00 0.000000e+00 0.000000e+00 0.000000e+00 0.000000e+00 0.000000e+00 0.000000e+00 0.000000e+00 0.000000e+00 0.000000e+00 0.000000e+00 0.000000e+00
 0.000000e+00 0.000000e+00 0.000000e+00 0.000000e+00 0.000000e+00 0.000000e+00 0.000000e+00 0.000000e+00 0.000000e+00 0.000000e+00 0.000000e+00 3.750000e-01 6.250000e-01 0.000000e+00 0.000000e+00 0.000000e+00 0.000000e+00 0.000000e+00 0.000000e+00 0.000000e+00 0.000000e+00 0.000000e+00 0.000000e+00 0.000000e+00 0.000000e+00 0.000000e+00 0.000000e+00 0.000000e+00 0.000000e+00 0.000000e+00 0.000000e+00 0.000000e+00 0.000000e+00 0.000000e+00 0.000000e+00 0.000000e+00 0.000000e+00
 0.000000e+00 0.000000e+00 0.000000e+00 0.000000e+00 0.000000e+00 0.000000e+00 0.000000e+00 0.000000e+00 0.000000e+00 0.000000e+00 0.000000e+00 0.000000e+00 3.750000e-01 6.250000e-01 0.000000e+00 0.000000e+00 0.000000e+00 0.000000e+00 0.000000e+00 0.000000e+00 0.000000e+00 0.000000e+00 0.000000e+00 0.000000e+00 0.000000e+00 0.000000e+00 0.000000e+00 0.000000e+00 0.000000e+00 0.000000e+00 0.000000e+00 0.000000e+00 0.000000e+00 0.000000e+00 0.000000e+00 0.000000e+00 0.000000e+00
 0.000000e+00 0.000000e+00 0.000000e+00 0.000000e+00 0.000000e+00 0.000000e+00 0.000000e+00 0.000000e+00 0.000000e+00 0.000000e+00 0.000000e+00 0.000000e+00 0.000000e+00 5.000000e-01 5.000000e-01 0.000000e+00 0.000000e+00 0.000000e+00 0.000000e+00 0.000000e+00 0.000000e+00 0.000000e+00 0.000000e+00 0.000000e+00 0.000000e+00 0.000000e+00 0.000000e+00 0.000000e+00 0.000000e+00 0.000000e+00 0.000000e+00 0.000000e+00 0.000000e+00 0.000000e+00 0.000000e+00 0.000000e+00 0.000000e+00
 0.000000e+00 0.000000e+00 0.000000e+00 0.000000e+00 0.000000e+00 0.000000e+00 0.000000e+00 0.000000e+00 0.000000e+00 0.000000e+00 0.000000e+00 0.000000e+00 0.000000e+00 0.000000e+00 2.857143e-01 7.142857e-01 0.000000e+00 0.000000e+00 0.000000e+00 0.000000e+00 0.000000e+00 0.000000e+00 0.000000e+00 0.000000e+00 0.000000e+00 0.000000e+00 0.000000e+00 0.000000e+00 0.000000e+00 0.000000e+00 0.000000e+00 0.000000e+00 0.000000e+00 0.000000e+00 0.000000e+00 0.000000e+00 0.000000e+00
 0.000000e+00 0.000000e+00 0.000000e+00 0.000000e+00 0.000000e+00 0.000000e+00 0.000000e+00 0.000000e+00 0.000000e+00 0.000000e+00 0.000000e+00 0.000000e+00 0.000000e+00 0.000000e+00 0.000000e+00 5.000000e-01 5.000000e-01 0.000000e+00 0.000000e+00 0.000000e+00 0.000000e+00 0.000000e+00 0.000000e+00 0.000000e+00 0.000000e+00 0.000000e+00 0.000000e+00 0.000000e+00 0.000000e+00 0.000000e+00 0.000000e+00 0.000000e+00 0.000000e+00 0.000000e+00 0.000000e+00 0.000000e+00 0.000000e+00
 0.000000e+00 0.000000e+00 0.000000e+00 0.000000e+00 0.000000e+00 0.000000e+00 0.000000e+00 0.000000e+00 0.000000e+00 0.000000e+00 0.000000e+00 0.000000e+00 0.000000e+00 0.000000e+00 0.000000e+00 0.000000e+00 2.857143e-01 7.142857e-01 0.000000e+00 0.000000e+00 0.000000e+00 0.000000e+00 0.000000e+00 0.000000e+00 0.000000e+00 0.000000e+00 0.000000e+00 0.000000e+00 0.000000e+00 0.000000e+00 0.000000e+00 0.000000e+00 0.000000e+00 0.000000e+00 0.000000e+00 0.000000e+00 0.000000e+00
 0.000000e+00 0.000000e+00 0.000000e+00 0.000000e+00 0.000000e+00 0.000000e+00 0.000000e+00 0.000000e+00 0.000000e+00 0.000000e+00 0.000000e+00 0.000000e+00 0.000000e+00 0.000000e+00 0.000000e+00 0.000000e+00 0.000000e+00 3.750000e-01 6.250000e-01 0.000000e+00 0.000000e+00 0.000000e+00 0.000000e+00 0.000000e+00 0.000000e+00 0.000000e+00 0.000000e+00 0.000000e+00 0.000000e+00 0.000000e+00 0.000000e+00 0.000000e+00 0.000000e+00 0.000000e+00 0.000000e+00 0.000000e+00 0.000000e+00
 0.000000e+00 0.000000e+00 0.000000e+00 0.000000e+00 0.000000e+00 0.000000e+00 0.000000e+00 0.000000e+00 0.000000e+00 0.000000e+00 0.000000e+00 0.000000e+00 0.000000e+00 0.000000e+00 0.000000e+00 0.000000e+00 0.000000e+00 0.000000e+00 6.428571e-01 3.571429e-01 0.000000e+00 0.000000e+00 0.000000e+00 0.000000e+00 0.000000e+00 0.000000e+00 0.000000e+00 0.000000e+00 0.000000e+00 0.000000e+00 0.000000e+00 0.000000e+00 0.000000e+00 0.000000e+00 0.000000e+00 0.000000e+00 0.000000e+00
 0.000000e+00 0.000000e+00 0.000000e+00 0.000000e+00 0.000000e+00 0.000000e+00 0.000000e+00 0.000000e+00 0.000000e+00 0.000000e+00 0.000000e+00 0.000000e+00 0.000000e+00 0.000000e+00 0.000000e+00 0.000000e+00 0.000000e+00 0.000000e+00 0.000000e+00 6.428571e-01 3.571429e-01 0.000000e+00 0.000000e+00 0.000000e+00 0.000000e+00 0.000000e+00 0.000000e+00 0.000000e+00 0.000000e+00 0.000000e+00 0.000000e+00 0.000000e+00 0.000000e+00 0.000000e+00 0.000000e+00 0.000000e+00 0.000000e+00
 0.000000e+00 0.000000e+00 0.000000e+00 0.000000e+00 0.000000e+00 0.000000e+00 0.000000e+00 0.000000e+00 0.000000e+00 0.000000e+00 0.000000e+00 0.000000e+00 0.000000e+00 0.000000e+00 0.000000e+00 0.000000e+00 0.000000e+00 0.000000e+00 0.000000e+00 0.000000e+00 5.000000e-01 5.000000e-01 0.000000e+00 0.000000e+00 0.000000e+00 0.000000e+00 0.000000e+00 0.000000e+00 0.000000e+00 0.000000e+00 0.000000e+00 0.000000e+00 0.000000e+00 0.000000e+00 0.000000e+00 0.000000e+00 0.000000e+00
 0.000000e+00 0.000000e+00 0.000000e+00 0.000000e+00 0.000000e+00 0.000000e+00 0.000000e+00 0.000000e+00 0.000000e+00 0.000000e+00 0.000000e+00 0.000000e+00 0.000000e+00 0.000000e+00 0.000000e+00 0.000000e+00 0.000000e+00 0.000000e+00 0.000000e+00 0.000000e+00 0.000000e+00 3.750000e-01 6.250000e-01 0.000000e+00 0.000000e+00 0.000000e+00 0.000000e+00 0.000000e+00 0.000000e+00 0.000000e+00 0.000000e+00 0.000000e+00 0.000000e+00 0.000000e+00 0.000000e+00 0.000000e+00 0.000000e+00
 0.000000e+00 0.000000e+00 0.000000e+00 0.000000e+00 0.000000e+00 0.000000e+00 0.000000e+00 0.000000e+00 0.000000e+00 0.000000e+00 0.000000e+00 0.000000e+00 0.000000e+00 0.000000e+00 0.000000e+00 0.000000e+00 0.000000e+00 0.000000e+00 0.000000e+00 0.000000e+00 0.000000e+00 0.000000e+00 2.857143e-01 7.142857e-01 0.000000e+00 0.000000e+00 0.000000e+00 0.000000e+00 0.000000e+00 0.000000e+00 0.000000e+00 0.000000e+00 0.000000e+00 0.000000e+00 0.000000e+00 0.000000e+00 0.000000e+00
 0.000000e+00 0.000000e+00 0.000000e+00 0.000000e+00 0.000000e+00 0.000000e+00 0.000000e+00 0.000000e+00 0.000000e+00 0.000000e+00 0.000000e+00 0.000000e+00 0.000000e+00 0.000000e+00 0.000000e+00 0.000000e+00 0.000000e+00 0.000000e+00 0.000000e+00 0.000000e+00 0.000000e+00 0.000000e+00 0.000000e+00 3.750000e-01 6.250000e-01 0.000000e+00 0.000000e+00 0.000000e+00 0.000000e+00 0.000000e+00 0.000000e+00 0.000000e+00 0.000000e+00 0.000000e+00 0.000000e+00 0.000000e+00 0.000000e+00
 0.000000e+00 0.000000e+00 0.000000e+00 0.000000e+00 0.000000e+00 0.000000e+00 0.000000e+00 0.000000e+00 0.000000e+00 0.000000e+00 0.000000e+00 0.000000e+00 0.000000e+00 0.000000e+00 0.000000e+00 0.000000e+00 0.000000e+00 0.000000e+00 0.000000e+00 0.000000e+00 0.000000e+00 0.000000e+00 0.000000e+00 0.000000e+00 2.857143e-01 7.142857e-01 0.000000e+00 0.000000e+00 0.000000e+00 0.000000e+00 0.000000e+00 0.000000e+00 0.000000e+00 0.000000e+00 0.000000e+00 0.000000e+00 0.000000e+00
 0.000000e+00 0.000000e+00 0.000000e+00 0.000000e+00 0.000000e+00 0.000000e+00 0.000000e+00 0.000000e+00 0.000000e+00 0.000000e+00 0.000000e+00 0.000000e+00 0.000000e+00 0.000000e+00 0.000000e+00 0.000000e+00 0.000000e+00 0.000000e+00 0.000000e+00 0.000000e+00 0.000000e+00 0.000000e+00 0.000000e+00 0.000000e+00 0.000000e+00 3.750000e-01 6.250000e-01 0.000000e+00 0.000000e+00 0.000000e+00 0.000000e+00 0.000000e+00 0.000000e+00 0.000000e+00 0.000000e+00 0.000000e+00 0.000000e+00
 0.000000e+00 0.000000e+00 0.000000e+00 0.000000e+00 0.000000e+00 0.000000e+00 0.000000e+00 0.000000e+00 0.000000e+00 0.000000e+00 0.000000e+00 0.000000e+00 0.000000e+00 0.000000e+00 0.000000e+00 0.000000e+00 0.000000e+00 0.000000e+00 0.000000e+00 0.000000e+00 0.000000e+00 0.000000e+00 0.000000e+00 0.000000e+00 0.000000e+00 0.000000e+00 2.857143e-01 7.142857e-01 0.000000e+00 0.000000e+00 0.000000e+00 0.000000e+00 0.000000e+00 0.000000e+00 0.000000e+00 0.000000e+00 0.000000e+00
 0.000000e+00 0.000000e+00 0.000000e+00 0.000000e+00 0.000000e+00 0.000000e+00 0.000000e+00 0.000000e+00 0.000000e+00 0.000000e+00 0.000000e+00 0.000000e+00 0.000000e+00 0.000000e+00 0.000000e+00 0.000000e+00 0.000000e+00 0.000000e+00 0.000000e+00 0.000000e+00 0.000000e+00 0.000000e+00 0.000000e+00 0.000000e+00 0.000000e+00 0.000000e+00 0.000000e+00 2.857143e-01 7.142857e-01 0.000000e+00 0.000000e+00 0.000000e+00 0.000000e+00 0.000000e+00 0.000000e+00 0.000000e+00 0.000000e+00
 0.000000e+00 0.000000e+00 0.000000e+00 0.000000e+00 0.000000e+00 0.000000e+00 0.000000e+00 0.000000e+00 0.000000e+00 0.000000e+00 0.000000e+00 0.000000e+00 0.000000e+00 0.000000e+00 0.000000e+00 0.000000e+00 0.000000e+00 0.000000e+00 0.000000e+00 0.000000e+00 0.000000e+00 0.000000e+00 0.000000e+00 0.000000e+00 0.000000e+00 0.000000e+00 0.000000e+00 0.000000e+00 4.444444e-01 5.555556e-01 0.000000e+00 0.000000e+00 0.000000e+00 0.000000e+00 0.000000e+00 0.000000e+00 0.000000e+00
 0.000000e+00 0.000000e+00 0.000000e+00 0.000000e+00 0.000000e+00 0.000000e+00 0.000000e+00 0.000000e+00 0.000000e+00 0.000000e+00 0.000000e+00 0.000000e+00 0.000000e+00 0.000000e+00 0.000000e+00 0.000000e+00 0.000000e+00 0.000000e+00 0.000000e+00 0.000000e+00 0.000000e+00 0.000000e+00 0.000000e+00 0.000000e+00 0.000000e+00 0.000000e+00 0.000000e+00 0.000000e+00 0.000000e+00 3.750000e-01 6.250000e-01 0.000000e+00 0.000000e+00 0.000000e+00 0.000000e+00 0.000000e+00 0.000000e+00
 0.000000e+00 0.000000e+00 0.000000e+00 0.000000e+00 0.000000e+00 0.000000e+00 0.000000e+00 0.000000e+00 0.000000e+00 0.000000e+00 0.000000e+00 0.000000e+00 0.000000e+00 0.000000e+00 0.000000e+00 0.000000e+00 0.000000e+00 0.000000e+00 0.000000e+00 0.000000e+00 0.000000e+00 0.000000e+00 0.000000e+00 0.000000e+00 0.000000e+00 0.000000e+00 0.000000e+00 0.000000e+00 0.000000e+00 0.000000e+00 4.444444e-01 5.555556e-01 0.000000e+00 0.000000e+00 0.000000e+00 0.000000e+00 0.000000e+00
 0.000000e+00 0.000000e+00 0.000000e+00 0.000000e+00 0.000000e+00 0.000000e+00 0.000000e+00 0.000000e+00 0.000000e+00 0.000000e+00 0.000000e+00 0.000000e+00 0.000000e+00 0.000000e+00 0.000000e+00 0.000000e+00 0.000000e+00 0.000000e+00 0.000000e+00 0.000000e+00 0.000000e+00 0.000000e+00 0.000000e+00 0.000000e+00 0.000000e+00 0.000000e+00 0.000000e+00 0.000000e+00 0.000000e+00 0.000000e+00 0.000000e+00 3.750000e-01 6.250000e-01 0.000000e+00 0.000000e+00 0.000000e+00 0.000000e+00
 0.000000e+00 0.000000e+00 0.000000e+00 0.000000e+00 0.000000e+00 0.000000e+00 0.000000e+00 0.000000e+00 0.000000e+00 0.000000e+00 0.000000e+00 0.000000e+00 0.000000e+00 0.000000e+00 0.000000e+00 0.000000e+00 0.000000e+00 0.000000e+00 0.000000e+00 0.000000e+00 0.000000e+00 0.000000e+00 0.000000e+00 0.000000e+00 0.000000e+00 0.000000e+00 0.000000e+00 0.000000e+00 0.000000e+00 0.000000e+00 0.000000e+00 0.000000e+00 4.444444e-01 5.555556e-01 0.000000e+00 0.000000e+00 0.000000e+00
 0.000000e+00 0.000000e+00 0.000000e+00 0.000000e+00 0.000000e+00 0.000000e+00 0.000000e+00 0.000000e+00 0.000000e+00 0.000000e+00 0.000000e+00 0.000000e+00 0.000000e+00 0.000000e+00 0.000000e+00 0.000000e+00 0.000000e+00 0.000000e+00 0.000000e+00 0.000000e+00 0.000000e+00 0.000000e+00 0.000000e+00 0.000000e+00 0.000000e+00 0.000000e+00 0.000000e+00 0.000000e+00 0.000000e+00 0.000000e+00 0.000000e+00 0.000000e+00 0.000000e+00 3.750000e-01 6.250000e-01 0.000000e+00 0.000000e+00
 0.000000e+00 0.000000e+00 0.000000e+00 0.000000e+00 0.000000e+00 0.000000e+00 0.000000e+00 0.000000e+00 0.000000e+00 0.000000e+00 0.000000e+00 0.000000e+00 0.000000e+00 0.000000e+00 0.000000e+00 0.000000e+00 0.000000e+00 0.000000e+00 0.000000e+00 0.000000e+00 0.000000e+00 0.000000e+00 0.000000e+00 0.000000e+00 0.000000e+00 0.000000e+00 0.000000e+00 0.000000e+00 0.000000e+00 0.000000e+00 0.000000e+00 0.000000e+00 0.000000e+00 0.000000e+00 5.000000e-01 5.000000e-01 0.000000e+00
 0.000000e+00 0.000000e+00 0.000000e+00 0.000000e+00 0.000000e+00 0.000000e+00 0.000000e+00 0.000000e+00 0.000000e+00 0.000000e+00 0.000000e+00 0.000000e+00 0.000000e+00 0.000000e+00 0.000000e+00 0.000000e+00 0.000000e+00 0.000000e+00 0.000000e+00 0.000000e+00 0.000000e+00 0.000000e+00 0.000000e+00 0.000000e+00 0.000000e+00 0.000000e+00 0.000000e+00 0.000000e+00 0.000000e+00 0.000000e+00 0.000000e+00 0.000000e+00 0.000000e+00 0.000000e+00 0.000000e+00 0.000000e+00 1.000000e+00
 0.000000e+00 0.000000e+00 0.000000e+00 0.000000e+00 0.000000e+00 0.000000e+00 0.000000e+00 0.000000e+00 0.000000e+00 0.000000e+00 0.000000e+00 0.000000e+00 0.000000e+00 0.000000e+00 0.000000e+00 0.000000e+00 0.000000e+00 0.000000e+00 0.000000e+00 0.000000e+00 0.000000e+00 0.000000e+00 0.000000e+00 0.000000e+00 0.000000e+00 0.000000e+00 0.000000e+00 0.000000e+00 0.000000e+00 0.000000e+00 0.000000e+00 0.000000e+00 0.000000e+00 0.000000e+00 0.000000e+00 0.000000e+00 0.000000e+00
<ENDHMM>
