~o
<STREAMINFO> 1 39
<VECSIZE> 39<NULLD><MFCC_E_D_A><DIAGC>
~h "Lawp"
<BEGINHMM>
<NUMSTATES> 37
<STATE> 2
<MEAN> 39
 -7.046062e+00 -9.672870e+00 -2.530285e+00 -1.360476e+00 1.335165e+00 -4.540617e+00 8.193023e-01 -2.335667e+00 2.724102e+00 -1.553842e+00 2.566684e+00 7.879243e-01 -8.419754e-02 8.366098e-02 -7.883643e-02 -8.642331e-01 -2.070877e-01 -8.722841e-01 -9.600679e-01 -4.906728e-01 6.049334e-01 8.009127e-01 -5.762573e-01 -2.667452e-01 -3.676231e-01 1.975089e-02 6.163207e-01 -7.083416e-02 -5.884389e-01 -2.979788e-01 -7.322423e-01 -7.915158e-01 1.530135e-02 1.750567e-01 1.891066e-01 -6.155031e-01 -3.589833e-01 -4.947197e-01 3.767277e-02
<VARIANCE> 39
 6.714874e-01 2.449973e+00 6.803605e+00 8.329710e+00 3.670842e+00 5.025032e+00 6.142483e+00 5.264882e+00 7.956290e+00 4.843772e+00 5.699476e+00 1.003395e+01 1.000000e-02 8.580093e-01 2.334529e-01 1.164383e+00 4.938027e-01 1.731736e+00 1.977939e+00 2.496131e+00 1.724666e+00 1.354030e+00 3.116356e+00 1.697810e+00 1.570230e+00 1.000000e-02 1.431970e-01 1.007736e-01 1.731108e-01 9.869626e-02 1.568229e-01 1.755676e-01 2.341872e-01 1.496484e-01 3.211195e-01 2.068414e-01 2.111294e-01 1.951385e-01 1.000000e-02
<GCONST> 5.828337e+01
<STATE> 3
<MEAN> 39
 -6.795918e+00 -9.230516e+00 -2.948568e+00 -1.796567e+00 -2.292139e+00 -5.052887e+00 8.742040e-01 -1.013346e-01 3.048119e+00 -4.609016e+00 1.614191e+00 -2.108705e+00 -5.868784e-02 2.452514e+00 -1.673748e-01 -1.949443e+00 -8.182304e-01 -2.078905e+00 -2.713953e+00 -4.452866e-01 1.164334e+00 9.569278e-01 -1.756639e+00 -7.834002e-01 -7.144786e-01 1.275933e-01 9.504189e-01 -2.455292e-01 -7.654944e-01 -1.377141e-01 -4.707956e-01 -9.123442e-01 -1.868045e-01 -2.277894e-01 6.357186e-02 -2.381153e-01 2.310045e-03 1.278920e-01 4.937198e-02
<VARIANCE> 39
 4.626170e+00 4.451265e+00 3.403613e+00 5.325879e+00 7.083231e+00 6.265292e+00 7.049868e+00 8.221802e+00 1.403414e+01 1.144377e+01 1.234704e+01 8.979683e+00 1.000000e-02 1.537606e+00 6.412666e-01 9.532366e-01 1.060731e+00 1.829846e+00 2.585001e+00 6.938766e-01 1.509399e+00 1.601071e+00 1.255800e+00 2.748850e-01 1.029102e+00 1.000000e-02 2.985193e-01 6.822028e-02 2.031826e-01 1.322345e-01 2.859878e-01 7.118167e-02 4.595209e-01 7.221134e-01 1.637035e-01 2.685238e-01 3.119881e-01 3.541287e-01 1.000000e-02
<GCONST> 6.462119e+01
<STATE> 4
<MEAN> 39
 -1.160884e-01 -1.015593e+01 -1.007112e+01 -4.570175e+00 -7.746408e+00 -1.698104e+01 -1.172691e+00 1.594060e+00 5.649613e+00 -8.914154e+00 4.230062e-01 -4.541530e+00 3.220792e-01 2.962867e+00 -8.298855e-01 -3.683368e+00 -8.375708e-01 -3.098229e+00 -4.575160e+00 -4.597314e-01 -9.511500e-01 1.039622e+00 -1.988167e+00 5.006919e-02 -8.397846e-01 1.916444e-01 -2.845458e-01 -3.531093e-01 -1.875653e-01 1.937177e-01 2.043518e-01 5.946027e-01 2.705871e-01 -8.076396e-01 -8.313505e-02 4.595432e-01 1.563830e-01 4.532969e-01 2.385887e-04
<VARIANCE> 39
 1.179843e+01 5.967542e+00 1.688178e+01 1.189178e+01 4.456276e+00 4.439351e+01 5.429904e+00 1.771625e+01 2.261253e+01 2.041674e+01 3.055429e+00 5.729949e+00 1.700904e-02 2.437282e+00 8.157308e-01 4.381821e-01 9.716894e-01 8.655481e-01 7.988425e-02 1.378530e+00 5.990871e+00 9.621935e-01 1.348047e+00 3.712526e+00 2.879843e+00 1.000000e-02 3.049514e-01 1.134718e-01 3.403568e-01 3.233329e-01 2.223792e-01 1.322470e+00 6.066576e-01 3.910256e-01 2.621329e-01 3.057033e-01 2.416380e-01 3.769706e-01 1.000000e-02
<GCONST> 7.554995e+01
<STATE> 5
<MEAN> 39
 3.483267e+00 -1.186240e+01 -1.436778e+01 -5.471805e+00 -1.059319e+01 -1.911466e+01 -1.688773e+00 -2.251355e+00 7.163575e+00 -9.575550e+00 -6.910986e-01 -2.976888e+00 5.609471e-01 2.097992e+00 -1.534063e+00 -2.696801e+00 -5.496774e-01 -1.960596e+00 -2.094527e+00 -5.267567e-01 -1.274613e+00 5.546901e-01 -5.454910e-01 -4.714658e-01 4.986206e-01 1.455075e-01 -1.070221e+00 -2.477178e-01 3.098623e-01 5.137007e-01 9.061697e-01 1.595857e+00 5.551558e-01 -8.876900e-02 -3.630276e-01 5.909780e-01 1.831662e-01 7.966238e-01 -3.260898e-02
<VARIANCE> 39
 2.275745e+01 1.295727e+01 4.416173e+00 4.214574e+00 5.864497e+00 1.365085e+01 7.869294e+00 5.351499e+01 1.509764e+01 1.462350e+01 3.448437e+01 2.052294e+01 1.000000e-02 3.443563e+00 1.147504e+00 2.134472e+00 9.491859e-01 7.243499e-01 7.818848e+00 2.114799e+00 4.128215e+00 1.044010e+00 1.506029e+00 2.823097e+00 2.010436e+00 1.000000e-02 2.033316e-01 5.539140e-01 6.383599e-02 2.973842e-01 4.112592e-01 1.338966e+00 1.809438e-01 9.556887e-01 8.010814e-01 2.691093e-01 9.895592e-01 7.736054e-01 1.000000e-02
<GCONST> 8.672571e+01
<STATE> 6
<MEAN> 39
 6.033817e+00 -1.326898e+01 -1.660161e+01 -3.962922e+00 -1.177437e+01 -2.183520e+01 -2.783053e+00 -1.334206e+00 6.470776e+00 -8.566507e+00 1.497332e+00 -6.016963e-01 6.652607e-01 -6.215991e-01 -8.961129e-01 -2.521002e+00 7.967995e-01 -7.181115e-01 1.732817e-01 9.006212e-01 -1.192099e+00 5.140580e-01 -8.429366e-02 1.652192e-01 1.292489e+00 7.840317e-02 -1.563048e+00 -1.397304e-01 9.376305e-02 2.786837e-01 1.188531e+00 1.825360e+00 1.400148e+00 1.065157e-01 -3.954853e-01 1.541057e-01 -8.019606e-01 3.733019e-01 -2.601768e-02
<VARIANCE> 39
 1.690783e+01 6.046801e+00 1.098392e+01 3.555365e+00 3.611301e+00 1.685243e+01 1.395623e+01 5.589920e+01 1.400667e+01 1.716653e+01 2.367887e+01 4.457289e+01 1.000000e-02 8.946788e-01 2.165965e+00 8.678533e-01 1.374240e+00 2.431916e+00 8.386103e+00 4.987578e+00 1.945811e+00 3.257383e+00 1.004364e+00 3.347677e+00 2.094728e+00 1.000000e-02 1.962952e-01 1.928991e-01 4.052247e-01 1.682597e-01 2.025127e-01 4.263878e-01 3.991741e-01 6.469802e-01 6.964921e-01 3.278319e-01 7.653287e-01 1.434824e+00 1.000000e-02
<GCONST> 8.747893e+01
<STATE> 7
<MEAN> 39
 3.017280e+00 -1.531183e+01 -1.981606e+01 -3.599960e+00 -1.375148e+01 -1.811823e+01 -1.067302e+00 -5.955766e+00 8.136646e+00 -1.007235e+01 4.924684e-01 -6.566699e-01 7.503629e-01 -2.467862e+00 -1.668831e+00 -2.908897e+00 6.815148e-01 1.652697e+00 3.470840e+00 4.049137e+00 -1.484909e-01 -3.676546e-01 -3.514956e-02 -2.499560e+00 2.351086e+00 6.619271e-02 -6.530975e-01 -2.929055e-01 1.810440e-01 1.261016e-01 1.381088e+00 9.489112e-01 6.680880e-01 4.366361e-01 -6.998715e-01 8.389683e-02 -7.648245e-01 3.118898e-01 -8.010413e-03
<VARIANCE> 39
 1.821469e+01 1.979584e+01 1.508234e+01 7.427566e+00 5.382993e+00 2.653050e+01 2.450541e+01 2.227110e+01 1.766129e+01 3.506572e+01 4.593002e+01 3.069920e+01 1.000000e-02 2.871153e-01 1.723947e+00 1.470468e+00 2.575544e-01 3.676883e+00 6.293797e+00 2.028693e+00 1.278935e+00 6.356575e+00 1.723852e+00 1.508521e+00 8.266016e+00 1.000000e-02 3.593999e-02 3.441693e-01 4.718979e-01 2.764400e-01 5.727551e-02 7.430311e-01 7.061034e-01 1.517179e-01 2.435581e-01 4.618587e-01 1.484854e+00 7.297900e-01 1.000000e-02
<GCONST> 8.682549e+01
<STATE> 8
<MEAN> 39
 -2.044994e+00 -1.725698e+01 -2.594249e+01 -2.382789e+00 -7.904370e+00 -1.264557e+01 9.147761e+00 -1.446979e+00 6.453379e+00 -9.744204e+00 -6.013599e+00 4.719890e+00 8.532474e-01 -2.735553e+00 -2.152792e+00 -2.093011e+00 7.790464e-01 3.377280e+00 3.780752e+00 3.752809e+00 -2.171200e-01 -2.200466e+00 -4.465568e-01 -3.170178e+00 2.086788e+00 6.212895e-02 2.972583e-01 -4.381549e-02 8.298378e-01 1.629006e-01 6.714358e-01 -5.302839e-02 -9.568214e-01 -2.616412e-01 -3.614648e-01 2.553597e-01 3.348248e-01 -3.343634e-01 -9.872952e-03
<VARIANCE> 39
 8.517863e+00 9.025684e+00 1.019450e+01 3.426195e+00 4.234217e+01 1.011631e+02 3.961065e+01 9.090403e+00 7.897701e+01 1.800695e+01 2.129453e+01 1.182563e+01 1.000000e-02 1.691374e-01 1.292563e+00 3.869751e+00 4.667248e-01 6.968950e-01 3.141182e+00 2.903921e+00 8.205090e-01 2.173759e+00 2.115072e+00 4.901468e+00 6.153275e+00 1.000000e-02 1.000977e-01 2.465744e-01 1.096265e-01 1.535795e-01 6.665145e-01 1.044366e+00 6.449124e-01 2.784983e-01 1.542057e+00 5.126764e-01 4.548335e-01 7.002767e-01 1.000000e-02
<GCONST> 8.720496e+01
<STATE> 9
<MEAN> 39
 -6.611923e+00 -2.180973e+01 -2.440444e+01 -1.035106e+00 -2.208923e+00 -5.105883e+00 1.019742e+01 -6.184102e+00 2.065624e+00 -1.015133e+01 -7.492634e+00 6.976207e+00 9.307124e-01 -1.229843e+00 -1.496531e+00 1.592946e-02 9.653590e-01 3.505202e+00 1.874808e+00 -2.353818e-02 -1.481049e+00 -1.354034e+00 1.123167e+00 -3.728297e-01 2.288408e-01 3.799563e-02 7.508678e-01 5.887236e-01 6.006717e-01 -7.439082e-02 -3.971376e-01 -7.659593e-01 -1.395415e+00 -4.312890e-01 6.896650e-01 3.853437e-01 7.303387e-01 -1.059917e+00 -1.238349e-02
<VARIANCE> 39
 1.235418e+01 8.459486e+00 1.757514e+01 3.489762e+00 4.674931e+00 4.210648e+01 5.056044e+01 3.159527e+01 2.776081e+01 1.565883e+00 1.051888e+01 2.352924e+01 1.000000e-02 3.110728e-01 5.624498e-01 6.637074e-01 6.358209e-01 7.651986e-01 1.423282e+00 1.229181e+00 9.143748e-01 3.398018e+00 2.421873e+00 9.872904e-01 2.091220e+00 1.000000e-02 1.201556e-02 1.677382e-01 3.979804e-01 5.796866e-02 1.556850e-01 3.925436e-01 5.459891e-01 9.131335e-02 5.618013e-01 2.005068e-01 5.157211e-01 8.934937e-01 1.000000e-02
<GCONST> 7.027025e+01
<STATE> 10
<MEAN> 39
 -4.869641e+00 -2.176511e+01 -2.623742e+01 2.124007e+00 2.984857e+00 -7.634469e+00 1.015191e+01 -7.574071e+00 1.344649e+00 -7.430738e+00 -8.189711e+00 5.996284e+00 9.682896e-01 -1.017214e-01 -6.349015e-01 5.652964e-01 9.316727e-01 1.858612e+00 1.876070e+00 -1.603778e+00 -1.531018e+00 8.534149e-01 1.118350e+00 4.360515e-01 -6.424569e-01 1.637766e-02 4.686188e-01 3.246337e-01 4.055421e-01 -4.239348e-01 -6.818961e-01 -5.004859e-02 -6.064139e-01 4.593625e-01 4.917921e-01 2.657388e-01 5.019015e-01 -4.085732e-01 -9.837407e-03
<VARIANCE> 39
 8.870308e+00 4.101720e+00 3.524599e+01 1.110740e+01 1.086297e+01 5.092075e+01 2.002716e+01 1.163933e+01 2.646337e+01 1.215991e+01 2.764774e+01 6.959314e+00 1.000000e-02 1.082707e-01 4.534711e-01 4.473135e-01 3.870022e-01 3.476274e-01 6.375380e-01 8.414596e-01 2.980514e-01 1.380703e+00 1.081511e+00 5.293103e-01 1.882244e+00 1.000000e-02 3.935634e-02 3.120169e-02 3.271162e-01 6.018323e-02 2.551534e-01 5.142520e-02 2.056182e-01 1.026529e-01 3.735870e-01 4.048548e-01 5.538493e-01 2.334753e-01 1.000000e-02
<GCONST> 6.020979e+01
<STATE> 11
<MEAN> 39
 -6.562487e+00 -2.330469e+01 -2.255025e+01 -4.732590e-01 5.452249e+00 -1.256048e+00 5.831386e+00 -1.215537e+01 4.978238e+00 -6.071604e+00 -5.845499e+00 3.117834e+00 9.819567e-01 4.329041e-01 -1.534815e-01 6.002584e-01 -1.119513e-01 1.229899e+00 1.923673e+00 -9.824392e-01 -7.930057e-02 2.618180e-01 1.571713e+00 2.810343e-02 -2.861322e-01 1.124463e-02 6.770217e-02 4.494213e-02 -5.873592e-02 -4.777889e-01 -5.313495e-01 -2.928874e-01 3.213494e-01 7.235052e-01 -9.026776e-02 5.934291e-03 -2.251308e-01 6.531884e-02 -7.022474e-03
<VARIANCE> 39
 8.614704e+00 2.401419e+00 1.837047e+01 1.060997e+01 5.031044e+00 3.056909e+01 1.438076e+01 1.934041e+01 7.635803e+00 9.662698e+00 1.025442e+01 1.509141e+01 1.000000e-02 1.242042e-01 6.145700e-01 6.038536e-01 3.132059e-01 8.038390e-01 6.710171e-01 8.135476e-01 7.590343e-01 8.621273e-01 3.176513e-01 1.190925e+00 9.173544e-01 1.000000e-02 7.863179e-02 3.743086e-02 1.164070e-01 6.564052e-02 1.377420e-01 1.377300e-01 6.768460e-02 4.757508e-02 2.109714e-01 2.425697e-01 1.000000e-02 3.551598e-01 1.000000e-02
<GCONST> 5.060787e+01
<STATE> 12
<MEAN> 39
 -4.112433e+00 -2.279860e+01 -2.402090e+01 2.411265e+00 6.222821e+00 -3.715215e-01 5.615843e+00 -7.779482e+00 1.741604e+00 -3.511227e+00 -7.750308e+00 2.959392e+00 9.963653e-01 3.751461e-02 -4.276182e-01 4.720184e-01 -1.057731e+00 7.344971e-01 9.098804e-01 -4.733589e-01 7.731513e-01 -2.864248e-01 1.318002e+00 -2.785964e-01 -9.865947e-01 1.634490e-03 7.868627e-02 -6.993141e-02 -9.882561e-02 -7.851772e-01 -3.806245e-01 -7.739935e-01 4.017847e-01 2.416543e-01 1.593119e-02 -1.633593e-01 -2.402288e-01 -3.771714e-01 -7.014485e-03
<VARIANCE> 39
 5.200538e+00 4.857287e+00 2.302315e+01 1.284731e+01 1.053381e+01 1.794699e+01 1.405459e+01 2.197304e+01 4.875623e+00 7.899800e+00 3.117395e+00 8.563659e+00 1.000000e-02 1.157705e-01 1.359645e-01 1.261405e+00 2.305738e-01 7.240404e-01 9.849949e-01 7.209069e-01 5.759017e-01 5.034923e-01 7.257350e-01 5.408724e-01 1.428795e+00 1.000000e-02 3.277269e-02 2.199497e-02 1.640799e-01 9.485310e-02 1.065255e-01 1.620208e-01 3.696391e-02 9.431231e-02 2.781724e-01 1.492568e-01 5.002132e-02 1.403187e-01 1.000000e-02
<GCONST> 4.756588e+01
<STATE> 13
<MEAN> 39
 -6.588115e+00 -2.411243e+01 -2.212195e+01 -4.010741e+00 6.977005e+00 7.680268e-01 6.447070e+00 -9.006018e+00 4.790783e+00 -2.210073e+00 -6.219015e+00 1.381379e+00 9.734542e-01 4.867066e-01 -2.871116e-01 4.205937e-01 -1.917483e+00 -2.944473e-01 -9.381781e-01 4.415898e-02 7.505030e-01 2.629697e-01 7.945130e-01 -5.486531e-01 -1.537640e+00 -2.598207e-02 5.055155e-01 -9.515090e-03 3.527658e-01 5.115386e-02 -6.856611e-01 -3.817586e-01 -2.892067e-01 -7.911193e-02 1.887025e-01 -4.589186e-01 4.361106e-02 -3.677912e-01 -1.953327e-02
<VARIANCE> 39
 8.445505e+00 6.924012e+00 1.767179e+01 2.045972e+01 1.884690e+01 1.468616e+01 9.811452e+00 2.229002e+01 2.282372e+01 1.109421e+00 1.017237e+01 2.001283e+01 1.000000e-02 4.884690e-01 5.882636e-01 7.948745e-01 9.077740e-01 1.123455e+00 1.784499e+00 1.235776e+00 1.335810e-01 4.636431e-01 1.609493e+00 9.260795e-01 1.097049e+00 1.000000e-02 5.025614e-02 1.481095e-01 7.169284e-02 4.504116e-01 5.487524e-02 1.319372e-01 1.665951e-01 1.388281e-01 1.411795e-01 4.789579e-02 4.741818e-02 5.834245e-01 1.000000e-02
<GCONST> 5.881107e+01
<STATE> 14
<MEAN> 39
 -3.819925e+00 -2.388475e+01 -2.049837e+01 -4.600557e+00 5.645138e+00 -2.562628e+00 4.329057e+00 -5.816968e+00 3.935997e+00 -1.014246e+00 -8.608654e+00 3.506960e-01 9.084887e-01 1.531366e+00 -8.231192e-01 1.036858e+00 -1.253446e+00 -1.351604e+00 -2.454090e-01 -1.090112e+00 1.790096e-01 8.602554e-01 1.185771e-01 -3.369872e-01 -2.069757e+00 -4.810778e-02 4.121060e-01 -3.916362e-02 4.124961e-01 5.770091e-01 -5.184021e-01 3.461342e-01 -2.087623e-01 -1.077688e-01 -4.696459e-02 -4.389831e-01 2.493588e-01 2.221914e-01 -1.590042e-02
<VARIANCE> 39
 4.992129e+00 9.610689e+00 3.226876e+01 1.647415e+01 3.295084e+01 3.537510e+01 2.523588e+01 2.145237e+01 2.568192e+01 1.402879e+01 2.544838e+01 2.037316e+01 2.101502e-02 7.164719e-01 6.362162e-01 7.705323e-01 5.521900e+00 5.895011e-01 1.129577e+00 4.826815e-01 4.905941e-01 1.516248e+00 1.289189e+00 1.039571e+00 5.029944e+00 1.000000e-02 6.393321e-02 1.546238e-01 3.291202e-01 3.615360e-01 4.286167e-01 4.873643e-01 1.292604e-01 1.357775e-01 3.405817e-01 6.988355e-01 2.958080e-01 4.297369e-01 1.000000e-02
<GCONST> 7.953152e+01
<STATE> 15
<MEAN> 39
 -1.253329e+00 -2.695313e+01 -2.117029e+01 -7.340213e+00 2.364252e+00 -2.001945e+00 3.586651e+00 -6.629179e+00 6.559222e+00 -1.244723e+00 -8.224656e+00 -6.690849e+00 8.514532e-01 1.887455e+00 -4.887036e-01 1.953724e+00 -7.483996e-02 -2.673014e+00 7.660877e-01 -1.407341e+00 5.596878e-01 3.286235e-01 -8.775164e-01 2.724290e-01 -8.607818e-01 -8.416559e-02 -2.637589e-03 1.034638e-01 1.305212e-01 1.019496e+00 2.934438e-02 1.344462e-01 5.864306e-02 2.384447e-01 -4.687802e-01 -5.018947e-02 4.187943e-01 1.200106e+00 -1.653171e-02
<VARIANCE> 39
 2.953865e+00 5.268799e+00 1.947625e+01 2.399245e+01 2.703995e+01 4.926738e+01 2.955839e+01 2.171380e+01 3.165150e+01 6.885944e+00 2.569371e+01 3.915570e+01 3.182993e-02 2.813396e-01 9.138341e-01 2.486909e+00 1.984307e+00 1.518955e+00 8.315809e-01 3.918441e-01 2.066139e+00 2.704834e+00 2.643052e+00 4.130493e-01 4.112927e+00 1.000000e-02 9.398568e-02 7.240397e-02 1.326312e-01 9.356304e-01 3.391272e-01 7.041519e-01 1.566385e-01 4.063400e-01 2.955493e-01 2.690879e-01 6.200749e-01 6.870286e-01 1.000000e-02
<GCONST> 8.197738e+01
<STATE> 16
<MEAN> 39
 3.202911e+00 -2.513084e+01 -1.544797e+01 -4.279929e+00 -1.787858e+00 -2.029347e-01 8.917307e-01 -6.428449e+00 3.317459e+00 -4.965277e+00 -8.120571e+00 -3.067188e+00 6.718090e-01 1.417190e+00 -4.324881e-01 1.593222e+00 1.840183e+00 -1.037816e+00 3.885809e-01 -5.582259e-01 9.722768e-01 -4.582375e-01 -3.060099e-01 1.101380e+00 1.351744e+00 -8.989657e-02 -5.468927e-01 -3.333597e-02 -6.364109e-01 2.747882e-01 7.923536e-01 -3.963445e-01 4.878263e-01 1.657543e-01 3.351691e-02 3.560377e-01 4.239556e-01 7.176111e-01 4.725924e-03
<VARIANCE> 39
 8.431502e+00 6.680863e+00 1.282260e+01 1.803835e+01 1.323558e+01 1.972373e+01 8.551497e+00 1.495519e+01 9.491492e+00 2.683169e+01 2.033662e+01 3.131661e+01 2.630761e-02 4.509053e-01 7.054825e-01 1.059904e+00 2.826833e+00 1.373272e+00 2.792063e+00 5.916706e-01 2.007944e+00 1.151975e+00 2.028820e+00 3.954022e+00 2.746331e+00 1.000000e-02 7.040129e-02 1.386941e-01 5.899771e-01 6.337218e-01 2.617646e-01 1.969802e-01 2.839150e-02 7.989922e-01 2.103723e-01 6.267051e-01 4.404188e-01 8.410001e-01 1.000000e-02
<GCONST> 8.003529e+01
<STATE> 17
<MEAN> 39
 2.656706e+00 -2.788122e+01 -1.511918e+01 -1.108488e+00 -1.053672e+00 -3.382286e-01 1.543743e+00 -2.047067e+00 4.189540e+00 -3.140390e-01 -5.533086e+00 -6.712855e-01 5.678579e-01 3.516267e-01 -5.824772e-01 -2.497860e-01 7.304371e-01 4.993268e-01 -1.218271e+00 8.434372e-02 9.986622e-01 -5.697623e-02 6.352614e-01 1.553369e+00 1.428960e+00 -6.712216e-02 -4.166997e-01 3.463794e-01 -5.241106e-01 -4.813746e-01 5.290297e-01 -1.738119e-01 2.376243e-01 -3.539143e-01 2.711646e-02 -2.503467e-01 -2.393289e-01 -8.404216e-02 1.816371e-02
<VARIANCE> 39
 2.990792e+00 3.810502e+00 1.808707e+01 1.412562e+01 1.517078e+01 1.333644e+01 1.522413e+01 3.479330e+01 2.742010e+00 2.417934e+01 1.835232e+01 6.007253e+00 1.786025e-02 9.591104e-01 4.650049e-01 3.248197e+00 1.148341e+00 1.158002e+00 3.109384e+00 3.729611e-01 5.051137e+00 1.227037e+00 2.201989e+00 2.790124e+00 1.854537e+00 1.000000e-02 3.703412e-02 1.490532e-01 2.428010e-01 5.847676e-01 1.941067e-01 3.803062e-01 1.350383e-01 4.003872e-01 6.427453e-02 6.897588e-01 2.663733e-01 7.384270e-01 1.000000e-02
<GCONST> 7.454121e+01
<STATE> 18
<MEAN> 39
 3.561404e+00 -2.786857e+01 -1.585244e+01 -1.815940e+00 4.288150e-01 -2.888118e+00 7.933614e-01 -3.402224e+00 4.600278e+00 -2.942314e+00 -4.306778e+00 3.119889e-01 4.802640e-01 8.463553e-02 2.982745e-01 -3.901698e-01 2.001395e-01 5.143178e-01 -6.603853e-01 2.279921e-01 1.988983e-01 -2.091174e-01 -7.273155e-01 3.002660e-01 8.763806e-01 -2.955303e-02 -2.023204e-01 2.976455e-01 -1.470646e-01 -2.589655e-01 2.030662e-01 3.349922e-01 2.078890e-01 -2.202640e-01 -1.547492e-01 -2.163534e-01 -2.932816e-01 -3.073401e-01 1.485836e-02
<VARIANCE> 39
 2.336984e+00 4.554526e-01 2.294661e+01 8.122726e+00 4.687628e+00 2.574829e+00 8.916277e+00 3.958983e+01 1.266575e+01 6.966249e+00 1.314111e+01 4.787566e+00 1.000000e-02 8.827031e-02 5.788220e-01 7.314382e-01 1.194457e+00 1.646927e+00 4.507483e-01 6.976308e-01 2.547435e+00 1.067574e+00 2.600772e+00 8.857315e-01 1.411678e+00 1.000000e-02 7.666101e-02 4.364893e-02 2.645001e-01 2.767460e-01 2.814663e-01 4.827128e-01 3.902720e-02 8.589813e-01 2.119259e-01 1.889202e-01 6.279823e-01 2.459909e-01 1.000000e-02
<GCONST> 5.975169e+01
<STATE> 19
<MEAN> 39
 2.709199e+00 -2.619058e+01 -1.715639e+01 -1.734135e+00 -2.252638e-01 -2.392530e+00 1.886563e+00 -2.282885e+00 4.312515e+00 -2.782522e+00 -4.425970e+00 2.135705e+00 4.704993e-01 -2.338219e-01 7.730381e-01 8.545181e-02 -4.305090e-01 5.191910e-01 6.700266e-01 6.691608e-01 -1.574588e-01 -5.149981e-01 -5.480816e-01 -1.485837e-01 1.986082e-01 -1.779931e-02 -1.832752e-02 5.910930e-02 1.559179e-01 1.856544e-02 5.317571e-02 2.163159e-01 1.773058e-01 1.281589e-01 -1.535231e-01 3.407636e-02 -2.453773e-01 -4.705641e-01 8.005194e-03
<VARIANCE> 39
 1.430899e+00 2.956531e+00 8.922332e+00 2.058526e+00 1.746529e+01 3.459320e+00 7.307647e+00 2.801135e+01 1.371415e+01 1.326633e+01 1.893062e+01 1.419258e+01 1.000000e-02 6.278099e-02 2.196597e-01 4.299930e-01 8.791404e-01 1.242807e+00 4.655243e-01 5.351104e-01 1.755304e+00 1.224649e+00 1.211918e+00 4.718024e-01 5.067632e-01 1.000000e-02 2.137903e-02 1.555594e-01 8.630246e-02 9.642368e-02 3.424129e-01 2.131412e-01 7.366197e-02 5.693707e-01 1.393972e-01 4.273654e-01 3.037584e-01 4.346274e-01 1.000000e-02
<GCONST> 5.440272e+01
<STATE> 20
<MEAN> 39
 2.244227e+00 -2.583867e+01 -1.561217e+01 -1.444430e+00 3.324196e+00 -2.124424e-01 3.220432e+00 -3.419539e+00 1.397590e+00 -4.780946e+00 -4.318255e+00 2.079307e+00 4.355337e-01 -1.091263e-01 1.552314e-01 -4.125893e-01 9.777994e-02 1.216413e+00 1.428956e-01 6.434500e-01 3.399795e-02 -4.761718e-01 -1.033406e-01 1.791577e-01 -7.309160e-01 -1.013058e-02 6.443579e-02 -2.566536e-02 1.476372e-01 7.603025e-02 -1.269112e-01 -1.916875e-01 -1.009415e-01 6.616464e-02 2.064477e-01 1.590001e-01 9.097160e-02 -2.150151e-01 1.152350e-03
<VARIANCE> 39
 1.038740e+00 1.372131e+00 1.042440e+01 1.100372e+01 1.515128e+01 6.994318e+00 5.177521e+00 1.103573e+01 4.161008e+00 6.093709e+00 2.054919e+00 8.173829e+00 1.000000e-02 2.952538e-01 8.817661e-01 1.937991e+00 3.178110e-01 1.183175e+00 4.016565e-01 3.007742e-01 1.466486e+00 8.979201e-01 5.849952e-01 7.765886e-01 1.394763e+00 1.000000e-02 4.869014e-02 1.373815e-01 3.423385e-02 5.623339e-01 2.335512e-01 1.586388e-01 3.506788e-02 3.436943e-01 2.189652e-01 2.441306e-01 1.380720e-02 1.337330e-01 1.000000e-02
<GCONST> 4.786967e+01
<STATE> 21
<MEAN> 39
 2.418478e+00 -2.599545e+01 -1.857817e+01 -2.855442e+00 2.863653e+00 -2.199848e+00 4.238711e+00 -1.765682e+00 3.102537e+00 -3.489215e+00 -3.125590e+00 1.024058e+00 4.317610e-01 -3.967834e-02 5.473423e-01 3.085037e-01 2.985672e-01 4.304749e-01 -2.196528e-01 4.612148e-01 9.140512e-01 5.951968e-02 -3.589409e-02 1.896650e-01 -2.728358e-01 -1.353711e-02 6.419822e-02 1.489688e-01 3.292984e-01 4.283355e-01 -3.086361e-02 -1.890697e-01 -4.128837e-01 9.070151e-02 -1.214355e-01 -1.853050e-01 -7.052251e-02 -4.213179e-02 -1.940702e-03
<VARIANCE> 39
 2.081564e+00 3.944320e+00 1.337417e+01 4.309717e+00 5.453445e+00 4.028999e+00 2.655899e+00 2.103157e+01 5.552015e+00 3.083217e+00 7.089971e+00 5.804456e+00 1.000000e-02 3.083578e-01 1.175010e+00 1.357811e+00 1.729164e+00 9.310442e-01 5.499182e-01 5.707949e-01 1.640381e+00 2.411844e-01 6.497141e-01 9.383212e-01 1.599039e+00 1.000000e-02 2.511494e-02 9.008331e-02 1.121461e-01 1.103235e-01 1.967676e-01 9.369896e-02 1.659006e-01 2.669808e-01 9.386647e-02 6.758502e-02 4.857720e-02 8.141208e-02 1.000000e-02
<GCONST> 4.715967e+01
<STATE> 22
<MEAN> 39
 2.951457e+00 -2.389319e+01 -1.459077e+01 -4.729349e-01 3.064921e+00 -2.212085e+00 4.733537e+00 -1.223813e-01 1.917752e+00 -3.942141e+00 -4.386647e+00 -6.374313e-01 4.157370e-01 2.697865e-02 8.100855e-01 9.814419e-01 1.332274e+00 6.817907e-01 -6.286147e-01 -4.826573e-01 9.735888e-02 -1.211305e+00 -1.071416e+00 6.039529e-02 -4.307071e-01 -1.668534e-02 -8.458348e-02 1.983737e-02 5.818406e-02 1.175716e-01 -5.669992e-02 -8.659382e-02 -3.768610e-01 -3.991560e-01 -2.523180e-02 -6.631724e-02 2.496344e-01 2.254792e-01 -5.277811e-04
<VARIANCE> 39
 2.422244e+00 1.117740e+01 3.087361e+01 1.081122e+01 1.557915e+01 3.976419e+00 8.783705e+00 7.009693e+00 3.779879e+00 6.530745e+00 8.583334e+00 1.483954e+01 1.000000e-02 1.175496e-01 2.819909e-01 9.364851e-01 3.100720e-01 1.726691e-01 1.054303e+00 8.529090e-01 1.526077e+00 4.020560e-01 1.428576e+00 2.493282e-01 4.632455e-01 1.000000e-02 7.460319e-02 2.970268e-01 5.505823e-01 2.556907e-01 2.551799e-01 1.952585e-01 1.566513e-01 5.508993e-02 6.044608e-02 2.434255e-01 1.803747e-01 5.074097e-01 1.000000e-02
<GCONST> 5.434248e+01
<STATE> 23
<MEAN> 39
 3.021454e+00 -2.272450e+01 -1.410679e+01 1.721163e+00 5.099541e+00 -2.290444e+00 1.575088e+00 -2.859419e+00 -4.403726e-01 -5.363647e+00 -3.265627e+00 -8.171096e-01 3.807909e-01 1.022766e-01 6.844300e-01 5.904661e-01 8.419408e-01 4.985949e-01 -5.135384e-01 -1.184375e+00 -2.953567e-01 -4.363721e-01 -8.111342e-01 4.699630e-01 -3.559538e-01 -1.253214e-02 -7.987206e-02 -3.907435e-02 -1.541784e-01 -3.292714e-01 -6.600890e-02 1.067370e-01 1.037647e-01 3.788844e-02 3.495400e-01 2.083714e-01 1.552316e-01 6.352262e-02 -8.829957e-04
<VARIANCE> 39
 3.109913e+00 4.633618e+00 1.907240e+01 3.288784e+00 5.400631e+00 9.686561e+00 9.340860e+00 1.902896e+01 1.820732e+01 8.737245e+00 3.980951e+00 7.698212e+00 1.000000e-02 2.659147e-01 8.244871e-01 1.924813e+00 5.930806e-01 1.502107e+00 7.987520e-01 1.214381e+00 1.550914e+00 8.651444e-01 3.536347e-01 8.096083e-01 1.124444e+00 1.000000e-02 4.503130e-02 1.286163e-01 2.793483e-01 1.795289e-01 1.182814e-01 1.921755e-01 2.566212e-01 2.844756e-01 1.482606e-01 1.720757e-01 2.001319e-01 5.821675e-02 1.000000e-02
<GCONST> 5.778345e+01
<STATE> 24
<MEAN> 39
 2.402232e+00 -2.241990e+01 -1.458590e+01 2.196454e+00 5.040988e+00 -4.424939e+00 1.432446e+00 -1.290258e+00 5.605502e-01 -7.513199e+00 -2.211718e+00 -7.407736e-02 3.765974e-01 -3.486633e-01 4.997015e-01 2.611032e-01 2.693615e-02 4.826705e-01 4.527659e-02 1.579584e-01 -1.478537e-01 5.158828e-01 5.477318e-01 9.189527e-01 -5.939796e-02 -1.947500e-02 -1.303352e-01 8.913770e-03 1.002593e-01 -3.898961e-01 8.544836e-03 2.748048e-01 3.258920e-01 1.533225e-01 1.937235e-01 3.817942e-01 -5.349888e-02 3.718450e-02 -4.619947e-03
<VARIANCE> 39
 4.598359e+00 4.534954e+00 9.714432e+00 9.634768e+00 4.301567e+00 7.744675e+00 1.336324e+01 8.226286e+00 1.404764e+01 8.087704e+00 1.557418e+01 5.272675e+00 1.000000e-02 2.199093e-01 5.710014e-01 2.760072e+00 1.339910e+00 8.019060e-01 6.717828e-01 1.289471e+00 1.320485e+00 3.762464e-01 5.098841e-01 6.538109e-01 4.228951e-01 1.000000e-02 8.655016e-02 6.757772e-02 2.798477e-01 1.049510e-01 9.787402e-02 1.943664e-01 5.668861e-01 3.905245e-01 2.740550e-01 2.326395e-01 1.584551e-01 1.719358e-01 1.000000e-02
<GCONST> 5.850011e+01
<STATE> 25
<MEAN> 39
 1.825329e+00 -2.113661e+01 -1.260169e+01 1.072384e+00 6.520950e+00 -2.363137e+00 2.270637e+00 -1.690739e+00 1.995680e+00 -3.235303e+00 -4.416021e-01 5.104052e-01 3.132913e-01 -5.547869e-01 5.978004e-01 5.982806e-01 -5.030892e-01 4.423665e-01 -1.130787e-02 -3.110859e-01 5.090832e-01 2.123938e-01 3.067418e-01 2.574077e-01 7.988278e-02 -2.846757e-02 -7.009617e-02 -1.825952e-01 -2.707333e-01 -1.881135e-01 -2.121857e-01 -1.553096e-01 1.396245e-01 1.567179e-01 -1.769829e-01 -3.678361e-01 -3.732595e-01 2.819683e-02 1.099047e-03
<VARIANCE> 39
 5.836231e+00 4.874377e+00 9.314560e+00 6.437737e+00 8.813695e+00 1.869620e+00 1.313266e+01 1.039630e+01 3.463312e+00 1.003403e+00 5.772704e+00 4.156630e+00 1.000000e-02 1.527723e-01 7.569231e-01 1.319309e+00 5.334793e-01 5.547115e-01 1.618024e+00 2.505585e+00 1.162625e+00 1.124800e+00 1.518919e+00 1.242961e+00 7.084533e-01 1.000000e-02 9.196023e-02 2.149214e-01 8.325940e-01 2.440773e-01 3.381454e-01 1.031882e-01 1.844056e-01 2.064659e-01 3.588882e-02 8.236823e-02 1.141204e-01 1.461076e-01 1.000000e-02
<GCONST> 5.424771e+01
<STATE> 26
<MEAN> 39
 5.143914e-01 -2.084361e+01 -1.364006e+01 1.067507e-02 6.507439e+00 -3.312466e+00 2.652746e+00 -2.241853e-01 4.688531e-01 -6.672960e+00 -1.838338e+00 -4.202783e-01 2.683235e-01 -5.429285e-01 3.074959e-01 2.613219e-01 -4.420883e-01 -2.144115e-01 -4.486608e-01 5.607486e-01 7.960904e-01 -2.968598e-01 -6.815675e-01 -2.184222e-01 4.162119e-01 -2.479499e-02 2.241645e-01 -2.982165e-02 -4.678711e-02 -5.268117e-02 -1.300900e-01 4.664489e-05 -2.790345e-01 -5.060957e-01 -2.401858e-01 -9.886268e-03 4.649597e-02 -5.137393e-02 8.329100e-03
<VARIANCE> 39
 1.574111e+00 8.377387e+00 1.332164e+01 7.329673e+00 5.898479e+00 9.273478e+00 1.462468e+01 7.956925e+00 4.675063e+00 9.448921e+00 1.060779e+01 1.260842e+01 1.000000e-02 5.825282e-01 8.196011e-01 2.963550e+00 1.114649e+00 5.367630e-01 2.975397e-01 1.281563e+00 6.832585e-01 2.440228e-01 6.422554e-01 7.355298e-01 4.231659e-01 1.000000e-02 3.043381e-02 1.072197e-01 5.659057e-01 3.707588e-01 1.134064e-01 2.973187e-01 7.334924e-01 2.554989e-01 6.193790e-02 1.453910e-01 2.707391e-01 1.562265e-01 1.000000e-02
<GCONST> 5.770910e+01
<STATE> 27
<MEAN> 39
 9.364887e-01 -1.952728e+01 -1.011875e+01 1.428873e+00 5.557253e+00 -4.253075e+00 2.489133e+00 7.740547e-01 9.972215e-01 -6.134552e+00 -2.491992e+00 -6.944667e-01 2.718073e-01 5.547617e-02 3.657123e-01 3.462347e-01 -9.112730e-02 -8.908098e-02 1.297453e-01 -2.407684e-01 -5.415620e-01 -4.309255e-01 -2.592952e-01 -2.631543e-01 -5.213584e-01 -3.799082e-03 7.530986e-02 -1.655861e-01 -3.748012e-01 -1.114871e-01 2.664299e-01 3.269540e-01 -2.820675e-01 -6.160880e-01 -1.279745e-01 1.626365e-01 1.339296e-01 -1.183946e-01 7.905944e-03
<VARIANCE> 39
 5.033978e+00 3.142395e+00 7.685311e+00 5.780128e+00 4.915321e+00 3.501674e+00 7.544833e+00 1.360226e+01 2.807199e+00 6.824134e+00 1.243029e+01 1.637249e+01 1.321736e-02 1.168608e-01 2.947495e-01 2.403858e+00 1.587357e+00 1.050333e+00 6.371521e-01 1.324299e+00 1.445046e+00 7.542194e-01 4.673294e-01 1.135799e+00 1.055240e+00 1.000000e-02 1.410842e-01 2.179909e-01 3.201810e-01 1.772397e-01 1.237170e-01 2.527537e-01 4.401515e-01 1.435904e-01 3.301901e-02 1.267742e-01 3.585289e-01 1.629385e-01 1.000000e-02
<GCONST> 5.690362e+01
<STATE> 28
<MEAN> 39
 5.386707e-01 -2.060048e+01 -1.397571e+01 -1.399086e+00 5.951675e+00 -3.085565e+00 2.121630e+00 -2.357284e+00 2.804742e-01 -5.901480e+00 -3.850292e-01 3.767097e-02 2.668042e-01 2.233849e-01 4.838127e-01 -3.418661e-01 -8.708225e-01 8.563913e-01 8.163644e-01 -8.538085e-01 -1.831095e+00 -8.391469e-01 4.162786e-01 4.947334e-01 -3.484909e-01 6.238273e-03 9.846559e-02 1.717186e-01 2.548485e-01 2.868277e-01 1.308222e-01 7.489675e-02 -9.746310e-02 -2.525243e-02 -3.428788e-02 6.184332e-02 -2.128979e-02 2.142164e-02 7.535802e-04
<VARIANCE> 39
 1.586526e+00 4.435198e+00 2.339241e+01 8.487280e+00 1.106325e+01 7.685288e+00 6.105844e+00 6.531557e+00 7.735825e+00 4.348566e+00 9.824054e+00 5.363317e+00 1.000000e-02 4.205636e-01 7.705325e-01 1.843463e+00 1.141105e+00 4.490600e-01 1.354282e+00 2.837610e+00 7.065905e-01 7.353530e-01 6.800248e-01 1.309155e+00 6.760761e-01 1.000000e-02 3.504609e-02 1.490307e-01 6.475662e-01 2.808631e-01 2.920219e-01 2.223107e-01 3.195609e-01 2.062396e-01 1.815804e-01 1.932035e-01 2.354439e-01 1.579538e-01 1.000000e-02
<GCONST> 6.065774e+01
<STATE> 29
<MEAN> 39
 7.885333e-01 -1.919643e+01 -1.215392e+01 -2.000608e+00 8.371236e+00 -1.199033e+00 -3.020880e-01 -4.944426e+00 -1.798849e+00 -5.661635e+00 -1.866094e+00 -2.552616e+00 2.934219e-01 5.843621e-02 2.083850e-01 -5.363277e-02 -2.812153e-02 4.895185e-01 2.542435e-01 -7.597510e-01 -6.780279e-01 -4.794210e-02 2.821349e-01 2.212368e-01 2.348035e-01 9.134998e-05 -1.632399e-01 1.383904e-01 3.644392e-01 3.621696e-01 -2.798049e-01 -3.571449e-01 2.163566e-01 5.400792e-01 1.158258e-01 -1.007567e-01 7.260796e-02 3.156196e-01 -9.673826e-03
<VARIANCE> 39
 4.732334e+00 1.056202e+01 1.972459e+01 6.806579e+00 1.194436e+01 1.457200e+01 1.285606e+01 5.609265e+00 2.239372e+01 2.151714e+01 1.283491e+01 6.819736e+00 1.000000e-02 2.487691e-01 1.005898e+00 2.248432e+00 8.131235e-01 8.884624e-01 6.297107e-01 5.006520e-01 4.487171e-01 1.172452e+00 8.622370e-01 1.590195e+00 4.299807e-01 1.000000e-02 7.833364e-02 1.048011e-01 4.839050e-01 1.694659e-01 1.103648e-01 3.399535e-01 5.683621e-01 1.196066e-01 4.067686e-01 1.811630e-01 1.654364e-01 1.359804e-01 1.000000e-02
<GCONST> 6.385794e+01
<STATE> 30
<MEAN> 39
 1.875014e+00 -1.845647e+01 -1.277469e+01 9.207069e-02 7.684331e+00 -2.251034e+00 -7.500241e-02 -5.057537e+00 -1.569056e+00 -6.471630e+00 -1.025234e+00 -1.061020e-01 2.821219e-01 -5.472246e-01 5.629776e-01 1.055137e+00 9.514570e-01 -7.536123e-02 -1.396617e-01 4.327835e-01 3.267030e-01 -4.405397e-01 -5.736352e-01 1.796755e-01 4.540987e-01 -2.478461e-02 -5.870236e-01 9.437656e-02 3.671807e-01 -6.982927e-02 -4.619214e-01 -2.453745e-01 2.442637e-01 4.487607e-01 3.278216e-01 1.155911e-01 -2.968017e-02 -6.973384e-02 -2.230379e-02
<VARIANCE> 39
 6.144939e+00 1.022570e+01 2.162181e+01 9.939112e+00 5.296383e+00 4.040900e+00 6.198633e+00 3.472701e+00 8.186705e+00 8.846612e+00 1.797212e+01 1.164635e+01 1.000000e-02 5.906113e-01 1.040363e+00 2.812693e+00 6.787120e-01 1.371653e+00 1.745322e+00 1.606210e+00 8.696439e-01 1.225663e+00 1.709890e+00 1.069873e-01 2.622834e-01 1.000000e-02 7.985755e-02 5.333571e-02 1.456008e-01 3.130660e-01 1.787057e-01 1.552050e-01 2.976408e-01 1.447936e-01 2.798098e-01 1.674185e-01 1.443673e-01 1.289394e-01 1.000000e-02
<GCONST> 5.934383e+01
<STATE> 31
<MEAN> 39
 -1.123436e-01 -1.712350e+01 -9.357225e+00 2.697583e-01 7.654674e+00 -2.427307e+00 -2.240564e-01 -4.351531e+00 -2.119215e+00 -5.706036e+00 1.816244e+00 2.147081e-01 2.047623e-01 -1.357352e+00 1.004800e+00 1.366635e+00 -5.003214e-02 -1.030655e+00 -6.665438e-01 -1.524746e-01 5.807350e-01 4.974299e-01 4.474533e-01 -2.594346e-01 -5.456208e-01 -6.275165e-02 -2.911625e-01 1.567708e-01 4.850566e-03 -2.268543e-01 -1.061825e-01 1.503429e-01 2.211375e-01 6.659201e-02 1.507257e-01 1.679189e-01 -1.941842e-01 -2.213855e-01 -1.277667e-02
<VARIANCE> 39
 3.727907e+00 8.649891e+00 1.510151e+01 5.328616e+00 5.589120e+00 8.414048e+00 1.223754e+01 1.111681e+01 1.903459e+01 1.572170e+01 5.021923e+00 4.550953e+00 1.000000e-02 5.413429e-01 1.992721e-01 1.691624e+00 1.324642e+00 7.733551e-01 9.555196e-01 1.495935e+00 3.592395e-01 2.770171e+00 9.273331e-01 5.688959e-01 7.580279e-01 1.000000e-02 7.246488e-02 2.900580e-01 5.830984e-01 1.654111e-01 1.781464e-01 1.936639e-01 2.595837e-01 1.873388e-01 3.272233e-01 4.791608e-01 7.855713e-02 9.593594e-02 1.000000e-02
<GCONST> 6.174382e+01
<STATE> 32
<MEAN> 39
 -3.462112e+00 -1.604835e+01 -8.406225e+00 6.870372e-03 5.894269e+00 -3.192721e+00 7.470059e-01 -2.129713e+00 -1.245661e+00 -5.377495e+00 -1.948185e+00 -1.586202e+00 8.692251e-02 -1.716231e+00 9.235308e-01 5.651653e-01 -6.041055e-01 -3.486808e-01 2.756347e-01 4.455020e-01 -2.242500e-01 2.512591e-01 5.835943e-01 1.581862e-01 -2.218195e-02 -7.279209e-02 1.709717e-01 -4.749812e-02 -3.292370e-01 -3.503343e-01 8.417036e-02 2.562877e-01 1.186634e-01 4.447721e-02 1.373708e-01 1.894412e-01 3.180075e-01 1.581347e-01 4.691031e-03
<VARIANCE> 39
 2.938691e+00 1.407157e+01 1.910032e+01 4.246525e+00 1.063504e+01 1.583826e+01 1.178233e+01 1.097255e+01 7.833277e+00 1.082389e+01 9.299492e+00 1.529619e+00 1.611846e-02 2.881482e-01 5.528458e-01 1.701875e+00 7.367550e-01 3.957385e-01 6.781146e-01 7.628011e-01 9.302902e-01 1.740294e+00 1.474163e+00 1.452141e+00 8.996935e-01 1.000000e-02 1.045342e-01 2.107832e-01 4.418590e-01 2.302981e-01 1.033758e-01 1.112219e-01 3.807756e-01 7.871200e-02 2.379321e-01 1.270281e-01 7.882924e-02 5.613428e-02 1.000000e-02
<GCONST> 5.848796e+01
<STATE> 33
<MEAN> 39
 -5.149817e+00 -1.441141e+01 -7.497468e+00 -7.979137e-01 5.542331e+00 -2.767177e+00 -1.711498e-02 -4.344966e+00 2.907709e-01 -3.531446e+00 -2.685912e-01 -1.229568e+00 -1.608400e-02 -7.730750e-01 1.110091e+00 8.155774e-01 -4.511059e-01 -4.051401e-01 6.642171e-01 9.297080e-01 7.303987e-01 3.647954e-01 7.425910e-01 9.274355e-01 3.063799e-01 -4.709874e-02 4.150367e-01 -1.377127e-01 -1.790375e-01 -1.596793e-02 1.740300e-01 7.343623e-02 -1.470079e-02 7.635596e-02 -1.903234e-01 -2.365613e-01 2.325814e-01 2.385878e-01 1.563013e-02
<VARIANCE> 39
 6.510682e-01 8.425426e+00 7.602065e+00 3.968338e+00 5.497011e+00 7.429040e+00 4.666121e+00 3.984372e+00 1.492391e+01 4.338051e+00 1.589133e+01 6.989880e+00 1.000000e-02 1.759816e-01 3.014972e+00 3.196442e+00 6.241212e-01 5.888723e-01 2.898969e-01 1.424853e+00 3.107638e-01 1.452645e-01 8.997946e-01 1.254064e+00 7.924269e-01 1.000000e-02 1.366389e-02 9.162625e-02 2.093966e-01 9.557426e-02 1.558225e-01 1.038527e-01 2.379603e-01 1.006442e-01 3.211039e-01 2.274838e-01 1.443758e-01 1.812120e-01 1.000000e-02
<GCONST> 4.920672e+01
<STATE> 34
<MEAN> 39
 -5.644960e+00 -1.327320e+01 -6.781981e+00 -2.614507e+00 4.396286e+00 -1.490209e+00 3.232996e+00 -8.542492e-01 1.387333e-01 -3.516556e+00 1.414761e+00 -4.350836e-01 -4.871983e-02 -2.786998e-01 6.167462e-01 2.900013e-01 -7.275193e-01 -2.419771e-02 2.026795e-01 2.349357e-01 6.275924e-01 2.347668e-01 5.178393e-01 8.434104e-01 3.859564e-01 -2.501483e-02 2.039189e-01 -1.006745e-01 5.853685e-02 3.282669e-01 1.227050e-01 -2.316013e-01 -2.780412e-01 -3.299516e-01 -2.555144e-01 -1.743623e-01 -2.588796e-01 -2.438363e-01 1.039242e-02
<VARIANCE> 39
 7.127390e-01 8.178301e+00 5.915232e+00 4.215142e+00 2.746135e+00 2.688089e+00 8.051987e+00 8.829255e+00 4.711056e+00 9.250434e+00 1.330919e+01 9.537719e+00 1.000000e-02 5.611807e-02 4.819071e-01 8.631806e-01 4.878883e-01 3.054473e-01 5.055054e-01 8.757613e-01 4.802634e-01 3.216785e-01 5.200359e-01 4.714739e-01 6.961038e-01 1.000000e-02 1.259309e-02 2.295301e-01 2.264315e-01 1.309856e-01 3.356307e-02 1.146528e-01 1.729041e-01 1.447247e-01 4.972830e-02 2.608406e-01 2.297934e-01 2.791091e-01 1.000000e-02
<GCONST> 4.190632e+01
<STATE> 35
<MEAN> 39
 -5.378074e+00 -1.213261e+01 -6.366313e+00 -3.043686e+00 5.178063e+00 -1.553520e+00 2.111784e+00 -7.404810e-01 1.256889e+00 -2.723861e+00 2.179780e+00 6.582289e-01 -7.300636e-02 -2.226990e-01 2.632121e-01 4.564789e-01 3.537911e-01 1.002182e-02 -8.180797e-02 -5.723627e-01 -2.665712e-01 -5.221938e-01 -5.860651e-01 -3.051835e-01 -4.121606e-01 -1.397019e-02 1.844253e-02 -2.691384e-01 -1.408982e-01 2.204899e-01 2.752991e-02 -8.841316e-02 -1.461575e-01 -2.242510e-01 -2.735168e-01 -2.563092e-01 -2.631452e-01 -3.199031e-01 5.508457e-03
<VARIANCE> 39
 9.612116e-01 4.075181e+00 6.949650e+00 3.354121e+00 3.014549e+00 1.152364e+01 1.368931e+01 3.315826e+00 7.979701e+00 7.477119e+00 3.976105e+00 5.335662e+00 1.000000e-02 9.980465e-02 2.735971e-01 2.417474e-01 3.084650e-01 7.294496e-01 8.288908e-01 4.543390e-01 7.736906e-01 7.496700e-01 2.171232e+00 3.420662e-01 1.034503e+00 1.000000e-02 1.287063e-02 1.775687e-01 2.876952e-01 2.161729e-01 3.300446e-02 1.429889e-01 4.005744e-01 2.591428e-02 3.331261e-02 1.369866e-01 2.950267e-02 6.942429e-02 1.000000e-02
<GCONST> 3.822248e+01
<STATE> 36
<MEAN> 39
 -6.273320e+00 -1.122821e+01 -5.489818e+00 -2.121484e+00 4.557628e+00 -3.508146e+00 -6.117449e-02 -4.873808e+00 -1.001183e+00 -3.738083e+00 1.012602e+00 -8.731756e-01 -9.212364e-02 -3.261639e-01 1.896680e-01 4.437088e-01 4.376536e-01 -1.573271e-01 -2.495086e-01 1.130962e-01 -6.330727e-01 -1.045870e+00 -5.959648e-01 -2.678699e-01 -8.949980e-01 -1.056123e-02 1.302632e-01 -4.240460e-02 4.054742e-02 6.679012e-02 -5.769447e-02 -8.582021e-02 1.057291e-01 7.485871e-02 1.011741e-01 5.855655e-02 4.632118e-02 8.019471e-02 7.376970e-03
<VARIANCE> 39
 1.075881e+00 4.629463e+00 5.219747e+00 6.069045e+00 3.248241e+00 4.131694e+00 5.979940e+00 2.043221e+00 5.249175e+00 1.583278e+01 2.136732e+00 1.566056e+00 1.000000e-02 2.399570e-02 5.004231e-01 5.877961e-01 9.188029e-01 2.005014e-01 1.046824e+00 1.118070e+00 4.603265e-01 3.085592e-01 7.428025e-01 2.318649e-01 9.012052e-01 1.000000e-02 4.701901e-02 4.245315e-02 8.989582e-02 3.211860e-02 6.834414e-02 5.449600e-02 1.071837e-01 7.482420e-02 2.328193e-02 3.934210e-01 4.517296e-02 1.323185e-01 1.000000e-02
<GCONST> 3.105286e+01
<TRANSP> 37
 0.000000e+00 1.000000e+00 0.000000e+00 0.000000e+00 0.000000e+00 0.000000e+00 0.000000e+00 0.000000e+00 0.000000e+00 0.000000e+00 0.000000e+00 0.000000e+00 0.000000e+00 0.000000e+00 0.000000e+00 0.000000e+00 0.000000e+00 0.000000e+00 0.000000e+00 0.000000e+00 0.000000e+00 0.000000e+00 0.000000e+00 0.000000e+00 0.000000e+00 0.000000e+00 0.000000e+00 0.000000e+00 0.000000e+00 0.000000e+00 0.000000e+00 0.000000e+00 0.000000e+00 0.000000e+00 0.000000e+00 0.000000e+00 0.000000e+00
 0.000000e+00 5.000000e-01 5.000000e-01 0.000000e+00 0.000000e+00 0.000000e+00 0.000000e+00 0.000000e+00 0.000000e+00 0.000000e+00 0.000000e+00 0.000000e+00 0.000000e+00 0.000000e+00 0.000000e+00 0.000000e+00 0.000000e+00 0.000000e+00 0.000000e+00 0.000000e+00 0.000000e+00 0.000000e+00 0.000000e+00 0.000000e+00 0.000000e+00 0.000000e+00 0.000000e+00 0.000000e+00 0.000000e+00 0.000000e+00 0.000000e+00 0.000000e+00 0.000000e+00 0.000000e+00 0.000000e+00 0.000000e+00 0.000000e+00
 0.000000e+00 0.000000e+00 3.750000e-01 6.250000e-01 0.000000e+00 0.000000e+00 0.000000e+00 0.000000e+00 0.000000e+00 0.000000e+00 0.000000e+00 0.000000e+00 0.000000e+00 0.000000e+00 0.000000e+00 0.000000e+00 0.000000e+00 0.000000e+00 0.000000e+00 0.000000e+00 0.000000e+00 0.000000e+00 0.000000e+00 0.000000e+00 0.000000e+00 0.000000e+00 0.000000e+00 0.000000e+00 0.000000e+00 0.000000e+00 0.000000e+00 0.000000e+00 0.000000e+00 0.000000e+00 0.000000e+00 0.000000e+00 0.000000e+00
 0.000000e+00 0.000000e+00 0.000000e+00 1.666667e-01 8.333333e-01 0.000000e+00 0.000000e+00 0.000000e+00 0.000000e+00 0.000000e+00 0.000000e+00 0.000000e+00 0.000000e+00 0.000000e+00 0.000000e+00 0.000000e+00 0.000000e+00 0.000000e+00 0.000000e+00 0.000000e+00 0.000000e+00 0.000000e+00 0.000000e+00 0.000000e+00 0.000000e+00 0.000000e+00 0.000000e+00 0.000000e+00 0.000000e+00 0.000000e+00 0.000000e+00 0.000000e+00 0.000000e+00 0.000000e+00 0.000000e+00 0.000000e+00 0.000000e+00
 0.000000e+00 0.000000e+00 0.000000e+00 0.000000e+00 2.857143e-01 7.142857e-01 0.000000e+00 0.000000e+00 0.000000e+00 0.000000e+00 0.000000e+00 0.000000e+00 0.000000e+00 0.000000e+00 0.000000e+00 0.000000e+00 0.000000e+00 0.000000e+00 0.000000e+00 0.000000e+00 0.000000e+00 0.000000e+00 0.000000e+00 0.000000e+00 0.000000e+00 0.000000e+00 0.000000e+00 0.000000e+00 0.000000e+00 0.000000e+00 0.000000e+00 0.000000e+00 0.000000e+00 0.000000e+00 0.000000e+00 0.000000e+00 0.000000e+00
 0.000000e+00 0.000000e+00 0.000000e+00 0.000000e+00 0.000000e+00 3.750000e-01 6.250000e-01 0.000000e+00 0.000000e+00 0.000000e+00 0.000000e+00 0.000000e+00 0.000000e+00 0.000000e+00 0.000000e+00 0.000000e+00 0.000000e+00 0.000000e+00 0.000000e+00 0.000000e+00 0.000000e+00 0.000000e+00 0.000000e+00 0.000000e+00 0.000000e+00 0.000000e+00 0.000000e+00 0.000000e+00 0.000000e+00 0.000000e+00 0.000000e+00 0.000000e+00 0.000000e+00 0.000000e+00 0.000000e+00 0.000000e+00 0.000000e+00
 0.000000e+00 0.000000e+00 0.000000e+00 0.000000e+00 0.000000e+00 0.000000e+00 0.000000e+00 1.000000e+00 0.000000e+00 0.000000e+00 0.000000e+00 0.000000e+00 0.000000e+00 0.000000e+00 0.000000e+00 0.000000e+00 0.000000e+00 0.000000e+00 0.000000e+00 0.000000e+00 0.000000e+00 0.000000e+00 0.000000e+00 0.000000e+00 0.000000e+00 0.000000e+00 0.000000e+00 0.000000e+00 0.000000e+00 0.000000e+00 0.000000e+00 0.000000e+00 0.000000e+00 0.000000e+00 0.000000e+00 0.000000e+00 0.000000e+00
 0.000000e+00 0.000000e+00 0.000000e+00 0.000000e+00 0.000000e+00 0.000000e+00 0.000000e+00 3.750000e-01 6.250000e-01 0.000000e+00 0.000000e+00 0.000000e+00 0.000000e+00 0.000000e+00 0.000000e+00 0.000000e+00 0.000000e+00 0.000000e+00 0.000000e+00 0.000000e+00 0.000000e+00 0.000000e+00 0.000000e+00 0.000000e+00 0.000000e+00 0.000000e+00 0.000000e+00 0.000000e+00 0.000000e+00 0.000000e+00 0.000000e+00 0.000000e+00 0.000000e+00 0.000000e+00 0.000000e+00 0.000000e+00 0.000000e+00
 0.000000e+00 0.000000e+00 0.000000e+00 0.000000e+00 0.000000e+00 0.000000e+00 0.000000e+00 0.000000e+00 3.750000e-01 6.250000e-01 0.000000e+00 0.000000e+00 0.000000e+00 0.000000e+00 0.000000e+00 0.000000e+00 0.000000e+00 0.000000e+00 0.000000e+00 0.000000e+00 0.000000e+00 0.000000e+00 0.000000e+00 0.000000e+00 0.000000e+00 0.000000e+00 0.000000e+00 0.000000e+00 0.000000e+00 0.000000e+00 0.000000e+00 0.000000e+00 0.000000e+00 0.000000e+00 0.000000e+00 0.000000e+00 0.000000e+00
 0.000000e+00 0.000000e+00 0.000000e+00 0.000000e+00 0.000000e+00 0.000000e+00 0.000000e+00 0.000000e+00 0.000000e+00 2.857143e-01 7.142857e-01 0.000000e+00 0.000000e+00 0.000000e+00 0.000000e+00 0.000000e+00 0.000000e+00 0.000000e+00 0.000000e+00 0.000000e+00 0.000000e+00 0.000000e+00 0.000000e+00 0.000000e+00 0.000000e+00 0.000000e+00 0.000000e+00 0.000000e+00 0.000000e+00 0.000000e+00 0.000000e+00 0.000000e+00 0.000000e+00 0.000000e+00 0.000000e+00 0.000000e+00 0.000000e+00
 0.000000e+00 0.000000e+00 0.000000e+00 0.000000e+00 0.000000e+00 0.000000e+00 0.000000e+00 0.000000e+00 0.000000e+00 0.000000e+00 3.750000e-01 6.250000e-01 0.000000e+00 0.000000e+00 0.000000e+00 0.000000e+00 0.000000e+00 0.000000e+00 0.000000e+00 0.000000e+00 0.000000e+00 0.000000e+00 0.000000e+00 0.000000e+00 0.000000e+00 0.000000e+00 0.000000e+00 0.000000e+00 0.000000e+00 0.000000e+00 0.000000e+00 0.000000e+00 0.000000e+00 0.000000e+00 0.000000e+00 0.000000e+00 0.000000e+00
 0.000000e+00 0.000000e+00 0.000000e+00 0.000000e+00 0.000000e+00 0.000000e+00 0.000000e+00 0.000000e+00 0.000000e+00 0.000000e+00 0.000000e+00 2.857143e-01 7.142857e-01 0.000000e+00 0.000000e+00 0.000000e+00 0.000000e+00 0.000000e+00 0.000000e+00 0.000000e+00 0.000000e+00 0.000000e+00 0.000000e+00 0.000000e+00 0.000000e+00 0.000000e+00 0.000000e+00 0.000000e+00 0.000000e+00 0.000000e+00 0.000000e+00 0.000000e+00 0.000000e+00 0.000000e+00 0.000000e+00 0.000000e+00 0.000000e+00
 0.000000e+00 0.000000e+00 0.000000e+00 0.000000e+00 0.000000e+00 0.000000e+00 0.000000e+00 0.000000e+00 0.000000e+00 0.000000e+00 0.000000e+00 0.000000e+00 3.750000e-01 6.250000e-01 0.000000e+00 0.000000e+00 0.000000e+00 0.000000e+00 0.000000e+00 0.000000e+00 0.000000e+00 0.000000e+00 0.000000e+00 0.000000e+00 0.000000e+00 0.000000e+00 0.000000e+00 0.000000e+00 0.000000e+00 0.000000e+00 0.000000e+00 0.000000e+00 0.000000e+00 0.000000e+00 0.000000e+00 0.000000e+00 0.000000e+00
 0.000000e+00 0.000000e+00 0.000000e+00 0.000000e+00 0.000000e+00 0.000000e+00 0.000000e+00 0.000000e+00 0.000000e+00 0.000000e+00 0.000000e+00 0.000000e+00 0.000000e+00 3.750000e-01 6.250000e-01 0.000000e+00 0.000000e+00 0.000000e+00 0.000000e+00 0.000000e+00 0.000000e+00 0.000000e+00 0.000000e+00 0.000000e+00 0.000000e+00 0.000000e+00 0.000000e+00 0.000000e+00 0.000000e+00 0.000000e+00 0.000000e+00 0.000000e+00 0.000000e+00 0.000000e+00 0.000000e+00 0.000000e+00 0.000000e+00
 0.000000e+00 0.000000e+00 0.000000e+00 0.000000e+00 0.000000e+00 0.000000e+00 0.000000e+00 0.000000e+00 0.000000e+00 0.000000e+00 0.000000e+00 0.000000e+00 0.000000e+00 0.000000e+00 1.666667e-01 8.333333e-01 0.000000e+00 0.000000e+00 0.000000e+00 0.000000e+00 0.000000e+00 0.000000e+00 0.000000e+00 0.000000e+00 0.000000e+00 0.000000e+00 0.000000e+00 0.000000e+00 0.000000e+00 0.000000e+00 0.000000e+00 0.000000e+00 0.000000e+00 0.000000e+00 0.000000e+00 0.000000e+00 0.000000e+00
 0.000000e+00 0.000000e+00 0.000000e+00 0.000000e+00 0.000000e+00 0.000000e+00 0.000000e+00 0.000000e+00 0.000000e+00 0.000000e+00 0.000000e+00 0.000000e+00 0.000000e+00 0.000000e+00 0.000000e+00 3.750000e-01 6.250000e-01 0.000000e+00 0.000000e+00 0.000000e+00 0.000000e+00 0.000000e+00 0.000000e+00 0.000000e+00 0.000000e+00 0.000000e+00 0.000000e+00 0.000000e+00 0.000000e+00 0.000000e+00 0.000000e+00 0.000000e+00 0.000000e+00 0.000000e+00 0.000000e+00 0.000000e+00 0.000000e+00
 0.000000e+00 0.000000e+00 0.000000e+00 0.000000e+00 0.000000e+00 0.000000e+00 0.000000e+00 0.000000e+00 0.000000e+00 0.000000e+00 0.000000e+00 0.000000e+00 0.000000e+00 0.000000e+00 0.000000e+00 0.000000e+00 3.750000e-01 6.250000e-01 0.000000e+00 0.000000e+00 0.000000e+00 0.000000e+00 0.000000e+00 0.000000e+00 0.000000e+00 0.000000e+00 0.000000e+00 0.000000e+00 0.000000e+00 0.000000e+00 0.000000e+00 0.000000e+00 0.000000e+00 0.000000e+00 0.000000e+00 0.000000e+00 0.000000e+00
 0.000000e+00 0.000000e+00 0.000000e+00 0.000000e+00 0.000000e+00 0.000000e+00 0.000000e+00 0.000000e+00 0.000000e+00 0.000000e+00 0.000000e+00 0.000000e+00 0.000000e+00 0.000000e+00 0.000000e+00 0.000000e+00 0.000000e+00 1.666667e-01 8.333333e-01 0.000000e+00 0.000000e+00 0.000000e+00 0.000000e+00 0.000000e+00 0.000000e+00 0.000000e+00 0.000000e+00 0.000000e+00 0.000000e+00 0.000000e+00 0.000000e+00 0.000000e+00 0.000000e+00 0.000000e+00 0.000000e+00 0.000000e+00 0.000000e+00
 0.000000e+00 0.000000e+00 0.000000e+00 0.000000e+00 0.000000e+00 0.000000e+00 0.000000e+00 0.000000e+00 0.000000e+00 0.000000e+00 0.000000e+00 0.000000e+00 0.000000e+00 0.000000e+00 0.000000e+00 0.000000e+00 0.000000e+00 0.000000e+00 4.444444e-01 5.555556e-01 0.000000e+00 0.000000e+00 0.000000e+00 0.000000e+00 0.000000e+00 0.000000e+00 0.000000e+00 0.000000e+00 0.000000e+00 0.000000e+00 0.000000e+00 0.000000e+00 0.000000e+00 0.000000e+00 0.000000e+00 0.000000e+00 0.000000e+00
 0.000000e+00 0.000000e+00 0.000000e+00 0.000000e+00 0.000000e+00 0.000000e+00 0.000000e+00 0.000000e+00 0.000000e+00 0.000000e+00 0.000000e+00 0.000000e+00 0.000000e+00 0.000000e+00 0.000000e+00 0.000000e+00 0.000000e+00 0.000000e+00 0.000000e+00 1.666667e-01 8.333333e-01 0.000000e+00 0.000000e+00 0.000000e+00 0.000000e+00 0.000000e+00 0.000000e+00 0.000000e+00 0.000000e+00 0.000000e+00 0.000000e+00 0.000000e+00 0.000000e+00 0.000000e+00 0.000000e+00 0.000000e+00 0.000000e+00
 0.000000e+00 0.000000e+00 0.000000e+00 0.000000e+00 0.000000e+00 0.000000e+00 0.000000e+00 0.000000e+00 0.000000e+00 0.000000e+00 0.000000e+00 0.000000e+00 0.000000e+00 0.000000e+00 0.000000e+00 0.000000e+00 0.000000e+00 0.000000e+00 0.000000e+00 0.000000e+00 3.750000e-01 6.250000e-01 0.000000e+00 0.000000e+00 0.000000e+00 0.000000e+00 0.000000e+00 0.000000e+00 0.000000e+00 0.000000e+00 0.000000e+00 0.000000e+00 0.000000e+00 0.000000e+00 0.000000e+00 0.000000e+00 0.000000e+00
 0.000000e+00 0.000000e+00 0.000000e+00 0.000000e+00 0.000000e+00 0.000000e+00 0.000000e+00 0.000000e+00 0.000000e+00 0.000000e+00 0.000000e+00 0.000000e+00 0.000000e+00 0.000000e+00 0.000000e+00 0.000000e+00 0.000000e+00 0.000000e+00 0.000000e+00 0.000000e+00 0.000000e+00 2.857143e-01 7.142857e-01 0.000000e+00 0.000000e+00 0.000000e+00 0.000000e+00 0.000000e+00 0.000000e+00 0.000000e+00 0.000000e+00 0.000000e+00 0.000000e+00 0.000000e+00 0.000000e+00 0.000000e+00 0.000000e+00
 0.000000e+00 0.000000e+00 0.000000e+00 0.000000e+00 0.000000e+00 0.000000e+00 0.000000e+00 0.000000e+00 0.000000e+00 0.000000e+00 0.000000e+00 0.000000e+00 0.000000e+00 0.000000e+00 0.000000e+00 0.000000e+00 0.000000e+00 0.000000e+00 0.000000e+00 0.000000e+00 0.000000e+00 0.000000e+00 2.857143e-01 7.142857e-01 0.000000e+00 0.000000e+00 0.000000e+00 0.000000e+00 0.000000e+00 0.000000e+00 0.000000e+00 0.000000e+00 0.000000e+00 0.000000e+00 0.000000e+00 0.000000e+00 0.000000e+00
 0.000000e+00 0.000000e+00 0.000000e+00 0.000000e+00 0.000000e+00 0.000000e+00 0.000000e+00 0.000000e+00 0.000000e+00 0.000000e+00 0.000000e+00 0.000000e+00 0.000000e+00 0.000000e+00 0.000000e+00 0.000000e+00 0.000000e+00 0.000000e+00 0.000000e+00 0.000000e+00 0.000000e+00 0.000000e+00 0.000000e+00 3.750000e-01 6.250000e-01 0.000000e+00 0.000000e+00 0.000000e+00 0.000000e+00 0.000000e+00 0.000000e+00 0.000000e+00 0.000000e+00 0.000000e+00 0.000000e+00 0.000000e+00 0.000000e+00
 0.000000e+00 0.000000e+00 0.000000e+00 0.000000e+00 0.000000e+00 0.000000e+00 0.000000e+00 0.000000e+00 0.000000e+00 0.000000e+00 0.000000e+00 0.000000e+00 0.000000e+00 0.000000e+00 0.000000e+00 0.000000e+00 0.000000e+00 0.000000e+00 0.000000e+00 0.000000e+00 0.000000e+00 0.000000e+00 0.000000e+00 0.000000e+00 2.857143e-01 7.142857e-01 0.000000e+00 0.000000e+00 0.000000e+00 0.000000e+00 0.000000e+00 0.000000e+00 0.000000e+00 0.000000e+00 0.000000e+00 0.000000e+00 0.000000e+00
 0.000000e+00 0.000000e+00 0.000000e+00 0.000000e+00 0.000000e+00 0.000000e+00 0.000000e+00 0.000000e+00 0.000000e+00 0.000000e+00 0.000000e+00 0.000000e+00 0.000000e+00 0.000000e+00 0.000000e+00 0.000000e+00 0.000000e+00 0.000000e+00 0.000000e+00 0.000000e+00 0.000000e+00 0.000000e+00 0.000000e+00 0.000000e+00 0.000000e+00 2.857143e-01 7.142857e-01 0.000000e+00 0.000000e+00 0.000000e+00 0.000000e+00 0.000000e+00 0.000000e+00 0.000000e+00 0.000000e+00 0.000000e+00 0.000000e+00
 0.000000e+00 0.000000e+00 0.000000e+00 0.000000e+00 0.000000e+00 0.000000e+00 0.000000e+00 0.000000e+00 0.000000e+00 0.000000e+00 0.000000e+00 0.000000e+00 0.000000e+00 0.000000e+00 0.000000e+00 0.000000e+00 0.000000e+00 0.000000e+00 0.000000e+00 0.000000e+00 0.000000e+00 0.000000e+00 0.000000e+00 0.000000e+00 0.000000e+00 0.000000e+00 2.857143e-01 7.142857e-01 0.000000e+00 0.000000e+00 0.000000e+00 0.000000e+00 0.000000e+00 0.000000e+00 0.000000e+00 0.000000e+00 0.000000e+00
 0.000000e+00 0.000000e+00 0.000000e+00 0.000000e+00 0.000000e+00 0.000000e+00 0.000000e+00 0.000000e+00 0.000000e+00 0.000000e+00 0.000000e+00 0.000000e+00 0.000000e+00 0.000000e+00 0.000000e+00 0.000000e+00 0.000000e+00 0.000000e+00 0.000000e+00 0.000000e+00 0.000000e+00 0.000000e+00 0.000000e+00 0.000000e+00 0.000000e+00 0.000000e+00 0.000000e+00 3.750000e-01 6.250000e-01 0.000000e+00 0.000000e+00 0.000000e+00 0.000000e+00 0.000000e+00 0.000000e+00 0.000000e+00 0.000000e+00
 0.000000e+00 0.000000e+00 0.000000e+00 0.000000e+00 0.000000e+00 0.000000e+00 0.000000e+00 0.000000e+00 0.000000e+00 0.000000e+00 0.000000e+00 0.000000e+00 0.000000e+00 0.000000e+00 0.000000e+00 0.000000e+00 0.000000e+00 0.000000e+00 0.000000e+00 0.000000e+00 0.000000e+00 0.000000e+00 0.000000e+00 0.000000e+00 0.000000e+00 0.000000e+00 0.000000e+00 0.000000e+00 2.857143e-01 7.142857e-01 0.000000e+00 0.000000e+00 0.000000e+00 0.000000e+00 0.000000e+00 0.000000e+00 0.000000e+00
 0.000000e+00 0.000000e+00 0.000000e+00 0.000000e+00 0.000000e+00 0.000000e+00 0.000000e+00 0.000000e+00 0.000000e+00 0.000000e+00 0.000000e+00 0.000000e+00 0.000000e+00 0.000000e+00 0.000000e+00 0.000000e+00 0.000000e+00 0.000000e+00 0.000000e+00 0.000000e+00 0.000000e+00 0.000000e+00 0.000000e+00 0.000000e+00 0.000000e+00 0.000000e+00 0.000000e+00 0.000000e+00 0.000000e+00 2.857143e-01 7.142857e-01 0.000000e+00 0.000000e+00 0.000000e+00 0.000000e+00 0.000000e+00 0.000000e+00
 0.000000e+00 0.000000e+00 0.000000e+00 0.000000e+00 0.000000e+00 0.000000e+00 0.000000e+00 0.000000e+00 0.000000e+00 0.000000e+00 0.000000e+00 0.000000e+00 0.000000e+00 0.000000e+00 0.000000e+00 0.000000e+00 0.000000e+00 0.000000e+00 0.000000e+00 0.000000e+00 0.000000e+00 0.000000e+00 0.000000e+00 0.000000e+00 0.000000e+00 0.000000e+00 0.000000e+00 0.000000e+00 0.000000e+00 0.000000e+00 3.750000e-01 6.250000e-01 0.000000e+00 0.000000e+00 0.000000e+00 0.000000e+00 0.000000e+00
 0.000000e+00 0.000000e+00 0.000000e+00 0.000000e+00 0.000000e+00 0.000000e+00 0.000000e+00 0.000000e+00 0.000000e+00 0.000000e+00 0.000000e+00 0.000000e+00 0.000000e+00 0.000000e+00 0.000000e+00 0.000000e+00 0.000000e+00 0.000000e+00 0.000000e+00 0.000000e+00 0.000000e+00 0.000000e+00 0.000000e+00 0.000000e+00 0.000000e+00 0.000000e+00 0.000000e+00 0.000000e+00 0.000000e+00 0.000000e+00 0.000000e+00 2.857143e-01 7.142857e-01 0.000000e+00 0.000000e+00 0.000000e+00 0.000000e+00
 0.000000e+00 0.000000e+00 0.000000e+00 0.000000e+00 0.000000e+00 0.000000e+00 0.000000e+00 0.000000e+00 0.000000e+00 0.000000e+00 0.000000e+00 0.000000e+00 0.000000e+00 0.000000e+00 0.000000e+00 0.000000e+00 0.000000e+00 0.000000e+00 0.000000e+00 0.000000e+00 0.000000e+00 0.000000e+00 0.000000e+00 0.000000e+00 0.000000e+00 0.000000e+00 0.000000e+00 0.000000e+00 0.000000e+00 0.000000e+00 0.000000e+00 0.000000e+00 2.857143e-01 7.142857e-01 0.000000e+00 0.000000e+00 0.000000e+00
 0.000000e+00 0.000000e+00 0.000000e+00 0.000000e+00 0.000000e+00 0.000000e+00 0.000000e+00 0.000000e+00 0.000000e+00 0.000000e+00 0.000000e+00 0.000000e+00 0.000000e+00 0.000000e+00 0.000000e+00 0.000000e+00 0.000000e+00 0.000000e+00 0.000000e+00 0.000000e+00 0.000000e+00 0.000000e+00 0.000000e+00 0.000000e+00 0.000000e+00 0.000000e+00 0.000000e+00 0.000000e+00 0.000000e+00 0.000000e+00 0.000000e+00 0.000000e+00 0.000000e+00 3.750000e-01 6.250000e-01 0.000000e+00 0.000000e+00
 0.000000e+00 0.000000e+00 0.000000e+00 0.000000e+00 0.000000e+00 0.000000e+00 0.000000e+00 0.000000e+00 0.000000e+00 0.000000e+00 0.000000e+00 0.000000e+00 0.000000e+00 0.000000e+00 0.000000e+00 0.000000e+00 0.000000e+00 0.000000e+00 0.000000e+00 0.000000e+00 0.000000e+00 0.000000e+00 0.000000e+00 0.000000e+00 0.000000e+00 0.000000e+00 0.000000e+00 0.000000e+00 0.000000e+00 0.000000e+00 0.000000e+00 0.000000e+00 0.000000e+00 0.000000e+00 2.857143e-01 7.142857e-01 0.000000e+00
 0.000000e+00 0.000000e+00 0.000000e+00 0.000000e+00 0.000000e+00 0.000000e+00 0.000000e+00 0.000000e+00 0.000000e+00 0.000000e+00 0.000000e+00 0.000000e+00 0.000000e+00 0.000000e+00 0.000000e+00 0.000000e+00 0.000000e+00 0.000000e+00 0.000000e+00 0.000000e+00 0.000000e+00 0.000000e+00 0.000000e+00 0.000000e+00 0.000000e+00 0.000000e+00 0.000000e+00 0.000000e+00 0.000000e+00 0.000000e+00 0.000000e+00 0.000000e+00 0.000000e+00 0.000000e+00 0.000000e+00 0.000000e+00 1.000000e+00
 0.000000e+00 0.000000e+00 0.000000e+00 0.000000e+00 0.000000e+00 0.000000e+00 0.000000e+00 0.000000e+00 0.000000e+00 0.000000e+00 0.000000e+00 0.000000e+00 0.000000e+00 0.000000e+00 0.000000e+00 0.000000e+00 0.000000e+00 0.000000e+00 0.000000e+00 0.000000e+00 0.000000e+00 0.000000e+00 0.000000e+00 0.000000e+00 0.000000e+00 0.000000e+00 0.000000e+00 0.000000e+00 0.000000e+00 0.000000e+00 0.000000e+00 0.000000e+00 0.000000e+00 0.000000e+00 0.000000e+00 0.000000e+00 0.000000e+00
<ENDHMM>
