~o
<STREAMINFO> 1 39
<VECSIZE> 39<NULLD><MFCC_E_D_A><DIAGC>
~h "Lu*u"
<BEGINHMM>
<NUMSTATES> 26
<STATE> 2
<MEAN> 39
 -6.701505e+00 -8.876669e+00 -6.932845e-01 -2.861817e-01 1.457771e+00 -3.726680e+00 1.490314e+00 -2.469367e+00 2.840052e-01 -3.297405e+00 2.168252e+00 -4.304287e+00 -4.730731e-02 3.907539e-01 -2.594836e-01 -1.362057e+00 -9.832746e-01 -1.147542e+00 -8.682548e-01 -2.452729e-01 -2.657138e-01 6.602674e-01 -6.820053e-02 -2.111018e-01 -3.101425e-01 3.167888e-02 8.211992e-01 1.152053e-01 -1.062278e+00 -6.721094e-01 -5.822929e-01 -7.091717e-01 -2.345197e-01 2.582332e-01 8.597374e-01 -4.101127e-03 -3.671130e-01 1.226290e-02 4.154688e-02
<VARIANCE> 39
 3.403305e+00 3.700024e+00 8.778721e+00 5.858653e+00 7.976738e+00 5.877451e+00 1.596545e+00 1.576864e+01 9.716949e+00 1.163515e+01 5.564285e+00 4.338194e+00 1.000000e-02 1.054580e+00 2.836597e-01 1.347113e+00 1.443581e+00 6.459988e-01 2.469571e+00 4.611436e-01 1.626942e+00 1.291350e+00 1.703505e+00 1.046529e+00 8.384154e-01 1.000000e-02 1.654925e-01 8.052103e-02 1.832064e-01 1.777809e-01 1.299492e-01 3.095159e-01 2.103781e-01 5.484806e-01 4.114625e-01 3.734635e-01 3.021773e-01 6.742954e-02 1.000000e-02
<GCONST> 6.073431e+01
<STATE> 3
<MEAN> 39
 -1.314437e+00 -8.761186e+00 -8.127135e+00 -6.085279e+00 -2.769660e+00 -1.001039e+01 -4.400737e-01 -1.295719e+00 6.259069e+00 -3.742353e+00 -7.681123e-01 -4.952803e+00 2.255773e-01 3.225513e+00 3.162323e-01 -3.675897e+00 -1.303438e+00 -2.282863e+00 -3.469992e+00 -1.374725e+00 -1.917727e-01 2.916191e+00 -9.228383e-01 -1.397770e+00 1.797788e-01 1.748451e-01 -9.397922e-02 3.439233e-02 1.222265e-01 4.437367e-01 8.138361e-02 -2.274432e-02 -9.987061e-02 -2.651772e-01 2.344772e-01 9.028994e-02 -5.371232e-02 3.055058e-01 1.690139e-02
<VARIANCE> 39
 2.562294e+01 5.315927e+00 2.429326e+01 1.108994e+01 6.527264e+00 3.477923e+01 1.403464e+01 4.062508e+00 1.652200e+01 1.013090e+01 1.336771e+01 7.052014e+00 5.169971e-02 1.031122e+00 6.164257e-01 1.998491e+00 1.717251e+00 1.048522e+00 2.865391e+00 1.191721e+00 6.499798e+00 3.606359e+00 9.122320e-01 2.849700e+00 6.776669e-01 1.000000e-02 6.980278e-01 4.466231e-02 3.832763e-01 1.004220e-01 2.031215e-01 6.483249e-01 3.233050e-01 4.013985e-01 6.686544e-01 4.001964e-01 5.104212e-01 6.279196e-02 1.000000e-02
<GCONST> 7.937241e+01
<STATE> 4
<MEAN> 39
 3.606078e+00 -8.196085e+00 -1.599175e+01 -5.826923e+00 -8.855361e+00 -1.723780e+01 -3.203439e+00 -4.981694e+00 1.428700e+01 -6.094133e+00 -2.893222e+00 -4.304584e+00 6.455737e-01 -1.727140e-01 -2.587917e-01 -1.020883e+00 -2.557147e-01 -9.129894e-01 -1.260165e+00 -8.420442e-01 -3.138865e-01 1.833987e+00 1.271072e+00 -8.472213e-01 1.260874e+00 1.081466e-01 -1.320118e+00 -3.372607e-01 9.064048e-01 -1.410823e-01 5.971433e-01 6.619857e-01 1.290684e-01 6.396474e-01 -7.872011e-01 7.298114e-01 2.345012e-01 3.383524e-01 -3.000393e-02
<VARIANCE> 39
 1.548968e+01 5.846135e+00 2.120127e+01 9.974681e+00 1.256390e+01 5.064230e+01 2.496555e+01 6.645161e+01 7.875259e+01 1.894479e+01 2.576675e+01 1.747384e+01 1.000000e-02 4.217874e+00 5.567071e-01 2.293656e+00 9.919463e-01 2.056007e+00 2.966539e+00 2.044691e+00 5.352617e+00 4.623495e+00 3.728381e+00 3.239287e+00 1.130393e+00 1.000000e-02 3.671528e-01 1.125058e-01 4.816461e-01 4.859674e-01 5.567847e-01 6.293615e-01 1.878712e-01 2.110852e+00 1.631794e+00 3.213478e-01 5.756434e-01 1.378939e-01 1.000000e-02
<GCONST> 9.523917e+01
<STATE> 5
<MEAN> 39
 8.226764e-01 -9.072456e+00 -1.542192e+01 -8.342872e+00 -8.148766e+00 -1.822282e+01 -5.747232e+00 -2.437534e+00 1.492985e+01 1.321206e+00 -4.536293e+00 -3.054295e-01 7.911927e-01 -2.454877e+00 -7.247448e-01 -7.071503e-01 -1.278606e+00 -2.664341e-01 -9.915007e-01 -4.207365e-01 1.289959e+00 8.412301e-01 8.358747e-01 5.345409e-02 9.965170e-01 6.155720e-02 -3.703610e-01 -2.619589e-01 7.899147e-02 -2.680346e-01 2.900812e-01 5.057717e-01 2.537510e-01 6.127567e-01 -7.072160e-01 -7.251427e-01 1.267021e-01 -3.890849e-01 -1.648602e-02
<VARIANCE> 39
 3.814896e+01 9.996075e+00 4.541102e+00 1.164476e+01 1.618109e+01 2.166052e+01 2.874120e+01 2.657305e+01 3.834734e+01 3.143949e+01 2.916994e+01 1.034604e+01 1.000000e-02 4.608014e-01 8.507765e-01 2.798710e+00 3.483627e+00 2.931562e+00 1.086435e+00 1.083090e+00 6.902019e+00 7.188777e+00 1.844773e+00 1.463845e+00 4.301852e-01 1.000000e-02 6.765049e-01 7.862883e-02 2.732948e-01 3.428205e-01 4.137295e-01 1.032924e-01 3.946979e-01 5.985755e-01 5.611023e-01 5.816349e-01 4.765315e-01 8.542787e-02 1.000000e-02
<GCONST> 8.549057e+01
<STATE> 6
<MEAN> 39
 -5.909727e+00 -1.211180e+01 -1.739652e+01 -1.126035e+01 -9.327988e+00 -1.912884e+01 -4.227070e+00 3.037815e+00 1.327961e+01 -1.190047e+00 -4.172540e+00 1.041537e+00 9.098101e-01 -1.470279e+00 -1.403878e+00 2.399522e-01 -1.462330e+00 1.123985e+00 1.007373e+00 -9.317673e-02 2.197624e+00 -1.975156e+00 -6.568273e-01 -7.007338e-01 -3.352827e-01 2.711437e-02 7.134470e-01 -8.640796e-04 4.178518e-01 -1.519948e-01 6.461150e-01 5.881240e-01 -1.765863e-01 -6.250944e-01 -1.331075e-01 -4.918982e-03 -3.294151e-01 -7.321572e-01 -1.551802e-02
<VARIANCE> 39
 8.616345e+00 5.049481e+00 2.393139e+01 2.581543e+01 1.463218e+01 8.399348e+00 2.242675e+01 2.281824e+01 1.116363e+01 8.496662e+00 1.835370e+01 1.364879e+01 1.000000e-02 1.370433e+00 6.075291e-01 5.669037e-01 1.212605e+00 2.088242e+00 1.060544e+00 1.788340e+00 1.421548e+00 1.320081e+00 2.099954e+00 1.501478e+00 1.213240e+00 1.000000e-02 4.165742e-02 1.327452e-01 3.803207e-01 6.041187e-01 4.177786e-01 1.598330e-01 2.481120e-01 6.244692e-01 8.806426e-01 4.821168e-01 1.016994e-01 1.986261e-01 1.000000e-02
<GCONST> 7.597704e+01
<STATE> 7
<MEAN> 39
 -6.202643e+00 -1.437180e+01 -1.570170e+01 -1.409316e+01 -4.397110e+00 -1.521752e+01 -5.984757e+00 4.283035e+00 1.061224e+01 -1.734351e+00 -5.603099e+00 -1.998539e+00 9.048968e-01 -7.571152e-02 -9.206273e-01 6.182953e-01 -2.220978e+00 1.937102e+00 1.475659e+00 -1.217313e+00 -2.628920e-01 -2.565394e-01 8.672745e-01 -1.135220e+00 -1.543269e+00 5.332484e-03 4.325323e-01 3.089868e-01 -1.404536e-01 -1.154473e-01 -2.290770e-02 -2.448605e-02 -2.014652e-01 -5.843595e-01 5.082268e-01 7.313138e-01 4.904383e-02 -4.775229e-02 -2.858102e-03
<VARIANCE> 39
 2.566264e+00 1.011508e+01 1.366817e+01 1.413578e+01 3.338882e+00 4.134690e+00 6.481160e+00 2.956819e+01 1.353963e+01 3.011063e+00 2.421288e+01 1.255362e+01 1.000000e-02 1.500153e-01 2.629916e-01 1.215596e+00 1.548308e+00 8.097199e-01 1.232837e+00 1.428108e+00 4.699942e-01 1.480640e+00 3.386976e+00 3.047173e-01 6.998077e-01 1.000000e-02 1.540184e-01 9.654801e-02 6.531578e-02 1.768657e-01 1.396953e-01 1.559746e-01 1.188251e-01 3.332564e-01 1.131528e-01 4.855449e-01 2.245535e-01 2.392681e-01 1.000000e-02
<GCONST> 5.920391e+01
<STATE> 8
<MEAN> 39
 -6.100900e+00 -1.541547e+01 -1.489474e+01 -2.074529e+01 -3.270091e-01 -1.226087e+01 -8.656130e+00 3.040374e+00 1.134217e+01 3.280279e+00 -8.596745e+00 -4.587056e+00 9.328735e-01 4.595203e-01 7.554068e-02 -1.188288e-01 -1.594664e+00 4.838780e-01 1.369264e+00 -8.645111e-01 -4.508078e-01 -4.361211e-01 1.702760e+00 5.897069e-02 -4.153224e-01 1.106434e-02 1.654797e-01 2.726837e-01 -1.096804e-01 4.228054e-01 -5.674242e-01 9.555677e-02 1.735719e-01 1.665607e-02 7.624234e-02 3.337925e-02 5.868255e-01 3.598056e-01 8.219691e-04
<VARIANCE> 39
 6.396881e+00 8.893355e+00 2.167918e+01 1.385840e+01 1.338257e+01 9.021201e+00 1.036830e+01 1.404605e+01 1.871247e+01 4.400051e+01 9.565108e+00 7.892555e+00 1.000000e-02 1.851130e-01 4.817360e-01 3.399473e-01 5.039940e-01 1.046950e+00 3.533796e-01 6.156931e-01 5.213640e-01 7.804651e-01 1.672629e+00 1.503363e+00 5.989239e-01 1.000000e-02 3.033215e-02 3.599917e-02 1.493039e-01 9.532994e-02 1.217351e-01 8.657890e-02 2.687896e-01 4.473251e-02 2.287075e-01 3.316224e-01 9.322637e-02 2.058337e-01 1.000000e-02
<GCONST> 5.569183e+01
<STATE> 9
<MEAN> 39
 -4.974112e+00 -1.447625e+01 -1.465907e+01 -2.295073e+01 -1.355261e+00 -7.799714e+00 -1.124225e+01 2.933961e+00 1.133583e+01 5.247595e+00 -7.332519e+00 -3.201593e+00 9.677867e-01 7.396148e-01 4.721334e-01 -4.349407e-02 -2.370983e-01 -1.639199e-01 1.615181e+00 -3.463779e-01 3.849643e-01 3.523195e-01 1.636352e+00 8.476086e-01 6.026436e-01 8.709357e-03 -2.248321e-02 1.711670e-01 5.633594e-03 2.651109e-01 4.649166e-03 -2.688832e-01 6.770917e-02 1.271673e-02 2.230110e-02 5.312534e-02 -4.535495e-02 5.491358e-02 -1.018521e-03
<VARIANCE> 39
 5.208133e+00 1.238221e+01 9.661834e+00 1.583440e+01 4.243780e+00 1.016132e+01 4.053877e+00 7.976397e+00 1.158131e+01 2.045155e+01 2.269899e+01 6.291740e+00 1.000000e-02 7.799417e-02 1.661672e-01 3.243762e-01 4.477161e-01 9.567376e-01 3.847257e-01 6.894458e-01 5.809574e-01 4.347035e-01 2.723509e-01 4.269796e-01 9.945422e-01 1.000000e-02 2.038969e-02 2.600885e-02 2.504821e-02 8.139011e-02 7.312506e-02 1.038219e-01 5.400865e-02 1.068865e-01 3.046949e-01 8.657646e-02 1.355275e-01 2.261276e-01 1.000000e-02
<GCONST> 4.265462e+01
<STATE> 10
<MEAN> 39
 -2.623945e+00 -1.382764e+01 -1.463463e+01 -2.201579e+01 -9.820737e-01 -6.805000e+00 -1.187615e+01 1.734099e+00 1.215806e+01 9.416923e+00 -5.877413e+00 -2.099411e+00 9.867857e-01 3.955354e-01 4.754578e-01 -2.698987e-02 -7.602656e-01 3.354258e-01 5.772059e-02 -4.389865e-01 -4.157322e-01 8.471186e-02 1.815127e+00 4.138503e-01 1.085410e-01 5.047703e-03 -1.174745e-01 -1.501600e-02 -2.709523e-02 -1.394154e-01 1.663985e-01 -4.229085e-01 2.896012e-02 -1.124137e-01 1.255265e-01 -1.533328e-01 -1.055794e-01 -1.260086e-01 -1.811634e-03
<VARIANCE> 39
 1.661796e+00 2.063532e+01 8.118711e+00 8.658869e+00 8.082326e+00 1.699390e+01 1.201859e+01 1.662205e+01 8.880433e+00 2.389067e+01 1.309148e+01 1.450151e+01 1.000000e-02 7.931072e-02 6.528756e-02 1.438294e-01 6.979527e-01 2.604171e-01 8.562140e-01 9.129290e-01 9.017543e-01 2.443036e+00 7.336060e-01 6.469404e-01 2.438542e+00 1.000000e-02 1.799260e-02 3.796629e-02 1.302384e-02 6.858199e-02 9.420533e-02 9.986789e-02 4.352479e-02 2.302409e-01 1.821316e-01 2.061846e-01 6.009140e-02 4.195220e-01 1.000000e-02
<GCONST> 4.771336e+01
<STATE> 11
<MEAN> 39
 -1.805788e+00 -1.129968e+01 -1.604132e+01 -2.545184e+01 -8.413695e-01 -6.144701e+00 -1.202695e+01 1.759445e+00 1.073453e+01 1.526015e+01 -2.567904e+00 -4.093850e+00 9.941654e-01 2.824898e-01 6.586799e-01 4.518196e-02 -2.324406e-01 8.940652e-02 -1.939030e-01 -4.487307e-01 -1.411249e-01 1.664288e-01 1.500128e-01 4.480383e-01 -2.647412e-01 -5.424908e-05 1.117529e-01 -1.126093e-01 2.351677e-01 3.590456e-01 -2.953002e-01 -3.437559e-02 -1.888703e-02 3.072754e-01 -2.414878e-01 -3.667994e-01 -6.383117e-02 2.564766e-01 -3.178455e-03
<VARIANCE> 39
 2.514968e+00 1.418984e+01 5.230945e+00 6.642197e+00 7.113673e+00 1.617139e+01 3.131923e+01 1.650637e+01 2.866349e+01 1.577019e+01 5.848106e+01 4.510771e+01 1.000000e-02 2.955719e-01 3.480988e-01 4.058407e-01 2.573094e-01 7.831763e-01 7.257049e-01 1.271381e+00 1.766626e+00 2.606184e+00 2.060799e+00 9.919637e-01 1.262501e+00 1.000000e-02 2.801370e-02 7.279650e-02 4.051585e-02 5.243480e-02 1.049421e-01 1.138851e-01 4.866065e-01 2.352587e-01 6.323628e-01 4.417148e-01 2.096040e-01 4.740199e-01 1.000000e-02
<GCONST> 6.505794e+01
<STATE> 12
<MEAN> 39
 -4.753202e-01 -9.918176e+00 -1.498313e+01 -2.345630e+01 -3.217594e+00 -6.618756e+00 -1.335794e+01 2.738890e+00 1.168382e+01 1.514492e+01 -1.687606e+00 -3.117391e+00 9.804159e-01 6.970951e-01 7.401240e-02 9.381763e-01 6.502261e-01 -6.883028e-01 -6.145285e-01 1.460371e-01 1.680043e-01 -3.467504e-01 -1.964418e-03 1.283677e-01 8.412479e-01 -7.160339e-03 1.283513e-01 -1.226806e-01 9.992927e-02 -7.754014e-02 4.401329e-02 -2.482521e-01 1.744539e-01 -1.296605e-01 -3.269468e-01 -1.741688e-01 9.575841e-02 2.392655e-01 -2.381736e-03
<VARIANCE> 39
 7.967905e+00 7.555649e+00 1.894367e+00 5.471387e+00 2.842236e+01 2.222508e+01 1.886091e+01 8.650795e+00 4.054367e+01 2.842222e+01 4.433766e+01 3.463290e+00 1.000000e-02 8.192270e-02 3.723784e-01 2.871906e-01 1.851677e-01 1.396925e+00 8.842059e-01 2.215717e+00 1.573092e+00 1.974403e+00 1.917448e+00 6.947064e-01 8.028519e-01 1.000000e-02 6.013297e-02 2.637039e-02 6.933915e-02 9.267965e-02 3.936784e-01 2.140452e-01 2.480827e-01 8.219879e-01 6.660120e-01 8.146868e-01 1.507592e-01 1.949322e-01 1.000000e-02
<GCONST> 6.401144e+01
<STATE> 13
<MEAN> 39
 1.174387e+00 -1.002180e+01 -1.204684e+01 -2.346913e+01 -3.408433e+00 -8.802981e+00 -1.304018e+01 3.340870e+00 9.696606e+00 1.493585e+01 -2.512687e+00 2.466379e-01 9.644120e-01 8.533991e-01 -1.596328e-01 8.940936e-01 -2.823653e-01 -2.665111e-01 -1.361832e+00 3.573509e-01 4.570816e-01 -1.430708e+00 -3.805252e-01 8.207598e-01 1.388010e+00 -1.265577e-02 8.083642e-02 -3.065040e-01 -2.537907e-01 1.379797e-02 -7.375579e-02 -1.804838e-02 3.217364e-02 3.180709e-02 -2.305022e-01 -4.560010e-01 2.630932e-01 1.420727e-01 -4.602096e-03
<VARIANCE> 39
 4.065171e+00 5.124038e+00 1.613122e+00 5.703897e+00 1.983036e+01 7.323821e+00 9.317028e+00 2.610980e+01 8.380097e+00 2.045229e+01 2.772943e+01 1.110710e+01 1.000000e-02 1.187563e-01 1.636750e-01 4.524425e-01 2.971954e-01 1.827314e+00 1.015854e+00 1.664610e+00 3.902568e+00 1.636638e+00 3.240747e+00 9.524418e-01 4.219802e-01 1.000000e-02 2.274231e-02 9.811776e-02 1.976386e-01 8.580429e-02 3.580452e-01 5.521061e-02 5.629539e-01 2.360293e-01 2.614598e-01 4.066679e-01 1.001925e-01 1.265951e-01 1.000000e-02
<GCONST> 5.903083e+01
<STATE> 14
<MEAN> 39
 2.672251e+00 -1.142326e+01 -1.051881e+01 -2.430426e+01 -3.086528e+00 -1.249348e+01 -1.184008e+01 4.639004e+00 5.306579e+00 1.127252e+01 1.988355e-02 3.468834e+00 9.122269e-01 1.351624e+00 -1.285128e+00 -6.806240e-01 9.332634e-01 -2.813313e-01 -6.151794e-01 2.142683e-01 -3.767252e-01 -1.121110e+00 -1.656727e+00 1.050428e+00 7.278465e-01 -2.780669e-02 2.791825e-01 -9.584410e-02 -5.834574e-01 5.859874e-01 -1.594345e-01 3.869304e-01 1.224035e-02 -5.065010e-01 2.702606e-01 -3.843021e-01 -6.632414e-02 -2.915661e-01 -4.853596e-03
<VARIANCE> 39
 5.432055e+00 9.565833e+00 5.746544e+00 1.387058e+00 2.402680e+01 4.823287e+00 9.131229e+00 4.740927e+01 1.204936e+01 8.383615e+00 3.954169e+01 8.554717e+00 1.000000e-02 3.932026e-01 4.709038e-01 1.077016e+00 7.559320e-01 1.570701e+00 9.989060e-01 2.993363e+00 1.378434e+00 1.219520e+00 1.709119e+00 1.061180e+00 1.937618e+00 1.000000e-02 2.096247e-02 1.254176e-01 1.815743e-01 1.039669e-01 4.491082e-01 1.763644e-01 2.062781e-01 7.400114e-01 4.257257e-01 2.246408e-01 1.251045e-01 3.670152e-01 1.000000e-02
<GCONST> 6.682679e+01
<STATE> 15
<MEAN> 39
 7.309873e+00 -1.475037e+01 -1.508720e+01 -1.956707e+01 -5.222733e+00 -1.215465e+01 -1.227318e+01 2.097817e-01 4.804494e+00 8.164896e+00 2.658947e+00 3.863863e+00 8.556182e-01 1.538750e+00 -2.812548e-01 -9.056092e-01 1.679425e+00 -7.527177e-01 -2.275560e-02 4.854796e-01 -1.271129e+00 -8.914591e-01 -2.427848e+00 4.429656e-01 3.309982e-01 -3.623244e-02 -3.379532e-01 4.598393e-01 4.870397e-01 6.906742e-02 2.116846e-02 1.154441e-02 3.052503e-01 -4.989903e-02 8.369272e-02 -2.931462e-01 -3.239298e-01 -3.111350e-01 -5.998397e-03
<VARIANCE> 39
 9.992859e+00 5.504371e+00 3.596865e+00 1.211252e+01 2.133772e+01 5.378953e+00 2.293726e+01 3.541580e+01 1.799646e+01 1.450177e+01 4.991732e+01 1.323290e+01 1.000000e-02 2.274049e-01 3.225097e-01 1.502699e+00 1.290403e+00 1.777888e+00 7.455973e-01 9.102860e-01 3.006012e+00 3.258877e+00 1.528799e+00 1.182506e+00 3.712061e+00 1.000000e-02 8.136032e-02 5.370977e-02 1.296196e-01 1.118701e-01 1.867253e-01 1.510398e-01 6.031738e-01 4.408180e-01 3.396542e-01 3.173051e-01 3.746453e-01 4.561517e-01 1.000000e-02
<GCONST> 7.301294e+01
<STATE> 16
<MEAN> 39
 9.349599e+00 -1.383533e+01 -1.459157e+01 -1.753312e+01 -6.207826e+00 -1.241058e+01 -1.001521e+01 -2.486210e+00 3.256346e+00 6.806793e-01 2.634496e+00 4.232615e+00 7.447823e-01 1.754800e-01 5.692536e-01 1.006269e+00 1.631343e+00 -3.463821e-01 -5.220647e-02 1.209793e+00 -6.787226e-01 -3.298230e-01 -2.440686e+00 -5.623326e-01 -1.012366e+00 -5.018379e-02 -4.246003e-01 1.059571e-01 3.672317e-01 1.822041e-01 3.128602e-01 1.062016e-01 2.525215e-01 2.883989e-01 1.463257e-01 5.925953e-01 -1.462522e-01 -5.810984e-01 -3.916642e-03
<VARIANCE> 39
 5.713690e+00 2.551597e+00 1.293552e+01 2.370891e+01 2.441592e+01 8.240591e+00 1.634660e+01 1.179893e+01 2.192235e+01 2.438662e+01 1.327168e+01 1.364947e+01 1.000000e-02 3.680268e-01 1.013938e-01 8.384874e-01 8.098059e-01 4.676238e-01 1.750509e+00 1.829012e+00 2.633767e+00 2.228026e+00 5.906074e-01 3.184886e+00 1.938256e+00 1.000000e-02 6.833541e-02 3.809039e-02 4.711691e-01 3.978492e-01 1.127442e-01 1.843219e-01 2.084343e-01 1.997467e-01 4.766287e-01 3.592750e-01 1.336485e-01 4.302112e-01 1.000000e-02
<GCONST> 6.880698e+01
<STATE> 17
<MEAN> 39
 7.860899e+00 -1.306325e+01 -1.170451e+01 -1.157141e+01 -5.763243e+00 -1.286080e+01 -5.660096e+00 -1.846744e+00 3.036638e+00 -1.259397e+00 4.477089e-01 1.402804e-01 6.410114e-01 -4.864334e-01 1.496180e-01 6.731214e-01 2.019705e+00 6.431741e-01 4.989874e-01 1.052538e+00 -2.473246e-01 4.266206e-01 -3.446356e-01 -2.043885e-01 -1.342708e+00 -5.559391e-02 -2.600383e-01 -1.097653e-01 -1.019074e-01 -2.128759e-01 4.973429e-01 1.841318e-01 -4.340309e-01 1.627444e-02 1.566797e-01 4.987078e-01 3.636210e-03 -6.779151e-02 -1.902191e-03
<VARIANCE> 39
 3.149621e+00 6.559504e+00 1.056110e+01 8.811794e+00 7.788735e+00 2.078232e+01 1.043355e+01 7.669240e+00 1.425398e+01 1.340697e+01 1.011472e+01 8.848373e+00 1.460741e-02 5.867916e-01 5.774981e-01 1.662812e+00 1.700576e+00 1.533332e+00 1.907205e+00 1.357894e+00 4.995609e-01 1.350728e+00 3.257206e+00 9.948215e-01 1.753394e+00 1.000000e-02 7.822414e-02 1.027160e-01 5.247946e-01 2.875187e-01 4.962352e-02 4.847939e-01 1.829359e-01 2.045969e-01 4.837576e-01 3.583554e-01 2.771554e-01 1.545158e-01 1.000000e-02
<GCONST> 6.906750e+01
<STATE> 18
<MEAN> 39
 6.506589e+00 -1.226974e+01 -1.057396e+01 -7.260334e+00 -1.821453e+00 -1.060143e+01 -5.694350e+00 -3.739955e+00 4.085422e+00 -1.101652e-01 5.395833e-01 -4.974078e+00 4.634521e-01 -9.229070e-01 5.525114e-02 1.370534e-02 5.777433e-01 7.174978e-01 -1.601537e-02 -1.991899e-01 -3.616305e-01 -5.107208e-01 5.066150e-02 2.569272e-01 -8.201743e-01 -4.684396e-02 -5.803834e-02 -1.152701e-02 -7.956122e-02 -4.705722e-01 -4.120889e-01 -1.347697e-01 -2.827767e-01 -4.632780e-02 -1.137913e-01 -2.194122e-02 1.950173e-01 5.814013e-01 5.364120e-03
<VARIANCE> 39
 4.711599e+00 9.819473e+00 3.158427e+00 6.390493e+00 1.358615e+01 1.014231e+01 1.665329e+01 1.264853e+01 1.461163e+01 2.094643e+01 1.806135e+01 1.227276e+01 1.000000e-02 1.315266e-01 1.106818e-01 2.103343e+00 1.768926e+00 1.537047e+00 1.744776e+00 9.452061e-01 1.492733e+00 1.013563e+00 1.351170e+00 1.221660e+00 2.250317e+00 1.000000e-02 1.209375e-02 1.304617e-01 1.468020e-01 2.047017e-01 1.635518e-01 3.925272e-01 4.215888e-01 8.737482e-02 1.935824e-01 5.044766e-01 3.507137e-01 2.903967e-01 1.000000e-02
<GCONST> 6.522836e+01
<STATE> 19
<MEAN> 39
 4.133872e+00 -1.270977e+01 -1.058602e+01 -7.112113e+00 -1.421559e+00 -1.073956e+01 -6.332743e+00 -4.826651e+00 2.474913e+00 -8.588453e-01 1.278328e+00 -4.456151e+00 3.883587e-01 -7.751460e-01 2.043038e-01 3.643707e-01 2.416686e-01 1.049794e-01 -7.733481e-02 -5.591991e-01 -2.565928e-01 6.286708e-01 1.015687e+00 4.895141e-01 2.663356e-01 -3.353833e-02 9.367646e-02 1.467726e-01 -7.651398e-02 -4.263377e-01 -2.652292e-01 -3.488280e-02 2.041795e-01 5.555964e-01 3.831838e-01 3.389282e-01 2.475121e-01 5.067601e-01 8.187601e-03
<VARIANCE> 39
 1.171583e+00 7.764081e+00 8.796309e+00 1.481796e+01 3.587704e+00 7.276451e+00 5.031640e+00 1.217826e+01 2.647178e+01 1.120372e+01 7.850251e+00 1.357353e+01 1.000000e-02 2.420560e-01 8.606415e-01 1.354752e+00 1.804755e+00 1.537319e+00 2.161258e+00 2.049537e+00 1.023296e+00 1.053304e+00 1.247283e+00 1.049248e+00 2.151777e+00 1.000000e-02 3.478936e-02 9.653891e-02 1.348196e-01 3.864759e-01 2.351032e-01 3.668070e-01 2.880412e-01 2.514910e-01 3.323259e-01 2.026130e-01 2.723805e-01 4.597913e-01 1.000000e-02
<GCONST> 6.653025e+01
<STATE> 20
<MEAN> 39
 2.340334e+00 -1.091305e+01 -9.135872e+00 -8.665937e+00 -2.295466e+00 -1.094077e+01 -7.013747e+00 -2.462728e+00 6.163477e+00 1.254763e+00 2.438994e+00 -2.221344e+00 3.254993e-01 -6.425532e-01 3.799206e-01 -2.336101e-01 -1.001392e+00 1.411715e-01 3.652321e-01 6.906866e-01 1.447370e+00 7.709766e-01 7.771901e-01 8.989428e-01 8.546215e-01 -2.084092e-02 8.660461e-02 -9.697754e-02 -1.922787e-01 6.883707e-02 1.333692e-01 7.644096e-02 2.200344e-01 -9.538916e-02 -2.495845e-01 -1.454284e-02 7.669011e-02 -1.674125e-01 2.062545e-03
<VARIANCE> 39
 5.639406e+00 8.338006e+00 1.606098e+01 5.989692e+00 1.091614e+01 2.288761e+01 1.189160e+01 1.819978e+01 2.113349e+01 2.015587e+01 2.864462e+01 9.183012e+00 1.420362e-02 2.669386e-01 4.116225e-01 3.535368e-01 8.864623e-01 6.329976e-01 2.187807e+00 1.230108e+00 7.820406e-01 2.286337e+00 1.295659e+00 2.649466e+00 1.581825e+00 1.000000e-02 4.661294e-02 7.342989e-02 1.886404e-01 2.600155e-01 1.768391e-01 5.789607e-01 3.587310e-01 2.640778e-01 3.712060e-01 3.117273e-01 5.280708e-01 2.361218e-01 1.000000e-02
<GCONST> 7.102496e+01
<STATE> 21
<MEAN> 39
 9.723608e-01 -1.139882e+01 -1.138617e+01 -1.028645e+01 -1.020080e+00 -9.115219e+00 -3.953576e+00 -1.398262e-01 6.886111e+00 4.922132e+00 6.708024e+00 5.372130e-02 2.631924e-01 -4.051704e-01 2.679663e-01 4.085315e-01 3.624031e-01 2.783322e-01 4.530262e-01 5.324949e-01 -5.648840e-01 -6.411307e-01 5.918655e-01 5.185879e-01 -3.968254e-01 -2.280475e-02 -1.142131e-02 1.853662e-02 5.002016e-01 6.226679e-01 -5.949983e-02 -1.483212e-02 -1.369570e-01 -5.116591e-01 -2.574828e-01 -5.942615e-01 -7.028903e-01 -5.257708e-01 -3.185242e-03
<VARIANCE> 39
 6.749968e+00 4.238549e+00 1.190722e+01 8.059917e+00 3.629773e+00 1.004504e+01 5.171171e+00 3.608435e+00 1.939577e+01 2.133879e+01 2.294078e+01 9.203286e+00 1.000000e-02 1.730749e-01 3.051718e-01 1.767000e+00 1.234104e+00 5.177769e-01 1.136055e+00 3.631366e-01 7.124671e-01 1.661543e+00 1.327939e+00 2.896290e+00 9.460247e-01 1.000000e-02 6.932168e-02 5.740962e-02 1.319404e-01 2.626889e-01 2.206312e-01 2.413437e-01 8.972903e-02 2.077748e-01 5.718209e-01 3.655653e-01 4.388999e-01 1.940999e-01 1.000000e-02
<GCONST> 6.160368e+01
<STATE> 22
<MEAN> 39
 6.144701e-01 -9.482985e+00 -7.891264e+00 -7.716244e+00 -1.851518e+00 -9.082952e+00 -4.018107e+00 -3.619137e+00 3.848629e+00 2.639877e+00 4.604125e+00 -2.802795e+00 2.170464e-01 -4.938350e-01 2.526347e-01 1.289422e+00 1.378950e+00 -3.394502e-01 -5.532537e-02 1.374595e-02 -3.540291e-01 -3.079529e-01 -1.292811e+00 -9.544249e-01 -3.412929e-01 -2.403216e-02 -6.792683e-02 -1.718931e-01 -1.897936e-01 -2.096760e-01 -1.476892e-01 -2.025555e-01 -1.288453e-01 3.741956e-01 4.370745e-01 2.799110e-01 2.162295e-01 2.674828e-01 1.123818e-03
<VARIANCE> 39
 6.740872e+00 2.242739e+00 1.159406e+01 1.531509e+01 1.476441e+01 6.461360e+00 3.482987e+00 5.821100e+00 7.021347e+00 1.451350e+01 3.182891e+00 6.748376e+00 1.271647e-02 8.813206e-01 6.359867e-01 2.300904e+00 1.536541e+00 9.471327e-01 8.813964e-01 4.182336e-01 1.067192e+00 1.944075e+00 2.011631e+00 1.203106e+00 1.284896e+00 1.000000e-02 1.047755e-01 3.550499e-02 5.189164e-01 6.662183e-01 2.190884e-01 1.217876e-01 7.900535e-02 1.403388e-01 1.783513e-01 4.177952e-01 2.480220e-01 1.080949e-01 1.000000e-02
<GCONST> 6.175417e+01
<STATE> 23
<MEAN> 39
 -2.052378e+00 -1.071898e+01 -6.257080e+00 -4.828721e+00 -1.761711e+00 -9.214892e+00 -3.820210e+00 -1.582551e+00 7.052785e+00 2.065098e+00 3.287466e+00 -2.873896e+00 1.477251e-01 -5.418904e-01 -2.981302e-02 1.777534e-01 -2.561559e-01 -3.113084e-01 -4.082254e-01 2.535812e-01 7.810022e-01 1.187535e+00 7.047760e-01 3.708962e-01 2.331846e-01 -1.886191e-02 6.497516e-02 1.852956e-01 -2.475357e-02 -2.873237e-01 9.242747e-02 1.031174e-01 1.627251e-01 1.003302e-01 -2.469993e-01 -9.052929e-02 8.604549e-02 1.950757e-01 1.059474e-03
<VARIANCE> 39
 8.969690e+00 5.564675e+00 1.396182e+01 6.499128e-01 9.384151e+00 1.106248e+01 1.751122e+01 6.721812e+00 1.426213e+01 1.883026e+01 8.542597e+00 1.069950e+01 1.616727e-02 5.793954e-01 5.350317e-01 1.031715e+00 1.967754e+00 8.884471e-01 1.508276e+00 1.061468e+00 7.192907e-01 9.085129e-01 1.797529e+00 9.870889e-01 1.458773e+00 1.000000e-02 1.502849e-01 1.258497e-01 4.509433e-01 1.649161e-01 8.161687e-02 1.582836e-01 1.003236e-01 1.875045e-01 2.520878e-01 9.435282e-01 3.413619e-01 2.536685e-01 1.000000e-02
<GCONST> 6.562007e+01
<STATE> 24
<MEAN> 39
 -1.364743e+00 -9.180859e+00 -6.115676e+00 -8.270492e+00 -3.419971e+00 -1.033773e+01 -3.110446e+00 -6.286337e-01 5.632843e+00 3.099202e+00 4.945565e+00 -2.531649e+00 1.391431e-01 -9.359737e-01 1.777559e-01 5.081894e-01 7.102883e-01 6.106879e-01 1.114301e+00 9.182774e-01 -1.478952e-02 -6.038907e-01 -5.948425e-01 -2.486842e-01 2.166484e-01 -4.231681e-02 -2.485561e-01 -1.176141e-02 2.649766e-01 5.661201e-01 4.114242e-01 4.150476e-01 1.779004e-01 -2.575288e-01 -3.078636e-01 -1.908027e-01 -1.389344e-01 -1.257464e-02 -1.104402e-02
<VARIANCE> 39
 4.425618e+00 5.757697e+00 8.687140e+00 5.960304e+00 1.011979e+01 8.611620e+00 1.002450e+01 1.058711e+01 1.335370e+01 2.403591e+01 1.662819e+01 1.326474e+01 1.000000e-02 8.528306e-01 6.382060e-01 8.937595e-01 1.331579e+00 7.271118e-01 6.424029e-01 8.888528e-01 5.519219e-01 8.722202e-01 4.098893e+00 2.086133e+00 1.055944e+00 1.000000e-02 4.986294e-02 7.339228e-02 1.062888e-01 1.817667e-01 9.258700e-02 1.795753e-01 1.443367e-01 1.679274e-01 2.208142e-01 4.579901e-01 3.313389e-01 1.934472e-01 1.000000e-02
<GCONST> 6.309019e+01
<STATE> 25
<MEAN> 39
 -5.407763e+00 -9.640427e+00 -4.726128e+00 -2.528336e+00 1.036559e+00 -6.040730e+00 -4.280333e-01 -1.890005e+00 4.503307e+00 4.089209e-01 3.011228e+00 -1.203113e+00 -3.786751e-05 -8.765565e-01 8.930400e-02 8.467046e-01 8.170480e-01 6.217901e-01 5.551143e-01 5.226327e-01 -1.731632e-01 -6.211957e-01 -1.681882e-02 -4.458049e-02 -1.873962e-01 -3.865558e-02 3.269613e-01 -7.158779e-02 -2.097022e-01 -5.380128e-01 -3.566708e-01 -4.234868e-01 -4.236925e-01 -6.070212e-02 1.912805e-02 2.474960e-01 1.676754e-01 -2.570629e-01 1.160404e-02
<VARIANCE> 39
 1.097398e+00 1.061795e+00 4.995347e+00 6.937903e+00 7.764116e+00 1.525618e+01 2.031487e+01 2.251599e+00 9.474438e+00 1.839882e+01 1.630356e+01 1.423454e+01 1.000000e-02 5.141295e-01 1.720475e-01 2.893557e-01 1.121539e+00 8.486440e-01 9.148672e-01 5.734497e-01 6.382784e-01 4.387540e-01 1.281737e+00 1.377165e+00 7.341012e-01 1.000000e-02 6.034179e-02 6.801942e-02 6.232201e-02 1.259415e-01 1.329454e-01 1.731157e-01 1.717211e-01 3.686978e-02 1.202545e-01 4.648136e-01 3.984149e-01 1.902865e-01 1.000000e-02
<GCONST> 5.075134e+01
<TRANSP> 26
 0.000000e+00 1.000000e+00 0.000000e+00 0.000000e+00 0.000000e+00 0.000000e+00 0.000000e+00 0.000000e+00 0.000000e+00 0.000000e+00 0.000000e+00 0.000000e+00 0.000000e+00 0.000000e+00 0.000000e+00 0.000000e+00 0.000000e+00 0.000000e+00 0.000000e+00 0.000000e+00 0.000000e+00 0.000000e+00 0.000000e+00 0.000000e+00 0.000000e+00 0.000000e+00
 0.000000e+00 6.153846e-01 3.846154e-01 0.000000e+00 0.000000e+00 0.000000e+00 0.000000e+00 0.000000e+00 0.000000e+00 0.000000e+00 0.000000e+00 0.000000e+00 0.000000e+00 0.000000e+00 0.000000e+00 0.000000e+00 0.000000e+00 0.000000e+00 0.000000e+00 0.000000e+00 0.000000e+00 0.000000e+00 0.000000e+00 0.000000e+00 0.000000e+00 0.000000e+00
 0.000000e+00 0.000000e+00 5.833333e-01 4.166667e-01 0.000000e+00 0.000000e+00 0.000000e+00 0.000000e+00 0.000000e+00 0.000000e+00 0.000000e+00 0.000000e+00 0.000000e+00 0.000000e+00 0.000000e+00 0.000000e+00 0.000000e+00 0.000000e+00 0.000000e+00 0.000000e+00 0.000000e+00 0.000000e+00 0.000000e+00 0.000000e+00 0.000000e+00 0.000000e+00
 0.000000e+00 0.000000e+00 0.000000e+00 5.833333e-01 4.166667e-01 0.000000e+00 0.000000e+00 0.000000e+00 0.000000e+00 0.000000e+00 0.000000e+00 0.000000e+00 0.000000e+00 0.000000e+00 0.000000e+00 0.000000e+00 0.000000e+00 0.000000e+00 0.000000e+00 0.000000e+00 0.000000e+00 0.000000e+00 0.000000e+00 0.000000e+00 0.000000e+00 0.000000e+00
 0.000000e+00 0.000000e+00 0.000000e+00 0.000000e+00 5.454546e-01 4.545455e-01 0.000000e+00 0.000000e+00 0.000000e+00 0.000000e+00 0.000000e+00 0.000000e+00 0.000000e+00 0.000000e+00 0.000000e+00 0.000000e+00 0.000000e+00 0.000000e+00 0.000000e+00 0.000000e+00 0.000000e+00 0.000000e+00 0.000000e+00 0.000000e+00 0.000000e+00 0.000000e+00
 0.000000e+00 0.000000e+00 0.000000e+00 0.000000e+00 0.000000e+00 5.000000e-01 5.000000e-01 0.000000e+00 0.000000e+00 0.000000e+00 0.000000e+00 0.000000e+00 0.000000e+00 0.000000e+00 0.000000e+00 0.000000e+00 0.000000e+00 0.000000e+00 0.000000e+00 0.000000e+00 0.000000e+00 0.000000e+00 0.000000e+00 0.000000e+00 0.000000e+00 0.000000e+00
 0.000000e+00 0.000000e+00 0.000000e+00 0.000000e+00 0.000000e+00 0.000000e+00 5.000000e-01 5.000000e-01 0.000000e+00 0.000000e+00 0.000000e+00 0.000000e+00 0.000000e+00 0.000000e+00 0.000000e+00 0.000000e+00 0.000000e+00 0.000000e+00 0.000000e+00 0.000000e+00 0.000000e+00 0.000000e+00 0.000000e+00 0.000000e+00 0.000000e+00 0.000000e+00
 0.000000e+00 0.000000e+00 0.000000e+00 0.000000e+00 0.000000e+00 0.000000e+00 0.000000e+00 6.428571e-01 3.571429e-01 0.000000e+00 0.000000e+00 0.000000e+00 0.000000e+00 0.000000e+00 0.000000e+00 0.000000e+00 0.000000e+00 0.000000e+00 0.000000e+00 0.000000e+00 0.000000e+00 0.000000e+00 0.000000e+00 0.000000e+00 0.000000e+00 0.000000e+00
 0.000000e+00 0.000000e+00 0.000000e+00 0.000000e+00 0.000000e+00 0.000000e+00 0.000000e+00 0.000000e+00 5.833333e-01 4.166667e-01 0.000000e+00 0.000000e+00 0.000000e+00 0.000000e+00 0.000000e+00 0.000000e+00 0.000000e+00 0.000000e+00 0.000000e+00 0.000000e+00 0.000000e+00 0.000000e+00 0.000000e+00 0.000000e+00 0.000000e+00 0.000000e+00
 0.000000e+00 0.000000e+00 0.000000e+00 0.000000e+00 0.000000e+00 0.000000e+00 0.000000e+00 0.000000e+00 0.000000e+00 6.666667e-01 3.333333e-01 0.000000e+00 0.000000e+00 0.000000e+00 0.000000e+00 0.000000e+00 0.000000e+00 0.000000e+00 0.000000e+00 0.000000e+00 0.000000e+00 0.000000e+00 0.000000e+00 0.000000e+00 0.000000e+00 0.000000e+00
 0.000000e+00 0.000000e+00 0.000000e+00 0.000000e+00 0.000000e+00 0.000000e+00 0.000000e+00 0.000000e+00 0.000000e+00 0.000000e+00 6.153846e-01 3.846154e-01 0.000000e+00 0.000000e+00 0.000000e+00 0.000000e+00 0.000000e+00 0.000000e+00 0.000000e+00 0.000000e+00 0.000000e+00 0.000000e+00 0.000000e+00 0.000000e+00 0.000000e+00 0.000000e+00
 0.000000e+00 0.000000e+00 0.000000e+00 0.000000e+00 0.000000e+00 0.000000e+00 0.000000e+00 0.000000e+00 0.000000e+00 0.000000e+00 0.000000e+00 5.454546e-01 4.545455e-01 0.000000e+00 0.000000e+00 0.000000e+00 0.000000e+00 0.000000e+00 0.000000e+00 0.000000e+00 0.000000e+00 0.000000e+00 0.000000e+00 0.000000e+00 0.000000e+00 0.000000e+00
 0.000000e+00 0.000000e+00 0.000000e+00 0.000000e+00 0.000000e+00 0.000000e+00 0.000000e+00 0.000000e+00 0.000000e+00 0.000000e+00 0.000000e+00 0.000000e+00 5.000000e-01 5.000000e-01 0.000000e+00 0.000000e+00 0.000000e+00 0.000000e+00 0.000000e+00 0.000000e+00 0.000000e+00 0.000000e+00 0.000000e+00 0.000000e+00 0.000000e+00 0.000000e+00
 0.000000e+00 0.000000e+00 0.000000e+00 0.000000e+00 0.000000e+00 0.000000e+00 0.000000e+00 0.000000e+00 0.000000e+00 0.000000e+00 0.000000e+00 0.000000e+00 0.000000e+00 5.454546e-01 4.545455e-01 0.000000e+00 0.000000e+00 0.000000e+00 0.000000e+00 0.000000e+00 0.000000e+00 0.000000e+00 0.000000e+00 0.000000e+00 0.000000e+00 0.000000e+00
 0.000000e+00 0.000000e+00 0.000000e+00 0.000000e+00 0.000000e+00 0.000000e+00 0.000000e+00 0.000000e+00 0.000000e+00 0.000000e+00 0.000000e+00 0.000000e+00 0.000000e+00 0.000000e+00 5.454546e-01 4.545455e-01 0.000000e+00 0.000000e+00 0.000000e+00 0.000000e+00 0.000000e+00 0.000000e+00 0.000000e+00 0.000000e+00 0.000000e+00 0.000000e+00
 0.000000e+00 0.000000e+00 0.000000e+00 0.000000e+00 0.000000e+00 0.000000e+00 0.000000e+00 0.000000e+00 0.000000e+00 0.000000e+00 0.000000e+00 0.000000e+00 0.000000e+00 0.000000e+00 0.000000e+00 5.454546e-01 4.545455e-01 0.000000e+00 0.000000e+00 0.000000e+00 0.000000e+00 0.000000e+00 0.000000e+00 0.000000e+00 0.000000e+00 0.000000e+00
 0.000000e+00 0.000000e+00 0.000000e+00 0.000000e+00 0.000000e+00 0.000000e+00 0.000000e+00 0.000000e+00 0.000000e+00 0.000000e+00 0.000000e+00 0.000000e+00 0.000000e+00 0.000000e+00 0.000000e+00 0.000000e+00 6.428571e-01 3.571429e-01 0.000000e+00 0.000000e+00 0.000000e+00 0.000000e+00 0.000000e+00 0.000000e+00 0.000000e+00 0.000000e+00
 0.000000e+00 0.000000e+00 0.000000e+00 0.000000e+00 0.000000e+00 0.000000e+00 0.000000e+00 0.000000e+00 0.000000e+00 0.000000e+00 0.000000e+00 0.000000e+00 0.000000e+00 0.000000e+00 0.000000e+00 0.000000e+00 0.000000e+00 5.454546e-01 4.545455e-01 0.000000e+00 0.000000e+00 0.000000e+00 0.000000e+00 0.000000e+00 0.000000e+00 0.000000e+00
 0.000000e+00 0.000000e+00 0.000000e+00 0.000000e+00 0.000000e+00 0.000000e+00 0.000000e+00 0.000000e+00 0.000000e+00 0.000000e+00 0.000000e+00 0.000000e+00 0.000000e+00 0.000000e+00 0.000000e+00 0.000000e+00 0.000000e+00 0.000000e+00 5.833333e-01 4.166667e-01 0.000000e+00 0.000000e+00 0.000000e+00 0.000000e+00 0.000000e+00 0.000000e+00
 0.000000e+00 0.000000e+00 0.000000e+00 0.000000e+00 0.000000e+00 0.000000e+00 0.000000e+00 0.000000e+00 0.000000e+00 0.000000e+00 0.000000e+00 0.000000e+00 0.000000e+00 0.000000e+00 0.000000e+00 0.000000e+00 0.000000e+00 0.000000e+00 0.000000e+00 6.153846e-01 3.846154e-01 0.000000e+00 0.000000e+00 0.000000e+00 0.000000e+00 0.000000e+00
 0.000000e+00 0.000000e+00 0.000000e+00 0.000000e+00 0.000000e+00 0.000000e+00 0.000000e+00 0.000000e+00 0.000000e+00 0.000000e+00 0.000000e+00 0.000000e+00 0.000000e+00 0.000000e+00 0.000000e+00 0.000000e+00 0.000000e+00 0.000000e+00 0.000000e+00 0.000000e+00 5.454546e-01 4.545455e-01 0.000000e+00 0.000000e+00 0.000000e+00 0.000000e+00
 0.000000e+00 0.000000e+00 0.000000e+00 0.000000e+00 0.000000e+00 0.000000e+00 0.000000e+00 0.000000e+00 0.000000e+00 0.000000e+00 0.000000e+00 0.000000e+00 0.000000e+00 0.000000e+00 0.000000e+00 0.000000e+00 0.000000e+00 0.000000e+00 0.000000e+00 0.000000e+00 0.000000e+00 5.454546e-01 4.545455e-01 0.000000e+00 0.000000e+00 0.000000e+00
 0.000000e+00 0.000000e+00 0.000000e+00 0.000000e+00 0.000000e+00 0.000000e+00 0.000000e+00 0.000000e+00 0.000000e+00 0.000000e+00 0.000000e+00 0.000000e+00 0.000000e+00 0.000000e+00 0.000000e+00 0.000000e+00 0.000000e+00 0.000000e+00 0.000000e+00 0.000000e+00 0.000000e+00 0.000000e+00 5.000000e-01 5.000000e-01 0.000000e+00 0.000000e+00
 0.000000e+00 0.000000e+00 0.000000e+00 0.000000e+00 0.000000e+00 0.000000e+00 0.000000e+00 0.000000e+00 0.000000e+00 0.000000e+00 0.000000e+00 0.000000e+00 0.000000e+00 0.000000e+00 0.000000e+00 0.000000e+00 0.000000e+00 0.000000e+00 0.000000e+00 0.000000e+00 0.000000e+00 0.000000e+00 0.000000e+00 5.833333e-01 4.166667e-01 0.000000e+00
 0.000000e+00 0.000000e+00 0.000000e+00 0.000000e+00 0.000000e+00 0.000000e+00 0.000000e+00 0.000000e+00 0.000000e+00 0.000000e+00 0.000000e+00 0.000000e+00 0.000000e+00 0.000000e+00 0.000000e+00 0.000000e+00 0.000000e+00 0.000000e+00 0.000000e+00 0.000000e+00 0.000000e+00 0.000000e+00 0.000000e+00 0.000000e+00 5.000000e-01 5.000000e-01
 0.000000e+00 0.000000e+00 0.000000e+00 0.000000e+00 0.000000e+00 0.000000e+00 0.000000e+00 0.000000e+00 0.000000e+00 0.000000e+00 0.000000e+00 0.000000e+00 0.000000e+00 0.000000e+00 0.000000e+00 0.000000e+00 0.000000e+00 0.000000e+00 0.000000e+00 0.000000e+00 0.000000e+00 0.000000e+00 0.000000e+00 0.000000e+00 0.000000e+00 0.000000e+00
<ENDHMM>
