~o
<STREAMINFO> 1 39
<VECSIZE> 39<NULLD><MFCC_E_D_A><DIAGC>
~h "Lui"
<BEGINHMM>
<NUMSTATES> 37
<STATE> 2
<MEAN> 39
 -7.145429e+00 -8.356803e+00 -2.227105e-01 2.727649e-01 1.293546e+00 -3.989832e+00 3.175513e+00 -5.514963e-01 8.233804e-01 -1.105399e+00 3.938369e+00 -8.563510e-01 -5.240734e-02 1.571636e-01 -1.283064e-03 -4.927187e-02 1.515370e-01 -6.168634e-01 1.462374e-02 7.313666e-02 -4.020993e-01 -1.872621e-01 4.942590e-01 3.063140e-01 -9.402910e-02 9.940114e-03 7.249582e-01 -1.615123e-02 -7.279252e-01 -8.478001e-01 -4.281355e-01 -5.581970e-01 -6.000127e-01 -3.037308e-01 3.950469e-01 -3.412901e-02 -5.208772e-01 -5.294431e-01 3.063971e-02
<VARIANCE> 39
 3.962721e+00 1.817962e+00 2.658295e+00 5.200300e+00 1.355856e+01 1.143979e+01 8.986052e+00 7.941338e+00 6.478283e+00 5.888753e+00 1.221748e+01 6.497501e+00 1.000469e-02 1.927154e-01 2.317208e-01 4.292550e-01 7.174278e-01 4.608794e-01 2.683844e+00 6.627048e-01 1.083956e+00 9.876817e-01 1.224950e+00 5.857009e-01 6.728657e-01 1.000000e-02 8.482282e-02 4.601320e-02 3.227821e-01 2.747718e-01 2.357969e-01 2.992504e-01 1.558449e-01 1.669320e-01 1.110718e-01 6.405725e-02 3.342941e-01 1.505973e-01 1.000000e-02
<GCONST> 5.244213e+01
<STATE> 3
<MEAN> 39
 -6.108310e+00 -8.191539e+00 -4.998581e-02 -4.050197e-01 3.890615e-01 -3.775973e+00 2.228015e+00 -1.413884e+00 -9.719179e-02 -3.814180e+00 2.524957e+00 -1.687456e+00 -4.251292e-02 2.467610e+00 1.193777e-01 -2.590926e+00 -2.758818e+00 -1.452173e+00 -1.964502e+00 -1.904346e+00 -8.297217e-01 1.229120e+00 2.704776e-01 -1.362757e+00 -1.461276e+00 1.119381e-01 9.040757e-01 -8.374659e-03 -1.388880e+00 -6.536379e-01 -3.597849e-01 -9.629525e-01 -8.613796e-01 -4.117357e-01 6.898143e-01 4.309986e-02 -4.289769e-01 -6.075625e-01 4.680198e-02
<VARIANCE> 39
 2.561373e+00 1.096073e+00 4.993026e-01 4.781977e+00 2.237520e+00 1.376021e+01 1.023725e+01 1.830853e+01 5.860021e+00 4.787165e+00 5.585828e+00 1.009989e+01 1.000000e-02 1.066808e+00 3.824814e-01 2.612395e+00 1.517085e+00 8.764092e-01 1.075028e+00 1.051458e+00 9.405606e-01 6.577210e-01 3.370763e-01 1.265601e+00 1.185988e+00 1.000000e-02 5.987246e-02 1.378570e-02 1.434122e-01 2.112899e-01 6.851976e-02 3.937450e-01 9.908891e-02 6.544350e-01 6.803951e-02 1.495080e-01 2.107582e-01 1.603747e-01 1.000000e-02
<GCONST> 5.018138e+01
<STATE> 4
<MEAN> 39
 -1.451580e+00 -7.758545e+00 -6.165644e+00 -8.153531e+00 -2.930387e+00 -8.599584e+00 -2.572528e+00 -3.250800e+00 3.678061e+00 -6.130070e-01 1.735723e-01 -4.658319e+00 2.263197e-01 3.526062e+00 3.004767e-02 -4.352134e+00 -2.400514e+00 -1.644765e+00 -3.049012e+00 -2.937019e+00 -1.429988e+00 1.946049e+00 4.651296e-01 -1.772599e+00 -2.028421e+00 1.714916e-01 -7.096104e-03 9.019028e-02 -4.163332e-01 7.976710e-01 -2.062802e-01 -4.767124e-02 -1.973056e-01 -1.841510e-01 7.268544e-02 -3.458223e-01 3.707765e-01 4.846490e-02 1.394298e-02
<VARIANCE> 39
 8.173495e+00 9.281282e-01 1.891344e+01 1.664411e+01 3.777913e+00 7.463549e+00 8.499688e+00 3.297975e+00 2.040862e+01 9.086875e+00 8.607374e+00 6.056493e+00 1.758966e-02 1.810052e-01 1.518426e-01 1.627266e+00 2.257078e+00 1.034411e+00 1.572229e+00 6.334288e-01 9.205148e-01 1.284479e+00 1.425852e+00 1.438207e+00 6.706389e-01 1.000000e-02 2.310884e-01 1.738033e-02 2.206968e-01 9.972181e-02 1.883645e-01 1.941757e-01 4.982963e-02 9.756773e-01 4.372796e-01 3.258235e-01 3.541348e-01 5.830419e-02 1.000000e-02
<GCONST> 5.878189e+01
<STATE> 5
<MEAN> 39
 5.811375e+00 -8.915891e+00 -1.554067e+01 -1.127117e+01 -5.674291e+00 -1.508360e+01 -7.989557e+00 -5.944010e+00 7.039855e+00 9.612892e-01 -3.778422e+00 -8.763409e+00 5.273098e-01 2.444263e+00 2.462367e-01 -4.117604e+00 -3.847951e-01 -1.749627e+00 -2.462938e+00 -2.636908e+00 -1.740136e+00 1.663040e+00 -3.035413e-01 -6.100246e-02 -1.689666e+00 1.530452e-01 -1.035152e+00 2.009046e-01 8.433172e-01 1.198689e+00 1.255211e-01 1.051599e+00 4.203011e-01 8.892144e-02 1.078661e-01 -2.063895e-01 8.711869e-01 7.590816e-01 -1.953778e-02
<VARIANCE> 39
 1.824170e+00 4.039287e+00 6.744138e+00 1.227436e+01 9.663114e+00 4.747880e+00 6.417843e+00 1.826831e+00 1.134107e+01 8.874233e+00 7.113355e+00 2.294491e+00 1.000000e-02 1.008674e+00 3.316491e-01 2.005236e+00 1.714091e+00 8.446203e-01 1.669087e+00 9.166955e-01 7.286859e+00 1.835497e+00 5.380456e+00 2.484518e+00 7.116507e-01 1.000000e-02 1.260792e-01 1.010206e-01 2.098034e-01 1.465126e-01 3.509288e-01 1.886294e-01 4.211262e-02 2.487848e-01 2.532906e-01 4.530919e-01 2.410708e-01 1.234985e-01 1.000000e-02
<GCONST> 6.241065e+01
<STATE> 6
<MEAN> 39
 6.368843e+00 -6.756992e+00 -1.791078e+01 -6.818906e+00 -6.755912e+00 -1.624165e+01 -7.526322e+00 -1.091114e+01 6.763792e+00 -4.446454e+00 1.783562e+00 -8.885987e+00 6.497699e-01 1.508333e-01 5.586797e-01 -1.810568e+00 9.677783e-01 -1.779309e+00 2.664490e-01 -1.635067e+00 -1.347381e+00 1.254952e+00 1.634718e-01 9.772590e-01 3.680561e-01 8.879600e-02 -1.086842e+00 -2.640194e-01 7.002574e-01 -1.310649e-01 2.046867e-01 9.584436e-01 4.477733e-01 1.016991e+00 9.314194e-04 1.128108e+00 -2.297049e-01 1.018170e+00 -2.283770e-02
<VARIANCE> 39
 2.983299e+00 7.728390e+00 1.421989e+01 6.030037e+00 6.620050e+00 3.843483e+00 4.213850e+01 5.952574e+01 1.393538e+01 2.308440e+01 3.035509e+01 5.662414e+00 1.000000e-02 9.197654e-01 6.240506e-01 1.305787e+00 1.167205e+00 2.214518e+00 1.628460e+00 1.191393e+00 5.139284e+00 2.677032e+00 5.051471e+00 3.730298e+00 9.142478e-01 1.000000e-02 1.427889e-01 3.926988e-02 3.952792e-01 2.216093e-01 1.991089e-01 3.999658e-01 5.012625e-01 1.063957e+00 6.782535e-01 4.084695e-01 5.146742e-01 3.466378e-01 1.000000e-02
<GCONST> 8.044261e+01
<STATE> 7
<MEAN> 39
 4.254428e+00 -5.514227e+00 -1.881386e+01 -4.718837e+00 -1.042631e+01 -1.140576e+01 -1.200072e+01 -8.132479e+00 1.299275e+01 -1.981832e+00 7.333273e-01 -6.640023e+00 7.497337e-01 -1.416960e+00 -4.328141e-01 -8.424216e-01 -4.355260e-01 -1.059154e+00 1.111112e+00 -8.673188e-01 1.243556e+00 2.507984e+00 2.221449e+00 -4.803649e-01 2.261996e+00 8.252928e-02 -5.050132e-01 -7.075484e-01 5.318007e-01 -1.042658e+00 7.619938e-01 2.084805e-01 4.980424e-01 5.115721e-01 -5.779315e-01 9.581520e-01 -3.222572e-01 4.744144e-01 -1.409564e-02
<VARIANCE> 39
 1.201102e+01 1.094344e+00 1.512818e+00 3.472498e+01 8.470937e+00 9.618837e+00 1.090909e+01 3.681639e+01 3.404356e+01 2.873433e+01 5.256647e+01 1.461187e+01 1.000000e-02 1.142135e+00 7.279352e-01 1.711943e+00 1.625056e+00 8.786079e-01 2.795100e+00 2.162528e+00 2.494072e+00 3.977512e+00 2.819645e+00 2.333991e+00 1.109279e+00 1.000000e-02 2.890439e-01 1.269001e-01 5.197638e-01 7.779145e-01 3.903900e-01 3.405824e-01 7.049909e-01 7.263765e-01 4.564634e-01 6.011969e-01 7.643668e-01 5.880866e-01 1.000000e-02
<GCONST> 8.612470e+01
<STATE> 8
<MEAN> 39
 1.390526e+00 -7.751606e+00 -2.163720e+01 -8.730852e+00 -1.141622e+01 -1.393176e+01 -1.090614e+01 -7.609100e+00 1.335963e+01 4.157768e+00 -1.227748e+00 -3.182039e+00 8.842582e-01 -1.227612e+00 -1.282317e+00 -1.236569e+00 -2.258775e+00 7.815162e-01 5.651103e-02 1.205237e-01 5.953279e-01 6.467254e-01 3.360931e+00 -8.398918e-01 1.364526e+00 6.030405e-02 3.540202e-01 -2.875566e-01 4.923750e-01 -5.870727e-01 9.066157e-01 2.043585e-01 9.054909e-02 -2.086352e-01 -1.072462e+00 -1.373547e-01 2.351514e-01 -2.148288e-01 -1.562130e-02
<VARIANCE> 39
 1.897508e+01 3.745005e+00 3.728180e+01 1.442688e+01 9.085435e+00 1.811334e+01 1.901753e+01 1.422537e+01 3.611983e+01 3.493668e+00 2.204019e+01 1.131406e+01 1.000000e-02 8.467655e-01 9.645116e-01 2.757500e+00 4.956056e+00 1.288664e+00 3.213920e+00 4.541298e+00 2.505061e+00 1.385761e+00 1.534000e+00 1.528247e+00 2.802825e+00 1.000000e-02 1.022741e-01 6.594429e-02 2.405059e-01 4.700954e-01 3.639922e-01 1.527272e-01 1.920742e-01 1.341595e-01 4.756234e-01 2.526512e-01 5.465170e-01 6.200646e-01 1.000000e-02
<GCONST> 8.101903e+01
<STATE> 9
<MEAN> 39
 2.587476e+00 -1.101892e+01 -2.331439e+01 -1.261796e+01 -8.304379e+00 -1.041129e+01 -1.282824e+01 -5.422818e+00 1.173364e+01 1.059899e+01 -1.249008e+00 -1.917220e+00 9.428788e-01 -1.519245e-01 -1.217660e+00 3.378162e-02 -1.837811e+00 1.253105e+00 1.406859e+00 -6.417760e-01 6.579158e-01 -1.714793e+00 2.340877e+00 4.643011e-01 1.173767e+00 3.286785e-02 3.170289e-01 2.684391e-01 6.860172e-01 -2.206796e-01 2.517523e-01 1.612991e-01 6.187554e-02 -1.807287e-01 -8.904023e-01 -6.329436e-01 8.082452e-01 -2.996525e-01 -1.386158e-02
<VARIANCE> 39
 2.870716e+01 9.830086e+00 3.938255e+01 1.560927e+01 6.530974e+00 3.507061e+01 4.826656e+01 4.628291e+01 1.297183e+01 3.312129e+01 1.477831e+01 1.887936e+01 1.000000e-02 4.303143e-01 1.200488e+00 1.703444e+00 3.566404e+00 1.027810e+00 4.464351e-01 1.020372e+00 1.466464e+00 1.560956e-01 3.896357e+00 2.713253e+00 3.966927e+00 1.000000e-02 1.584273e-01 2.378361e-01 3.913178e-01 2.423303e-01 5.968181e-02 4.338349e-01 5.587869e-01 3.477594e-01 3.462282e-01 2.934393e-01 4.404486e-01 5.885124e-01 1.000000e-02
<GCONST> 8.284846e+01
<STATE> 10
<MEAN> 39
 1.509610e-01 -1.240663e+01 -1.898600e+01 -1.559206e+01 -5.812529e+00 -1.009954e+01 -1.258073e+01 -5.768374e+00 9.712852e+00 9.761914e+00 -2.124733e+00 -6.056542e-01 9.677373e-01 3.492725e-01 -7.961971e-01 1.097621e+00 -2.936279e+00 1.628233e+00 1.933099e+00 -8.052621e-01 -2.136351e-01 -2.708155e+00 1.158219e+00 1.590892e+00 4.551785e-01 1.426652e-02 2.873531e-01 4.367782e-01 4.230928e-01 7.881252e-02 -1.522124e-01 3.384958e-01 1.179621e-03 4.886945e-01 -2.395161e-01 -1.577290e-01 2.268025e-01 -3.340374e-02 -9.924717e-03
<VARIANCE> 39
 2.647334e+01 4.294986e+00 3.655848e+01 1.298338e+01 4.437080e+00 2.912508e+01 2.777023e+01 1.284933e+01 3.991087e+01 5.742270e+01 3.019780e+01 1.009289e+01 1.000000e-02 1.932295e-01 1.427004e+00 3.934199e-01 1.246095e+00 7.246048e-01 1.604742e+00 3.871001e-01 1.998128e+00 2.033347e-01 1.721229e-01 2.429913e+00 1.037598e+00 1.000000e-02 1.552722e-01 7.059316e-02 1.242608e-01 1.501568e-01 1.625906e-01 3.577352e-01 2.115074e-01 2.105902e-01 4.274902e-01 8.144285e-01 3.917564e-01 5.136004e-01 1.000000e-02
<GCONST> 7.130933e+01
<STATE> 11
<MEAN> 39
 2.223748e+00 -1.174072e+01 -1.961185e+01 -2.034855e+01 -4.494319e+00 -5.604280e+00 -1.428623e+01 -5.059380e+00 4.406080e+00 1.240360e+01 5.004413e+00 -9.354864e-02 9.858891e-01 2.175650e-01 -7.055954e-02 2.052695e+00 -2.576797e+00 8.701363e-01 1.381071e+00 -3.492677e-01 2.436337e+00 -1.704291e+00 1.577402e+00 8.002829e-01 7.364526e-01 6.717988e-03 -9.220766e-02 2.043047e-01 4.072020e-01 1.212581e-01 -4.684065e-01 -3.408174e-01 1.964893e-01 8.817283e-01 5.683435e-01 -2.318143e-01 -8.257657e-01 -2.085368e-01 -5.060402e-03
<VARIANCE> 39
 1.758516e+01 8.126065e+00 2.357450e+01 1.760303e+01 1.431624e+01 6.571443e+01 3.325663e+01 1.630168e+01 1.338432e+01 2.941396e+01 6.284703e+01 1.247305e+01 1.000000e-02 2.978270e-01 2.722889e-01 7.251378e-01 8.111205e-01 9.824694e-01 1.630518e+00 5.312873e-01 3.838211e+00 4.364737e+00 1.260618e+00 3.522379e+00 1.690691e+00 1.000000e-02 1.624501e-02 1.811662e-01 8.389916e-02 9.841911e-02 1.757893e-01 3.374161e-01 2.611060e-01 1.021394e-01 1.040014e-01 5.516434e-01 1.069626e+00 7.431039e-01 1.000000e-02
<GCONST> 7.610252e+01
<STATE> 12
<MEAN> 39
 3.113322e+00 -1.268413e+01 -1.481537e+01 -2.294644e+01 -3.317483e+00 -3.850172e+00 -1.383478e+01 4.737779e-02 3.632027e+00 1.562322e+01 2.905662e+00 8.623499e-01 9.849160e-01 -5.799017e-02 -3.357758e-02 2.071854e+00 -2.132902e+00 -1.383931e-01 1.076830e+00 -4.337695e-01 3.014562e+00 -9.932755e-01 9.748365e-01 -6.949458e-01 1.092918e-02 1.028561e-03 -1.933728e-01 2.451886e-01 -1.830847e-01 3.924883e-01 -2.767141e-01 -5.732325e-01 4.635371e-01 -3.893520e-02 5.647447e-01 -4.765120e-01 -4.311547e-01 -2.559434e-01 -2.593194e-03
<VARIANCE> 39
 1.432889e+01 7.794824e+00 1.504496e+01 2.694474e+01 1.575502e+01 3.248483e+01 1.695729e+01 5.069382e+01 3.797496e+00 1.758917e+01 2.326655e+01 7.814700e+00 1.000000e-02 2.199446e-01 2.600354e-01 1.173226e+00 8.464109e-01 2.602481e+00 1.603310e+00 1.382243e+00 4.011905e+00 1.351645e+00 3.029598e+00 5.472634e+00 2.813288e+00 1.000000e-02 6.218731e-02 8.961737e-02 6.349957e-02 2.375576e-02 1.532629e-01 2.288520e-01 2.051060e-01 7.638583e-01 5.513251e-01 1.498649e-01 5.559686e-01 1.799688e-01 1.000000e-02
<GCONST> 7.371261e+01
<STATE> 13
<MEAN> 39
 1.613724e+00 -1.164936e+01 -1.275453e+01 -2.572672e+01 -4.097859e+00 -4.084656e+00 -1.448553e+01 4.411541e+00 2.686102e+00 1.518665e+01 2.091435e+00 1.959306e+00 9.920213e-01 -1.561041e-01 6.329795e-01 1.317900e+00 -1.225061e+00 5.423199e-02 -1.987589e-01 1.559534e+00 2.198333e+00 -4.153549e-02 -9.750712e-02 -2.219281e-01 3.917819e-01 2.596236e-04 -5.449769e-02 1.056053e-01 -5.169601e-01 5.480363e-01 -6.657623e-02 -4.652442e-01 2.981813e-01 -4.725192e-01 5.364898e-01 -3.356758e-01 -2.956798e-01 -3.258816e-01 -2.731482e-03
<VARIANCE> 39
 1.554697e+01 8.083436e+00 3.914209e+01 5.091836e+01 4.030340e+01 2.733664e+01 2.291695e+01 5.525019e+01 4.764106e+00 1.423102e+01 3.378244e+01 1.762497e+01 1.000000e-02 1.781918e-01 3.988350e-01 4.557349e-01 1.749478e+00 3.044210e+00 1.479223e+00 7.972268e-01 1.853853e+00 9.456417e-01 3.559514e+00 3.076118e+00 2.005780e+00 1.000000e-02 4.089560e-02 6.124858e-02 1.028325e-01 1.328858e-01 3.144088e-01 2.055670e-01 1.366798e-01 6.773012e-01 3.748163e-01 2.401703e-01 6.275653e-01 2.021993e-01 1.000000e-02
<GCONST> 7.723183e+01
<STATE> 14
<MEAN> 39
 1.745316e+00 -1.095597e+01 -1.067878e+01 -2.652587e+01 -5.200310e+00 -5.047566e+00 -1.135244e+01 7.987128e+00 2.806713e+00 1.438682e+01 4.840313e-01 -4.911543e-01 9.808728e-01 -1.415527e-01 5.437954e-01 1.592624e-01 -1.699100e-02 3.274343e-01 -3.899197e-01 1.001582e+00 2.430275e-01 4.261238e-01 8.384089e-02 -9.115713e-01 -7.510771e-01 -6.394899e-03 5.141678e-02 -1.331204e-01 -4.564327e-01 5.818437e-01 4.544244e-02 -3.356163e-01 -4.320062e-01 -7.199433e-01 3.191514e-01 -8.911426e-02 -1.655151e-01 -3.687181e-01 -1.767599e-03
<VARIANCE> 39
 1.418175e+01 5.517339e+00 1.962853e+01 5.273677e+01 2.880847e+01 1.429453e+01 2.078227e+01 6.511940e+01 4.791626e+00 1.455481e+01 7.791936e+00 2.306301e+01 1.000000e-02 1.962766e-01 3.699867e-01 2.638344e-01 1.396626e+00 7.994662e-01 9.458410e-01 1.444564e+00 1.514873e+00 1.810579e+00 1.317618e+00 1.445409e+00 9.517520e-01 1.000000e-02 2.318217e-02 4.962707e-02 2.559933e-01 3.786275e-01 2.891343e-01 2.599580e-01 5.614242e-02 3.968448e-01 2.246585e-01 4.471236e-01 2.956831e-01 3.059154e-01 1.000000e-02
<GCONST> 6.970741e+01
<STATE> 15
<MEAN> 39
 4.808171e-01 -1.068916e+01 -1.108043e+01 -2.906030e+01 -1.606690e+00 -4.217042e+00 -1.235232e+01 5.315050e+00 5.457778e+00 1.650305e+01 -2.335846e+00 -5.309913e-01 9.689583e-01 -1.431191e-01 -2.520264e-03 -1.458593e-01 5.356924e-01 9.727772e-02 -1.057394e+00 -4.285032e-01 4.348783e-01 8.784089e-01 3.375938e-02 -1.530953e+00 -1.620756e+00 -7.750955e-03 7.856343e-02 -4.265369e-01 8.330538e-02 7.421130e-01 -1.744409e-01 -5.265526e-01 -1.871381e-01 -3.521727e-01 4.094039e-02 -1.670868e-02 -1.204056e-01 -1.879859e-01 -8.314051e-04
<VARIANCE> 39
 1.488704e+01 1.378932e+00 2.651754e+01 6.132874e+01 3.876986e+01 3.365304e+00 1.930478e+01 2.731456e+01 5.803458e+00 4.983209e+00 2.391963e+01 3.580908e+01 1.000000e-02 1.537232e-01 4.321826e-01 6.553698e-01 2.536196e+00 1.107536e-01 2.463710e-01 1.339441e+00 1.677634e+00 1.242220e+00 1.963954e+00 6.185281e-01 6.769001e-01 1.000000e-02 2.194594e-02 1.333299e-02 9.066849e-02 5.470896e-01 5.572131e-01 2.327014e-01 1.362344e-01 1.236105e-01 2.142651e-01 6.913325e-01 2.715887e-01 6.417288e-01 1.000000e-02
<GCONST> 6.363609e+01
<STATE> 16
<MEAN> 39
 2.829285e-01 -1.001420e+01 -1.105693e+01 -2.662937e+01 -2.603768e+00 -6.290970e+00 -1.204076e+01 4.829823e+00 5.095874e+00 1.552354e+01 -3.152837e+00 -3.428125e+00 9.613988e-01 1.815294e-02 -7.157400e-01 4.550036e-01 1.472724e+00 -2.640905e-01 -1.845011e+00 -3.485288e-01 -4.881983e-01 9.715736e-01 -3.333060e-02 -1.332260e+00 -1.420115e+00 -7.945639e-03 1.323381e-03 -5.037391e-01 3.893918e-01 4.187707e-01 -2.250199e-01 -5.609670e-01 2.014795e-01 -7.360849e-02 3.762802e-02 -2.550042e-01 1.466428e-01 3.871634e-01 -1.923408e-03
<VARIANCE> 39
 1.857726e+01 1.721231e+00 2.761105e+01 6.071088e+01 4.143790e+01 8.044121e+00 5.254325e+01 2.761943e+01 9.432679e+00 1.069708e+01 2.202554e+01 5.299591e+01 1.000000e-02 6.646212e-02 4.427795e-01 7.920505e-01 3.059150e+00 9.818114e-01 5.800961e-01 5.800189e-01 1.943420e+00 8.691794e-01 2.601983e+00 4.977241e-01 1.146831e+00 1.000000e-02 5.009744e-02 1.786038e-01 9.444810e-02 4.017482e-01 6.064467e-01 3.451584e-01 1.130883e+00 1.555463e-01 1.750291e-01 1.517528e+00 3.733855e-01 1.232769e+00 1.000000e-02
<GCONST> 7.729697e+01
<STATE> 17
<MEAN> 39
 3.238877e+00 -1.329090e+01 -1.172959e+01 -1.831869e+01 -6.808342e+00 -1.357697e+01 -8.887509e+00 7.336001e+00 7.852522e+00 1.120763e+01 -1.295928e+00 -3.914515e+00 9.580618e-01 -2.041396e-01 -1.489458e+00 1.687473e+00 1.156633e+00 -6.600244e-01 -2.623838e+00 1.636855e+00 -3.805100e-01 5.025544e-01 -7.458256e-01 -1.353603e-01 1.761845e-02 -9.916469e-03 -1.040337e-01 -2.335252e-01 4.016481e-01 -3.356633e-01 -2.668870e-01 1.751389e-01 5.733281e-01 -9.036544e-02 -4.646304e-01 4.376031e-01 4.348882e-02 3.259333e-01 -4.242063e-03
<VARIANCE> 39
 1.727783e+01 3.305634e+00 1.911737e+01 6.922536e+01 6.231276e+01 3.094011e+01 5.156096e+01 3.418478e+01 2.317769e+01 6.684760e+01 5.551914e+01 1.675575e+01 1.000000e-02 2.254653e-01 1.005409e+00 8.435040e-01 7.265438e+00 8.099390e+00 2.104743e+00 6.606309e+00 8.209531e-01 1.348093e+00 1.124604e+01 5.164403e+00 8.716276e+00 1.000000e-02 3.928007e-02 1.199578e-01 2.390682e-01 3.961097e-01 3.294443e-01 6.720555e-01 8.705387e-01 2.588555e-01 4.506855e-01 1.726528e+00 7.205355e-01 6.063190e-01 1.000000e-02
<GCONST> 9.790411e+01
<STATE> 18
<MEAN> 39
 1.726222e+00 -1.664962e+01 -7.077076e+00 -2.018291e+01 -8.423745e+00 -1.539564e+01 -7.690003e+00 5.909030e+00 6.070899e+00 1.385868e+01 -2.980517e+00 -3.191130e+00 9.291047e-01 -8.335361e-02 -1.446031e+00 1.448416e+00 5.755279e-01 -1.081063e+00 -1.556626e+00 1.268780e+00 -5.346031e-01 -4.217964e-01 7.759465e-01 -1.258316e+00 4.237732e-01 -2.089755e-02 -6.205958e-02 2.050667e-01 -1.298650e-02 -2.119859e-01 -1.736494e-01 9.939465e-02 4.394430e-01 2.304114e-01 -5.638726e-01 -3.544822e-01 1.506218e-01 2.366816e-01 -4.313935e-03
<VARIANCE> 39
 1.319620e+01 2.190348e+01 1.464736e+01 5.071799e+01 1.062183e+02 2.052563e+01 9.015200e+01 2.188923e+01 1.433984e+01 4.632268e+01 8.083614e+01 1.001983e+01 1.000000e-02 4.023899e-01 5.384047e-01 6.429474e-01 3.724303e+00 3.821307e+00 4.397502e+00 5.319619e+00 1.902574e+00 2.020607e+00 8.648955e+00 2.124605e+00 6.491776e+00 1.000000e-02 1.306168e-02 4.715544e-01 1.640654e-01 6.982750e-01 1.166706e+00 2.111243e-01 1.517084e+00 8.200706e-02 4.319392e-01 9.737937e-01 8.770366e-01 8.965985e-01 1.000000e-02
<GCONST> 9.672594e+01
<STATE> 19
<MEAN> 39
 6.001714e-01 -1.601975e+01 -6.923320e+00 -2.072686e+01 -4.932727e+00 -1.644029e+01 -7.290268e+00 4.413118e+00 7.820874e+00 1.716919e+01 -7.865863e+00 -3.092159e+00 9.039868e-01 -5.408987e-01 -1.318009e+00 1.583197e+00 1.242123e+00 -2.083183e+00 -1.994766e+00 3.147554e+00 7.678530e-01 -1.250073e+00 -1.815599e+00 2.591635e-02 8.550405e-01 -2.735319e-02 -8.009981e-02 5.636495e-02 2.461610e-01 -9.435278e-02 -5.328323e-01 2.966157e-01 7.260515e-01 -5.267876e-02 -9.631949e-01 -7.879688e-01 7.454057e-01 -1.104604e-01 -3.679890e-03
<VARIANCE> 39
 9.684488e+00 1.332036e+01 1.782290e+01 3.183681e+01 7.975113e+01 1.281518e+01 4.223524e+01 2.186690e+01 6.329883e+00 3.940293e+01 3.580054e+01 3.106707e+01 1.000000e-02 2.563552e-01 1.001858e+00 4.235937e-01 1.274041e+00 2.896772e+00 1.459810e+00 3.414166e+00 1.442498e+00 2.873392e+00 3.438739e+00 4.639894e+00 1.230681e+00 1.000000e-02 5.290216e-02 2.984425e-01 1.726385e-01 9.817559e-01 1.407216e+00 5.407292e-01 7.081231e-01 8.809569e-01 3.032110e-01 1.475598e+00 5.602979e-01 1.873620e+00 1.000000e-02
<GCONST> 9.302235e+01
<STATE> 20
<MEAN> 39
 -4.749011e-02 -1.880133e+01 -1.757812e+00 -1.851948e+01 -1.098496e+01 -1.948898e+01 5.716301e-01 5.549224e+00 2.596663e+00 8.101581e+00 -4.290025e+00 -2.229380e+00 8.410284e-01 -2.819375e-01 -7.653207e-01 2.167644e+00 -1.420830e-01 -1.736868e+00 -1.239371e+00 2.961861e+00 -2.955952e-01 -2.919147e+00 -1.252542e+00 9.222431e-01 -5.480903e-01 -2.502324e-02 2.103997e-01 2.934486e-01 -1.464302e-01 -9.332299e-02 -2.182749e-02 9.575547e-01 -7.204947e-01 -8.700368e-01 -1.320092e-02 6.361827e-01 9.079561e-03 -5.055693e-01 -1.490202e-03
<VARIANCE> 39
 1.199115e+01 4.279887e+00 1.379907e+01 1.950856e+01 6.702721e+01 4.689373e+00 9.076262e+00 2.809583e+01 2.404648e+00 2.182361e+01 4.623363e+01 3.948089e+00 1.000000e-02 3.043750e-01 2.925035e+00 7.736572e-01 2.549362e+00 5.478572e+00 1.440133e+00 3.749194e+00 2.513167e+00 1.325051e+00 5.449175e+00 3.171834e+00 3.467278e+00 1.000000e-02 3.129430e-02 6.862099e-02 8.664535e-02 1.919190e-01 7.426583e-01 5.323897e-01 1.668166e-01 5.602968e-01 4.282210e-01 9.866911e-01 6.111581e-01 3.638980e-01 1.000000e-02
<GCONST> 8.119763e+01
<STATE> 21
<MEAN> 39
 -3.311137e-01 -1.940262e+01 3.171828e-01 -1.892446e+01 -1.480020e+01 -1.975290e+01 3.768265e+00 3.789370e+00 -2.212797e+00 1.012035e+01 -3.891401e+00 -3.002763e+00 7.983299e-01 2.105899e-01 -1.156390e-01 1.178319e+00 5.086781e-01 -1.318759e+00 1.142825e+00 6.816750e-01 -3.096429e+00 -1.605533e+00 -2.504984e-02 -3.950500e-01 -1.145760e+00 -3.703447e-02 3.934008e-01 4.174250e-01 -4.105590e-01 2.620535e-01 6.282498e-01 7.423946e-01 -1.245695e+00 -6.893334e-01 6.990259e-01 4.064209e-01 -3.700841e-01 -1.534329e-01 -3.832563e-03
<VARIANCE> 39
 2.709052e+01 4.628816e+00 1.872224e+01 1.362531e+01 1.645073e+01 2.129669e+01 5.504870e+00 3.626009e+01 1.259785e+01 1.145552e+01 9.029622e+00 2.449743e+01 1.000000e-02 2.468903e-01 1.193369e+00 6.794677e-01 1.832516e+00 6.414687e+00 1.742151e+00 3.532461e+00 4.596733e+00 1.462128e+00 2.258783e+00 4.180589e+00 2.905346e+00 1.000000e-02 1.196584e-01 1.622245e-01 2.863552e-01 2.926043e-01 6.971272e-01 3.451167e-01 3.186218e-01 5.893255e-01 4.409915e-01 6.739311e-01 5.271774e-01 1.030206e+00 1.000000e-02
<GCONST> 8.630880e+01
<STATE> 22
<MEAN> 39
 2.896330e-01 -1.992777e+01 2.545483e+00 -1.853357e+01 -1.578685e+01 -1.643098e+01 3.346292e+00 -1.690171e+00 -2.134695e+00 1.000607e+01 -4.026181e+00 -6.017483e+00 7.509880e-01 9.521813e-01 7.034764e-01 1.922485e-01 1.364920e+00 -4.484888e-01 1.656825e+00 -1.211893e+00 -2.704988e+00 -1.595779e-01 5.855573e-02 -7.719301e-01 -7.962836e-01 -4.019181e-02 1.392747e-01 5.394768e-01 -4.333100e-01 2.596708e-02 9.504248e-01 3.302833e-01 -8.448418e-01 2.130524e-01 7.018044e-01 -1.265998e-02 -1.483404e-01 2.133298e-01 -2.504631e-03
<VARIANCE> 39
 1.390431e+01 5.370418e+00 2.206512e+01 1.308833e+01 1.550338e+01 6.062818e+01 6.092873e+00 4.868528e+01 1.876908e+01 1.340788e+01 1.006509e+01 1.902582e+01 1.000000e-02 2.034962e-01 4.999515e-01 2.470788e+00 6.801835e-02 4.513673e+00 6.289972e-01 1.496316e+00 9.317121e-01 2.362253e+00 9.143605e-01 1.591494e+00 2.308064e+00 1.000000e-02 8.533990e-02 1.141510e-01 1.222351e-01 3.366613e-01 9.359821e-02 5.027414e-01 4.683674e-01 1.046876e+00 3.140862e-01 5.660799e-01 7.898019e-01 7.686313e-01 1.000000e-02
<GCONST> 7.672272e+01
<STATE> 23
<MEAN> 39
 2.517139e+00 -1.615286e+01 1.112829e+00 -1.512392e+01 -1.400732e+01 -1.518433e+01 -1.587463e+00 -5.851566e+00 -2.747925e+00 1.146469e+01 -6.803479e+00 -6.505615e+00 6.756930e-01 6.869867e-01 9.988905e-01 3.425541e-01 6.254833e-01 1.696147e+00 1.900674e+00 -1.379825e+00 -1.124917e+00 2.489823e-01 -1.014936e-01 -3.423387e-02 -4.719521e-01 -4.285416e-02 -1.128936e-01 8.789556e-03 -3.331915e-01 -1.335031e-02 5.127769e-01 3.509120e-01 8.629533e-02 9.212515e-01 7.034631e-01 -2.629546e-01 2.719257e-01 3.560517e-01 -1.160658e-03
<VARIANCE> 39
 1.663568e+01 1.056600e+01 4.694223e+01 1.412836e+01 4.037098e+01 1.031486e+01 1.730969e+01 3.494031e+01 1.230008e+01 2.177644e+01 2.620898e+01 9.908675e+00 1.000000e-02 5.084999e-01 4.899470e-01 2.633039e+00 1.373261e+00 5.801402e+00 1.391721e+00 1.908878e+00 3.037066e+00 1.225519e+00 2.078410e+00 5.674778e-01 4.444678e+00 1.000000e-02 4.299752e-02 6.347875e-02 5.451108e-01 4.191763e-01 7.884792e-01 1.978687e-01 5.438052e-01 5.810356e-01 2.391893e-01 1.947777e-01 4.708713e-01 2.885098e-01 1.000000e-02
<GCONST> 8.326389e+01
<STATE> 24
<MEAN> 39
 3.162119e+00 -1.484601e+01 7.379323e-01 -1.467512e+01 -9.977550e+00 -1.002742e+01 -1.538776e+00 -5.209481e+00 -1.037894e+00 7.736008e+00 -4.544617e+00 -6.594168e+00 5.980332e-01 2.364771e-01 5.962805e-01 -1.318422e-01 1.568139e+00 1.404237e+00 2.526457e+00 -5.380661e-01 3.191062e-02 1.506045e+00 -6.829289e-01 2.197277e-01 -5.015739e-02 -4.588165e-02 -7.153451e-02 -3.060760e-02 -2.184740e-01 2.114582e-02 -1.842836e-01 -5.250049e-01 5.159739e-02 2.503837e-01 2.508491e-01 -1.507627e-01 4.236199e-01 3.853909e-01 3.531638e-03
<VARIANCE> 39
 9.109533e+00 1.744959e+01 3.608425e+01 3.687268e+01 2.892986e+01 1.988993e+01 1.112535e+01 1.900478e+01 1.687122e+01 2.986104e+01 4.594855e+00 6.983790e+00 1.763064e-02 4.930690e-01 1.427359e-01 9.705753e-01 2.533213e+00 3.240142e+00 7.675943e-01 1.916795e+00 3.191064e+00 1.608153e+00 2.419483e+00 1.844584e+00 7.803874e-01 1.000000e-02 1.000000e-02 9.304043e-02 6.677561e-01 4.713361e-01 8.335832e-01 1.387514e-01 2.843937e-01 4.276632e-01 1.424636e-01 3.457313e-01 1.559162e-01 6.793534e-01 1.000000e-02
<GCONST> 7.712558e+01
<STATE> 25
<MEAN> 39
 2.519520e+00 -1.728741e+01 1.517790e+00 -1.436191e+01 -1.178753e+01 -1.028388e+01 -3.617483e-01 -3.354489e+00 -5.132210e-01 1.046585e+01 -6.574284e+00 -5.743964e+00 6.153574e-01 5.185432e-01 1.094276e+00 -4.015983e-01 4.074916e-01 8.585311e-01 5.859413e-01 -1.031798e+00 -3.190803e-01 9.489271e-01 -9.041265e-01 1.312284e+00 7.989050e-01 -3.002077e-02 -6.390066e-02 2.262889e-01 -3.713034e-01 3.100319e-02 2.954292e-02 -6.660239e-01 1.390848e-02 8.528121e-02 -2.678007e-01 -6.073843e-01 3.849576e-01 1.398419e-01 5.490132e-04
<VARIANCE> 39
 1.309547e+01 1.343941e+01 2.051754e+01 4.779367e+01 5.762077e+01 3.306234e+01 2.093437e+01 4.085893e+00 2.214856e+01 3.657397e+01 5.491522e+00 4.400304e+00 2.066951e-02 2.121189e-01 3.186737e-01 1.810208e+00 2.418572e+00 2.817017e-01 6.382729e-01 5.692486e-01 2.459557e+00 5.291858e-01 1.712129e+00 6.791633e-01 1.071565e+00 1.000000e-02 2.345236e-02 4.450366e-02 1.670790e-01 6.051736e-01 5.623255e-01 2.543383e-01 3.154178e-01 3.561681e-01 3.590167e-01 7.262407e-01 3.464925e-01 3.602799e-01 1.000000e-02
<GCONST> 7.280373e+01
<STATE> 26
<MEAN> 39
 4.195742e+00 -1.287441e+01 -6.530631e-01 -1.048100e+01 -8.115658e+00 -8.908963e+00 -5.383537e+00 -6.654757e+00 3.159943e+00 6.498528e+00 -1.032093e+00 -5.067806e+00 5.001888e-01 2.304573e-01 1.123973e+00 -1.594001e+00 8.434231e-01 3.553690e-01 -4.851624e-01 -4.676352e-01 -5.783210e-01 1.456796e-01 -1.452002e+00 1.668446e+00 5.364083e-01 -3.076775e-02 -1.745859e-01 -1.828938e-01 -1.016758e-01 -1.463487e-01 -2.197139e-01 -4.258105e-01 4.861305e-01 1.845634e-01 -4.640054e-01 -8.958112e-02 -3.121330e-01 -2.015184e-01 1.299235e-03
<VARIANCE> 39
 5.910796e+00 1.049086e+01 1.344642e+01 3.632703e+01 1.730966e+01 1.728201e+01 1.580984e+01 3.181624e+00 3.015714e+01 1.414160e+01 1.212349e+01 3.846711e+00 1.431480e-02 1.440140e-01 3.979827e-01 2.173973e+00 2.919606e+00 5.364003e-01 1.050426e+00 8.362604e-01 4.175918e-01 1.392595e+00 3.773430e+00 1.862363e+00 1.623274e+00 1.000000e-02 2.555827e-02 8.106382e-02 1.551516e-01 4.614495e-01 3.879839e-02 3.060762e-01 1.300046e-01 8.473495e-02 5.399702e-01 2.800184e-01 2.520827e-01 3.101458e-01 1.000000e-02
<GCONST> 6.598875e+01
<STATE> 27
<MEAN> 39
 3.733533e+00 -1.035173e+01 -4.052803e+00 -1.017940e+01 -6.375939e+00 -9.583692e+00 -3.029197e+00 -5.279309e+00 2.015372e+00 3.776317e+00 1.432560e+00 -3.079246e+00 4.594125e-01 -2.360061e-01 1.665790e-01 -8.924637e-01 6.557684e-01 2.080732e-01 -5.756983e-01 5.689297e-01 4.302625e-01 -2.605318e-01 -1.791298e+00 1.529838e-01 2.260941e-01 -3.104722e-02 -1.843769e-01 -3.678365e-01 4.422594e-01 1.789380e-01 -4.666938e-02 1.821490e-01 2.486262e-01 1.150666e-01 -1.771009e-01 2.853954e-01 -5.353347e-01 -4.292486e-01 -1.950602e-03
<VARIANCE> 39
 7.169778e+00 6.460927e+00 2.916329e+01 1.830288e+01 1.775573e+01 9.878679e+00 1.089760e+01 7.897544e+00 1.578098e+01 1.082551e+01 1.897931e+01 1.102949e+01 1.566996e-02 2.027211e-01 8.020319e-01 8.249809e-01 1.371287e+00 7.532766e-01 1.650723e+00 8.782416e-01 9.974136e-01 3.428878e+00 1.172739e+00 7.144123e-01 1.003266e+00 1.000000e-02 4.776635e-02 6.650393e-02 2.456441e-01 3.421986e-01 7.791028e-02 2.370991e-01 1.412078e-01 1.410664e-01 1.417402e-01 3.668531e-01 2.117163e-01 2.439399e-01 1.000000e-02
<GCONST> 6.592854e+01
<STATE> 28
<MEAN> 39
 2.950630e+00 -1.432977e+01 -2.569236e+00 -9.766249e+00 -8.513287e+00 -1.016595e+01 -2.645903e+00 -4.909198e+00 1.587874e+00 1.026457e+00 -3.394093e+00 -5.597130e+00 4.302316e-01 -1.086661e-01 -1.663307e-01 -1.453481e-01 1.157530e+00 -1.271206e-02 1.207887e-01 3.065474e-01 -1.180658e-01 -6.728245e-02 -1.203783e-01 -8.032519e-02 -9.494342e-01 -3.315379e-02 -1.652694e-01 2.179945e-01 2.668058e-01 4.625006e-02 3.202547e-01 2.786093e-01 -9.335595e-02 -3.196955e-01 7.591375e-02 8.685711e-01 3.380160e-01 -9.672565e-02 -1.637750e-03
<VARIANCE> 39
 8.500975e+00 1.394975e+01 3.325834e+01 2.565612e+01 1.817557e+01 1.214041e+01 6.351097e+00 2.010796e+00 1.443945e+01 8.101334e+00 1.914912e+01 8.817053e+00 1.247164e-02 3.017001e-01 1.266717e+00 9.574453e-01 1.801964e+00 2.050573e-01 3.451998e+00 7.926973e-01 1.209957e+00 1.785559e+00 1.908355e+00 1.029464e+00 1.252981e+00 1.000000e-02 1.032213e-01 2.015911e-01 3.678264e-01 3.094743e-01 6.256921e-02 4.681435e-01 1.340747e-01 2.552340e-01 5.192956e-01 2.002375e-01 3.113315e-01 3.302247e-01 1.000000e-02
<GCONST> 7.062955e+01
<STATE> 29
<MEAN> 39
 3.132618e+00 -1.178974e+01 -2.858377e+00 -8.661306e+00 -9.024961e+00 -1.122605e+01 -2.465621e+00 -6.086166e+00 -1.879224e-01 3.670266e+00 3.483527e-01 -5.463801e+00 3.971846e-01 -7.470720e-01 9.510059e-01 4.159246e-01 1.128869e+00 1.669992e+00 1.359788e+00 2.040003e-01 -3.902159e-01 1.983961e-01 5.422900e-01 5.731977e-01 -7.535278e-01 -4.518772e-02 -1.787255e-01 1.882897e-01 -6.657991e-02 -3.255450e-02 2.391102e-01 1.499921e-01 2.766453e-02 1.897735e-01 2.963347e-01 2.717544e-01 4.463626e-01 3.337135e-01 -4.216501e-03
<VARIANCE> 39
 6.622780e+00 1.326475e+01 3.225394e+01 9.235888e+00 2.764892e+01 2.192848e+01 4.043188e+00 1.302021e+01 1.452450e+01 5.480330e+00 3.268138e+01 2.501593e+01 1.000000e-02 1.256804e+00 1.129531e+00 1.628767e+00 1.892012e+00 1.683054e+00 1.897794e+00 3.160524e-01 1.790738e+00 3.885567e-01 1.952943e+00 1.980418e+00 7.440485e-01 1.000000e-02 1.663072e-01 2.707056e-01 3.060718e-01 1.756692e-01 1.403107e-01 5.511470e-01 1.254047e-01 4.664750e-01 3.142864e-01 1.731410e-01 1.912545e-01 4.978586e-01 1.000000e-02
<GCONST> 7.498307e+01
<STATE> 30
<MEAN> 39
 1.190400e+00 -9.890063e+00 -2.919156e+00 -5.344056e+00 -3.187496e+00 -7.555175e+00 -1.859637e+00 -5.425536e+00 2.902297e+00 4.261719e+00 3.592485e-02 -6.208843e+00 2.903424e-01 -9.837230e-01 1.002984e+00 -7.540087e-02 6.271876e-01 6.601506e-01 5.254329e-01 5.451711e-01 5.655483e-01 4.491095e-01 4.613946e-01 1.766511e+00 1.166520e+00 -4.610759e-02 2.156470e-02 -2.058369e-01 -1.987732e-01 -3.527850e-01 -3.862614e-01 -6.035535e-01 -1.733512e-01 4.000899e-01 9.933894e-02 -2.470523e-01 2.488270e-01 5.228718e-01 4.187078e-03
<VARIANCE> 39
 2.185063e+00 1.153840e+01 1.679619e+01 6.152064e+00 3.986757e+00 8.529241e+00 1.246068e+01 1.216786e+01 1.679401e+01 1.296674e+01 1.618703e+01 1.118252e+01 1.000000e-02 1.453428e+00 5.235211e-01 1.794643e+00 2.299385e+00 2.162098e+00 1.290060e+00 1.088115e+00 4.035523e+00 1.323121e+00 1.704738e+00 7.362264e-01 3.569765e+00 1.000000e-02 7.313072e-02 1.670349e-01 1.228136e-01 2.736365e-01 1.234839e-01 3.113897e-01 1.567670e-01 3.707716e-01 2.641825e-01 3.862355e-01 2.436043e-01 2.142477e-01 1.000000e-02
<GCONST> 7.114914e+01
<STATE> 31
<MEAN> 39
 3.465546e-01 -9.214998e+00 -3.188988e+00 -6.439242e+00 -4.308487e+00 -7.597396e+00 -1.331048e+00 -6.085399e+00 3.902862e-01 4.035922e+00 5.886450e+00 -5.345262e+00 2.662982e-01 -5.958536e-01 7.107888e-02 -7.954800e-01 3.890053e-01 1.735846e-01 -1.509189e+00 -2.535424e-01 5.610663e-01 -4.175553e-02 -5.939659e-01 1.337289e+00 1.126876e+00 -3.184962e-02 -6.535234e-03 -3.023263e-01 2.488678e-01 -6.347438e-02 -2.233268e-01 -2.672138e-01 -1.237839e-01 3.605193e-01 3.228299e-01 -9.442941e-02 -6.959887e-01 8.085521e-02 1.888068e-03
<VARIANCE> 39
 9.627362e+00 4.440791e+00 3.634997e+00 7.806507e+00 5.638724e+00 7.121068e+00 1.677452e+01 4.160392e+01 8.956946e+00 2.248358e+01 2.124948e+01 2.513734e+01 1.035523e-02 4.716028e-01 5.938049e-01 1.210383e+00 1.220445e+00 9.094954e-01 6.171667e-01 7.383722e-01 2.913506e+00 2.705852e+00 1.496161e+00 1.854675e+00 7.471167e-01 1.000000e-02 3.324173e-01 5.587539e-02 1.605100e-01 3.891161e-01 2.521642e-01 2.513148e-01 2.003540e-01 9.921538e-01 1.721333e-01 4.093678e-01 1.708995e-01 6.194906e-01 1.000000e-02
<GCONST> 7.182298e+01
<STATE> 32
<MEAN> 39
 -2.522839e-01 -1.093555e+01 -4.986887e+00 -6.318467e+00 -4.934577e+00 -1.198787e+01 -2.542341e+00 -2.855295e+00 3.399288e+00 4.165893e+00 5.296942e+00 -1.138694e+00 2.170860e-01 -4.860566e-01 1.642198e-01 2.544716e-01 1.753240e-01 2.750123e-01 -3.278493e-01 -6.189334e-01 8.610142e-01 1.420982e+00 4.388740e-01 -2.117755e-01 1.650721e-01 -3.077838e-02 -2.197521e-02 6.118338e-02 3.073273e-01 9.750683e-02 3.358100e-01 7.011074e-01 1.386133e-01 -3.005907e-01 6.374061e-03 3.191846e-02 -5.582778e-01 -6.704077e-01 -1.833300e-03
<VARIANCE> 39
 2.451773e+00 4.431075e+00 2.913049e+00 1.097774e+01 6.573812e+00 1.468865e+01 9.005623e+00 2.019340e+01 2.269293e+01 1.388178e+01 1.622921e+01 1.776197e+01 1.000000e-02 2.546349e-01 1.700408e-01 6.832775e-01 1.031001e+00 3.912088e-01 3.295180e-01 1.111627e+00 3.096072e+00 6.877064e-01 2.223218e+00 2.693197e+00 1.691705e+00 1.000000e-02 1.738163e-01 1.321716e-02 8.229132e-02 3.591096e-01 1.909036e-01 2.298561e-01 1.544404e-01 5.043202e-01 5.684553e-01 5.814604e-01 1.390480e-01 4.814382e-01 1.000000e-02
<GCONST> 6.345312e+01
<STATE> 33
<MEAN> 39
 -1.313653e+00 -8.264713e+00 -1.650958e+00 -4.200488e+00 -3.977121e+00 -9.204058e+00 -3.009301e+00 -2.280612e+00 6.029109e+00 4.054200e+00 3.087983e+00 -3.895484e+00 1.612550e-01 -5.648267e-01 4.818082e-01 8.674749e-01 9.922642e-01 1.193900e+00 1.593681e+00 7.030604e-01 4.932210e-01 7.055439e-01 -4.878564e-01 -3.837020e-01 -5.485430e-01 -3.508056e-02 -4.657676e-02 -4.037723e-02 -9.135716e-02 4.004651e-02 2.416410e-01 4.879791e-01 5.699970e-01 -1.067823e-01 -4.891734e-01 -1.974819e-01 3.095556e-01 -2.669473e-02 6.015175e-04
<VARIANCE> 39
 3.747763e+00 3.223161e+00 6.214578e+00 1.279041e+01 1.494763e+01 1.067293e+01 6.076734e+00 6.027959e+00 1.148118e+01 1.903234e+01 7.671788e+00 1.285768e+01 1.000000e-02 6.988878e-01 1.990389e-01 3.128617e-01 1.243051e+00 3.667521e-01 1.293312e+00 3.841524e-01 1.064225e+00 2.284387e+00 2.255066e+00 8.470756e-01 2.344799e+00 1.000000e-02 9.334522e-02 4.167341e-02 1.718564e-01 2.579154e-01 1.338218e-01 1.396608e-01 1.271331e-01 3.310932e-01 4.786158e-01 3.818469e-01 2.573914e-01 1.938335e-01 1.000000e-02
<GCONST> 6.063780e+01
<STATE> 34
<MEAN> 39
 -2.163308e+00 -8.428100e+00 -2.039194e+00 -3.957632e+00 6.711275e-03 -6.712141e+00 -1.977665e+00 -3.169415e+00 4.365750e+00 4.600828e+00 3.162890e+00 -4.849966e+00 9.691887e-02 -9.225897e-01 -2.405666e-01 -1.860216e-01 8.323141e-01 1.379760e+00 1.338509e+00 1.459581e+00 1.812279e-03 -6.874024e-01 -6.288550e-01 5.385495e-01 2.358781e-01 -4.080186e-02 -3.686581e-02 -2.827990e-01 -2.873088e-01 -1.699784e-01 -4.954814e-01 -4.675448e-01 -8.475832e-02 -2.091970e-01 -2.919213e-01 -2.170727e-01 1.815725e-01 3.522441e-01 2.533720e-03
<VARIANCE> 39
 5.112979e+00 8.549504e-01 5.030767e+00 1.258018e+01 5.472753e+00 1.350758e+01 4.720788e+00 1.605178e+00 5.166728e+00 1.922935e+01 9.657482e+00 3.774838e+00 1.000000e-02 7.533404e-01 3.981864e-01 8.033900e-01 8.702543e-01 1.225639e+00 1.148689e+00 1.052433e+00 1.994358e+00 4.570583e+00 1.763198e+00 6.746284e-01 1.838683e+00 1.000000e-02 9.223443e-02 1.334854e-02 9.083550e-02 3.311751e-01 1.683871e-01 3.472645e-01 7.947203e-02 2.903685e-01 3.953202e-01 3.090264e-01 6.573003e-02 2.004299e-01 1.000000e-02
<GCONST> 5.658765e+01
<STATE> 35
<MEAN> 39
 -3.664235e+00 -8.993118e+00 -2.181319e+00 -1.773002e+00 2.772621e-01 -5.017581e+00 1.721354e+00 -2.188454e+00 3.595890e+00 8.320940e-01 5.246829e+00 -3.068331e+00 6.184833e-02 -9.095419e-01 -3.195918e-01 -2.525638e-01 -4.927238e-02 2.924947e-01 3.204500e-01 2.277742e-01 -1.136132e-01 -5.463322e-01 -5.313435e-01 3.217659e-01 1.217395e-01 -3.417008e-02 3.208588e-02 -1.386489e-01 -1.421433e-01 -4.926859e-01 -5.302886e-01 -4.792618e-01 -4.410367e-01 -1.197753e-01 -1.152615e-01 3.135394e-01 -2.077140e-01 2.271619e-01 3.290376e-03
<VARIANCE> 39
 3.980391e+00 6.767906e+00 8.329435e+00 3.651338e+00 8.065512e+00 4.643139e+00 6.959970e+00 1.905089e+01 4.135846e+01 1.236492e+01 3.093905e+00 1.011335e+01 1.000000e-02 4.934163e-01 5.643708e-02 4.207790e-01 1.553291e+00 1.227929e+00 1.198199e+00 9.690167e-01 4.185532e-01 1.049003e+00 3.573418e-01 8.868194e-01 7.318359e-01 1.000000e-02 5.602617e-02 5.269936e-02 1.231533e-01 1.186460e-01 1.277148e-01 4.615517e-02 2.511590e-01 5.585111e-01 1.533473e+00 2.864571e-01 1.256222e-01 2.691776e-01 1.000000e-02
<GCONST> 5.546640e+01
<STATE> 36
<MEAN> 39
 -5.067064e+00 -1.040455e+01 -3.378088e+00 -4.443014e+00 -5.269552e-01 -5.784403e+00 1.406420e+00 -1.392387e+00 4.757369e+00 2.787312e+00 4.299579e+00 -4.455686e+00 1.723670e-02 -7.510024e-01 -6.403051e-01 -5.352160e-01 -6.323068e-01 -5.908502e-01 -3.245798e-01 -1.289402e-01 -4.838080e-02 -1.710782e-01 3.209153e-01 -4.145806e-02 6.708912e-01 -2.768469e-02 3.112292e-01 2.146631e-01 1.568443e-01 -1.368943e-01 -2.976806e-01 -2.591521e-01 -2.856843e-01 -7.918769e-02 3.571956e-02 3.714615e-01 -7.240801e-02 7.799059e-02 9.928100e-03
<VARIANCE> 39
 3.249979e+00 1.768934e+00 2.300398e+00 5.586498e+00 1.984229e+00 6.229567e+00 1.416534e+01 1.396735e+01 1.274540e+01 7.091646e+00 5.125759e+00 1.036905e+01 1.000000e-02 1.286544e-01 9.939857e-02 1.809829e-01 4.056392e-01 6.801029e-01 8.576010e-01 1.283214e+00 2.630817e+00 6.052338e+00 4.731897e-01 9.588207e-01 2.008797e-01 1.000000e-02 7.849319e-02 4.674464e-02 1.223282e-01 1.858988e-01 1.508477e-01 2.438298e-01 4.739435e-01 1.439145e-01 2.829220e-01 1.471879e-01 1.688431e-01 2.971071e-01 1.000000e-02
<GCONST> 5.000467e+01
<TRANSP> 37
 0.000000e+00 1.000000e+00 0.000000e+00 0.000000e+00 0.000000e+00 0.000000e+00 0.000000e+00 0.000000e+00 0.000000e+00 0.000000e+00 0.000000e+00 0.000000e+00 0.000000e+00 0.000000e+00 0.000000e+00 0.000000e+00 0.000000e+00 0.000000e+00 0.000000e+00 0.000000e+00 0.000000e+00 0.000000e+00 0.000000e+00 0.000000e+00 0.000000e+00 0.000000e+00 0.000000e+00 0.000000e+00 0.000000e+00 0.000000e+00 0.000000e+00 0.000000e+00 0.000000e+00 0.000000e+00 0.000000e+00 0.000000e+00 0.000000e+00
 0.000000e+00 5.000000e-01 5.000000e-01 0.000000e+00 0.000000e+00 0.000000e+00 0.000000e+00 0.000000e+00 0.000000e+00 0.000000e+00 0.000000e+00 0.000000e+00 0.000000e+00 0.000000e+00 0.000000e+00 0.000000e+00 0.000000e+00 0.000000e+00 0.000000e+00 0.000000e+00 0.000000e+00 0.000000e+00 0.000000e+00 0.000000e+00 0.000000e+00 0.000000e+00 0.000000e+00 0.000000e+00 0.000000e+00 0.000000e+00 0.000000e+00 0.000000e+00 0.000000e+00 0.000000e+00 0.000000e+00 0.000000e+00 0.000000e+00
 0.000000e+00 0.000000e+00 3.750000e-01 6.250000e-01 0.000000e+00 0.000000e+00 0.000000e+00 0.000000e+00 0.000000e+00 0.000000e+00 0.000000e+00 0.000000e+00 0.000000e+00 0.000000e+00 0.000000e+00 0.000000e+00 0.000000e+00 0.000000e+00 0.000000e+00 0.000000e+00 0.000000e+00 0.000000e+00 0.000000e+00 0.000000e+00 0.000000e+00 0.000000e+00 0.000000e+00 0.000000e+00 0.000000e+00 0.000000e+00 0.000000e+00 0.000000e+00 0.000000e+00 0.000000e+00 0.000000e+00 0.000000e+00 0.000000e+00
 0.000000e+00 0.000000e+00 0.000000e+00 1.666667e-01 8.333333e-01 0.000000e+00 0.000000e+00 0.000000e+00 0.000000e+00 0.000000e+00 0.000000e+00 0.000000e+00 0.000000e+00 0.000000e+00 0.000000e+00 0.000000e+00 0.000000e+00 0.000000e+00 0.000000e+00 0.000000e+00 0.000000e+00 0.000000e+00 0.000000e+00 0.000000e+00 0.000000e+00 0.000000e+00 0.000000e+00 0.000000e+00 0.000000e+00 0.000000e+00 0.000000e+00 0.000000e+00 0.000000e+00 0.000000e+00 0.000000e+00 0.000000e+00 0.000000e+00
 0.000000e+00 0.000000e+00 0.000000e+00 0.000000e+00 2.857143e-01 7.142857e-01 0.000000e+00 0.000000e+00 0.000000e+00 0.000000e+00 0.000000e+00 0.000000e+00 0.000000e+00 0.000000e+00 0.000000e+00 0.000000e+00 0.000000e+00 0.000000e+00 0.000000e+00 0.000000e+00 0.000000e+00 0.000000e+00 0.000000e+00 0.000000e+00 0.000000e+00 0.000000e+00 0.000000e+00 0.000000e+00 0.000000e+00 0.000000e+00 0.000000e+00 0.000000e+00 0.000000e+00 0.000000e+00 0.000000e+00 0.000000e+00 0.000000e+00
 0.000000e+00 0.000000e+00 0.000000e+00 0.000000e+00 0.000000e+00 3.750000e-01 6.250000e-01 0.000000e+00 0.000000e+00 0.000000e+00 0.000000e+00 0.000000e+00 0.000000e+00 0.000000e+00 0.000000e+00 0.000000e+00 0.000000e+00 0.000000e+00 0.000000e+00 0.000000e+00 0.000000e+00 0.000000e+00 0.000000e+00 0.000000e+00 0.000000e+00 0.000000e+00 0.000000e+00 0.000000e+00 0.000000e+00 0.000000e+00 0.000000e+00 0.000000e+00 0.000000e+00 0.000000e+00 0.000000e+00 0.000000e+00 0.000000e+00
 0.000000e+00 0.000000e+00 0.000000e+00 0.000000e+00 0.000000e+00 0.000000e+00 2.857143e-01 7.142857e-01 0.000000e+00 0.000000e+00 0.000000e+00 0.000000e+00 0.000000e+00 0.000000e+00 0.000000e+00 0.000000e+00 0.000000e+00 0.000000e+00 0.000000e+00 0.000000e+00 0.000000e+00 0.000000e+00 0.000000e+00 0.000000e+00 0.000000e+00 0.000000e+00 0.000000e+00 0.000000e+00 0.000000e+00 0.000000e+00 0.000000e+00 0.000000e+00 0.000000e+00 0.000000e+00 0.000000e+00 0.000000e+00 0.000000e+00
 0.000000e+00 0.000000e+00 0.000000e+00 0.000000e+00 0.000000e+00 0.000000e+00 0.000000e+00 2.857143e-01 7.142857e-01 0.000000e+00 0.000000e+00 0.000000e+00 0.000000e+00 0.000000e+00 0.000000e+00 0.000000e+00 0.000000e+00 0.000000e+00 0.000000e+00 0.000000e+00 0.000000e+00 0.000000e+00 0.000000e+00 0.000000e+00 0.000000e+00 0.000000e+00 0.000000e+00 0.000000e+00 0.000000e+00 0.000000e+00 0.000000e+00 0.000000e+00 0.000000e+00 0.000000e+00 0.000000e+00 0.000000e+00 0.000000e+00
 0.000000e+00 0.000000e+00 0.000000e+00 0.000000e+00 0.000000e+00 0.000000e+00 0.000000e+00 0.000000e+00 3.750000e-01 6.250000e-01 0.000000e+00 0.000000e+00 0.000000e+00 0.000000e+00 0.000000e+00 0.000000e+00 0.000000e+00 0.000000e+00 0.000000e+00 0.000000e+00 0.000000e+00 0.000000e+00 0.000000e+00 0.000000e+00 0.000000e+00 0.000000e+00 0.000000e+00 0.000000e+00 0.000000e+00 0.000000e+00 0.000000e+00 0.000000e+00 0.000000e+00 0.000000e+00 0.000000e+00 0.000000e+00 0.000000e+00
 0.000000e+00 0.000000e+00 0.000000e+00 0.000000e+00 0.000000e+00 0.000000e+00 0.000000e+00 0.000000e+00 0.000000e+00 2.857143e-01 7.142857e-01 0.000000e+00 0.000000e+00 0.000000e+00 0.000000e+00 0.000000e+00 0.000000e+00 0.000000e+00 0.000000e+00 0.000000e+00 0.000000e+00 0.000000e+00 0.000000e+00 0.000000e+00 0.000000e+00 0.000000e+00 0.000000e+00 0.000000e+00 0.000000e+00 0.000000e+00 0.000000e+00 0.000000e+00 0.000000e+00 0.000000e+00 0.000000e+00 0.000000e+00 0.000000e+00
 0.000000e+00 0.000000e+00 0.000000e+00 0.000000e+00 0.000000e+00 0.000000e+00 0.000000e+00 0.000000e+00 0.000000e+00 0.000000e+00 2.857143e-01 7.142857e-01 0.000000e+00 0.000000e+00 0.000000e+00 0.000000e+00 0.000000e+00 0.000000e+00 0.000000e+00 0.000000e+00 0.000000e+00 0.000000e+00 0.000000e+00 0.000000e+00 0.000000e+00 0.000000e+00 0.000000e+00 0.000000e+00 0.000000e+00 0.000000e+00 0.000000e+00 0.000000e+00 0.000000e+00 0.000000e+00 0.000000e+00 0.000000e+00 0.000000e+00
 0.000000e+00 0.000000e+00 0.000000e+00 0.000000e+00 0.000000e+00 0.000000e+00 0.000000e+00 0.000000e+00 0.000000e+00 0.000000e+00 0.000000e+00 2.857143e-01 7.142857e-01 0.000000e+00 0.000000e+00 0.000000e+00 0.000000e+00 0.000000e+00 0.000000e+00 0.000000e+00 0.000000e+00 0.000000e+00 0.000000e+00 0.000000e+00 0.000000e+00 0.000000e+00 0.000000e+00 0.000000e+00 0.000000e+00 0.000000e+00 0.000000e+00 0.000000e+00 0.000000e+00 0.000000e+00 0.000000e+00 0.000000e+00 0.000000e+00
 0.000000e+00 0.000000e+00 0.000000e+00 0.000000e+00 0.000000e+00 0.000000e+00 0.000000e+00 0.000000e+00 0.000000e+00 0.000000e+00 0.000000e+00 0.000000e+00 3.750000e-01 6.250000e-01 0.000000e+00 0.000000e+00 0.000000e+00 0.000000e+00 0.000000e+00 0.000000e+00 0.000000e+00 0.000000e+00 0.000000e+00 0.000000e+00 0.000000e+00 0.000000e+00 0.000000e+00 0.000000e+00 0.000000e+00 0.000000e+00 0.000000e+00 0.000000e+00 0.000000e+00 0.000000e+00 0.000000e+00 0.000000e+00 0.000000e+00
 0.000000e+00 0.000000e+00 0.000000e+00 0.000000e+00 0.000000e+00 0.000000e+00 0.000000e+00 0.000000e+00 0.000000e+00 0.000000e+00 0.000000e+00 0.000000e+00 0.000000e+00 2.857143e-01 7.142857e-01 0.000000e+00 0.000000e+00 0.000000e+00 0.000000e+00 0.000000e+00 0.000000e+00 0.000000e+00 0.000000e+00 0.000000e+00 0.000000e+00 0.000000e+00 0.000000e+00 0.000000e+00 0.000000e+00 0.000000e+00 0.000000e+00 0.000000e+00 0.000000e+00 0.000000e+00 0.000000e+00 0.000000e+00 0.000000e+00
 0.000000e+00 0.000000e+00 0.000000e+00 0.000000e+00 0.000000e+00 0.000000e+00 0.000000e+00 0.000000e+00 0.000000e+00 0.000000e+00 0.000000e+00 0.000000e+00 0.000000e+00 0.000000e+00 2.857143e-01 7.142857e-01 0.000000e+00 0.000000e+00 0.000000e+00 0.000000e+00 0.000000e+00 0.000000e+00 0.000000e+00 0.000000e+00 0.000000e+00 0.000000e+00 0.000000e+00 0.000000e+00 0.000000e+00 0.000000e+00 0.000000e+00 0.000000e+00 0.000000e+00 0.000000e+00 0.000000e+00 0.000000e+00 0.000000e+00
 0.000000e+00 0.000000e+00 0.000000e+00 0.000000e+00 0.000000e+00 0.000000e+00 0.000000e+00 0.000000e+00 0.000000e+00 0.000000e+00 0.000000e+00 0.000000e+00 0.000000e+00 0.000000e+00 0.000000e+00 2.857143e-01 7.142857e-01 0.000000e+00 0.000000e+00 0.000000e+00 0.000000e+00 0.000000e+00 0.000000e+00 0.000000e+00 0.000000e+00 0.000000e+00 0.000000e+00 0.000000e+00 0.000000e+00 0.000000e+00 0.000000e+00 0.000000e+00 0.000000e+00 0.000000e+00 0.000000e+00 0.000000e+00 0.000000e+00
 0.000000e+00 0.000000e+00 0.000000e+00 0.000000e+00 0.000000e+00 0.000000e+00 0.000000e+00 0.000000e+00 0.000000e+00 0.000000e+00 0.000000e+00 0.000000e+00 0.000000e+00 0.000000e+00 0.000000e+00 0.000000e+00 3.750000e-01 6.250000e-01 0.000000e+00 0.000000e+00 0.000000e+00 0.000000e+00 0.000000e+00 0.000000e+00 0.000000e+00 0.000000e+00 0.000000e+00 0.000000e+00 0.000000e+00 0.000000e+00 0.000000e+00 0.000000e+00 0.000000e+00 0.000000e+00 0.000000e+00 0.000000e+00 0.000000e+00
 0.000000e+00 0.000000e+00 0.000000e+00 0.000000e+00 0.000000e+00 0.000000e+00 0.000000e+00 0.000000e+00 0.000000e+00 0.000000e+00 0.000000e+00 0.000000e+00 0.000000e+00 0.000000e+00 0.000000e+00 0.000000e+00 0.000000e+00 1.666667e-01 8.333333e-01 0.000000e+00 0.000000e+00 0.000000e+00 0.000000e+00 0.000000e+00 0.000000e+00 0.000000e+00 0.000000e+00 0.000000e+00 0.000000e+00 0.000000e+00 0.000000e+00 0.000000e+00 0.000000e+00 0.000000e+00 0.000000e+00 0.000000e+00 0.000000e+00
 0.000000e+00 0.000000e+00 0.000000e+00 0.000000e+00 0.000000e+00 0.000000e+00 0.000000e+00 0.000000e+00 0.000000e+00 0.000000e+00 0.000000e+00 0.000000e+00 0.000000e+00 0.000000e+00 0.000000e+00 0.000000e+00 0.000000e+00 0.000000e+00 3.750000e-01 6.250000e-01 0.000000e+00 0.000000e+00 0.000000e+00 0.000000e+00 0.000000e+00 0.000000e+00 0.000000e+00 0.000000e+00 0.000000e+00 0.000000e+00 0.000000e+00 0.000000e+00 0.000000e+00 0.000000e+00 0.000000e+00 0.000000e+00 0.000000e+00
 0.000000e+00 0.000000e+00 0.000000e+00 0.000000e+00 0.000000e+00 0.000000e+00 0.000000e+00 0.000000e+00 0.000000e+00 0.000000e+00 0.000000e+00 0.000000e+00 0.000000e+00 0.000000e+00 0.000000e+00 0.000000e+00 0.000000e+00 0.000000e+00 0.000000e+00 3.750000e-01 6.250000e-01 0.000000e+00 0.000000e+00 0.000000e+00 0.000000e+00 0.000000e+00 0.000000e+00 0.000000e+00 0.000000e+00 0.000000e+00 0.000000e+00 0.000000e+00 0.000000e+00 0.000000e+00 0.000000e+00 0.000000e+00 0.000000e+00
 0.000000e+00 0.000000e+00 0.000000e+00 0.000000e+00 0.000000e+00 0.000000e+00 0.000000e+00 0.000000e+00 0.000000e+00 0.000000e+00 0.000000e+00 0.000000e+00 0.000000e+00 0.000000e+00 0.000000e+00 0.000000e+00 0.000000e+00 0.000000e+00 0.000000e+00 0.000000e+00 2.857143e-01 7.142857e-01 0.000000e+00 0.000000e+00 0.000000e+00 0.000000e+00 0.000000e+00 0.000000e+00 0.000000e+00 0.000000e+00 0.000000e+00 0.000000e+00 0.000000e+00 0.000000e+00 0.000000e+00 0.000000e+00 0.000000e+00
 0.000000e+00 0.000000e+00 0.000000e+00 0.000000e+00 0.000000e+00 0.000000e+00 0.000000e+00 0.000000e+00 0.000000e+00 0.000000e+00 0.000000e+00 0.000000e+00 0.000000e+00 0.000000e+00 0.000000e+00 0.000000e+00 0.000000e+00 0.000000e+00 0.000000e+00 0.000000e+00 0.000000e+00 2.857143e-01 7.142857e-01 0.000000e+00 0.000000e+00 0.000000e+00 0.000000e+00 0.000000e+00 0.000000e+00 0.000000e+00 0.000000e+00 0.000000e+00 0.000000e+00 0.000000e+00 0.000000e+00 0.000000e+00 0.000000e+00
 0.000000e+00 0.000000e+00 0.000000e+00 0.000000e+00 0.000000e+00 0.000000e+00 0.000000e+00 0.000000e+00 0.000000e+00 0.000000e+00 0.000000e+00 0.000000e+00 0.000000e+00 0.000000e+00 0.000000e+00 0.000000e+00 0.000000e+00 0.000000e+00 0.000000e+00 0.000000e+00 0.000000e+00 0.000000e+00 2.857143e-01 7.142857e-01 0.000000e+00 0.000000e+00 0.000000e+00 0.000000e+00 0.000000e+00 0.000000e+00 0.000000e+00 0.000000e+00 0.000000e+00 0.000000e+00 0.000000e+00 0.000000e+00 0.000000e+00
 0.000000e+00 0.000000e+00 0.000000e+00 0.000000e+00 0.000000e+00 0.000000e+00 0.000000e+00 0.000000e+00 0.000000e+00 0.000000e+00 0.000000e+00 0.000000e+00 0.000000e+00 0.000000e+00 0.000000e+00 0.000000e+00 0.000000e+00 0.000000e+00 0.000000e+00 0.000000e+00 0.000000e+00 0.000000e+00 0.000000e+00 2.857143e-01 7.142857e-01 0.000000e+00 0.000000e+00 0.000000e+00 0.000000e+00 0.000000e+00 0.000000e+00 0.000000e+00 0.000000e+00 0.000000e+00 0.000000e+00 0.000000e+00 0.000000e+00
 0.000000e+00 0.000000e+00 0.000000e+00 0.000000e+00 0.000000e+00 0.000000e+00 0.000000e+00 0.000000e+00 0.000000e+00 0.000000e+00 0.000000e+00 0.000000e+00 0.000000e+00 0.000000e+00 0.000000e+00 0.000000e+00 0.000000e+00 0.000000e+00 0.000000e+00 0.000000e+00 0.000000e+00 0.000000e+00 0.000000e+00 0.000000e+00 2.857143e-01 7.142857e-01 0.000000e+00 0.000000e+00 0.000000e+00 0.000000e+00 0.000000e+00 0.000000e+00 0.000000e+00 0.000000e+00 0.000000e+00 0.000000e+00 0.000000e+00
 0.000000e+00 0.000000e+00 0.000000e+00 0.000000e+00 0.000000e+00 0.000000e+00 0.000000e+00 0.000000e+00 0.000000e+00 0.000000e+00 0.000000e+00 0.000000e+00 0.000000e+00 0.000000e+00 0.000000e+00 0.000000e+00 0.000000e+00 0.000000e+00 0.000000e+00 0.000000e+00 0.000000e+00 0.000000e+00 0.000000e+00 0.000000e+00 0.000000e+00 3.750000e-01 6.250000e-01 0.000000e+00 0.000000e+00 0.000000e+00 0.000000e+00 0.000000e+00 0.000000e+00 0.000000e+00 0.000000e+00 0.000000e+00 0.000000e+00
 0.000000e+00 0.000000e+00 0.000000e+00 0.000000e+00 0.000000e+00 0.000000e+00 0.000000e+00 0.000000e+00 0.000000e+00 0.000000e+00 0.000000e+00 0.000000e+00 0.000000e+00 0.000000e+00 0.000000e+00 0.000000e+00 0.000000e+00 0.000000e+00 0.000000e+00 0.000000e+00 0.000000e+00 0.000000e+00 0.000000e+00 0.000000e+00 0.000000e+00 0.000000e+00 2.857143e-01 7.142857e-01 0.000000e+00 0.000000e+00 0.000000e+00 0.000000e+00 0.000000e+00 0.000000e+00 0.000000e+00 0.000000e+00 0.000000e+00
 0.000000e+00 0.000000e+00 0.000000e+00 0.000000e+00 0.000000e+00 0.000000e+00 0.000000e+00 0.000000e+00 0.000000e+00 0.000000e+00 0.000000e+00 0.000000e+00 0.000000e+00 0.000000e+00 0.000000e+00 0.000000e+00 0.000000e+00 0.000000e+00 0.000000e+00 0.000000e+00 0.000000e+00 0.000000e+00 0.000000e+00 0.000000e+00 0.000000e+00 0.000000e+00 0.000000e+00 2.857143e-01 7.142857e-01 0.000000e+00 0.000000e+00 0.000000e+00 0.000000e+00 0.000000e+00 0.000000e+00 0.000000e+00 0.000000e+00
 0.000000e+00 0.000000e+00 0.000000e+00 0.000000e+00 0.000000e+00 0.000000e+00 0.000000e+00 0.000000e+00 0.000000e+00 0.000000e+00 0.000000e+00 0.000000e+00 0.000000e+00 0.000000e+00 0.000000e+00 0.000000e+00 0.000000e+00 0.000000e+00 0.000000e+00 0.000000e+00 0.000000e+00 0.000000e+00 0.000000e+00 0.000000e+00 0.000000e+00 0.000000e+00 0.000000e+00 0.000000e+00 3.750000e-01 6.250000e-01 0.000000e+00 0.000000e+00 0.000000e+00 0.000000e+00 0.000000e+00 0.000000e+00 0.000000e+00
 0.000000e+00 0.000000e+00 0.000000e+00 0.000000e+00 0.000000e+00 0.000000e+00 0.000000e+00 0.000000e+00 0.000000e+00 0.000000e+00 0.000000e+00 0.000000e+00 0.000000e+00 0.000000e+00 0.000000e+00 0.000000e+00 0.000000e+00 0.000000e+00 0.000000e+00 0.000000e+00 0.000000e+00 0.000000e+00 0.000000e+00 0.000000e+00 0.000000e+00 0.000000e+00 0.000000e+00 0.000000e+00 0.000000e+00 2.857143e-01 7.142857e-01 0.000000e+00 0.000000e+00 0.000000e+00 0.000000e+00 0.000000e+00 0.000000e+00
 0.000000e+00 0.000000e+00 0.000000e+00 0.000000e+00 0.000000e+00 0.000000e+00 0.000000e+00 0.000000e+00 0.000000e+00 0.000000e+00 0.000000e+00 0.000000e+00 0.000000e+00 0.000000e+00 0.000000e+00 0.000000e+00 0.000000e+00 0.000000e+00 0.000000e+00 0.000000e+00 0.000000e+00 0.000000e+00 0.000000e+00 0.000000e+00 0.000000e+00 0.000000e+00 0.000000e+00 0.000000e+00 0.000000e+00 0.000000e+00 2.857143e-01 7.142857e-01 0.000000e+00 0.000000e+00 0.000000e+00 0.000000e+00 0.000000e+00
 0.000000e+00 0.000000e+00 0.000000e+00 0.000000e+00 0.000000e+00 0.000000e+00 0.000000e+00 0.000000e+00 0.000000e+00 0.000000e+00 0.000000e+00 0.000000e+00 0.000000e+00 0.000000e+00 0.000000e+00 0.000000e+00 0.000000e+00 0.000000e+00 0.000000e+00 0.000000e+00 0.000000e+00 0.000000e+00 0.000000e+00 0.000000e+00 0.000000e+00 0.000000e+00 0.000000e+00 0.000000e+00 0.000000e+00 0.000000e+00 0.000000e+00 3.750000e-01 6.250000e-01 0.000000e+00 0.000000e+00 0.000000e+00 0.000000e+00
 0.000000e+00 0.000000e+00 0.000000e+00 0.000000e+00 0.000000e+00 0.000000e+00 0.000000e+00 0.000000e+00 0.000000e+00 0.000000e+00 0.000000e+00 0.000000e+00 0.000000e+00 0.000000e+00 0.000000e+00 0.000000e+00 0.000000e+00 0.000000e+00 0.000000e+00 0.000000e+00 0.000000e+00 0.000000e+00 0.000000e+00 0.000000e+00 0.000000e+00 0.000000e+00 0.000000e+00 0.000000e+00 0.000000e+00 0.000000e+00 0.000000e+00 0.000000e+00 3.750000e-01 6.250000e-01 0.000000e+00 0.000000e+00 0.000000e+00
 0.000000e+00 0.000000e+00 0.000000e+00 0.000000e+00 0.000000e+00 0.000000e+00 0.000000e+00 0.000000e+00 0.000000e+00 0.000000e+00 0.000000e+00 0.000000e+00 0.000000e+00 0.000000e+00 0.000000e+00 0.000000e+00 0.000000e+00 0.000000e+00 0.000000e+00 0.000000e+00 0.000000e+00 0.000000e+00 0.000000e+00 0.000000e+00 0.000000e+00 0.000000e+00 0.000000e+00 0.000000e+00 0.000000e+00 0.000000e+00 0.000000e+00 0.000000e+00 0.000000e+00 1.666667e-01 8.333333e-01 0.000000e+00 0.000000e+00
 0.000000e+00 0.000000e+00 0.000000e+00 0.000000e+00 0.000000e+00 0.000000e+00 0.000000e+00 0.000000e+00 0.000000e+00 0.000000e+00 0.000000e+00 0.000000e+00 0.000000e+00 0.000000e+00 0.000000e+00 0.000000e+00 0.000000e+00 0.000000e+00 0.000000e+00 0.000000e+00 0.000000e+00 0.000000e+00 0.000000e+00 0.000000e+00 0.000000e+00 0.000000e+00 0.000000e+00 0.000000e+00 0.000000e+00 0.000000e+00 0.000000e+00 0.000000e+00 0.000000e+00 0.000000e+00 2.857143e-01 7.142857e-01 0.000000e+00
 0.000000e+00 0.000000e+00 0.000000e+00 0.000000e+00 0.000000e+00 0.000000e+00 0.000000e+00 0.000000e+00 0.000000e+00 0.000000e+00 0.000000e+00 0.000000e+00 0.000000e+00 0.000000e+00 0.000000e+00 0.000000e+00 0.000000e+00 0.000000e+00 0.000000e+00 0.000000e+00 0.000000e+00 0.000000e+00 0.000000e+00 0.000000e+00 0.000000e+00 0.000000e+00 0.000000e+00 0.000000e+00 0.000000e+00 0.000000e+00 0.000000e+00 0.000000e+00 0.000000e+00 0.000000e+00 0.000000e+00 0.000000e+00 1.000000e+00
 0.000000e+00 0.000000e+00 0.000000e+00 0.000000e+00 0.000000e+00 0.000000e+00 0.000000e+00 0.000000e+00 0.000000e+00 0.000000e+00 0.000000e+00 0.000000e+00 0.000000e+00 0.000000e+00 0.000000e+00 0.000000e+00 0.000000e+00 0.000000e+00 0.000000e+00 0.000000e+00 0.000000e+00 0.000000e+00 0.000000e+00 0.000000e+00 0.000000e+00 0.000000e+00 0.000000e+00 0.000000e+00 0.000000e+00 0.000000e+00 0.000000e+00 0.000000e+00 0.000000e+00 0.000000e+00 0.000000e+00 0.000000e+00 0.000000e+00
<ENDHMM>
