~o
<STREAMINFO> 1 39
<VECSIZE> 39<NULLD><MFCC_E_D_A><DIAGC>
~h "Mo^t"
<BEGINHMM>
<NUMSTATES> 28
<STATE> 2
<MEAN> 39
 -7.165911e+00 -1.001704e+01 -1.883808e+00 -2.248421e+00 1.339238e-01 -4.583502e+00 1.394064e+00 -1.922778e+00 6.569314e-01 -7.994933e-01 3.011310e+00 -5.483050e-01 -6.165424e-02 1.912143e-01 4.397246e-01 -4.447274e-02 -2.955276e-01 -6.663512e-01 -4.593838e-01 -4.038125e-01 -2.828780e-01 1.817924e-01 6.646330e-01 -1.508714e-01 -4.210097e-01 1.404701e-02 7.032543e-01 3.806416e-01 -3.096597e-01 -5.437161e-01 -1.952157e-01 -2.367126e-01 -3.074503e-01 -3.853299e-01 -2.542109e-01 -3.705818e-01 -4.509860e-01 -4.810574e-01 2.898731e-02
<VARIANCE> 39
 2.457483e+00 3.470031e+00 9.902734e+00 6.840689e+00 2.269575e+00 3.361017e+00 1.503244e+01 1.354997e+01 3.102198e+00 1.324401e+01 9.364810e+00 1.350321e+01 1.000000e-02 7.254291e-01 3.975081e-01 5.501071e-01 1.038699e+00 6.830833e-01 7.651682e-01 1.255380e+00 1.059309e+00 8.120496e-01 2.440116e+00 1.573446e+00 1.639055e+00 1.000000e-02 1.481614e-01 3.055801e-02 1.482777e-01 2.127283e-01 9.158355e-02 2.452147e-01 1.281938e-01 2.208362e-01 1.764677e-01 3.076362e-01 2.723638e-01 3.268466e-01 1.000000e-02
<GCONST> 5.804196e+01
<STATE> 3
<MEAN> 39
 -4.089087e+00 -7.091436e+00 -2.359286e+00 -5.410540e+00 -1.496829e+00 -6.016438e+00 7.256719e-01 -2.911285e+00 -4.899621e-03 -1.666762e+00 -3.248990e-01 -4.320673e+00 6.531170e-02 2.615003e+00 1.081324e+00 -1.262130e+00 -2.045930e+00 -9.182745e-01 -1.017281e+00 -1.586276e+00 -1.659665e+00 -7.136961e-01 -7.108372e-01 -1.525150e+00 -1.833831e+00 1.053998e-01 6.971792e-01 -1.590533e-01 -3.859631e-01 -9.916274e-02 -1.081296e-01 -1.257053e-01 -3.918144e-01 -4.004768e-01 -1.691733e-01 -2.046540e-01 -9.293304e-02 -1.481109e-01 2.827363e-02
<VARIANCE> 39
 1.194605e+01 4.907487e+00 5.347034e+00 1.041323e+01 5.851027e+00 1.012941e+01 1.736145e+01 1.908654e+01 9.713630e+00 1.856236e+01 1.210091e+01 1.096061e+01 2.684985e-02 1.574309e+00 1.669685e-01 1.375603e+00 1.037113e+00 5.638798e-01 1.074493e+00 2.823456e-01 7.848579e-01 1.160840e+00 7.265089e-01 1.659751e+00 2.683253e+00 1.000000e-02 1.498509e-01 7.118575e-02 7.590511e-02 1.432567e-01 1.184015e-01 1.542931e-01 2.715879e-01 1.706728e-01 1.165592e-01 3.817424e-01 4.283518e-01 4.506218e-01 1.000000e-02
<GCONST> 6.434898e+01
<STATE> 4
<MEAN> 39
 2.792160e+00 -5.642199e+00 -6.670809e+00 -9.715793e+00 -3.688356e+00 -7.834502e+00 -4.665248e+00 -7.820848e+00 -1.081137e+00 -2.325640e+00 -1.955603e+00 -7.837228e+00 3.445630e-01 3.063003e+00 -2.998320e-02 -1.485571e+00 -9.730628e-01 -1.185813e+00 -9.602309e-01 -1.658635e+00 -1.776456e+00 -6.233603e-01 -5.369631e-01 -6.126710e-01 -8.054591e-01 1.295631e-01 -3.173617e-01 -4.665934e-01 -2.176798e-01 1.144870e-01 1.001228e-01 5.908389e-01 4.834452e-01 4.614955e-01 4.020439e-02 -2.373910e-02 2.566218e-01 7.260103e-01 -3.974815e-03
<VARIANCE> 39
 2.363727e+01 1.261174e+00 9.156178e+00 4.237823e+00 6.836771e+00 1.456787e+01 8.405249e+00 9.815059e+00 1.999212e+01 1.056640e+01 8.909002e+00 2.150154e+01 3.493863e-02 5.361247e-01 4.299335e-01 3.976436e-01 5.735801e-01 6.848314e-01 7.672335e-01 1.415969e+00 5.920017e-01 8.041259e-01 7.268329e-01 1.274266e+00 1.468146e+00 1.000000e-02 3.254753e-01 3.910054e-02 4.517356e-01 2.860944e-01 1.508703e-01 2.241343e-01 3.638077e-01 4.617389e-01 1.382883e-01 1.239708e-01 3.139620e-01 2.615253e-01 1.000000e-02
<GCONST> 6.396519e+01
<STATE> 5
<MEAN> 39
 8.515362e+00 -7.304493e+00 -8.761521e+00 -1.027854e+01 -6.413261e+00 -9.742440e+00 -6.465739e+00 -1.089075e+01 -3.298454e+00 -5.086646e+00 -3.574158e+00 -6.921550e+00 5.904609e-01 1.008022e+00 -8.040441e-01 -2.582814e+00 -2.056292e+00 5.720646e-02 2.028154e+00 6.368522e-01 5.974420e-01 -3.000851e-01 -8.112339e-01 -3.448730e-01 8.649635e-01 8.888394e-02 -1.146008e+00 -2.633540e-01 -9.103214e-01 -5.189784e-01 1.229892e+00 1.494626e+00 1.061045e+00 1.101208e+00 1.623307e-01 7.886079e-02 2.780240e-01 2.412160e-01 -1.062382e-02
<VARIANCE> 39
 6.440070e+00 8.224107e+00 7.902714e+00 8.376736e+00 7.885966e+00 2.030622e+01 2.703495e+01 2.028966e+01 2.869621e+01 7.533585e+00 7.759770e+00 1.986096e+01 1.000000e-02 1.344482e+00 4.018946e-01 3.123444e+00 2.284749e+00 1.743529e+00 4.801846e+00 4.614467e+00 4.357601e+00 1.063423e+00 1.293480e+00 1.056004e+00 2.588708e-01 1.000000e-02 9.895097e-02 1.048895e-01 2.393198e-01 3.299159e-01 2.972501e-01 3.723049e-01 2.283702e-01 3.108601e-01 3.247173e-01 2.327301e-01 1.751420e-01 2.248191e-01 1.000000e-02
<GCONST> 7.554806e+01
<STATE> 6
<MEAN> 39
 7.529837e+00 -9.795016e+00 -2.038062e+01 -2.039778e+01 -2.214179e+00 2.249238e+00 -1.875015e+00 -4.273969e+00 -2.614532e+00 -5.351712e+00 -2.833027e+00 -4.045949e+00 7.852484e-01 -2.030765e+00 -1.190153e+00 -4.999047e+00 -2.989625e+00 4.203159e+00 4.832750e+00 2.775575e+00 2.300786e+00 -3.495460e-01 -1.174421e-01 4.185666e-01 3.977958e-01 7.867332e-02 -7.141215e-01 1.097614e-01 5.300296e-01 5.675657e-01 5.105226e-01 -2.066531e-01 4.257688e-02 -3.466012e-01 -4.975146e-04 2.913013e-01 1.627727e-01 -2.339137e-01 -1.546555e-02
<VARIANCE> 39
 1.615582e+01 1.132791e+01 3.193994e+01 3.027519e+01 2.404139e+01 8.877658e+01 6.943124e+01 3.513937e+01 1.456910e+01 2.779766e+01 9.168293e+00 1.480385e+01 1.000000e-02 6.676601e-01 8.526915e-01 1.141902e+00 3.919909e+00 1.974307e+00 3.982907e+00 4.737645e+00 3.051714e+00 2.959875e+00 1.268876e+00 5.567441e-01 1.523297e+00 1.000000e-02 1.541337e-01 1.570791e-01 7.504471e-01 2.732672e-01 4.259079e-01 1.360514e+00 9.758941e-01 4.453998e-01 2.748680e-01 3.894129e-01 9.934704e-02 7.658385e-02 1.000000e-02
<GCONST> 8.935561e+01
<STATE> 7
<MEAN> 39
 1.209340e+00 -1.163159e+01 -2.635128e+01 -2.085826e+01 7.463587e+00 8.510539e+00 3.856634e+00 -2.736773e+00 -3.772377e+00 -6.201963e+00 -2.595256e+00 -4.444962e+00 8.866028e-01 -1.860729e+00 -4.611805e-01 -1.520589e+00 -5.836264e-01 2.265552e+00 2.360235e+00 1.225586e+00 2.637041e-01 -1.594201e-01 4.142532e-01 4.210904e-01 8.718461e-02 3.813098e-02 4.342471e-01 3.972051e-01 1.357796e+00 3.491791e-01 -1.195170e+00 -1.253780e+00 -8.995746e-01 -4.729652e-01 -1.650129e-01 3.416284e-01 1.492671e-01 -7.872518e-02 -1.428277e-02
<VARIANCE> 39
 1.506950e+01 7.573626e+00 1.551145e+01 3.017195e+01 3.075777e+01 8.867905e+00 6.867892e+01 4.513898e+01 8.673808e+00 8.637711e+00 1.510124e+01 6.657430e+01 1.000000e-02 1.010024e+00 1.096898e+00 3.151335e+00 6.333195e-01 2.739338e+00 6.897519e+00 4.608306e+00 2.849986e+00 1.458304e+00 1.310704e+00 4.825302e-01 8.107054e-01 1.000000e-02 6.561673e-02 9.455585e-02 2.360233e-01 4.466429e-01 2.256838e-01 5.365276e-01 9.932204e-01 1.011597e+00 6.269433e-01 3.358079e-01 1.258458e-01 3.098222e-01 1.000000e-02
<GCONST> 8.540025e+01
<STATE> 8
<MEAN> 39
 1.220855e+00 -1.163760e+01 -2.587209e+01 -2.197182e+01 6.942997e+00 1.010501e+01 3.992264e+00 -2.367770e+00 -4.127671e+00 -3.456906e+00 -1.019890e+00 -4.932664e+00 9.343861e-01 -4.057086e-01 1.948650e-01 3.824188e-01 -1.410740e+00 -2.902499e-01 3.896335e-02 -3.974926e-01 9.932853e-01 -9.489801e-01 1.188607e+00 1.215341e+00 2.384828e-01 1.929408e-02 3.291934e-01 2.415238e-01 2.703844e-01 -1.189120e-01 -7.351239e-01 -9.433572e-01 -2.481632e-01 1.006486e-01 -8.354288e-03 -1.499190e-01 2.251376e-01 5.176073e-02 -7.043309e-03
<VARIANCE> 39
 1.838334e+01 2.151746e+00 1.594467e+01 3.704404e+01 5.217051e+01 7.225342e+00 2.713867e+01 2.089369e+01 1.557373e+01 2.556746e+00 6.024662e+00 4.908337e+01 1.000000e-02 2.214004e-01 5.210607e-01 7.106892e-01 6.675912e-01 4.775025e-01 1.075395e+00 3.499009e+00 3.977219e+00 2.716578e+00 1.541262e+00 9.473881e-01 1.024961e+00 1.000000e-02 1.425607e-01 8.173745e-02 4.448550e-01 4.430153e-01 1.914686e-01 9.485765e-01 7.619461e-01 3.807724e-01 1.930688e-01 1.780227e-01 8.639608e-02 1.722275e-01 1.000000e-02
<GCONST> 7.343280e+01
<STATE> 9
<MEAN> 39
 -1.342160e+00 -1.054251e+01 -2.521940e+01 -2.684722e+01 6.557497e+00 9.337446e+00 1.021586e+00 -1.106785e+00 -6.482106e+00 -2.197647e+00 1.206473e+00 -2.800827e+00 9.651057e-01 -4.570903e-01 2.230602e-01 -5.225821e-01 -8.634439e-01 -1.062015e+00 -9.800144e-01 -2.031773e-01 6.890177e-01 -3.888153e-01 1.189487e-02 8.609447e-01 4.252297e-02 9.191006e-03 1.546306e-01 -3.408615e-02 1.866121e-02 4.251865e-01 -3.927918e-01 3.228745e-02 1.589972e-01 -3.374380e-02 3.569557e-01 -2.067135e-01 -2.367510e-01 3.652743e-02 -2.515017e-03
<VARIANCE> 39
 1.748005e+01 4.300154e+00 1.562422e+01 2.494401e+01 3.982920e+01 1.699685e+01 3.635841e+01 2.569795e+01 2.110031e+01 7.901875e+00 8.822753e+00 3.949553e+01 1.000000e-02 2.199109e-01 3.245726e-01 1.201524e+00 2.472922e+00 4.321840e-01 1.516234e+00 1.346363e+00 1.748110e+00 8.831262e-01 4.843523e-01 5.965649e-01 7.937581e-01 1.000000e-02 6.709323e-02 7.713078e-02 1.437943e-01 2.178464e-01 1.318052e-01 2.949306e-01 4.415922e-01 4.515961e-01 4.876519e-01 3.832082e-01 1.628727e-01 1.381470e-01 1.000000e-02
<GCONST> 7.070134e+01
<STATE> 10
<MEAN> 39
 -1.232252e+00 -9.816413e+00 -2.895201e+01 -2.464915e+01 2.144320e+00 6.788176e+00 3.433095e+00 4.214279e-01 -5.525558e+00 -3.858787e+00 3.416409e+00 -3.399883e+00 9.814185e-01 2.976150e-01 3.992223e-01 5.465301e-01 5.992157e-01 -1.746374e+00 8.173349e-01 3.941901e-01 2.694863e-01 9.655592e-01 -7.077522e-02 1.719034e-01 6.765618e-01 8.245589e-03 3.084718e-01 -9.763518e-02 7.014486e-01 1.028283e-01 -1.249157e-01 6.656066e-01 4.255780e-02 3.043427e-01 7.296041e-02 4.644846e-01 -5.959226e-01 1.628497e-01 -3.344161e-03
<VARIANCE> 39
 9.343847e+00 3.102057e+00 2.187725e+01 2.588633e+01 4.519570e+01 3.292290e+01 2.695659e+01 2.487888e+01 1.245770e+01 8.181333e+00 3.085877e+00 1.410635e+01 1.000000e-02 4.262358e-01 2.278625e-01 7.021854e-01 1.593356e+00 1.087951e+00 2.615809e+00 1.234310e+00 9.076691e-01 1.471143e+00 1.759801e+00 1.527604e+00 9.080870e-01 1.000000e-02 1.412387e-02 4.003436e-02 3.534636e-01 4.838864e-01 2.469696e-01 2.764502e-01 3.276147e-01 3.308362e-01 1.287677e-01 1.310328e-01 1.727502e-01 7.463099e-02 1.000000e-02
<GCONST> 6.741404e+01
<STATE> 11
<MEAN> 39
 -4.519708e-02 -9.706497e+00 -2.436403e+01 -2.545688e+01 2.491080e-02 1.113131e+01 3.301960e+00 2.270897e+00 -4.245690e+00 -1.354107e+00 2.474426e+00 -2.021021e+00 9.839871e-01 4.647938e-01 -1.909244e-01 1.471132e+00 -1.804246e-01 -1.734599e+00 5.184367e-01 1.878603e-02 1.631691e+00 1.489982e-02 1.251691e+00 -1.191593e+00 5.134871e-01 -3.468343e-04 -1.410849e-02 -1.826562e-01 1.232027e-01 -9.383996e-02 -5.164086e-02 -5.495009e-01 -2.288961e-01 2.724754e-01 -2.390455e-01 1.027851e-01 -6.019816e-01 4.072917e-02 -3.104006e-03
<VARIANCE> 39
 7.397351e+00 5.168023e+00 1.510076e+01 3.240007e+01 7.642987e+01 5.148532e+01 3.156511e+01 1.243261e+01 8.369164e+00 1.572792e+01 1.622832e+01 2.815869e+01 1.000000e-02 3.207163e-01 2.870446e-01 1.401131e+00 1.093663e+00 1.881119e+00 2.009625e+00 1.268148e+00 1.091384e+00 3.242095e-01 7.231777e-01 6.990904e-01 1.411615e+00 1.000000e-02 3.859361e-02 8.823591e-02 1.124740e-01 3.307674e-01 4.053887e-01 5.227526e-01 1.615722e-01 2.202266e-01 1.936274e-01 3.721799e-01 2.164004e-01 8.292980e-02 1.000000e-02
<GCONST> 7.067364e+01
<STATE> 12
<MEAN> 39
 3.271151e-01 -1.054961e+01 -2.133033e+01 -2.629192e+01 -3.548769e+00 8.905920e+00 2.672452e+00 6.281222e+00 -5.324197e+00 1.237505e+00 -1.785460e+00 -8.727311e-01 9.779327e-01 2.383666e-01 -2.440118e-01 1.020824e+00 -2.886142e-01 -1.596040e+00 -1.616623e+00 -3.894348e-01 1.380311e+00 -6.189484e-02 5.890368e-01 -1.886238e+00 7.499638e-01 -6.612679e-03 -4.076576e-02 1.241553e-01 -2.281061e-01 -4.404749e-02 3.055042e-01 -8.176834e-01 -1.118890e-01 -7.912171e-02 -8.075718e-02 -1.932222e-01 -4.531689e-02 2.597985e-02 -3.851869e-03
<VARIANCE> 39
 5.256130e+00 4.174686e+00 7.774945e+00 2.649673e+01 5.285649e+01 3.044877e+01 2.840016e+01 7.529038e+00 1.385969e+01 3.444077e+00 2.970200e+00 3.920311e+01 1.000000e-02 1.468200e-01 3.866935e-01 5.109898e-01 1.054300e+00 1.509833e+00 1.133168e+00 3.589420e-01 1.335581e+00 6.318207e-01 1.999274e+00 8.774235e-01 3.550559e-01 1.000000e-02 4.809783e-02 5.619735e-02 1.492163e-01 1.986185e-01 2.376556e-01 2.642608e-01 2.715644e-01 5.602399e-02 1.136986e-01 1.185476e-01 7.352331e-02 1.843230e-01 1.000000e-02
<GCONST> 5.803857e+01
<STATE> 13
<MEAN> 39
 1.408047e+00 -1.122125e+01 -1.953506e+01 -2.664556e+01 -6.900384e+00 3.792548e+00 1.632603e+00 8.857548e+00 -4.954295e+00 1.724993e+00 -6.159590e+00 7.814832e-01 9.557454e-01 2.289524e-01 2.666555e-01 6.798020e-01 -4.112352e-01 -3.172753e-01 -3.091035e+00 -3.338755e-01 1.511987e+00 -4.531109e-01 5.097124e-01 -1.644118e+00 6.600182e-01 -1.484606e-02 4.058738e-02 1.565870e-01 -1.280215e-01 4.491497e-02 6.707354e-01 -2.721666e-01 4.205721e-01 -1.286726e-02 -6.251734e-02 -1.041586e-01 4.405814e-01 8.230095e-02 -4.203718e-03
<VARIANCE> 39
 5.286118e+00 6.764534e+00 1.168363e+01 2.654644e+01 3.840860e+01 3.588270e+01 3.242294e+01 2.634779e+01 1.685147e+01 1.205735e+01 1.316300e+01 4.155279e+01 1.000000e-02 5.553352e-01 1.871839e-01 6.668248e-01 2.515951e+00 2.062196e+00 8.455952e-01 1.232343e+00 9.542462e-01 1.317460e+00 3.679697e-01 5.639327e-01 5.598696e-01 1.000000e-02 6.607984e-02 1.127185e-01 4.662715e-02 7.208304e-02 8.446796e-02 1.332771e-01 2.192476e-01 3.425517e-01 3.331667e-01 2.227214e-01 1.994639e-01 1.401209e-01 1.000000e-02
<GCONST> 6.601845e+01
<STATE> 14
<MEAN> 39
 2.198489e+00 -1.043455e+01 -1.794133e+01 -2.659594e+01 -6.945136e+00 -3.541298e+00 1.805694e+00 1.355918e+01 -6.796640e+00 1.476737e+00 -7.964524e+00 2.444473e-01 9.247391e-01 2.496256e-01 4.717179e-01 7.313390e-01 2.401871e-02 8.660818e-01 -2.638231e+00 1.174433e+00 1.107156e+00 -2.399103e-01 4.754776e-02 -2.378174e-01 1.283549e+00 -2.198537e-02 5.459819e-02 -2.478107e-01 5.507816e-02 2.360548e-01 1.299374e-01 2.278921e-01 6.691980e-01 -8.387257e-01 5.930470e-01 -2.123045e-01 4.072228e-01 -5.452572e-02 -7.884565e-03
<VARIANCE> 39
 4.432019e+00 4.966413e+00 1.562867e+01 5.418197e+01 4.168541e+01 2.881416e+01 4.583746e+01 3.436258e+01 1.119017e+01 5.546899e+00 1.661721e+01 2.978988e+01 1.000000e-02 5.520197e-01 3.271450e-01 2.671506e-01 1.777162e+00 5.128118e-01 9.745030e-01 1.993874e+00 1.442739e+00 2.760098e+00 4.492509e-01 7.751319e-01 1.354448e+00 1.000000e-02 8.542944e-02 1.251955e-01 3.148488e-02 5.068141e-01 2.868159e-01 1.171828e-01 4.656910e-01 3.881286e-01 2.989437e-01 7.000953e-02 1.213742e-01 2.059773e-01 1.000000e-02
<GCONST> 6.931606e+01
<STATE> 15
<MEAN> 39
 1.887826e+00 -8.971992e+00 -1.630034e+01 -2.783610e+01 -2.650307e+00 -9.273759e+00 8.159051e+00 1.269511e+01 -6.172261e+00 2.706433e+00 -8.966899e+00 5.815546e+00 8.665839e-01 7.231578e-01 -7.571430e-01 8.347600e-01 1.088305e+00 8.440743e-02 -2.039778e+00 2.071337e+00 -1.733751e+00 1.345265e+00 -4.224794e-01 2.531696e-01 -5.069705e-02 -5.011126e-02 3.569674e-01 -3.806188e-01 -1.509672e-01 9.901413e-01 -6.103568e-01 1.058196e+00 -7.894105e-01 -1.100876e+00 3.171842e-01 -5.881385e-01 7.878842e-01 -9.371324e-01 -1.737346e-02
<VARIANCE> 39
 6.870507e+00 3.838016e+00 2.690925e+01 5.941969e+01 2.880359e+01 3.163325e+01 2.337512e+01 6.025980e+00 1.131762e+01 6.918356e+00 3.061943e+01 1.720457e+01 1.000000e-02 5.582193e-01 7.427310e-01 6.035383e-01 2.268744e+00 8.519486e-01 8.923194e-01 2.999693e+00 1.908086e+00 1.557618e+00 6.315348e-01 1.737037e+00 1.029204e+00 1.000000e-02 1.217977e-01 1.100798e-01 1.562777e-01 6.565531e-01 2.889110e-01 2.266832e-01 3.136848e-01 1.327727e-01 3.453566e-01 1.006125e-01 3.422922e-01 6.578571e-02 1.000000e-02
<GCONST> 7.272340e+01
<STATE> 16
<MEAN> 39
 4.480653e+00 -1.303613e+01 -1.636823e+01 -2.367087e+01 -4.830155e+00 -9.115497e+00 8.342356e+00 7.286675e+00 -1.272616e+00 3.996677e-01 -5.723006e+00 2.448176e+00 7.306461e-01 1.065836e+00 -9.511594e-01 -5.959643e-02 3.023919e+00 -8.590252e-01 6.856829e-01 -9.268188e-01 -3.206296e+00 1.086234e+00 -1.792529e+00 1.687801e+00 -1.753090e+00 -8.163483e-02 -1.301276e-01 2.825228e-01 -2.971297e-01 3.793142e-01 8.988720e-02 9.475121e-01 -1.032665e+00 -1.801065e-01 -3.041846e-01 -1.403681e-02 4.818893e-01 -2.999594e-01 -5.574760e-03
<VARIANCE> 39
 1.961145e+00 3.084583e+00 1.853507e+01 1.742086e+01 3.897737e+01 4.069898e+01 5.917282e+00 2.193532e+01 2.062884e+01 8.623631e+00 3.623249e+01 1.554660e+01 1.000000e-02 4.559049e-01 1.217954e+00 9.329370e-01 5.225897e+00 3.357263e+00 7.656416e-01 2.818928e+00 2.316294e-01 2.383901e+00 5.533777e-01 1.427805e+00 1.602504e+00 1.000000e-02 5.580339e-02 1.922696e-01 1.181855e-01 2.897239e-01 2.608851e-01 1.475324e-01 2.566566e-01 2.238112e-01 5.673653e-01 3.072613e-01 2.278393e-01 2.921919e-01 1.000000e-02
<GCONST> 7.332786e+01
<STATE> 17
<MEAN> 39
 6.122517e+00 -1.323337e+01 -1.691557e+01 -1.616593e+01 -6.833305e+00 -5.529517e+00 3.318146e+00 4.169329e-01 -8.156917e-01 -3.653982e+00 5.399392e-01 -3.390777e-01 5.457731e-01 2.632010e-01 1.679661e-02 -5.431079e-01 1.973636e+00 5.508057e-01 1.809134e+00 -1.289687e+00 -2.036486e+00 9.184653e-01 -5.779434e-01 2.361065e+00 -1.043599e+00 -6.413661e-02 -5.045508e-01 2.632080e-01 -9.245697e-02 -7.659523e-01 7.752497e-01 8.256862e-02 4.853637e-01 6.730285e-01 -2.950471e-01 5.385289e-01 -4.279744e-01 3.346626e-01 1.533080e-02
<VARIANCE> 39
 3.135279e+00 5.100243e+00 1.209660e+01 8.407965e+00 2.132843e+01 1.274971e+01 5.303146e+00 1.518900e+01 1.129108e+01 1.238064e+01 3.461384e+01 6.094362e+00 1.000000e-02 4.511819e-01 6.402684e-01 7.923990e-01 1.291932e+00 2.261542e+00 4.737848e-01 1.155165e+00 1.147462e+00 1.554068e+00 2.368398e+00 2.508135e+00 1.730406e+00 1.000000e-02 5.597490e-02 9.806696e-02 1.297422e-01 4.054813e-01 1.894143e-01 1.178903e-01 2.245306e-01 5.985155e-02 9.127379e-02 2.810748e-01 7.342299e-01 2.081419e-01 1.000000e-02
<GCONST> 6.564273e+01
<STATE> 18
<MEAN> 39
 5.241452e+00 -1.165915e+01 -1.732749e+01 -1.380742e+01 -2.055614e+00 -2.372546e+00 4.084812e+00 -1.842218e+00 -9.483210e-01 -3.254065e+00 1.819955e+00 -2.566256e+00 4.692229e-01 -6.679710e-01 -3.157687e-01 1.729390e-01 4.553123e-01 1.222908e+00 1.090360e+00 2.270502e-01 -7.827585e-01 -1.335669e-01 1.505158e-01 4.314814e-01 -2.859934e-01 -2.672317e-02 -1.756293e-01 -2.183171e-01 1.394884e-01 -4.717816e-01 -3.490550e-01 -1.684787e-01 2.033403e-01 5.588097e-01 -1.063767e-01 1.542763e-01 -5.463344e-01 2.096506e-01 1.184488e-02
<VARIANCE> 39
 2.098743e+00 4.029466e+00 6.221772e+00 4.589694e+00 9.800674e+00 1.419479e+01 1.002427e+01 3.838049e+01 4.820276e+00 1.355462e+01 2.322703e+01 1.539488e+01 1.000000e-02 3.097788e-01 5.709120e-01 1.458108e+00 2.195984e+00 9.379441e-01 5.713567e-01 2.945608e-01 1.009770e+00 1.477752e+00 2.180526e+00 2.994162e+00 7.618762e-01 1.000000e-02 6.423092e-02 9.357513e-02 1.743897e-01 2.219796e-01 1.544983e-01 9.007744e-02 6.124947e-02 3.176354e-01 3.776826e-01 3.025817e-01 1.656816e-01 2.911168e-01 1.000000e-02
<GCONST> 6.210408e+01
<STATE> 19
<MEAN> 39
 3.646253e+00 -1.411630e+01 -1.701050e+01 -1.443463e+01 -2.100261e+00 -1.164776e+00 3.447390e+00 -2.025575e+00 1.782719e-01 -1.316464e+00 1.852715e+00 -2.114022e+00 4.399139e-01 -5.815488e-01 -7.614489e-02 5.691773e-02 -8.587506e-02 9.498230e-02 6.201698e-01 -3.210935e-02 3.882127e-01 -1.025137e-01 6.024820e-02 1.007806e-01 -3.612930e-01 -1.354608e-02 -3.879213e-02 3.096705e-01 1.601663e-01 -2.361087e-01 -3.471954e-01 -3.834929e-01 -5.249544e-02 6.383249e-01 -4.002467e-01 -3.441219e-01 -1.121945e-01 7.966725e-02 1.974620e-03
<VARIANCE> 39
 1.036355e+00 3.370528e+00 7.925046e+00 1.281722e+01 1.760655e+01 2.212964e+01 8.357666e+00 1.964594e+01 3.069390e+01 1.034050e+01 1.172834e+01 5.980031e+00 1.000000e-02 3.547838e-01 3.990110e-01 1.178016e+00 1.135138e+00 5.756900e-01 4.676940e-01 4.709677e-01 2.438900e+00 1.943187e+00 8.891185e-01 2.471918e+00 4.600546e-01 1.000000e-02 9.803911e-02 8.087980e-02 5.379752e-01 4.770587e-01 1.934824e-01 8.739186e-02 1.265377e-01 1.446731e-01 8.893763e-01 5.252216e-01 1.950329e-01 1.396850e-01 1.000000e-02
<GCONST> 6.400572e+01
<STATE> 20
<MEAN> 39
 2.446844e+00 -1.269084e+01 -1.732038e+01 -1.529795e+01 -2.013506e+00 -3.430182e-01 4.188124e+00 7.493579e-01 -1.629305e+00 -3.222553e+00 2.825468e+00 -2.904493e+00 4.112033e-01 -7.767873e-01 7.940188e-01 7.313154e-01 -5.438716e-01 -3.404504e-01 -1.612324e-01 1.400087e-01 1.686706e+00 -8.211761e-01 -5.803677e-01 -3.138429e-01 -2.084058e-01 -2.175674e-02 9.385810e-02 3.701219e-02 2.197427e-01 1.070619e-01 -9.699140e-02 -2.999212e-01 6.853040e-02 -1.680553e-01 3.870045e-01 4.699414e-02 -2.685501e-01 9.382746e-04 -2.808910e-03
<VARIANCE> 39
 5.347124e+00 8.868083e+00 8.117412e+00 1.342716e+01 1.296154e+01 8.461415e+00 1.704762e+01 4.257919e+01 1.559251e+01 1.097789e+01 1.488893e+01 1.474032e+01 1.000000e-02 5.750656e-01 2.924579e-01 2.470376e+00 1.335115e+00 2.081881e+00 5.526610e-01 1.788958e+00 1.452639e+00 5.841148e+00 2.273294e+00 7.730564e-01 1.013810e+00 1.000000e-02 1.248771e-01 1.551113e-01 2.916108e-01 2.913159e-01 1.253728e-01 5.345550e-02 1.850429e-01 4.482095e-01 8.240401e-01 2.316709e-01 2.648943e-01 2.049979e-01 1.000000e-02
<GCONST> 7.260529e+01
<STATE> 21
<MEAN> 39
 1.022225e+00 -1.080201e+01 -1.322540e+01 -1.513068e+01 -3.302341e+00 -2.038240e+00 3.773870e+00 3.103227e+00 -2.257120e+00 -4.228529e+00 -4.128629e-01 -3.510933e+00 3.510043e-01 -2.107682e-01 -6.034218e-02 7.260760e-01 4.766976e-01 -2.184541e-01 -5.897993e-01 1.903537e-01 -1.962413e-01 1.419694e+00 8.147655e-02 -7.925935e-01 1.377511e-03 -2.378487e-02 2.217406e-01 -2.712010e-01 -1.885251e-01 4.171397e-01 1.341402e-01 2.085445e-01 1.789550e-01 -6.393703e-01 4.660594e-01 9.967274e-02 2.075570e-01 9.201339e-02 1.931960e-03
<VARIANCE> 39
 4.898484e+00 2.260365e+00 2.170146e+01 7.707488e+00 3.527683e+00 8.813433e+00 2.496696e+01 4.189811e+01 2.772951e+01 2.418822e+01 1.144892e+01 7.946307e+00 1.000000e-02 6.903334e-01 7.963582e-01 1.504876e+00 1.583804e+00 6.487150e-01 3.459435e-01 7.841529e-01 2.119673e+00 4.463166e+00 9.910897e-01 7.771965e-01 1.823667e+00 1.000000e-02 1.883983e-01 9.865506e-02 6.330639e-01 3.553179e-01 2.241455e-01 7.212039e-02 2.414723e-01 5.131420e-01 1.190891e+00 4.359712e-01 1.305980e-01 1.140032e-01 1.000000e-02
<GCONST> 7.136125e+01
<STATE> 22
<MEAN> 39
 1.197058e+00 -1.242705e+01 -1.472058e+01 -1.452973e+01 -3.476169e+00 -2.261902e+00 5.287463e+00 2.061784e+00 2.869302e+00 -3.325742e+00 5.225939e-02 -2.957290e+00 3.199036e-01 5.592075e-03 -1.044265e-01 1.787480e-01 9.564589e-01 2.197691e-01 5.707250e-01 7.036055e-01 -7.280595e-01 4.190549e-01 -3.160663e-01 4.785369e-01 -2.530459e-02 -1.478080e-02 -1.136684e-01 8.125480e-02 1.230345e-01 1.772506e-01 1.639090e-01 1.914139e-01 1.190928e-02 -4.295803e-02 -6.964381e-01 -1.033904e-01 3.210607e-01 -4.954109e-02 -3.896326e-04
<VARIANCE> 39
 2.663020e+00 2.730565e+00 7.274410e+00 6.894547e+00 4.475653e+00 1.268776e+01 6.129796e+00 1.070509e+01 2.791239e+01 1.096138e+01 7.443065e+00 1.189162e+01 1.000000e-02 6.801507e-01 4.141824e-01 2.152670e+00 1.648194e+00 1.767927e-01 4.105274e-01 7.586229e-01 1.860695e+00 3.213218e+00 1.172359e+00 6.098602e-01 7.278159e-01 1.000000e-02 1.040178e-01 1.377859e-01 4.536867e-01 4.433992e-01 1.371417e-01 1.689765e-01 4.570353e-02 1.722527e-01 8.196232e-01 2.398632e-01 1.106644e-01 2.732335e-01 1.000000e-02
<GCONST> 6.084238e+01
<STATE> 23
<MEAN> 39
 1.058999e+00 -1.128715e+01 -1.233332e+01 -1.127076e+01 -2.519392e+00 -3.111688e-01 6.427420e+00 -5.397494e-01 -3.303948e-01 -4.930850e+00 1.187639e+00 -3.648791e+00 2.856244e-01 -5.777579e-01 1.686734e-01 1.119048e+00 1.224431e+00 4.535636e-01 1.586774e-01 3.346755e-01 -5.179928e-01 -8.270205e-01 -2.349346e-01 3.142489e-01 -2.251229e-01 -2.538423e-02 -1.778105e-01 6.890825e-02 2.152222e-01 -2.716057e-02 2.752548e-02 -3.240973e-01 -2.741741e-01 1.281323e-01 -9.242038e-02 3.125634e-02 -2.704356e-01 1.837520e-02 -6.025385e-03
<VARIANCE> 39
 4.427243e+00 6.872748e+00 1.377889e+01 1.044038e+01 2.522417e+00 1.344915e+01 8.312002e+00 9.682500e+00 9.427629e+00 2.071635e+00 4.890609e+00 1.328871e+01 1.000000e-02 1.540833e-01 4.402440e-01 1.925734e+00 2.133640e+00 6.603011e-01 1.073621e+00 1.627890e+00 4.907198e-01 1.926481e+00 8.688690e-01 6.756111e-01 6.453720e-01 1.000000e-02 8.149882e-02 2.132030e-01 5.007054e-01 4.157670e-01 4.059599e-02 1.614269e-01 1.072216e-01 1.502825e-01 3.239184e-01 1.508902e-01 1.265344e-01 1.111942e-01 1.000000e-02
<GCONST> 5.708299e+01
<STATE> 24
<MEAN> 39
 -7.774205e-01 -1.182433e+01 -1.022724e+01 -9.518045e+00 -1.680280e+00 -1.458738e+00 7.128029e+00 6.462178e-01 -2.264726e-02 -5.646939e+00 -1.893497e-01 -3.787541e+00 2.256828e-01 -7.645739e-01 1.261923e-01 8.246169e-01 7.487212e-01 2.875799e-01 -7.610790e-01 -6.003603e-01 -4.066904e-01 -3.727125e-01 -4.158600e-01 -3.362363e-01 8.198296e-02 -3.601485e-02 -9.733792e-02 1.996320e-01 4.335450e-02 -7.707062e-02 -7.616099e-02 -2.293570e-01 -2.795210e-01 9.216431e-02 2.206724e-01 2.841805e-01 2.259215e-01 3.219301e-01 -6.280438e-03
<VARIANCE> 39
 7.010528e-01 6.739463e+00 1.033166e+01 1.373068e+01 6.390455e+00 3.227298e+00 1.049899e+01 1.024479e+01 3.247314e+00 9.850389e+00 1.728971e+01 9.425892e+00 1.000000e-02 1.981882e-01 1.021866e+00 1.228102e+00 1.193301e+00 3.972821e-01 8.823254e-01 9.998560e-01 4.557058e-01 3.069628e-01 6.015904e-01 1.329426e+00 4.162525e-01 1.000000e-02 2.070945e-02 1.706971e-01 2.821029e-01 3.928083e-01 1.750772e-01 1.090692e-01 1.858194e-01 1.668073e-01 9.209480e-02 2.306222e-01 2.984575e-01 7.892886e-02 1.000000e-02
<GCONST> 5.242535e+01
<STATE> 25
<MEAN> 39
 -2.118201e+00 -1.031130e+01 -7.759859e+00 -8.277992e+00 -1.510908e+00 -4.487982e+00 3.838434e+00 -1.959976e+00 -1.081802e+00 -6.283879e+00 -1.768186e-01 -3.096172e+00 1.504290e-01 -1.078957e+00 1.044232e+00 1.572023e+00 6.711282e-01 1.889057e-01 -5.548674e-01 -4.746872e-01 2.084974e-01 3.463315e-01 8.951585e-01 1.223826e+00 1.102848e+00 -5.560174e-02 -4.465349e-02 -5.874954e-03 -4.686487e-02 -1.430569e-01 1.319608e-01 4.923662e-01 2.593076e-01 2.585220e-01 3.039254e-01 3.531557e-01 4.173714e-01 7.831668e-02 -2.054085e-03
<VARIANCE> 39
 4.141290e+00 3.048679e+00 3.167194e+00 7.473748e+00 5.931995e+00 1.432921e+01 5.035701e+00 1.848475e+00 5.906235e+00 1.199333e+01 1.125300e+01 7.919438e+00 1.000000e-02 1.294063e-01 3.220594e-01 1.142678e+00 1.640890e+00 1.649321e+00 3.640896e-01 6.159167e-01 1.013569e+00 4.243959e-01 4.544954e-01 1.382170e+00 7.157494e-01 1.000000e-02 2.693540e-02 1.353740e-01 8.064626e-02 1.069168e-01 1.244040e-01 1.978390e-01 7.413219e-02 5.771022e-02 2.226696e-02 1.694359e-01 2.398520e-01 2.488288e-02 1.000000e-02
<GCONST> 4.357135e+01
<STATE> 26
<MEAN> 39
 -4.243433e+00 -8.791578e+00 -6.168222e+00 -6.746290e+00 -8.677032e-02 -1.840635e+00 4.350862e+00 -1.319163e+00 -8.745296e-01 -2.597495e+00 5.158253e+00 -7.944353e-01 3.662330e-02 -5.816674e-01 1.579475e-01 5.600212e-01 3.696102e-01 5.348980e-01 2.508723e-01 -8.678178e-02 1.060336e-01 4.820870e-01 3.339419e-01 2.934456e-01 2.433806e-01 -2.537281e-02 1.734693e-01 -2.850242e-01 -2.969466e-01 -1.536901e-01 -3.287509e-02 1.080841e-01 1.004234e-01 -8.861797e-02 7.353955e-02 -1.966771e-01 -4.344838e-01 -2.641101e-01 1.140722e-02
<VARIANCE> 39
 1.415860e+00 3.914231e+00 8.157739e+00 5.152441e+00 1.346618e+01 4.819849e+00 9.910150e+00 1.444360e+01 8.422810e+00 8.917751e+00 1.532310e+01 6.202459e+00 1.000000e-02 2.059031e-01 7.684685e-01 6.171314e-01 9.264945e-01 9.161002e-01 1.170042e+00 4.488048e-01 1.004969e+00 8.368943e-01 1.562790e+00 1.833368e+00 5.737369e-01 1.000000e-02 1.908936e-02 6.310432e-02 2.044418e-01 3.177904e-01 3.186701e-01 1.610511e-01 1.753688e-01 2.452573e-01 1.709053e-01 1.222609e-01 2.041339e-01 1.153003e-01 1.000000e-02
<GCONST> 5.532314e+01
<STATE> 27
<MEAN> 39
 -4.538577e+00 -8.871964e+00 -5.251141e+00 -6.831830e+00 6.152756e-02 -3.288053e+00 3.606291e+00 -5.021433e-01 2.332307e+00 -3.463061e+00 1.960615e+00 -2.229102e+00 2.792454e-02 -2.642720e-01 -3.657378e-01 2.024969e-01 1.155000e-01 -1.821492e-01 4.450681e-02 -1.811863e-01 -3.937861e-01 5.552294e-01 2.030382e-01 -6.529447e-01 -1.867357e-02 -1.160131e-02 1.029672e-01 -6.655344e-02 -1.547317e-01 7.601696e-02 -8.195021e-02 5.274286e-02 2.931164e-02 -2.325834e-01 -4.765687e-01 9.332261e-03 5.975209e-02 1.101616e-01 2.711126e-03
<VARIANCE> 39
 1.097876e+00 2.947983e+00 4.120618e+00 8.799001e+00 5.426507e+00 4.926651e+00 9.885314e+00 9.951791e+00 3.581616e+00 4.444240e+00 8.510111e+00 1.561269e+01 1.000000e-02 9.264250e-02 1.084174e-01 4.901267e-01 5.365919e-01 8.627772e-01 7.359867e-01 1.561701e+00 1.715503e+00 9.784825e-01 3.843863e-01 6.134622e-01 9.825550e-01 1.000000e-02 2.792187e-02 6.622004e-02 2.165622e-01 1.732810e-01 2.861251e-01 2.048131e-01 1.793787e-01 2.689123e-01 1.197927e-01 1.304588e-01 2.160857e-01 2.145717e-01 1.000000e-02
<GCONST> 4.859488e+01
<TRANSP> 28
 0.000000e+00 1.000000e+00 0.000000e+00 0.000000e+00 0.000000e+00 0.000000e+00 0.000000e+00 0.000000e+00 0.000000e+00 0.000000e+00 0.000000e+00 0.000000e+00 0.000000e+00 0.000000e+00 0.000000e+00 0.000000e+00 0.000000e+00 0.000000e+00 0.000000e+00 0.000000e+00 0.000000e+00 0.000000e+00 0.000000e+00 0.000000e+00 0.000000e+00 0.000000e+00 0.000000e+00 0.000000e+00
 0.000000e+00 5.833333e-01 4.166667e-01 0.000000e+00 0.000000e+00 0.000000e+00 0.000000e+00 0.000000e+00 0.000000e+00 0.000000e+00 0.000000e+00 0.000000e+00 0.000000e+00 0.000000e+00 0.000000e+00 0.000000e+00 0.000000e+00 0.000000e+00 0.000000e+00 0.000000e+00 0.000000e+00 0.000000e+00 0.000000e+00 0.000000e+00 0.000000e+00 0.000000e+00 0.000000e+00 0.000000e+00
 0.000000e+00 0.000000e+00 5.000000e-01 5.000000e-01 0.000000e+00 0.000000e+00 0.000000e+00 0.000000e+00 0.000000e+00 0.000000e+00 0.000000e+00 0.000000e+00 0.000000e+00 0.000000e+00 0.000000e+00 0.000000e+00 0.000000e+00 0.000000e+00 0.000000e+00 0.000000e+00 0.000000e+00 0.000000e+00 0.000000e+00 0.000000e+00 0.000000e+00 0.000000e+00 0.000000e+00 0.000000e+00
 0.000000e+00 0.000000e+00 0.000000e+00 5.000000e-01 5.000000e-01 0.000000e+00 0.000000e+00 0.000000e+00 0.000000e+00 0.000000e+00 0.000000e+00 0.000000e+00 0.000000e+00 0.000000e+00 0.000000e+00 0.000000e+00 0.000000e+00 0.000000e+00 0.000000e+00 0.000000e+00 0.000000e+00 0.000000e+00 0.000000e+00 0.000000e+00 0.000000e+00 0.000000e+00 0.000000e+00 0.000000e+00
 0.000000e+00 0.000000e+00 0.000000e+00 0.000000e+00 6.153846e-01 3.846154e-01 0.000000e+00 0.000000e+00 0.000000e+00 0.000000e+00 0.000000e+00 0.000000e+00 0.000000e+00 0.000000e+00 0.000000e+00 0.000000e+00 0.000000e+00 0.000000e+00 0.000000e+00 0.000000e+00 0.000000e+00 0.000000e+00 0.000000e+00 0.000000e+00 0.000000e+00 0.000000e+00 0.000000e+00 0.000000e+00
 0.000000e+00 0.000000e+00 0.000000e+00 0.000000e+00 0.000000e+00 4.444444e-01 5.555556e-01 0.000000e+00 0.000000e+00 0.000000e+00 0.000000e+00 0.000000e+00 0.000000e+00 0.000000e+00 0.000000e+00 0.000000e+00 0.000000e+00 0.000000e+00 0.000000e+00 0.000000e+00 0.000000e+00 0.000000e+00 0.000000e+00 0.000000e+00 0.000000e+00 0.000000e+00 0.000000e+00 0.000000e+00
 0.000000e+00 0.000000e+00 0.000000e+00 0.000000e+00 0.000000e+00 0.000000e+00 5.000000e-01 5.000000e-01 0.000000e+00 0.000000e+00 0.000000e+00 0.000000e+00 0.000000e+00 0.000000e+00 0.000000e+00 0.000000e+00 0.000000e+00 0.000000e+00 0.000000e+00 0.000000e+00 0.000000e+00 0.000000e+00 0.000000e+00 0.000000e+00 0.000000e+00 0.000000e+00 0.000000e+00 0.000000e+00
 0.000000e+00 0.000000e+00 0.000000e+00 0.000000e+00 0.000000e+00 0.000000e+00 0.000000e+00 4.444444e-01 5.555556e-01 0.000000e+00 0.000000e+00 0.000000e+00 0.000000e+00 0.000000e+00 0.000000e+00 0.000000e+00 0.000000e+00 0.000000e+00 0.000000e+00 0.000000e+00 0.000000e+00 0.000000e+00 0.000000e+00 0.000000e+00 0.000000e+00 0.000000e+00 0.000000e+00 0.000000e+00
 0.000000e+00 0.000000e+00 0.000000e+00 0.000000e+00 0.000000e+00 0.000000e+00 0.000000e+00 0.000000e+00 5.833333e-01 4.166667e-01 0.000000e+00 0.000000e+00 0.000000e+00 0.000000e+00 0.000000e+00 0.000000e+00 0.000000e+00 0.000000e+00 0.000000e+00 0.000000e+00 0.000000e+00 0.000000e+00 0.000000e+00 0.000000e+00 0.000000e+00 0.000000e+00 0.000000e+00 0.000000e+00
 0.000000e+00 0.000000e+00 0.000000e+00 0.000000e+00 0.000000e+00 0.000000e+00 0.000000e+00 0.000000e+00 0.000000e+00 3.750000e-01 6.250000e-01 0.000000e+00 0.000000e+00 0.000000e+00 0.000000e+00 0.000000e+00 0.000000e+00 0.000000e+00 0.000000e+00 0.000000e+00 0.000000e+00 0.000000e+00 0.000000e+00 0.000000e+00 0.000000e+00 0.000000e+00 0.000000e+00 0.000000e+00
 0.000000e+00 0.000000e+00 0.000000e+00 0.000000e+00 0.000000e+00 0.000000e+00 0.000000e+00 0.000000e+00 0.000000e+00 0.000000e+00 5.454546e-01 4.545455e-01 0.000000e+00 0.000000e+00 0.000000e+00 0.000000e+00 0.000000e+00 0.000000e+00 0.000000e+00 0.000000e+00 0.000000e+00 0.000000e+00 0.000000e+00 0.000000e+00 0.000000e+00 0.000000e+00 0.000000e+00 0.000000e+00
 0.000000e+00 0.000000e+00 0.000000e+00 0.000000e+00 0.000000e+00 0.000000e+00 0.000000e+00 0.000000e+00 0.000000e+00 0.000000e+00 0.000000e+00 5.454546e-01 4.545455e-01 0.000000e+00 0.000000e+00 0.000000e+00 0.000000e+00 0.000000e+00 0.000000e+00 0.000000e+00 0.000000e+00 0.000000e+00 0.000000e+00 0.000000e+00 0.000000e+00 0.000000e+00 0.000000e+00 0.000000e+00
 0.000000e+00 0.000000e+00 0.000000e+00 0.000000e+00 0.000000e+00 0.000000e+00 0.000000e+00 0.000000e+00 0.000000e+00 0.000000e+00 0.000000e+00 0.000000e+00 5.000000e-01 5.000000e-01 0.000000e+00 0.000000e+00 0.000000e+00 0.000000e+00 0.000000e+00 0.000000e+00 0.000000e+00 0.000000e+00 0.000000e+00 0.000000e+00 0.000000e+00 0.000000e+00 0.000000e+00 0.000000e+00
 0.000000e+00 0.000000e+00 0.000000e+00 0.000000e+00 0.000000e+00 0.000000e+00 0.000000e+00 0.000000e+00 0.000000e+00 0.000000e+00 0.000000e+00 0.000000e+00 0.000000e+00 5.454546e-01 4.545455e-01 0.000000e+00 0.000000e+00 0.000000e+00 0.000000e+00 0.000000e+00 0.000000e+00 0.000000e+00 0.000000e+00 0.000000e+00 0.000000e+00 0.000000e+00 0.000000e+00 0.000000e+00
 0.000000e+00 0.000000e+00 0.000000e+00 0.000000e+00 0.000000e+00 0.000000e+00 0.000000e+00 0.000000e+00 0.000000e+00 0.000000e+00 0.000000e+00 0.000000e+00 0.000000e+00 0.000000e+00 4.444444e-01 5.555556e-01 0.000000e+00 0.000000e+00 0.000000e+00 0.000000e+00 0.000000e+00 0.000000e+00 0.000000e+00 0.000000e+00 0.000000e+00 0.000000e+00 0.000000e+00 0.000000e+00
 0.000000e+00 0.000000e+00 0.000000e+00 0.000000e+00 0.000000e+00 0.000000e+00 0.000000e+00 0.000000e+00 0.000000e+00 0.000000e+00 0.000000e+00 0.000000e+00 0.000000e+00 0.000000e+00 0.000000e+00 4.444444e-01 5.555556e-01 0.000000e+00 0.000000e+00 0.000000e+00 0.000000e+00 0.000000e+00 0.000000e+00 0.000000e+00 0.000000e+00 0.000000e+00 0.000000e+00 0.000000e+00
 0.000000e+00 0.000000e+00 0.000000e+00 0.000000e+00 0.000000e+00 0.000000e+00 0.000000e+00 0.000000e+00 0.000000e+00 0.000000e+00 0.000000e+00 0.000000e+00 0.000000e+00 0.000000e+00 0.000000e+00 0.000000e+00 5.454546e-01 4.545455e-01 0.000000e+00 0.000000e+00 0.000000e+00 0.000000e+00 0.000000e+00 0.000000e+00 0.000000e+00 0.000000e+00 0.000000e+00 0.000000e+00
 0.000000e+00 0.000000e+00 0.000000e+00 0.000000e+00 0.000000e+00 0.000000e+00 0.000000e+00 0.000000e+00 0.000000e+00 0.000000e+00 0.000000e+00 0.000000e+00 0.000000e+00 0.000000e+00 0.000000e+00 0.000000e+00 0.000000e+00 5.000000e-01 5.000000e-01 0.000000e+00 0.000000e+00 0.000000e+00 0.000000e+00 0.000000e+00 0.000000e+00 0.000000e+00 0.000000e+00 0.000000e+00
 0.000000e+00 0.000000e+00 0.000000e+00 0.000000e+00 0.000000e+00 0.000000e+00 0.000000e+00 0.000000e+00 0.000000e+00 0.000000e+00 0.000000e+00 0.000000e+00 0.000000e+00 0.000000e+00 0.000000e+00 0.000000e+00 0.000000e+00 0.000000e+00 5.000000e-01 5.000000e-01 0.000000e+00 0.000000e+00 0.000000e+00 0.000000e+00 0.000000e+00 0.000000e+00 0.000000e+00 0.000000e+00
 0.000000e+00 0.000000e+00 0.000000e+00 0.000000e+00 0.000000e+00 0.000000e+00 0.000000e+00 0.000000e+00 0.000000e+00 0.000000e+00 0.000000e+00 0.000000e+00 0.000000e+00 0.000000e+00 0.000000e+00 0.000000e+00 0.000000e+00 0.000000e+00 0.000000e+00 5.454546e-01 4.545455e-01 0.000000e+00 0.000000e+00 0.000000e+00 0.000000e+00 0.000000e+00 0.000000e+00 0.000000e+00
 0.000000e+00 0.000000e+00 0.000000e+00 0.000000e+00 0.000000e+00 0.000000e+00 0.000000e+00 0.000000e+00 0.000000e+00 0.000000e+00 0.000000e+00 0.000000e+00 0.000000e+00 0.000000e+00 0.000000e+00 0.000000e+00 0.000000e+00 0.000000e+00 0.000000e+00 0.000000e+00 5.000000e-01 5.000000e-01 0.000000e+00 0.000000e+00 0.000000e+00 0.000000e+00 0.000000e+00 0.000000e+00
 0.000000e+00 0.000000e+00 0.000000e+00 0.000000e+00 0.000000e+00 0.000000e+00 0.000000e+00 0.000000e+00 0.000000e+00 0.000000e+00 0.000000e+00 0.000000e+00 0.000000e+00 0.000000e+00 0.000000e+00 0.000000e+00 0.000000e+00 0.000000e+00 0.000000e+00 0.000000e+00 0.000000e+00 5.000000e-01 5.000000e-01 0.000000e+00 0.000000e+00 0.000000e+00 0.000000e+00 0.000000e+00
 0.000000e+00 0.000000e+00 0.000000e+00 0.000000e+00 0.000000e+00 0.000000e+00 0.000000e+00 0.000000e+00 0.000000e+00 0.000000e+00 0.000000e+00 0.000000e+00 0.000000e+00 0.000000e+00 0.000000e+00 0.000000e+00 0.000000e+00 0.000000e+00 0.000000e+00 0.000000e+00 0.000000e+00 0.000000e+00 5.000000e-01 5.000000e-01 0.000000e+00 0.000000e+00 0.000000e+00 0.000000e+00
 0.000000e+00 0.000000e+00 0.000000e+00 0.000000e+00 0.000000e+00 0.000000e+00 0.000000e+00 0.000000e+00 0.000000e+00 0.000000e+00 0.000000e+00 0.000000e+00 0.000000e+00 0.000000e+00 0.000000e+00 0.000000e+00 0.000000e+00 0.000000e+00 0.000000e+00 0.000000e+00 0.000000e+00 0.000000e+00 0.000000e+00 5.454546e-01 4.545455e-01 0.000000e+00 0.000000e+00 0.000000e+00
 0.000000e+00 0.000000e+00 0.000000e+00 0.000000e+00 0.000000e+00 0.000000e+00 0.000000e+00 0.000000e+00 0.000000e+00 0.000000e+00 0.000000e+00 0.000000e+00 0.000000e+00 0.000000e+00 0.000000e+00 0.000000e+00 0.000000e+00 0.000000e+00 0.000000e+00 0.000000e+00 0.000000e+00 0.000000e+00 0.000000e+00 0.000000e+00 2.857143e-01 7.142857e-01 0.000000e+00 0.000000e+00
 0.000000e+00 0.000000e+00 0.000000e+00 0.000000e+00 0.000000e+00 0.000000e+00 0.000000e+00 0.000000e+00 0.000000e+00 0.000000e+00 0.000000e+00 0.000000e+00 0.000000e+00 0.000000e+00 0.000000e+00 0.000000e+00 0.000000e+00 0.000000e+00 0.000000e+00 0.000000e+00 0.000000e+00 0.000000e+00 0.000000e+00 0.000000e+00 0.000000e+00 6.153846e-01 3.846154e-01 0.000000e+00
 0.000000e+00 0.000000e+00 0.000000e+00 0.000000e+00 0.000000e+00 0.000000e+00 0.000000e+00 0.000000e+00 0.000000e+00 0.000000e+00 0.000000e+00 0.000000e+00 0.000000e+00 0.000000e+00 0.000000e+00 0.000000e+00 0.000000e+00 0.000000e+00 0.000000e+00 0.000000e+00 0.000000e+00 0.000000e+00 0.000000e+00 0.000000e+00 0.000000e+00 0.000000e+00 2.857143e-01 7.142857e-01
 0.000000e+00 0.000000e+00 0.000000e+00 0.000000e+00 0.000000e+00 0.000000e+00 0.000000e+00 0.000000e+00 0.000000e+00 0.000000e+00 0.000000e+00 0.000000e+00 0.000000e+00 0.000000e+00 0.000000e+00 0.000000e+00 0.000000e+00 0.000000e+00 0.000000e+00 0.000000e+00 0.000000e+00 0.000000e+00 0.000000e+00 0.000000e+00 0.000000e+00 0.000000e+00 0.000000e+00 0.000000e+00
<ENDHMM>
