~o
<STREAMINFO> 1 39
<VECSIZE> 39<NULLD><MFCC_E_D_A><DIAGC>
~h "Muc"
<BEGINHMM>
<NUMSTATES> 5
<STATE> 2
<MEAN> 39
 1.814827e+00 -7.662724e+00 -1.048230e+01 -1.034173e+01 -3.315904e+00 -3.445445e+00 -3.484342e+00 -4.363841e+00 -4.149014e+00 -4.853734e+00 -2.406212e+00 -5.496828e+00 5.133234e-01 3.684159e-01 -1.070553e-01 -2.116526e+00 -1.688905e+00 3.136093e-01 1.150987e+00 -4.774439e-02 1.003670e-01 -8.472403e-01 -2.700047e-02 -2.525648e-01 -5.143338e-01 7.502248e-02 -8.532037e-02 1.292109e-02 4.280939e-02 -1.775801e-01 1.182182e-02 -7.133722e-02 1.430348e-01 1.167798e-01 8.984744e-02 5.663238e-02 9.536298e-02 8.540405e-02 4.517144e-04
<VARIANCE> 39
 4.208340e+01 1.028216e+01 1.345585e+02 6.250126e+01 4.362737e+01 8.258892e+01 3.720081e+01 2.453455e+01 3.250207e+01 1.348373e+01 1.848087e+01 2.967882e+01 1.245315e-01 5.349503e+00 1.295926e+00 5.742075e+00 1.951183e+00 6.318381e+00 1.003224e+01 4.405885e+00 3.773228e+00 1.958127e+00 1.850471e+00 2.316528e+00 2.723537e+00 1.000000e-02 8.632424e-01 2.627926e-01 1.423248e+00 3.628757e-01 1.257912e+00 2.409434e+00 5.577187e-01 6.872697e-01 4.905389e-01 3.408196e-01 4.141004e-01 7.130762e-01 1.000000e-02
<GCONST> 1.123262e+02
<STATE> 3
<MEAN> 39
 2.800882e+00 -1.089886e+01 -1.805058e+01 -2.142847e+01 -2.855034e+00 3.006292e-01 1.694581e+00 3.158487e+00 -5.185096e+00 -3.988327e+00 -2.629318e+00 -1.730259e+00 8.211609e-01 5.546067e-01 -2.693327e-01 1.129107e+00 8.730336e-01 -6.627519e-01 -9.491498e-01 1.832049e-01 -2.503322e-01 9.257607e-01 9.798219e-02 2.855472e-01 4.978176e-01 -4.969971e-02 3.469691e-02 -4.554086e-02 -1.843199e-01 2.070461e-01 2.513213e-02 1.705889e-01 2.431421e-02 -1.434808e-01 3.866201e-02 8.054336e-02 1.985375e-02 -1.082447e-01 -5.556455e-03
<VARIANCE> 39
 2.221519e+01 1.328902e+01 4.670820e+01 6.570222e+01 4.402628e+01 3.125685e+01 2.124568e+01 7.361653e+01 1.442785e+01 1.737986e+01 3.077544e+01 2.828794e+01 3.906922e-02 1.183216e+00 1.365664e+00 3.727072e+00 6.161528e+00 4.742735e+00 4.192612e+00 2.209600e+00 1.204623e+01 1.785470e+00 3.053017e+00 5.214979e+00 2.950063e+00 1.000000e-02 3.075737e-01 2.669520e-01 5.847272e-01 1.209008e+00 1.130574e+00 8.103433e-01 4.750125e-01 2.443693e+00 3.559032e-01 6.961918e-01 1.225991e+00 5.533809e-01 1.000000e-02
<GCONST> 1.095632e+02
<STATE> 4
<MEAN> 39
 5.402910e-01 -1.172901e+01 -1.284380e+01 -1.114915e+01 -4.988634e-01 -5.795315e-01 5.470395e+00 -1.481308e+00 -3.792989e-01 -2.953133e+00 2.432572e+00 -1.816450e+00 3.111982e-01 -5.498633e-01 1.847308e-01 6.420786e-01 5.414044e-01 1.263755e-01 -2.345376e-01 6.735326e-02 1.911502e-02 1.123775e-01 -4.449372e-02 9.317441e-02 5.314190e-02 -2.519817e-02 2.790147e-02 1.605703e-02 1.032790e-01 4.570592e-02 -1.367488e-02 -5.010667e-02 -1.116367e-01 -3.368604e-02 -9.777694e-02 -1.147263e-01 -1.089307e-01 2.228534e-02 1.701048e-03
<VARIANCE> 39
 1.227845e+01 5.461997e+00 2.410524e+01 1.343300e+01 8.796191e+00 1.485524e+01 1.266984e+01 1.609524e+01 1.796383e+01 1.103788e+01 1.379502e+01 1.510297e+01 2.400262e-02 5.146232e-01 4.920560e-01 1.757850e+00 6.109843e-01 5.249090e-01 1.394170e+00 1.829978e+00 1.273968e+00 1.621932e+00 1.280435e+00 1.603527e+00 1.372187e+00 1.000000e-02 1.153782e-01 1.013846e-01 4.044234e-01 1.564744e-01 1.005080e-01 2.931724e-01 3.671553e-01 2.771160e-01 3.625245e-01 2.800809e-01 3.321678e-01 2.641197e-01 1.000000e-02
<GCONST> 7.255481e+01
<TRANSP> 5
 0.000000e+00 1.000000e+00 0.000000e+00 0.000000e+00 0.000000e+00
 0.000000e+00 9.206349e-01 7.936507e-02 0.000000e+00 0.000000e+00
 0.000000e+00 0.000000e+00 8.979592e-01 1.020408e-01 0.000000e+00
 0.000000e+00 0.000000e+00 0.000000e+00 9.382716e-01 6.172839e-02
 0.000000e+00 0.000000e+00 0.000000e+00 0.000000e+00 0.000000e+00
<ENDHMM>
