~o
<STREAMINFO> 1 39
<VECSIZE> 39<NULLD><MFCC_E_D_A><DIAGC>
~h "Nawm"
<BEGINHMM>
<NUMSTATES> 25
<STATE> 2
<MEAN> 39
 -6.652679e+00 -1.016653e+01 -1.432443e+00 -1.667410e+00 4.403287e-01 -3.979903e+00 2.649454e+00 -2.918206e+00 -2.097526e-01 -4.595166e+00 1.595063e+00 -2.477418e+00 -3.799542e-02 -3.749110e-01 -1.285648e-01 -4.083561e-01 -2.503196e-01 -6.458836e-01 -3.255358e-01 1.380154e-01 4.825345e-01 2.456857e-01 -6.558167e-01 -2.319363e-01 1.165583e-01 -1.124271e-02 2.714326e-01 2.218872e-01 -2.531725e-01 -3.290519e-01 -1.316570e-01 -1.069929e-01 -2.709011e-01 1.091980e-01 3.328636e-02 7.704267e-02 -2.084069e-01 -1.066796e-01 1.427878e-02
<VARIANCE> 39
 1.448453e+00 2.644229e+00 7.755054e+00 5.460156e+00 1.546398e+01 9.533922e+00 5.326328e+00 7.566119e+00 1.796255e+01 1.324955e+01 7.962043e+00 3.880065e+00 1.000000e-02 3.402227e-01 2.810495e-01 4.705763e-01 1.235036e+00 1.444355e+00 2.442691e+00 9.646606e-01 8.279067e-01 1.148848e+00 1.582626e+00 1.746085e+00 1.510768e-01 1.000000e-02 2.473159e-01 4.804217e-02 1.445534e-01 3.499655e-01 4.936726e-01 3.545881e-01 2.027331e-01 1.490667e-01 2.557705e-01 2.832417e-01 2.670375e-01 4.766298e-02 1.000000e-02
<GCONST> 5.830640e+01
<STATE> 3
<MEAN> 39
 -6.777966e+00 -8.548686e+00 -2.856627e+00 -2.884133e+00 -6.247051e-01 -4.326480e+00 5.046007e-01 -1.048587e+00 2.425138e+00 -2.203606e+00 1.468437e+00 -1.830983e+00 -1.895245e-02 1.020900e+00 7.130868e-01 -4.060937e-01 -1.675277e+00 -2.872296e-01 -1.301033e-01 -2.702017e-01 -3.950907e-01 -5.930399e-01 -2.254190e-01 -4.165253e-01 -1.632431e-01 5.664127e-02 3.893488e-01 -7.133971e-03 -2.439556e-01 -4.161242e-01 -5.100026e-02 -1.234787e-01 1.366902e-01 -1.461377e-01 -2.362532e-01 -3.565274e-01 -1.847438e-01 -2.209627e-01 2.361886e-02
<VARIANCE> 39
 5.339825e+00 4.763039e+00 1.349680e+01 1.614696e+01 6.026765e+00 7.865449e+00 6.103228e+00 1.771025e+01 9.799623e+00 1.619760e+01 2.105617e+01 1.062374e+01 1.000000e-02 1.633302e+00 3.987846e-01 2.638506e+00 4.765817e+00 2.245629e+00 6.632944e-01 6.549730e-01 1.803065e+00 2.023018e+00 2.017864e+00 2.093740e+00 1.154349e+00 1.000000e-02 2.098234e-01 2.129886e-01 5.825047e-01 3.343104e-01 1.455766e-01 2.356306e-01 1.388932e-01 4.191198e-01 2.954634e-01 5.016487e-01 4.567111e-01 2.813583e-01 1.000000e-02
<GCONST> 7.553673e+01
<STATE> 4
<MEAN> 39
 2.797199e+00 -6.450291e+00 -7.225244e+00 -1.325711e+01 -4.931159e+00 -6.373217e+00 9.380470e-01 -4.588801e+00 -4.412431e+00 -8.446889e+00 -3.533163e+00 -5.768712e+00 3.767703e-01 2.255148e+00 -7.604758e-01 -2.119437e+00 -1.167589e+00 -7.721443e-01 -9.980522e-01 3.360744e-01 1.862327e-01 -7.804055e-01 -1.763833e+00 -1.488522e+00 -1.474956e+00 1.348520e-01 -9.752955e-01 -1.002330e+00 -1.759464e-01 1.600055e+00 3.718556e-01 -2.268402e-01 6.381332e-01 1.729396e-01 5.191005e-01 -3.616464e-01 3.754489e-01 3.243013e-01 -7.382370e-03
<VARIANCE> 39
 3.320919e+01 6.406409e+00 2.177109e+01 3.107067e+01 2.889406e+01 1.545289e+01 9.117234e+00 5.695305e+00 2.265766e+01 7.187850e+00 5.817170e+00 1.872116e+00 2.415717e-02 3.549102e+00 3.671344e+00 7.649410e-01 3.321482e+00 2.142743e+00 6.646425e-01 8.619267e-01 1.132210e+00 5.863079e-01 2.010806e+00 8.286964e-01 5.368108e-01 1.000000e-02 8.871323e-01 2.331752e-01 5.743431e-01 6.626155e-01 7.484374e-01 1.037195e-01 5.381671e-01 1.749868e-01 1.263158e-01 2.027566e-01 3.580955e-01 2.024265e-01 1.000000e-02
<GCONST> 7.758681e+01
<STATE> 5
<MEAN> 39
 2.249226e+00 -1.189598e+01 -9.814934e+00 -1.004307e+01 -5.033534e+00 -1.060467e+01 3.078354e+00 -1.824057e+00 -4.479166e+00 -1.109969e+01 -5.230475e+00 -5.465215e+00 5.546098e-01 -1.997146e+00 -2.470184e+00 -2.729980e+00 2.707160e+00 3.033836e-02 -8.209070e-01 2.928599e+00 -4.427546e-01 9.119802e-01 -2.805645e+00 4.916509e-01 2.256588e-01 9.875668e-02 -1.086128e+00 -3.545698e-01 -1.840454e-01 9.087890e-01 1.729806e-01 5.287899e-01 6.485153e-01 -4.603929e-01 6.009910e-01 -8.188418e-02 6.515758e-01 5.828731e-01 -7.640858e-03
<VARIANCE> 39
 4.675552e+01 2.751650e+01 1.486336e+01 2.185295e+01 4.028305e+01 1.602482e+01 1.020110e+01 1.000437e+01 3.232620e+01 1.000750e+01 1.005476e+01 8.014225e+00 1.709147e-02 3.314543e+00 5.216233e+00 3.342136e+00 6.114486e+00 3.067609e+00 8.499769e-01 5.315307e+00 1.624785e+00 7.891212e-01 1.798713e+00 2.225758e+00 2.380793e+00 1.000000e-02 7.577853e-01 5.061498e-01 1.705181e-01 5.445919e-01 7.921377e-01 4.520451e-01 4.828290e-01 5.668058e-01 2.369364e-01 1.930840e-01 3.280356e-01 6.781624e-02 1.000000e-02
<GCONST> 9.105624e+01
<STATE> 6
<MEAN> 39
 -3.189750e+00 -1.159992e+01 -1.477662e+01 -7.160248e+00 -4.290431e+00 -7.919723e+00 5.630640e+00 -3.578238e+00 1.492906e+00 -1.642534e+01 -2.182890e+00 -6.403420e+00 6.234783e-01 -1.549252e+00 -2.821756e+00 -2.283488e+00 2.034160e+00 -6.499367e-01 -3.997805e-01 2.037931e+00 -6.262510e-01 7.851841e-01 -2.089705e+00 -4.309210e-02 8.097201e-01 9.899450e-02 -5.138543e-01 -5.195442e-01 4.904134e-01 2.676226e-01 3.216179e-01 6.278101e-01 -6.683023e-02 7.693371e-02 2.107985e-02 5.725331e-01 3.584958e-01 6.221756e-01 -7.886578e-03
<VARIANCE> 39
 3.063123e+01 1.092637e+02 3.790052e+01 3.411421e+01 1.022729e+01 1.581897e+01 7.472987e+01 1.434196e+01 5.111079e+00 1.943247e+01 5.551562e+00 1.572926e+01 1.891742e-02 4.742578e+00 2.726376e+00 1.824563e+00 4.042233e+00 5.896134e+00 3.914955e+00 5.881096e+00 3.969469e+00 2.264512e+00 1.520741e+00 5.039742e+00 1.413598e+00 1.000000e-02 8.173347e-01 2.341543e+00 1.018587e+00 7.871885e-01 2.591587e-01 1.278292e-01 9.655872e-01 1.267100e-02 1.538503e-01 2.417651e-01 6.964946e-02 4.303004e-01 1.000000e-02
<GCONST> 9.477647e+01
<STATE> 7
<MEAN> 39
 -5.281682e+00 -1.884505e+01 -1.736249e+01 -1.066931e+00 -3.824024e+00 -9.462944e+00 1.239037e+01 -6.405386e+00 7.057136e-01 -1.781149e+01 -1.890394e+00 -1.664823e+00 8.170733e-01 -2.649158e+00 -2.717690e+00 -1.156720e+00 2.596612e+00 4.985152e-01 1.669138e+00 1.480067e+00 -1.163705e-01 1.147710e+00 -1.587497e+00 1.132363e+00 1.542826e+00 7.677404e-02 1.366186e-01 5.380244e-01 6.689009e-01 -4.665905e-01 4.195563e-01 5.380743e-01 -8.560442e-01 6.746396e-01 -1.803427e-01 4.307853e-01 1.503420e-01 -2.864025e-01 -1.350908e-02
<VARIANCE> 39
 1.542710e+01 1.129711e+01 3.484888e+01 5.471324e+01 1.124990e+01 2.328382e+01 5.474248e+01 3.645591e+01 7.514258e+00 2.243715e+01 3.321243e+01 1.311215e+01 1.055707e-02 3.001849e+00 5.431628e+00 3.783563e+00 1.209968e+00 2.098032e+00 6.120126e-01 2.832294e+00 1.761555e+00 2.810870e+00 1.602656e+00 1.003974e+00 1.131918e+00 1.000000e-02 6.247265e-01 3.324172e-01 3.441643e-01 8.518841e-01 4.868171e-01 7.036253e-01 9.890258e-01 5.781904e-01 3.508187e-01 1.679113e-01 7.602635e-01 2.765515e-01 1.000000e-02
<GCONST> 9.398333e+01
<STATE> 8
<MEAN> 39
 -1.133602e+01 -2.261718e+01 -1.825863e+01 1.519958e+00 -2.714588e+00 -3.561854e+00 1.115461e+01 -4.294637e+00 1.912962e+00 -2.078733e+01 2.952841e-01 -1.079175e+00 9.214746e-01 -1.488358e+00 -1.038659e+00 1.195711e-01 1.019548e+00 1.856895e+00 1.515335e+00 5.081102e-03 1.336846e+00 1.214096e-01 -2.611032e-01 1.041577e+00 3.685144e-02 4.722808e-02 7.738740e-01 6.792695e-01 2.724387e-01 -7.639415e-01 2.283157e-01 -7.154063e-01 -7.093581e-01 3.689214e-02 -2.174453e-01 4.844779e-01 -2.868603e-01 -4.810136e-01 -1.674370e-02
<VARIANCE> 39
 2.313603e+01 1.524840e+00 3.264048e+01 3.367262e+01 1.268432e+01 1.946725e+01 2.528134e+01 1.711118e+01 1.050324e+01 3.034693e+01 1.001590e+01 8.904708e+00 1.000000e-02 1.047993e+00 5.366538e-01 5.693631e-01 2.278606e+00 9.677045e-01 3.262106e+00 9.298376e-01 1.555338e+00 1.302607e+00 1.239636e+00 1.271104e+00 9.518608e-01 1.000000e-02 2.744244e-01 3.880115e-01 3.882060e-01 2.408613e-01 3.346990e-01 1.414879e-01 3.131617e-01 1.764968e-01 4.311553e-01 3.621919e-01 1.685910e-01 2.035822e-01 1.000000e-02
<GCONST> 7.635033e+01
<STATE> 9
<MEAN> 39
 -1.238425e+01 -2.459406e+01 -1.710973e+01 5.433137e-01 1.190871e+00 -3.332905e+00 9.182549e+00 -2.809955e+00 4.314234e+00 -1.910018e+01 1.490212e+00 -1.645566e+00 9.802127e-01 -1.114790e-01 -2.691450e-01 -2.066484e-01 -1.168794e-01 9.885253e-01 -6.591382e-03 -8.776810e-01 1.219231e-02 6.139542e-01 -1.883064e-01 1.386111e-01 -3.924572e-01 9.984092e-03 3.178174e-01 1.728640e-01 1.964442e-02 -1.583067e-01 -8.635560e-02 -9.113893e-02 -1.776432e-01 -5.381135e-02 -2.144346e-03 1.116729e-01 -1.621375e-01 -1.167897e-01 -9.576113e-03
<VARIANCE> 39
 1.096276e+01 3.559400e+00 1.057761e+01 7.723856e+00 1.316744e+01 1.675451e+01 2.141275e+01 9.054340e+00 2.457108e+01 2.259033e+01 1.484716e+01 1.717907e+01 1.000000e-02 2.630780e-01 3.440800e-01 4.971275e-01 6.037156e-01 6.400227e-01 4.338654e-01 8.809296e-01 1.259716e+00 7.857406e-01 8.251788e-01 9.857079e-01 6.577527e-01 1.000000e-02 7.711808e-02 7.007391e-02 8.566483e-02 2.295076e-01 1.612327e-01 1.894358e-01 2.223897e-01 2.389713e-01 5.594119e-02 1.577124e-01 2.186846e-01 1.603891e-01 1.000000e-02
<GCONST> 5.914976e+01
<STATE> 10
<MEAN> 39
 -1.022959e+01 -2.398506e+01 -1.865178e+01 2.083592e+00 3.829959e+00 -4.390926e+00 6.691813e+00 -9.082415e-01 5.187949e+00 -2.083869e+01 2.291355e+00 -1.203758e+00 9.811695e-01 5.500281e-01 -2.265326e-01 1.167437e-01 -4.344623e-01 6.955923e-01 -5.696975e-02 -1.333051e+00 -7.961357e-01 6.315688e-01 7.662261e-02 7.643387e-02 -9.934665e-01 -1.386301e-02 2.889179e-01 1.032365e-01 3.016752e-01 -3.894922e-01 -3.195621e-01 -1.988176e-01 -1.783734e-01 -6.286482e-01 3.862227e-01 -6.465823e-02 -1.484082e-01 -5.231561e-01 -8.683462e-03
<VARIANCE> 39
 1.362192e+01 4.135248e+00 3.939877e+01 1.938174e+01 5.281067e+00 4.676068e+01 2.038261e+01 1.634309e+01 2.386796e+01 9.436334e+00 9.075049e+00 2.128832e+01 1.000000e-02 8.371318e-02 3.745915e-01 8.191701e-01 4.895563e-01 7.182127e-01 1.520604e+00 5.988911e-01 2.082777e+00 1.058073e+00 1.127985e+00 8.070855e-01 1.694183e+00 1.000000e-02 6.108418e-02 7.939252e-02 1.312380e-01 2.526273e-01 3.620175e-01 3.947400e-01 2.626933e-01 5.568116e-01 3.812313e-01 2.245412e-01 6.440527e-02 2.077337e-01 1.000000e-02
<GCONST> 6.757693e+01
<STATE> 11
<MEAN> 39
 -9.093315e+00 -2.476429e+01 -1.634487e+01 -2.239609e+00 6.950922e+00 -3.163926e+00 1.409729e+00 -4.899600e+00 8.387422e+00 -1.893128e+01 1.146372e+00 -8.078753e+00 9.208913e-01 1.930827e+00 4.295619e-01 1.037173e+00 -2.122844e+00 -1.145024e+00 -1.209340e+00 -1.651227e+00 -8.612734e-01 1.763397e+00 7.564932e-01 1.114977e-01 -1.642360e+00 -3.786848e-02 5.826654e-01 3.017996e-02 3.890208e-01 -1.071210e-01 -1.420349e+00 -4.786189e-01 2.319214e-01 2.911923e-01 -2.822036e-01 5.566651e-01 -4.646037e-02 5.851380e-01 -7.911879e-03
<VARIANCE> 39
 1.280664e+01 1.308866e+00 2.912630e+01 1.344276e+01 6.163246e+00 2.765358e+01 2.312499e+01 1.131902e+01 2.191510e+01 2.200797e+01 5.305315e+00 1.894257e+01 1.000000e-02 6.634455e-01 3.954623e-01 1.081741e+00 1.595988e+00 6.171005e+00 1.752464e+00 1.614262e+00 2.953800e+00 1.051742e+00 1.123543e+00 8.689889e-01 1.251279e+00 1.000000e-02 3.685189e-02 9.214634e-02 3.215840e-01 2.779448e-01 2.418298e-01 2.470269e-01 1.029686e-01 3.938882e-01 3.887946e-01 2.292317e-01 1.846979e-01 2.996297e-01 1.000000e-02
<GCONST> 7.211213e+01
<STATE> 12
<MEAN> 39
 -2.179147e+00 -2.249457e+01 -1.402991e+01 -7.182785e+00 -1.943399e+00 -9.610678e+00 -1.898315e-01 -8.764239e+00 1.300245e+01 -1.754440e+01 1.974618e+00 -9.824688e+00 7.957178e-01 3.111591e+00 2.787926e-02 2.190838e+00 -8.466641e-01 -4.611320e+00 -1.719527e+00 -4.482752e-01 3.560199e-01 -6.552048e-01 2.315602e+00 -1.164741e+00 1.062539e+00 -5.122686e-02 -7.272104e-02 -3.727655e-01 9.454051e-02 6.049031e-01 -1.814181e-01 6.139100e-01 2.295009e-01 7.898070e-01 -1.046162e+00 3.425520e-01 -3.817920e-01 1.082645e+00 5.700015e-03
<VARIANCE> 39
 1.473137e+01 7.574305e+00 1.155390e+01 2.233678e+01 4.536386e+01 2.032128e+01 1.078459e+01 4.023543e+01 2.429830e+01 1.304201e+01 1.476802e+01 1.093543e+01 1.000000e-02 1.340360e-01 5.609768e-01 1.400704e+00 5.371898e-01 1.087731e+00 1.093151e+00 1.612342e-01 3.274793e+00 1.482622e+00 2.317147e+00 1.748606e+00 1.907460e+00 1.000000e-02 1.655686e-01 1.065378e-01 1.409957e-01 2.740430e-01 9.504296e-01 2.822435e-01 3.183411e-01 8.470315e-01 3.844851e-01 1.822264e-01 1.600458e-01 3.307548e-01 1.000000e-02
<GCONST> 7.545848e+01
<STATE> 13
<MEAN> 39
 4.821431e+00 -2.357356e+01 -9.183434e+00 -5.233282e+00 -1.141107e+01 -1.187435e+01 -3.278126e-01 -4.721359e+00 5.742377e+00 -1.089450e+01 -2.993769e+00 -6.334599e+00 7.339045e-01 1.710345e+00 -7.298721e-01 1.375583e+00 -1.602185e-01 -2.149627e+00 8.042575e-01 -8.737977e-01 1.210469e+00 -1.937678e+00 1.936243e+00 -1.301967e+00 1.776249e+00 -1.892575e-02 -6.670299e-01 -5.283908e-02 -5.814850e-01 1.629324e-01 1.258210e+00 6.574261e-01 5.421898e-02 -1.894699e-01 3.742089e-02 -5.078823e-01 3.937235e-01 -2.360050e-01 8.494157e-03
<VARIANCE> 39
 1.106054e+01 5.031895e+00 1.733222e+01 6.978316e+00 1.341208e+01 1.788925e+01 1.455425e+01 2.551249e+01 3.128744e+01 3.238666e+01 1.625351e+01 1.906052e+01 1.000000e-02 9.192791e-01 4.207509e-01 1.140347e+00 7.773021e-01 3.563464e+00 1.137185e+00 8.651265e-01 3.127524e+00 3.253498e+00 2.042531e+00 1.372301e+00 1.430223e+00 1.000000e-02 3.465503e-02 7.505696e-02 1.212069e-01 1.438942e-01 4.681389e-02 2.652764e-01 5.391924e-02 7.364079e-01 3.896234e-01 4.406068e-01 4.078526e-01 1.133362e-01 1.000000e-02
<GCONST> 7.217099e+01
<STATE> 14
<MEAN> 39
 4.829403e+00 -2.566149e+01 -7.474418e+00 -7.399240e+00 -1.058366e+01 -6.823761e+00 -3.454214e+00 -4.461915e+00 4.704925e+00 -9.210353e+00 -3.345621e+00 -4.300542e+00 6.776017e-01 5.205699e-01 2.195888e-01 2.276005e-01 4.701060e-01 9.674784e-02 2.492481e-01 -1.044728e-01 -1.069944e-01 -4.800252e-01 3.778452e-01 -3.961259e-01 1.623379e-01 -1.710905e-02 -2.101085e-01 3.303993e-01 -1.998363e-01 4.096153e-01 5.186458e-01 -3.361637e-01 2.967851e-01 -1.548915e-03 3.525996e-01 -2.215659e-01 3.104068e-02 -3.616126e-01 1.425627e-03
<VARIANCE> 39
 9.604709e+00 5.806463e+00 4.994426e+00 3.595441e+00 2.109829e+01 9.611301e+00 5.120162e+00 1.517175e+01 2.298900e+01 1.955052e+01 9.575300e+00 1.958979e+01 1.000000e-02 3.003283e-01 3.591503e-01 7.880695e-01 5.738058e-01 7.990265e-01 2.411158e+00 8.435444e-01 2.199689e+00 6.665584e-01 2.325944e+00 8.789850e-01 7.161382e-01 1.000000e-02 1.036272e-01 1.073858e-01 1.485168e-01 7.223941e-02 4.521164e-01 2.350649e-01 2.594765e-01 4.193147e-01 3.026107e-01 3.802880e-01 9.571209e-02 3.661406e-01 1.000000e-02
<GCONST> 6.500056e+01
<STATE> 15
<MEAN> 39
 6.357131e+00 -2.326839e+01 -7.419174e+00 -2.890259e+00 -8.699950e+00 -8.908107e+00 -1.408968e+00 -2.283900e+00 4.787241e+00 -8.398715e+00 -3.939508e+00 -3.912766e+00 6.458368e-01 4.391733e-01 7.936546e-01 1.551927e-01 1.272643e+00 7.880129e-01 -4.892146e-01 4.245774e-01 6.152554e-01 -2.772460e-02 -3.681126e-02 -1.920218e-01 2.283483e-01 -1.562883e-02 -1.986201e-01 -6.433757e-02 -2.395032e-02 -3.911327e-01 2.763622e-02 9.923331e-02 -1.718968e-01 -1.686036e-01 -1.817442e-01 -5.128562e-01 6.801903e-02 -4.417690e-03 -1.200652e-03
<VARIANCE> 39
 6.375706e+00 9.898069e+00 6.236329e+00 7.164964e+00 9.035036e+00 2.183003e+01 1.001196e+01 9.886826e+00 1.754113e+01 1.207246e+01 1.032475e+01 1.297654e+01 1.000000e-02 1.471335e-01 4.766000e-01 3.438377e-01 6.716259e-01 6.702777e-01 9.674194e-01 1.135811e+00 8.214899e-01 1.635827e+00 1.238356e+00 4.308162e-01 1.389362e+00 1.000000e-02 2.619921e-02 1.262889e-01 1.735963e-01 1.811730e-01 1.514028e-01 7.182388e-01 1.412474e-01 2.122429e-01 2.810718e-01 3.567778e-01 1.999439e-01 2.387650e-01 1.000000e-02
<GCONST> 6.126741e+01
<STATE> 16
<MEAN> 39
 6.982929e+00 -2.206830e+01 -8.231560e+00 -3.236233e+00 -8.424437e+00 -1.010270e+01 -2.318998e+00 -3.053250e+00 3.632424e+00 -1.051031e+01 -4.938457e+00 -3.582640e+00 6.188651e-01 -2.935970e-01 2.737899e-01 -9.232956e-02 -3.943078e-01 4.949170e-01 -9.034950e-02 -5.557072e-02 -7.400136e-02 -1.401246e+00 -1.275688e+00 -1.793200e-01 -7.911198e-01 -2.235235e-02 -1.556406e-01 -7.147562e-02 -3.500164e-02 1.935379e-01 1.435591e-01 1.288152e-01 2.262985e-01 -4.087285e-02 -4.661383e-01 -1.675123e-01 -8.815371e-02 -3.639846e-01 -2.623599e-03
<VARIANCE> 39
 4.571764e+00 3.158858e+00 5.915964e+00 6.226010e+00 1.739001e+01 9.331044e+00 6.152641e+00 1.010407e+01 1.882812e+01 1.286011e+01 1.053368e+01 1.591756e+01 1.000000e-02 8.531669e-02 4.305108e-01 1.038632e+00 6.113105e-01 5.005942e-01 2.567754e+00 6.440370e-01 1.036872e+00 1.403913e+00 1.095580e+00 7.820695e-01 1.920773e+00 1.000000e-02 1.184872e-02 7.427084e-02 1.392112e-01 3.062892e-01 1.905941e-01 2.536419e-01 7.615979e-02 1.293888e-01 3.218045e-01 3.032471e-01 2.441493e-01 1.762968e-01 1.000000e-02
<GCONST> 5.758260e+01
<STATE> 17
<MEAN> 39
 5.206863e+00 -2.133649e+01 -6.629653e+00 -3.015937e+00 -6.315097e+00 -7.702349e+00 -7.528446e-01 -2.779372e+00 -9.055458e-01 -1.260538e+01 -3.603136e+00 -6.059043e+00 5.379891e-01 -3.524321e-01 1.439592e-01 2.242049e-01 1.672263e+00 1.150006e+00 5.664042e-01 9.238896e-01 5.550581e-02 -1.341353e+00 -9.087187e-01 -7.004322e-01 -9.824107e-01 -2.881297e-02 -6.688762e-02 -9.009966e-02 -6.457053e-02 5.353636e-01 2.610425e-01 3.542253e-02 2.220165e-01 1.678573e-01 3.667791e-01 1.610597e-01 -2.314438e-01 3.083350e-01 -3.235702e-03
<VARIANCE> 39
 3.073798e+00 4.198373e+00 2.848196e+01 6.074622e+00 7.043311e+00 2.579406e+01 5.533351e+00 1.424812e+01 1.379481e+01 6.624416e+00 1.096002e+01 1.592125e+01 1.000000e-02 1.381033e-01 1.980263e-01 1.223786e+00 1.214833e+00 6.441852e-01 1.513696e+00 2.362734e-01 4.839314e-01 1.551949e+00 2.293963e+00 2.503862e+00 7.634546e-01 1.000000e-02 1.709210e-02 7.959822e-02 3.047115e-01 1.508102e-01 5.593771e-02 4.462076e-01 6.409162e-02 3.121877e-01 2.167200e-01 2.101584e-01 2.145324e-01 2.867376e-01 1.000000e-02
<GCONST> 5.818106e+01
<STATE> 18
<MEAN> 39
 4.748776e+00 -2.113907e+01 -7.045131e+00 3.499114e+00 -1.615368e+00 -7.022034e+00 1.972934e+00 -1.821253e+00 -2.715051e+00 -1.623589e+01 -8.596675e+00 -6.770000e+00 4.550789e-01 -9.331512e-01 -1.170422e-01 -4.823015e-01 1.025117e+00 1.426771e+00 2.365555e-01 8.554821e-01 5.987289e-01 -2.501903e-01 -1.476956e-02 6.622980e-02 9.165227e-01 -4.000780e-02 -2.431925e-01 -1.437326e-01 -2.370063e-01 -6.535109e-01 -2.725199e-01 -1.954439e-01 -3.661703e-01 -1.178434e-02 5.160428e-01 8.215021e-01 8.195957e-01 6.445549e-01 -2.398533e-03
<VARIANCE> 39
 2.334912e+00 3.683301e+00 1.734772e+01 6.163436e+00 1.523737e+01 1.611300e+01 9.656885e+00 6.547565e+00 1.039914e+01 2.043445e+01 9.616860e+00 1.347846e+01 1.000000e-02 1.997844e-01 3.863808e-01 1.605117e+00 1.031957e+00 9.827703e-01 1.369269e+00 9.208146e-01 1.222874e+00 1.328049e+00 1.433395e+00 1.451716e+00 1.323245e+00 1.000000e-02 1.095414e-02 7.353846e-02 2.034984e-01 1.312708e-01 2.608542e-01 2.955660e-01 1.609365e-01 1.547741e-01 1.655431e-01 2.801083e-01 2.345176e-01 3.395925e-01 1.000000e-02
<GCONST> 6.161156e+01
<STATE> 19
<MEAN> 39
 1.404222e+00 -2.171929e+01 -1.019728e+01 1.564951e+00 -2.530685e-01 -8.580814e+00 1.973424e+00 -5.754048e-01 -2.083565e+00 -1.237138e+01 -3.800324e+00 -3.051609e+00 3.670489e-01 -1.129420e+00 -4.639268e-01 -8.979631e-01 -6.351200e-01 2.059959e-01 -2.368555e-01 -3.852476e-01 2.727135e-01 1.045467e+00 2.135916e+00 2.068143e+00 1.922453e+00 -3.334020e-02 2.037099e-01 6.026844e-03 2.754286e-02 -1.873017e-01 -1.743129e-01 9.061228e-03 -1.869278e-01 -1.099911e-01 9.394749e-02 1.193380e-01 1.162437e-01 -1.159618e-01 7.511508e-03
<VARIANCE> 39
 2.990123e+00 6.476764e+00 4.931703e+00 6.970326e+00 1.333370e+01 2.420249e+00 3.862738e+00 1.146579e+01 1.263937e+01 1.019199e+01 8.244809e+00 7.064833e+00 1.000000e-02 1.784970e-01 5.926644e-01 7.105879e-01 7.700265e-01 1.150904e+00 1.066657e+00 1.027129e+00 1.172902e-01 2.490126e-01 1.001882e+00 9.748724e-01 8.136106e-01 1.000000e-02 1.898839e-02 1.790315e-01 1.577109e-01 1.597634e-01 2.764152e-01 8.722366e-02 1.913230e-01 1.678540e-01 2.006121e-01 1.251024e-01 1.600603e-01 1.819120e-01 1.000000e-02
<GCONST> 5.041978e+01
<STATE> 20
<MEAN> 39
 -4.747050e-01 -2.392533e+01 -1.143254e+01 2.139825e+00 1.675469e+00 -7.117631e+00 2.818252e+00 -1.995193e-01 4.779059e-02 -8.628922e+00 2.265754e-01 -4.446227e-01 3.174321e-01 -3.488928e-01 5.954975e-01 1.345430e-01 -7.662065e-01 1.707934e-01 2.706857e-01 -3.153486e-01 -3.483146e-01 7.610293e-02 7.316816e-01 6.704621e-01 3.255493e-01 -1.831335e-02 2.217188e-01 4.990975e-01 4.934120e-01 -6.433178e-02 -1.594971e-01 9.394220e-02 -1.557956e-01 -1.780054e-01 -1.610955e-01 -2.152479e-01 -2.710686e-01 -1.975076e-01 1.535358e-03
<VARIANCE> 39
 2.232120e+00 4.432395e+00 6.338259e+00 8.020379e+00 9.526161e+00 8.939310e+00 5.016901e+00 7.904068e+00 3.733135e+00 1.235345e+01 1.060853e+01 6.967179e+00 1.000000e-02 3.498067e-01 1.394808e+00 1.198262e+00 9.449447e-01 1.550303e+00 9.786580e-01 1.066764e+00 1.472089e+00 8.227523e-01 1.191411e+00 1.084309e+00 1.048191e+00 1.000000e-02 7.347946e-02 1.301748e-01 1.692788e-01 2.304000e-01 3.294726e-01 2.678702e-01 1.916412e-01 1.839176e-01 7.094710e-02 1.890023e-01 1.848719e-01 2.150275e-01 1.000000e-02
<GCONST> 5.952019e+01
<STATE> 21
<MEAN> 39
 -2.044786e-01 -1.878853e+01 -8.966839e+00 -1.415816e+00 -2.014584e-01 -8.337920e+00 -1.091552e+00 -1.947749e+00 -8.488737e-01 -6.805411e+00 1.407449e+00 7.662544e-01 2.623779e-01 -3.571984e-01 4.285065e-01 4.650827e-01 -5.581944e-02 1.179073e-01 -1.063315e-01 -1.254984e-01 4.206090e-01 -3.929656e-02 3.448362e-01 4.868377e-01 2.064869e-01 -2.031106e-02 -1.946562e-01 -2.882099e-01 -4.141356e-02 4.964808e-01 2.399426e-01 1.712389e-01 4.725063e-01 3.455923e-01 4.686996e-02 -4.794207e-01 -4.466310e-01 -2.188078e-01 -3.774497e-03
<VARIANCE> 39
 1.149507e+00 3.249245e+00 2.039161e+00 1.429564e+00 1.971916e+00 8.256649e+00 9.171069e+00 9.875072e+00 9.639701e+00 8.261783e+00 6.265213e+00 2.613636e+00 1.000000e-02 2.919364e-01 8.731129e-01 8.882896e-01 5.741701e-01 7.463758e-01 5.833066e-01 1.943392e+00 1.745523e+00 5.734658e-01 1.304416e+00 1.963832e+00 5.752209e-01 1.000000e-02 9.060511e-02 9.005529e-02 1.110430e-01 2.367513e-02 4.341063e-02 8.067516e-02 1.601219e-01 2.499432e-01 1.863745e-01 2.831567e-01 3.370319e-01 1.859804e-01 1.000000e-02
<GCONST> 4.756617e+01
<STATE> 22
<MEAN> 39
 -1.801243e+00 -1.978327e+01 -8.439197e+00 8.800845e-01 1.566715e+00 -7.065037e+00 2.073611e+00 -7.582259e-02 -2.816454e-01 -8.784658e+00 6.198032e-01 8.673633e-01 2.028793e-01 -8.462433e-01 5.620705e-01 4.524255e-01 4.781629e-01 2.280322e-01 3.626079e-01 3.428363e-01 3.074014e-01 6.655347e-01 -2.660283e-01 -4.589400e-01 2.143210e-01 -3.894263e-02 -1.674854e-01 2.697319e-01 9.351244e-02 -1.821270e-01 -1.337632e-01 7.895583e-02 -9.821757e-02 -3.289017e-02 3.767046e-01 2.631947e-01 -9.729534e-02 -4.176847e-02 -9.226087e-03
<VARIANCE> 39
 3.170006e+00 3.264764e+00 4.345950e+00 3.963605e+00 8.102025e+00 1.623626e+01 1.611140e+01 1.089506e+01 6.073639e+00 1.273439e+01 1.252498e+01 6.175290e+00 1.000000e-02 5.722346e-01 3.552178e-01 3.659522e-01 7.174210e-01 1.011873e+00 1.649233e+00 7.262391e-01 6.641223e-01 1.192726e+00 1.710491e+00 5.649726e-01 8.125788e-01 1.000000e-02 8.583323e-02 6.724531e-02 1.495561e-01 8.555098e-02 1.767648e-01 3.391469e-01 3.994162e-01 3.439587e-01 1.118859e-01 3.325317e-01 2.843558e-01 1.221921e-01 1.000000e-02
<GCONST> 5.761193e+01
<STATE> 23
<MEAN> 39
 -5.282983e+00 -1.707808e+01 -7.440623e+00 1.577331e+00 2.444046e+00 -4.571251e+00 2.340448e+00 1.528098e+00 4.404761e+00 -6.227953e+00 -4.056656e-01 1.374102e+00 7.543337e-02 -7.668411e-01 1.222689e+00 9.290804e-01 4.342757e-02 4.401603e-02 3.891208e-01 -2.430966e-01 7.795249e-02 8.634321e-01 4.281765e-01 -3.568947e-01 -5.533774e-01 -4.622915e-02 3.202410e-01 1.948283e-01 2.442573e-01 -2.891145e-01 -1.626242e-01 -2.971595e-01 -3.300049e-01 -2.736004e-01 -3.685499e-01 1.276622e-01 2.502963e-01 -2.085083e-01 1.154384e-02
<VARIANCE> 39
 1.580747e+00 3.866321e+00 2.132088e+00 3.198284e+00 2.822126e+00 3.908003e+00 4.522260e+00 7.441438e+00 8.422566e+00 1.369262e+01 3.888759e+00 1.057709e+01 1.000000e-02 3.960368e-01 1.300908e-01 4.909889e-01 3.689011e-01 5.168563e-01 8.560402e-01 1.832425e+00 1.313386e+00 1.019688e+00 4.716213e-01 9.488114e-01 1.069353e+00 1.000000e-02 3.405997e-02 6.051519e-02 3.606137e-02 1.151698e-01 1.311850e-01 1.523665e-01 1.462337e-01 1.382804e-01 1.763395e-01 2.563997e-01 1.407382e-01 1.938894e-01 1.000000e-02
<GCONST> 4.446398e+01
<STATE> 24
<MEAN> 39
 -5.574648e+00 -1.379850e+01 -3.570247e+00 1.723664e-01 1.004785e+00 -5.530694e+00 -6.430542e-01 -4.042000e-02 4.116158e+00 -5.349454e+00 -3.579355e-01 -1.701954e-01 -1.763195e-02 -7.885555e-02 1.493279e+00 1.024803e+00 -8.839951e-01 -6.425353e-02 -7.210872e-02 -4.643786e-01 -4.195060e-01 3.095893e-01 1.185630e+00 6.458818e-01 -1.526190e-01 -1.188190e-02 3.058590e-01 -1.497721e-01 -2.658819e-01 2.575024e-02 6.567028e-02 -1.054693e-01 2.649878e-01 -2.341041e-02 -4.420528e-01 -1.456623e-01 2.852219e-01 1.231718e-01 1.766526e-02
<VARIANCE> 39
 1.048568e+00 2.899853e+00 4.459280e+00 3.038584e+00 7.936660e+00 1.538026e+01 1.043199e+01 3.999600e+00 7.742131e+00 8.599496e+00 1.273661e+01 5.557805e+00 1.000000e-02 4.204876e-01 7.129490e-01 1.031130e+00 2.094713e-01 7.237247e-01 1.106819e+00 5.841119e-01 2.484391e-01 1.259990e+00 1.557496e+00 8.703316e-01 4.720107e-01 1.000000e-02 2.559688e-02 7.290374e-02 8.726694e-02 9.486662e-02 1.616500e-01 2.630273e-01 8.871287e-02 8.153547e-02 1.514051e-01 2.342247e-01 3.720021e-01 1.708833e-01 1.000000e-02
<GCONST> 4.820938e+01
<TRANSP> 25
 0.000000e+00 1.000000e+00 0.000000e+00 0.000000e+00 0.000000e+00 0.000000e+00 0.000000e+00 0.000000e+00 0.000000e+00 0.000000e+00 0.000000e+00 0.000000e+00 0.000000e+00 0.000000e+00 0.000000e+00 0.000000e+00 0.000000e+00 0.000000e+00 0.000000e+00 0.000000e+00 0.000000e+00 0.000000e+00 0.000000e+00 0.000000e+00 0.000000e+00
 0.000000e+00 7.058824e-01 2.941177e-01 0.000000e+00 0.000000e+00 0.000000e+00 0.000000e+00 0.000000e+00 0.000000e+00 0.000000e+00 0.000000e+00 0.000000e+00 0.000000e+00 0.000000e+00 0.000000e+00 0.000000e+00 0.000000e+00 0.000000e+00 0.000000e+00 0.000000e+00 0.000000e+00 0.000000e+00 0.000000e+00 0.000000e+00 0.000000e+00
 0.000000e+00 0.000000e+00 7.368421e-01 2.631579e-01 0.000000e+00 0.000000e+00 0.000000e+00 0.000000e+00 0.000000e+00 0.000000e+00 0.000000e+00 0.000000e+00 0.000000e+00 0.000000e+00 0.000000e+00 0.000000e+00 0.000000e+00 0.000000e+00 0.000000e+00 0.000000e+00 0.000000e+00 0.000000e+00 0.000000e+00 0.000000e+00 0.000000e+00
 0.000000e+00 0.000000e+00 0.000000e+00 5.000000e-01 5.000000e-01 0.000000e+00 0.000000e+00 0.000000e+00 0.000000e+00 0.000000e+00 0.000000e+00 0.000000e+00 0.000000e+00 0.000000e+00 0.000000e+00 0.000000e+00 0.000000e+00 0.000000e+00 0.000000e+00 0.000000e+00 0.000000e+00 0.000000e+00 0.000000e+00 0.000000e+00 0.000000e+00
 0.000000e+00 0.000000e+00 0.000000e+00 0.000000e+00 3.750000e-01 6.250000e-01 0.000000e+00 0.000000e+00 0.000000e+00 0.000000e+00 0.000000e+00 0.000000e+00 0.000000e+00 0.000000e+00 0.000000e+00 0.000000e+00 0.000000e+00 0.000000e+00 0.000000e+00 0.000000e+00 0.000000e+00 0.000000e+00 0.000000e+00 0.000000e+00 0.000000e+00
 0.000000e+00 0.000000e+00 0.000000e+00 0.000000e+00 0.000000e+00 2.857143e-01 7.142857e-01 0.000000e+00 0.000000e+00 0.000000e+00 0.000000e+00 0.000000e+00 0.000000e+00 0.000000e+00 0.000000e+00 0.000000e+00 0.000000e+00 0.000000e+00 0.000000e+00 0.000000e+00 0.000000e+00 0.000000e+00 0.000000e+00 0.000000e+00 0.000000e+00
 0.000000e+00 0.000000e+00 0.000000e+00 0.000000e+00 0.000000e+00 0.000000e+00 4.444444e-01 5.555556e-01 0.000000e+00 0.000000e+00 0.000000e+00 0.000000e+00 0.000000e+00 0.000000e+00 0.000000e+00 0.000000e+00 0.000000e+00 0.000000e+00 0.000000e+00 0.000000e+00 0.000000e+00 0.000000e+00 0.000000e+00 0.000000e+00 0.000000e+00
 0.000000e+00 0.000000e+00 0.000000e+00 0.000000e+00 0.000000e+00 0.000000e+00 0.000000e+00 3.750000e-01 6.250000e-01 0.000000e+00 0.000000e+00 0.000000e+00 0.000000e+00 0.000000e+00 0.000000e+00 0.000000e+00 0.000000e+00 0.000000e+00 0.000000e+00 0.000000e+00 0.000000e+00 0.000000e+00 0.000000e+00 0.000000e+00 0.000000e+00
 0.000000e+00 0.000000e+00 0.000000e+00 0.000000e+00 0.000000e+00 0.000000e+00 0.000000e+00 0.000000e+00 7.619048e-01 2.380952e-01 0.000000e+00 0.000000e+00 0.000000e+00 0.000000e+00 0.000000e+00 0.000000e+00 0.000000e+00 0.000000e+00 0.000000e+00 0.000000e+00 0.000000e+00 0.000000e+00 0.000000e+00 0.000000e+00 0.000000e+00
 0.000000e+00 0.000000e+00 0.000000e+00 0.000000e+00 0.000000e+00 0.000000e+00 0.000000e+00 0.000000e+00 0.000000e+00 6.153846e-01 3.846154e-01 0.000000e+00 0.000000e+00 0.000000e+00 0.000000e+00 0.000000e+00 0.000000e+00 0.000000e+00 0.000000e+00 0.000000e+00 0.000000e+00 0.000000e+00 0.000000e+00 0.000000e+00 0.000000e+00
 0.000000e+00 0.000000e+00 0.000000e+00 0.000000e+00 0.000000e+00 0.000000e+00 0.000000e+00 0.000000e+00 0.000000e+00 0.000000e+00 6.153846e-01 3.846154e-01 0.000000e+00 0.000000e+00 0.000000e+00 0.000000e+00 0.000000e+00 0.000000e+00 0.000000e+00 0.000000e+00 0.000000e+00 0.000000e+00 0.000000e+00 0.000000e+00 0.000000e+00
 0.000000e+00 0.000000e+00 0.000000e+00 0.000000e+00 0.000000e+00 0.000000e+00 0.000000e+00 0.000000e+00 0.000000e+00 0.000000e+00 0.000000e+00 4.444444e-01 5.555556e-01 0.000000e+00 0.000000e+00 0.000000e+00 0.000000e+00 0.000000e+00 0.000000e+00 0.000000e+00 0.000000e+00 0.000000e+00 0.000000e+00 0.000000e+00 0.000000e+00
 0.000000e+00 0.000000e+00 0.000000e+00 0.000000e+00 0.000000e+00 0.000000e+00 0.000000e+00 0.000000e+00 0.000000e+00 0.000000e+00 0.000000e+00 0.000000e+00 5.000000e-01 5.000000e-01 0.000000e+00 0.000000e+00 0.000000e+00 0.000000e+00 0.000000e+00 0.000000e+00 0.000000e+00 0.000000e+00 0.000000e+00 0.000000e+00 0.000000e+00
 0.000000e+00 0.000000e+00 0.000000e+00 0.000000e+00 0.000000e+00 0.000000e+00 0.000000e+00 0.000000e+00 0.000000e+00 0.000000e+00 0.000000e+00 0.000000e+00 0.000000e+00 6.875000e-01 3.125000e-01 0.000000e+00 0.000000e+00 0.000000e+00 0.000000e+00 0.000000e+00 0.000000e+00 0.000000e+00 0.000000e+00 0.000000e+00 0.000000e+00
 0.000000e+00 0.000000e+00 0.000000e+00 0.000000e+00 0.000000e+00 0.000000e+00 0.000000e+00 0.000000e+00 0.000000e+00 0.000000e+00 0.000000e+00 0.000000e+00 0.000000e+00 0.000000e+00 6.153846e-01 3.846154e-01 0.000000e+00 0.000000e+00 0.000000e+00 0.000000e+00 0.000000e+00 0.000000e+00 0.000000e+00 0.000000e+00 0.000000e+00
 0.000000e+00 0.000000e+00 0.000000e+00 0.000000e+00 0.000000e+00 0.000000e+00 0.000000e+00 0.000000e+00 0.000000e+00 0.000000e+00 0.000000e+00 0.000000e+00 0.000000e+00 0.000000e+00 0.000000e+00 6.153846e-01 3.846154e-01 0.000000e+00 0.000000e+00 0.000000e+00 0.000000e+00 0.000000e+00 0.000000e+00 0.000000e+00 0.000000e+00
 0.000000e+00 0.000000e+00 0.000000e+00 0.000000e+00 0.000000e+00 0.000000e+00 0.000000e+00 0.000000e+00 0.000000e+00 0.000000e+00 0.000000e+00 0.000000e+00 0.000000e+00 0.000000e+00 0.000000e+00 0.000000e+00 5.000000e-01 5.000000e-01 0.000000e+00 0.000000e+00 0.000000e+00 0.000000e+00 0.000000e+00 0.000000e+00 0.000000e+00
 0.000000e+00 0.000000e+00 0.000000e+00 0.000000e+00 0.000000e+00 0.000000e+00 0.000000e+00 0.000000e+00 0.000000e+00 0.000000e+00 0.000000e+00 0.000000e+00 0.000000e+00 0.000000e+00 0.000000e+00 0.000000e+00 0.000000e+00 6.428571e-01 3.571429e-01 0.000000e+00 0.000000e+00 0.000000e+00 0.000000e+00 0.000000e+00 0.000000e+00
 0.000000e+00 0.000000e+00 0.000000e+00 0.000000e+00 0.000000e+00 0.000000e+00 0.000000e+00 0.000000e+00 0.000000e+00 0.000000e+00 0.000000e+00 0.000000e+00 0.000000e+00 0.000000e+00 0.000000e+00 0.000000e+00 0.000000e+00 0.000000e+00 5.000000e-01 5.000000e-01 0.000000e+00 0.000000e+00 0.000000e+00 0.000000e+00 0.000000e+00
 0.000000e+00 0.000000e+00 0.000000e+00 0.000000e+00 0.000000e+00 0.000000e+00 0.000000e+00 0.000000e+00 0.000000e+00 0.000000e+00 0.000000e+00 0.000000e+00 0.000000e+00 0.000000e+00 0.000000e+00 0.000000e+00 0.000000e+00 0.000000e+00 0.000000e+00 6.153846e-01 3.846154e-01 0.000000e+00 0.000000e+00 0.000000e+00 0.000000e+00
 0.000000e+00 0.000000e+00 0.000000e+00 0.000000e+00 0.000000e+00 0.000000e+00 0.000000e+00 0.000000e+00 0.000000e+00 0.000000e+00 0.000000e+00 0.000000e+00 0.000000e+00 0.000000e+00 0.000000e+00 0.000000e+00 0.000000e+00 0.000000e+00 0.000000e+00 0.000000e+00 5.833333e-01 4.166667e-01 0.000000e+00 0.000000e+00 0.000000e+00
 0.000000e+00 0.000000e+00 0.000000e+00 0.000000e+00 0.000000e+00 0.000000e+00 0.000000e+00 0.000000e+00 0.000000e+00 0.000000e+00 0.000000e+00 0.000000e+00 0.000000e+00 0.000000e+00 0.000000e+00 0.000000e+00 0.000000e+00 0.000000e+00 0.000000e+00 0.000000e+00 0.000000e+00 6.153846e-01 3.846154e-01 0.000000e+00 0.000000e+00
 0.000000e+00 0.000000e+00 0.000000e+00 0.000000e+00 0.000000e+00 0.000000e+00 0.000000e+00 0.000000e+00 0.000000e+00 0.000000e+00 0.000000e+00 0.000000e+00 0.000000e+00 0.000000e+00 0.000000e+00 0.000000e+00 0.000000e+00 0.000000e+00 0.000000e+00 0.000000e+00 0.000000e+00 0.000000e+00 5.454546e-01 4.545455e-01 0.000000e+00
 0.000000e+00 0.000000e+00 0.000000e+00 0.000000e+00 0.000000e+00 0.000000e+00 0.000000e+00 0.000000e+00 0.000000e+00 0.000000e+00 0.000000e+00 0.000000e+00 0.000000e+00 0.000000e+00 0.000000e+00 0.000000e+00 0.000000e+00 0.000000e+00 0.000000e+00 0.000000e+00 0.000000e+00 0.000000e+00 0.000000e+00 5.000000e-01 5.000000e-01
 0.000000e+00 0.000000e+00 0.000000e+00 0.000000e+00 0.000000e+00 0.000000e+00 0.000000e+00 0.000000e+00 0.000000e+00 0.000000e+00 0.000000e+00 0.000000e+00 0.000000e+00 0.000000e+00 0.000000e+00 0.000000e+00 0.000000e+00 0.000000e+00 0.000000e+00 0.000000e+00 0.000000e+00 0.000000e+00 0.000000e+00 0.000000e+00 0.000000e+00
<ENDHMM>
