~o
<STREAMINFO> 1 39
<VECSIZE> 39<NULLD><MFCC_E_D_A><DIAGC>
~h "Ngay"
<BEGINHMM>
<NUMSTATES> 25
<STATE> 2
<MEAN> 39
 -4.377148e+00 -7.631899e+00 -1.613077e+00 -3.645037e+00 7.949954e-01 -2.909056e+00 3.564627e+00 -8.772049e-01 1.560806e+00 -4.513543e+00 -7.684707e-01 -3.656106e+00 6.588649e-02 6.000653e-01 -2.301486e-01 -4.396767e-01 -7.333505e-01 -3.063453e-01 -2.403607e-01 1.596200e-01 -1.513875e-01 -8.278581e-01 -6.987103e-01 -9.608951e-01 -4.900088e-01 3.918899e-02 2.917672e-01 -1.246106e-01 -3.286318e-01 -5.253189e-01 -1.828666e-01 -3.284643e-01 -2.527554e-01 -2.103151e-01 -4.102843e-01 -8.581644e-02 -3.457461e-03 -4.263612e-02 1.922818e-02
<VARIANCE> 39
 2.435789e+00 3.293569e+00 5.598192e+00 1.328088e+01 1.070286e+01 6.237096e+00 7.162103e+00 6.280991e+00 1.499130e+01 5.382893e+00 1.196841e+01 7.469132e+00 1.282150e-02 1.198034e+00 5.877684e-01 5.665244e-01 2.285928e+00 1.194497e+00 1.449774e+00 9.150016e-01 6.647311e-01 4.452574e+00 1.883687e+00 9.807686e-01 1.000224e+00 1.000000e-02 1.108973e-01 2.040556e-01 1.821342e-01 4.370983e-01 2.895193e-01 1.171159e-01 1.826761e-01 1.508030e-01 5.149678e-01 3.117819e-01 5.016565e-01 2.050744e-01 1.000000e-02
<GCONST> 6.606120e+01
<STATE> 3
<MEAN> 39
 -6.334122e-01 -8.218185e+00 -4.938924e+00 -9.275594e+00 -1.762335e+00 -4.971609e+00 2.169918e+00 -3.261413e+00 -3.725285e+00 -7.514992e+00 -3.388526e+00 -5.606359e+00 2.912244e-01 1.359007e+00 -3.393393e-01 -1.232766e+00 -2.342493e+00 -1.037179e+00 -8.402771e-01 -4.005008e-01 -7.791324e-01 -1.518281e+00 -4.910096e-01 -1.058972e+00 -4.339499e-01 1.121716e-01 -4.213016e-01 -2.750282e-01 1.525830e-01 3.720419e-01 -9.607454e-02 -1.622086e-01 5.631575e-01 -6.024702e-02 4.109536e-01 2.664511e-01 -8.567048e-02 1.051929e-01 9.090365e-03
<VARIANCE> 39
 2.457978e+01 9.050792e+00 6.246984e+00 4.215386e+01 8.486805e+00 1.631217e+01 3.797169e+00 9.368627e+00 4.173866e+01 2.660826e+01 9.894711e+00 1.404661e+01 6.219623e-02 3.382695e+00 1.186837e+00 2.286051e+00 4.788120e+00 3.558919e+00 1.400129e+00 1.355661e+00 1.290776e+00 1.349668e+00 1.520989e+00 3.179996e+00 1.713039e+00 1.000000e-02 6.937667e-01 5.994724e-02 4.958590e-01 7.262654e-01 2.598944e-01 2.791929e-01 4.486641e-01 2.001143e-01 6.325496e-01 3.535063e-01 3.137889e-01 1.759848e-01 1.000000e-02
<GCONST> 8.585040e+01
<STATE> 4
<MEAN> 39
 2.247336e+00 -1.055581e+01 -5.986536e+00 -1.142934e+01 -3.304546e+00 -1.001356e+01 2.760703e+00 -4.122174e+00 -4.748153e+00 -6.094889e+00 -6.484806e+00 -6.602756e+00 5.316880e-01 -6.066709e-01 -1.293159e+00 3.660380e-02 -3.255850e-02 -8.490278e-01 -1.674483e+00 2.857671e+00 -1.099359e+00 -2.683893e-01 4.711248e-01 -1.132747e+00 -3.499446e-01 8.165090e-02 -8.726851e-01 -1.132053e-01 6.634602e-02 5.931761e-01 2.738382e-01 3.243451e-01 8.412816e-01 8.560484e-02 4.390975e-01 -1.077574e-01 2.300903e-01 2.786716e-03 -1.517115e-02
<VARIANCE> 39
 7.129209e+01 2.226523e+01 6.659527e+01 5.963390e+01 3.231817e+01 3.139695e+01 3.118591e+01 6.568975e+00 1.518517e+01 2.987055e+01 3.159332e+01 3.366678e+01 4.341833e-02 6.861189e+00 1.599504e-01 5.242753e+00 2.679887e+00 1.361099e+00 3.635618e+00 3.866723e+00 1.587995e+00 1.375581e+00 1.838817e+00 2.620763e+00 1.244533e+00 1.000000e-02 1.623182e+00 1.763450e-01 9.921592e-01 7.861134e-01 5.023865e-01 8.926201e-01 1.185051e+00 2.477185e-01 2.115106e-01 5.879896e-01 5.828291e-01 8.791065e-01 1.000000e-02
<GCONST> 1.022974e+02
<STATE> 5
<MEAN> 39
 -2.362815e+00 -1.223612e+01 -5.208403e+00 -1.289746e+01 -4.760865e+00 -1.011276e+01 1.194405e+01 -7.977919e+00 -2.573989e+00 -5.793523e+00 -9.107837e+00 -8.813431e+00 6.291379e-01 -2.186232e+00 -7.278816e-01 -1.328389e+00 2.366169e-01 3.293482e-01 1.025374e+00 2.114200e+00 -3.098753e-01 7.091471e-01 -1.492381e+00 -5.121329e-02 -2.397292e-01 4.833465e-02 -1.279979e-01 -1.431118e-01 -5.336391e-01 6.985944e-01 5.692692e-01 7.986042e-02 -3.267467e-01 2.639962e-01 -1.247158e-01 -6.431525e-01 5.305931e-01 4.579846e-01 -2.381348e-03
<VARIANCE> 39
 2.972761e+01 8.956232e+00 2.703326e+01 3.852737e+01 2.602028e+01 9.820021e+01 2.642767e+01 1.467560e+01 3.685992e+01 1.448314e+01 2.136285e+01 2.031647e+01 2.546963e-02 8.030513e+00 9.844226e-01 2.404329e+00 2.825926e+00 1.744633e+00 5.607654e+00 6.723473e+00 1.249145e+00 2.213548e+00 2.151922e+00 1.679982e+00 4.872427e+00 1.000000e-02 1.501495e+00 1.038678e-01 4.837896e-01 4.199035e-01 2.279923e-01 1.222388e+00 1.229951e+00 4.356071e-01 6.299101e-01 2.677056e-01 1.533096e-01 2.887735e-01 1.000000e-02
<GCONST> 9.929372e+01
<STATE> 6
<MEAN> 39
 -9.053411e+00 -1.628046e+01 -1.437890e+01 -3.232820e+00 -4.187685e+00 -5.559539e+00 1.482122e+01 -7.823442e+00 -8.462388e-01 -1.523554e+01 -6.632236e+00 -5.960303e+00 8.046527e-01 -6.732999e-01 -2.060532e+00 -2.194204e+00 2.470552e+00 1.663051e+00 -1.247803e+00 1.120125e+00 -5.746927e-01 2.248284e-01 -1.891647e+00 9.920819e-01 8.770297e-01 5.402355e-02 6.420296e-01 -1.173662e-01 1.939220e-01 5.801481e-04 9.807664e-02 -1.057126e-01 -7.859392e-01 -1.249848e-01 8.619345e-02 4.147608e-01 6.458568e-02 2.222201e-01 -8.489697e-03
<VARIANCE> 39
 7.313587e+00 1.234756e+01 2.431382e+01 6.529658e+01 1.435709e+01 5.288293e+01 1.088759e+01 2.369249e+01 3.631341e+01 2.768543e+01 1.472273e+01 2.363873e+01 1.000000e-02 1.368302e+00 3.304231e-01 1.606681e+00 2.012289e+00 1.065414e+00 1.797962e+00 7.199410e-01 3.677890e+00 2.974392e+00 2.097950e+00 6.373773e-01 1.155705e+00 1.000000e-02 3.252058e-01 1.538629e-01 4.876621e-01 5.578214e-01 1.951985e-01 6.021224e-01 2.925607e-01 8.983459e-01 3.213742e-01 3.209610e-01 1.330674e-01 2.128426e-01 1.000000e-02
<GCONST> 8.460424e+01
<STATE> 7
<MEAN> 39
 -6.522171e+00 -2.004136e+01 -1.640730e+01 -2.031984e+00 3.800474e+00 -1.470076e+01 1.714589e+01 -9.075372e+00 -3.305417e+00 -1.496495e+01 -3.779108e+00 -4.004250e+00 9.177287e-01 -1.698144e-03 -1.579144e+00 -1.127193e+00 1.640838e+00 1.480343e+00 -1.548995e-01 -1.250424e+00 1.776594e-01 6.206716e-01 -3.555239e-01 3.519933e-01 1.032748e+00 3.086962e-02 1.638090e-01 2.075695e-01 2.938421e-01 -5.211105e-01 -2.143091e-01 2.693255e-01 -6.448748e-01 3.278580e-01 6.764428e-02 6.540429e-01 -3.897805e-01 -3.291715e-01 -7.608864e-03
<VARIANCE> 39
 7.439483e+00 8.311657e+00 1.528036e+01 3.112279e+01 2.487682e+01 6.292666e+01 1.021377e+01 1.510772e+01 4.185950e+01 6.516106e+00 1.104312e+01 1.289412e+01 1.000000e-02 5.589503e-02 2.571264e-01 2.341741e+00 2.503660e+00 2.656508e-01 1.499947e+00 1.193329e+00 1.660574e+00 1.149906e+00 1.639053e+00 9.340242e-01 9.963956e-01 1.000000e-02 1.265487e-01 3.374043e-02 8.123167e-02 1.946318e-01 7.719521e-02 1.869120e-01 2.468506e-01 3.408651e-01 3.884303e-01 2.022003e-01 1.121487e-01 1.728991e-01 1.000000e-02
<GCONST> 6.616041e+01
<STATE> 8
<MEAN> 39
 -8.903233e+00 -2.506672e+01 -1.823912e+01 -1.774186e+00 3.192523e+00 -9.329426e+00 9.866936e+00 -5.458810e+00 -8.206425e-02 -1.154441e+01 -3.571323e+00 -5.561746e-01 9.743546e-01 -4.265023e-02 -5.740927e-01 -5.351174e-01 3.619424e-01 2.171220e-01 5.693893e-01 -1.067416e+00 4.440821e-01 6.915922e-01 5.197226e-01 -3.987153e-01 1.289131e-01 7.140582e-03 5.932046e-02 2.902150e-01 2.665763e-01 -7.381209e-02 -3.096823e-01 7.969402e-02 3.399502e-01 -1.021589e-01 9.906657e-02 -1.505971e-01 -6.373672e-03 -7.865452e-02 -4.295898e-03
<VARIANCE> 39
 1.131884e+01 7.007476e+00 6.297014e+00 1.446065e+01 3.778422e+01 3.580719e+01 1.046985e+01 9.236040e+00 2.613855e+01 1.981901e+01 1.148295e+01 1.600897e+01 1.000000e-02 3.687376e-01 6.042153e-01 1.680635e+00 8.780988e-01 2.264592e-01 1.081527e+00 5.197154e-01 1.356319e+00 1.993713e-01 1.014768e+00 1.844441e-01 4.369781e-01 1.000000e-02 5.203655e-02 4.344233e-02 9.640253e-02 7.984341e-02 6.211057e-02 9.480385e-02 1.085415e-01 1.418473e-01 1.192653e-01 2.499095e-01 8.608200e-02 5.770475e-02 1.000000e-02
<GCONST> 5.392194e+01
<STATE> 9
<MEAN> 39
 -8.249434e+00 -2.371085e+01 -1.924507e+01 1.267500e+00 5.702263e+00 -9.300156e+00 1.091799e+01 -6.769411e+00 2.353914e+00 -1.325825e+01 -6.116991e+00 -1.990822e+00 9.720452e-01 1.166779e-02 -1.538796e-01 4.224990e-01 6.020654e-01 -9.623477e-02 3.191110e-01 -2.706120e-01 4.834678e-01 8.135468e-01 6.103277e-01 2.535364e-01 6.704494e-01 7.790729e-03 -4.646252e-02 7.623687e-02 3.647747e-01 -2.684571e-01 -2.323827e-01 -1.385830e-01 2.386050e-01 1.531683e-01 -3.805352e-01 1.963488e-02 4.946799e-02 6.947860e-03 -4.514888e-03
<VARIANCE> 39
 8.619233e+00 6.176471e+00 1.318185e+01 7.087619e+00 2.951648e+01 3.884924e+01 9.628773e+00 7.354232e+00 2.577189e+01 1.430774e+01 4.980614e+00 2.068782e+01 1.000000e-02 1.534074e-01 2.281916e-01 5.075704e-01 8.445681e-01 1.000716e+00 4.993335e-01 6.641213e-01 6.325668e-01 1.213223e+00 4.568600e-01 1.646870e-01 4.741959e-01 1.000000e-02 5.127814e-02 8.184175e-02 1.276157e-01 1.681699e-01 6.989957e-02 2.526611e-01 9.791036e-02 1.124816e-01 1.830278e-01 1.172506e-01 1.824734e-02 1.118431e-01 1.000000e-02
<GCONST> 5.142724e+01
<STATE> 10
<MEAN> 39
 -9.389028e+00 -2.592753e+01 -1.530114e+01 9.909658e-01 2.277714e+00 -7.213216e+00 1.000076e+01 -5.185554e+00 3.394468e+00 -1.187356e+01 -4.609222e+00 -2.915970e-01 9.777408e-01 -1.766886e-01 -3.534563e-01 1.032441e+00 -7.722353e-01 -1.004023e+00 -4.933584e-02 3.230559e-01 5.991629e-01 -1.090490e+00 -4.640259e-01 1.205684e-01 -2.445953e-01 -5.660096e-03 -1.049254e-01 1.649266e-01 -3.525371e-02 -1.571765e-01 -3.496964e-01 5.549971e-02 3.915887e-01 -6.975175e-02 -2.353654e-01 -3.435597e-01 -1.259703e-01 -2.321076e-01 -3.104216e-03
<VARIANCE> 39
 8.507459e+00 1.516850e+00 1.450138e+01 1.048097e+01 1.921176e+01 2.759832e+01 5.139522e+00 1.245546e+01 2.372928e+01 1.014840e+01 7.171173e+00 1.570392e+01 1.000000e-02 1.654128e-01 7.877191e-02 3.716846e-01 6.779290e-01 3.144996e-01 3.545257e-01 5.562422e-01 4.297294e-01 7.580121e-01 5.260178e-01 4.583704e-01 4.050912e-01 1.000000e-02 2.430608e-02 3.035557e-02 4.167775e-02 8.797342e-02 7.527708e-02 7.797457e-02 1.663810e-01 2.464577e-02 1.322650e-01 6.561199e-02 9.935997e-02 6.549949e-02 1.000000e-02
<GCONST> 4.089994e+01
<STATE> 11
<MEAN> 39
 -8.697792e+00 -2.474267e+01 -1.490695e+01 -5.197029e-01 6.702980e-01 -8.509513e+00 1.119611e+01 -2.046966e+00 -1.121025e+00 -1.335551e+01 -5.127584e+00 -7.508959e-01 9.578724e-01 -5.007420e-01 6.771312e-01 6.025208e-01 -3.171035e-01 -1.922169e+00 5.651588e-01 1.199859e+00 7.278897e-01 -6.486768e-01 -3.942466e-01 -3.137503e-01 -2.841843e-01 -1.258272e-02 -2.940306e-02 3.489947e-01 -1.951342e-02 -1.140688e-01 -2.794849e-01 2.716312e-01 2.110563e-01 -1.619668e-01 2.874307e-01 3.370456e-01 -1.008310e-01 -2.940086e-01 -4.383503e-03
<VARIANCE> 39
 8.553974e+00 1.156827e+01 2.080337e+01 1.939125e+01 4.653917e+01 5.370515e+01 2.395225e+00 1.869650e+01 4.929399e+00 2.142260e+01 6.174798e+00 2.082712e+01 1.000000e-02 1.137729e-01 5.215108e-01 8.988625e-02 9.976377e-01 3.224429e-01 6.675048e-01 5.218384e-01 1.586916e-01 3.916660e-01 9.599064e-01 1.743466e+00 5.891977e-01 1.000000e-02 4.230075e-02 6.632715e-02 7.887023e-02 8.831220e-02 8.513132e-02 8.214225e-02 3.812614e-02 4.854084e-02 3.064152e-01 2.465423e-01 2.011563e-01 1.177668e-01 1.000000e-02
<GCONST> 5.095977e+01
<STATE> 12
<MEAN> 39
 -1.029962e+01 -2.222145e+01 -1.243046e+01 -1.694830e+00 -5.262933e+00 -5.267253e+00 1.505040e+01 -9.279601e-01 -8.671430e-03 -1.281378e+01 -6.089738e+00 -2.678228e+00 9.147093e-01 -1.554358e-01 9.263749e-01 1.058483e+00 -1.055023e+00 -1.678304e+00 9.584218e-01 1.653071e+00 -2.730156e-01 4.639376e-01 9.542471e-01 -3.598495e-01 -1.118330e+00 -2.279763e-02 1.929894e-01 -1.300504e-01 9.292172e-02 -4.354265e-01 1.667319e-01 -2.504133e-01 -3.064473e-01 -4.473993e-01 4.607045e-01 8.714630e-01 -1.307804e-01 -1.356849e-02 -2.232392e-03
<VARIANCE> 39
 4.731461e+00 8.698936e+00 2.440238e+01 2.520706e+01 3.416686e+01 3.826020e+01 6.645486e+00 1.698450e+01 1.512825e+01 2.004048e+01 1.121315e+01 1.236207e+01 1.000000e-02 2.325958e-01 5.250896e-01 4.323260e-01 1.121576e+00 6.343156e-01 3.905993e-01 1.925616e-01 3.301083e-01 2.594764e+00 2.253133e+00 5.950875e-01 7.053502e-01 1.000000e-02 1.000000e-02 1.196128e-01 2.369706e-02 1.024809e-01 7.519156e-02 1.222473e-01 1.522487e-01 3.480909e-02 1.722330e-01 1.918170e-01 2.405479e-01 1.912509e-01 1.000000e-02
<GCONST> 5.530135e+01
<STATE> 13
<MEAN> 39
 -9.748522e+00 -2.086991e+01 -1.056421e+01 -5.980535e+00 -7.572547e+00 -5.761564e+00 1.741013e+01 -4.768668e+00 8.094163e-01 -7.309391e+00 -6.937253e+00 -6.240266e+00 8.520821e-01 2.969362e-01 4.629912e-01 9.790346e-01 -2.208962e+00 -1.770154e+00 -6.031079e-01 -5.880719e-01 -7.187970e-01 1.303517e+00 3.487906e+00 -7.745649e-01 -5.294437e-01 -2.047201e-02 1.408268e-01 -3.192727e-02 -2.068831e-02 -6.956831e-02 2.395772e-02 -4.243216e-01 -7.460327e-01 1.580013e-01 6.484844e-02 2.625274e-01 3.276391e-02 4.275683e-01 3.165681e-03
<VARIANCE> 39
 4.222001e+00 1.094221e+01 3.957113e+01 2.602996e+01 2.467141e+01 2.695119e+01 5.209855e+00 1.794945e+01 4.145951e+01 4.677547e+01 1.065962e+01 1.462896e+01 1.000000e-02 1.514342e-01 1.302451e-01 3.709806e-01 6.387641e-01 3.813092e-01 1.217517e+00 1.263326e+00 8.592489e-01 1.694893e+00 1.726483e+00 7.758100e-01 6.713485e-01 1.000000e-02 3.258244e-02 3.951279e-02 7.936186e-02 1.942688e-01 1.059651e-01 1.557182e-01 1.137875e-01 1.690707e-01 5.915944e-01 7.952452e-01 1.528930e-01 1.172253e-01 1.000000e-02
<GCONST> 6.300137e+01
<STATE> 14
<MEAN> 39
 -1.011469e+01 -1.919740e+01 -3.057286e+00 -1.504969e+01 -1.487112e+01 -5.599156e+00 1.082986e+01 -6.770600e+00 6.428524e+00 -1.322563e-01 -9.501271e+00 -3.307413e+00 7.894635e-01 4.510635e-01 6.981762e-01 7.179992e-01 -1.106469e+00 -2.569596e-01 -6.339082e-01 -1.237840e+00 5.099252e-01 -1.785776e-01 1.321630e+00 -5.520848e-01 1.067692e+00 -2.501361e-02 2.251774e-01 -1.721772e-01 -7.326929e-02 3.480056e-01 3.413982e-01 9.972482e-02 3.791924e-02 2.311021e-01 -3.518454e-01 -7.338603e-01 2.772586e-01 1.103037e-01 -3.048261e-03
<VARIANCE> 39
 3.346514e+00 5.346576e+00 2.367444e+01 1.639123e+01 1.324757e+01 1.635176e+01 1.765318e+01 1.638833e+01 1.178129e+01 1.602461e+01 1.785082e+01 1.529322e+01 1.000000e-02 2.678675e-01 4.388079e-01 6.759319e-01 1.407143e+00 1.116271e+00 1.033777e+00 1.241516e+00 8.074118e-01 2.595300e+00 3.024856e+00 1.368797e+00 7.141262e-01 1.000000e-02 5.843654e-02 7.230874e-02 8.748111e-02 9.019279e-02 1.358621e-01 1.850839e-01 2.270565e-01 1.851694e-01 4.562278e-01 5.768116e-01 3.781374e-01 2.038678e-01 1.000000e-02
<GCONST> 6.753668e+01
<STATE> 15
<MEAN> 39
 -5.093644e+00 -1.834355e+01 -7.117366e+00 -1.297205e+01 -1.334375e+01 -1.061344e+01 9.836569e+00 -2.507126e+00 2.542213e+00 4.131114e+00 -9.162827e+00 -1.417748e+00 7.377226e-01 1.744411e+00 -2.870511e-01 6.182414e-01 -6.396677e-02 -8.252260e-02 -2.747757e-01 -1.260032e+00 -1.061934e-01 -1.765693e-01 -1.444213e+00 7.741697e-01 5.571079e-01 -2.689593e-02 1.998173e-01 -1.341360e-01 -7.855441e-02 5.638716e-01 4.648512e-01 3.134910e-01 1.163892e-01 -2.847777e-01 -2.300048e-01 -8.517504e-01 2.061099e-01 -3.590781e-01 -3.932981e-03
<VARIANCE> 39
 6.250734e+00 4.316987e+00 4.503701e+01 1.542673e+01 1.114336e+01 1.888037e+01 2.694595e+01 2.139124e+01 3.727700e+00 1.508184e+01 7.331991e+00 1.943690e+01 1.000000e-02 3.618132e-01 3.539112e-01 1.886976e-01 2.175256e+00 2.403468e+00 5.447460e-01 5.025710e-01 2.107379e+00 9.903574e-01 1.233458e+00 1.436322e+00 9.268957e-01 1.000000e-02 2.720058e-02 9.718519e-02 2.567332e-01 1.609781e-01 1.303247e-01 4.317323e-02 9.448411e-02 1.961266e-01 1.432213e-01 6.533275e-01 1.156566e-01 1.717384e-01 1.000000e-02
<GCONST> 6.168404e+01
<STATE> 16
<MEAN> 39
 -1.094082e+00 -1.980246e+01 -3.543275e+00 -1.118692e+01 -1.132417e+01 -7.914345e+00 6.569280e+00 -3.715197e+00 1.579649e+00 -3.190014e+00 -7.263526e+00 -2.202853e+00 6.152369e-01 1.186342e+00 -5.734500e-01 4.063054e-01 1.006561e+00 8.370471e-01 1.357868e-01 -5.053275e-01 -5.254968e-01 -6.969724e-01 -9.513831e-01 8.396258e-01 -4.869597e-01 -3.287880e-02 -3.453220e-01 -1.180085e-01 1.190936e-03 1.117711e-01 -2.400473e-01 1.685100e-01 3.247580e-01 3.966519e-03 3.751542e-02 5.232340e-01 3.174528e-02 6.735811e-02 1.090526e-03
<VARIANCE> 39
 1.827068e+01 7.150747e+00 3.073519e+01 2.300025e+01 2.715783e+01 3.198828e+01 2.467227e+01 1.952841e+01 1.287647e+01 8.719110e+00 1.150223e+01 1.058206e+01 1.000000e-02 6.827224e-01 6.821288e-01 1.749797e+00 1.395259e+00 9.129303e-01 5.146091e-01 1.624131e+00 1.722995e+00 1.524448e+00 1.457773e+00 4.907146e-01 1.454831e+00 1.000000e-02 1.563278e-01 9.803490e-02 1.315712e-01 9.531614e-02 3.526967e-01 2.366638e-01 2.827056e-01 5.458406e-01 2.266072e-01 2.238939e-01 2.259373e-01 3.205018e-01 1.000000e-02
<GCONST> 7.411033e+01
<STATE> 17
<MEAN> 39
 -3.705128e-01 -2.134985e+01 -2.468201e+00 -1.082341e+01 -1.071156e+01 -8.498980e+00 6.578692e+00 -5.174304e+00 7.623093e-01 -1.646098e+00 -4.917477e+00 -1.658468e+00 5.598128e-01 5.857005e-01 -8.822010e-01 1.690355e-01 8.149023e-01 -6.412494e-01 1.209329e+00 5.106741e-02 4.201486e-01 -7.262573e-01 -1.765200e-01 8.964802e-01 1.358248e-01 -2.702986e-02 -1.557231e-01 1.523539e-02 -1.838161e-01 1.184734e-01 -1.819956e-01 2.236196e-01 3.207883e-02 2.135605e-01 -1.428282e-02 -1.567139e-01 -2.529710e-01 -1.501821e-01 1.733545e-03
<VARIANCE> 39
 2.696309e+01 7.960066e+00 2.456137e+01 6.349630e+01 1.348449e+01 1.849193e+01 5.841099e+00 2.302974e+01 7.978036e+00 1.492726e+01 8.819494e+00 1.892695e+01 1.199484e-02 1.941733e+00 1.637290e-01 6.734707e-01 4.312836e-01 1.045625e+00 1.356235e+00 4.416429e+00 1.297616e+00 7.631673e-01 1.903953e+00 1.274237e+00 2.600367e+00 1.000000e-02 2.128516e-01 1.413533e-01 9.584510e-02 3.252259e-01 2.676927e-01 1.694372e-01 3.631309e-01 4.479357e-01 2.727127e-01 4.509873e-01 2.504505e-01 3.835934e-01 1.000000e-02
<GCONST> 7.604771e+01
<STATE> 18
<MEAN> 39
 7.490257e-01 -2.358494e+01 -3.481082e+00 -6.603188e+00 -1.219124e+01 -4.589053e+00 6.251943e+00 -3.480950e+00 -1.696333e+00 -3.824352e+00 -3.346778e+00 -2.287085e+00 4.898757e-01 2.125196e-02 -2.094800e-01 1.110394e-01 1.047253e+00 4.621811e-01 3.232876e-01 -7.086762e-01 4.925917e-01 -3.120075e-01 -4.524470e-01 -1.051050e-01 -6.503918e-01 -2.225072e-02 -8.598833e-02 4.380003e-01 -3.417468e-02 1.314882e-01 5.921351e-01 -4.235427e-01 -1.798524e-02 -2.083234e-02 2.429225e-01 -8.245855e-02 -1.941531e-01 -1.554366e-01 6.451827e-04
<VARIANCE> 39
 2.046802e+01 1.069708e+01 1.965743e+01 3.443698e+01 1.521306e+01 1.523303e+01 2.843277e+01 6.589215e+00 9.492066e+00 2.413423e+01 1.835446e+01 8.411476e+00 1.371987e-02 1.806071e+00 8.411323e-01 3.161188e-01 2.973691e+00 1.938828e+00 1.032263e+00 1.264250e+00 1.822834e+00 1.187479e+00 2.853653e+00 1.169840e+00 6.695222e-01 1.000000e-02 1.992488e-01 5.218226e-02 4.343903e-02 2.588201e-01 2.003345e-01 1.275335e-01 6.544529e-01 1.192841e-01 3.002291e-01 6.442779e-01 5.126119e-01 2.382281e-01 1.000000e-02
<GCONST> 7.508051e+01
<STATE> 19
<MEAN> 39
 1.283801e+00 -2.156957e+01 -2.173920e+00 -4.252275e+00 -9.658200e+00 -5.522004e+00 5.815457e+00 -1.740249e+00 -1.627676e+00 -5.126054e+00 -4.570326e+00 -3.962049e+00 4.523451e-01 2.625750e-03 8.138885e-01 -4.856014e-01 1.879906e+00 1.752319e+00 -3.316207e-01 6.387067e-01 3.887663e-01 -6.736074e-02 -9.914411e-01 6.506481e-02 -3.722526e-01 -2.946991e-02 -2.016145e-01 3.568521e-02 -3.036975e-01 -9.846053e-02 1.664569e-01 -2.103556e-01 9.837423e-02 6.623396e-02 9.024698e-02 2.931912e-03 3.167711e-02 1.940908e-01 -4.283854e-03
<VARIANCE> 39
 1.548201e+01 8.861179e+00 1.282235e+01 3.551184e+01 3.627767e+01 8.207784e+00 1.134320e+01 8.163756e+00 5.927176e+00 8.596832e+00 1.384128e+01 7.897091e+00 1.036516e-02 3.005524e-01 3.540150e-01 4.698309e-01 3.191044e+00 5.864315e-01 3.442934e-01 1.082433e+00 3.282584e-01 2.550874e+00 3.767438e+00 3.475965e+00 1.232824e+00 1.000000e-02 1.105608e-01 1.105435e-01 3.691150e-02 5.241239e-01 4.896328e-01 1.051400e-01 2.135308e-01 8.700830e-02 1.970927e-01 4.564346e-01 2.094275e-01 1.125915e-01 1.000000e-02
<GCONST> 6.557956e+01
<STATE> 20
<MEAN> 39
 6.708966e-02 -2.072238e+01 -5.550327e+00 -1.933089e-01 -4.918267e+00 -7.567865e+00 6.066264e+00 -6.968838e-01 -8.263023e-01 -6.863577e+00 -4.757836e+00 -5.322400e+00 3.537998e-01 -6.971754e-01 4.238525e-01 -5.821727e-01 4.903610e-01 8.233105e-01 -7.040709e-01 -4.299533e-01 3.661317e-01 -1.001251e-01 -4.710377e-01 -2.145069e-03 4.811506e-01 -3.818003e-02 -2.486526e-01 -8.428589e-02 2.338366e-01 -2.765024e-01 -1.988899e-01 2.489933e-01 -1.309811e-01 -2.208167e-01 -1.177941e-01 2.142273e-01 2.166878e-01 3.580963e-01 -5.388319e-03
<VARIANCE> 39
 1.294230e+01 1.367223e+01 1.083707e+01 1.149000e+01 1.630372e+01 1.800645e+01 8.093536e+00 1.139519e+01 1.969101e+01 1.476123e+01 2.076400e+01 3.871256e+01 1.000000e-02 2.845990e-01 5.990731e-01 6.866155e-01 6.385113e-01 2.397028e+00 1.096202e+00 5.601431e-01 5.522459e-01 4.656051e-01 1.427064e+00 1.281584e+00 1.788797e+00 1.000000e-02 4.708210e-02 1.054160e-01 2.080797e-01 2.238422e-01 1.644769e-01 2.593901e-01 1.545068e-01 1.400896e-01 3.657985e-01 5.546731e-01 5.307365e-01 5.501581e-01 1.000000e-02
<GCONST> 6.986405e+01
<STATE> 21
<MEAN> 39
 -2.758502e+00 -1.983925e+01 -5.451611e+00 4.841473e-01 -3.600449e+00 -6.890491e+00 5.422459e+00 -1.045483e+00 -1.847629e+00 -8.227491e+00 -3.573496e+00 -9.643298e-01 2.287962e-01 -1.099957e+00 4.091629e-01 1.821245e-01 4.400927e-01 9.881724e-01 7.115331e-01 -1.348343e-01 -2.481325e-01 1.171635e-01 2.953250e-01 8.416197e-01 6.614588e-01 -5.226970e-02 9.632525e-02 2.628188e-01 1.794232e-01 -2.478196e-01 -2.009629e-01 9.967581e-02 1.214901e-01 4.882165e-02 2.611856e-01 3.587892e-01 1.956275e-01 -5.694515e-02 1.125184e-03
<VARIANCE> 39
 1.055522e+01 1.266446e+01 8.970901e+00 8.322190e+00 1.429406e+01 5.172942e+00 1.510013e+01 1.121207e+01 5.220749e+00 3.287823e+00 1.408861e+01 1.647679e+01 1.000000e-02 5.812669e-01 1.170199e+00 1.678091e+00 1.169857e+00 7.781495e-01 1.095182e+00 9.271612e-01 1.505678e+00 1.532863e+00 6.125569e-01 1.777013e+00 2.550697e+00 1.000000e-02 4.843501e-02 1.558160e-01 1.020562e-01 1.300170e-01 3.978758e-01 1.390310e-01 2.516564e-01 5.569300e-01 8.297765e-02 2.135065e-01 2.842528e-01 1.982799e-01 1.000000e-02
<GCONST> 6.572853e+01
<STATE> 22
<MEAN> 39
 -4.682978e+00 -1.749409e+01 -5.024291e+00 3.492363e-01 -1.946173e+00 -6.493735e+00 4.799670e+00 1.506128e-01 -5.489567e-02 -6.094738e+00 -1.809472e+00 -1.792513e+00 1.138829e-01 -3.951523e-01 1.469692e+00 6.375767e-01 -3.874767e-01 -6.232226e-02 -2.240890e-02 4.619951e-02 3.585117e-01 7.494459e-01 5.175818e-01 6.283119e-01 6.271029e-01 -3.422007e-02 3.012209e-01 2.616374e-01 1.727312e-01 -1.066804e-01 -3.866436e-02 -1.556159e-02 -4.138375e-02 -3.557006e-02 -1.713176e-01 -1.180743e-01 -3.967271e-02 -1.043184e-01 1.012631e-02
<VARIANCE> 39
 1.798723e+00 1.295954e+01 4.886163e+00 3.902813e+00 9.824415e+00 8.180850e+00 1.584574e+01 2.036934e+01 1.879896e+01 4.719063e+00 1.375224e+01 1.843074e+01 1.000000e-02 4.248909e-01 1.145292e+00 6.451538e-01 4.852242e-01 5.200359e-01 7.079396e-01 1.287547e+00 4.139285e+00 7.474253e-01 8.117622e-01 1.283756e+00 1.504115e+00 1.000000e-02 2.050980e-02 1.733992e-01 2.559509e-01 1.203270e-01 1.801412e-01 1.383298e-01 2.636659e-01 5.536015e-01 2.868312e-01 8.009202e-02 3.863105e-01 3.458237e-01 1.000000e-02
<GCONST> 6.257139e+01
<STATE> 23
<MEAN> 39
 -4.327154e+00 -1.280649e+01 -1.728203e+00 -5.971723e-01 -1.704947e+00 -6.014241e+00 4.624530e+00 -7.138246e-01 -6.420552e-01 -5.945511e+00 3.968346e-02 4.600931e-01 8.074880e-02 -9.865914e-02 1.185269e+00 7.513297e-01 -2.970573e-01 8.231516e-01 1.006175e+00 -1.778154e-01 -7.796059e-02 -5.844482e-01 -6.575932e-02 6.964479e-01 6.278273e-02 -1.105188e-02 -1.921449e-01 -4.432122e-01 -2.883057e-01 7.318015e-02 7.597920e-02 2.687166e-01 1.226124e-02 -1.429382e-01 -1.076749e-01 2.982771e-02 -4.556955e-02 -1.614089e-01 -4.682893e-04
<VARIANCE> 39
 2.239995e+00 1.235566e+01 8.735529e+00 5.851520e+00 8.301804e+00 1.079723e+01 2.084735e+00 1.238207e+01 4.403529e+00 7.063357e+00 1.132800e+01 5.990423e+00 1.000000e-02 2.643045e-01 1.219030e+00 1.050305e+00 1.945150e-01 9.632421e-01 9.774991e-01 7.967165e-01 6.466578e-01 6.156273e-01 6.855755e-01 1.504795e+00 3.770915e-01 1.000000e-02 2.865251e-02 1.964473e-01 1.569850e-01 1.344323e-01 1.231956e-01 1.963505e-01 2.647947e-02 4.568456e-01 2.661345e-01 2.626250e-01 2.029341e-01 1.039585e-01 1.000000e-02
<GCONST> 5.195019e+01
<STATE> 24
<MEAN> 39
 -5.629667e+00 -1.167339e+01 -2.056687e+00 -1.598027e+00 3.676228e-01 -2.397876e+00 4.940881e+00 -5.794491e-01 -1.308475e+00 -5.134935e+00 2.233304e+00 4.380027e-01 3.554375e-02 -7.696763e-01 -7.118831e-02 -4.900609e-01 -1.072944e-01 1.933560e-01 5.643674e-01 -1.187889e-01 -6.587448e-01 -2.040347e-01 7.284639e-01 3.821744e-01 -2.211792e-01 -2.782399e-02 1.222747e-02 -1.895964e-01 -1.354801e-01 1.645787e-01 -2.729270e-01 -5.938779e-01 -6.948629e-02 -9.701595e-02 2.965119e-01 2.542267e-01 -1.766379e-01 -1.140302e-01 -8.658062e-04
<VARIANCE> 39
 6.903955e-01 2.263684e+00 1.382660e+01 2.031106e+00 9.183168e+00 7.175749e+00 8.913818e+00 1.470887e+01 2.028012e+00 7.912870e+00 6.847353e+00 3.114562e+00 1.000000e-02 9.678587e-02 7.256431e-01 5.388380e-01 9.623800e-01 4.042108e-01 1.111611e+00 3.249432e-01 2.112617e+00 1.072032e+00 9.000180e-01 5.898979e-01 1.464165e-01 1.000000e-02 4.508036e-02 1.081322e-01 2.277116e-01 7.987195e-02 1.869022e-01 8.997823e-02 4.607074e-02 8.850547e-02 1.007023e-02 1.426404e-01 1.166211e-01 4.301594e-02 1.000000e-02
<GCONST> 3.881033e+01
<TRANSP> 25
 0.000000e+00 1.000000e+00 0.000000e+00 0.000000e+00 0.000000e+00 0.000000e+00 0.000000e+00 0.000000e+00 0.000000e+00 0.000000e+00 0.000000e+00 0.000000e+00 0.000000e+00 0.000000e+00 0.000000e+00 0.000000e+00 0.000000e+00 0.000000e+00 0.000000e+00 0.000000e+00 0.000000e+00 0.000000e+00 0.000000e+00 0.000000e+00 0.000000e+00
 0.000000e+00 6.875000e-01 3.125000e-01 0.000000e+00 0.000000e+00 0.000000e+00 0.000000e+00 0.000000e+00 0.000000e+00 0.000000e+00 0.000000e+00 0.000000e+00 0.000000e+00 0.000000e+00 0.000000e+00 0.000000e+00 0.000000e+00 0.000000e+00 0.000000e+00 0.000000e+00 0.000000e+00 0.000000e+00 0.000000e+00 0.000000e+00 0.000000e+00
 0.000000e+00 0.000000e+00 5.454546e-01 4.545455e-01 0.000000e+00 0.000000e+00 0.000000e+00 0.000000e+00 0.000000e+00 0.000000e+00 0.000000e+00 0.000000e+00 0.000000e+00 0.000000e+00 0.000000e+00 0.000000e+00 0.000000e+00 0.000000e+00 0.000000e+00 0.000000e+00 0.000000e+00 0.000000e+00 0.000000e+00 0.000000e+00 0.000000e+00
 0.000000e+00 0.000000e+00 0.000000e+00 5.833333e-01 4.166667e-01 0.000000e+00 0.000000e+00 0.000000e+00 0.000000e+00 0.000000e+00 0.000000e+00 0.000000e+00 0.000000e+00 0.000000e+00 0.000000e+00 0.000000e+00 0.000000e+00 0.000000e+00 0.000000e+00 0.000000e+00 0.000000e+00 0.000000e+00 0.000000e+00 0.000000e+00 0.000000e+00
 0.000000e+00 0.000000e+00 0.000000e+00 0.000000e+00 6.153846e-01 3.846154e-01 0.000000e+00 0.000000e+00 0.000000e+00 0.000000e+00 0.000000e+00 0.000000e+00 0.000000e+00 0.000000e+00 0.000000e+00 0.000000e+00 0.000000e+00 0.000000e+00 0.000000e+00 0.000000e+00 0.000000e+00 0.000000e+00 0.000000e+00 0.000000e+00 0.000000e+00
 0.000000e+00 0.000000e+00 0.000000e+00 0.000000e+00 0.000000e+00 5.454546e-01 4.545455e-01 0.000000e+00 0.000000e+00 0.000000e+00 0.000000e+00 0.000000e+00 0.000000e+00 0.000000e+00 0.000000e+00 0.000000e+00 0.000000e+00 0.000000e+00 0.000000e+00 0.000000e+00 0.000000e+00 0.000000e+00 0.000000e+00 0.000000e+00 0.000000e+00
 0.000000e+00 0.000000e+00 0.000000e+00 0.000000e+00 0.000000e+00 0.000000e+00 6.153846e-01 3.846154e-01 0.000000e+00 0.000000e+00 0.000000e+00 0.000000e+00 0.000000e+00 0.000000e+00 0.000000e+00 0.000000e+00 0.000000e+00 0.000000e+00 0.000000e+00 0.000000e+00 0.000000e+00 0.000000e+00 0.000000e+00 0.000000e+00 0.000000e+00
 0.000000e+00 0.000000e+00 0.000000e+00 0.000000e+00 0.000000e+00 0.000000e+00 0.000000e+00 6.428571e-01 3.571429e-01 0.000000e+00 0.000000e+00 0.000000e+00 0.000000e+00 0.000000e+00 0.000000e+00 0.000000e+00 0.000000e+00 0.000000e+00 0.000000e+00 0.000000e+00 0.000000e+00 0.000000e+00 0.000000e+00 0.000000e+00 0.000000e+00
 0.000000e+00 0.000000e+00 0.000000e+00 0.000000e+00 0.000000e+00 0.000000e+00 0.000000e+00 0.000000e+00 6.153846e-01 3.846154e-01 0.000000e+00 0.000000e+00 0.000000e+00 0.000000e+00 0.000000e+00 0.000000e+00 0.000000e+00 0.000000e+00 0.000000e+00 0.000000e+00 0.000000e+00 0.000000e+00 0.000000e+00 0.000000e+00 0.000000e+00
 0.000000e+00 0.000000e+00 0.000000e+00 0.000000e+00 0.000000e+00 0.000000e+00 0.000000e+00 0.000000e+00 0.000000e+00 5.454546e-01 4.545455e-01 0.000000e+00 0.000000e+00 0.000000e+00 0.000000e+00 0.000000e+00 0.000000e+00 0.000000e+00 0.000000e+00 0.000000e+00 0.000000e+00 0.000000e+00 0.000000e+00 0.000000e+00 0.000000e+00
 0.000000e+00 0.000000e+00 0.000000e+00 0.000000e+00 0.000000e+00 0.000000e+00 0.000000e+00 0.000000e+00 0.000000e+00 0.000000e+00 5.454546e-01 4.545455e-01 0.000000e+00 0.000000e+00 0.000000e+00 0.000000e+00 0.000000e+00 0.000000e+00 0.000000e+00 0.000000e+00 0.000000e+00 0.000000e+00 0.000000e+00 0.000000e+00 0.000000e+00
 0.000000e+00 0.000000e+00 0.000000e+00 0.000000e+00 0.000000e+00 0.000000e+00 0.000000e+00 0.000000e+00 0.000000e+00 0.000000e+00 0.000000e+00 5.454546e-01 4.545455e-01 0.000000e+00 0.000000e+00 0.000000e+00 0.000000e+00 0.000000e+00 0.000000e+00 0.000000e+00 0.000000e+00 0.000000e+00 0.000000e+00 0.000000e+00 0.000000e+00
 0.000000e+00 0.000000e+00 0.000000e+00 0.000000e+00 0.000000e+00 0.000000e+00 0.000000e+00 0.000000e+00 0.000000e+00 0.000000e+00 0.000000e+00 0.000000e+00 6.666667e-01 3.333333e-01 0.000000e+00 0.000000e+00 0.000000e+00 0.000000e+00 0.000000e+00 0.000000e+00 0.000000e+00 0.000000e+00 0.000000e+00 0.000000e+00 0.000000e+00
 0.000000e+00 0.000000e+00 0.000000e+00 0.000000e+00 0.000000e+00 0.000000e+00 0.000000e+00 0.000000e+00 0.000000e+00 0.000000e+00 0.000000e+00 0.000000e+00 0.000000e+00 7.058824e-01 2.941177e-01 0.000000e+00 0.000000e+00 0.000000e+00 0.000000e+00 0.000000e+00 0.000000e+00 0.000000e+00 0.000000e+00 0.000000e+00 0.000000e+00
 0.000000e+00 0.000000e+00 0.000000e+00 0.000000e+00 0.000000e+00 0.000000e+00 0.000000e+00 0.000000e+00 0.000000e+00 0.000000e+00 0.000000e+00 0.000000e+00 0.000000e+00 0.000000e+00 5.454546e-01 4.545455e-01 0.000000e+00 0.000000e+00 0.000000e+00 0.000000e+00 0.000000e+00 0.000000e+00 0.000000e+00 0.000000e+00 0.000000e+00
 0.000000e+00 0.000000e+00 0.000000e+00 0.000000e+00 0.000000e+00 0.000000e+00 0.000000e+00 0.000000e+00 0.000000e+00 0.000000e+00 0.000000e+00 0.000000e+00 0.000000e+00 0.000000e+00 0.000000e+00 6.153846e-01 3.846154e-01 0.000000e+00 0.000000e+00 0.000000e+00 0.000000e+00 0.000000e+00 0.000000e+00 0.000000e+00 0.000000e+00
 0.000000e+00 0.000000e+00 0.000000e+00 0.000000e+00 0.000000e+00 0.000000e+00 0.000000e+00 0.000000e+00 0.000000e+00 0.000000e+00 0.000000e+00 0.000000e+00 0.000000e+00 0.000000e+00 0.000000e+00 0.000000e+00 6.153846e-01 3.846154e-01 0.000000e+00 0.000000e+00 0.000000e+00 0.000000e+00 0.000000e+00 0.000000e+00 0.000000e+00
 0.000000e+00 0.000000e+00 0.000000e+00 0.000000e+00 0.000000e+00 0.000000e+00 0.000000e+00 0.000000e+00 0.000000e+00 0.000000e+00 0.000000e+00 0.000000e+00 0.000000e+00 0.000000e+00 0.000000e+00 0.000000e+00 0.000000e+00 6.153846e-01 3.846154e-01 0.000000e+00 0.000000e+00 0.000000e+00 0.000000e+00 0.000000e+00 0.000000e+00
 0.000000e+00 0.000000e+00 0.000000e+00 0.000000e+00 0.000000e+00 0.000000e+00 0.000000e+00 0.000000e+00 0.000000e+00 0.000000e+00 0.000000e+00 0.000000e+00 0.000000e+00 0.000000e+00 0.000000e+00 0.000000e+00 0.000000e+00 0.000000e+00 5.833333e-01 4.166667e-01 0.000000e+00 0.000000e+00 0.000000e+00 0.000000e+00 0.000000e+00
 0.000000e+00 0.000000e+00 0.000000e+00 0.000000e+00 0.000000e+00 0.000000e+00 0.000000e+00 0.000000e+00 0.000000e+00 0.000000e+00 0.000000e+00 0.000000e+00 0.000000e+00 0.000000e+00 0.000000e+00 0.000000e+00 0.000000e+00 0.000000e+00 0.000000e+00 6.428571e-01 3.571429e-01 0.000000e+00 0.000000e+00 0.000000e+00 0.000000e+00
 0.000000e+00 0.000000e+00 0.000000e+00 0.000000e+00 0.000000e+00 0.000000e+00 0.000000e+00 0.000000e+00 0.000000e+00 0.000000e+00 0.000000e+00 0.000000e+00 0.000000e+00 0.000000e+00 0.000000e+00 0.000000e+00 0.000000e+00 0.000000e+00 0.000000e+00 0.000000e+00 5.454546e-01 4.545455e-01 0.000000e+00 0.000000e+00 0.000000e+00
 0.000000e+00 0.000000e+00 0.000000e+00 0.000000e+00 0.000000e+00 0.000000e+00 0.000000e+00 0.000000e+00 0.000000e+00 0.000000e+00 0.000000e+00 0.000000e+00 0.000000e+00 0.000000e+00 0.000000e+00 0.000000e+00 0.000000e+00 0.000000e+00 0.000000e+00 0.000000e+00 0.000000e+00 6.428571e-01 3.571429e-01 0.000000e+00 0.000000e+00
 0.000000e+00 0.000000e+00 0.000000e+00 0.000000e+00 0.000000e+00 0.000000e+00 0.000000e+00 0.000000e+00 0.000000e+00 0.000000e+00 0.000000e+00 0.000000e+00 0.000000e+00 0.000000e+00 0.000000e+00 0.000000e+00 0.000000e+00 0.000000e+00 0.000000e+00 0.000000e+00 0.000000e+00 0.000000e+00 6.153846e-01 3.846154e-01 0.000000e+00
 0.000000e+00 0.000000e+00 0.000000e+00 0.000000e+00 0.000000e+00 0.000000e+00 0.000000e+00 0.000000e+00 0.000000e+00 0.000000e+00 0.000000e+00 0.000000e+00 0.000000e+00 0.000000e+00 0.000000e+00 0.000000e+00 0.000000e+00 0.000000e+00 0.000000e+00 0.000000e+00 0.000000e+00 0.000000e+00 0.000000e+00 4.444444e-01 5.555556e-01
 0.000000e+00 0.000000e+00 0.000000e+00 0.000000e+00 0.000000e+00 0.000000e+00 0.000000e+00 0.000000e+00 0.000000e+00 0.000000e+00 0.000000e+00 0.000000e+00 0.000000e+00 0.000000e+00 0.000000e+00 0.000000e+00 0.000000e+00 0.000000e+00 0.000000e+00 0.000000e+00 0.000000e+00 0.000000e+00 0.000000e+00 0.000000e+00 0.000000e+00
<ENDHMM>
