~o
<STREAMINFO> 1 39
<VECSIZE> 39<NULLD><MFCC_E_D_A><DIAGC>
~h "Ngu*ng"
<BEGINHMM>
<NUMSTATES> 28
<STATE> 2
<MEAN> 39
 -6.380227e+00 -5.923617e+00 -1.718480e+00 -5.903788e-03 2.261923e+00 -3.227007e+00 2.190600e+00 -3.232610e+00 4.438538e-01 -4.041039e+00 3.504588e+00 -1.737991e+00 1.682554e-01 -1.142484e+00 7.011839e-01 -9.904085e-01 8.244904e-01 -2.659676e-01 -4.683089e-02 4.568671e-01 5.550972e-01 8.367815e-02 -2.206971e-01 -2.705923e-01 -4.433159e-01 1.411875e-02 2.300383e-01 -1.006427e-01 -2.205890e-01 -4.625447e-01 -3.981369e-01 -1.522143e-01 -1.551798e-01 1.834797e-01 -2.607903e-02 8.083019e-02 -1.262306e-01 -1.559557e-01 1.066474e-02
<VARIANCE> 39
 2.137033e+01 2.610097e+01 2.715189e+01 1.559199e+01 5.302825e+00 1.253123e+01 1.942376e+01 6.053212e+00 1.247106e+01 8.951561e+00 8.629018e+00 1.285157e+01 1.000000e-02 2.048976e+00 3.211113e+00 1.849444e+00 2.782393e+00 1.428823e+00 9.493032e-01 1.941498e+00 6.722444e-01 1.027916e+00 1.034772e+00 2.574300e+00 1.523091e+00 1.000000e-02 9.089946e-01 7.325258e-01 7.408903e-01 6.305450e-01 1.944086e-01 1.817287e-01 4.934717e-01 2.147053e-01 2.469562e-01 2.234424e-01 4.728234e-01 3.445183e-01 1.000000e-02
<GCONST> 8.267525e+01
<STATE> 3
<MEAN> 39
 -7.917785e+00 -6.167435e+00 -2.795394e+00 1.222350e-01 -7.216494e-01 -5.039687e+00 1.870978e+00 -2.046263e-01 -1.855511e-01 -4.590534e+00 3.719067e+00 -3.439330e+00 1.989447e-01 2.269798e+00 -9.593434e-01 3.132773e-01 -2.488861e+00 -6.812543e-01 -2.647260e-01 -1.289647e+00 2.043734e-01 -6.813640e-01 -2.686697e-01 -1.941390e+00 -5.407773e-01 3.309042e-02 8.343132e-01 -2.293555e-01 -3.415790e-02 -5.261626e-01 1.856611e-02 -1.192831e-01 -2.944068e-01 -6.378795e-01 -4.334753e-02 5.244187e-02 -5.481508e-01 -6.704856e-02 1.011867e-02
<VARIANCE> 39
 1.438785e+01 3.275441e+01 2.494865e+01 2.923355e+01 1.307992e+01 1.195861e+01 2.184155e+01 1.158703e+01 2.242667e+01 1.372649e+01 4.423373e+01 7.258193e+00 1.741749e-02 2.319813e+00 4.928910e+00 6.178843e+00 1.848496e+00 2.135763e+00 1.090012e+00 1.729005e+00 2.175154e+00 1.209797e+00 1.789244e+00 3.002763e+00 1.529826e+00 1.000000e-02 4.780380e-01 8.503263e-01 9.426226e-01 6.328884e-01 2.683716e-01 1.116419e-01 3.605677e-01 2.980869e-01 1.293474e-01 1.085442e-01 3.875610e-01 1.559425e-01 1.000000e-02
<GCONST> 8.836325e+01
<STATE> 4
<MEAN> 39
 -1.014243e+00 -6.828038e+00 -3.514691e+00 -6.337988e+00 -3.075320e-01 -3.227419e+00 7.896355e-02 -2.496772e+00 8.457316e-01 -3.229748e+00 -3.382563e+00 -5.576041e+00 3.175744e-01 1.812665e+00 -4.660445e-01 -1.191401e+00 -9.824296e-01 -7.010356e-01 -5.392898e-01 -2.588410e-01 -1.437137e+00 -3.513501e-01 -2.761075e-01 -1.032327e+00 -2.556878e-01 5.777365e-02 -5.460398e-01 -2.919266e-02 -1.021550e-01 6.242045e-01 3.931962e-02 -2.650338e-01 4.285254e-01 1.266115e-01 -2.021294e-01 -2.026158e-01 6.408850e-01 4.750036e-01 -2.092769e-03
<VARIANCE> 39
 4.117719e+01 3.965613e+00 1.221044e+01 2.797284e+01 7.645403e+00 7.697296e+00 6.660376e+00 1.220171e+01 1.643812e+01 9.320355e+00 3.094955e+01 8.994293e+00 5.915029e-02 3.298504e+00 8.302882e-01 2.084704e+00 1.186430e+00 9.748974e-01 1.222834e+00 8.440431e-01 1.574610e+00 7.268451e-01 6.962041e-01 2.702205e+00 8.673874e-01 1.000000e-02 4.000529e-01 4.027877e-01 2.940775e-01 2.266627e-01 1.968291e-01 1.594883e-01 1.425569e-01 4.140306e-01 1.190948e-01 2.814909e-01 1.466732e-01 1.151007e-01 1.000000e-02
<GCONST> 7.394392e+01
<STATE> 5
<MEAN> 39
 2.666625e+00 -9.581192e+00 -5.982359e+00 -7.090334e+00 -4.142215e+00 -7.333552e+00 -2.850968e-01 -6.791783e+00 -3.537127e+00 -6.792221e+00 -2.328738e+00 -3.965656e+00 4.575156e-01 -2.432461e-02 -3.954203e-01 -3.341929e-01 3.772890e-01 -3.150754e-01 -1.797466e+00 1.866336e-01 2.811035e-01 -9.006020e-01 -3.467175e-01 -2.267364e-01 9.240969e-01 3.416124e-02 -1.120571e+00 9.759239e-02 2.892170e-01 2.823352e-01 4.330166e-01 -3.570722e-01 2.337393e-01 8.296663e-01 3.816949e-01 4.523351e-01 -2.910816e-01 -6.525031e-02 -9.863608e-03
<VARIANCE> 39
 6.114845e+01 8.263898e+00 3.536789e+01 2.179611e+01 2.449370e+01 2.020340e+01 1.008618e+01 7.078779e+00 1.723886e+01 9.342576e+00 4.227629e+01 9.389223e+00 9.835487e-02 1.478651e+00 9.389639e-01 1.147354e+00 4.710183e-01 1.211453e+00 3.176040e+00 8.145552e-01 1.464312e+00 8.289592e-01 1.828377e+00 1.041363e+00 3.303539e-01 1.000000e-02 1.010777e+00 1.961264e-01 4.286245e-01 1.241550e-01 2.238595e-01 3.838463e-01 2.378033e-01 1.074134e-01 2.313462e-01 1.157128e-01 2.711544e-01 2.387169e-01 1.000000e-02
<GCONST> 7.811240e+01
<STATE> 6
<MEAN> 39
 -8.515565e-01 -9.118242e+00 -5.098031e+00 -4.013885e+00 -1.826656e+00 -1.025383e+01 5.830601e-01 -3.074408e+00 -2.711116e+00 -5.282921e+00 -4.253802e+00 -3.841541e+00 3.780343e-01 -1.940469e+00 -6.529935e-01 6.044406e-02 6.312056e-02 3.173678e-01 -1.733733e+00 9.946433e-01 1.698519e+00 5.698916e-01 7.049624e-01 -1.585591e+00 -1.532773e-01 1.412970e-02 -5.533015e-01 -6.634417e-03 1.939574e-01 -1.870093e-01 1.852273e-01 7.232617e-01 4.505851e-02 2.975686e-01 5.997578e-01 2.535983e-01 3.173216e-02 1.003698e-01 -2.299458e-03
<VARIANCE> 39
 3.503443e+01 3.165843e+00 3.034187e+01 1.339762e+01 1.879296e+01 3.089982e+01 1.032319e+01 1.558286e+01 1.773280e+01 1.421546e+01 6.073405e+01 8.595121e+00 8.457602e-02 4.778144e+00 1.102277e+00 2.474499e+00 4.920682e-01 1.002753e+00 2.244562e+00 1.816263e+00 9.971887e-01 2.301996e+00 1.976374e+00 7.820355e-01 1.227052e+00 1.000000e-02 3.574023e-01 1.355244e-01 2.536878e-01 1.912851e-01 1.764389e-01 6.034368e-01 2.263079e-01 1.172915e-01 2.165302e-01 2.034717e-01 1.212192e-01 3.386106e-01 1.000000e-02
<GCONST> 8.044540e+01
<STATE> 7
<MEAN> 39
 -5.896739e+00 -1.077707e+01 -5.897013e+00 -6.693536e+00 -1.696323e+00 -1.269838e+01 2.197057e+00 6.809520e-01 -4.267786e-01 -3.372097e+00 -7.641366e+00 -2.339946e+00 5.292762e-01 -2.317813e+00 -4.196043e-01 -5.931389e-01 -7.062070e-01 6.540085e-01 1.255112e+00 -2.575849e-01 1.734539e+00 1.495689e+00 3.965088e-01 -3.837721e-01 4.705490e-01 2.099184e-02 4.171621e-01 6.327049e-02 -2.851340e-01 -1.649288e-01 1.013689e-01 9.828787e-01 -5.553504e-01 -2.470895e-01 1.295508e-01 -2.150260e-01 3.823958e-01 -2.008436e-01 -3.094362e-03
<VARIANCE> 39
 7.074582e+00 9.598111e+00 4.367501e+01 4.351619e+01 1.131414e+01 6.022604e+01 1.053083e+01 1.671997e+01 3.844831e+01 1.450957e+01 6.930260e+01 4.130725e+00 1.418938e-01 3.611765e+00 7.497763e-01 1.144723e+00 1.233841e+00 8.702230e-01 2.855259e+00 1.152825e+00 1.998773e+00 1.222669e+00 1.474105e+00 8.675997e-01 9.228627e-01 1.000000e-02 4.336219e-01 1.755343e-01 2.442457e-01 1.030463e-01 1.469536e-01 7.808588e-01 2.754650e-01 1.971934e-01 4.451900e-01 2.856262e-01 1.010556e-01 1.254182e-01 1.000000e-02
<GCONST> 8.164545e+01
<STATE> 8
<MEAN> 39
 -8.587696e+00 -1.108302e+01 -8.442909e+00 -8.430465e+00 -7.890651e-03 -7.280550e+00 6.396789e-01 4.517151e+00 2.406647e+00 -3.311036e+00 -7.837523e+00 -2.472923e+00 6.245250e-01 -1.016246e-01 2.922793e-02 -6.557134e-01 -2.870007e-01 1.137202e+00 1.891507e+00 -9.695539e-01 1.250469e-01 1.177112e+00 -2.627401e-01 -1.717847e-02 -7.027501e-01 2.703419e-02 5.213900e-01 3.099338e-02 1.034171e-01 9.434593e-02 2.310838e-01 -1.301436e-01 -8.497810e-02 -5.562463e-01 -3.749774e-01 -2.019881e-01 1.508918e-01 -1.635860e-01 -8.875939e-03
<VARIANCE> 39
 1.026476e+01 7.984791e+00 4.770537e+01 3.977842e+01 3.206043e+00 1.153184e+01 3.596566e+00 2.313873e+01 4.040866e+00 1.955762e+01 8.563023e+01 2.469246e+00 1.667206e-01 1.010401e+00 3.241527e-01 8.533356e-01 3.310945e-01 1.351984e+00 1.803131e+00 6.258116e-01 9.467356e-01 1.692097e+00 7.715492e-01 3.678299e-01 3.153583e-01 1.000000e-02 3.003350e-01 1.285921e-01 1.446283e-01 6.022343e-02 1.097066e-01 9.859564e-02 1.900657e-01 1.329764e-01 5.811103e-02 2.932368e-01 1.194220e-01 1.691681e-01 1.000000e-02
<GCONST> 6.230940e+01
<STATE> 9
<MEAN> 39
 -8.398492e+00 -1.168622e+01 -7.573065e+00 -8.535414e+00 3.654038e+00 -2.914758e+00 -3.059455e+00 2.298341e+00 4.382853e+00 -5.245760e+00 -6.011146e+00 -3.664076e+00 5.169135e-01 6.341217e-04 -2.170427e-01 -1.489631e-01 -3.187937e-01 6.754627e-01 3.029914e-01 -7.921425e-01 -3.440793e-01 5.696645e-02 -4.452696e-03 4.835502e-01 -5.409367e-02 -3.978991e-03 9.775945e-02 1.233986e-01 1.678998e-01 -2.443647e-02 -3.353711e-01 -5.019286e-01 1.718088e-01 -1.199898e-01 -1.763770e-01 2.424725e-01 1.363953e-01 1.011420e-01 -1.984981e-03
<VARIANCE> 39
 7.235045e+00 6.010080e+00 5.239874e+01 3.931466e+01 9.584785e+00 1.211218e+01 1.051523e+01 3.385161e+01 1.169574e+01 9.011982e+00 7.811495e+01 1.235680e+01 2.059082e-01 1.594688e-01 2.396559e-01 5.757101e-01 5.339301e-01 1.249083e+00 1.767334e+00 7.480683e-01 3.945256e-01 4.547088e-01 1.290961e+00 5.692679e-01 8.640173e-01 1.000000e-02 6.665351e-02 5.540103e-02 6.765404e-02 1.121085e-01 2.307794e-01 1.738010e-01 1.054209e-01 2.798302e-01 3.533002e-01 2.975760e-01 7.526071e-02 1.389458e-01 1.000000e-02
<GCONST> 6.429841e+01
<STATE> 10
<MEAN> 39
 -7.648241e+00 -1.115020e+01 -8.485267e+00 -8.374437e+00 3.763521e+00 -4.342654e+00 -3.034800e+00 1.525108e+00 3.747231e+00 -2.535037e+00 -3.453467e+00 -3.308782e+00 5.603510e-01 2.598177e-01 6.999847e-01 4.374101e-01 -5.815957e-01 -6.219276e-02 1.020927e-01 -3.028979e-01 -5.494825e-01 -1.260846e-01 9.330500e-01 5.118731e-01 -7.817817e-01 5.610878e-03 1.357854e-01 1.342853e-01 2.551646e-01 -1.486140e-01 -2.461621e-01 9.124031e-02 6.342667e-02 -2.024020e-01 -2.354015e-01 1.117763e-01 -3.901519e-01 -2.674523e-01 -6.249103e-04
<VARIANCE> 39
 8.466075e+00 3.278921e+00 7.138064e+01 6.479830e+01 7.612630e+00 2.946361e+00 1.100636e+01 1.645533e+01 6.713090e+00 7.859420e+00 7.293022e+01 1.254329e+01 1.741444e-01 5.568397e-01 1.127644e-01 7.089915e-01 2.281664e+00 1.917974e+00 1.024177e+00 1.195613e+00 3.550421e+00 2.048776e+00 1.266115e+00 9.112673e-01 1.145391e+00 1.000000e-02 5.458820e-02 6.103072e-02 1.871610e-01 2.150396e-01 3.145618e-01 1.395909e-01 9.861995e-02 1.727915e-01 1.826643e-01 1.766629e-01 9.100612e-02 2.199032e-01 1.000000e-02
<GCONST> 6.894600e+01
<STATE> 11
<MEAN> 39
 -7.267911e+00 -9.495282e+00 -5.116486e+00 -8.715994e+00 3.226061e+00 -4.332982e+00 -3.082714e+00 -2.054169e-01 3.717902e+00 -2.188780e+00 -3.967623e+00 -4.879263e+00 4.627573e-01 4.046827e-01 2.921598e-01 -3.901658e-02 -1.220631e+00 -5.439501e-01 5.213498e-01 8.217644e-02 -9.433776e-01 -9.047505e-01 4.031331e-02 -8.102371e-01 -4.020069e-01 -1.066217e-02 2.648914e-01 -1.411795e-01 8.953753e-02 -1.706734e-02 -2.623208e-01 8.793876e-03 -5.769100e-02 -1.804537e-01 -4.488850e-03 -2.183084e-01 -2.462364e-01 3.377020e-01 3.905286e-04
<VARIANCE> 39
 1.130665e+01 7.648790e+00 7.700953e+01 1.074081e+02 1.355678e+01 1.263131e+01 2.194000e+01 1.391421e+01 9.503642e+00 7.629678e+00 7.064834e+01 2.849346e+01 1.299881e-01 2.660040e-01 1.217696e-01 1.292991e+00 9.242617e-01 2.111015e+00 8.404329e-01 5.564768e-01 1.194972e+00 8.520373e-01 1.953392e+00 4.589231e-01 1.229431e+00 1.000000e-02 7.773039e-02 4.557944e-02 4.186885e-01 4.009280e-01 1.836066e-01 1.414689e-01 2.944738e-02 3.326508e-01 2.984019e-01 3.116934e-01 1.476059e-01 2.151488e-01 1.000000e-02
<GCONST> 7.198472e+01
<STATE> 12
<MEAN> 39
 -5.626061e+00 -8.710930e+00 -6.629232e+00 -1.306707e+01 2.953904e+00 -1.956416e+00 -4.003890e+00 -2.516980e+00 1.972266e+00 -2.051336e+00 -7.458150e+00 -6.234632e+00 5.655337e-01 1.528794e+00 1.070403e-01 9.962379e-01 -6.314816e-02 -9.610700e-01 -4.996966e-01 -6.161194e-01 -1.197479e+00 -2.868562e-01 6.007478e-01 -8.555962e-01 2.366237e-01 1.670808e-02 3.463549e-01 -3.021486e-01 2.751134e-01 2.457056e-01 -3.444407e-01 -5.261059e-01 2.771849e-01 3.180473e-01 -1.456265e-01 5.766355e-03 1.835443e-01 4.066904e-01 1.071709e-02
<VARIANCE> 39
 1.938363e+01 8.339482e+00 3.727921e+01 6.994672e+01 4.485009e+01 4.520178e+00 3.022638e+01 1.153779e+01 1.213026e+01 2.368186e+01 5.568110e+01 2.114877e+01 1.242888e-01 6.714802e-01 4.617946e-01 3.877527e+00 9.553258e-01 1.764117e+00 1.069830e+00 3.985703e-01 1.530616e+00 8.717542e-01 1.731491e+00 1.578120e+00 1.665980e+00 1.000000e-02 2.152232e-01 1.675908e-01 1.994552e-01 3.928570e-01 2.655675e-01 2.349835e-01 3.500120e-01 3.274568e-01 4.471468e-01 6.735788e-01 1.687319e-01 4.785255e-01 1.000000e-02
<GCONST> 8.436348e+01
<STATE> 13
<MEAN> 39
 -5.205629e-01 -9.842162e+00 -5.308692e+00 -1.327292e+01 -2.540060e+00 -6.750545e+00 -4.069539e+00 -4.050082e+00 -2.874160e+00 -2.269991e-01 -9.165051e+00 -4.955446e+00 6.590479e-01 1.613981e+00 -8.277081e-01 1.210976e+00 -9.096726e-01 -1.713670e+00 -1.450445e+00 1.258214e+00 3.163144e-01 -1.533245e+00 -4.616097e-01 -5.068569e-01 1.084302e+00 5.064670e-02 -1.864435e-01 -2.220049e-01 -1.567678e-01 -4.026199e-02 9.666131e-02 1.963849e-01 1.613205e-01 2.564683e-01 5.654945e-01 -8.413240e-01 1.309971e-01 -3.180371e-02 3.096196e-03
<VARIANCE> 39
 2.463672e+01 9.997145e+00 1.332314e+01 5.687808e+01 2.769184e+01 1.177998e+01 3.602515e+01 2.098030e+01 2.682911e+01 2.251234e+01 6.994415e+01 1.908527e+01 6.222048e-02 5.859369e+00 1.349692e+00 6.940828e+00 2.893344e+00 8.592859e-01 8.523515e-01 2.491252e+00 3.215884e+00 4.014445e+00 2.786955e+00 2.683833e+00 4.698533e+00 1.000000e-02 8.193937e-01 8.663476e-02 3.858425e-01 3.881597e-01 1.650151e-01 2.567803e-01 5.296038e-01 4.977951e-01 9.704834e-01 2.644861e-01 7.638094e-01 3.188477e-01 1.000000e-02
<GCONST> 9.781808e+01
<STATE> 14
<MEAN> 39
 2.562210e+00 -1.143039e+01 -5.334504e+00 -1.467570e+01 -6.353874e+00 -9.956925e+00 -1.468139e+00 -2.558366e+00 -2.487868e+00 -6.375825e+00 -9.512183e+00 -3.250983e+00 8.178279e-01 8.054045e-01 -1.290741e+00 2.933262e-02 7.296454e-02 -7.606786e-01 -1.713262e-01 -4.151347e-01 3.131374e-01 1.232559e+00 -1.802590e+00 2.442813e-01 5.049233e-01 2.981930e-02 -4.187616e-01 -5.429969e-02 -3.789365e-01 1.416824e-01 9.217873e-01 2.078140e-01 -3.094053e-01 3.588582e-01 3.385681e-01 3.569587e-01 1.900555e-01 -2.953084e-01 -1.097868e-02
<VARIANCE> 39
 5.510637e+01 2.013347e+01 3.887204e+01 2.177731e+01 1.963125e+01 2.047979e+01 9.173270e+00 2.203630e+01 4.695726e+01 2.814280e+01 7.340003e+00 2.959715e+01 1.000000e-02 5.518797e+00 2.725041e-01 3.515266e+00 1.378816e+00 1.933361e+00 4.569016e+00 4.928053e+00 1.628542e+00 6.509019e+00 1.751321e+00 3.362949e+00 1.778587e+00 1.000000e-02 1.198238e+00 1.388083e-01 6.030800e-01 4.286303e-01 2.682092e-01 6.090151e-01 8.392446e-01 6.759336e-01 6.750594e-01 7.055086e-01 3.993786e-01 7.530023e-01 1.000000e-02
<GCONST> 9.848856e+01
<STATE> 15
<MEAN> 39
 2.642246e+00 -1.401015e+01 -6.214537e+00 -1.556416e+01 -1.843124e+00 -1.335871e+01 -1.664503e-01 1.832637e+00 -2.598418e+00 -5.345985e+00 -9.477317e+00 -2.412023e+00 8.574436e-01 -1.079170e+00 -9.178234e-01 -7.471988e-01 -3.520183e-01 2.319891e+00 -4.967650e-01 3.700689e-01 2.065227e+00 9.428611e-01 6.571206e-01 -9.022434e-01 -5.235728e-01 1.090628e-02 -3.012663e-01 1.537095e-01 -5.459820e-01 3.832743e-02 1.723766e-01 8.569614e-01 -4.803517e-01 -3.571549e-01 2.376777e-01 2.158015e-01 -5.109112e-01 -6.906016e-01 -5.604245e-04
<VARIANCE> 39
 2.922775e+01 1.033571e+01 6.040644e+01 1.755658e+01 5.359002e+01 1.695298e+02 4.194403e+01 5.618177e+01 1.157649e+02 1.001700e+01 2.439127e+01 7.495778e+00 1.000000e-02 7.088342e+00 3.919148e-01 1.529843e+00 5.207693e-01 4.393431e+00 6.269253e+00 4.891946e+00 6.741365e+00 1.509023e+00 3.963053e+00 4.880863e+00 1.043009e+00 1.000000e-02 4.528626e-01 3.912473e-02 2.574744e-01 1.208592e-01 8.191894e-01 2.015283e+00 8.270907e-01 6.747270e-01 1.327423e+00 9.031367e-01 3.383523e-01 1.979809e-01 1.000000e-02
<GCONST> 1.005977e+02
<STATE> 16
<MEAN> 39
 -2.771529e+00 -1.665351e+01 -1.014179e+01 -1.483558e+01 3.022744e+00 -7.506854e+00 -5.115757e+00 3.873758e+00 1.688675e+00 -4.618304e+00 -1.557544e+01 -5.894743e+00 9.182184e-01 7.240300e-02 -3.663123e-01 -3.111206e-01 -4.561746e-01 5.803369e-01 1.705721e+00 -1.483132e+00 -5.018359e-01 -9.218113e-03 2.941598e-01 -2.697831e-01 -3.969315e-01 -1.339699e-03 1.607150e-01 2.365089e-01 1.288280e-01 -5.681904e-02 -3.574109e-01 -1.464512e-01 -8.837108e-02 -3.136950e-01 -5.564020e-01 1.683543e-01 4.461998e-01 1.762121e-01 -7.055273e-03
<VARIANCE> 39
 1.578111e+01 4.861722e+00 7.289903e+01 2.538017e+01 3.882812e+01 3.763148e+01 5.508816e+01 5.311592e+01 3.065169e+01 7.181301e+00 2.397365e+01 1.471637e+01 1.289211e-02 4.206169e-01 5.127870e-01 5.809473e-01 9.941545e-01 1.944041e+00 4.669093e+00 4.889917e-01 4.299484e-01 4.140471e+00 1.774164e+00 1.997192e+00 1.122766e+00 1.000000e-02 2.789617e-01 7.152919e-02 2.990171e-01 9.301556e-02 2.097449e-01 7.572018e-01 5.341352e-01 3.482718e-01 2.788368e-01 3.828012e-01 5.419970e-01 2.072968e-01 1.000000e-02
<GCONST> 8.243056e+01
<STATE> 17
<MEAN> 39
 -4.339243e-01 -1.635657e+01 -7.802610e+00 -1.807782e+01 3.330112e+00 -3.325068e+00 -8.959851e+00 1.487774e+00 -6.154860e-02 -2.207834e+00 -1.152313e+01 -5.174502e+00 8.487299e-01 1.076280e+00 -2.145094e-01 7.201162e-01 7.446582e-02 -1.459993e+00 5.232700e-01 -2.111527e-01 -1.122703e+00 3.521259e-01 3.491809e-01 1.692874e+00 -3.446581e-01 -2.306111e-02 1.551904e-01 -3.383092e-02 5.495204e-03 2.856803e-01 -6.862929e-01 -3.065634e-01 4.620925e-01 -3.565168e-01 2.682143e-01 -1.351478e-01 -4.352751e-02 -2.396124e-02 -1.829207e-04
<VARIANCE> 39
 1.268342e+01 2.352765e+00 5.427342e+01 3.279440e+01 3.440296e+01 1.166630e+01 2.922861e+01 4.093340e+01 2.074899e+01 3.727886e+00 1.555210e+01 1.123832e+01 1.293774e-02 5.008264e-01 2.746945e-01 9.845849e-01 1.869168e+00 2.404719e+00 7.887278e-01 1.457419e+00 1.075056e+00 1.200928e+00 1.340775e+00 1.242968e+00 4.457500e-01 1.000000e-02 8.401912e-02 6.557625e-02 1.589625e-01 2.672196e-01 2.434288e-01 3.551530e-01 9.384948e-02 1.311794e-01 5.237541e-01 9.358338e-02 4.279333e-01 1.434004e-01 1.000000e-02
<GCONST> 7.018262e+01
<STATE> 18
<MEAN> 39
 5.914521e+00 -1.803399e+01 -3.201608e+00 -1.608327e+01 -9.138828e+00 -1.895011e+00 -6.815392e+00 -7.673172e+00 3.237842e+00 -4.107677e+00 -7.865675e+00 -4.201391e+00 7.975871e-01 4.723945e-01 6.349012e-02 -5.134891e-01 5.060435e-01 -1.118292e+00 -2.882653e-01 4.479535e-01 -9.109190e-01 2.917426e-01 -7.777227e-02 3.116267e-02 1.653525e-01 -1.846339e-02 -8.377124e-02 1.989453e-01 -3.324631e-01 2.216498e-02 3.647742e-01 -3.096767e-01 4.545932e-03 2.324143e-01 -1.215322e-01 -3.400057e-02 -2.458092e-01 3.645214e-02 -1.065608e-03
<VARIANCE> 39
 6.962299e+00 1.777837e+00 1.602916e+01 3.928360e+00 2.530200e+01 6.158128e+00 9.069433e+00 1.855857e+01 3.275474e+01 1.148535e+01 2.398944e+00 9.387861e+00 1.000000e-02 6.216625e-01 2.831784e-01 8.376262e-01 1.188423e+00 2.242967e+00 1.754296e+00 8.796209e-01 1.965891e+00 1.373121e+00 1.064874e+00 6.858799e-01 4.581370e-01 1.000000e-02 5.107224e-02 2.142252e-02 1.464318e-01 2.147396e-01 2.984828e-01 7.668636e-02 2.161773e-01 5.738071e-02 3.725547e-01 2.165043e-01 1.868889e-01 1.213656e-01 1.000000e-02
<GCONST> 5.838971e+01
<STATE> 19
<MEAN> 39
 5.443888e+00 -1.699216e+01 -7.444034e+00 -1.626979e+01 -7.718914e+00 -5.100433e+00 -7.103893e+00 -7.613333e+00 3.742351e+00 -4.488160e+00 -8.275544e+00 -4.847116e+00 7.175800e-01 6.819697e-01 5.022131e-01 -1.179575e+00 7.233968e-01 -4.944053e-01 -1.090317e+00 1.036996e-01 -2.645116e-01 1.585294e-01 -7.520695e-01 1.006682e-01 1.496447e-01 -2.188773e-02 -5.235404e-02 2.640614e-01 2.178085e-01 3.309403e-01 4.263631e-01 1.540235e-01 1.479496e-01 5.242626e-01 6.455541e-03 -2.432965e-01 1.563089e-01 2.311040e-01 -1.121912e-03
<VARIANCE> 39
 3.963930e+00 2.068998e+00 1.369191e+01 7.706732e+00 1.309602e+01 9.611986e+00 2.252435e+01 1.035806e+01 4.091497e+01 2.892764e+01 1.036657e+01 1.074396e+01 1.000000e-02 8.405209e-01 3.894148e-01 2.465482e+00 1.536506e+00 3.339184e+00 8.334851e-01 4.069495e-01 2.964585e+00 2.690741e+00 9.281957e-01 1.428254e+00 5.811319e-01 1.000000e-02 2.557298e-02 7.611708e-02 2.002551e-01 2.572537e-01 1.311482e-01 3.391595e-01 1.479732e-01 1.390378e-01 3.874627e-01 3.187378e-01 1.605856e-01 5.152130e-02 1.000000e-02
<GCONST> 6.576688e+01
<STATE> 20
<MEAN> 39
 7.026658e+00 -1.511606e+01 -8.293812e+00 -1.292417e+01 -7.601045e+00 -5.687342e+00 -6.325935e+00 -5.216407e+00 4.793943e+00 -7.003279e+00 -7.381333e+00 -3.244378e+00 6.695015e-01 3.539311e-01 1.078303e+00 2.459306e-01 1.737237e+00 5.923609e-01 -6.428697e-01 8.370036e-01 1.023589e+00 -9.673081e-02 -9.853567e-01 8.930938e-01 6.147575e-01 -2.215669e-02 -3.578027e-01 8.194112e-02 3.393129e-01 1.549657e-01 2.918495e-01 -1.344442e-01 -2.067119e-02 1.931020e-01 -2.244479e-01 -5.685040e-02 -1.024591e-01 -2.389448e-01 -2.863475e-03
<VARIANCE> 39
 5.209183e+00 5.335324e+00 1.290767e+01 1.891754e+01 1.975949e+01 5.174839e+00 1.485855e+01 5.142532e+00 3.964688e+01 1.331705e+01 1.821162e+01 1.015907e+01 1.227304e-02 5.449211e-01 9.361879e-01 1.047510e+00 1.142506e+00 1.841600e+00 1.391750e+00 5.443807e-01 6.301827e-01 1.544709e+00 1.175849e+00 5.008158e-01 9.130509e-02 1.000000e-02 6.242590e-02 4.453409e-02 5.763921e-01 4.095272e-01 3.105719e-01 1.708093e-01 1.066039e-01 2.368900e-01 4.334674e-01 1.492961e-01 3.545719e-01 1.487428e-01 1.000000e-02
<GCONST> 6.460744e+01
<STATE> 21
<MEAN> 39
 7.399352e+00 -1.225533e+01 -8.176200e+00 -8.943604e+00 -6.936882e+00 -9.380980e+00 -3.622897e+00 -4.443870e+00 1.473811e+00 -8.692425e+00 -7.036466e+00 -5.027028e+00 6.542210e-01 -7.046493e-01 4.119837e-01 2.291480e-01 1.218295e+00 8.651399e-01 -7.373354e-01 -7.260873e-03 5.201135e-01 -4.470565e-01 -5.182933e-01 -4.177301e-01 -6.699548e-01 -3.299455e-02 -2.453382e-01 -3.361728e-01 -9.949696e-02 -1.671827e-01 1.232177e-01 2.758323e-01 -6.172455e-02 -9.205140e-02 8.628860e-03 2.735493e-01 -2.993609e-02 -1.387343e-01 -4.022031e-03
<VARIANCE> 39
 1.363466e+01 8.396543e+00 1.446417e+01 1.223115e+01 1.688387e+01 6.072136e+00 1.003823e+01 2.168097e+01 4.308574e+01 7.231700e+00 9.287251e+00 1.654980e+01 2.908483e-02 8.884698e-01 4.563031e-01 1.580062e+00 2.124385e+00 5.068192e-01 1.004808e+00 6.154431e-01 9.606596e-01 1.174283e+00 1.028466e+00 1.121941e+00 7.789367e-01 1.000000e-02 8.227104e-02 1.656483e-01 2.047543e-01 2.613196e-01 8.216485e-02 3.000767e-01 1.196046e-01 3.204218e-01 1.835418e-01 1.168866e-01 3.831575e-01 2.347925e-01 1.000000e-02
<GCONST> 6.835848e+01
<STATE> 22
<MEAN> 39
 2.005571e+00 -1.304123e+01 -6.748288e+00 -5.350079e+00 -5.600063e-01 -8.300904e+00 -5.834638e+00 -2.432142e+00 2.845937e+00 -9.762127e+00 -8.249576e+00 -5.640511e+00 4.215763e-01 -1.006808e+00 -5.022892e-01 -4.768003e-01 8.606962e-01 1.593431e+00 1.054006e+00 8.168502e-01 7.346862e-02 -9.367930e-03 3.113067e-01 2.717176e-01 -2.903022e-01 -4.459095e-02 2.040280e-01 2.395843e-02 8.040836e-02 -2.507706e-01 -2.692790e-01 3.032018e-01 4.246623e-01 -4.708989e-02 3.301878e-01 2.837974e-01 3.409180e-01 4.893943e-01 5.442317e-03
<VARIANCE> 39
 1.492745e+01 5.467086e+00 1.175091e+01 2.361979e+01 1.806458e+01 7.920680e+00 1.568758e+00 2.634617e+00 3.036358e+01 1.013327e+01 1.880616e+01 1.534147e+01 2.884538e-02 5.725666e-01 5.427321e-01 4.456213e-01 1.313125e+00 5.275366e-01 1.477612e+00 8.356726e-01 1.945650e+00 1.171241e+00 7.896920e-01 2.166749e+00 2.209059e+00 1.000000e-02 7.152441e-02 8.251221e-02 1.884538e-01 3.372136e-01 2.417591e-01 2.826610e-01 4.643232e-02 2.171007e-01 2.196870e-01 2.585143e-01 2.580264e-01 2.748696e-01 1.000000e-02
<GCONST> 6.606191e+01
<STATE> 23
<MEAN> 39
 3.781981e+00 -1.234433e+01 -7.487202e+00 -5.994901e+00 -2.358319e+00 -7.871790e+00 -7.763416e-01 -8.283745e-01 1.558466e+00 -9.397425e+00 -5.638728e+00 -4.820076e+00 4.998845e-01 -3.798342e-01 4.780344e-01 6.969175e-01 3.110926e-01 7.087257e-02 3.446652e-01 1.319208e-02 -3.758244e-02 5.147405e-01 1.485815e-01 7.208855e-01 8.945104e-01 -2.357524e-02 6.765477e-02 1.117674e-01 5.995801e-02 -2.032744e-01 -1.558124e-01 3.405183e-02 -5.853229e-01 -4.439435e-01 1.415945e-01 1.574736e-01 4.815942e-02 2.599456e-01 3.294324e-03
<VARIANCE> 39
 3.699807e+01 1.863942e+00 2.286626e+01 1.685254e+01 4.118513e+01 4.366672e+01 8.566558e+00 6.560423e+00 2.931313e+01 5.068960e+00 1.185687e+01 1.022686e+01 5.378885e-02 1.392969e-01 3.591360e-01 7.516152e-01 6.694221e-01 4.030974e-01 1.053297e+00 4.238090e+00 1.847411e+00 1.036345e+00 6.194195e-01 3.150160e-01 4.704070e-01 1.000000e-02 4.132060e-02 1.342485e-01 1.351196e-01 2.493705e-01 3.308971e-01 4.143454e-01 4.315932e-01 1.939507e-01 2.914125e-01 5.002417e-02 2.281635e-01 2.449335e-01 1.000000e-02
<GCONST> 6.605618e+01
<STATE> 24
<MEAN> 39
 -5.213556e-01 -1.206007e+01 -4.493840e+00 -3.707459e+00 1.511709e+00 -3.017819e+00 -3.376625e+00 -4.113136e+00 6.614838e+00 -6.266525e+00 -2.912019e+00 -1.000183e+00 3.121061e-01 -6.806942e-01 2.162851e-01 3.234794e-01 -1.128370e-01 1.295769e-01 2.976679e-01 1.246165e-01 -3.156030e-01 2.012046e-02 9.898663e-01 9.069024e-01 7.705929e-01 -2.496798e-02 -3.651329e-02 1.729787e-01 1.364021e-01 -1.510565e-01 -2.666061e-01 -4.798432e-01 1.374113e-01 2.431592e-01 -6.221840e-01 -7.718872e-02 -5.371908e-02 -3.410381e-01 4.305239e-04
<VARIANCE> 39
 1.435133e+01 4.517304e+00 2.002329e+01 1.096914e+01 1.864797e+01 1.356644e+01 2.225129e+01 6.401530e+00 1.345690e+01 1.401315e+01 2.010168e+01 1.298962e+01 1.863752e-02 1.042093e-01 5.976391e-01 4.100960e-01 1.007243e+00 2.046750e+00 2.341991e+00 1.196658e+00 9.511475e-01 2.639509e+00 3.050099e-01 8.604850e-01 1.328293e+00 1.000000e-02 2.177873e-02 2.020616e-01 2.101012e-01 9.886160e-02 2.310369e-01 2.235740e-01 2.800555e-01 1.933083e-01 2.999019e-01 1.464320e-01 1.717295e-01 1.894354e-01 1.000000e-02
<GCONST> 6.556733e+01
<STATE> 25
<MEAN> 39
 6.826811e-01 -9.966561e+00 -4.921879e+00 -5.648462e+00 -1.909787e+00 -8.755118e+00 -2.412615e+00 -2.421365e+00 -4.021846e-01 -6.210816e+00 -2.592181e+00 -3.052438e+00 3.445175e-01 -8.588383e-01 8.075925e-01 1.354881e+00 3.066301e-01 1.155510e-01 -2.217253e-01 5.014753e-01 2.655403e-01 -7.648606e-01 -5.001699e-02 5.037674e-01 -3.281065e-01 -3.216823e-02 -5.936770e-02 8.614705e-03 1.663218e-01 1.991672e-01 2.517382e-01 3.341308e-01 2.065085e-01 6.091331e-02 2.882025e-01 -1.707426e-01 -4.326223e-02 -1.062764e-01 9.513229e-05
<VARIANCE> 39
 3.145852e+01 4.138635e+00 2.113063e+01 7.992725e+00 1.578191e+01 2.433894e+01 2.214590e+01 2.453905e+00 1.882782e+01 3.287524e+00 6.302021e+00 1.052603e+01 4.604691e-02 9.686161e-01 4.423052e-01 1.180415e+00 8.634118e-01 9.217612e-01 9.754198e-01 8.265109e-01 3.924650e-01 1.170837e+00 1.331910e+00 1.983936e+00 3.509459e-01 1.000000e-02 9.851082e-02 8.185080e-02 2.412052e-01 1.597173e-01 7.654746e-02 1.418079e-01 1.769878e-01 3.864788e-02 1.429272e-01 1.455500e-01 2.022865e-01 1.844275e-01 1.000000e-02
<GCONST> 6.092876e+01
<STATE> 26
<MEAN> 39
 -3.460868e+00 -8.140906e+00 -3.123643e-01 -2.973712e+00 9.333183e-01 -4.463322e+00 1.449305e+00 -2.215326e+00 1.571023e+00 -4.401279e+00 -2.780821e-01 -2.675982e+00 2.109213e-01 -4.449083e-01 6.873855e-02 -1.380603e-02 1.687078e-01 -3.368550e-02 4.044530e-01 3.890891e-01 3.058971e-01 3.261496e-01 2.980293e-01 3.577332e-01 -2.295750e-02 -2.088037e-02 2.146314e-02 -2.436189e-01 -3.125795e-01 -1.636037e-02 -4.291945e-02 1.148251e-02 -1.595423e-01 9.741203e-02 1.284621e-01 4.090190e-02 -4.653969e-02 5.172937e-03 -1.160003e-03
<VARIANCE> 39
 1.537697e+00 2.179643e+00 5.140645e+00 3.545184e+00 3.857810e+00 7.063566e+00 1.055541e+01 1.357243e+01 1.000365e+01 1.300025e+01 1.474473e+01 1.701493e+01 1.000000e-02 5.516496e-01 6.673900e-01 1.280691e+00 4.333709e-01 6.051384e-01 8.658664e-01 1.656480e+00 1.393343e+00 5.161535e-01 1.298304e+00 9.178275e-01 1.056688e+00 1.000000e-02 9.998697e-02 7.906288e-02 1.376961e-01 5.321785e-02 6.566836e-02 1.236988e-01 3.184692e-01 3.022801e-01 1.384224e-01 4.143024e-01 2.300319e-01 2.399728e-01 1.000000e-02
<GCONST> 5.614235e+01
<STATE> 27
<MEAN> 39
 -5.554356e+00 -1.052745e+01 -2.474522e+00 -1.732207e+00 2.027473e-01 -4.470639e+00 -6.069062e-01 1.378028e-01 4.045042e+00 -4.375674e+00 -2.244041e-01 -3.227936e+00 1.080236e-01 -4.949339e-01 -1.858673e-01 -6.390664e-03 2.265685e-01 2.594988e-01 5.907774e-01 -1.072873e-01 2.610925e-01 4.521824e-01 6.571450e-01 4.210545e-01 1.685332e-01 -1.940054e-02 2.759221e-01 3.235668e-01 2.212772e-01 -1.731679e-01 6.110857e-02 -6.828748e-02 -8.849080e-02 -3.906634e-01 -1.925915e-01 -7.459586e-02 -1.446411e-01 1.830637e-01 1.138874e-02
<VARIANCE> 39
 3.696079e+00 4.452027e+00 5.643822e+00 1.204797e+01 7.936241e+00 3.737217e+00 1.255819e+01 6.287354e+00 1.083215e+01 9.373961e+00 6.866594e+00 6.304847e+00 1.000000e-02 9.644602e-02 4.886292e-01 3.587632e-01 8.962081e-01 5.587808e-01 4.791049e-01 4.497094e-01 8.962820e-01 4.482581e-01 4.413927e-01 6.281366e-01 7.765132e-01 1.000000e-02 2.485102e-02 8.678602e-02 1.446291e-01 1.929658e-01 1.578330e-01 1.729141e-01 1.957899e-01 7.973497e-02 1.134982e-01 1.600595e-01 2.278550e-02 4.598209e-02 1.000000e-02
<GCONST> 4.392646e+01
<TRANSP> 28
 0.000000e+00 1.000000e+00 0.000000e+00 0.000000e+00 0.000000e+00 0.000000e+00 0.000000e+00 0.000000e+00 0.000000e+00 0.000000e+00 0.000000e+00 0.000000e+00 0.000000e+00 0.000000e+00 0.000000e+00 0.000000e+00 0.000000e+00 0.000000e+00 0.000000e+00 0.000000e+00 0.000000e+00 0.000000e+00 0.000000e+00 0.000000e+00 0.000000e+00 0.000000e+00 0.000000e+00 0.000000e+00
 0.000000e+00 6.875000e-01 3.125000e-01 0.000000e+00 0.000000e+00 0.000000e+00 0.000000e+00 0.000000e+00 0.000000e+00 0.000000e+00 0.000000e+00 0.000000e+00 0.000000e+00 0.000000e+00 0.000000e+00 0.000000e+00 0.000000e+00 0.000000e+00 0.000000e+00 0.000000e+00 0.000000e+00 0.000000e+00 0.000000e+00 0.000000e+00 0.000000e+00 0.000000e+00 0.000000e+00 0.000000e+00
 0.000000e+00 0.000000e+00 5.454546e-01 4.545455e-01 0.000000e+00 0.000000e+00 0.000000e+00 0.000000e+00 0.000000e+00 0.000000e+00 0.000000e+00 0.000000e+00 0.000000e+00 0.000000e+00 0.000000e+00 0.000000e+00 0.000000e+00 0.000000e+00 0.000000e+00 0.000000e+00 0.000000e+00 0.000000e+00 0.000000e+00 0.000000e+00 0.000000e+00 0.000000e+00 0.000000e+00 0.000000e+00
 0.000000e+00 0.000000e+00 0.000000e+00 6.153846e-01 3.846154e-01 0.000000e+00 0.000000e+00 0.000000e+00 0.000000e+00 0.000000e+00 0.000000e+00 0.000000e+00 0.000000e+00 0.000000e+00 0.000000e+00 0.000000e+00 0.000000e+00 0.000000e+00 0.000000e+00 0.000000e+00 0.000000e+00 0.000000e+00 0.000000e+00 0.000000e+00 0.000000e+00 0.000000e+00 0.000000e+00 0.000000e+00
 0.000000e+00 0.000000e+00 0.000000e+00 0.000000e+00 5.454546e-01 4.545455e-01 0.000000e+00 0.000000e+00 0.000000e+00 0.000000e+00 0.000000e+00 0.000000e+00 0.000000e+00 0.000000e+00 0.000000e+00 0.000000e+00 0.000000e+00 0.000000e+00 0.000000e+00 0.000000e+00 0.000000e+00 0.000000e+00 0.000000e+00 0.000000e+00 0.000000e+00 0.000000e+00 0.000000e+00 0.000000e+00
 0.000000e+00 0.000000e+00 0.000000e+00 0.000000e+00 0.000000e+00 5.000000e-01 5.000000e-01 0.000000e+00 0.000000e+00 0.000000e+00 0.000000e+00 0.000000e+00 0.000000e+00 0.000000e+00 0.000000e+00 0.000000e+00 0.000000e+00 0.000000e+00 0.000000e+00 0.000000e+00 0.000000e+00 0.000000e+00 0.000000e+00 0.000000e+00 0.000000e+00 0.000000e+00 0.000000e+00 0.000000e+00
 0.000000e+00 0.000000e+00 0.000000e+00 0.000000e+00 0.000000e+00 0.000000e+00 6.153846e-01 3.846154e-01 0.000000e+00 0.000000e+00 0.000000e+00 0.000000e+00 0.000000e+00 0.000000e+00 0.000000e+00 0.000000e+00 0.000000e+00 0.000000e+00 0.000000e+00 0.000000e+00 0.000000e+00 0.000000e+00 0.000000e+00 0.000000e+00 0.000000e+00 0.000000e+00 0.000000e+00 0.000000e+00
 0.000000e+00 0.000000e+00 0.000000e+00 0.000000e+00 0.000000e+00 0.000000e+00 0.000000e+00 5.833333e-01 4.166667e-01 0.000000e+00 0.000000e+00 0.000000e+00 0.000000e+00 0.000000e+00 0.000000e+00 0.000000e+00 0.000000e+00 0.000000e+00 0.000000e+00 0.000000e+00 0.000000e+00 0.000000e+00 0.000000e+00 0.000000e+00 0.000000e+00 0.000000e+00 0.000000e+00 0.000000e+00
 0.000000e+00 0.000000e+00 0.000000e+00 0.000000e+00 0.000000e+00 0.000000e+00 0.000000e+00 0.000000e+00 7.058824e-01 2.941177e-01 0.000000e+00 0.000000e+00 0.000000e+00 0.000000e+00 0.000000e+00 0.000000e+00 0.000000e+00 0.000000e+00 0.000000e+00 0.000000e+00 0.000000e+00 0.000000e+00 0.000000e+00 0.000000e+00 0.000000e+00 0.000000e+00 0.000000e+00 0.000000e+00
 0.000000e+00 0.000000e+00 0.000000e+00 0.000000e+00 0.000000e+00 0.000000e+00 0.000000e+00 0.000000e+00 0.000000e+00 5.833333e-01 4.166667e-01 0.000000e+00 0.000000e+00 0.000000e+00 0.000000e+00 0.000000e+00 0.000000e+00 0.000000e+00 0.000000e+00 0.000000e+00 0.000000e+00 0.000000e+00 0.000000e+00 0.000000e+00 0.000000e+00 0.000000e+00 0.000000e+00 0.000000e+00
 0.000000e+00 0.000000e+00 0.000000e+00 0.000000e+00 0.000000e+00 0.000000e+00 0.000000e+00 0.000000e+00 0.000000e+00 0.000000e+00 5.454546e-01 4.545455e-01 0.000000e+00 0.000000e+00 0.000000e+00 0.000000e+00 0.000000e+00 0.000000e+00 0.000000e+00 0.000000e+00 0.000000e+00 0.000000e+00 0.000000e+00 0.000000e+00 0.000000e+00 0.000000e+00 0.000000e+00 0.000000e+00
 0.000000e+00 0.000000e+00 0.000000e+00 0.000000e+00 0.000000e+00 0.000000e+00 0.000000e+00 0.000000e+00 0.000000e+00 0.000000e+00 0.000000e+00 5.833333e-01 4.166667e-01 0.000000e+00 0.000000e+00 0.000000e+00 0.000000e+00 0.000000e+00 0.000000e+00 0.000000e+00 0.000000e+00 0.000000e+00 0.000000e+00 0.000000e+00 0.000000e+00 0.000000e+00 0.000000e+00 0.000000e+00
 0.000000e+00 0.000000e+00 0.000000e+00 0.000000e+00 0.000000e+00 0.000000e+00 0.000000e+00 0.000000e+00 0.000000e+00 0.000000e+00 0.000000e+00 0.000000e+00 5.454546e-01 4.545455e-01 0.000000e+00 0.000000e+00 0.000000e+00 0.000000e+00 0.000000e+00 0.000000e+00 0.000000e+00 0.000000e+00 0.000000e+00 0.000000e+00 0.000000e+00 0.000000e+00 0.000000e+00 0.000000e+00
 0.000000e+00 0.000000e+00 0.000000e+00 0.000000e+00 0.000000e+00 0.000000e+00 0.000000e+00 0.000000e+00 0.000000e+00 0.000000e+00 0.000000e+00 0.000000e+00 0.000000e+00 5.454546e-01 4.545455e-01 0.000000e+00 0.000000e+00 0.000000e+00 0.000000e+00 0.000000e+00 0.000000e+00 0.000000e+00 0.000000e+00 0.000000e+00 0.000000e+00 0.000000e+00 0.000000e+00 0.000000e+00
 0.000000e+00 0.000000e+00 0.000000e+00 0.000000e+00 0.000000e+00 0.000000e+00 0.000000e+00 0.000000e+00 0.000000e+00 0.000000e+00 0.000000e+00 0.000000e+00 0.000000e+00 0.000000e+00 2.857143e-01 7.142857e-01 0.000000e+00 0.000000e+00 0.000000e+00 0.000000e+00 0.000000e+00 0.000000e+00 0.000000e+00 0.000000e+00 0.000000e+00 0.000000e+00 0.000000e+00 0.000000e+00
 0.000000e+00 0.000000e+00 0.000000e+00 0.000000e+00 0.000000e+00 0.000000e+00 0.000000e+00 0.000000e+00 0.000000e+00 0.000000e+00 0.000000e+00 0.000000e+00 0.000000e+00 0.000000e+00 0.000000e+00 6.428571e-01 3.571429e-01 0.000000e+00 0.000000e+00 0.000000e+00 0.000000e+00 0.000000e+00 0.000000e+00 0.000000e+00 0.000000e+00 0.000000e+00 0.000000e+00 0.000000e+00
 0.000000e+00 0.000000e+00 0.000000e+00 0.000000e+00 0.000000e+00 0.000000e+00 0.000000e+00 0.000000e+00 0.000000e+00 0.000000e+00 0.000000e+00 0.000000e+00 0.000000e+00 0.000000e+00 0.000000e+00 0.000000e+00 5.833333e-01 4.166667e-01 0.000000e+00 0.000000e+00 0.000000e+00 0.000000e+00 0.000000e+00 0.000000e+00 0.000000e+00 0.000000e+00 0.000000e+00 0.000000e+00
 0.000000e+00 0.000000e+00 0.000000e+00 0.000000e+00 0.000000e+00 0.000000e+00 0.000000e+00 0.000000e+00 0.000000e+00 0.000000e+00 0.000000e+00 0.000000e+00 0.000000e+00 0.000000e+00 0.000000e+00 0.000000e+00 0.000000e+00 6.428571e-01 3.571429e-01 0.000000e+00 0.000000e+00 0.000000e+00 0.000000e+00 0.000000e+00 0.000000e+00 0.000000e+00 0.000000e+00 0.000000e+00
 0.000000e+00 0.000000e+00 0.000000e+00 0.000000e+00 0.000000e+00 0.000000e+00 0.000000e+00 0.000000e+00 0.000000e+00 0.000000e+00 0.000000e+00 0.000000e+00 0.000000e+00 0.000000e+00 0.000000e+00 0.000000e+00 0.000000e+00 0.000000e+00 5.833333e-01 4.166667e-01 0.000000e+00 0.000000e+00 0.000000e+00 0.000000e+00 0.000000e+00 0.000000e+00 0.000000e+00 0.000000e+00
 0.000000e+00 0.000000e+00 0.000000e+00 0.000000e+00 0.000000e+00 0.000000e+00 0.000000e+00 0.000000e+00 0.000000e+00 0.000000e+00 0.000000e+00 0.000000e+00 0.000000e+00 0.000000e+00 0.000000e+00 0.000000e+00 0.000000e+00 0.000000e+00 0.000000e+00 5.454546e-01 4.545455e-01 0.000000e+00 0.000000e+00 0.000000e+00 0.000000e+00 0.000000e+00 0.000000e+00 0.000000e+00
 0.000000e+00 0.000000e+00 0.000000e+00 0.000000e+00 0.000000e+00 0.000000e+00 0.000000e+00 0.000000e+00 0.000000e+00 0.000000e+00 0.000000e+00 0.000000e+00 0.000000e+00 0.000000e+00 0.000000e+00 0.000000e+00 0.000000e+00 0.000000e+00 0.000000e+00 0.000000e+00 7.058824e-01 2.941177e-01 0.000000e+00 0.000000e+00 0.000000e+00 0.000000e+00 0.000000e+00 0.000000e+00
 0.000000e+00 0.000000e+00 0.000000e+00 0.000000e+00 0.000000e+00 0.000000e+00 0.000000e+00 0.000000e+00 0.000000e+00 0.000000e+00 0.000000e+00 0.000000e+00 0.000000e+00 0.000000e+00 0.000000e+00 0.000000e+00 0.000000e+00 0.000000e+00 0.000000e+00 0.000000e+00 0.000000e+00 5.000000e-01 5.000000e-01 0.000000e+00 0.000000e+00 0.000000e+00 0.000000e+00 0.000000e+00
 0.000000e+00 0.000000e+00 0.000000e+00 0.000000e+00 0.000000e+00 0.000000e+00 0.000000e+00 0.000000e+00 0.000000e+00 0.000000e+00 0.000000e+00 0.000000e+00 0.000000e+00 0.000000e+00 0.000000e+00 0.000000e+00 0.000000e+00 0.000000e+00 0.000000e+00 0.000000e+00 0.000000e+00 0.000000e+00 5.454546e-01 4.545455e-01 0.000000e+00 0.000000e+00 0.000000e+00 0.000000e+00
 0.000000e+00 0.000000e+00 0.000000e+00 0.000000e+00 0.000000e+00 0.000000e+00 0.000000e+00 0.000000e+00 0.000000e+00 0.000000e+00 0.000000e+00 0.000000e+00 0.000000e+00 0.000000e+00 0.000000e+00 0.000000e+00 0.000000e+00 0.000000e+00 0.000000e+00 0.000000e+00 0.000000e+00 0.000000e+00 0.000000e+00 6.153846e-01 3.846154e-01 0.000000e+00 0.000000e+00 0.000000e+00
 0.000000e+00 0.000000e+00 0.000000e+00 0.000000e+00 0.000000e+00 0.000000e+00 0.000000e+00 0.000000e+00 0.000000e+00 0.000000e+00 0.000000e+00 0.000000e+00 0.000000e+00 0.000000e+00 0.000000e+00 0.000000e+00 0.000000e+00 0.000000e+00 0.000000e+00 0.000000e+00 0.000000e+00 0.000000e+00 0.000000e+00 0.000000e+00 6.428571e-01 3.571429e-01 0.000000e+00 0.000000e+00
 0.000000e+00 0.000000e+00 0.000000e+00 0.000000e+00 0.000000e+00 0.000000e+00 0.000000e+00 0.000000e+00 0.000000e+00 0.000000e+00 0.000000e+00 0.000000e+00 0.000000e+00 0.000000e+00 0.000000e+00 0.000000e+00 0.000000e+00 0.000000e+00 0.000000e+00 0.000000e+00 0.000000e+00 0.000000e+00 0.000000e+00 0.000000e+00 0.000000e+00 7.619048e-01 2.380952e-01 0.000000e+00
 0.000000e+00 0.000000e+00 0.000000e+00 0.000000e+00 0.000000e+00 0.000000e+00 0.000000e+00 0.000000e+00 0.000000e+00 0.000000e+00 0.000000e+00 0.000000e+00 0.000000e+00 0.000000e+00 0.000000e+00 0.000000e+00 0.000000e+00 0.000000e+00 0.000000e+00 0.000000e+00 0.000000e+00 0.000000e+00 0.000000e+00 0.000000e+00 0.000000e+00 0.000000e+00 5.000000e-01 5.000000e-01
 0.000000e+00 0.000000e+00 0.000000e+00 0.000000e+00 0.000000e+00 0.000000e+00 0.000000e+00 0.000000e+00 0.000000e+00 0.000000e+00 0.000000e+00 0.000000e+00 0.000000e+00 0.000000e+00 0.000000e+00 0.000000e+00 0.000000e+00 0.000000e+00 0.000000e+00 0.000000e+00 0.000000e+00 0.000000e+00 0.000000e+00 0.000000e+00 0.000000e+00 0.000000e+00 0.000000e+00 0.000000e+00
<ENDHMM>
