~o
<STREAMINFO> 1 39
<VECSIZE> 39<NULLD><MFCC_E_D_A><DIAGC>
~h "Nho"
<BEGINHMM>
<NUMSTATES> 5
<STATE> 2
<MEAN> 39
 -5.182134e+00 -1.317576e+01 -6.222560e+00 -1.059064e+01 -2.919697e+00 -4.253586e+00 3.451688e+00 -1.063395e+00 -1.810912e+00 -8.447092e+00 -3.408609e+00 -7.577837e+00 5.643943e-01 -5.085673e-01 -1.037034e+00 -9.042622e-01 -3.544567e-01 5.427945e-01 -1.186587e-01 2.688315e-01 1.351259e-02 4.308245e-01 -6.562790e-01 -4.731108e-01 -2.488463e-01 5.973277e-02 -5.773332e-02 1.082465e-03 -8.627830e-02 2.551741e-02 2.238645e-01 2.283655e-02 -4.618688e-02 -1.135404e-01 2.132893e-01 1.343956e-01 4.735895e-02 -5.660789e-02 1.016688e-04
<VARIANCE> 39
 3.956221e+01 5.600108e+01 3.526524e+01 5.610458e+01 4.320612e+01 4.858484e+01 3.784894e+01 1.830986e+01 2.767163e+01 2.705789e+01 2.147508e+01 2.710572e+01 1.066465e-01 4.570651e+00 2.595744e+00 2.432876e+00 8.122766e+00 6.722997e+00 2.791840e+00 4.832826e+00 2.158544e+00 3.791538e+00 2.677999e+00 2.751916e+00 3.705602e+00 1.000000e-02 8.776069e-01 4.285354e-01 5.388554e-01 1.432136e+00 7.084199e-01 5.496876e-01 9.962618e-01 4.057347e-01 4.973544e-01 6.406585e-01 5.524887e-01 7.416058e-01 1.000000e-02
<GCONST> 1.129497e+02
<STATE> 3
<MEAN> 39
 -8.720692e+00 -2.088631e+01 -1.788910e+01 -1.131041e+01 1.418384e+01 1.412877e+00 -1.470551e-01 -9.102798e+00 6.844694e+00 -1.153560e+01 1.697682e+00 -1.111114e+01 9.026869e-01 5.987948e-01 1.361554e-01 8.400604e-02 -2.051861e-01 7.647392e-02 3.459679e-01 -5.969953e-01 -1.887676e-01 -4.526238e-01 -9.019461e-02 1.463095e-01 -1.390917e-01 -1.051052e-02 6.614066e-02 2.170538e-03 8.681252e-02 8.611663e-02 -1.621095e-01 -5.423028e-03 2.967997e-02 1.093097e-01 -8.879783e-02 1.656321e-02 -3.501292e-02 5.933251e-02 -2.729788e-03
<VARIANCE> 39
 2.799173e+01 7.669212e+00 1.390076e+01 1.185525e+01 1.355952e+01 3.097574e+01 2.862294e+01 1.729505e+01 3.955206e+01 3.474863e+01 1.106048e+01 2.012638e+01 1.000000e-02 7.754918e-01 4.895290e-01 1.237971e+00 1.000808e+00 1.244482e+00 1.854382e+00 1.147648e+00 1.900367e+00 1.649233e+00 2.241935e+00 1.107286e+00 1.686486e+00 1.000000e-02 1.308663e-01 9.049815e-02 1.595813e-01 2.099250e-01 2.073178e-01 3.400756e-01 2.726276e-01 2.332943e-01 3.434043e-01 3.687612e-01 2.062421e-01 2.931914e-01 1.000000e-02
<GCONST> 7.789409e+01
<STATE> 4
<MEAN> 39
 -4.447788e-01 -1.918779e+01 -1.283891e+01 -3.714168e+00 7.999842e+00 3.728836e-01 -2.184714e+00 -5.621961e+00 9.891482e-01 -5.510922e+00 -5.468306e-01 -4.558926e+00 3.451770e-01 -2.877495e-01 3.494410e-01 2.872351e-01 4.683731e-01 -2.241356e-01 -9.518058e-02 3.596643e-01 -2.012360e-02 1.723021e-01 4.502504e-01 8.049307e-02 2.695059e-01 -2.828437e-02 -4.357159e-02 4.729769e-03 -1.464810e-02 -8.050937e-02 1.695867e-02 -1.276826e-02 9.206567e-03 -1.503754e-02 -5.405839e-03 -7.043663e-02 4.043343e-02 -1.745526e-02 1.960842e-03
<VARIANCE> 39
 8.656039e+00 1.715586e+01 2.425083e+01 1.417033e+01 9.442289e+00 1.978834e+01 1.957364e+01 1.284260e+01 1.805274e+01 2.023839e+01 1.197279e+01 1.444274e+01 3.045969e-02 3.625365e-01 9.929056e-01 2.193421e+00 1.282014e+00 1.028008e+00 1.529176e+00 1.743551e+00 1.482462e+00 1.279240e+00 1.707202e+00 1.161321e+00 1.043065e+00 1.000000e-02 7.247709e-02 1.892423e-01 4.199904e-01 2.077662e-01 1.788433e-01 3.334253e-01 3.607708e-01 2.994687e-01 2.812945e-01 2.683168e-01 2.231186e-01 2.059702e-01 1.000000e-02
<GCONST> 7.657671e+01
<TRANSP> 5
 0.000000e+00 1.000000e+00 0.000000e+00 0.000000e+00 0.000000e+00
 0.000000e+00 9.324324e-01 6.756756e-02 0.000000e+00 0.000000e+00
 0.000000e+00 0.000000e+00 9.579832e-01 4.201680e-02 0.000000e+00
 0.000000e+00 0.000000e+00 0.000000e+00 9.583333e-01 4.166666e-02
 0.000000e+00 0.000000e+00 0.000000e+00 0.000000e+00 0.000000e+00
<ENDHMM>
