~o
<STREAMINFO> 1 39
<VECSIZE> 39<NULLD><MFCC_E_D_A><DIAGC>
~h "Sau"
<BEGINHMM>
<NUMSTATES> 26
<STATE> 2
<MEAN> 39
 -8.801810e+00 -7.095832e+00 -4.045927e+00 -1.394554e+00 -8.979619e-01 -3.932312e+00 3.416167e+00 -1.235378e+00 6.338779e-01 -3.857141e+00 4.586874e+00 -3.310739e+00 -8.918834e-02 -1.379702e+00 1.459229e+00 -1.353247e+00 6.191816e-01 -8.125794e-01 5.630456e-01 4.415964e-01 6.500918e-01 7.210191e-01 -9.145334e-02 4.632425e-01 -6.722453e-01 2.102011e-02 -3.249860e-01 5.073603e-01 -4.912982e-01 1.750107e-01 6.192667e-02 8.698030e-02 -5.886886e-02 9.692685e-02 8.444146e-02 -9.513748e-03 -3.029075e-01 7.959219e-02 1.843583e-02
<VARIANCE> 39
 6.309172e+00 7.134585e+00 9.210730e+00 7.430014e+00 1.823919e+01 4.894924e+00 7.420753e+00 1.522988e+01 8.173108e+00 1.381356e+01 8.830501e+00 1.053037e+01 1.000000e-02 1.217750e+00 7.082918e-01 1.994486e+00 2.666372e+00 2.116655e+00 5.868286e-01 8.153806e-01 2.580618e+00 6.580449e-01 7.067834e-01 1.722607e+00 4.300562e-01 1.000000e-02 2.078726e-01 1.053196e-01 1.563764e-01 3.643349e-01 3.275996e-01 6.882016e-02 2.372717e-01 3.565688e-01 2.070929e-01 1.108829e-01 4.055295e-01 1.775962e-01 1.000000e-02
<GCONST> 6.643783e+01
<STATE> 3
<MEAN> 39
 -1.339847e+01 7.156298e-01 -1.268994e+01 3.994258e+00 -3.118204e+00 7.271184e-02 4.663383e+00 -1.248577e+00 2.043787e+00 -5.402197e+00 1.612238e+00 -3.156148e+00 8.299417e-02 -2.075550e+00 2.268533e+00 -3.264047e+00 1.104160e+00 -3.424633e-01 2.610901e-01 7.040429e-01 -2.778035e-01 3.579167e-01 -1.013063e-01 -3.970203e-01 8.774517e-01 8.301355e-02 -2.091483e-01 -3.358314e-01 1.925600e-01 -1.660997e-02 1.263842e-02 -4.718965e-01 -1.068910e-01 -1.255140e-01 -8.868162e-02 1.159854e-01 3.492785e-01 1.377767e-01 2.458981e-03
<VARIANCE> 39
 1.529544e+01 8.541789e+00 6.275638e+01 3.747068e+01 1.211247e+01 1.677622e+01 2.132787e+01 3.267391e+01 1.521257e+01 1.082318e+01 9.370646e+00 4.528441e+00 1.507994e-02 1.763856e+00 1.297035e+00 2.035205e+00 4.175237e+00 2.802133e+00 1.470017e+00 2.138558e+00 1.811967e+00 8.157182e-01 9.341599e-01 2.074949e+00 6.403857e-01 1.000000e-02 1.825469e-01 1.812571e-01 9.112706e-01 2.131571e-01 3.863462e-01 1.010170e-01 2.311988e-01 4.899794e-01 8.424144e-02 1.452681e-01 3.479492e-01 2.284998e-01 1.000000e-02
<GCONST> 7.996663e+01
<STATE> 4
<MEAN> 39
 -2.219385e+01 4.229846e+00 -1.742239e+01 4.468703e+00 -3.353620e+00 -3.631928e+00 3.781271e+00 -9.544654e-01 2.017985e+00 -3.918412e+00 4.424955e+00 -2.129185e+00 3.110065e-01 -7.389824e-01 -4.940883e-01 6.564686e-01 7.437554e-01 -3.181973e-01 -1.855437e-02 -9.908756e-01 -1.613127e-01 -2.223334e-01 2.892655e-01 2.399084e-01 2.939340e-01 1.517259e-02 1.283816e+00 -1.068376e+00 7.616967e-01 -5.100634e-01 1.331942e-01 1.948617e-01 -2.036142e-01 1.459194e-01 -1.222589e-01 -1.698076e-01 -4.254709e-01 7.612198e-03 -1.299899e-02
<VARIANCE> 39
 2.879197e+01 2.620432e+01 5.262401e+01 1.381170e+02 5.351849e+01 1.890980e+01 3.274928e+01 3.239450e+01 8.051818e+00 1.557312e+01 2.405486e+01 1.833222e+01 1.539485e-02 3.814557e+00 3.477817e+00 3.664735e+00 2.407957e+00 3.156553e+00 2.235873e+00 1.225300e+00 4.293435e+00 9.797772e-01 2.941093e+00 2.293014e+00 1.193584e+00 1.000000e-02 6.939535e-01 4.393230e-01 7.430542e-01 1.548807e+00 8.757967e-01 4.115616e-01 4.910953e-01 9.289371e-01 2.056360e-01 4.971018e-01 6.310765e-01 3.137647e-01 1.000000e-02
<GCONST> 1.023071e+02
<STATE> 5
<MEAN> 39
 -1.658185e+01 -3.293276e+00 -1.059087e+01 2.569183e+00 -3.773549e+00 -8.710423e-01 -1.156705e+00 -1.001739e+00 9.811027e-01 -4.886266e+00 3.629782e+00 -2.877942e-01 2.494536e-01 4.340909e+00 -4.593826e+00 7.624930e-02 -3.908540e+00 5.728444e-01 -9.555131e-01 4.774525e-01 1.102500e+00 3.328508e-01 -1.492810e+00 -2.336343e+00 3.391385e-01 7.893764e-02 5.386798e-01 -8.605887e-01 -1.462796e+00 -3.390328e-01 3.072670e-01 -6.210425e-01 1.192240e+00 -2.580661e-01 3.262030e-01 -5.263905e-01 -7.813451e-01 -2.023876e-01 4.721075e-02
<VARIANCE> 39
 2.490396e+01 2.850910e+01 3.084086e+01 6.286686e+01 5.900574e+01 4.004716e+01 4.583276e+01 2.897903e+01 3.738295e+01 2.113964e+01 2.048202e+01 7.412090e+00 2.915778e-02 5.635039e+00 2.927332e+00 6.504603e+00 5.936132e+00 3.698601e+00 2.951401e+00 4.409171e+00 3.029484e+00 2.969727e+00 1.242194e+00 5.474855e+00 1.514330e+00 1.000000e-02 6.997493e-01 3.322325e-01 6.984057e-01 1.167022e+00 7.387921e-01 2.991920e-01 2.882019e-01 2.294420e+00 3.962206e-01 4.390619e-01 8.937746e-01 2.079735e-01 1.000000e-02
<GCONST> 1.075627e+02
<STATE> 6
<MEAN> 39
 -2.687830e+00 -1.782505e+01 -1.745889e+01 -8.156125e+00 -2.122332e+00 -6.128832e+00 6.938900e+00 2.849744e+00 4.671780e+00 -1.088332e+01 -8.936268e+00 -6.094803e-01 7.176368e-01 2.310492e+00 -4.728252e+00 -3.782336e+00 1.522886e-02 1.643751e+00 -1.134154e+00 2.917560e+00 -2.238433e+00 7.717360e-01 -2.390872e+00 -2.626471e+00 -4.921580e-01 1.583363e-01 -1.520431e+00 8.490363e-01 7.262049e-02 1.734141e+00 4.497155e-01 6.170575e-01 -5.038911e-01 -1.440362e+00 -6.118634e-02 6.826785e-01 1.470040e+00 -2.343505e-01 -1.774784e-02
<VARIANCE> 39
 9.969956e+00 2.692012e+01 2.148775e+01 6.830618e+00 1.218668e+01 4.994874e+01 1.786412e+01 3.724916e+01 2.658097e+01 2.388323e+01 3.118608e+01 6.194473e+00 1.111604e-02 3.857128e+00 1.186674e+00 1.795220e+00 4.313661e+00 2.941322e+00 1.402899e+00 1.693996e+00 1.352845e+01 2.304573e+00 7.619041e-01 5.965265e+00 1.139511e+00 1.000000e-02 4.320337e-01 2.873627e-01 7.033396e-01 7.111959e-01 4.866503e-01 5.167676e-01 6.367559e-01 7.662733e-01 3.054029e-01 2.447788e-01 8.191950e-01 6.531831e-02 1.000000e-02
<GCONST> 9.337602e+01
<STATE> 7
<MEAN> 39
 -4.324416e+00 -2.469969e+01 -2.489406e+01 3.468424e-01 3.818936e+00 -5.961496e+00 9.859701e+00 -1.193381e+01 4.894957e+00 -1.227900e+01 -3.831589e+00 -2.444134e+00 9.052363e-01 -6.885276e-02 -1.826941e+00 -4.444003e-03 1.530501e+00 1.375048e+00 1.517894e+00 -1.338404e+00 -2.312651e+00 -4.824836e-02 1.807206e+00 1.963231e+00 -5.197074e-01 3.717911e-02 -2.101868e-01 8.021005e-01 1.099153e+00 -3.068157e-01 -1.789282e-01 5.056835e-01 -9.429648e-01 6.871740e-01 8.745345e-03 8.070586e-01 3.629473e-01 -2.503797e-02 -2.680849e-02
<VARIANCE> 39
 1.227429e+01 4.887687e+00 1.897950e+01 1.198551e+01 1.165016e+01 1.110425e+01 2.286434e+01 1.009368e+02 4.983219e+01 3.213893e+01 1.942505e+01 9.552192e+00 1.000000e-02 7.208759e-01 1.113815e+00 2.444702e+00 2.531887e+00 2.142292e+00 2.329667e+00 2.884943e+00 1.033782e+01 2.951209e+00 1.614704e+00 1.443233e+00 2.700368e-01 1.000000e-02 3.224443e-01 2.981948e-01 3.390999e-01 4.515578e-01 4.575860e-01 3.323107e-01 7.787937e-01 2.490040e+00 4.634686e-01 6.002005e-01 1.101022e+00 8.476086e-02 1.000000e-02
<GCONST> 9.072638e+01
<STATE> 8
<MEAN> 39
 -4.058478e+00 -2.724762e+01 -2.114454e+01 -1.030446e+00 7.494622e+00 -2.655546e+00 4.562088e+00 -1.071356e+01 3.225497e+00 -3.044636e+00 -1.378540e+00 -4.903978e+00 9.559482e-01 2.228594e-01 -2.453808e-01 6.798450e-01 -4.682813e-01 1.201185e+00 5.497286e-01 -6.090621e-01 -1.288080e+00 1.537462e+00 6.152952e-01 4.610943e-01 -9.119743e-01 1.198363e-02 7.290952e-02 3.224686e-01 2.182059e-02 -4.722020e-01 -2.292204e-01 -2.140945e-01 3.099880e-01 3.759841e-01 2.274222e-01 -5.709767e-01 -1.757194e-01 7.242981e-02 -4.677938e-03
<VARIANCE> 39
 1.572810e+01 5.575416e+00 1.117343e+01 2.384003e+01 1.342410e+01 3.071666e+01 4.139465e+00 4.443975e+01 7.591001e+01 2.552956e+01 1.036348e+01 2.867681e+01 1.000000e-02 3.027227e-01 2.174350e-01 8.707529e-01 6.063377e-01 5.047160e-01 1.139940e+00 1.182651e+00 2.975633e+00 1.292562e+00 2.328881e+00 6.356325e-01 9.552146e-01 1.000000e-02 8.863083e-02 1.056868e-01 8.667775e-02 3.387296e-01 1.314524e-01 3.874304e-01 1.606032e-01 6.595154e-01 4.780461e-01 2.187526e-01 8.994644e-02 2.927383e-01 1.000000e-02
<GCONST> 7.105376e+01
<STATE> 9
<MEAN> 39
 -4.612807e+00 -2.787050e+01 -1.777206e+01 -2.238332e+00 8.658876e+00 1.340447e-01 1.373515e+00 -1.333499e+01 1.103841e+01 -8.369527e+00 6.633189e-01 -5.976232e+00 9.792668e-01 2.424442e-01 -2.915592e-01 4.502476e-01 -9.592518e-01 -1.227216e-01 1.032441e+00 -7.835980e-01 6.275885e-01 -2.749226e-01 1.378193e-02 -1.171473e-01 -6.131665e-01 7.528825e-03 -4.666038e-02 1.083058e-01 -2.243683e-01 -8.286363e-02 -3.569363e-01 1.449975e-01 2.061970e-01 1.979603e-01 -5.649227e-01 -7.727806e-02 -3.792374e-01 1.270376e-01 -2.807440e-03
<VARIANCE> 39
 1.033338e+01 4.432209e+00 1.422887e+01 1.016714e+01 8.746262e+00 3.358331e+01 1.908129e+01 7.847469e+00 1.787132e+01 1.382479e+01 1.498348e+01 1.305971e+01 1.000000e-02 5.505151e-01 3.611059e-01 8.289282e-01 1.238291e+00 7.915220e-01 8.402040e-01 6.793440e-01 1.396067e+00 1.883517e+00 2.166594e+00 1.295841e+00 1.155071e+00 1.000000e-02 9.062251e-02 3.212472e-02 1.231352e-01 9.360895e-02 2.044004e-01 2.304197e-01 1.785297e-01 3.148897e-01 1.631536e-01 1.431161e-01 1.510489e-01 1.044295e-01 1.000000e-02
<GCONST> 6.375455e+01
<STATE> 10
<MEAN> 39
 -3.377327e+00 -2.717507e+01 -1.698339e+01 -6.946903e+00 9.014501e+00 3.936608e+00 2.791078e+00 -1.172175e+01 5.198181e+00 -6.942153e+00 -2.890823e+00 -8.286604e+00 9.796603e-01 -4.262746e-01 4.981875e-01 -1.443163e-01 -1.132125e+00 3.089936e-01 7.976983e-01 6.344048e-01 -1.161376e-01 -6.477898e-01 -1.872005e-01 -7.870026e-03 -1.761192e-01 -3.755267e-03 1.545209e-02 -5.896562e-02 5.889804e-02 -1.269663e-01 1.452089e-01 -1.690374e-02 -4.643593e-02 1.205610e-01 -1.736072e-01 2.659800e-01 -7.063778e-02 -8.919679e-02 -2.244936e-03
<VARIANCE> 39
 1.641452e+01 5.332896e+00 3.138413e+01 1.265170e+01 4.747371e+00 4.095291e+00 1.077911e+01 9.012370e+00 1.803550e+01 3.602457e+01 1.992898e+01 1.231418e+01 1.000000e-02 4.534635e-01 4.722547e-01 1.827237e-01 1.140419e+00 1.230238e+00 1.320759e+00 5.561217e-01 5.935828e-01 8.036244e-01 1.267642e+00 1.154467e+00 7.093724e-01 1.000000e-02 1.133999e-01 1.228074e-01 1.298127e-01 1.566391e-01 5.823611e-02 7.214895e-02 1.123933e-01 1.690172e-01 3.192157e-01 4.596672e-01 3.513965e-01 1.889076e-01 1.000000e-02
<GCONST> 6.169065e+01
<STATE> 11
<MEAN> 39
 -3.743088e+00 -2.734614e+01 -1.822800e+01 -1.159919e+01 9.170969e+00 5.921406e+00 2.417635e+00 -1.010486e+01 2.555151e+00 -3.303144e+00 -2.687795e+00 -7.778697e+00 9.725209e-01 7.450964e-01 -3.704401e-01 1.018617e+00 -2.075551e+00 1.860332e-01 9.334207e-01 -9.023545e-01 1.111028e+00 -1.685269e+00 1.690305e+00 -1.523872e+00 -5.643048e-01 -7.279087e-03 2.523546e-01 9.866162e-02 -2.346823e-02 1.641703e-02 -2.103535e-01 -1.781014e-01 -1.755120e-02 1.764460e-01 2.273937e-01 1.917379e-02 -2.209907e-01 1.516543e-01 -8.346398e-04
<VARIANCE> 39
 8.534184e+00 4.666168e+00 9.533252e+00 3.589071e+01 2.001403e+01 9.615351e+00 1.304495e+01 5.854451e+00 4.503601e+01 2.082700e+01 1.182295e+01 1.829204e+01 1.000000e-02 4.887819e-01 8.852288e-01 8.935351e-01 6.786557e-01 9.180548e-01 6.297129e-01 9.528176e-01 2.211659e-01 1.210540e+00 2.428142e-01 8.253843e-01 8.403486e-01 1.000000e-02 7.438098e-02 2.192989e-01 1.590683e-01 3.361560e-01 2.122224e-01 6.276093e-02 2.750686e-01 6.601824e-02 3.107154e-01 3.152727e-01 1.715990e-01 1.524542e-01 1.000000e-02
<GCONST> 6.282535e+01
<STATE> 12
<MEAN> 39
 -1.546928e+00 -2.723679e+01 -1.686750e+01 -1.427868e+01 8.378736e+00 7.423158e+00 2.108089e+00 -8.041208e+00 2.136612e+00 -1.989256e+00 -6.009120e+00 -9.270799e+00 9.568785e-01 7.825595e-01 8.728296e-01 -9.660797e-02 -1.065256e+00 -4.706406e-01 3.679662e-01 3.822699e-01 8.730342e-01 4.261755e-03 9.974495e-02 -8.272141e-01 5.265707e-01 -6.758578e-03 1.005684e-02 2.277345e-01 -1.237802e-01 1.403186e-01 -6.189797e-02 -1.609728e-01 3.265551e-02 -1.497995e-01 1.284420e-01 -2.561828e-01 3.660116e-01 4.288985e-01 -2.360618e-03
<VARIANCE> 39
 1.031062e+01 7.297371e+00 1.184399e+01 2.369653e+01 2.504480e+01 5.528127e+00 1.788328e+01 5.232008e+00 2.144262e+01 2.215995e+01 2.050363e+01 1.857343e+01 1.000000e-02 2.573834e-01 4.711706e-01 5.601546e-01 1.244331e+00 2.576617e+00 4.205641e-01 4.158581e-01 1.835024e+00 2.090964e+00 7.828205e-01 3.276563e-01 1.679404e+00 1.000000e-02 3.284853e-02 1.378259e-01 1.827195e-01 2.090883e-01 3.676147e-01 6.584538e-02 1.345567e-01 1.534260e-01 3.996110e-01 2.812014e-01 3.037022e-01 1.377795e-01 1.000000e-02
<GCONST> 6.500578e+01
<STATE> 13
<MEAN> 39
 2.264688e+00 -2.323218e+01 -1.713088e+01 -1.707677e+01 7.332490e+00 8.302125e+00 7.230983e-01 -5.764268e+00 -1.348545e+00 -5.610951e-01 -7.162594e+00 -4.816132e+00 9.061868e-01 9.819497e-01 3.215483e-01 -5.090261e-01 -4.309722e-01 -2.629649e-01 -5.538860e-02 -6.468658e-01 1.864560e-01 7.276820e-02 7.095689e-01 4.845669e-01 8.744560e-01 -1.694041e-02 -6.380027e-02 -2.917727e-01 -1.159707e-02 -3.956097e-02 7.538797e-03 -1.968257e-01 1.369471e-01 1.436753e-01 1.459599e-01 -2.496658e-02 -4.975020e-02 -3.445891e-01 -2.994595e-03
<VARIANCE> 39
 8.110459e+00 1.975818e+00 9.516757e+00 2.177567e+01 1.361298e+01 1.473443e+01 2.238651e+01 1.230956e+01 3.092496e+01 2.485897e+01 1.064614e+01 6.451107e+00 1.000000e-02 8.963751e-02 2.417819e-01 5.102262e-01 1.855982e+00 1.319029e+00 9.136015e-01 6.674899e-01 8.827494e-01 1.778873e+00 2.501335e+00 8.248622e-01 1.116807e+00 1.000000e-02 3.980052e-02 1.000000e-02 6.885093e-02 1.827192e-01 2.945842e-01 2.729541e-01 2.045264e-01 4.570745e-01 3.041033e-01 4.171681e-01 1.835279e-01 1.365025e-01 1.000000e-02
<GCONST> 6.209937e+01
<STATE> 14
<MEAN> 39
 3.266198e+00 -2.473154e+01 -1.814071e+01 -1.959902e+01 6.371681e+00 7.209758e+00 1.487911e+00 -3.333585e+00 1.828128e+00 -2.431036e-01 -7.333461e+00 -5.166482e+00 8.540440e-01 4.351866e-01 -7.826323e-02 1.181128e-01 -1.125392e+00 -1.068227e+00 -6.655295e-01 8.699919e-01 1.838144e+00 -1.446713e-01 -4.297872e-01 -8.189027e-01 2.374640e-01 -2.577888e-02 -2.506167e-01 3.166262e-02 9.184945e-02 2.033918e-01 -3.715542e-02 -3.531207e-01 5.552283e-02 3.788919e-02 -2.264487e-01 -4.811923e-02 2.230519e-02 1.033951e-01 -3.606160e-03
<VARIANCE> 39
 1.571115e+01 3.427276e+00 1.063990e+01 1.680361e+01 2.838558e+01 7.187125e+00 3.751553e+01 1.955012e+01 8.663982e+00 4.201821e+00 5.966384e+00 3.655978e+00 1.000000e-02 3.823713e-01 4.276508e-01 4.173557e-01 1.396472e+00 1.278127e+00 1.657799e+00 4.545002e-01 1.069543e+00 1.596300e+00 1.543589e+00 6.819442e-01 5.787175e-01 1.000000e-02 6.211611e-02 1.779279e-02 6.049072e-02 3.740444e-01 2.898686e-01 1.262987e-01 2.641932e-01 2.378709e-01 1.892826e-01 3.572550e-01 2.284211e-01 2.812159e-01 1.000000e-02
<GCONST> 6.116815e+01
<STATE> 15
<MEAN> 39
 3.215501e+00 -2.389873e+01 -1.744371e+01 -2.057140e+01 5.254160e+00 3.678227e+00 2.865505e+00 -8.791856e-01 2.972312e-02 -6.489103e-01 -7.991502e+00 -2.974010e+00 7.915463e-01 -3.537104e-01 -2.469339e-02 -2.133428e-01 -4.562889e-02 1.423961e-02 -1.372027e+00 -8.643476e-01 4.644950e-01 -2.619615e-01 3.747693e-01 2.718287e-01 5.674469e-03 -3.410972e-02 -1.593119e-01 -1.372378e-01 -8.283355e-02 4.205359e-01 1.248331e-01 1.528060e-01 -5.584195e-01 -3.016188e-01 3.366166e-01 -2.898552e-02 2.328790e-01 -3.576439e-01 -6.229748e-03
<VARIANCE> 39
 6.050427e+00 5.589905e+00 1.151110e+01 1.802484e+01 2.417748e+01 1.408060e+01 2.859233e+01 1.849847e+01 3.431881e+00 8.631915e+00 7.477635e+00 8.399961e+00 1.000000e-02 4.247614e-01 3.696050e-01 3.972497e-01 1.719939e+00 6.798717e-01 9.087565e-01 3.547364e+00 1.933156e+00 1.412742e+00 9.035252e-01 9.783612e-01 1.784462e+00 1.000000e-02 4.866324e-02 9.235601e-02 4.555642e-02 3.702225e-01 2.187188e-01 3.084840e-01 4.090301e-01 4.628913e-01 3.792332e-01 2.215122e-01 1.925890e-01 1.823047e-01 1.000000e-02
<GCONST> 6.668651e+01
<STATE> 16
<MEAN> 39
 1.620763e+00 -2.530787e+01 -1.759999e+01 -2.011324e+01 4.395527e+00 1.947977e+00 -1.447436e+00 1.441234e+00 1.289918e+00 -9.786550e-01 -7.050158e+00 -5.298197e+00 6.521531e-01 1.293957e-01 -8.290773e-02 -2.835548e-01 2.796762e+00 -8.189312e-01 -1.035557e-01 -2.470728e-01 -6.660483e-01 1.136148e+00 -7.644523e-01 4.251890e-01 -6.473796e-02 -5.741528e-02 3.319702e-01 2.927448e-01 -7.769562e-02 9.359960e-01 -8.832378e-03 1.808707e-01 3.636655e-01 -6.875549e-01 -1.119923e-01 -3.301348e-01 1.189415e-01 2.468495e-01 -9.704501e-04
<VARIANCE> 39
 2.676395e+00 4.297609e+00 1.718498e+01 3.817370e+01 1.314139e+01 1.330761e+01 2.600324e+01 8.478626e+00 2.674432e+01 1.087150e+01 8.460374e+00 1.534737e+01 1.000000e-02 3.242866e-01 4.333649e-01 7.058181e-01 5.544592e+00 1.410588e+00 1.199348e+00 3.246652e+00 2.446358e+00 1.901035e+00 9.034128e-01 5.333334e-01 1.707151e+00 1.000000e-02 2.929363e-02 8.923104e-02 1.565809e-01 9.155871e-01 2.130985e-01 3.129540e-01 5.134270e-01 2.290281e-01 6.644402e-01 2.875057e-01 1.411888e-01 2.980232e-01 1.000000e-02
<GCONST> 7.277515e+01
<STATE> 17
<MEAN> 39
 3.801554e+00 -2.355545e+01 -1.930893e+01 -7.163143e+00 2.299273e+00 1.476864e+00 -9.077079e-01 -5.079343e+00 2.093383e+00 -4.486417e+00 -5.649091e+00 -4.156544e+00 4.948465e-01 7.018520e-01 1.136778e+00 -9.969155e-02 2.465542e+00 6.605731e-01 -6.641582e-01 -3.693274e-01 -1.582575e+00 -9.444785e-01 -1.016245e+00 8.567638e-01 3.971978e-02 -3.581346e-02 -1.819469e-01 6.428880e-02 1.579062e-01 -1.110564e+00 3.148439e-01 -2.202053e-01 -2.866820e-02 5.140213e-01 -3.000284e-01 4.193327e-01 1.159321e-01 -3.909935e-02 1.027103e-02
<VARIANCE> 39
 2.589398e+00 6.482152e+00 4.512500e+00 4.509505e+00 4.351544e+00 1.004086e+01 5.932185e+00 3.228776e+00 1.621993e+01 1.150211e+01 1.426769e+00 6.629683e+00 1.000000e-02 2.200283e-01 7.723351e-01 6.069104e-01 4.615573e+00 1.280988e+00 1.613821e+00 9.650316e-01 6.606695e-01 2.022465e+00 1.053893e+00 6.834274e-01 6.717596e-01 1.000000e-02 5.194224e-02 1.345217e-01 1.052114e-01 1.846523e-01 3.242280e-01 1.529567e-01 3.511691e-01 6.532957e-02 3.056411e-01 1.619668e-01 5.795271e-02 2.162313e-01 1.000000e-02
<GCONST> 5.434415e+01
<STATE> 18
<MEAN> 39
 3.904225e+00 -2.107263e+01 -1.954923e+01 -7.296682e+00 4.845616e+00 4.176953e-04 -4.852758e-01 -5.323806e+00 1.519440e+00 -2.978471e+00 -1.952478e+00 -4.180764e+00 4.195786e-01 -3.491369e-01 1.660444e-01 1.126808e-01 9.268576e-02 1.514916e-01 -4.550022e-01 2.209987e-01 -1.165070e-01 7.494458e-02 3.304431e-01 7.192501e-01 1.450913e-01 -2.362722e-02 -1.154851e-01 -1.942154e-01 3.509067e-02 -2.692512e-01 -1.510449e-01 -1.609300e-02 1.205026e-01 2.512332e-01 1.105533e-01 1.230747e-01 -3.116394e-01 -2.979994e-02 2.330474e-03
<VARIANCE> 39
 2.169828e+00 4.776436e+00 8.046322e+00 1.239738e+01 8.821805e+00 4.010449e+00 5.299409e+00 7.886490e+00 4.326522e+00 6.073992e+00 8.977385e+00 5.738278e+00 1.000000e-02 1.598061e-01 4.582632e-01 2.219885e-01 3.337827e-01 6.018847e-01 1.129529e+00 1.125685e+00 4.487417e-01 5.491445e-01 1.006334e+00 6.127815e-01 3.984385e-01 1.000000e-02 7.401212e-02 1.114602e-01 2.412044e-02 2.744961e-01 1.405472e-01 2.150650e-01 1.875532e-01 6.747301e-02 1.664069e-01 2.343031e-01 1.293372e-01 1.198093e-01 1.000000e-02
<GCONST> 4.592842e+01
<STATE> 19
<MEAN> 39
 2.935043e+00 -2.130386e+01 -1.851630e+01 -6.152368e+00 3.999868e+00 -2.418154e+00 2.104295e-01 -4.551193e+00 1.445608e+00 -2.148067e+00 -2.199948e+00 -4.005327e+00 3.613179e-01 -2.581661e-01 8.892735e-04 4.551014e-02 4.178682e-01 -3.878216e-02 -4.291795e-01 3.298855e-01 9.636270e-01 -1.052028e-01 5.325102e-01 -2.964190e-01 2.090862e-01 -1.607741e-02 2.113705e-02 1.554673e-01 2.187287e-01 1.153941e-01 1.643270e-01 2.968320e-01 -1.024679e-03 5.022419e-02 5.567519e-02 -6.324794e-02 3.910344e-02 3.122440e-02 2.828141e-03
<VARIANCE> 39
 1.040573e+00 5.706221e+00 1.324047e+01 1.784112e+01 4.851398e+00 1.354302e+01 1.215454e+01 1.233131e+01 1.660568e+01 6.403890e+00 2.555480e+00 4.498672e+00 1.000000e-02 6.276736e-02 2.465740e-01 7.506901e-01 2.660567e-01 3.190868e-01 7.389275e-01 5.153378e-01 6.011539e-01 1.100970e+00 1.041889e+00 8.556650e-01 6.759823e-01 1.000000e-02 1.000000e-02 9.831126e-02 2.105857e-01 1.130102e-01 9.253974e-02 1.682579e-01 9.945526e-02 2.632103e-01 4.099117e-01 2.539114e-01 1.731904e-01 1.019074e-01 1.000000e-02
<GCONST> 4.783752e+01
<STATE> 20
<MEAN> 39
 2.266693e+00 -2.055788e+01 -1.730527e+01 -4.270898e+00 5.311821e+00 -2.592571e+00 5.365492e-01 -2.441725e+00 1.589305e+00 -2.538509e+00 -2.869200e+00 -3.717263e+00 3.261977e-01 1.860111e-03 9.809890e-01 1.441967e+00 5.495268e-01 7.828387e-01 7.132851e-01 -2.472937e-01 -3.007530e-01 1.782311e-01 -2.148435e-01 5.336245e-01 -1.730368e-01 -1.100326e-02 -5.656528e-02 -1.599909e-02 -4.179301e-02 -1.942622e-01 -8.565245e-02 2.419199e-01 -1.410461e-01 -3.083155e-01 -1.875954e-02 -1.279525e-01 1.858500e-01 -1.033863e-01 -1.135754e-03
<VARIANCE> 39
 1.671260e+00 8.126792e+00 1.887166e+01 9.435548e+00 3.476171e+00 1.076458e+01 1.233639e+01 1.088959e+01 8.393889e+00 1.126705e+01 6.903279e+00 5.378986e+00 1.000000e-02 1.084087e-01 4.363980e-01 1.756398e+00 8.409204e-01 3.530836e-01 9.705037e-01 4.029408e-01 9.646406e-01 2.110367e+00 8.070638e-01 7.153490e-01 3.340442e-01 1.000000e-02 2.708852e-02 1.715923e-01 2.783454e-01 1.201607e-01 8.757888e-02 2.029855e-01 1.650575e-01 1.858922e-01 1.076830e-01 2.032221e-01 1.056876e-01 2.116707e-02 1.000000e-02
<GCONST> 5.055549e+01
<STATE> 21
<MEAN> 39
 1.813684e+00 -1.926173e+01 -1.427088e+01 -4.381890e+00 6.510995e+00 2.354952e-01 -1.992626e-01 -3.624466e+00 1.771481e+00 -3.129154e+00 -1.137603e+00 -5.258094e+00 2.972105e-01 -7.633873e-01 -1.975608e-01 -4.180226e-01 -5.585331e-01 -1.079883e-01 1.142490e-01 5.512882e-01 4.280781e-01 -3.412217e-01 -3.637775e-01 -5.468839e-02 -1.294258e-01 -2.335709e-02 -8.387635e-02 -6.884750e-03 -2.290713e-01 -1.040128e-01 -1.703733e-01 -2.539305e-01 1.891385e-01 1.252628e-01 -1.180760e-01 7.817153e-02 -1.974158e-01 1.588536e-01 -3.892810e-03
<VARIANCE> 39
 1.839332e+00 7.459659e+00 1.495627e+01 5.128828e+00 3.940832e+00 1.051309e+01 1.080971e+01 9.882004e+00 1.279676e+01 6.905488e+00 1.044398e+01 5.087899e+00 1.000000e-02 9.994252e-02 8.196608e-01 1.231893e+00 8.758111e-01 4.341309e-01 1.112476e+00 1.805956e+00 1.548928e+00 1.315355e+00 8.521924e-01 4.389913e-01 3.066870e-01 1.000000e-02 5.119607e-02 1.469141e-01 4.009435e-01 2.134617e-01 1.221263e-01 1.926495e-01 3.074500e-01 3.638443e-01 4.725856e-01 1.319979e-01 1.153138e-01 2.248304e-02 1.000000e-02
<GCONST> 5.563602e+01
<STATE> 22
<MEAN> 39
 -1.491598e-01 -1.801548e+01 -1.511292e+01 -5.355077e+00 5.754822e+00 -9.071062e-01 1.027260e+00 -3.262699e+00 6.668496e-01 -4.145335e+00 -2.119580e+00 -3.792150e+00 2.110093e-01 -4.451931e-01 4.847161e-01 4.846182e-01 1.477358e-01 -3.556341e-01 -2.926708e-01 -4.558291e-01 -3.072495e-01 9.650414e-02 7.508013e-02 -7.145231e-02 -5.397268e-04 -2.654243e-02 -7.927942e-02 -3.448860e-02 1.544229e-01 1.691073e-01 -3.719260e-02 2.388703e-02 -2.115570e-01 -8.963161e-02 2.968995e-02 1.667526e-01 1.254318e-01 -4.091065e-02 -3.440002e-03
<VARIANCE> 39
 2.750122e+00 4.886106e+00 4.681124e+00 7.858699e+00 7.065408e+00 1.001412e+01 1.240158e+01 8.158740e+00 9.208063e+00 6.379386e+00 1.270047e+01 6.650481e+00 1.000000e-02 1.809412e-01 2.026629e-01 7.412074e-01 5.111383e-01 5.461705e-01 6.933227e-01 1.114095e+00 1.148525e+00 1.298241e+00 5.559056e-01 9.657271e-01 4.391446e-01 1.000000e-02 3.882153e-02 4.497670e-02 1.265298e-01 1.527030e-01 8.204237e-02 1.751045e-01 3.555543e-01 2.524222e-01 1.739915e-01 9.384169e-02 1.685708e-01 5.005756e-02 1.000000e-02
<GCONST> 4.942517e+01
<STATE> 23
<MEAN> 39
 -2.856044e+00 -1.679436e+01 -1.308518e+01 -4.506303e+00 4.443765e+00 -5.480860e-01 -5.369236e-01 -4.251415e+00 1.054015e+00 -1.458019e+00 -7.170373e-01 -4.268993e+00 7.746882e-02 -1.028473e+00 5.590009e-01 9.695413e-01 3.361609e-01 1.647682e-01 4.990096e-01 1.014566e-01 -3.867914e-01 -4.540965e-01 4.747566e-01 6.705298e-01 7.043388e-01 -4.083707e-02 -1.416951e-02 2.033338e-01 3.032332e-01 2.561783e-02 2.518434e-01 1.660737e-01 3.936542e-01 1.437276e-01 6.317431e-02 -2.959790e-01 9.124129e-03 4.051882e-01 1.360760e-03
<VARIANCE> 39
 1.738408e+00 8.108864e+00 9.628049e+00 4.943923e+00 5.177366e+00 5.077359e+00 6.945307e+00 1.293055e+01 3.190560e+01 1.762433e+01 6.607859e+00 5.075092e+00 1.000000e-02 1.011262e-01 3.302229e-01 3.567719e-01 4.598822e-01 5.950871e-01 4.873979e-01 1.131659e+00 5.952253e-01 1.756472e+00 7.505361e-01 1.215433e+00 1.044929e+00 1.000000e-02 2.752949e-02 6.928727e-02 1.526797e-01 1.460270e-01 8.643431e-02 5.755770e-02 1.790946e-01 2.247183e-01 7.976510e-01 2.703547e-01 2.367437e-01 5.710435e-02 1.000000e-02
<GCONST> 5.123839e+01
<STATE> 24
<MEAN> 39
 -4.633100e+00 -1.471965e+01 -9.474641e+00 -3.391110e+00 5.791886e+00 1.426604e+00 1.316670e+00 -4.883263e+00 5.717967e-01 -3.116912e+00 4.111141e-01 -2.629775e-01 1.335110e-02 -2.914346e-01 1.497664e+00 1.792320e+00 3.513569e-01 6.023224e-02 -4.107221e-02 3.888976e-01 4.776450e-01 5.554243e-01 -4.534112e-01 -5.896010e-02 5.131897e-01 -2.054402e-02 2.041559e-01 6.325120e-02 -1.828307e-02 -1.351082e-01 -1.743096e-01 -3.938807e-01 -6.020049e-02 2.792231e-01 -3.600481e-04 1.156159e-01 -1.089906e-01 -4.624393e-01 6.827274e-03
<VARIANCE> 39
 3.898703e+00 6.735238e+00 8.985399e+00 6.051352e+00 9.728583e+00 6.309017e+00 5.186675e+00 3.248349e+00 1.099929e+01 7.027035e+00 1.907110e+01 1.498841e+01 1.000000e-02 4.463839e-01 8.349978e-01 1.533940e+00 6.768585e-01 7.083982e-01 9.550372e-01 1.577915e+00 2.414064e+00 3.081600e+00 1.277027e+00 1.423226e+00 1.376387e+00 1.000000e-02 6.717771e-02 1.623066e-01 2.399629e-01 1.259825e-01 9.978054e-02 8.890988e-02 1.783031e-01 1.728075e-01 4.121783e-01 2.016227e-01 3.185327e-01 1.626835e-01 1.000000e-02
<GCONST> 6.243964e+01
<STATE> 25
<MEAN> 39
 -5.001775e+00 -1.065481e+01 -5.084686e+00 -3.508500e+00 4.407779e+00 -2.094760e+00 1.483553e+00 -2.158253e+00 1.033567e+00 -2.555254e+00 8.304722e-01 -1.119898e+00 -2.393545e-02 -3.243747e-01 3.735261e-01 3.434720e-01 -3.552901e-01 -2.858337e-01 -5.033062e-01 5.815818e-01 7.196839e-01 -4.982679e-01 7.688459e-02 4.935296e-01 -2.396014e-01 -1.626027e-02 4.843299e-02 -3.005571e-01 -4.105663e-01 -5.607745e-02 1.461764e-02 2.236742e-01 -7.221260e-02 -2.434060e-01 -1.698273e-01 -6.656685e-02 1.426995e-01 5.190104e-02 2.242218e-03
<VARIANCE> 39
 2.048396e+00 3.896684e+00 7.127082e+00 4.555286e+00 6.883724e+00 6.279244e+00 7.562157e+00 1.252362e+01 3.911335e+00 1.136224e+01 1.061318e+01 8.097568e+00 1.000000e-02 1.914030e-01 3.368396e-01 8.292170e-01 6.432517e-01 3.724312e-01 1.059027e+00 2.793986e-01 5.238105e-01 5.818632e-01 8.344429e-01 6.877363e-01 7.279783e-01 1.000000e-02 7.284399e-02 1.133260e-01 2.573662e-01 1.250257e-01 9.096318e-02 1.460379e-01 1.801832e-01 2.545875e-01 1.245447e-01 1.733565e-01 2.080527e-01 9.850173e-02 1.000000e-02
<GCONST> 4.898800e+01
<TRANSP> 26
 0.000000e+00 1.000000e+00 0.000000e+00 0.000000e+00 0.000000e+00 0.000000e+00 0.000000e+00 0.000000e+00 0.000000e+00 0.000000e+00 0.000000e+00 0.000000e+00 0.000000e+00 0.000000e+00 0.000000e+00 0.000000e+00 0.000000e+00 0.000000e+00 0.000000e+00 0.000000e+00 0.000000e+00 0.000000e+00 0.000000e+00 0.000000e+00 0.000000e+00 0.000000e+00
 0.000000e+00 7.058824e-01 2.941177e-01 0.000000e+00 0.000000e+00 0.000000e+00 0.000000e+00 0.000000e+00 0.000000e+00 0.000000e+00 0.000000e+00 0.000000e+00 0.000000e+00 0.000000e+00 0.000000e+00 0.000000e+00 0.000000e+00 0.000000e+00 0.000000e+00 0.000000e+00 0.000000e+00 0.000000e+00 0.000000e+00 0.000000e+00 0.000000e+00 0.000000e+00
 0.000000e+00 0.000000e+00 6.428571e-01 3.571429e-01 0.000000e+00 0.000000e+00 0.000000e+00 0.000000e+00 0.000000e+00 0.000000e+00 0.000000e+00 0.000000e+00 0.000000e+00 0.000000e+00 0.000000e+00 0.000000e+00 0.000000e+00 0.000000e+00 0.000000e+00 0.000000e+00 0.000000e+00 0.000000e+00 0.000000e+00 0.000000e+00 0.000000e+00 0.000000e+00
 0.000000e+00 0.000000e+00 0.000000e+00 7.500000e-01 2.500000e-01 0.000000e+00 0.000000e+00 0.000000e+00 0.000000e+00 0.000000e+00 0.000000e+00 0.000000e+00 0.000000e+00 0.000000e+00 0.000000e+00 0.000000e+00 0.000000e+00 0.000000e+00 0.000000e+00 0.000000e+00 0.000000e+00 0.000000e+00 0.000000e+00 0.000000e+00 0.000000e+00 0.000000e+00
 0.000000e+00 0.000000e+00 0.000000e+00 0.000000e+00 6.153846e-01 3.846154e-01 0.000000e+00 0.000000e+00 0.000000e+00 0.000000e+00 0.000000e+00 0.000000e+00 0.000000e+00 0.000000e+00 0.000000e+00 0.000000e+00 0.000000e+00 0.000000e+00 0.000000e+00 0.000000e+00 0.000000e+00 0.000000e+00 0.000000e+00 0.000000e+00 0.000000e+00 0.000000e+00
 0.000000e+00 0.000000e+00 0.000000e+00 0.000000e+00 0.000000e+00 5.454546e-01 4.545455e-01 0.000000e+00 0.000000e+00 0.000000e+00 0.000000e+00 0.000000e+00 0.000000e+00 0.000000e+00 0.000000e+00 0.000000e+00 0.000000e+00 0.000000e+00 0.000000e+00 0.000000e+00 0.000000e+00 0.000000e+00 0.000000e+00 0.000000e+00 0.000000e+00 0.000000e+00
 0.000000e+00 0.000000e+00 0.000000e+00 0.000000e+00 0.000000e+00 0.000000e+00 6.428571e-01 3.571429e-01 0.000000e+00 0.000000e+00 0.000000e+00 0.000000e+00 0.000000e+00 0.000000e+00 0.000000e+00 0.000000e+00 0.000000e+00 0.000000e+00 0.000000e+00 0.000000e+00 0.000000e+00 0.000000e+00 0.000000e+00 0.000000e+00 0.000000e+00 0.000000e+00
 0.000000e+00 0.000000e+00 0.000000e+00 0.000000e+00 0.000000e+00 0.000000e+00 0.000000e+00 6.428571e-01 3.571429e-01 0.000000e+00 0.000000e+00 0.000000e+00 0.000000e+00 0.000000e+00 0.000000e+00 0.000000e+00 0.000000e+00 0.000000e+00 0.000000e+00 0.000000e+00 0.000000e+00 0.000000e+00 0.000000e+00 0.000000e+00 0.000000e+00 0.000000e+00
 0.000000e+00 0.000000e+00 0.000000e+00 0.000000e+00 0.000000e+00 0.000000e+00 0.000000e+00 0.000000e+00 6.666667e-01 3.333333e-01 0.000000e+00 0.000000e+00 0.000000e+00 0.000000e+00 0.000000e+00 0.000000e+00 0.000000e+00 0.000000e+00 0.000000e+00 0.000000e+00 0.000000e+00 0.000000e+00 0.000000e+00 0.000000e+00 0.000000e+00 0.000000e+00
 0.000000e+00 0.000000e+00 0.000000e+00 0.000000e+00 0.000000e+00 0.000000e+00 0.000000e+00 0.000000e+00 0.000000e+00 7.058824e-01 2.941177e-01 0.000000e+00 0.000000e+00 0.000000e+00 0.000000e+00 0.000000e+00 0.000000e+00 0.000000e+00 0.000000e+00 0.000000e+00 0.000000e+00 0.000000e+00 0.000000e+00 0.000000e+00 0.000000e+00 0.000000e+00
 0.000000e+00 0.000000e+00 0.000000e+00 0.000000e+00 0.000000e+00 0.000000e+00 0.000000e+00 0.000000e+00 0.000000e+00 0.000000e+00 6.153846e-01 3.846154e-01 0.000000e+00 0.000000e+00 0.000000e+00 0.000000e+00 0.000000e+00 0.000000e+00 0.000000e+00 0.000000e+00 0.000000e+00 0.000000e+00 0.000000e+00 0.000000e+00 0.000000e+00 0.000000e+00
 0.000000e+00 0.000000e+00 0.000000e+00 0.000000e+00 0.000000e+00 0.000000e+00 0.000000e+00 0.000000e+00 0.000000e+00 0.000000e+00 0.000000e+00 6.428571e-01 3.571429e-01 0.000000e+00 0.000000e+00 0.000000e+00 0.000000e+00 0.000000e+00 0.000000e+00 0.000000e+00 0.000000e+00 0.000000e+00 0.000000e+00 0.000000e+00 0.000000e+00 0.000000e+00
 0.000000e+00 0.000000e+00 0.000000e+00 0.000000e+00 0.000000e+00 0.000000e+00 0.000000e+00 0.000000e+00 0.000000e+00 0.000000e+00 0.000000e+00 0.000000e+00 6.428571e-01 3.571429e-01 0.000000e+00 0.000000e+00 0.000000e+00 0.000000e+00 0.000000e+00 0.000000e+00 0.000000e+00 0.000000e+00 0.000000e+00 0.000000e+00 0.000000e+00 0.000000e+00
 0.000000e+00 0.000000e+00 0.000000e+00 0.000000e+00 0.000000e+00 0.000000e+00 0.000000e+00 0.000000e+00 0.000000e+00 0.000000e+00 0.000000e+00 0.000000e+00 0.000000e+00 6.153846e-01 3.846154e-01 0.000000e+00 0.000000e+00 0.000000e+00 0.000000e+00 0.000000e+00 0.000000e+00 0.000000e+00 0.000000e+00 0.000000e+00 0.000000e+00 0.000000e+00
 0.000000e+00 0.000000e+00 0.000000e+00 0.000000e+00 0.000000e+00 0.000000e+00 0.000000e+00 0.000000e+00 0.000000e+00 0.000000e+00 0.000000e+00 0.000000e+00 0.000000e+00 0.000000e+00 6.666667e-01 3.333333e-01 0.000000e+00 0.000000e+00 0.000000e+00 0.000000e+00 0.000000e+00 0.000000e+00 0.000000e+00 0.000000e+00 0.000000e+00 0.000000e+00
 0.000000e+00 0.000000e+00 0.000000e+00 0.000000e+00 0.000000e+00 0.000000e+00 0.000000e+00 0.000000e+00 0.000000e+00 0.000000e+00 0.000000e+00 0.000000e+00 0.000000e+00 0.000000e+00 0.000000e+00 6.666667e-01 3.333333e-01 0.000000e+00 0.000000e+00 0.000000e+00 0.000000e+00 0.000000e+00 0.000000e+00 0.000000e+00 0.000000e+00 0.000000e+00
 0.000000e+00 0.000000e+00 0.000000e+00 0.000000e+00 0.000000e+00 0.000000e+00 0.000000e+00 0.000000e+00 0.000000e+00 0.000000e+00 0.000000e+00 0.000000e+00 0.000000e+00 0.000000e+00 0.000000e+00 0.000000e+00 5.454546e-01 4.545455e-01 0.000000e+00 0.000000e+00 0.000000e+00 0.000000e+00 0.000000e+00 0.000000e+00 0.000000e+00 0.000000e+00
 0.000000e+00 0.000000e+00 0.000000e+00 0.000000e+00 0.000000e+00 0.000000e+00 0.000000e+00 0.000000e+00 0.000000e+00 0.000000e+00 0.000000e+00 0.000000e+00 0.000000e+00 0.000000e+00 0.000000e+00 0.000000e+00 0.000000e+00 7.058824e-01 2.941177e-01 0.000000e+00 0.000000e+00 0.000000e+00 0.000000e+00 0.000000e+00 0.000000e+00 0.000000e+00
 0.000000e+00 0.000000e+00 0.000000e+00 0.000000e+00 0.000000e+00 0.000000e+00 0.000000e+00 0.000000e+00 0.000000e+00 0.000000e+00 0.000000e+00 0.000000e+00 0.000000e+00 0.000000e+00 0.000000e+00 0.000000e+00 0.000000e+00 0.000000e+00 6.666667e-01 3.333333e-01 0.000000e+00 0.000000e+00 0.000000e+00 0.000000e+00 0.000000e+00 0.000000e+00
 0.000000e+00 0.000000e+00 0.000000e+00 0.000000e+00 0.000000e+00 0.000000e+00 0.000000e+00 0.000000e+00 0.000000e+00 0.000000e+00 0.000000e+00 0.000000e+00 0.000000e+00 0.000000e+00 0.000000e+00 0.000000e+00 0.000000e+00 0.000000e+00 0.000000e+00 6.428571e-01 3.571429e-01 0.000000e+00 0.000000e+00 0.000000e+00 0.000000e+00 0.000000e+00
 0.000000e+00 0.000000e+00 0.000000e+00 0.000000e+00 0.000000e+00 0.000000e+00 0.000000e+00 0.000000e+00 0.000000e+00 0.000000e+00 0.000000e+00 0.000000e+00 0.000000e+00 0.000000e+00 0.000000e+00 0.000000e+00 0.000000e+00 0.000000e+00 0.000000e+00 0.000000e+00 6.428571e-01 3.571429e-01 0.000000e+00 0.000000e+00 0.000000e+00 0.000000e+00
 0.000000e+00 0.000000e+00 0.000000e+00 0.000000e+00 0.000000e+00 0.000000e+00 0.000000e+00 0.000000e+00 0.000000e+00 0.000000e+00 0.000000e+00 0.000000e+00 0.000000e+00 0.000000e+00 0.000000e+00 0.000000e+00 0.000000e+00 0.000000e+00 0.000000e+00 0.000000e+00 0.000000e+00 7.222222e-01 2.777778e-01 0.000000e+00 0.000000e+00 0.000000e+00
 0.000000e+00 0.000000e+00 0.000000e+00 0.000000e+00 0.000000e+00 0.000000e+00 0.000000e+00 0.000000e+00 0.000000e+00 0.000000e+00 0.000000e+00 0.000000e+00 0.000000e+00 0.000000e+00 0.000000e+00 0.000000e+00 0.000000e+00 0.000000e+00 0.000000e+00 0.000000e+00 0.000000e+00 0.000000e+00 6.153846e-01 3.846154e-01 0.000000e+00 0.000000e+00
 0.000000e+00 0.000000e+00 0.000000e+00 0.000000e+00 0.000000e+00 0.000000e+00 0.000000e+00 0.000000e+00 0.000000e+00 0.000000e+00 0.000000e+00 0.000000e+00 0.000000e+00 0.000000e+00 0.000000e+00 0.000000e+00 0.000000e+00 0.000000e+00 0.000000e+00 0.000000e+00 0.000000e+00 0.000000e+00 0.000000e+00 6.428571e-01 3.571429e-01 0.000000e+00
 0.000000e+00 0.000000e+00 0.000000e+00 0.000000e+00 0.000000e+00 0.000000e+00 0.000000e+00 0.000000e+00 0.000000e+00 0.000000e+00 0.000000e+00 0.000000e+00 0.000000e+00 0.000000e+00 0.000000e+00 0.000000e+00 0.000000e+00 0.000000e+00 0.000000e+00 0.000000e+00 0.000000e+00 0.000000e+00 0.000000e+00 0.000000e+00 5.833333e-01 4.166667e-01
 0.000000e+00 0.000000e+00 0.000000e+00 0.000000e+00 0.000000e+00 0.000000e+00 0.000000e+00 0.000000e+00 0.000000e+00 0.000000e+00 0.000000e+00 0.000000e+00 0.000000e+00 0.000000e+00 0.000000e+00 0.000000e+00 0.000000e+00 0.000000e+00 0.000000e+00 0.000000e+00 0.000000e+00 0.000000e+00 0.000000e+00 0.000000e+00 0.000000e+00 0.000000e+00
<ENDHMM>
