~o
<STREAMINFO> 1 39
<VECSIZE> 39<NULLD><MFCC_E_D_A><DIAGC>
~h "Sil"
<BEGINHMM>
<NUMSTATES> 37
<STATE> 2
<MEAN> 39
 -6.298573e+00 -1.053296e+01 -3.032741e+00 -2.246458e+00 1.169561e+00 -3.654835e+00 2.222630e+00 -1.375228e+00 1.195463e+00 -2.359608e+00 2.040557e+00 -1.542115e+00 -3.795806e-02 -6.386132e-02 1.517789e-01 1.163133e-01 3.891207e-02 1.540938e-02 -4.963718e-02 -4.146126e-02 2.105526e-02 2.242508e-03 -2.254511e-02 4.385227e-02 7.582078e-02 -2.852427e-03 1.524219e-01 7.275526e-02 8.040874e-02 3.236602e-02 1.975339e-02 -5.418581e-02 -5.728574e-02 -6.752508e-02 -4.474288e-02 -3.269647e-02 -2.160301e-02 -3.981845e-02 6.078753e-03
<VARIANCE> 39
 2.387647e+00 5.361891e+00 8.527676e+00 6.613027e+00 1.052259e+01 1.139862e+01 1.018930e+01 1.141328e+01 1.400584e+01 1.303224e+01 1.056830e+01 1.088859e+01 1.000000e-02 3.073118e-01 4.271616e-01 5.826184e-01 6.466973e-01 8.080213e-01 1.035279e+00 1.031810e+00 1.205201e+00 1.406001e+00 1.243391e+00 1.152640e+00 1.083017e+00 1.000000e-02 4.517041e-02 7.276566e-02 9.570785e-02 1.159149e-01 1.307112e-01 1.905218e-01 1.592771e-01 1.906647e-01 2.305132e-01 2.096470e-01 1.910131e-01 1.975591e-01 1.000000e-02
<GCONST> 5.803934e+01
<STATE> 3
<MEAN> 39
 -5.086512e+00 -8.780049e+00 -1.387300e+00 -2.140229e+00 1.316801e+00 -4.543591e+00 1.125011e+00 -2.218529e+00 5.772601e-01 -3.377994e+00 1.761532e+00 -1.462439e+00 2.370967e-03 3.643757e-01 5.214038e-01 5.919380e-01 2.139214e-01 1.673521e-01 1.018401e-02 -1.662347e-01 -3.259119e-01 -1.260979e-01 4.862293e-03 3.285626e-02 -2.188244e-01 1.388535e-02 -8.368458e-02 -1.802014e-01 -1.451452e-01 -3.837638e-02 -4.850372e-02 7.766848e-02 9.369771e-02 5.400181e-02 3.167606e-02 8.464335e-02 1.753548e-02 -1.467752e-02 -2.583647e-03
<VARIANCE> 39
 2.540115e+00 4.114117e+00 5.942639e+00 6.116110e+00 8.256689e+00 9.297218e+00 1.091755e+01 1.204238e+01 1.488128e+01 1.295030e+01 1.194779e+01 9.545957e+00 1.000000e-02 3.331821e-01 4.514661e-01 6.381814e-01 5.877412e-01 8.325694e-01 1.110836e+00 1.105827e+00 1.159315e+00 1.193681e+00 1.263827e+00 1.203602e+00 1.012026e+00 1.000000e-02 4.292450e-02 7.697062e-02 8.722991e-02 1.229435e-01 1.473514e-01 2.103843e-01 1.872197e-01 2.431829e-01 2.889509e-01 2.626517e-01 2.546779e-01 2.014374e-01 1.000000e-02
<GCONST> 5.856314e+01
<STATE> 4
<MEAN> 39
 -4.556498e+00 -8.062037e+00 -2.644041e-01 -1.542531e+00 1.620169e+00 -4.119117e+00 1.208909e+00 -2.711409e+00 5.916619e-01 -2.484976e+00 2.303389e+00 -2.174773e+00 4.077684e-02 -1.684777e-01 -2.039829e-01 -1.263663e-01 -1.731488e-02 -2.789421e-02 4.751470e-02 1.614838e-02 7.463916e-02 -8.038082e-02 7.874207e-03 -4.509699e-02 -4.811052e-02 -7.831777e-03 -1.656930e-01 -1.701111e-01 -2.000060e-01 -7.318360e-02 -8.152427e-02 -6.837689e-03 4.974524e-02 9.215786e-02 2.297029e-02 -1.807511e-02 -1.623205e-02 5.312661e-02 -6.693528e-03
<VARIANCE> 39
 2.117670e+00 3.237538e+00 5.279455e+00 4.987726e+00 7.002364e+00 7.861458e+00 8.404733e+00 1.020700e+01 1.107230e+01 1.035313e+01 9.133704e+00 9.809871e+00 1.000000e-02 1.790484e-01 2.660373e-01 4.023364e-01 5.687017e-01 6.284732e-01 7.599698e-01 8.582081e-01 9.734374e-01 1.081538e+00 1.109404e+00 1.059707e+00 9.202834e-01 1.000000e-02 4.228928e-02 6.083350e-02 9.172361e-02 1.117370e-01 1.467339e-01 1.641554e-01 2.018962e-01 2.335332e-01 2.109888e-01 2.317800e-01 2.249213e-01 2.078138e-01 1.000000e-02
<GCONST> 5.206912e+01
<STATE> 5
<MEAN> 39
 -6.388133e+00 -9.949498e+00 -2.207988e+00 -1.974204e+00 1.178200e+00 -3.849753e+00 1.702802e+00 -1.827469e+00 2.783546e-01 -3.129701e+00 1.715548e+00 -1.920365e+00 -5.365859e-02 -4.504104e-01 -3.084117e-01 -3.999865e-01 -9.887232e-02 -1.648367e-01 5.618672e-02 2.232309e-01 2.688397e-01 1.853716e-01 7.764699e-02 5.299777e-02 9.669778e-02 -1.650786e-02 7.102022e-02 1.023100e-01 7.925469e-02 1.279432e-02 8.178965e-03 -5.569516e-02 -1.231232e-02 -6.155373e-03 7.822853e-02 5.906660e-02 6.675983e-02 5.031793e-02 4.136913e-03
<VARIANCE> 39
 1.819719e+00 2.892113e+00 4.649780e+00 5.426499e+00 7.741266e+00 1.018436e+01 9.820057e+00 1.070735e+01 1.186386e+01 1.042728e+01 9.910207e+00 9.485671e+00 1.000000e-02 2.040141e-01 2.788663e-01 4.378093e-01 5.753533e-01 7.963496e-01 1.005490e+00 1.095263e+00 1.168259e+00 1.233774e+00 1.147526e+00 1.044266e+00 1.007667e+00 1.000000e-02 3.332541e-02 4.275729e-02 7.102308e-02 1.140175e-01 1.506135e-01 2.068947e-01 2.236219e-01 2.211403e-01 2.356642e-01 2.503468e-01 2.155796e-01 2.055963e-01 1.000000e-02
<GCONST> 5.352043e+01
<STATE> 6
<MEAN> 39
 -7.255358e+00 -1.061716e+01 -3.278074e+00 -2.529152e+00 4.856031e-01 -4.064702e+00 2.300815e+00 -9.600011e-01 1.837309e+00 -1.801966e+00 2.279730e+00 -1.117967e+00 -7.916070e-02 3.049940e-02 1.839099e-01 1.644673e-01 3.485402e-02 -6.813771e-02 -2.041933e-01 -1.567504e-01 -9.363444e-02 -2.487909e-02 2.728656e-02 1.276630e-01 8.237638e-02 2.028304e-03 2.516516e-01 2.576913e-01 3.003120e-01 1.134361e-01 1.419401e-01 1.897495e-03 -1.194201e-01 -1.591637e-01 -1.335604e-01 -1.246742e-01 -5.036318e-02 -9.467946e-02 9.220012e-03
<VARIANCE> 39
 2.126906e+00 3.729519e+00 5.022009e+00 6.063359e+00 8.502007e+00 9.862185e+00 9.898337e+00 1.302648e+01 1.374811e+01 1.185060e+01 1.003465e+01 9.917414e+00 1.000000e-02 2.414711e-01 2.279500e-01 3.925093e-01 4.844835e-01 6.912439e-01 7.754506e-01 9.862631e-01 1.076803e+00 1.297104e+00 1.286584e+00 1.050084e+00 1.085116e+00 1.000000e-02 4.668432e-02 5.504871e-02 8.151263e-02 1.212385e-01 1.524089e-01 1.755365e-01 2.001597e-01 2.293469e-01 2.712643e-01 2.411135e-01 2.234998e-01 1.988547e-01 1.000000e-02
<GCONST> 5.472668e+01
<STATE> 7
<MEAN> 39
 -6.323646e+00 -9.297106e+00 -1.735260e+00 -1.889845e+00 8.536664e-01 -4.587753e+00 1.196983e+00 -1.951302e+00 6.869717e-01 -2.935663e+00 1.973666e+00 -1.620704e+00 -4.656392e-02 4.698353e-01 6.068444e-01 6.283777e-01 2.066732e-01 3.039413e-01 3.194584e-02 -1.615339e-01 -2.031852e-01 -1.401908e-01 -1.847875e-01 -2.203023e-02 -1.202954e-01 1.970766e-02 8.936790e-02 4.689506e-02 5.132270e-02 3.463430e-02 8.404497e-02 8.739258e-02 7.913624e-02 5.988876e-02 4.588917e-02 1.538136e-02 -1.117048e-02 -4.645617e-02 4.179277e-03
<VARIANCE> 39
 2.442042e+00 2.644935e+00 3.579828e+00 5.222648e+00 7.277765e+00 8.422711e+00 9.219083e+00 1.056321e+01 1.120841e+01 1.103693e+01 1.143158e+01 1.065103e+01 1.000000e-02 2.673612e-01 2.455065e-01 4.719647e-01 5.724339e-01 7.470719e-01 8.838490e-01 1.030706e+00 1.192132e+00 1.096688e+00 1.224843e+00 1.193080e+00 1.068075e+00 1.000000e-02 4.186378e-02 3.667529e-02 6.160320e-02 1.095804e-01 1.406571e-01 1.716928e-01 1.943987e-01 2.231245e-01 2.110433e-01 2.465488e-01 2.338702e-01 2.279634e-01 1.000000e-02
<GCONST> 5.304007e+01
<STATE> 8
<MEAN> 39
 -4.903299e+00 -7.661135e+00 -3.791032e-03 -1.459555e+00 1.879903e+00 -4.117476e+00 1.062492e+00 -2.708236e+00 4.598658e-01 -3.115162e+00 2.358782e+00 -1.660521e+00 1.997395e-02 3.751989e-01 3.766591e-01 4.204502e-01 2.609149e-01 3.738613e-01 2.613741e-01 2.167070e-01 1.671352e-01 1.107024e-01 8.091472e-03 -1.118576e-02 -1.678318e-01 1.797713e-02 -1.474731e-01 -2.248880e-01 -2.249761e-01 -6.708711e-02 -1.148242e-01 -3.973572e-02 3.648918e-02 8.690991e-02 1.953532e-02 6.273533e-02 -4.291096e-02 -2.960643e-02 -7.067834e-03
<VARIANCE> 39
 2.089018e+00 2.907611e+00 4.349097e+00 5.287593e+00 5.985481e+00 6.572618e+00 8.631721e+00 9.133843e+00 1.030322e+01 1.190590e+01 9.858787e+00 8.758353e+00 1.000000e-02 2.723060e-01 2.770443e-01 3.628769e-01 4.838648e-01 6.499244e-01 8.066699e-01 9.647474e-01 1.084944e+00 1.108295e+00 1.184828e+00 1.094254e+00 9.720027e-01 1.000000e-02 4.313273e-02 4.870559e-02 8.360668e-02 1.155146e-01 1.464162e-01 1.499866e-01 1.842437e-01 1.992267e-01 2.374613e-01 2.595264e-01 2.415969e-01 2.356083e-01 1.000000e-02
<GCONST> 5.193706e+01
<STATE> 9
<MEAN> 39
 -5.199803e+00 -8.208250e+00 -6.407805e-01 -1.297970e+00 2.315034e+00 -2.961332e+00 2.916317e+00 -5.803809e-01 1.815636e+00 -2.281308e+00 2.241859e+00 -2.073545e+00 1.959877e-02 1.626480e-02 -1.322281e-01 -1.463772e-01 -1.353765e-01 -2.251934e-01 -2.594629e-01 -1.773385e-01 -1.319828e-01 -1.248757e-01 5.103590e-03 -1.031538e-01 -1.417695e-01 -1.831994e-03 -1.691104e-01 -1.794038e-01 -1.784639e-01 -1.062015e-01 -2.121100e-01 -1.879568e-01 -1.861349e-01 -1.802702e-01 -1.397883e-01 -5.489414e-02 -4.715629e-02 4.121178e-02 -8.983805e-03
<VARIANCE> 39
 2.388426e+00 3.099363e+00 4.435917e+00 4.800748e+00 6.507856e+00 8.315298e+00 9.107594e+00 1.016730e+01 1.121907e+01 1.193711e+01 1.064502e+01 1.022182e+01 1.000000e-02 2.211825e-01 2.675045e-01 4.073175e-01 6.685116e-01 7.120577e-01 8.748850e-01 9.324572e-01 1.028435e+00 1.082029e+00 1.256720e+00 9.892163e-01 9.998933e-01 1.000000e-02 4.975285e-02 5.850628e-02 8.703654e-02 1.087663e-01 1.320836e-01 1.761992e-01 2.198325e-01 2.084132e-01 2.141771e-01 2.422741e-01 2.433812e-01 2.076447e-01 1.000000e-02
<GCONST> 5.339472e+01
<STATE> 10
<MEAN> 39
 -4.848768e+00 -8.124022e+00 -4.806703e-01 -1.585560e+00 1.187488e+00 -4.827006e+00 7.485799e-01 -2.597258e+00 4.619257e-01 -2.547057e+00 2.153046e+00 -2.242454e+00 2.207292e-02 -2.112589e-01 -2.130925e-01 -1.925002e-01 -8.631027e-02 -2.499587e-01 -2.567175e-01 -2.382820e-01 -2.729835e-01 -3.026489e-01 -1.560453e-01 -1.546211e-01 -3.256907e-02 -1.297013e-02 -1.659245e-01 -9.787690e-02 -9.684674e-02 -1.666793e-03 2.470280e-02 1.168842e-01 1.378100e-01 1.236758e-01 4.656155e-02 -2.066046e-02 -2.251314e-03 7.776521e-02 -5.773005e-03
<VARIANCE> 39
 2.292785e+00 3.602740e+00 5.361226e+00 5.400384e+00 5.825617e+00 8.180729e+00 7.322127e+00 8.727464e+00 9.048450e+00 9.243545e+00 8.390687e+00 8.009130e+00 1.000000e-02 1.927353e-01 3.012193e-01 4.175581e-01 5.870521e-01 6.746139e-01 7.346203e-01 8.379275e-01 9.451650e-01 9.358565e-01 1.035970e+00 1.081190e+00 9.845027e-01 1.000000e-02 4.472218e-02 5.876892e-02 8.492704e-02 1.291516e-01 1.184328e-01 1.494619e-01 1.614546e-01 1.922678e-01 1.845230e-01 2.155753e-01 1.814505e-01 1.748089e-01 1.000000e-02
<GCONST> 5.020245e+01
<STATE> 11
<MEAN> 39
 -5.729107e+00 -9.170647e+00 -1.651520e+00 -2.309674e+00 6.443793e-01 -5.189569e+00 4.873511e-01 -3.227278e+00 -4.547639e-01 -3.827417e+00 1.444043e+00 -2.156492e+00 -2.885532e-02 -5.236445e-01 -4.324931e-01 -3.936549e-01 -4.286551e-02 -9.607659e-02 1.103288e-01 1.835217e-01 1.746265e-01 -2.823074e-02 -8.679304e-02 -1.372045e-01 1.057542e-01 -2.150648e-02 -5.170418e-02 3.622180e-02 3.536328e-02 7.385251e-02 1.031489e-01 1.780721e-01 1.924088e-01 2.291509e-01 2.281001e-01 1.804691e-01 1.602403e-01 1.113415e-01 5.155934e-04
<VARIANCE> 39
 2.257016e+00 3.637552e+00 4.798072e+00 5.201602e+00 7.204679e+00 8.648702e+00 8.057693e+00 1.084338e+01 1.166541e+01 1.017001e+01 1.010629e+01 9.748583e+00 1.000000e-02 2.394909e-01 2.614072e-01 4.186460e-01 5.229563e-01 6.331647e-01 8.196032e-01 9.432361e-01 9.278775e-01 1.037623e+00 1.190464e+00 1.082884e+00 9.708605e-01 1.000000e-02 3.625225e-02 5.655102e-02 8.531890e-02 1.322586e-01 1.566176e-01 1.693630e-01 1.696925e-01 2.345757e-01 2.235243e-01 2.294727e-01 2.070710e-01 2.423924e-01 1.000000e-02
<GCONST> 5.284537e+01
<STATE> 12
<MEAN> 39
 -6.697329e+00 -9.437589e+00 -1.693684e+00 -1.643331e+00 1.000956e+00 -4.267264e+00 1.497292e+00 -2.082371e+00 7.830121e-03 -3.292853e+00 1.423065e+00 -2.118549e+00 -6.689812e-02 -4.300482e-01 -2.039633e-01 -1.842686e-01 7.698908e-02 2.620723e-02 3.143786e-01 4.890306e-01 5.584991e-01 4.946425e-01 3.900732e-01 3.269816e-01 2.429365e-01 -1.235179e-02 1.263634e-01 1.289032e-01 1.033058e-01 -5.838022e-03 5.456669e-02 4.573072e-03 2.815206e-02 4.745294e-02 1.135093e-01 1.105703e-01 1.262953e-01 3.050338e-02 6.842516e-03
<VARIANCE> 39
 1.952790e+00 2.854604e+00 4.235053e+00 5.288431e+00 7.970698e+00 8.261196e+00 8.731303e+00 8.795267e+00 1.078945e+01 1.047257e+01 1.048982e+01 9.753466e+00 1.000000e-02 2.239377e-01 2.739384e-01 4.480429e-01 5.297680e-01 8.008559e-01 8.117660e-01 8.842771e-01 1.118244e+00 1.150008e+00 1.056165e+00 1.053522e+00 1.004954e+00 1.000000e-02 3.584326e-02 5.159068e-02 7.797644e-02 1.073455e-01 1.623826e-01 1.459533e-01 1.833301e-01 1.979172e-01 2.398461e-01 2.225637e-01 2.400595e-01 2.141755e-01 1.000000e-02
<GCONST> 5.212004e+01
<STATE> 13
<MEAN> 39
 -7.416001e+00 -9.905603e+00 -2.205495e+00 -1.520216e+00 1.280997e+00 -3.182814e+00 3.458163e+00 2.891606e-01 2.134084e+00 -1.689383e+00 2.605838e+00 -1.287952e+00 -7.479053e-02 -4.905771e-02 7.428651e-02 3.821625e-02 -4.903048e-02 -4.389471e-03 -5.580302e-02 2.147486e-02 1.242304e-01 1.541982e-01 1.759175e-01 1.994261e-01 1.796192e-01 9.298782e-04 2.485841e-01 1.908723e-01 1.680719e-01 -1.846487e-02 -1.017517e-02 -1.981919e-01 -3.252450e-01 -3.683475e-01 -2.702447e-01 -1.828639e-01 -7.808425e-02 -1.060854e-01 7.233976e-03
<VARIANCE> 39
 1.952929e+00 3.299714e+00 4.683194e+00 5.150531e+00 7.907411e+00 9.363111e+00 9.652784e+00 1.170344e+01 1.162402e+01 1.063105e+01 1.094181e+01 1.049537e+01 1.000000e-02 1.965910e-01 2.491501e-01 3.796432e-01 5.603523e-01 7.431563e-01 9.315908e-01 1.112420e+00 1.282188e+00 1.206627e+00 1.041581e+00 1.130566e+00 1.134953e+00 1.000000e-02 5.018105e-02 5.841297e-02 9.360642e-02 1.023370e-01 1.538236e-01 1.875620e-01 2.047252e-01 2.432295e-01 2.498991e-01 2.481400e-01 2.313111e-01 2.195827e-01 1.000000e-02
<GCONST> 5.461486e+01
<STATE> 14
<MEAN> 39
 -7.149340e+00 -9.664083e+00 -2.006130e+00 -2.044641e+00 8.601806e-01 -4.287741e+00 2.022694e+00 -1.185571e+00 1.542312e+00 -1.839953e+00 2.981195e+00 -7.981559e-01 -6.359183e-02 4.954252e-01 5.084291e-01 4.057500e-01 -3.376514e-02 -1.444371e-02 -3.936889e-01 -6.755492e-01 -7.068721e-01 -4.446042e-01 -2.121086e-01 9.316739e-02 -1.261660e-01 1.528633e-02 1.979595e-01 1.378458e-01 1.374870e-01 6.017713e-02 6.312416e-02 1.488471e-02 -6.109153e-02 -1.093495e-01 -1.272808e-01 -1.468312e-01 -1.432335e-01 -1.790209e-01 6.360104e-03
<VARIANCE> 39
 2.561160e+00 3.195500e+00 4.426393e+00 4.964022e+00 8.280247e+00 9.438286e+00 9.227489e+00 1.178791e+01 9.467038e+00 1.020528e+01 1.116312e+01 8.889094e+00 1.000000e-02 2.572448e-01 2.711598e-01 4.369760e-01 5.110143e-01 7.444707e-01 8.755995e-01 1.002157e+00 1.084907e+00 1.293355e+00 1.415628e+00 1.126853e+00 1.014273e+00 1.000000e-02 3.666683e-02 4.655339e-02 7.131176e-02 1.088902e-01 1.658711e-01 1.866968e-01 1.940863e-01 2.090358e-01 1.862627e-01 2.100020e-01 2.206708e-01 2.044078e-01 1.000000e-02
<GCONST> 5.325129e+01
<STATE> 15
<MEAN> 39
 -5.873771e+00 -8.254913e+00 -9.572812e-01 -1.972065e+00 7.905193e-01 -5.287221e+00 1.781214e-01 -2.834815e+00 8.009305e-02 -2.858922e+00 2.543007e+00 -1.645044e+00 -2.948740e-02 5.896084e-01 5.400880e-01 4.950677e-01 9.495866e-02 1.798308e-01 -1.242580e-01 -3.804420e-01 -5.082839e-01 -3.496783e-01 -3.334244e-01 -1.878626e-01 -2.865245e-01 2.041892e-02 -3.533950e-02 -8.832456e-02 -4.576204e-02 5.699525e-02 7.184318e-02 1.812998e-01 2.471806e-01 2.217519e-01 1.140265e-01 -4.648281e-05 -8.300323e-02 -4.978751e-02 -2.743370e-04
<VARIANCE> 39
 2.468783e+00 2.568702e+00 4.273929e+00 6.112146e+00 7.935483e+00 7.633591e+00 9.248105e+00 1.032287e+01 1.042689e+01 1.000761e+01 1.061529e+01 8.998888e+00 1.000000e-02 2.529681e-01 2.609657e-01 4.503295e-01 4.959753e-01 8.446608e-01 8.776334e-01 9.548607e-01 1.053324e+00 1.128637e+00 1.273294e+00 1.066108e+00 9.490439e-01 1.000000e-02 3.743283e-02 4.167344e-02 7.482751e-02 1.231603e-01 1.546252e-01 1.864079e-01 2.192521e-01 2.276429e-01 2.303670e-01 2.345314e-01 2.321433e-01 2.189502e-01 1.000000e-02
<GCONST> 5.311373e+01
<STATE> 16
<MEAN> 39
 -4.700652e+00 -7.317095e+00 2.900607e-01 -1.389758e+00 1.511086e+00 -4.835432e+00 5.739582e-01 -3.129302e+00 1.507464e-01 -2.963061e+00 2.241584e+00 -2.408114e+00 2.443166e-02 1.789144e-01 3.557002e-02 1.147309e-01 1.819295e-01 2.522936e-01 2.691568e-01 2.548785e-01 2.043993e-01 -3.168666e-02 -1.842884e-01 -2.035618e-01 -2.356272e-01 7.928268e-03 -2.267004e-01 -2.368080e-01 -2.396453e-01 -6.080676e-02 -3.996937e-02 1.054720e-01 1.938546e-01 2.373036e-01 1.063669e-01 7.275765e-02 2.330592e-02 9.023122e-02 -8.300591e-03
<VARIANCE> 39
 1.828042e+00 2.499125e+00 4.195087e+00 4.603747e+00 6.169318e+00 6.632647e+00 7.838434e+00 8.238182e+00 9.967571e+00 1.153554e+01 9.170799e+00 8.703312e+00 1.000000e-02 2.228531e-01 2.827684e-01 4.125338e-01 5.134392e-01 7.234784e-01 8.614749e-01 1.004587e+00 1.014491e+00 9.638842e-01 1.078212e+00 1.060953e+00 9.985509e-01 1.000000e-02 3.752983e-02 5.586261e-02 8.468100e-02 1.020645e-01 1.498036e-01 1.506907e-01 1.979705e-01 2.069955e-01 2.361000e-01 2.681455e-01 2.095576e-01 2.083529e-01 1.000000e-02
<GCONST> 5.087641e+01
<STATE> 17
<MEAN> 39
 -5.523141e+00 -8.454318e+00 -7.966661e-01 -1.149099e+00 2.096442e+00 -3.578775e+00 2.157421e+00 -1.567341e+00 1.564495e-01 -3.488109e+00 1.550775e+00 -2.456839e+00 -9.131181e-03 -2.630479e-01 -2.986427e-01 -3.364676e-01 -1.547845e-01 -1.102121e-01 1.506439e-01 3.308576e-01 3.966212e-01 2.732602e-01 1.743226e-01 8.130496e-02 1.437693e-01 -9.331812e-03 -9.707728e-02 -3.669490e-02 -5.520448e-02 -8.044330e-02 -1.561991e-01 -1.250261e-01 -1.007093e-01 -2.489743e-02 9.420576e-02 1.457286e-01 1.572775e-01 1.248512e-01 -3.490097e-03
<VARIANCE> 39
 1.994247e+00 2.826619e+00 4.300311e+00 4.953921e+00 7.046081e+00 8.167204e+00 8.241830e+00 9.653881e+00 1.035932e+01 8.988993e+00 8.199002e+00 9.355808e+00 1.000000e-02 2.236567e-01 2.681093e-01 4.248533e-01 4.958575e-01 6.656875e-01 8.202533e-01 9.402787e-01 1.034350e+00 9.998427e-01 1.066955e+00 9.699435e-01 9.494751e-01 1.000000e-02 3.961955e-02 5.039718e-02 7.827780e-02 9.422491e-02 1.359243e-01 1.771356e-01 1.883289e-01 1.854831e-01 2.051324e-01 2.235059e-01 2.065893e-01 1.988602e-01 1.000000e-02
<GCONST> 5.044963e+01
<STATE> 18
<MEAN> 39
 -6.792886e+00 -9.445771e+00 -2.022329e+00 -1.989067e+00 7.448035e-01 -3.923361e+00 2.556476e+00 -5.200673e-01 1.549798e+00 -1.996349e+00 2.871423e+00 -1.508406e+00 -5.532590e-02 4.652333e-03 7.931070e-02 4.161161e-02 -5.743518e-02 -1.250001e-01 -8.028015e-02 -1.433939e-01 -9.830995e-02 3.419379e-02 9.305509e-02 1.124792e-01 7.510445e-02 7.853285e-04 1.134745e-01 1.165540e-01 1.335919e-01 4.394925e-02 3.824107e-02 -7.752369e-02 -1.624716e-01 -2.056850e-01 -1.510357e-01 -1.067080e-01 -8.851945e-02 -7.291859e-02 3.086946e-03
<VARIANCE> 39
 2.054035e+00 2.603320e+00 3.635188e+00 5.166765e+00 7.277767e+00 8.962306e+00 8.334053e+00 1.047076e+01 1.068396e+01 9.263749e+00 9.975033e+00 9.510443e+00 1.000000e-02 2.911125e-01 2.949210e-01 4.530113e-01 5.050098e-01 6.999164e-01 9.386737e-01 8.809511e-01 1.098207e+00 1.146532e+00 1.166027e+00 1.211978e+00 1.106428e+00 1.000000e-02 5.650647e-02 5.498153e-02 7.789912e-02 1.027139e-01 1.378542e-01 1.931216e-01 1.711370e-01 2.308942e-01 2.086689e-01 2.030346e-01 2.367479e-01 2.153338e-01 1.000000e-02
<GCONST> 5.286869e+01
<STATE> 19
<MEAN> 39
 -4.744040e+00 -7.458467e+00 1.488645e-01 -1.449452e+00 1.497418e+00 -4.349569e+00 1.076960e+00 -2.429970e+00 4.875486e-01 -2.566022e+00 2.712444e+00 -1.920965e+00 2.683994e-02 8.853573e-02 3.181542e-02 5.227618e-02 -5.528251e-02 -1.107066e-01 -2.446138e-01 -3.054854e-01 -3.184973e-01 -2.109255e-01 -1.054737e-01 -4.854861e-02 -8.083845e-02 1.130970e-04 -1.472673e-01 -1.403896e-01 -1.383350e-01 -2.643321e-02 -5.133914e-02 8.660218e-03 5.568317e-02 6.896834e-02 5.693988e-03 -1.335781e-02 -6.139179e-02 -8.755871e-03 -5.931014e-03
<VARIANCE> 39
 2.173952e+00 2.589115e+00 4.163599e+00 4.766580e+00 5.379577e+00 7.765114e+00 7.782929e+00 8.489911e+00 9.388638e+00 1.012651e+01 9.294004e+00 8.493814e+00 1.000000e-02 2.834964e-01 2.991923e-01 4.546923e-01 5.550718e-01 6.870149e-01 8.906686e-01 8.438069e-01 9.250304e-01 1.044396e+00 1.039281e+00 1.062092e+00 8.817167e-01 1.000000e-02 4.740823e-02 5.201964e-02 8.519990e-02 1.169050e-01 1.350797e-01 1.832514e-01 1.640339e-01 1.824111e-01 2.064485e-01 2.317595e-01 2.378683e-01 1.975114e-01 1.000000e-02
<GCONST> 5.093741e+01
<STATE> 20
<MEAN> 39
 -5.871900e+00 -8.907149e+00 -1.518292e+00 -2.514493e+00 9.601522e-02 -5.618726e+00 2.444276e-01 -3.003947e+00 -3.230340e-01 -3.188574e+00 2.025987e+00 -2.208695e+00 -3.372959e-02 -3.780331e-01 -3.249083e-01 -3.249379e-01 -6.203852e-02 -1.806921e-01 -5.047805e-02 -1.644741e-02 6.385589e-02 -4.590613e-02 -9.580199e-02 -2.422445e-01 -4.484336e-02 -1.699266e-02 -7.339677e-02 7.502447e-03 5.325783e-02 1.673189e-01 2.117357e-01 3.010839e-01 3.069409e-01 2.723314e-01 1.991712e-01 6.759106e-02 1.711474e-02 7.712374e-02 3.189624e-05
<VARIANCE> 39
 2.383270e+00 2.960248e+00 4.891931e+00 5.816194e+00 7.558110e+00 9.227543e+00 9.777611e+00 9.578156e+00 1.086822e+01 8.775936e+00 1.012421e+01 9.652778e+00 1.000000e-02 2.655658e-01 2.778714e-01 5.177992e-01 5.977608e-01 7.272165e-01 8.346011e-01 7.738412e-01 1.049560e+00 1.038672e+00 1.044266e+00 1.231105e+00 9.755053e-01 1.000000e-02 4.710771e-02 5.387895e-02 9.854691e-02 1.212737e-01 1.521894e-01 1.917289e-01 1.703895e-01 1.967372e-01 2.359371e-01 1.855653e-01 2.363532e-01 2.012580e-01 1.000000e-02
<GCONST> 5.335863e+01
<STATE> 21
<MEAN> 39
 -6.452999e+00 -9.164705e+00 -1.698502e+00 -2.193445e+00 3.985983e-01 -5.044174e+00 7.904061e-01 -2.286425e+00 6.505390e-01 -2.830371e+00 1.654226e+00 -2.188232e+00 -5.520604e-02 -4.176954e-01 -1.919212e-01 -6.537972e-02 2.973013e-01 3.413835e-01 6.302520e-01 6.803136e-01 6.130388e-01 3.617867e-01 7.971670e-02 -9.277346e-02 1.646689e-01 -1.119730e-02 4.363968e-02 8.435847e-02 8.052512e-02 6.283063e-02 1.271342e-01 1.570338e-01 1.840381e-01 1.068052e-01 7.491886e-02 5.970138e-02 1.048866e-01 8.759079e-02 4.110924e-03
<VARIANCE> 39
 2.454910e+00 3.692637e+00 4.817986e+00 6.090793e+00 7.672180e+00 8.375287e+00 8.524117e+00 1.086384e+01 1.037172e+01 9.915018e+00 1.093441e+01 8.347038e+00 1.000000e-02 2.566444e-01 2.759206e-01 4.991364e-01 5.580420e-01 7.533201e-01 8.997424e-01 8.115702e-01 1.056089e+00 1.130834e+00 9.553460e-01 1.085217e+00 1.013619e+00 1.000000e-02 4.440688e-02 5.996326e-02 8.855536e-02 1.116474e-01 1.524712e-01 1.533049e-01 1.512507e-01 2.055756e-01 2.195085e-01 2.299901e-01 2.675881e-01 1.849005e-01 1.000000e-02
<GCONST> 5.322287e+01
<STATE> 22
<MEAN> 39
 -6.837019e+00 -8.856315e+00 -1.032505e+00 -9.188971e-01 1.936184e+00 -3.115244e+00 2.512455e+00 -1.073999e+00 7.109987e-01 -3.112709e+00 1.923279e+00 -1.539664e+00 -5.974911e-02 -2.127821e-01 -3.940410e-02 -3.545074e-02 1.691722e-01 2.570313e-01 4.285076e-01 5.147217e-01 4.590662e-01 2.990547e-01 2.134824e-01 2.139901e-01 2.223886e-01 -3.151501e-03 1.164699e-01 5.294193e-02 -1.611985e-02 -1.465164e-01 -1.485546e-01 -2.327924e-01 -1.800346e-01 -1.389152e-01 -4.155505e-02 4.752429e-02 7.573733e-02 -2.832462e-02 4.446663e-03
<VARIANCE> 39
 2.171413e+00 2.931437e+00 4.596312e+00 4.570014e+00 6.247636e+00 8.161345e+00 6.948551e+00 9.458409e+00 1.129378e+01 1.065504e+01 1.069402e+01 8.677599e+00 1.000000e-02 2.586675e-01 3.216847e-01 4.823547e-01 6.021580e-01 8.394447e-01 9.550472e-01 9.004425e-01 1.058946e+00 1.173550e+00 1.064488e+00 1.267250e+00 9.393881e-01 1.000000e-02 5.112139e-02 5.679546e-02 9.844188e-02 1.019894e-01 1.307230e-01 1.686991e-01 1.506846e-01 1.997379e-01 2.110188e-01 2.293189e-01 2.282513e-01 1.807534e-01 1.000000e-02
<GCONST> 5.262360e+01
<STATE> 23
<MEAN> 39
 -7.424014e+00 -9.617356e+00 -1.884599e+00 -1.486231e+00 1.560047e+00 -2.826633e+00 3.300359e+00 -2.992477e-01 1.704293e+00 -2.014194e+00 2.568374e+00 -1.231134e+00 -7.105733e-02 7.347338e-03 7.800603e-03 -8.016752e-02 -1.611884e-01 -1.613533e-01 -2.087919e-01 -1.025318e-01 -8.277401e-02 -4.138906e-02 2.131996e-02 3.296907e-02 5.122415e-02 1.178708e-03 2.317881e-01 1.463967e-01 1.285800e-01 -6.141542e-02 -6.533740e-02 -2.442157e-01 -3.138756e-01 -2.963029e-01 -1.965133e-01 -1.119960e-01 -4.117347e-02 -1.021311e-01 6.187766e-03
<VARIANCE> 39
 2.063860e+00 4.603529e+00 5.269016e+00 7.048592e+00 8.987761e+00 1.136621e+01 1.118822e+01 1.432800e+01 1.356297e+01 1.223026e+01 1.291888e+01 1.010028e+01 1.000000e-02 2.003392e-01 3.268760e-01 4.217458e-01 5.536833e-01 6.991153e-01 9.237874e-01 8.983836e-01 1.143088e+00 1.116850e+00 1.283347e+00 1.306433e+00 9.156104e-01 1.000000e-02 5.450989e-02 8.363478e-02 9.353524e-02 1.382628e-01 1.861068e-01 2.210544e-01 2.233336e-01 2.913485e-01 2.624197e-01 2.602535e-01 3.179464e-01 2.058568e-01 1.000000e-02
<GCONST> 5.828978e+01
<STATE> 24
<MEAN> 39
 -7.077028e+00 -9.356280e+00 -1.894495e+00 -1.760417e+00 1.127953e+00 -3.953263e+00 2.251587e+00 -8.532684e-01 1.561289e+00 -2.181068e+00 2.473420e+00 -1.133692e+00 -6.341884e-02 4.761459e-01 3.601432e-01 2.508037e-01 -2.575790e-01 -2.392896e-01 -6.947943e-01 -6.806217e-01 -6.252369e-01 -3.647618e-01 -7.028268e-02 3.738446e-02 -1.563711e-01 1.560837e-02 2.087021e-01 1.484454e-01 1.744684e-01 2.123484e-02 2.291123e-02 -5.073687e-02 -1.415864e-01 -2.126234e-01 -1.276807e-01 -8.860794e-02 -1.827072e-02 -1.014894e-01 6.846644e-03
<VARIANCE> 39
 2.890195e+00 3.334550e+00 5.258696e+00 4.841026e+00 7.590941e+00 8.363146e+00 9.710276e+00 1.054210e+01 1.221437e+01 9.860529e+00 1.148639e+01 8.988513e+00 1.000000e-02 2.585092e-01 2.943355e-01 4.208428e-01 5.730000e-01 6.929219e-01 8.188123e-01 9.330434e-01 1.060944e+00 1.156079e+00 1.371737e+00 1.330749e+00 9.682102e-01 1.000000e-02 5.126138e-02 5.820123e-02 9.763449e-02 1.268354e-01 1.488694e-01 1.511298e-01 1.661722e-01 2.079528e-01 2.425478e-01 2.098501e-01 2.497079e-01 1.934369e-01 1.000000e-02
<GCONST> 5.433771e+01
<STATE> 25
<MEAN> 39
 -6.066682e+00 -8.539354e+00 -1.330606e+00 -2.443863e+00 4.192968e-01 -5.273757e+00 9.174007e-01 -2.359861e+00 7.176846e-02 -3.065995e+00 1.942510e+00 -1.914565e+00 -4.019906e-02 6.215198e-01 5.029486e-01 4.965361e-01 1.345056e-02 4.133405e-02 -2.820399e-01 -4.729856e-01 -6.056709e-01 -2.123861e-01 -1.453109e-01 5.830533e-02 -1.511904e-01 2.215034e-02 4.299524e-03 -1.457855e-02 5.536940e-02 1.284548e-01 1.200527e-01 2.149770e-01 1.455192e-01 1.093829e-01 9.917666e-02 3.258421e-02 4.286328e-02 8.456014e-03 1.520367e-03
<VARIANCE> 39
 2.448183e+00 2.828293e+00 4.405199e+00 5.311374e+00 6.136798e+00 8.318410e+00 8.648533e+00 1.130794e+01 1.038803e+01 1.165518e+01 1.022883e+01 8.559931e+00 1.000000e-02 2.746055e-01 2.801018e-01 4.690795e-01 6.047837e-01 7.106911e-01 8.222267e-01 9.526066e-01 1.129140e+00 1.171914e+00 1.198125e+00 1.156919e+00 9.001855e-01 1.000000e-02 4.240663e-02 4.320788e-02 7.563444e-02 1.165591e-01 1.197226e-01 1.592820e-01 1.752927e-01 2.284766e-01 2.159834e-01 2.570302e-01 2.291695e-01 1.810894e-01 1.000000e-02
<GCONST> 5.254065e+01
<STATE> 26
<MEAN> 39
 -4.855928e+00 -7.384647e+00 3.929245e-02 -1.851324e+00 1.311971e+00 -5.183502e+00 3.286475e-01 -3.202728e+00 3.494312e-01 -2.657553e+00 2.800269e+00 -1.696863e+00 1.647585e-02 4.982907e-01 3.414387e-01 4.396168e-01 1.533966e-01 1.795930e-01 1.815243e-01 -3.850023e-02 -2.005413e-01 -4.994081e-02 -4.344651e-02 1.100408e-01 -1.611442e-01 2.108287e-02 -2.270153e-01 -2.618634e-01 -2.209864e-01 1.546409e-02 1.302840e-02 1.945917e-01 2.384550e-01 2.654771e-01 7.787284e-02 5.016156e-03 -8.580905e-02 5.004330e-03 -8.503412e-03
<VARIANCE> 39
 2.027830e+00 1.973854e+00 3.978957e+00 5.277680e+00 5.346583e+00 7.234558e+00 9.608312e+00 1.035396e+01 1.081278e+01 1.285864e+01 1.305937e+01 9.094497e+00 1.000000e-02 2.798198e-01 2.579226e-01 4.756737e-01 6.077949e-01 6.836922e-01 7.433188e-01 9.102822e-01 1.165849e+00 1.091469e+00 1.148579e+00 1.122470e+00 9.381925e-01 1.000000e-02 3.975007e-02 4.203489e-02 7.175312e-02 1.168497e-01 1.205793e-01 1.649126e-01 2.047763e-01 2.137711e-01 2.180450e-01 2.818543e-01 2.855073e-01 1.999273e-01 1.000000e-02
<GCONST> 5.217614e+01
<STATE> 27
<MEAN> 39
 -4.306381e+00 -7.188869e+00 5.821030e-01 -1.255547e+00 1.468132e+00 -4.171458e+00 1.250539e+00 -2.777740e+00 4.783961e-01 -2.654415e+00 2.655626e+00 -2.387649e+00 5.559726e-02 -8.964455e-02 -2.741301e-01 -1.886995e-01 -5.460147e-03 1.541354e-02 1.393544e-01 7.128773e-02 1.102204e-01 -5.350114e-02 -8.951674e-02 -1.208817e-01 -8.721537e-02 -4.816360e-03 -2.452180e-01 -2.113428e-01 -2.396824e-01 -8.618044e-02 -6.961960e-02 -2.808441e-02 4.937527e-02 1.277712e-01 2.418716e-02 1.663166e-02 -1.546716e-02 9.547660e-02 -1.039866e-02
<VARIANCE> 39
 1.899275e+00 2.437532e+00 4.302142e+00 4.547629e+00 5.814649e+00 6.890181e+00 8.686941e+00 9.293120e+00 9.998429e+00 1.047266e+01 8.066417e+00 8.154837e+00 1.000000e-02 1.992373e-01 2.366764e-01 4.068057e-01 6.294588e-01 6.385615e-01 7.781267e-01 9.999945e-01 1.113032e+00 1.067378e+00 1.140705e+00 1.116710e+00 8.992757e-01 1.000000e-02 4.307190e-02 5.209311e-02 8.776078e-02 1.167518e-01 1.301317e-01 1.514045e-01 1.911550e-01 2.301660e-01 2.014278e-01 2.285672e-01 2.094475e-01 1.883324e-01 1.000000e-02
<GCONST> 5.043690e+01
<STATE> 28
<MEAN> 39
 -5.624293e+00 -8.932654e+00 -1.237712e+00 -1.931684e+00 1.386902e+00 -4.101583e+00 1.172680e+00 -2.214941e+00 -3.019249e-01 -3.734927e+00 1.846377e+00 -2.109809e+00 -1.610718e-02 -5.096677e-01 -5.310901e-01 -5.457453e-01 -1.854641e-01 -1.838410e-01 -1.547718e-02 1.904772e-01 3.093153e-01 1.346183e-01 7.839794e-02 -2.445375e-02 1.678220e-01 -2.103260e-02 -6.849021e-02 6.680255e-02 3.209419e-02 2.389214e-02 -3.876035e-02 -4.087228e-02 6.083011e-02 4.750448e-02 1.553088e-01 1.866233e-01 7.469571e-02 6.507931e-02 -1.918676e-03
<VARIANCE> 39
 1.801777e+00 2.435630e+00 4.043265e+00 5.729856e+00 7.143766e+00 8.355057e+00 9.395607e+00 1.062448e+01 1.175742e+01 8.946601e+00 9.996532e+00 9.208712e+00 1.000000e-02 2.141241e-01 2.267599e-01 4.427772e-01 5.093989e-01 6.698727e-01 8.232729e-01 8.852596e-01 1.083263e+00 1.040263e+00 1.201638e+00 1.163104e+00 9.469913e-01 1.000000e-02 3.816170e-02 3.988042e-02 7.061893e-02 1.272978e-01 1.410487e-01 1.677328e-01 1.909120e-01 2.481574e-01 2.360135e-01 2.403453e-01 2.406437e-01 1.850388e-01 1.000000e-02
<GCONST> 5.154824e+01
<STATE> 29
<MEAN> 39
 -6.772514e+00 -9.976919e+00 -2.557721e+00 -2.630804e+00 2.927647e-01 -4.575408e+00 1.915309e+00 -1.182570e+00 1.471790e+00 -1.993552e+00 2.571404e+00 -1.478574e+00 -6.273843e-02 -3.420843e-01 -1.132194e-01 -1.501537e-01 8.146805e-03 -1.061909e-01 2.891033e-02 2.524502e-01 3.648207e-01 3.799464e-01 4.021997e-01 1.430948e-01 2.315235e-01 -1.229918e-02 1.545969e-01 2.392143e-01 2.658651e-01 1.377655e-01 1.190928e-01 4.586238e-02 -6.162396e-02 -1.239564e-01 -9.353580e-02 -7.579649e-02 -3.774113e-02 -7.967199e-02 6.640871e-03
<VARIANCE> 39
 2.022873e+00 2.694283e+00 4.623399e+00 5.747735e+00 7.558674e+00 9.249828e+00 9.382075e+00 1.059311e+01 1.054196e+01 1.031679e+01 1.013440e+01 8.345689e+00 1.000000e-02 2.077441e-01 2.005582e-01 3.483623e-01 5.302123e-01 7.214224e-01 9.679437e-01 9.696937e-01 1.076034e+00 1.141162e+00 1.256658e+00 1.091757e+00 8.823761e-01 1.000000e-02 5.175118e-02 4.259130e-02 7.778902e-02 1.046966e-01 1.431556e-01 1.872357e-01 2.050475e-01 2.086907e-01 2.374383e-01 2.363869e-01 2.220566e-01 1.781798e-01 1.000000e-02
<GCONST> 5.214146e+01
<STATE> 30
<MEAN> 39
 -6.927208e+00 -9.061595e+00 -1.317065e+00 -1.447538e+00 1.029408e+00 -3.850711e+00 2.365973e+00 -1.101106e+00 1.347077e+00 -1.879897e+00 2.621991e+00 -1.397376e+00 -6.211456e-02 1.446329e-01 3.268208e-01 3.662603e-01 2.465041e-01 2.045678e-01 -3.016704e-02 -1.872633e-01 -2.638297e-01 -1.789442e-01 -5.086962e-02 -6.425976e-02 -1.088234e-01 5.412085e-03 1.492319e-01 7.362965e-02 4.744947e-02 -2.681810e-02 2.402987e-02 -5.148214e-02 -9.917121e-02 -1.081400e-01 -1.135586e-01 -1.280461e-01 -6.262425e-02 -9.795263e-02 5.023783e-03
<VARIANCE> 39
 2.353043e+00 2.317649e+00 3.837615e+00 4.760306e+00 6.823210e+00 9.471653e+00 9.672759e+00 1.085361e+01 1.167567e+01 1.053305e+01 1.000449e+01 8.542221e+00 1.000000e-02 2.865957e-01 2.419471e-01 3.794036e-01 5.127131e-01 7.145877e-01 9.587062e-01 1.076853e+00 1.064875e+00 1.157987e+00 1.150901e+00 1.018886e+00 8.672202e-01 1.000000e-02 5.176694e-02 3.880356e-02 6.850164e-02 9.793232e-02 1.556708e-01 2.052586e-01 2.126362e-01 2.341041e-01 2.466470e-01 2.232607e-01 2.043975e-01 1.872005e-01 1.000000e-02
<GCONST> 5.234113e+01
<STATE> 31
<MEAN> 39
 -5.236936e+00 -7.722200e+00 -2.818863e-02 -1.470954e+00 1.247113e+00 -5.045181e+00 5.041226e-01 -3.007318e+00 3.237140e-01 -2.481233e+00 2.583903e+00 -1.897747e+00 7.764600e-03 1.501620e-01 1.607661e-01 1.534566e-01 1.098895e-01 1.308294e-01 1.170529e-01 3.139555e-02 -1.266544e-02 -9.406098e-02 -2.080682e-01 -2.219584e-01 -2.427976e-01 5.100237e-03 -1.056917e-01 -1.520657e-01 -1.642199e-01 -5.970467e-02 -3.187168e-02 1.202815e-01 1.801945e-01 1.879168e-01 6.807385e-02 -2.279053e-02 -2.583030e-02 7.694702e-03 -3.588707e-03
<VARIANCE> 39
 2.692294e+00 2.490137e+00 4.340135e+00 5.217648e+00 5.974638e+00 7.293021e+00 8.587396e+00 1.016073e+01 9.811819e+00 1.018461e+01 1.002242e+01 8.352472e+00 1.003065e-02 3.569168e-01 2.554387e-01 3.848117e-01 4.699281e-01 6.891736e-01 9.151994e-01 9.251136e-01 1.102648e+00 1.112091e+00 1.130644e+00 1.027256e+00 8.745524e-01 1.000000e-02 5.510018e-02 4.650822e-02 7.247616e-02 1.181906e-01 1.332031e-01 1.870012e-01 1.852940e-01 2.150504e-01 2.117450e-01 2.507276e-01 2.325405e-01 1.889377e-01 1.000000e-02
<GCONST> 5.203555e+01
<STATE> 32
<MEAN> 39
 -5.901930e+00 -8.225755e+00 -5.878308e-01 -9.932985e-01 1.926678e+00 -3.529099e+00 1.973594e+00 -1.747322e+00 2.568478e-01 -3.322977e+00 1.394540e+00 -2.822695e+00 -2.230364e-02 -2.605043e-01 -3.072282e-01 -3.369548e-01 -1.557121e-01 -1.279904e-01 1.105276e-01 3.376383e-01 3.471682e-01 1.794338e-01 7.372109e-02 1.105255e-01 1.441990e-01 -8.396037e-03 -5.008354e-02 -8.390152e-02 -8.713843e-02 -1.157442e-01 -1.312802e-01 -1.092936e-01 -4.625474e-02 -2.083675e-02 5.400256e-02 1.065438e-01 1.382473e-01 1.594613e-01 -1.776342e-03
<VARIANCE> 39
 2.579404e+00 2.855835e+00 3.793828e+00 5.320440e+00 6.455763e+00 8.860520e+00 7.282763e+00 9.503715e+00 1.133311e+01 1.053621e+01 9.664918e+00 1.003321e+01 1.000000e-02 2.789224e-01 2.450364e-01 3.875289e-01 5.810038e-01 6.415662e-01 1.110303e+00 1.025677e+00 1.178309e+00 1.141283e+00 1.197053e+00 1.158043e+00 1.188348e+00 1.000000e-02 5.848769e-02 4.875069e-02 6.575231e-02 1.012480e-01 1.351523e-01 1.948132e-01 1.791522e-01 2.103148e-01 2.390849e-01 2.489194e-01 2.087809e-01 2.322294e-01 1.000000e-02
<GCONST> 5.317584e+01
<STATE> 33
<MEAN> 39
 -7.133857e+00 -9.594280e+00 -2.040862e+00 -1.956928e+00 8.371465e-01 -3.752822e+00 3.031111e+00 -2.061225e-01 1.950323e+00 -1.803832e+00 2.935405e+00 -1.037888e+00 -6.329041e-02 -1.113226e-01 -1.822228e-01 -2.747809e-01 -2.700509e-01 -2.350990e-01 -1.182128e-01 8.647879e-02 1.029915e-01 3.337077e-02 7.669470e-03 5.412407e-02 1.457735e-01 -5.048713e-03 1.517211e-01 1.526806e-01 1.536168e-01 5.110817e-02 5.330056e-02 -8.368735e-02 -1.858939e-01 -2.326440e-01 -1.665309e-01 -1.144210e-01 -1.214335e-01 -1.274097e-01 4.455353e-03
<VARIANCE> 39
 2.064209e+00 2.910610e+00 4.050013e+00 5.282599e+00 6.866623e+00 9.774607e+00 9.422073e+00 1.179025e+01 1.167901e+01 1.094230e+01 1.184311e+01 9.298808e+00 1.000000e-02 2.170895e-01 2.136810e-01 3.050446e-01 4.766486e-01 6.527422e-01 9.317035e-01 9.126641e-01 1.102972e+00 1.176465e+00 1.268872e+00 1.107815e+00 1.097206e+00 1.000000e-02 5.877931e-02 5.316728e-02 7.875224e-02 1.017509e-01 1.369602e-01 2.225405e-01 2.292084e-01 2.461022e-01 2.480384e-01 2.595187e-01 2.566136e-01 2.325984e-01 1.000000e-02
<GCONST> 5.377039e+01
<STATE> 34
<MEAN> 39
 -6.790860e+00 -9.275662e+00 -1.985430e+00 -2.307001e+00 2.991166e-01 -4.628603e+00 1.952340e+00 -1.630317e+00 3.806214e-01 -3.214193e+00 1.623960e+00 -2.279619e+00 -6.757039e-02 3.306223e-01 3.452797e-01 3.388018e-01 6.164424e-02 1.873577e-01 -3.990042e-02 -2.461486e-01 -3.447529e-01 -1.571781e-01 -1.712859e-02 -3.777606e-02 -1.198330e-01 1.259694e-02 1.220766e-01 1.337207e-01 1.784698e-01 1.297380e-01 1.545478e-01 8.619068e-02 -7.269572e-03 -1.945423e-02 5.434982e-02 9.644154e-02 8.664215e-02 3.621471e-02 6.445250e-03
<VARIANCE> 39
 2.262753e+00 2.240988e+00 3.939685e+00 5.372220e+00 7.326129e+00 8.988032e+00 8.806489e+00 1.048951e+01 1.099879e+01 9.828332e+00 1.036469e+01 1.011565e+01 1.000000e-02 3.106694e-01 2.771537e-01 4.059319e-01 4.940763e-01 7.151231e-01 9.600506e-01 9.705304e-01 1.118488e+00 1.122080e+00 1.232696e+00 1.275015e+00 1.273231e+00 1.000000e-02 4.934134e-02 4.526735e-02 7.668518e-02 1.192066e-01 1.421106e-01 1.953619e-01 1.798809e-01 2.331916e-01 2.281832e-01 2.270987e-01 2.321161e-01 2.524375e-01 1.000000e-02
<GCONST> 5.369072e+01
<STATE> 35
<MEAN> 39
 -4.757617e+00 -7.468287e+00 2.139387e-01 -1.487937e+00 1.713314e+00 -4.175837e+00 1.216741e+00 -2.538363e+00 5.176202e-01 -2.426947e+00 2.616958e+00 -2.050915e+00 3.337737e-02 1.551831e-01 9.007195e-02 1.650368e-01 1.515025e-01 1.456230e-01 5.965433e-02 -4.959903e-02 -1.180759e-01 -9.719604e-02 -6.092006e-02 -9.802456e-03 -2.204629e-02 6.691677e-03 -1.614563e-01 -1.304358e-01 -1.596295e-01 -2.763511e-02 -8.413647e-02 -2.800213e-03 6.228220e-02 7.692499e-02 -6.457663e-03 -2.985728e-02 -4.264952e-02 7.427158e-03 -5.310540e-03
<VARIANCE> 39
 2.140223e+00 2.234230e+00 4.084436e+00 4.495846e+00 5.529630e+00 8.249726e+00 9.335490e+00 1.010211e+01 1.005885e+01 1.052374e+01 9.942902e+00 9.989901e+00 1.000000e-02 3.521450e-01 3.465846e-01 5.458654e-01 5.847160e-01 7.482893e-01 9.188053e-01 1.037855e+00 1.170178e+00 1.163831e+00 1.188270e+00 1.207369e+00 1.112257e+00 1.000000e-02 5.482766e-02 6.246597e-02 9.401889e-02 1.089024e-01 1.365078e-01 1.811305e-01 2.079951e-01 2.275935e-01 2.459009e-01 2.673275e-01 2.514899e-01 2.557850e-01 1.000000e-02
<GCONST> 5.468314e+01
<STATE> 36
<MEAN> 39
 -6.275474e+00 -8.897181e+00 -1.238139e+00 -1.733876e+00 1.299010e+00 -4.017477e+00 1.892977e+00 -1.687591e+00 6.210439e-01 -2.717571e+00 2.224854e+00 -1.627771e+00 -3.242462e-02 -1.873777e-01 -8.196526e-02 -1.674164e-01 -1.579881e-02 -1.409614e-01 -5.574732e-02 2.380112e-02 1.021840e-01 4.074714e-02 6.054801e-02 -2.767970e-02 6.725737e-02 -3.921323e-03 5.416379e-02 7.582758e-02 -6.529902e-02 -9.809784e-02 -6.593793e-02 -1.117133e-01 -5.523287e-02 -1.102867e-02 -7.780992e-04 -2.207611e-02 -7.203955e-02 -5.267216e-02 6.718698e-03
<VARIANCE> 39
 3.203421e+00 3.549062e+00 5.299299e+00 7.340707e+00 9.006227e+00 1.044803e+01 9.893982e+00 1.182720e+01 1.227446e+01 1.190540e+01 1.021384e+01 8.734559e+00 1.000000e-02 4.333892e-01 4.133684e-01 6.232908e-01 7.487489e-01 9.130502e-01 1.101903e+00 1.120496e+00 1.368936e+00 1.380078e+00 1.386337e+00 1.077769e+00 1.107212e+00 1.000000e-02 1.149236e-01 9.225203e-02 1.577440e-01 2.019316e-01 1.929831e-01 2.113443e-01 1.841833e-01 2.289699e-01 2.354672e-01 2.424900e-01 2.081035e-01 1.574858e-01 1.000000e-02
<GCONST> 6.087376e+01
<TRANSP> 37
 0.000000e+00 1.000000e+00 0.000000e+00 0.000000e+00 0.000000e+00 0.000000e+00 0.000000e+00 0.000000e+00 0.000000e+00 0.000000e+00 0.000000e+00 0.000000e+00 0.000000e+00 0.000000e+00 0.000000e+00 0.000000e+00 0.000000e+00 0.000000e+00 0.000000e+00 0.000000e+00 0.000000e+00 0.000000e+00 0.000000e+00 0.000000e+00 0.000000e+00 0.000000e+00 0.000000e+00 0.000000e+00 0.000000e+00 0.000000e+00 0.000000e+00 0.000000e+00 0.000000e+00 0.000000e+00 0.000000e+00 0.000000e+00 0.000000e+00
 0.000000e+00 6.346774e-01 3.653226e-01 0.000000e+00 0.000000e+00 0.000000e+00 0.000000e+00 0.000000e+00 0.000000e+00 0.000000e+00 0.000000e+00 0.000000e+00 0.000000e+00 0.000000e+00 0.000000e+00 0.000000e+00 0.000000e+00 0.000000e+00 0.000000e+00 0.000000e+00 0.000000e+00 0.000000e+00 0.000000e+00 0.000000e+00 0.000000e+00 0.000000e+00 0.000000e+00 0.000000e+00 0.000000e+00 0.000000e+00 0.000000e+00 0.000000e+00 0.000000e+00 0.000000e+00 0.000000e+00 0.000000e+00 0.000000e+00
 0.000000e+00 0.000000e+00 2.921875e-01 7.078125e-01 0.000000e+00 0.000000e+00 0.000000e+00 0.000000e+00 0.000000e+00 0.000000e+00 0.000000e+00 0.000000e+00 0.000000e+00 0.000000e+00 0.000000e+00 0.000000e+00 0.000000e+00 0.000000e+00 0.000000e+00 0.000000e+00 0.000000e+00 0.000000e+00 0.000000e+00 0.000000e+00 0.000000e+00 0.000000e+00 0.000000e+00 0.000000e+00 0.000000e+00 0.000000e+00 0.000000e+00 0.000000e+00 0.000000e+00 0.000000e+00 0.000000e+00 0.000000e+00 0.000000e+00
 0.000000e+00 0.000000e+00 0.000000e+00 5.900453e-01 4.099548e-01 0.000000e+00 0.000000e+00 0.000000e+00 0.000000e+00 0.000000e+00 0.000000e+00 0.000000e+00 0.000000e+00 0.000000e+00 0.000000e+00 0.000000e+00 0.000000e+00 0.000000e+00 0.000000e+00 0.000000e+00 0.000000e+00 0.000000e+00 0.000000e+00 0.000000e+00 0.000000e+00 0.000000e+00 0.000000e+00 0.000000e+00 0.000000e+00 0.000000e+00 0.000000e+00 0.000000e+00 0.000000e+00 0.000000e+00 0.000000e+00 0.000000e+00 0.000000e+00
 0.000000e+00 0.000000e+00 0.000000e+00 0.000000e+00 5.256544e-01 4.743455e-01 0.000000e+00 0.000000e+00 0.000000e+00 0.000000e+00 0.000000e+00 0.000000e+00 0.000000e+00 0.000000e+00 0.000000e+00 0.000000e+00 0.000000e+00 0.000000e+00 0.000000e+00 0.000000e+00 0.000000e+00 0.000000e+00 0.000000e+00 0.000000e+00 0.000000e+00 0.000000e+00 0.000000e+00 0.000000e+00 0.000000e+00 0.000000e+00 0.000000e+00 0.000000e+00 0.000000e+00 0.000000e+00 0.000000e+00 0.000000e+00 0.000000e+00
 0.000000e+00 0.000000e+00 0.000000e+00 0.000000e+00 0.000000e+00 4.294710e-01 5.705290e-01 0.000000e+00 0.000000e+00 0.000000e+00 0.000000e+00 0.000000e+00 0.000000e+00 0.000000e+00 0.000000e+00 0.000000e+00 0.000000e+00 0.000000e+00 0.000000e+00 0.000000e+00 0.000000e+00 0.000000e+00 0.000000e+00 0.000000e+00 0.000000e+00 0.000000e+00 0.000000e+00 0.000000e+00 0.000000e+00 0.000000e+00 0.000000e+00 0.000000e+00 0.000000e+00 0.000000e+00 0.000000e+00 0.000000e+00 0.000000e+00
 0.000000e+00 0.000000e+00 0.000000e+00 0.000000e+00 0.000000e+00 0.000000e+00 3.338235e-01 6.661765e-01 0.000000e+00 0.000000e+00 0.000000e+00 0.000000e+00 0.000000e+00 0.000000e+00 0.000000e+00 0.000000e+00 0.000000e+00 0.000000e+00 0.000000e+00 0.000000e+00 0.000000e+00 0.000000e+00 0.000000e+00 0.000000e+00 0.000000e+00 0.000000e+00 0.000000e+00 0.000000e+00 0.000000e+00 0.000000e+00 0.000000e+00 0.000000e+00 0.000000e+00 0.000000e+00 0.000000e+00 0.000000e+00 0.000000e+00
 0.000000e+00 0.000000e+00 0.000000e+00 0.000000e+00 0.000000e+00 0.000000e+00 0.000000e+00 3.406114e-01 6.593887e-01 0.000000e+00 0.000000e+00 0.000000e+00 0.000000e+00 0.000000e+00 0.000000e+00 0.000000e+00 0.000000e+00 0.000000e+00 0.000000e+00 0.000000e+00 0.000000e+00 0.000000e+00 0.000000e+00 0.000000e+00 0.000000e+00 0.000000e+00 0.000000e+00 0.000000e+00 0.000000e+00 0.000000e+00 0.000000e+00 0.000000e+00 0.000000e+00 0.000000e+00 0.000000e+00 0.000000e+00 0.000000e+00
 0.000000e+00 0.000000e+00 0.000000e+00 0.000000e+00 0.000000e+00 0.000000e+00 0.000000e+00 0.000000e+00 2.877358e-01 7.122642e-01 0.000000e+00 0.000000e+00 0.000000e+00 0.000000e+00 0.000000e+00 0.000000e+00 0.000000e+00 0.000000e+00 0.000000e+00 0.000000e+00 0.000000e+00 0.000000e+00 0.000000e+00 0.000000e+00 0.000000e+00 0.000000e+00 0.000000e+00 0.000000e+00 0.000000e+00 0.000000e+00 0.000000e+00 0.000000e+00 0.000000e+00 0.000000e+00 0.000000e+00 0.000000e+00 0.000000e+00
 0.000000e+00 0.000000e+00 0.000000e+00 0.000000e+00 0.000000e+00 0.000000e+00 0.000000e+00 0.000000e+00 0.000000e+00 4.482339e-01 5.517662e-01 0.000000e+00 0.000000e+00 0.000000e+00 0.000000e+00 0.000000e+00 0.000000e+00 0.000000e+00 0.000000e+00 0.000000e+00 0.000000e+00 0.000000e+00 0.000000e+00 0.000000e+00 0.000000e+00 0.000000e+00 0.000000e+00 0.000000e+00 0.000000e+00 0.000000e+00 0.000000e+00 0.000000e+00 0.000000e+00 0.000000e+00 0.000000e+00 0.000000e+00 0.000000e+00
 0.000000e+00 0.000000e+00 0.000000e+00 0.000000e+00 0.000000e+00 0.000000e+00 0.000000e+00 0.000000e+00 0.000000e+00 0.000000e+00 5.625000e-02 9.437500e-01 0.000000e+00 0.000000e+00 0.000000e+00 0.000000e+00 0.000000e+00 0.000000e+00 0.000000e+00 0.000000e+00 0.000000e+00 0.000000e+00 0.000000e+00 0.000000e+00 0.000000e+00 0.000000e+00 0.000000e+00 0.000000e+00 0.000000e+00 0.000000e+00 0.000000e+00 0.000000e+00 0.000000e+00 0.000000e+00 0.000000e+00 0.000000e+00 0.000000e+00
 0.000000e+00 0.000000e+00 0.000000e+00 0.000000e+00 0.000000e+00 0.000000e+00 0.000000e+00 0.000000e+00 0.000000e+00 0.000000e+00 0.000000e+00 4.116883e-01 5.883117e-01 0.000000e+00 0.000000e+00 0.000000e+00 0.000000e+00 0.000000e+00 0.000000e+00 0.000000e+00 0.000000e+00 0.000000e+00 0.000000e+00 0.000000e+00 0.000000e+00 0.000000e+00 0.000000e+00 0.000000e+00 0.000000e+00 0.000000e+00 0.000000e+00 0.000000e+00 0.000000e+00 0.000000e+00 0.000000e+00 0.000000e+00 0.000000e+00
 0.000000e+00 0.000000e+00 0.000000e+00 0.000000e+00 0.000000e+00 0.000000e+00 0.000000e+00 0.000000e+00 0.000000e+00 0.000000e+00 0.000000e+00 0.000000e+00 4.280303e-01 5.719697e-01 0.000000e+00 0.000000e+00 0.000000e+00 0.000000e+00 0.000000e+00 0.000000e+00 0.000000e+00 0.000000e+00 0.000000e+00 0.000000e+00 0.000000e+00 0.000000e+00 0.000000e+00 0.000000e+00 0.000000e+00 0.000000e+00 0.000000e+00 0.000000e+00 0.000000e+00 0.000000e+00 0.000000e+00 0.000000e+00 0.000000e+00
 0.000000e+00 0.000000e+00 0.000000e+00 0.000000e+00 0.000000e+00 0.000000e+00 0.000000e+00 0.000000e+00 0.000000e+00 0.000000e+00 0.000000e+00 0.000000e+00 0.000000e+00 7.551020e-02 9.244898e-01 0.000000e+00 0.000000e+00 0.000000e+00 0.000000e+00 0.000000e+00 0.000000e+00 0.000000e+00 0.000000e+00 0.000000e+00 0.000000e+00 0.000000e+00 0.000000e+00 0.000000e+00 0.000000e+00 0.000000e+00 0.000000e+00 0.000000e+00 0.000000e+00 0.000000e+00 0.000000e+00 0.000000e+00 0.000000e+00
 0.000000e+00 0.000000e+00 0.000000e+00 0.000000e+00 0.000000e+00 0.000000e+00 0.000000e+00 0.000000e+00 0.000000e+00 0.000000e+00 0.000000e+00 0.000000e+00 0.000000e+00 0.000000e+00 1.881720e-01 8.118280e-01 0.000000e+00 0.000000e+00 0.000000e+00 0.000000e+00 0.000000e+00 0.000000e+00 0.000000e+00 0.000000e+00 0.000000e+00 0.000000e+00 0.000000e+00 0.000000e+00 0.000000e+00 0.000000e+00 0.000000e+00 0.000000e+00 0.000000e+00 0.000000e+00 0.000000e+00 0.000000e+00 0.000000e+00
 0.000000e+00 0.000000e+00 0.000000e+00 0.000000e+00 0.000000e+00 0.000000e+00 0.000000e+00 0.000000e+00 0.000000e+00 0.000000e+00 0.000000e+00 0.000000e+00 0.000000e+00 0.000000e+00 0.000000e+00 3.903095e-01 6.096904e-01 0.000000e+00 0.000000e+00 0.000000e+00 0.000000e+00 0.000000e+00 0.000000e+00 0.000000e+00 0.000000e+00 0.000000e+00 0.000000e+00 0.000000e+00 0.000000e+00 0.000000e+00 0.000000e+00 0.000000e+00 0.000000e+00 0.000000e+00 0.000000e+00 0.000000e+00 0.000000e+00
 0.000000e+00 0.000000e+00 0.000000e+00 0.000000e+00 0.000000e+00 0.000000e+00 0.000000e+00 0.000000e+00 0.000000e+00 0.000000e+00 0.000000e+00 0.000000e+00 0.000000e+00 0.000000e+00 0.000000e+00 0.000000e+00 4.251269e-01 5.748731e-01 0.000000e+00 0.000000e+00 0.000000e+00 0.000000e+00 0.000000e+00 0.000000e+00 0.000000e+00 0.000000e+00 0.000000e+00 0.000000e+00 0.000000e+00 0.000000e+00 0.000000e+00 0.000000e+00 0.000000e+00 0.000000e+00 0.000000e+00 0.000000e+00 0.000000e+00
 0.000000e+00 0.000000e+00 0.000000e+00 0.000000e+00 0.000000e+00 0.000000e+00 0.000000e+00 0.000000e+00 0.000000e+00 0.000000e+00 0.000000e+00 0.000000e+00 0.000000e+00 0.000000e+00 0.000000e+00 0.000000e+00 0.000000e+00 5.532544e-01 4.467456e-01 0.000000e+00 0.000000e+00 0.000000e+00 0.000000e+00 0.000000e+00 0.000000e+00 0.000000e+00 0.000000e+00 0.000000e+00 0.000000e+00 0.000000e+00 0.000000e+00 0.000000e+00 0.000000e+00 0.000000e+00 0.000000e+00 0.000000e+00 0.000000e+00
 0.000000e+00 0.000000e+00 0.000000e+00 0.000000e+00 0.000000e+00 0.000000e+00 0.000000e+00 0.000000e+00 0.000000e+00 0.000000e+00 0.000000e+00 0.000000e+00 0.000000e+00 0.000000e+00 0.000000e+00 0.000000e+00 0.000000e+00 0.000000e+00 5.746479e-01 4.253521e-01 0.000000e+00 0.000000e+00 0.000000e+00 0.000000e+00 0.000000e+00 0.000000e+00 0.000000e+00 0.000000e+00 0.000000e+00 0.000000e+00 0.000000e+00 0.000000e+00 0.000000e+00 0.000000e+00 0.000000e+00 0.000000e+00 0.000000e+00
 0.000000e+00 0.000000e+00 0.000000e+00 0.000000e+00 0.000000e+00 0.000000e+00 0.000000e+00 0.000000e+00 0.000000e+00 0.000000e+00 0.000000e+00 0.000000e+00 0.000000e+00 0.000000e+00 0.000000e+00 0.000000e+00 0.000000e+00 0.000000e+00 0.000000e+00 2.888540e-01 7.111460e-01 0.000000e+00 0.000000e+00 0.000000e+00 0.000000e+00 0.000000e+00 0.000000e+00 0.000000e+00 0.000000e+00 0.000000e+00 0.000000e+00 0.000000e+00 0.000000e+00 0.000000e+00 0.000000e+00 0.000000e+00 0.000000e+00
 0.000000e+00 0.000000e+00 0.000000e+00 0.000000e+00 0.000000e+00 0.000000e+00 0.000000e+00 0.000000e+00 0.000000e+00 0.000000e+00 0.000000e+00 0.000000e+00 0.000000e+00 0.000000e+00 0.000000e+00 0.000000e+00 0.000000e+00 0.000000e+00 0.000000e+00 0.000000e+00 8.484848e-02 9.151515e-01 0.000000e+00 0.000000e+00 0.000000e+00 0.000000e+00 0.000000e+00 0.000000e+00 0.000000e+00 0.000000e+00 0.000000e+00 0.000000e+00 0.000000e+00 0.000000e+00 0.000000e+00 0.000000e+00 0.000000e+00
 0.000000e+00 0.000000e+00 0.000000e+00 0.000000e+00 0.000000e+00 0.000000e+00 0.000000e+00 0.000000e+00 0.000000e+00 0.000000e+00 0.000000e+00 0.000000e+00 0.000000e+00 0.000000e+00 0.000000e+00 0.000000e+00 0.000000e+00 0.000000e+00 0.000000e+00 0.000000e+00 0.000000e+00 4.132124e-01 5.867876e-01 0.000000e+00 0.000000e+00 0.000000e+00 0.000000e+00 0.000000e+00 0.000000e+00 0.000000e+00 0.000000e+00 0.000000e+00 0.000000e+00 0.000000e+00 0.000000e+00 0.000000e+00 0.000000e+00
 0.000000e+00 0.000000e+00 0.000000e+00 0.000000e+00 0.000000e+00 0.000000e+00 0.000000e+00 0.000000e+00 0.000000e+00 0.000000e+00 0.000000e+00 0.000000e+00 0.000000e+00 0.000000e+00 0.000000e+00 0.000000e+00 0.000000e+00 0.000000e+00 0.000000e+00 0.000000e+00 0.000000e+00 0.000000e+00 3.574468e-01 6.425532e-01 0.000000e+00 0.000000e+00 0.000000e+00 0.000000e+00 0.000000e+00 0.000000e+00 0.000000e+00 0.000000e+00 0.000000e+00 0.000000e+00 0.000000e+00 0.000000e+00 0.000000e+00
 0.000000e+00 0.000000e+00 0.000000e+00 0.000000e+00 0.000000e+00 0.000000e+00 0.000000e+00 0.000000e+00 0.000000e+00 0.000000e+00 0.000000e+00 0.000000e+00 0.000000e+00 0.000000e+00 0.000000e+00 0.000000e+00 0.000000e+00 0.000000e+00 0.000000e+00 0.000000e+00 0.000000e+00 0.000000e+00 0.000000e+00 8.752735e-03 9.912472e-01 0.000000e+00 0.000000e+00 0.000000e+00 0.000000e+00 0.000000e+00 0.000000e+00 0.000000e+00 0.000000e+00 0.000000e+00 0.000000e+00 0.000000e+00 0.000000e+00
 0.000000e+00 0.000000e+00 0.000000e+00 0.000000e+00 0.000000e+00 0.000000e+00 0.000000e+00 0.000000e+00 0.000000e+00 0.000000e+00 0.000000e+00 0.000000e+00 0.000000e+00 0.000000e+00 0.000000e+00 0.000000e+00 0.000000e+00 0.000000e+00 0.000000e+00 0.000000e+00 0.000000e+00 0.000000e+00 0.000000e+00 0.000000e+00 3.136363e-01 6.863636e-01 0.000000e+00 0.000000e+00 0.000000e+00 0.000000e+00 0.000000e+00 0.000000e+00 0.000000e+00 0.000000e+00 0.000000e+00 0.000000e+00 0.000000e+00
 0.000000e+00 0.000000e+00 0.000000e+00 0.000000e+00 0.000000e+00 0.000000e+00 0.000000e+00 0.000000e+00 0.000000e+00 0.000000e+00 0.000000e+00 0.000000e+00 0.000000e+00 0.000000e+00 0.000000e+00 0.000000e+00 0.000000e+00 0.000000e+00 0.000000e+00 0.000000e+00 0.000000e+00 0.000000e+00 0.000000e+00 0.000000e+00 0.000000e+00 5.031447e-02 9.496855e-01 0.000000e+00 0.000000e+00 0.000000e+00 0.000000e+00 0.000000e+00 0.000000e+00 0.000000e+00 0.000000e+00 0.000000e+00 0.000000e+00
 0.000000e+00 0.000000e+00 0.000000e+00 0.000000e+00 0.000000e+00 0.000000e+00 0.000000e+00 0.000000e+00 0.000000e+00 0.000000e+00 0.000000e+00 0.000000e+00 0.000000e+00 0.000000e+00 0.000000e+00 0.000000e+00 0.000000e+00 0.000000e+00 0.000000e+00 0.000000e+00 0.000000e+00 0.000000e+00 0.000000e+00 0.000000e+00 0.000000e+00 0.000000e+00 5.231579e-01 4.768421e-01 0.000000e+00 0.000000e+00 0.000000e+00 0.000000e+00 0.000000e+00 0.000000e+00 0.000000e+00 0.000000e+00 0.000000e+00
 0.000000e+00 0.000000e+00 0.000000e+00 0.000000e+00 0.000000e+00 0.000000e+00 0.000000e+00 0.000000e+00 0.000000e+00 0.000000e+00 0.000000e+00 0.000000e+00 0.000000e+00 0.000000e+00 0.000000e+00 0.000000e+00 0.000000e+00 0.000000e+00 0.000000e+00 0.000000e+00 0.000000e+00 0.000000e+00 0.000000e+00 0.000000e+00 0.000000e+00 0.000000e+00 0.000000e+00 3.278932e-01 6.721069e-01 0.000000e+00 0.000000e+00 0.000000e+00 0.000000e+00 0.000000e+00 0.000000e+00 0.000000e+00 0.000000e+00
 0.000000e+00 0.000000e+00 0.000000e+00 0.000000e+00 0.000000e+00 0.000000e+00 0.000000e+00 0.000000e+00 0.000000e+00 0.000000e+00 0.000000e+00 0.000000e+00 0.000000e+00 0.000000e+00 0.000000e+00 0.000000e+00 0.000000e+00 0.000000e+00 0.000000e+00 0.000000e+00 0.000000e+00 0.000000e+00 0.000000e+00 0.000000e+00 0.000000e+00 0.000000e+00 0.000000e+00 0.000000e+00 3.565341e-01 6.434659e-01 0.000000e+00 0.000000e+00 0.000000e+00 0.000000e+00 0.000000e+00 0.000000e+00 0.000000e+00
 0.000000e+00 0.000000e+00 0.000000e+00 0.000000e+00 0.000000e+00 0.000000e+00 0.000000e+00 0.000000e+00 0.000000e+00 0.000000e+00 0.000000e+00 0.000000e+00 0.000000e+00 0.000000e+00 0.000000e+00 0.000000e+00 0.000000e+00 0.000000e+00 0.000000e+00 0.000000e+00 0.000000e+00 0.000000e+00 0.000000e+00 0.000000e+00 0.000000e+00 0.000000e+00 0.000000e+00 0.000000e+00 0.000000e+00 4.379653e-01 5.620347e-01 0.000000e+00 0.000000e+00 0.000000e+00 0.000000e+00 0.000000e+00 0.000000e+00
 0.000000e+00 0.000000e+00 0.000000e+00 0.000000e+00 0.000000e+00 0.000000e+00 0.000000e+00 0.000000e+00 0.000000e+00 0.000000e+00 0.000000e+00 0.000000e+00 0.000000e+00 0.000000e+00 0.000000e+00 0.000000e+00 0.000000e+00 0.000000e+00 0.000000e+00 0.000000e+00 0.000000e+00 0.000000e+00 0.000000e+00 0.000000e+00 0.000000e+00 0.000000e+00 0.000000e+00 0.000000e+00 0.000000e+00 0.000000e+00 4.542169e-01 5.457832e-01 0.000000e+00 0.000000e+00 0.000000e+00 0.000000e+00 0.000000e+00
 0.000000e+00 0.000000e+00 0.000000e+00 0.000000e+00 0.000000e+00 0.000000e+00 0.000000e+00 0.000000e+00 0.000000e+00 0.000000e+00 0.000000e+00 0.000000e+00 0.000000e+00 0.000000e+00 0.000000e+00 0.000000e+00 0.000000e+00 0.000000e+00 0.000000e+00 0.000000e+00 0.000000e+00 0.000000e+00 0.000000e+00 0.000000e+00 0.000000e+00 0.000000e+00 0.000000e+00 0.000000e+00 0.000000e+00 0.000000e+00 0.000000e+00 4.139715e-01 5.860285e-01 0.000000e+00 0.000000e+00 0.000000e+00 0.000000e+00
 0.000000e+00 0.000000e+00 0.000000e+00 0.000000e+00 0.000000e+00 0.000000e+00 0.000000e+00 0.000000e+00 0.000000e+00 0.000000e+00 0.000000e+00 0.000000e+00 0.000000e+00 0.000000e+00 0.000000e+00 0.000000e+00 0.000000e+00 0.000000e+00 0.000000e+00 0.000000e+00 0.000000e+00 0.000000e+00 0.000000e+00 0.000000e+00 0.000000e+00 0.000000e+00 0.000000e+00 0.000000e+00 0.000000e+00 0.000000e+00 0.000000e+00 0.000000e+00 4.047306e-01 5.952694e-01 0.000000e+00 0.000000e+00 0.000000e+00
 0.000000e+00 0.000000e+00 0.000000e+00 0.000000e+00 0.000000e+00 0.000000e+00 0.000000e+00 0.000000e+00 0.000000e+00 0.000000e+00 0.000000e+00 0.000000e+00 0.000000e+00 0.000000e+00 0.000000e+00 0.000000e+00 0.000000e+00 0.000000e+00 0.000000e+00 0.000000e+00 0.000000e+00 0.000000e+00 0.000000e+00 0.000000e+00 0.000000e+00 0.000000e+00 0.000000e+00 0.000000e+00 0.000000e+00 0.000000e+00 0.000000e+00 0.000000e+00 0.000000e+00 4.509091e-01 5.490909e-01 0.000000e+00 0.000000e+00
 0.000000e+00 0.000000e+00 0.000000e+00 0.000000e+00 0.000000e+00 0.000000e+00 0.000000e+00 0.000000e+00 0.000000e+00 0.000000e+00 0.000000e+00 0.000000e+00 0.000000e+00 0.000000e+00 0.000000e+00 0.000000e+00 0.000000e+00 0.000000e+00 0.000000e+00 0.000000e+00 0.000000e+00 0.000000e+00 0.000000e+00 0.000000e+00 0.000000e+00 0.000000e+00 0.000000e+00 0.000000e+00 0.000000e+00 0.000000e+00 0.000000e+00 0.000000e+00 0.000000e+00 0.000000e+00 6.262376e-01 3.737624e-01 0.000000e+00
 0.000000e+00 0.000000e+00 0.000000e+00 0.000000e+00 0.000000e+00 0.000000e+00 0.000000e+00 0.000000e+00 0.000000e+00 0.000000e+00 0.000000e+00 0.000000e+00 0.000000e+00 0.000000e+00 0.000000e+00 0.000000e+00 0.000000e+00 0.000000e+00 0.000000e+00 0.000000e+00 0.000000e+00 0.000000e+00 0.000000e+00 0.000000e+00 0.000000e+00 0.000000e+00 0.000000e+00 0.000000e+00 0.000000e+00 0.000000e+00 0.000000e+00 0.000000e+00 0.000000e+00 0.000000e+00 0.000000e+00 5.038335e-01 4.961665e-01
 0.000000e+00 0.000000e+00 0.000000e+00 0.000000e+00 0.000000e+00 0.000000e+00 0.000000e+00 0.000000e+00 0.000000e+00 0.000000e+00 0.000000e+00 0.000000e+00 0.000000e+00 0.000000e+00 0.000000e+00 0.000000e+00 0.000000e+00 0.000000e+00 0.000000e+00 0.000000e+00 0.000000e+00 0.000000e+00 0.000000e+00 0.000000e+00 0.000000e+00 0.000000e+00 0.000000e+00 0.000000e+00 0.000000e+00 0.000000e+00 0.000000e+00 0.000000e+00 0.000000e+00 0.000000e+00 0.000000e+00 0.000000e+00 0.000000e+00
<ENDHMM>
