~o
<STREAMINFO> 1 39
<VECSIZE> 39<NULLD><MFCC_E_D_A><DIAGC>
~h "Tam"
<BEGINHMM>
<NUMSTATES> 37
<STATE> 2
<MEAN> 39
 -6.879151e+00 -8.032518e+00 5.402642e-01 -6.752548e-01 1.682676e+00 -4.036498e+00 3.162604e+00 3.588983e-01 5.463779e-01 -4.007031e+00 1.306100e+00 -2.067964e+00 -7.670906e-02 -2.028552e-01 1.820509e-01 -8.923197e-01 -6.700405e-01 -7.164358e-01 -2.372140e-02 4.485594e-03 1.933833e-01 6.656151e-01 5.211005e-01 6.834506e-01 1.036260e-01 3.740212e-02 -1.448486e-01 -4.460723e-01 -1.589877e+00 -5.554929e-01 -3.253203e-01 -7.603088e-01 3.375714e-01 3.984110e-02 1.771278e-02 -1.793339e-01 -4.812455e-01 4.776866e-02 5.146031e-02
<VARIANCE> 39
 4.878637e+00 2.746096e+00 6.006404e+00 2.274228e+01 4.740928e+00 8.577319e+00 6.358757e+00 1.563428e+01 5.779256e+00 1.315001e+01 1.041878e+01 6.532500e+00 1.000000e-02 5.513853e-01 2.824280e-01 1.312465e+00 4.189873e-01 5.306900e-01 9.665836e-01 1.477823e+00 1.537639e+00 3.832577e-01 1.008408e+00 6.399376e-01 1.133380e+00 1.000000e-02 2.101156e-01 1.842169e-01 1.321888e-01 3.124373e-01 2.655112e-01 1.083558e-01 2.645692e-01 2.219748e-01 1.290415e-01 4.766567e-01 1.951790e-01 5.881343e-02 1.000000e-02
<GCONST> 5.857560e+01
<STATE> 3
<MEAN> 39
 -6.893777e+00 -7.010807e+00 -4.417907e+00 -2.700879e+00 -7.014214e-01 -4.432835e+00 3.328962e+00 3.529690e-01 1.025998e+00 -2.425669e+00 2.338871e+00 -2.414209e+00 7.481661e-02 -6.398225e-01 -1.641458e+00 -5.577797e+00 -2.152909e+00 -5.992028e-01 -2.313431e+00 1.897134e+00 7.907179e-01 5.122943e-01 -1.501186e+00 -2.157594e+00 3.116283e-01 2.188091e-01 -2.196720e-01 -1.101858e+00 -1.020087e+00 1.116323e-01 3.542222e-01 3.409216e-02 5.106121e-01 -2.973619e-01 -2.159101e-01 -1.043818e+00 -5.824533e-01 1.114512e-01 4.613884e-02
<VARIANCE> 39
 1.180435e+01 4.878760e+00 1.749104e+01 8.801424e+00 1.031200e+01 1.141353e+01 1.537133e+01 1.413271e+01 1.174951e+01 6.968063e+00 6.707754e+00 7.321714e+00 4.939988e-02 2.217755e+00 1.965355e+00 1.227270e+00 1.363987e+00 2.883309e+00 1.046289e+00 2.551914e+00 1.028538e+00 2.197271e+00 3.630920e+00 9.587289e-01 3.483880e-01 1.000000e-02 1.920070e-01 1.477816e-01 4.874332e-01 3.271888e-01 2.770851e-01 3.463911e-01 3.471602e-01 2.903562e-01 1.231306e-01 2.544684e-01 2.256463e-01 1.828634e-01 1.000000e-02
<GCONST> 7.534686e+01
<STATE> 4
<MEAN> 39
 -1.086936e+01 -1.190884e+01 -1.945889e+01 -9.070869e+00 -3.655886e-01 -1.482582e+01 9.723440e+00 4.722706e+00 1.970980e+00 -7.589724e+00 -7.039087e+00 2.091854e-01 7.020386e-01 -6.928019e-01 -4.072215e+00 -5.232482e+00 -6.133724e-01 -4.063070e-03 -5.312574e-01 2.839584e+00 -6.909906e-01 2.115123e-01 -3.503445e+00 -1.643965e+00 7.828211e-01 2.423194e-01 3.615696e-01 -6.230561e-01 1.241647e+00 1.232210e+00 5.117109e-01 1.385904e+00 -6.324264e-01 -1.178758e+00 -4.758468e-02 -2.894691e-01 9.612486e-01 -1.043220e-01 -3.857694e-02
<VARIANCE> 39
 5.529768e+01 1.426990e+01 9.618381e+00 9.596165e+00 5.009648e+01 2.827225e+01 3.617416e+01 1.178723e+01 2.725662e+01 1.986317e+01 5.012488e+00 2.710586e+00 1.000000e-02 1.237583e+00 9.418490e-01 2.189666e+00 2.408966e+00 2.267390e+00 1.386350e+00 1.607714e+00 9.052737e-01 3.673899e-01 5.222816e-01 1.214917e+00 1.166946e+00 1.000000e-02 8.882450e-01 3.540311e-01 5.174958e-02 2.794756e-01 5.933964e-01 1.446153e-01 5.430018e-01 3.778845e-01 8.223696e-01 5.675470e-01 4.622400e-02 8.009215e-02 1.000000e-02
<GCONST> 7.751378e+01
<STATE> 5
<MEAN> 39
 -9.648230e+00 -2.052697e+01 -2.267823e+01 -6.239556e+00 6.238809e-01 -6.951564e+00 1.129329e+01 -1.481497e+00 5.926796e-01 -1.465981e+01 -4.772215e+00 -7.852635e-01 8.492478e-01 -5.004987e-01 -3.152270e+00 -1.880229e+00 1.581351e+00 1.342058e+00 2.075884e+00 -4.639181e-01 -2.513734e+00 -3.602379e-01 -2.005927e+00 8.888339e-01 8.865328e-03 1.006950e-01 2.410494e-01 7.193336e-01 1.821573e+00 8.060830e-01 3.387558e-01 5.614973e-01 -1.165030e+00 -3.840019e-01 8.957726e-02 1.266232e+00 1.004220e+00 -2.732401e-01 -5.924599e-02
<VARIANCE> 39
 1.931270e+01 4.573743e+00 1.880927e+01 2.354879e+01 3.668483e+01 3.066901e+01 2.331862e+01 1.234319e+01 6.948492e+00 5.212279e+00 4.762835e+00 1.330863e+01 1.000000e-02 2.483562e+00 1.592953e+00 3.594499e+00 1.573612e+00 1.567441e+00 1.462468e+00 1.459319e+00 2.056128e+00 3.557657e+00 2.849038e+00 2.033832e+00 2.128438e+00 1.000000e-02 1.177552e-01 1.066105e-01 1.184132e-01 3.290490e-01 4.874654e-01 3.225085e-01 1.986979e-01 1.201677e-01 3.923257e-01 1.291522e-01 1.691961e-01 1.358366e-01 1.000000e-02
<GCONST> 7.771756e+01
<STATE> 6
<MEAN> 39
 -9.890496e+00 -2.284114e+01 -2.353110e+01 -2.086771e+00 2.638852e+00 -4.287435e+00 6.690294e+00 -6.955059e+00 2.031678e+00 -1.471402e+01 -9.880947e-01 -1.197885e+00 9.317931e-01 4.189331e-01 -1.321662e+00 7.066336e-01 1.823195e+00 1.427370e+00 1.089399e+00 -1.626072e+00 -1.925542e+00 5.764312e-01 6.547055e-01 1.641150e+00 -3.357117e-01 3.178520e-02 1.937368e-01 6.824751e-01 8.652295e-01 -2.921233e-01 -2.431195e-01 -4.390500e-01 -3.180270e-01 5.347937e-01 1.575544e-01 8.307870e-01 -1.330981e-01 -2.188974e-01 -2.757180e-02
<VARIANCE> 39
 1.747169e+01 3.062689e+00 3.183022e+01 3.891296e+00 1.467909e+01 1.522778e+01 1.674636e+01 2.296150e+01 2.151936e+01 9.647463e+00 3.483736e+00 3.505686e+01 1.000000e-02 7.602100e-01 1.440449e+00 3.399826e-01 1.259459e+00 1.234808e+00 6.816424e-01 9.102582e-01 1.331321e+00 2.081949e+00 1.591478e+00 1.336431e-01 9.094825e-01 1.000000e-02 1.590537e-01 6.798527e-02 2.110935e-01 1.924796e-01 3.208945e-01 9.863437e-02 3.307265e-01 2.598243e-01 6.248488e-01 4.862799e-01 1.051231e-01 2.274403e-01 1.000000e-02
<GCONST> 6.795385e+01
<STATE> 7
<MEAN> 39
 -8.416487e+00 -2.402574e+01 -2.049839e+01 2.424360e-01 5.528723e+00 -4.726702e+00 7.025253e+00 -7.180802e+00 2.623387e+00 -1.083384e+01 -2.203763e-01 -1.775251e+00 9.573658e-01 2.035151e-01 -1.167258e+00 7.947641e-01 4.982318e-01 4.795215e-01 -9.756145e-02 -1.599500e+00 -8.101767e-01 2.612118e-01 1.442977e+00 -1.716346e-01 -7.474732e-01 1.621214e-02 -1.616372e-01 3.066031e-01 2.980876e-02 -5.432578e-01 -3.945673e-01 -3.619705e-01 4.148219e-02 6.795951e-01 -1.127902e-01 6.576626e-02 -4.509848e-01 5.452720e-02 -9.379216e-03
<VARIANCE> 39
 1.541742e+01 5.319891e+00 2.130860e+01 3.908768e+00 1.385431e+01 2.156672e+01 2.427563e+01 2.236619e+01 1.565804e+01 4.849618e+00 2.650270e+00 2.195173e+01 1.000000e-02 9.495994e-02 3.062199e-01 2.943784e-01 4.649207e-01 6.616699e-01 3.771443e-01 2.291986e-01 5.066209e-01 1.119404e+00 6.866830e-01 5.145428e-01 7.401168e-02 1.000000e-02 9.988707e-02 1.731052e-01 3.597280e-02 6.132843e-02 1.393698e-01 2.071347e-01 1.793472e-01 1.682185e-01 4.650491e-01 3.036584e-01 7.537211e-02 9.467907e-02 1.000000e-02
<GCONST> 5.036218e+01
<STATE> 8
<MEAN> 39
 -9.544096e+00 -2.565599e+01 -1.876122e+01 -5.832133e-01 4.662800e+00 -3.424573e+00 1.993108e+00 -7.466034e+00 2.295649e+00 -1.009497e+01 -1.130768e+00 -3.481319e+00 9.754307e-01 9.669377e-03 -4.998594e-01 7.839363e-01 1.306308e-01 -1.480363e-01 6.726834e-01 -7.079195e-01 2.772449e-01 4.316544e-01 1.668216e-01 2.051341e-01 -6.396208e-02 5.495952e-03 -1.992716e-02 1.210927e-01 -1.011535e-01 -1.669055e-01 -1.363969e-01 2.039439e-01 4.216149e-01 3.812828e-01 1.147462e-01 -4.914639e-01 6.420160e-03 2.193260e-01 -3.642988e-03
<VARIANCE> 39
 1.636842e+01 2.882677e+00 2.091878e+01 4.987998e+00 6.569789e+00 3.721412e+01 2.301777e+01 1.761801e+01 2.910898e+00 9.034805e+00 7.092511e+00 1.918032e+01 1.000000e-02 8.815287e-02 9.492914e-02 1.909999e-01 1.659775e-01 4.009438e-01 3.118095e-01 7.446287e-01 4.091297e-01 1.063504e+00 3.194916e-01 8.672574e-01 2.585692e-01 1.000000e-02 2.518703e-02 4.912989e-02 4.119059e-02 9.029789e-02 1.097968e-01 8.004930e-02 1.253596e-01 2.836019e-02 1.931525e-01 8.203836e-02 3.545230e-02 4.853201e-02 1.000000e-02
<GCONST> 3.880083e+01
<STATE> 9
<MEAN> 39
 -8.113033e+00 -2.635375e+01 -1.865016e+01 3.532807e-03 4.495338e+00 -2.949573e+00 2.879344e+00 -6.871503e+00 4.830015e+00 -1.031720e+01 1.391809e+00 -2.752501e+00 9.760579e-01 6.568336e-02 -5.644761e-01 4.159195e-01 1.147482e-02 -1.610645e-01 7.988800e-01 -1.890230e-01 7.827858e-01 8.643569e-01 -6.228932e-01 3.108023e-01 2.418836e-01 3.880751e-03 -4.187416e-02 1.559405e-01 -1.280337e-01 -3.990082e-02 1.374348e-01 9.031376e-04 1.486088e-01 1.923152e-01 -2.819057e-02 -2.519754e-01 -1.549191e-01 5.791411e-02 -1.234608e-03
<VARIANCE> 39
 1.548069e+01 1.420509e+00 2.010696e+01 3.845349e+00 8.932900e+00 1.988768e+01 1.059439e+01 1.047627e+01 4.885365e+00 6.376276e+00 2.112686e+01 1.290078e+01 1.000000e-02 1.547212e-01 3.093649e-02 1.861585e-01 3.904927e-01 3.621648e-01 3.237869e-01 7.766667e-01 8.861244e-02 4.017954e-01 1.733356e-01 3.443419e-01 3.601264e-01 1.000000e-02 1.443023e-02 2.881883e-02 1.000000e-02 2.096984e-02 9.122188e-02 1.816599e-02 9.795001e-02 3.140699e-02 1.011884e-01 1.091053e-01 8.328766e-02 8.038349e-02 1.000000e-02
<GCONST> 2.874709e+01
<STATE> 10
<MEAN> 39
 -1.058839e+01 -2.777486e+01 -1.731980e+01 -1.620597e+00 3.615388e+00 -5.492187e-01 1.017401e+00 -4.590581e+00 3.588030e+00 -1.171503e+01 -9.288653e-01 -2.528364e+00 9.747645e-01 -1.121519e-01 -1.739514e-01 3.711592e-01 -1.305053e-01 2.666447e-01 5.526367e-01 -2.423379e-01 7.805845e-01 1.789639e-01 -7.654255e-01 -2.463316e-01 8.695910e-02 -2.485085e-03 1.794239e-02 2.377463e-01 2.229997e-02 1.970938e-01 2.639630e-01 -4.362983e-02 1.324076e-01 1.162105e-01 -2.375168e-01 -9.628902e-02 1.849751e-03 2.938204e-02 -8.970631e-04
<VARIANCE> 39
 2.006339e+01 2.121664e+00 2.164667e+01 4.662545e+00 1.110227e+01 3.419102e+01 1.088261e+01 2.396270e+01 7.055779e+00 3.478796e+00 1.712206e+01 9.500324e+00 1.000000e-02 1.212966e-01 2.294013e-01 2.987457e-01 5.474397e-01 3.350374e-01 7.925575e-02 6.332446e-01 9.588218e-02 5.625023e-01 6.761655e-01 4.667330e-01 2.760930e-01 1.000000e-02 3.730492e-02 1.601000e-02 3.447972e-02 6.833877e-02 9.565489e-02 3.117949e-02 2.014437e-01 5.115171e-02 8.149868e-02 1.667147e-02 2.303499e-01 3.755237e-02 1.000000e-02
<GCONST> 3.596848e+01
<STATE> 11
<MEAN> 39
 -9.092638e+00 -2.714312e+01 -1.689141e+01 8.122346e-01 4.969132e+00 -7.719594e-01 3.320583e+00 -4.835743e+00 5.069219e+00 -1.266921e+01 -1.255408e+00 -1.119861e+00 9.858685e-01 1.195946e-03 2.727720e-01 5.244622e-01 5.642660e-01 6.451674e-01 6.308687e-01 2.244890e-01 1.026900e+00 -2.594796e-01 -7.539265e-01 1.461644e-01 2.627447e-01 -1.526839e-03 -1.144883e-01 3.502445e-02 -2.299882e-01 -1.642960e-01 -2.341154e-01 -1.753211e-01 -4.659916e-02 -9.851715e-02 -3.864279e-01 -2.325543e-02 3.100779e-02 -2.282233e-01 -3.670836e-03
<VARIANCE> 39
 1.778288e+01 3.504311e+00 1.983632e+01 1.154141e+01 1.714131e+01 3.138081e+01 1.421064e+01 1.222846e+01 1.323433e+01 2.998203e+00 2.850970e+01 2.348301e+01 1.000000e-02 6.042055e-02 1.924317e-01 2.194098e-01 3.664324e-01 9.082840e-01 1.894912e-01 3.583230e-01 9.437852e-01 7.016389e-01 4.133864e-01 9.867709e-01 1.178524e-01 1.000000e-02 5.871244e-02 1.766930e-02 8.207514e-02 6.608081e-02 1.300780e-01 3.604979e-02 8.016789e-02 5.493297e-02 9.326508e-02 5.828846e-02 2.471097e-01 3.545899e-02 1.000000e-02
<GCONST> 4.302411e+01
<STATE> 12
<MEAN> 39
 -8.408885e+00 -2.688464e+01 -1.743543e+01 1.271604e-01 7.662566e+00 -1.291158e+00 2.960247e+00 -2.075439e+00 2.850845e+00 -1.415935e+01 7.135302e-01 -2.947321e+00 9.747999e-01 -6.622856e-01 -1.274503e-01 -3.990841e-01 -3.217959e-01 -3.713578e-01 -1.249533e-01 -1.562299e-01 4.724878e-01 -1.188381e+00 -1.178774e+00 -1.147934e-01 -8.337606e-01 -8.468979e-03 -7.228582e-02 6.838931e-03 -1.665666e-01 -2.338592e-01 -4.191439e-01 -2.362471e-01 8.138344e-02 -3.899459e-01 4.762436e-02 9.452184e-04 -9.232586e-02 -1.868166e-01 -4.080310e-03
<VARIANCE> 39
 1.702867e+01 1.830439e+00 1.168195e+01 4.111806e+00 2.515880e+01 2.640134e+01 1.257798e+01 9.649421e+00 1.736753e+01 4.118190e+00 8.905752e+00 1.429665e+01 1.000000e-02 3.807197e-01 1.370132e-01 2.370240e-01 1.131588e-01 1.131441e+00 3.800120e-01 2.929582e-01 6.909044e-01 6.089419e-01 1.738960e-01 2.133607e+00 4.976795e-01 1.000000e-02 2.584305e-02 3.927216e-02 7.032882e-02 1.319604e-01 1.776689e-01 3.963673e-02 6.748594e-02 2.293184e-01 8.874639e-02 9.069716e-02 1.934970e-01 8.981848e-02 1.000000e-02
<GCONST> 4.481672e+01
<STATE> 13
<MEAN> 39
 -1.092322e+01 -2.706902e+01 -1.750069e+01 -4.210402e-01 3.996460e+00 4.865833e-01 1.815793e+00 -2.202293e+00 2.596107e+00 -1.609468e+01 -4.840784e-01 -2.900840e+00 9.572552e-01 -1.306966e-01 7.685357e-02 -1.375366e-01 -7.759553e-01 -5.980367e-01 -2.271840e-01 1.043064e-01 1.937141e-01 -1.101162e-01 -3.801225e-01 9.406105e-02 -2.565628e-01 -1.361964e-02 1.319383e-01 1.054431e-02 1.276727e-01 -2.018616e-01 -7.264009e-02 -1.022017e-01 4.674853e-02 -1.177533e-01 2.674022e-01 1.513598e-01 9.459709e-02 1.140670e-01 -2.889592e-03
<VARIANCE> 39
 6.944470e+00 3.026170e+00 1.513124e+01 9.092195e+00 2.003658e+01 3.880228e+01 1.907049e+01 2.360654e+01 1.325500e+01 8.824522e+00 4.495352e+00 2.597351e+01 1.000000e-02 2.623279e-01 3.080862e-01 8.048016e-01 7.276579e-01 9.374918e-01 1.942996e-01 2.736679e-01 8.428479e-01 8.828361e-01 6.644823e-01 4.899133e-01 5.700762e-01 1.000000e-02 3.253913e-02 5.550092e-02 9.347877e-02 1.304368e-01 1.279666e-01 6.798834e-02 8.384851e-02 6.885685e-02 1.425224e-01 6.569497e-02 1.637996e-01 3.837181e-02 1.000000e-02
<GCONST> 4.972668e+01
<STATE> 14
<MEAN> 39
 -9.762706e+00 -2.671946e+01 -1.671557e+01 -2.538596e+00 4.239725e+00 -1.554816e+00 2.762763e+00 -2.448257e+00 9.829513e-01 -1.632222e+01 -1.839172e-02 -4.398456e+00 9.200147e-01 1.376860e-01 3.611630e-01 3.033303e-01 -4.536925e-01 -4.488140e-01 -4.574605e-02 1.125522e-01 2.109972e-02 6.363454e-02 -4.581975e-01 -1.800973e-01 -4.538365e-03 -1.748968e-02 2.401424e-01 1.440812e-01 5.634525e-02 2.622214e-01 2.093899e-01 1.565187e-02 -1.294630e-01 3.689894e-02 1.762766e-01 -1.958099e-01 -2.306828e-02 4.349866e-02 1.703997e-04
<VARIANCE> 39
 7.079789e+00 2.525401e+00 5.349934e+00 1.347832e+01 1.363671e+01 4.027106e+01 2.517729e+01 3.636533e+01 2.049625e+01 1.096564e+01 8.677075e+00 3.547261e+01 1.000000e-02 3.597992e-01 6.016690e-01 9.556479e-01 1.317638e+00 3.812951e-01 2.260245e-01 5.742426e-01 3.930881e-01 2.562232e+00 5.557811e-01 7.463142e-01 4.716511e-01 1.000000e-02 5.442007e-02 7.374480e-02 1.534481e-01 3.540075e-01 1.006621e-01 1.500207e-01 7.877042e-02 1.560026e-01 6.162723e-01 1.795677e-01 1.392907e-01 2.204483e-01 1.000000e-02
<GCONST> 6.065816e+01
<STATE> 15
<MEAN> 39
 -1.042517e+01 -2.575793e+01 -1.708602e+01 -1.534642e+00 2.352194e+00 -6.271432e-02 2.767320e+00 -1.917859e+00 4.632785e+00 -1.690105e+01 1.989025e-02 -1.898878e+00 8.902912e-01 6.281394e-01 3.537692e-01 1.663730e-01 1.413977e-01 -8.125588e-02 -2.453751e-01 -1.778939e-01 5.823602e-02 2.741095e-01 -1.606037e+00 1.849633e-01 -4.565340e-01 -1.494455e-02 3.481576e-01 4.138562e-02 1.259345e-01 6.952255e-03 -6.922299e-02 -2.247959e-01 -1.127571e-01 -9.798223e-02 -1.624823e-01 -2.828831e-01 -2.401627e-01 -1.849357e-01 -2.032066e-03
<VARIANCE> 39
 9.126945e+00 2.909918e+00 5.252201e+00 9.009530e+00 1.056080e+01 3.821367e+01 1.101336e+01 2.290716e+01 3.663570e+01 7.914226e+00 2.803589e+00 2.338468e+01 1.000000e-02 7.401143e-01 3.531260e-01 5.902132e-01 1.748660e+00 5.951199e-01 1.472716e+00 2.840804e-01 1.994854e-01 2.741508e+00 1.739973e+00 1.007695e+00 7.659491e-01 1.000000e-02 2.799330e-02 1.381241e-01 1.438943e-01 2.830619e-01 4.112865e-02 2.498989e-01 2.841025e-02 1.002510e-01 4.545792e-01 5.497522e-01 2.363534e-01 6.175768e-02 1.000000e-02
<GCONST> 5.856362e+01
<STATE> 16
<MEAN> 39
 -8.661804e+00 -2.495029e+01 -1.656395e+01 -2.048119e+00 4.001019e+00 -3.294799e+00 2.158698e+00 -2.703732e+00 3.914351e+00 -2.261587e+01 -7.718717e-01 -5.528214e+00 8.769335e-01 1.356415e+00 7.949376e-01 4.018669e-01 -4.284272e-01 -5.186755e-01 -5.568168e-01 -3.572151e-01 8.673147e-02 -1.407799e-01 -1.316088e+00 -5.729476e-01 -4.376230e-01 -2.138803e-02 6.452150e-01 -1.278271e-01 2.242294e-01 -3.309259e-01 -7.025657e-01 1.604729e-02 -2.861758e-01 -1.310415e-01 -1.267140e-01 8.709968e-01 -1.957099e-01 4.102780e-01 -8.625621e-03
<VARIANCE> 39
 7.953452e+00 4.758304e+00 1.375350e+01 7.957064e+00 1.803607e+01 6.157347e+01 1.701534e+01 1.233130e+01 5.067125e+01 5.414061e+00 4.985910e+00 3.121422e+01 1.000000e-02 8.175882e-01 4.209590e-01 5.107704e-01 5.025995e-01 8.991967e-01 1.301313e+00 2.297074e-01 1.210793e+00 2.823007e+00 4.424727e+00 1.780640e+00 5.353011e-01 1.000000e-02 8.113384e-02 1.506299e-01 1.473884e-01 2.202610e-01 2.524492e-01 6.878125e-01 9.487296e-02 8.373658e-02 6.629347e-01 3.282010e-01 4.409376e-01 1.952552e-01 1.000000e-02
<GCONST> 6.974355e+01
<STATE> 17
<MEAN> 39
 -5.879727e+00 -2.319982e+01 -1.629971e+01 -2.992822e+00 2.776592e+00 -2.742094e+00 2.738424e+00 -1.951392e+00 2.771679e+00 -2.418260e+01 -1.870890e+00 -5.816720e+00 8.372304e-01 2.752537e+00 -1.208048e-01 9.124737e-01 -1.407877e+00 -2.707508e+00 -5.722572e-01 -1.338638e+00 -8.341398e-01 -4.864742e-01 1.299017e+00 -7.824333e-01 6.581023e-01 -4.431843e-02 4.654545e-01 -5.189663e-01 4.320770e-01 -1.740785e-01 -7.895445e-01 -1.190236e-01 -6.095153e-01 -4.772028e-01 -7.674322e-02 1.154465e+00 -4.378886e-01 5.199678e-01 -1.202596e-02
<VARIANCE> 39
 1.232883e+01 8.698913e+00 6.053632e+00 1.292829e+01 2.546930e+01 3.088656e+01 7.220935e+00 1.371176e+01 2.625003e+01 4.118005e+01 2.011102e+01 2.476173e+01 1.000000e-02 4.535488e-01 9.566384e-01 9.362217e-01 8.408435e-02 2.013067e+00 4.415077e+00 6.762280e-01 1.233049e+00 3.041201e+00 1.465696e+00 1.057940e+00 1.970249e+00 1.000000e-02 2.060275e-01 1.034820e-01 4.562443e-02 2.427136e-01 3.284972e-01 2.258329e-01 1.857630e-01 6.891257e-01 6.066591e-01 1.021815e+00 7.454462e-01 1.218976e-01 1.000000e-02
<GCONST> 7.632670e+01
<STATE> 18
<MEAN> 39
 1.367084e-01 -2.608445e+01 -1.178381e+01 -6.609969e+00 -4.379378e+00 -2.784007e+00 -2.906284e+00 -3.392883e+00 1.639027e+00 -1.681825e+01 -4.059601e+00 -2.270710e+00 7.230776e-01 2.500764e+00 -9.231568e-01 1.602981e+00 -1.243113e+00 -2.040907e+00 -1.218588e+00 -1.963161e+00 -8.818820e-01 3.914738e-01 2.075467e+00 -1.891636e+00 1.176306e+00 -5.284769e-02 -4.937926e-01 -8.877409e-02 -1.563593e-01 4.613482e-01 2.523699e-01 1.945344e-01 9.642251e-02 2.394479e-01 4.409036e-02 -1.650378e-02 1.790605e-02 -7.202217e-02 2.427578e-03
<VARIANCE> 39
 7.559226e+00 9.928268e+00 2.543597e+01 1.247933e+01 1.352216e+01 2.745942e+00 1.036176e+01 1.771964e+01 9.305547e+00 2.763706e+01 1.660346e+01 5.393217e+00 1.000000e-02 2.451226e+00 3.509999e-01 4.401311e-01 6.006019e-01 5.589085e+00 2.817178e+00 2.262217e+00 3.628500e+00 2.042838e+00 3.023783e+00 2.331435e+00 1.501731e+00 1.000000e-02 1.521939e-01 1.371178e-01 2.534187e-01 1.766968e-01 2.677841e-01 3.366957e-01 1.033575e-01 6.362633e-01 1.901127e-01 2.389246e-01 8.263850e-01 1.352479e-01 1.000000e-02
<GCONST> 7.588013e+01
<STATE> 19
<MEAN> 39
 4.319371e+00 -2.676015e+01 -1.112606e+01 -7.074805e+00 -8.912923e+00 -6.408436e+00 -5.863238e+00 -4.166272e+00 2.725907e+00 -1.525541e+01 -7.816980e+00 -1.717629e+00 6.498886e-01 1.377555e+00 -7.944378e-01 1.013209e+00 2.177142e-01 -1.813854e+00 -6.582566e-01 -1.099498e+00 -1.918176e-01 -2.413175e-01 1.532902e+00 -1.999504e+00 6.042794e-02 -3.808281e-02 -7.055009e-01 2.424717e-01 -3.181334e-01 4.996516e-01 9.406037e-01 -1.282705e-01 1.055091e+00 2.070642e-02 -1.132194e-01 -1.862905e-01 6.925489e-01 -6.816904e-01 8.661613e-03
<VARIANCE> 39
 2.843837e+00 3.074948e+00 8.293242e+00 7.018939e+00 7.935215e+00 3.435844e+00 1.935926e+01 2.550070e+01 1.964779e+00 7.949005e+00 1.382198e+01 8.706944e+00 1.000000e-02 1.599564e+00 5.644901e-01 9.013292e-01 5.261214e-01 3.258959e+00 7.017428e-01 1.690744e+00 4.922054e+00 9.251017e-01 2.271155e+00 3.277555e+00 1.081076e+00 1.000000e-02 8.421256e-02 1.135721e-01 1.159134e-01 9.524676e-02 3.954343e-01 3.888944e-01 1.803166e-01 2.712174e-01 2.298246e-01 3.485811e-01 7.125322e-01 2.532922e-01 1.000000e-02
<GCONST> 6.696336e+01
<STATE> 20
<MEAN> 39
 3.660718e+00 -2.807238e+01 -9.585985e+00 -5.807386e+00 -7.783217e+00 -6.062615e+00 -4.964068e+00 -4.680197e+00 2.646168e+00 -1.288170e+01 -9.263297e+00 -3.158542e+00 6.076840e-01 2.323240e-01 3.992513e-02 1.213290e-01 9.168261e-01 -3.502136e-01 -2.347889e-01 1.153258e+00 -6.995705e-01 -7.608742e-01 9.523396e-01 9.454062e-01 -4.931468e-01 -2.891294e-02 -5.133176e-01 1.880139e-01 -2.028506e-01 1.460552e-01 4.091796e-01 3.496242e-01 5.559636e-01 1.803642e-01 -2.026550e-02 -3.703511e-01 8.134558e-01 3.752033e-01 2.917217e-03
<VARIANCE> 39
 4.414475e+00 5.228128e+00 2.327590e+00 2.953601e+00 1.063622e+01 5.942933e+00 7.604543e+00 3.951761e+01 5.943910e+00 1.302661e+01 8.357139e+00 1.301375e+01 1.000000e-02 4.000826e-01 3.618467e-01 1.306957e+00 8.160816e-01 1.320635e+00 5.899482e-01 4.967949e-01 5.069543e-01 7.809092e-01 1.206335e+00 2.909304e+00 1.093367e+00 1.000000e-02 1.593509e-01 5.105652e-02 7.394607e-02 1.310644e-01 1.337698e-01 9.857917e-02 1.502183e-01 1.069532e+00 1.203230e-01 6.387222e-01 5.018827e-01 4.349399e-01 1.000000e-02
<GCONST> 5.972699e+01
<STATE> 21
<MEAN> 39
 3.990455e+00 -2.694943e+01 -1.081066e+01 -3.334058e+00 -8.113160e+00 -6.114246e+00 -1.656137e+00 -5.622886e+00 -9.120475e-01 -1.227977e+01 -5.200241e+00 -2.655708e+00 5.771627e-01 -4.451447e-01 -3.830813e-02 1.767487e-01 5.112689e-01 8.412362e-02 6.765728e-02 1.281251e+00 1.219038e-01 -9.677006e-02 1.111052e+00 1.491989e+00 7.823105e-01 -2.465009e-02 -4.310514e-01 -2.768264e-02 -4.559078e-02 -3.609192e-01 4.468929e-01 1.255068e-01 -3.737584e-01 6.968669e-01 4.676527e-01 -4.302981e-02 1.209969e-01 3.501756e-01 7.919138e-04
<VARIANCE> 39
 6.518376e+00 1.145550e+01 2.418201e+00 8.551566e+00 1.053413e+01 1.103508e+01 9.132786e+00 2.000098e+01 4.687551e+00 1.728267e+01 1.151922e+01 2.859558e+01 1.000000e-02 1.890340e-01 3.916675e-01 3.135539e-01 9.976820e-01 1.325277e+00 4.372160e-01 6.768076e-01 1.585466e+00 3.309414e-01 2.256555e+00 2.156731e+00 2.069332e+00 1.000000e-02 9.266087e-02 3.564619e-02 1.031518e-01 1.540517e-01 2.726381e-01 1.727320e-01 2.797987e-02 2.624761e-01 1.327153e-01 7.586327e-01 3.034459e-01 5.875384e-01 1.000000e-02
<GCONST> 6.047795e+01
<STATE> 22
<MEAN> 39
 2.227875e+00 -2.782686e+01 -8.963694e+00 -4.364935e+00 -6.897749e+00 -5.313056e+00 -6.989318e-01 -5.027107e+00 2.812982e+00 -9.577630e+00 -2.926301e+00 -6.626558e-01 5.222366e-01 -8.920792e-01 -1.550277e-01 5.599037e-04 1.451286e-01 1.092916e+00 3.364798e-01 -3.739426e-02 1.389802e+00 6.671631e-01 5.421324e-01 8.683041e-01 1.291806e+00 -3.103620e-02 -4.693535e-02 -2.627905e-02 -3.167933e-01 2.241051e-01 4.550599e-01 1.625297e-01 -2.087685e-01 3.104588e-01 -2.128776e-01 -6.002975e-01 -4.283691e-01 -5.201441e-02 -8.779521e-04
<VARIANCE> 39
 1.083092e+01 2.427903e+01 7.268360e-01 1.430991e+01 2.967225e+01 1.495719e+01 7.783828e+00 5.765160e+00 7.610416e+00 1.858992e+01 2.447260e+01 3.209790e+01 1.000000e-02 1.211196e-01 1.759687e-01 4.637702e-01 1.584034e+00 3.623946e+00 1.402644e+00 2.264182e-01 6.700000e-01 9.604144e-01 4.041747e+00 8.372274e-01 4.235508e+00 1.000000e-02 1.175777e-01 2.088483e-01 1.766550e-01 2.598082e-01 3.924500e-01 1.133402e-01 1.141269e-01 6.222132e-02 2.169855e-01 3.140482e-01 7.167899e-01 8.711781e-01 1.000000e-02
<GCONST> 6.749339e+01
<STATE> 23
<MEAN> 39
 1.147048e+00 -2.715613e+01 -1.009843e+01 -3.530138e+00 -4.643944e+00 -5.773574e+00 -2.177172e+00 -2.687479e-01 2.587847e+00 -1.026755e+01 -3.351562e+00 2.479784e+00 4.723244e-01 -5.843996e-01 -9.795126e-02 -6.268229e-01 9.333026e-01 1.661458e+00 4.050995e-01 3.977546e-01 1.246947e+00 -4.701751e-01 -4.329466e-01 8.929195e-02 6.164806e-01 -3.053153e-02 2.175934e-01 6.932576e-02 -1.674856e-01 3.748191e-01 5.731391e-02 -1.122457e-01 2.187790e-01 -4.295842e-01 -3.629512e-01 -1.468475e-01 -7.576318e-02 -4.992916e-01 9.174297e-04
<VARIANCE> 39
 3.372429e+00 7.070425e+00 5.348614e+00 1.866113e+01 6.525184e+01 1.000438e+01 1.552414e+01 1.125726e+01 5.705056e+00 2.626752e+01 7.231678e+00 1.057951e+01 1.000000e-02 2.314020e-01 7.722850e-01 6.908863e-01 1.794335e+00 2.045779e+00 7.627165e-01 1.889134e+00 1.358934e+00 7.295356e-01 1.709642e-01 1.341566e+00 3.371374e+00 1.000000e-02 4.525480e-02 4.988104e-02 1.854495e-01 3.851742e-01 1.041167e+00 3.240820e-01 1.130825e-01 3.739882e-02 2.828943e-01 6.390844e-01 1.455901e-01 3.563876e-01 1.000000e-02
<GCONST> 6.598251e+01
<STATE> 24
<MEAN> 39
 1.169958e+00 -2.755136e+01 -1.221188e+01 -1.343799e+00 -3.170093e+00 -4.535139e+00 7.802495e-01 -1.932434e+00 1.987261e-02 -1.271088e+01 -3.664020e+00 1.435576e+00 4.300409e-01 -1.884918e-01 -4.301037e-02 -9.001607e-01 1.573015e+00 1.661572e+00 7.457480e-02 6.191443e-01 -9.314890e-02 -1.441231e+00 -1.044647e+00 4.030234e-01 -2.609693e-01 -3.292050e-02 3.174958e-01 3.417717e-01 1.616104e-01 1.560611e-01 -7.948746e-02 -1.662441e-01 7.040528e-02 -3.776650e-01 -1.027126e-01 2.613436e-01 -7.524084e-02 -8.663901e-02 4.710508e-03
<VARIANCE> 39
 2.031191e+00 4.251952e+00 2.782436e+00 2.264514e+01 3.833728e+01 5.670928e+00 1.000210e+01 4.518110e+00 7.094044e+00 1.518046e+01 2.001135e+00 5.772333e+00 1.000000e-02 4.919232e-01 8.282239e-01 1.350950e+00 2.625352e+00 3.508541e+00 6.189547e-01 1.929804e+00 9.898005e-01 1.425205e+00 1.671599e+00 1.782012e+00 4.343687e+00 1.000000e-02 2.022048e-02 7.619182e-02 7.766490e-02 2.385609e-01 4.514806e-01 1.744484e-01 1.091780e-01 9.210342e-02 2.713393e-01 2.554862e-01 1.529986e-01 5.582108e-01 1.000000e-02
<GCONST> 6.245071e+01
<STATE> 25
<MEAN> 39
 5.730062e-01 -2.699712e+01 -1.124907e+01 1.157053e+00 -4.397464e-01 -4.605350e+00 3.282017e-02 -2.074293e+00 -1.329359e+00 -1.120824e+01 -1.195590e+00 6.997591e-01 3.963089e-01 3.145608e-01 8.503821e-01 9.422158e-02 9.712573e-01 9.381910e-01 -1.209121e-01 3.991321e-01 3.705707e-01 -1.618293e-01 6.254384e-01 2.859590e-01 6.611702e-01 -1.664248e-02 1.178846e-01 1.542222e-01 1.426428e-01 -2.310681e-01 -2.294959e-01 -1.420269e-01 -7.261898e-02 -4.595416e-02 2.738198e-01 3.495569e-01 -9.482066e-02 2.858199e-01 2.489727e-03
<VARIANCE> 39
 1.408845e+00 5.074122e+00 1.330804e+01 1.783681e+01 2.183232e+01 2.417072e+01 1.507963e+01 8.730501e+00 7.370753e+00 8.186843e+00 4.856792e+00 2.677517e+01 1.000000e-02 1.646186e-01 4.726140e-01 6.076115e-01 7.261016e-01 2.078367e+00 1.383047e+00 6.609192e-01 9.087539e-01 1.566161e+00 3.447622e-01 4.198904e-01 1.686809e+00 1.000000e-02 5.681111e-02 9.126547e-02 1.465215e-01 3.043124e-01 5.644297e-01 3.353067e-01 3.686541e-01 1.883919e-01 2.995550e-01 7.266448e-02 6.236895e-02 7.031472e-01 1.000000e-02
<GCONST> 6.196954e+01
<STATE> 26
<MEAN> 39
 1.917458e+00 -2.537014e+01 -1.223751e+01 2.966558e+00 8.873349e-01 -5.700661e+00 2.644882e+00 -8.453863e-02 -6.727189e-01 -9.566088e+00 -2.516479e+00 3.626240e+00 3.647748e-01 2.953483e-01 8.862724e-01 1.283270e-01 5.867333e-01 7.151609e-01 -2.362177e-01 9.600474e-02 -8.964495e-02 -4.305590e-01 9.128773e-01 -1.902606e-02 4.149033e-01 -1.550063e-02 -1.988702e-01 -1.677773e-01 -4.820270e-03 -3.231924e-01 -1.104718e-01 4.505688e-02 -1.515752e-01 -9.984341e-02 -1.432808e-01 -1.718127e-01 8.810667e-02 -9.283495e-02 -4.149412e-04
<VARIANCE> 39
 2.497475e+00 9.017181e+00 1.462314e+01 2.229218e+00 2.350757e+00 2.722020e+00 1.770798e+00 4.870740e+00 6.711911e+00 8.318769e+00 3.344770e+00 1.719279e+01 1.000000e-02 2.594990e-01 7.433863e-01 2.778877e-01 6.305928e-01 2.265714e+00 1.601611e+00 8.563563e-01 1.290942e+00 1.943737e+00 5.165477e-01 2.155318e-01 3.443818e+00 1.000000e-02 2.437219e-02 1.200835e-01 5.908076e-02 2.629997e-02 8.772073e-02 8.842313e-02 8.234649e-02 9.496891e-02 1.798838e-01 1.015755e-01 3.808576e-02 3.281853e-01 1.000000e-02
<GCONST> 4.385777e+01
<STATE> 27
<MEAN> 39
 1.847012e+00 -2.366429e+01 -1.128137e+01 2.039931e+00 1.334743e+00 -5.598455e+00 2.623808e-01 -1.823676e+00 -1.156120e+00 -8.857129e+00 -2.131998e+00 2.639098e+00 3.342158e-01 -3.458573e-01 7.397810e-02 -2.202353e-01 -9.345298e-02 4.899783e-01 -2.741916e-01 -1.314402e-02 -1.356888e-02 -5.404477e-01 1.263716e-01 5.322932e-01 2.204560e-01 -1.938174e-02 -2.402627e-01 -2.897770e-01 -1.322767e-01 -9.580466e-02 1.330849e-02 2.010677e-01 4.772977e-02 -2.087554e-02 -2.894099e-02 -3.134728e-01 1.531976e-01 -1.341178e-01 2.468370e-04
<VARIANCE> 39
 2.901749e+00 7.463320e+00 1.903539e+01 7.286592e+00 9.816648e+00 7.978132e+00 6.657274e+00 1.223979e+01 2.357010e+01 6.818317e+00 5.803034e+00 1.315702e+01 1.000000e-02 1.792891e-01 6.062980e-01 3.268629e-01 1.602451e-01 8.689205e-01 5.976487e-01 2.831840e-01 3.986720e-01 8.751523e-01 1.445918e+00 1.035852e+00 2.434940e+00 1.000000e-02 6.184991e-02 2.140238e-01 1.310708e-01 4.145436e-02 4.584821e-01 2.949692e-01 1.005204e-01 2.689227e-01 4.455725e-01 1.128200e-01 4.625496e-02 6.099403e-01 1.000000e-02
<GCONST> 5.549141e+01
<STATE> 28
<MEAN> 39
 4.166014e-01 -2.495302e+01 -1.211756e+01 2.318408e+00 2.238050e+00 -6.384768e+00 1.401306e+00 -1.010483e+00 -3.216797e+00 -1.091580e+01 -6.896930e-01 4.579811e+00 3.123756e-01 -5.737866e-01 -1.042133e-01 -2.472440e-01 5.743892e-02 4.378068e-01 5.593359e-01 6.049978e-01 6.764784e-02 1.104001e-01 -1.751638e-01 4.878911e-01 2.223689e-01 -1.745934e-02 3.680943e-02 1.348055e-01 1.856630e-01 1.714433e-01 -2.481429e-02 3.818966e-02 3.225331e-02 1.340641e-01 3.685344e-01 1.049362e-01 -7.974283e-02 -3.644677e-01 4.515466e-04
<VARIANCE> 39
 3.030782e+00 6.123807e+00 1.287594e+01 3.926143e+00 2.824730e+00 7.789537e+00 1.199772e+00 4.496922e+00 1.466623e+01 5.432603e+00 1.006189e+01 9.578547e+00 1.000000e-02 2.409726e-01 1.265996e+00 1.264572e+00 4.837852e-01 1.036712e+00 4.311687e-01 1.207020e+00 2.077706e+00 1.844259e+00 1.251011e+00 3.619578e-01 1.126070e+00 1.000000e-02 7.862759e-02 2.405430e-01 2.490871e-01 5.391349e-02 1.130920e-01 9.964228e-02 6.916456e-02 2.012619e-01 4.384346e-01 2.831126e-01 1.627790e-01 1.963555e-01 1.000000e-02
<GCONST> 5.423487e+01
<STATE> 29
<MEAN> 39
 -1.898278e-02 -2.434508e+01 -1.211903e+01 3.210335e+00 4.215360e+00 -3.261305e+00 2.790425e+00 -1.295965e+00 -2.233980e+00 -9.719341e+00 1.774742e-01 3.210892e+00 2.885271e-01 -9.538478e-02 8.143083e-01 3.509302e-01 5.735156e-01 7.866489e-01 3.111630e-02 5.768013e-02 1.467400e-01 2.455993e-01 4.288136e-02 1.324735e-01 -8.188800e-01 -1.342051e-02 1.439616e-01 2.186149e-01 1.553727e-01 -2.682294e-02 -2.966377e-01 -4.070576e-01 -2.665317e-01 1.097464e-01 3.153075e-01 2.329880e-01 -1.691991e-01 -2.798257e-01 8.601871e-04
<VARIANCE> 39
 2.008780e+00 5.375987e+00 6.087945e+00 4.485173e+00 2.571505e+00 5.542232e+00 1.847749e+01 1.485868e+01 7.174523e+00 1.498845e+01 1.812279e+01 7.729853e+00 1.000000e-02 4.467902e-01 1.478780e+00 1.859363e+00 2.300477e-01 1.335737e+00 4.820897e-01 8.274735e-01 5.952403e-01 2.398425e+00 2.287471e+00 5.212820e-01 1.054679e+00 1.000000e-02 2.118818e-02 1.204298e-01 9.488487e-02 3.950593e-02 1.900494e-01 9.003779e-02 2.133897e-01 2.598169e-01 1.723095e-01 5.259139e-01 1.673433e-01 2.759608e-01 1.000000e-02
<GCONST> 5.613832e+01
<STATE> 30
<MEAN> 39
 1.030120e-01 -2.207456e+01 -1.090898e+01 3.198402e+00 2.933686e+00 -6.393448e+00 1.342044e+00 -8.535526e-01 -1.996218e+00 -1.061767e+01 -2.286402e-01 1.982147e+00 2.657814e-01 -1.019483e-01 3.654024e-01 1.437292e-01 3.134151e-01 -2.998476e-01 -1.115194e+00 -4.837416e-01 8.226224e-01 1.131481e+00 7.145995e-01 6.150342e-03 -8.162512e-01 -1.405896e-02 6.785585e-02 2.370803e-02 8.843268e-02 -6.545074e-02 5.879082e-03 -1.773696e-03 -1.324867e-01 -8.355281e-02 -2.399310e-01 1.566837e-01 -5.353312e-02 1.773484e-01 4.833204e-04
<VARIANCE> 39
 2.998919e+00 1.042046e+01 9.120401e+00 3.532920e+00 6.838259e+00 3.650576e+00 1.194765e+01 1.845424e+01 2.085722e+01 2.123416e+01 3.257474e+00 5.197398e+00 1.000000e-02 1.538869e-01 7.712137e-01 1.098393e+00 1.979665e-01 6.494355e-01 4.580690e-01 1.161047e+00 1.488910e+00 4.556526e-01 2.218165e+00 1.328826e+00 6.760163e-01 1.000000e-02 9.490379e-02 1.997446e-01 2.000946e-01 6.404518e-02 2.225644e-01 8.234768e-02 1.929182e-01 3.030066e-01 3.737896e-01 3.818614e-01 1.403197e-01 4.733025e-02 1.000000e-02
<GCONST> 5.577048e+01
<STATE> 31
<MEAN> 39
 -1.560745e-01 -2.254174e+01 -1.155408e+01 3.248575e+00 3.176252e+00 -7.654118e+00 1.106107e+00 2.149534e+00 1.423598e+00 -6.684773e+00 4.710886e-01 1.654049e-01 2.298554e-01 -2.555399e-01 5.359548e-01 3.826698e-01 -4.401428e-01 1.338012e-01 5.135382e-01 -5.834634e-02 -2.020848e-01 -1.038900e-01 3.728895e-01 -4.943342e-02 -1.210927e-01 -2.162978e-02 -7.794690e-02 9.205352e-02 1.308449e-01 -1.031423e-01 -3.115167e-03 4.337348e-01 9.636602e-02 -6.030022e-01 -3.949382e-01 -3.095438e-01 7.547226e-03 3.141260e-01 -1.564662e-03
<VARIANCE> 39
 8.902100e-01 6.152999e+00 8.798985e+00 4.726698e+00 8.209014e+00 1.098777e+01 9.160930e+00 1.215050e+01 3.903441e+00 1.323796e+01 8.311497e+00 7.223441e+00 1.000000e-02 3.656136e-01 1.945957e-01 3.263943e-01 1.050415e+00 3.040613e-01 1.835901e+00 7.480239e-01 1.128302e+00 7.269913e-01 2.247916e+00 9.208503e-01 2.791134e-01 1.000000e-02 1.011833e-01 2.900268e-01 4.972949e-01 1.947216e-01 1.357270e-01 2.876885e-01 1.622723e-01 2.173882e-01 1.497743e-01 6.274318e-01 2.647122e-01 1.224659e-01 1.000000e-02
<GCONST> 5.696627e+01
<STATE> 32
<MEAN> 39
 -1.170052e+00 -2.025745e+01 -9.459789e+00 3.395999e+00 4.861862e+00 -3.619652e+00 1.840958e+00 -1.413007e+00 -2.352394e+00 -8.371314e+00 -7.471597e-01 1.262698e+00 1.785456e-01 -1.348849e-01 1.159287e+00 1.059399e+00 2.899298e-01 1.882393e-01 2.651423e-01 -1.552665e-01 -1.258114e+00 -9.498334e-01 -4.733625e-01 7.117434e-02 2.051825e-01 -1.614324e-02 -1.146179e-01 1.922076e-01 1.636510e-01 -8.744189e-02 -1.755803e-01 -2.775868e-01 9.840868e-03 6.478687e-02 5.055248e-02 -1.002690e-01 1.621409e-01 1.170028e-01 -1.980502e-03
<VARIANCE> 39
 4.012532e+00 9.052599e+00 7.896337e+00 1.297400e+01 4.638548e+00 9.469568e+00 8.291837e+00 5.150453e+00 1.424622e+01 1.144781e+01 1.191180e+01 3.836408e+00 1.000000e-02 7.812726e-01 1.375054e+00 1.829080e+00 1.157456e+00 8.906643e-01 9.177922e-01 7.591894e-01 1.180685e+00 8.415059e-01 2.995409e+00 8.842505e-01 3.294219e-01 1.000000e-02 1.046093e-01 9.400998e-02 1.572985e-01 4.117638e-01 1.253785e-01 2.580168e-01 8.185427e-02 2.374234e-01 1.865215e-01 4.564481e-01 2.976662e-01 5.806623e-02 1.000000e-02
<GCONST> 6.148641e+01
<STATE> 33
<MEAN> 39
 1.556599e-01 -1.915071e+01 -8.219660e+00 3.926944e+00 2.814677e+00 -7.112670e+00 -4.201634e-01 -4.680896e+00 -2.170170e+00 -1.003944e+01 5.699595e-01 1.865105e+00 2.098922e-01 -9.654825e-01 1.011823e+00 6.918799e-01 -6.028481e-01 -5.064212e-01 -4.803543e-01 -1.537654e-02 -3.566104e-01 8.986232e-02 2.449188e-01 6.358904e-01 2.370008e-01 -3.266096e-02 -4.201827e-01 1.815806e-01 -3.467545e-02 -4.431154e-01 -7.828829e-02 1.095123e-01 1.438084e-01 6.866817e-01 3.136447e-01 4.710332e-01 -3.984753e-02 -4.295049e-02 -1.694170e-02
<VARIANCE> 39
 5.721119e+00 6.104419e+00 1.152715e+01 8.152125e+00 9.111170e+00 1.485285e+01 3.312790e+00 7.970017e+00 5.003836e+00 1.368097e+01 6.410559e+00 3.864147e+00 1.087389e-02 9.374388e-01 6.962389e-01 1.218929e+00 1.327543e+00 5.349035e-01 6.309986e-01 1.220792e+00 1.888245e+00 7.702116e-01 1.226332e+00 1.569858e+00 3.980573e-01 1.000000e-02 2.070574e-01 1.260984e-01 1.716593e-01 2.202294e-01 2.742978e-01 1.779836e-01 1.803036e-01 1.921287e-01 1.005561e-01 6.613342e-01 1.844615e-01 1.401704e-01 1.000000e-02
<GCONST> 6.126629e+01
<STATE> 34
<MEAN> 39
 -3.402627e+00 -1.694909e+01 -6.416711e+00 2.778141e+00 3.723038e+00 -5.890808e+00 2.038975e+00 -8.838034e-01 -8.155922e-01 -6.596660e+00 2.087509e+00 2.114675e+00 1.031012e-01 -1.205302e+00 1.707116e+00 1.005285e+00 -1.046641e+00 -3.704076e-01 3.598170e-01 5.632173e-02 9.887660e-01 5.218290e-01 3.624564e-01 1.310215e-01 3.065634e-01 -5.664655e-02 -4.181571e-02 -4.911465e-02 -1.800632e-01 -1.041469e-01 2.298641e-01 2.840989e-01 5.363029e-02 2.693480e-01 1.478705e-01 -4.318650e-03 4.195504e-02 -2.659438e-02 -6.323901e-03
<VARIANCE> 39
 9.837606e+00 5.781422e+00 7.386012e+00 3.229622e+00 3.147795e+00 6.963357e+00 7.655068e+00 1.270778e+01 8.261221e+00 8.449132e+00 3.704062e+00 5.694721e+00 2.273723e-02 1.063436e+00 2.781154e-01 4.775710e-01 1.301327e+00 1.766735e+00 1.151436e+00 1.362854e+00 4.814022e-01 4.287072e-01 2.108306e+00 8.448588e-01 1.498780e+00 1.000000e-02 2.641453e-01 1.663115e-01 2.079718e-01 7.456034e-02 7.339597e-02 8.924757e-02 2.731498e-01 3.399878e-01 1.062567e-01 3.147838e-01 2.213242e-01 1.183158e-01 1.000000e-02
<GCONST> 5.784850e+01
<STATE> 35
<MEAN> 39
 -5.134648e+00 -1.329267e+01 -5.794893e+00 -8.645308e-01 2.648313e+00 -5.161995e+00 4.452942e-01 -8.156988e-01 -5.774595e-01 -7.318726e+00 6.715708e-01 2.248654e+00 -2.954039e-02 -7.386423e-01 1.244344e+00 6.516321e-01 -7.380046e-01 3.756773e-01 5.950952e-01 1.108893e-01 7.234599e-01 3.827944e-01 1.029315e+00 4.762861e-01 -5.651466e-02 -5.180870e-02 2.429782e-01 -5.123998e-01 -2.613228e-01 3.670171e-01 1.790607e-01 -2.119884e-02 1.267352e-01 -1.935424e-01 -7.433428e-02 -1.935297e-02 -3.481515e-02 -1.334319e-01 1.062674e-02
<VARIANCE> 39
 1.532652e+00 4.166772e+00 3.070844e+00 6.525538e+00 9.688019e+00 1.137540e+01 1.217676e+01 9.305187e+00 1.202365e+01 9.887602e+00 1.534964e+01 1.527609e+01 1.000000e-02 7.121348e-01 3.422702e-01 7.112514e-01 3.176247e-01 8.861315e-01 8.011033e-01 8.975282e-01 1.436375e+00 4.195888e-01 1.441335e+00 5.623667e-01 7.644649e-01 1.000000e-02 8.380462e-02 3.148999e-02 5.411215e-02 7.602632e-02 3.139235e-01 1.150467e-01 3.043355e-01 1.965418e-01 3.944541e-01 2.485953e-01 2.519233e-01 2.622932e-01 1.000000e-02
<GCONST> 5.543919e+01
<STATE> 36
<MEAN> 39
 -5.971908e+00 -1.312760e+01 -4.291090e+00 1.072133e-01 3.831093e+00 -4.032281e+00 1.499214e+00 1.147439e+00 -5.035326e-01 -4.684499e+00 4.428470e+00 2.715574e+00 -5.858015e-02 -6.399156e-01 -1.458324e-01 -8.443138e-02 1.257318e-01 5.193171e-01 6.422375e-02 4.583641e-01 1.890864e-01 3.823042e-01 7.904835e-01 3.829578e-01 -1.890604e-01 -2.837194e-02 1.924283e-01 -4.210098e-01 -2.946265e-01 2.523527e-01 -9.620988e-02 -2.952108e-01 -1.023888e-02 -2.345067e-01 8.705470e-02 -2.172234e-01 -2.165144e-01 6.237794e-02 1.567113e-02
<VARIANCE> 39
 1.378863e+00 4.335910e+00 8.082185e+00 6.791080e+00 1.372597e+01 5.508363e+00 9.346535e+00 5.620541e+00 1.182925e+01 5.384996e+00 4.243346e+00 5.663787e-01 1.000000e-02 3.212881e-01 7.819860e-02 9.961066e-02 2.163230e-01 2.042374e-01 1.471647e-01 1.248066e+00 1.354284e+00 3.383754e+00 4.616906e-01 6.342455e-01 3.938607e-02 1.000000e-02 4.915769e-02 1.954986e-02 1.122625e-01 5.051176e-02 3.412295e-01 2.646780e-01 9.213841e-02 4.266182e-02 1.863251e-01 4.968764e-01 1.949234e-01 2.118575e-01 1.000000e-02
<GCONST> 3.759848e+01
<TRANSP> 37
 0.000000e+00 1.000000e+00 0.000000e+00 0.000000e+00 0.000000e+00 0.000000e+00 0.000000e+00 0.000000e+00 0.000000e+00 0.000000e+00 0.000000e+00 0.000000e+00 0.000000e+00 0.000000e+00 0.000000e+00 0.000000e+00 0.000000e+00 0.000000e+00 0.000000e+00 0.000000e+00 0.000000e+00 0.000000e+00 0.000000e+00 0.000000e+00 0.000000e+00 0.000000e+00 0.000000e+00 0.000000e+00 0.000000e+00 0.000000e+00 0.000000e+00 0.000000e+00 0.000000e+00 0.000000e+00 0.000000e+00 0.000000e+00 0.000000e+00
 0.000000e+00 5.000000e-01 5.000000e-01 0.000000e+00 0.000000e+00 0.000000e+00 0.000000e+00 0.000000e+00 0.000000e+00 0.000000e+00 0.000000e+00 0.000000e+00 0.000000e+00 0.000000e+00 0.000000e+00 0.000000e+00 0.000000e+00 0.000000e+00 0.000000e+00 0.000000e+00 0.000000e+00 0.000000e+00 0.000000e+00 0.000000e+00 0.000000e+00 0.000000e+00 0.000000e+00 0.000000e+00 0.000000e+00 0.000000e+00 0.000000e+00 0.000000e+00 0.000000e+00 0.000000e+00 0.000000e+00 0.000000e+00 0.000000e+00
 0.000000e+00 0.000000e+00 5.000000e-01 5.000000e-01 0.000000e+00 0.000000e+00 0.000000e+00 0.000000e+00 0.000000e+00 0.000000e+00 0.000000e+00 0.000000e+00 0.000000e+00 0.000000e+00 0.000000e+00 0.000000e+00 0.000000e+00 0.000000e+00 0.000000e+00 0.000000e+00 0.000000e+00 0.000000e+00 0.000000e+00 0.000000e+00 0.000000e+00 0.000000e+00 0.000000e+00 0.000000e+00 0.000000e+00 0.000000e+00 0.000000e+00 0.000000e+00 0.000000e+00 0.000000e+00 0.000000e+00 0.000000e+00 0.000000e+00
 0.000000e+00 0.000000e+00 0.000000e+00 1.666667e-01 8.333333e-01 0.000000e+00 0.000000e+00 0.000000e+00 0.000000e+00 0.000000e+00 0.000000e+00 0.000000e+00 0.000000e+00 0.000000e+00 0.000000e+00 0.000000e+00 0.000000e+00 0.000000e+00 0.000000e+00 0.000000e+00 0.000000e+00 0.000000e+00 0.000000e+00 0.000000e+00 0.000000e+00 0.000000e+00 0.000000e+00 0.000000e+00 0.000000e+00 0.000000e+00 0.000000e+00 0.000000e+00 0.000000e+00 0.000000e+00 0.000000e+00 0.000000e+00 0.000000e+00
 0.000000e+00 0.000000e+00 0.000000e+00 0.000000e+00 4.444444e-01 5.555556e-01 0.000000e+00 0.000000e+00 0.000000e+00 0.000000e+00 0.000000e+00 0.000000e+00 0.000000e+00 0.000000e+00 0.000000e+00 0.000000e+00 0.000000e+00 0.000000e+00 0.000000e+00 0.000000e+00 0.000000e+00 0.000000e+00 0.000000e+00 0.000000e+00 0.000000e+00 0.000000e+00 0.000000e+00 0.000000e+00 0.000000e+00 0.000000e+00 0.000000e+00 0.000000e+00 0.000000e+00 0.000000e+00 0.000000e+00 0.000000e+00 0.000000e+00
 0.000000e+00 0.000000e+00 0.000000e+00 0.000000e+00 0.000000e+00 2.857143e-01 7.142857e-01 0.000000e+00 0.000000e+00 0.000000e+00 0.000000e+00 0.000000e+00 0.000000e+00 0.000000e+00 0.000000e+00 0.000000e+00 0.000000e+00 0.000000e+00 0.000000e+00 0.000000e+00 0.000000e+00 0.000000e+00 0.000000e+00 0.000000e+00 0.000000e+00 0.000000e+00 0.000000e+00 0.000000e+00 0.000000e+00 0.000000e+00 0.000000e+00 0.000000e+00 0.000000e+00 0.000000e+00 0.000000e+00 0.000000e+00 0.000000e+00
 0.000000e+00 0.000000e+00 0.000000e+00 0.000000e+00 0.000000e+00 0.000000e+00 4.444444e-01 5.555556e-01 0.000000e+00 0.000000e+00 0.000000e+00 0.000000e+00 0.000000e+00 0.000000e+00 0.000000e+00 0.000000e+00 0.000000e+00 0.000000e+00 0.000000e+00 0.000000e+00 0.000000e+00 0.000000e+00 0.000000e+00 0.000000e+00 0.000000e+00 0.000000e+00 0.000000e+00 0.000000e+00 0.000000e+00 0.000000e+00 0.000000e+00 0.000000e+00 0.000000e+00 0.000000e+00 0.000000e+00 0.000000e+00 0.000000e+00
 0.000000e+00 0.000000e+00 0.000000e+00 0.000000e+00 0.000000e+00 0.000000e+00 0.000000e+00 5.000000e-01 5.000000e-01 0.000000e+00 0.000000e+00 0.000000e+00 0.000000e+00 0.000000e+00 0.000000e+00 0.000000e+00 0.000000e+00 0.000000e+00 0.000000e+00 0.000000e+00 0.000000e+00 0.000000e+00 0.000000e+00 0.000000e+00 0.000000e+00 0.000000e+00 0.000000e+00 0.000000e+00 0.000000e+00 0.000000e+00 0.000000e+00 0.000000e+00 0.000000e+00 0.000000e+00 0.000000e+00 0.000000e+00 0.000000e+00
 0.000000e+00 0.000000e+00 0.000000e+00 0.000000e+00 0.000000e+00 0.000000e+00 0.000000e+00 0.000000e+00 1.666667e-01 8.333333e-01 0.000000e+00 0.000000e+00 0.000000e+00 0.000000e+00 0.000000e+00 0.000000e+00 0.000000e+00 0.000000e+00 0.000000e+00 0.000000e+00 0.000000e+00 0.000000e+00 0.000000e+00 0.000000e+00 0.000000e+00 0.000000e+00 0.000000e+00 0.000000e+00 0.000000e+00 0.000000e+00 0.000000e+00 0.000000e+00 0.000000e+00 0.000000e+00 0.000000e+00 0.000000e+00 0.000000e+00
 0.000000e+00 0.000000e+00 0.000000e+00 0.000000e+00 0.000000e+00 0.000000e+00 0.000000e+00 0.000000e+00 0.000000e+00 4.444444e-01 5.555556e-01 0.000000e+00 0.000000e+00 0.000000e+00 0.000000e+00 0.000000e+00 0.000000e+00 0.000000e+00 0.000000e+00 0.000000e+00 0.000000e+00 0.000000e+00 0.000000e+00 0.000000e+00 0.000000e+00 0.000000e+00 0.000000e+00 0.000000e+00 0.000000e+00 0.000000e+00 0.000000e+00 0.000000e+00 0.000000e+00 0.000000e+00 0.000000e+00 0.000000e+00 0.000000e+00
 0.000000e+00 0.000000e+00 0.000000e+00 0.000000e+00 0.000000e+00 0.000000e+00 0.000000e+00 0.000000e+00 0.000000e+00 0.000000e+00 3.750000e-01 6.250000e-01 0.000000e+00 0.000000e+00 0.000000e+00 0.000000e+00 0.000000e+00 0.000000e+00 0.000000e+00 0.000000e+00 0.000000e+00 0.000000e+00 0.000000e+00 0.000000e+00 0.000000e+00 0.000000e+00 0.000000e+00 0.000000e+00 0.000000e+00 0.000000e+00 0.000000e+00 0.000000e+00 0.000000e+00 0.000000e+00 0.000000e+00 0.000000e+00 0.000000e+00
 0.000000e+00 0.000000e+00 0.000000e+00 0.000000e+00 0.000000e+00 0.000000e+00 0.000000e+00 0.000000e+00 0.000000e+00 0.000000e+00 0.000000e+00 2.857143e-01 7.142857e-01 0.000000e+00 0.000000e+00 0.000000e+00 0.000000e+00 0.000000e+00 0.000000e+00 0.000000e+00 0.000000e+00 0.000000e+00 0.000000e+00 0.000000e+00 0.000000e+00 0.000000e+00 0.000000e+00 0.000000e+00 0.000000e+00 0.000000e+00 0.000000e+00 0.000000e+00 0.000000e+00 0.000000e+00 0.000000e+00 0.000000e+00 0.000000e+00
 0.000000e+00 0.000000e+00 0.000000e+00 0.000000e+00 0.000000e+00 0.000000e+00 0.000000e+00 0.000000e+00 0.000000e+00 0.000000e+00 0.000000e+00 0.000000e+00 4.444444e-01 5.555556e-01 0.000000e+00 0.000000e+00 0.000000e+00 0.000000e+00 0.000000e+00 0.000000e+00 0.000000e+00 0.000000e+00 0.000000e+00 0.000000e+00 0.000000e+00 0.000000e+00 0.000000e+00 0.000000e+00 0.000000e+00 0.000000e+00 0.000000e+00 0.000000e+00 0.000000e+00 0.000000e+00 0.000000e+00 0.000000e+00 0.000000e+00
 0.000000e+00 0.000000e+00 0.000000e+00 0.000000e+00 0.000000e+00 0.000000e+00 0.000000e+00 0.000000e+00 0.000000e+00 0.000000e+00 0.000000e+00 0.000000e+00 0.000000e+00 3.750000e-01 6.250000e-01 0.000000e+00 0.000000e+00 0.000000e+00 0.000000e+00 0.000000e+00 0.000000e+00 0.000000e+00 0.000000e+00 0.000000e+00 0.000000e+00 0.000000e+00 0.000000e+00 0.000000e+00 0.000000e+00 0.000000e+00 0.000000e+00 0.000000e+00 0.000000e+00 0.000000e+00 0.000000e+00 0.000000e+00 0.000000e+00
 0.000000e+00 0.000000e+00 0.000000e+00 0.000000e+00 0.000000e+00 0.000000e+00 0.000000e+00 0.000000e+00 0.000000e+00 0.000000e+00 0.000000e+00 0.000000e+00 0.000000e+00 0.000000e+00 5.000000e-01 5.000000e-01 0.000000e+00 0.000000e+00 0.000000e+00 0.000000e+00 0.000000e+00 0.000000e+00 0.000000e+00 0.000000e+00 0.000000e+00 0.000000e+00 0.000000e+00 0.000000e+00 0.000000e+00 0.000000e+00 0.000000e+00 0.000000e+00 0.000000e+00 0.000000e+00 0.000000e+00 0.000000e+00 0.000000e+00
 0.000000e+00 0.000000e+00 0.000000e+00 0.000000e+00 0.000000e+00 0.000000e+00 0.000000e+00 0.000000e+00 0.000000e+00 0.000000e+00 0.000000e+00 0.000000e+00 0.000000e+00 0.000000e+00 0.000000e+00 4.444444e-01 5.555556e-01 0.000000e+00 0.000000e+00 0.000000e+00 0.000000e+00 0.000000e+00 0.000000e+00 0.000000e+00 0.000000e+00 0.000000e+00 0.000000e+00 0.000000e+00 0.000000e+00 0.000000e+00 0.000000e+00 0.000000e+00 0.000000e+00 0.000000e+00 0.000000e+00 0.000000e+00 0.000000e+00
 0.000000e+00 0.000000e+00 0.000000e+00 0.000000e+00 0.000000e+00 0.000000e+00 0.000000e+00 0.000000e+00 0.000000e+00 0.000000e+00 0.000000e+00 0.000000e+00 0.000000e+00 0.000000e+00 0.000000e+00 0.000000e+00 2.857143e-01 7.142857e-01 0.000000e+00 0.000000e+00 0.000000e+00 0.000000e+00 0.000000e+00 0.000000e+00 0.000000e+00 0.000000e+00 0.000000e+00 0.000000e+00 0.000000e+00 0.000000e+00 0.000000e+00 0.000000e+00 0.000000e+00 0.000000e+00 0.000000e+00 0.000000e+00 0.000000e+00
 0.000000e+00 0.000000e+00 0.000000e+00 0.000000e+00 0.000000e+00 0.000000e+00 0.000000e+00 0.000000e+00 0.000000e+00 0.000000e+00 0.000000e+00 0.000000e+00 0.000000e+00 0.000000e+00 0.000000e+00 0.000000e+00 0.000000e+00 3.750000e-01 6.250000e-01 0.000000e+00 0.000000e+00 0.000000e+00 0.000000e+00 0.000000e+00 0.000000e+00 0.000000e+00 0.000000e+00 0.000000e+00 0.000000e+00 0.000000e+00 0.000000e+00 0.000000e+00 0.000000e+00 0.000000e+00 0.000000e+00 0.000000e+00 0.000000e+00
 0.000000e+00 0.000000e+00 0.000000e+00 0.000000e+00 0.000000e+00 0.000000e+00 0.000000e+00 0.000000e+00 0.000000e+00 0.000000e+00 0.000000e+00 0.000000e+00 0.000000e+00 0.000000e+00 0.000000e+00 0.000000e+00 0.000000e+00 0.000000e+00 3.750000e-01 6.250000e-01 0.000000e+00 0.000000e+00 0.000000e+00 0.000000e+00 0.000000e+00 0.000000e+00 0.000000e+00 0.000000e+00 0.000000e+00 0.000000e+00 0.000000e+00 0.000000e+00 0.000000e+00 0.000000e+00 0.000000e+00 0.000000e+00 0.000000e+00
 0.000000e+00 0.000000e+00 0.000000e+00 0.000000e+00 0.000000e+00 0.000000e+00 0.000000e+00 0.000000e+00 0.000000e+00 0.000000e+00 0.000000e+00 0.000000e+00 0.000000e+00 0.000000e+00 0.000000e+00 0.000000e+00 0.000000e+00 0.000000e+00 0.000000e+00 3.750000e-01 6.250000e-01 0.000000e+00 0.000000e+00 0.000000e+00 0.000000e+00 0.000000e+00 0.000000e+00 0.000000e+00 0.000000e+00 0.000000e+00 0.000000e+00 0.000000e+00 0.000000e+00 0.000000e+00 0.000000e+00 0.000000e+00 0.000000e+00
 0.000000e+00 0.000000e+00 0.000000e+00 0.000000e+00 0.000000e+00 0.000000e+00 0.000000e+00 0.000000e+00 0.000000e+00 0.000000e+00 0.000000e+00 0.000000e+00 0.000000e+00 0.000000e+00 0.000000e+00 0.000000e+00 0.000000e+00 0.000000e+00 0.000000e+00 0.000000e+00 3.750000e-01 6.250000e-01 0.000000e+00 0.000000e+00 0.000000e+00 0.000000e+00 0.000000e+00 0.000000e+00 0.000000e+00 0.000000e+00 0.000000e+00 0.000000e+00 0.000000e+00 0.000000e+00 0.000000e+00 0.000000e+00 0.000000e+00
 0.000000e+00 0.000000e+00 0.000000e+00 0.000000e+00 0.000000e+00 0.000000e+00 0.000000e+00 0.000000e+00 0.000000e+00 0.000000e+00 0.000000e+00 0.000000e+00 0.000000e+00 0.000000e+00 0.000000e+00 0.000000e+00 0.000000e+00 0.000000e+00 0.000000e+00 0.000000e+00 0.000000e+00 3.750000e-01 6.250000e-01 0.000000e+00 0.000000e+00 0.000000e+00 0.000000e+00 0.000000e+00 0.000000e+00 0.000000e+00 0.000000e+00 0.000000e+00 0.000000e+00 0.000000e+00 0.000000e+00 0.000000e+00 0.000000e+00
 0.000000e+00 0.000000e+00 0.000000e+00 0.000000e+00 0.000000e+00 0.000000e+00 0.000000e+00 0.000000e+00 0.000000e+00 0.000000e+00 0.000000e+00 0.000000e+00 0.000000e+00 0.000000e+00 0.000000e+00 0.000000e+00 0.000000e+00 0.000000e+00 0.000000e+00 0.000000e+00 0.000000e+00 0.000000e+00 2.857143e-01 7.142857e-01 0.000000e+00 0.000000e+00 0.000000e+00 0.000000e+00 0.000000e+00 0.000000e+00 0.000000e+00 0.000000e+00 0.000000e+00 0.000000e+00 0.000000e+00 0.000000e+00 0.000000e+00
 0.000000e+00 0.000000e+00 0.000000e+00 0.000000e+00 0.000000e+00 0.000000e+00 0.000000e+00 0.000000e+00 0.000000e+00 0.000000e+00 0.000000e+00 0.000000e+00 0.000000e+00 0.000000e+00 0.000000e+00 0.000000e+00 0.000000e+00 0.000000e+00 0.000000e+00 0.000000e+00 0.000000e+00 0.000000e+00 0.000000e+00 1.666667e-01 8.333333e-01 0.000000e+00 0.000000e+00 0.000000e+00 0.000000e+00 0.000000e+00 0.000000e+00 0.000000e+00 0.000000e+00 0.000000e+00 0.000000e+00 0.000000e+00 0.000000e+00
 0.000000e+00 0.000000e+00 0.000000e+00 0.000000e+00 0.000000e+00 0.000000e+00 0.000000e+00 0.000000e+00 0.000000e+00 0.000000e+00 0.000000e+00 0.000000e+00 0.000000e+00 0.000000e+00 0.000000e+00 0.000000e+00 0.000000e+00 0.000000e+00 0.000000e+00 0.000000e+00 0.000000e+00 0.000000e+00 0.000000e+00 0.000000e+00 5.454546e-01 4.545455e-01 0.000000e+00 0.000000e+00 0.000000e+00 0.000000e+00 0.000000e+00 0.000000e+00 0.000000e+00 0.000000e+00 0.000000e+00 0.000000e+00 0.000000e+00
 0.000000e+00 0.000000e+00 0.000000e+00 0.000000e+00 0.000000e+00 0.000000e+00 0.000000e+00 0.000000e+00 0.000000e+00 0.000000e+00 0.000000e+00 0.000000e+00 0.000000e+00 0.000000e+00 0.000000e+00 0.000000e+00 0.000000e+00 0.000000e+00 0.000000e+00 0.000000e+00 0.000000e+00 0.000000e+00 0.000000e+00 0.000000e+00 0.000000e+00 2.857143e-01 7.142857e-01 0.000000e+00 0.000000e+00 0.000000e+00 0.000000e+00 0.000000e+00 0.000000e+00 0.000000e+00 0.000000e+00 0.000000e+00 0.000000e+00
 0.000000e+00 0.000000e+00 0.000000e+00 0.000000e+00 0.000000e+00 0.000000e+00 0.000000e+00 0.000000e+00 0.000000e+00 0.000000e+00 0.000000e+00 0.000000e+00 0.000000e+00 0.000000e+00 0.000000e+00 0.000000e+00 0.000000e+00 0.000000e+00 0.000000e+00 0.000000e+00 0.000000e+00 0.000000e+00 0.000000e+00 0.000000e+00 0.000000e+00 0.000000e+00 4.444444e-01 5.555556e-01 0.000000e+00 0.000000e+00 0.000000e+00 0.000000e+00 0.000000e+00 0.000000e+00 0.000000e+00 0.000000e+00 0.000000e+00
 0.000000e+00 0.000000e+00 0.000000e+00 0.000000e+00 0.000000e+00 0.000000e+00 0.000000e+00 0.000000e+00 0.000000e+00 0.000000e+00 0.000000e+00 0.000000e+00 0.000000e+00 0.000000e+00 0.000000e+00 0.000000e+00 0.000000e+00 0.000000e+00 0.000000e+00 0.000000e+00 0.000000e+00 0.000000e+00 0.000000e+00 0.000000e+00 0.000000e+00 0.000000e+00 0.000000e+00 3.750000e-01 6.250000e-01 0.000000e+00 0.000000e+00 0.000000e+00 0.000000e+00 0.000000e+00 0.000000e+00 0.000000e+00 0.000000e+00
 0.000000e+00 0.000000e+00 0.000000e+00 0.000000e+00 0.000000e+00 0.000000e+00 0.000000e+00 0.000000e+00 0.000000e+00 0.000000e+00 0.000000e+00 0.000000e+00 0.000000e+00 0.000000e+00 0.000000e+00 0.000000e+00 0.000000e+00 0.000000e+00 0.000000e+00 0.000000e+00 0.000000e+00 0.000000e+00 0.000000e+00 0.000000e+00 0.000000e+00 0.000000e+00 0.000000e+00 0.000000e+00 3.750000e-01 6.250000e-01 0.000000e+00 0.000000e+00 0.000000e+00 0.000000e+00 0.000000e+00 0.000000e+00 0.000000e+00
 0.000000e+00 0.000000e+00 0.000000e+00 0.000000e+00 0.000000e+00 0.000000e+00 0.000000e+00 0.000000e+00 0.000000e+00 0.000000e+00 0.000000e+00 0.000000e+00 0.000000e+00 0.000000e+00 0.000000e+00 0.000000e+00 0.000000e+00 0.000000e+00 0.000000e+00 0.000000e+00 0.000000e+00 0.000000e+00 0.000000e+00 0.000000e+00 0.000000e+00 0.000000e+00 0.000000e+00 0.000000e+00 0.000000e+00 2.857143e-01 7.142857e-01 0.000000e+00 0.000000e+00 0.000000e+00 0.000000e+00 0.000000e+00 0.000000e+00
 0.000000e+00 0.000000e+00 0.000000e+00 0.000000e+00 0.000000e+00 0.000000e+00 0.000000e+00 0.000000e+00 0.000000e+00 0.000000e+00 0.000000e+00 0.000000e+00 0.000000e+00 0.000000e+00 0.000000e+00 0.000000e+00 0.000000e+00 0.000000e+00 0.000000e+00 0.000000e+00 0.000000e+00 0.000000e+00 0.000000e+00 0.000000e+00 0.000000e+00 0.000000e+00 0.000000e+00 0.000000e+00 0.000000e+00 0.000000e+00 4.444444e-01 5.555556e-01 0.000000e+00 0.000000e+00 0.000000e+00 0.000000e+00 0.000000e+00
 0.000000e+00 0.000000e+00 0.000000e+00 0.000000e+00 0.000000e+00 0.000000e+00 0.000000e+00 0.000000e+00 0.000000e+00 0.000000e+00 0.000000e+00 0.000000e+00 0.000000e+00 0.000000e+00 0.000000e+00 0.000000e+00 0.000000e+00 0.000000e+00 0.000000e+00 0.000000e+00 0.000000e+00 0.000000e+00 0.000000e+00 0.000000e+00 0.000000e+00 0.000000e+00 0.000000e+00 0.000000e+00 0.000000e+00 0.000000e+00 0.000000e+00 4.444444e-01 5.555556e-01 0.000000e+00 0.000000e+00 0.000000e+00 0.000000e+00
 0.000000e+00 0.000000e+00 0.000000e+00 0.000000e+00 0.000000e+00 0.000000e+00 0.000000e+00 0.000000e+00 0.000000e+00 0.000000e+00 0.000000e+00 0.000000e+00 0.000000e+00 0.000000e+00 0.000000e+00 0.000000e+00 0.000000e+00 0.000000e+00 0.000000e+00 0.000000e+00 0.000000e+00 0.000000e+00 0.000000e+00 0.000000e+00 0.000000e+00 0.000000e+00 0.000000e+00 0.000000e+00 0.000000e+00 0.000000e+00 0.000000e+00 0.000000e+00 3.750000e-01 6.250000e-01 0.000000e+00 0.000000e+00 0.000000e+00
 0.000000e+00 0.000000e+00 0.000000e+00 0.000000e+00 0.000000e+00 0.000000e+00 0.000000e+00 0.000000e+00 0.000000e+00 0.000000e+00 0.000000e+00 0.000000e+00 0.000000e+00 0.000000e+00 0.000000e+00 0.000000e+00 0.000000e+00 0.000000e+00 0.000000e+00 0.000000e+00 0.000000e+00 0.000000e+00 0.000000e+00 0.000000e+00 0.000000e+00 0.000000e+00 0.000000e+00 0.000000e+00 0.000000e+00 0.000000e+00 0.000000e+00 0.000000e+00 0.000000e+00 2.857143e-01 7.142857e-01 0.000000e+00 0.000000e+00
 0.000000e+00 0.000000e+00 0.000000e+00 0.000000e+00 0.000000e+00 0.000000e+00 0.000000e+00 0.000000e+00 0.000000e+00 0.000000e+00 0.000000e+00 0.000000e+00 0.000000e+00 0.000000e+00 0.000000e+00 0.000000e+00 0.000000e+00 0.000000e+00 0.000000e+00 0.000000e+00 0.000000e+00 0.000000e+00 0.000000e+00 0.000000e+00 0.000000e+00 0.000000e+00 0.000000e+00 0.000000e+00 0.000000e+00 0.000000e+00 0.000000e+00 0.000000e+00 0.000000e+00 0.000000e+00 4.444444e-01 5.555556e-01 0.000000e+00
 0.000000e+00 0.000000e+00 0.000000e+00 0.000000e+00 0.000000e+00 0.000000e+00 0.000000e+00 0.000000e+00 0.000000e+00 0.000000e+00 0.000000e+00 0.000000e+00 0.000000e+00 0.000000e+00 0.000000e+00 0.000000e+00 0.000000e+00 0.000000e+00 0.000000e+00 0.000000e+00 0.000000e+00 0.000000e+00 0.000000e+00 0.000000e+00 0.000000e+00 0.000000e+00 0.000000e+00 0.000000e+00 0.000000e+00 0.000000e+00 0.000000e+00 0.000000e+00 0.000000e+00 0.000000e+00 0.000000e+00 0.000000e+00 1.000000e+00
 0.000000e+00 0.000000e+00 0.000000e+00 0.000000e+00 0.000000e+00 0.000000e+00 0.000000e+00 0.000000e+00 0.000000e+00 0.000000e+00 0.000000e+00 0.000000e+00 0.000000e+00 0.000000e+00 0.000000e+00 0.000000e+00 0.000000e+00 0.000000e+00 0.000000e+00 0.000000e+00 0.000000e+00 0.000000e+00 0.000000e+00 0.000000e+00 0.000000e+00 0.000000e+00 0.000000e+00 0.000000e+00 0.000000e+00 0.000000e+00 0.000000e+00 0.000000e+00 0.000000e+00 0.000000e+00 0.000000e+00 0.000000e+00 0.000000e+00
<ENDHMM>
