~o
<STREAMINFO> 1 39
<VECSIZE> 39<NULLD><MFCC_E_D_A><DIAGC>
~h "Tawng"
<BEGINHMM>
<NUMSTATES> 37
<STATE> 2
<MEAN> 39
 -6.777137e+00 -9.108111e+00 -1.728636e+00 -2.141285e+00 -3.686987e-01 -3.853182e+00 1.727315e-02 -1.599774e+00 -4.164534e-02 -1.937722e+00 4.049262e+00 7.894141e-01 -8.993484e-02 -7.613167e-01 -3.640908e-01 -1.039032e+00 -2.222677e-01 -9.709547e-02 1.108587e+00 3.785981e-01 6.863104e-01 3.234361e-01 6.799078e-02 -9.037697e-02 5.243485e-02 -8.621776e-03 -1.011396e-01 2.342595e-01 -2.631215e-01 -1.098513e-01 2.364675e-01 1.343745e-01 3.799246e-01 2.392253e-01 4.462894e-01 -4.190506e-01 -5.003163e-01 -2.744451e-01 3.134207e-02
<VARIANCE> 39
 2.938031e+00 3.196193e+00 2.919468e+00 7.630433e+00 3.375494e+00 6.852078e+00 8.154760e+00 2.605182e+00 2.360852e+01 5.965915e+00 7.681172e+00 1.056544e+01 1.000000e-02 4.463184e-01 3.553081e-01 2.553614e-01 1.105214e+00 6.205763e-01 4.382974e-01 8.568178e-01 8.178560e-01 2.196895e+00 1.233244e+00 8.490423e-01 2.120728e+00 1.000000e-02 4.209859e-01 2.931046e-01 5.542411e-01 1.053651e-01 2.747971e-01 2.246323e-01 2.219807e-01 1.427431e-01 6.036003e-01 1.453774e-01 2.072646e-01 1.861301e-01 1.000000e-02
<GCONST> 5.870880e+01
<STATE> 3
<MEAN> 39
 -8.030495e+00 -8.983323e+00 -3.169223e+00 -1.670174e+00 1.100673e+00 -7.581187e-01 2.185202e+00 2.358425e-01 2.444101e+00 -1.305042e+00 3.930097e+00 -1.166050e+00 -1.208323e-01 -9.186808e-01 1.085894e+00 -1.130343e+00 -7.778684e-01 7.325612e-01 2.695214e-01 8.044844e-01 5.746630e-01 9.031000e-01 -1.254293e+00 -8.054126e-01 -4.049410e-02 9.216288e-02 -1.768442e-01 -2.926105e-01 -5.605556e-01 -3.640523e-01 1.777732e-01 -4.958481e-01 3.065442e-01 -9.383655e-02 -1.576674e-01 -6.684524e-01 -4.612411e-01 -1.264956e-01 5.710772e-02
<VARIANCE> 39
 3.437357e+00 2.388145e+00 3.615359e+00 6.774401e+00 7.190422e+00 6.012567e+00 1.755180e+00 4.674129e+00 7.607165e+00 6.874724e+00 4.017988e+00 6.911310e+00 1.000000e-02 4.193847e+00 2.317993e+00 5.191189e+00 2.037058e+00 3.121508e+00 4.921775e-01 6.464874e-01 1.263927e+00 3.467767e+00 1.288302e+00 1.258402e+00 2.591649e+00 1.000000e-02 3.521287e-01 5.284841e-01 8.578468e-01 2.688767e-01 2.064872e-01 3.770424e-01 3.352302e-01 1.735256e-01 4.611211e-01 3.188263e-02 2.615443e-01 2.748816e-01 1.000000e-02
<GCONST> 6.845857e+01
<STATE> 4
<MEAN> 39
 -7.413932e+00 -6.499725e+00 -3.148502e+00 -2.529230e+00 1.463000e+00 -2.117190e+00 2.252865e+00 -2.827123e-01 2.046437e+00 -5.150416e+00 1.894309e+00 1.338175e-02 1.098507e-01 -1.041445e+00 -8.581833e-01 -2.905001e+00 -1.401115e+00 2.235603e-01 -5.604208e-01 1.457131e+00 8.199614e-01 2.693248e-02 -2.412625e+00 -1.710264e+00 -1.190636e-01 1.863926e-01 -5.575217e-02 -1.312829e+00 -1.088582e+00 6.021702e-03 -1.279478e-01 -4.775530e-01 2.245498e-01 -1.067031e-01 -4.237312e-01 -2.103870e-01 -2.667619e-01 1.138634e-02 3.800268e-02
<VARIANCE> 39
 3.527332e+01 3.675312e+01 2.857941e+01 4.173795e+01 1.038071e+01 1.984823e+01 4.756604e+00 1.704310e+01 8.654829e+00 1.872457e+01 3.662739e+00 1.451116e+01 6.960554e-02 3.096713e+00 4.705204e+00 9.436950e+00 5.014108e-01 1.981331e+00 6.991310e+00 2.591350e+00 8.445020e-01 1.924775e+00 6.727055e-01 2.136371e+00 1.167027e+00 1.289019e-02 5.275124e-01 6.023621e-01 9.440833e-01 8.545919e-01 8.504578e-01 5.744044e-01 2.303886e-01 3.181787e-01 4.055129e-01 2.522509e-01 1.000795e-01 4.049418e-01 1.000000e-02
<GCONST> 9.173213e+01
<STATE> 5
<MEAN> 39
 -1.429931e+01 -6.302833e+00 -1.065996e+01 -7.613042e+00 2.960871e+00 -3.392370e+00 5.272137e+00 1.700212e+00 3.367195e+00 -7.513510e+00 -4.963264e-01 -2.083711e+00 4.366362e-01 -6.143643e-01 -3.964590e+00 -5.256693e+00 -1.243174e+00 -2.512054e-01 -2.343166e+00 1.876098e+00 3.869919e-01 -5.742182e-01 -2.061013e+00 -2.233284e+00 -4.584695e-01 2.395100e-01 8.327324e-01 -1.608991e+00 -1.385547e-01 7.992024e-01 1.088201e-02 3.309014e-02 -2.799920e-01 -3.922174e-01 -3.433984e-01 3.100057e-01 1.327853e-01 6.296894e-02 -3.830460e-03
<VARIANCE> 39
 3.353502e+01 5.987760e+01 9.191405e+01 1.390004e+01 5.396179e+01 9.427283e+01 3.253917e+01 6.814069e+00 9.595835e+00 1.585480e+01 2.664172e+01 1.270300e+01 1.296766e-01 8.294058e-01 3.253608e+00 1.457755e+00 2.916149e+00 3.348520e+00 3.975437e+00 1.185041e+00 3.424671e-01 4.405774e-01 3.941912e-01 1.511931e+00 9.340373e-01 1.000000e-02 6.385943e-01 1.269866e+00 2.053098e+00 2.518919e-01 8.558480e-01 1.752550e+00 3.228890e-01 3.030199e-01 3.956384e-01 5.318219e-01 2.687305e-01 2.530109e-01 1.000000e-02
<GCONST> 9.565308e+01
<STATE> 6
<MEAN> 39
 -9.574430e+00 -2.136889e+01 -2.088963e+01 -5.390083e+00 2.417657e+00 -7.751570e+00 1.010100e+01 1.342007e+00 8.401717e-02 -1.240944e+01 -5.284009e+00 -1.627109e+00 8.504865e-01 7.796133e-01 -4.915006e+00 -2.794324e+00 1.494901e+00 8.556075e-01 6.218504e-01 3.004386e-01 -1.160631e+00 -1.027738e+00 -1.245666e+00 -8.730948e-01 -1.876332e-01 1.272473e-01 2.965448e-01 6.656140e-01 1.679689e+00 4.841340e-01 5.005270e-01 8.556552e-01 -9.316759e-01 -3.892621e-01 1.116909e-01 1.004495e+00 7.587406e-01 -1.996359e-01 -5.832092e-02
<VARIANCE> 39
 4.200432e+00 8.042747e+00 8.534816e+00 1.601108e+01 2.276960e+01 4.194666e+01 3.157360e+01 1.108302e+01 1.593981e+01 4.242527e+00 1.819219e+01 8.854559e+00 1.000000e-02 2.921975e+00 6.577010e+00 6.163916e+00 1.891783e+00 3.523016e+00 4.004247e+00 1.206863e+00 1.507210e+00 6.872165e-01 2.694033e+00 7.284444e-01 1.105748e+00 1.000000e-02 8.687785e-02 3.216313e-01 3.613978e-02 2.157420e-01 3.273598e-01 3.852517e-01 3.993543e-01 1.409054e-01 1.737096e-01 8.809536e-02 3.536426e-01 1.897627e-01 1.000000e-02
<GCONST> 7.711030e+01
<STATE> 7
<MEAN> 39
 -9.761046e+00 -2.356600e+01 -2.007111e+01 -3.473656e+00 3.491398e+00 -2.648950e+00 5.578591e+00 -3.084646e+00 -7.777708e-01 -1.141041e+01 -5.260593e+00 -2.149746e+00 9.261886e-01 4.725945e-01 -1.694293e+00 1.430065e-01 1.001123e+00 1.446072e+00 6.277643e-01 -9.058343e-01 -6.800892e-01 -4.940451e-01 9.089274e-01 3.739982e-01 -8.038526e-01 5.016720e-02 -1.224255e-01 1.015581e+00 8.270122e-01 -1.029809e-01 -2.936669e-03 1.042839e-01 -3.053435e-01 3.475354e-01 5.363216e-01 3.126000e-01 4.278347e-01 -2.050053e-02 -3.156129e-02
<VARIANCE> 39
 3.987546e+00 4.740236e+00 1.846912e+01 1.770389e+01 2.770276e+01 2.331101e+01 2.158092e+01 2.121347e+01 1.884664e+00 5.283306e+00 1.625216e+01 7.153969e+00 1.000000e-02 2.091283e-01 3.185740e+00 1.564795e+00 5.952300e-01 6.628829e-01 1.087704e+00 1.579732e+00 1.339998e+00 6.307427e-01 4.214017e-01 1.064542e+00 3.139108e-01 1.000000e-02 1.445689e-01 6.213872e-01 8.085078e-01 2.513193e-01 8.277746e-01 5.175512e-01 1.729179e-01 1.699271e-01 6.792852e-02 3.262527e-01 3.597598e-01 1.313691e-01 1.000000e-02
<GCONST> 6.852666e+01
<STATE> 8
<MEAN> 39
 -8.774789e+00 -2.607724e+01 -2.008731e+01 -3.063517e+00 6.544789e+00 -3.351028e+00 4.873599e+00 3.294750e-01 -3.843710e-01 -9.415781e+00 -3.024844e+00 -3.908062e+00 9.625480e-01 1.548263e-01 -9.459160e-01 9.545258e-01 6.576051e-01 1.525275e+00 7.416297e-01 -9.065163e-01 -7.826857e-03 9.889087e-01 6.299946e-01 8.815224e-01 -4.652550e-01 2.376460e-02 -1.172507e-01 6.137885e-01 5.277967e-01 -8.342654e-02 -1.840739e-01 -2.225617e-01 2.519308e-01 -2.680644e-02 4.828257e-01 -2.729871e-01 2.381041e-01 1.445507e-01 -2.143488e-02
<VARIANCE> 39
 8.205402e+00 5.962352e+00 7.677074e+00 1.420783e+01 3.900959e+01 1.470306e+01 9.917653e+00 1.850329e+01 7.111931e+00 8.644677e+00 8.824760e+00 1.346187e+01 1.000000e-02 1.538942e-01 1.840234e-01 8.969840e-01 2.991496e-01 2.716032e+00 9.510357e-01 5.689160e-01 4.036084e-01 2.586640e-01 6.849157e-01 1.511787e+00 8.339935e-01 1.000000e-02 3.600763e-02 3.666757e-01 6.172797e-01 2.960913e-02 4.340567e-01 2.417091e-01 6.303838e-02 4.970233e-01 6.885953e-02 1.710247e-01 2.481264e-01 1.181130e-01 1.000000e-02
<GCONST> 5.798454e+01
<STATE> 9
<MEAN> 39
 -9.800826e+00 -2.748100e+01 -1.629160e+01 -1.841080e+00 6.746272e+00 -1.004410e+00 3.325777e+00 -1.731514e+00 3.448993e+00 -9.464438e+00 -1.625557e+00 -3.029096e+00 9.866253e-01 3.657828e-01 -7.250692e-01 9.893610e-01 2.769769e-01 3.673757e-01 2.377759e-01 -2.978820e-01 -3.984057e-01 1.194318e+00 -5.761201e-01 2.202221e-01 -7.870616e-02 8.616635e-03 7.566165e-03 1.293606e-01 -1.369802e-01 -3.677208e-01 -4.367316e-01 3.829761e-02 1.637922e-01 7.254500e-02 -8.319282e-02 -4.584981e-01 -2.228536e-01 4.183044e-02 -8.334537e-03
<VARIANCE> 39
 5.689435e+00 3.411608e+00 1.358011e+01 1.318935e+01 2.680865e+01 1.430784e+01 1.040322e+01 1.136776e+01 3.737000e+00 1.188245e+01 7.368279e+00 9.103626e+00 1.000000e-02 2.433612e-01 3.829901e-01 4.818797e-01 4.772532e-01 1.978938e+00 1.739550e+00 9.715345e-01 2.086184e+00 6.207044e-01 6.117691e-01 1.150370e+00 6.481285e-01 1.000000e-02 2.558588e-02 2.755063e-02 1.214806e-01 6.022663e-02 3.044486e-01 1.178157e-01 7.570350e-02 1.275268e-01 2.651668e-02 2.417620e-01 1.960126e-01 3.387036e-02 1.000000e-02
<GCONST> 5.136725e+01
<STATE> 10
<MEAN> 39
 -6.691035e+00 -2.676154e+01 -1.618749e+01 -9.120384e-01 1.039867e+01 -3.867872e+00 5.182741e+00 -1.426798e+00 2.784687e+00 -1.102821e+01 -1.708393e+00 -4.170294e+00 9.920978e-01 7.770352e-02 -4.621459e-01 1.374176e-01 -3.372123e-01 -3.490498e-01 5.155640e-01 -1.755078e-01 -8.359020e-02 3.873044e-01 -1.569485e+00 6.347784e-02 -4.294776e-01 -4.606492e-03 -2.152736e-01 2.072572e-01 -2.770307e-01 -3.492942e-01 -2.520268e-01 1.677962e-01 -1.074973e-01 -1.074472e-02 -2.922329e-01 -5.281784e-01 2.697783e-03 -1.576433e-01 -6.325053e-03
<VARIANCE> 39
 6.222496e+00 6.621916e+00 1.860930e+01 2.183573e+01 2.777714e+01 4.089658e+01 7.361283e+00 1.606470e+01 1.789996e+01 9.918939e+00 6.953540e+00 6.454011e+00 1.000000e-02 9.896861e-02 1.898751e-01 1.681439e-01 3.727918e-01 5.293000e-01 3.511107e-01 1.225408e-01 5.570378e-01 6.573333e-01 1.731560e+00 1.513422e+00 8.266994e-02 1.000000e-02 1.425077e-02 5.048325e-02 2.768778e-02 1.598262e-01 2.268387e-01 1.897229e-01 1.293268e-01 4.154305e-01 4.353184e-02 3.155914e-01 1.319319e-01 1.632879e-01 1.000000e-02
<GCONST> 4.846609e+01
<STATE> 11
<MEAN> 39
 -8.695286e+00 -2.936255e+01 -1.615614e+01 -3.205355e+00 6.295946e+00 -4.044063e-01 3.735625e+00 -2.128506e+00 4.482004e+00 -1.389252e+01 -9.156107e-01 -5.253151e+00 9.744223e-01 -2.918883e-01 1.521758e-01 1.615098e-01 -7.373062e-01 -2.023093e-01 7.222225e-01 -5.725759e-01 -1.036347e-01 2.532783e-01 -1.544628e+00 2.932806e-01 -4.661048e-01 -1.515826e-02 -9.119843e-02 4.245667e-01 6.921871e-02 -1.204594e-01 2.677263e-01 -2.082202e-01 -3.106639e-01 2.983779e-03 -1.384751e-01 -3.691019e-01 -5.576182e-02 5.312318e-02 -6.042819e-03
<VARIANCE> 39
 4.978422e+00 5.133673e+00 1.719025e+01 1.715231e+01 3.780192e+01 4.295564e+01 1.147744e+01 3.847755e+00 2.136010e+01 2.380293e+01 1.321913e+01 1.656791e+01 1.000000e-02 1.979107e-01 1.625023e-01 7.237262e-02 9.795444e-01 5.698527e-01 4.689143e-01 6.919413e-01 2.314437e+00 4.725439e-01 2.112791e+00 3.546421e-01 1.403311e+00 1.000000e-02 3.278156e-02 6.228489e-02 2.540572e-02 9.128259e-02 1.094230e-01 1.666719e-01 1.433477e-01 1.687087e-01 8.851381e-02 2.639649e-01 2.470806e-01 6.382850e-02 1.000000e-02
<GCONST> 5.406517e+01
<STATE> 12
<MEAN> 39
 -9.017292e+00 -2.721630e+01 -1.583283e+01 -3.913213e+00 7.264849e+00 -1.607187e-01 2.028915e+00 -1.345843e+00 4.463772e+00 -1.538728e+01 -1.082271e+00 -4.782958e+00 9.460639e-01 -2.678651e-02 9.280804e-01 6.414872e-01 -9.292895e-01 5.611364e-01 -3.277424e-02 -9.694366e-01 -1.196814e-02 4.705866e-01 -2.132738e+00 6.081259e-01 8.343563e-02 -2.026381e-02 2.256835e-01 1.566305e-01 2.695194e-01 -1.223273e-01 1.135936e-01 -3.973413e-01 -1.413189e-01 -1.025625e-01 1.421472e-01 -1.393628e-02 1.712966e-02 1.044592e-02 -5.904016e-03
<VARIANCE> 39
 9.915122e+00 2.168923e+00 1.920218e+01 5.159419e+00 3.108118e+01 2.982831e+01 1.014648e+01 1.518690e+00 3.262407e+01 3.743710e+01 2.355478e+01 2.466660e+01 1.000000e-02 2.992122e-01 2.831672e-01 1.340239e-01 6.526065e-01 6.865010e-01 3.261830e-01 5.255151e-01 7.566456e-01 6.346527e-01 1.202547e+00 1.471968e+00 8.944752e-01 1.000000e-02 3.338414e-02 1.273978e-01 4.342388e-02 1.002657e-01 7.267626e-02 4.854742e-02 1.948061e-01 1.313419e-01 3.776915e-01 8.346648e-01 2.583282e-01 2.235026e-01 1.000000e-02
<GCONST> 5.703096e+01
<STATE> 13
<MEAN> 39
 -8.880235e+00 -2.596155e+01 -1.439326e+01 -5.751368e+00 9.699757e+00 -1.252716e+00 1.039912e+00 -3.363102e+00 3.926733e+00 -2.273878e+01 -5.520054e-01 -6.633970e+00 9.007111e-01 2.813964e-01 8.593996e-01 8.999223e-01 -9.593234e-01 1.555817e-01 -5.781379e-01 -1.562965e+00 -1.065226e-01 5.631504e-01 -2.276448e+00 5.517350e-02 -3.952836e-02 -3.487476e-02 3.777053e-01 -1.099176e-01 2.402895e-01 3.473373e-02 -3.809977e-01 -1.307737e-01 -3.405246e-01 1.602257e-01 -1.371082e-01 6.997018e-01 -7.109952e-02 2.341452e-01 -6.061615e-03
<VARIANCE> 39
 4.271334e+00 5.758846e+00 1.354634e+01 1.004682e+01 2.697505e+01 4.323444e+01 1.896640e+01 6.799862e+00 3.039886e+01 2.494413e+01 2.937824e+00 3.517069e+01 1.000000e-02 3.055587e-01 5.653502e-01 3.340751e-01 3.895069e-01 3.148680e-01 6.420111e-01 1.540531e+00 6.159680e-01 2.253553e+00 3.680799e+00 7.243060e-01 8.385397e-01 1.000000e-02 3.106310e-02 6.878459e-02 6.127131e-02 8.296084e-02 1.244244e-01 9.938595e-02 1.385972e-01 1.216899e-01 2.065926e-01 3.771322e-01 7.340706e-02 2.719004e-01 1.000000e-02
<GCONST> 5.896659e+01
<STATE> 14
<MEAN> 39
 -7.750858e+00 -2.443881e+01 -1.306158e+01 -6.941668e+00 7.856734e+00 -2.339974e+00 -1.555516e+00 -2.027825e+00 7.392311e+00 -2.185701e+01 -8.216747e-01 -5.724018e+00 8.467782e-01 8.771930e-01 1.957867e-01 1.207947e+00 -7.208587e-01 -7.542638e-01 -3.322214e-01 -1.838938e+00 -2.153758e-01 -2.005878e-01 -7.070327e-01 -3.034621e-01 -4.135376e-01 -4.229448e-02 3.658366e-01 -4.855630e-01 3.681134e-01 1.484965e-02 -2.222612e-01 4.195378e-02 -1.176411e-01 -4.437876e-02 -9.432938e-01 1.090416e+00 -4.258008e-01 -1.900318e-02 -3.993388e-03
<VARIANCE> 39
 1.067906e+01 1.566539e+01 2.201077e+01 1.003731e+01 2.104632e+01 1.027997e+01 2.463706e+01 1.549604e+01 1.590453e+01 5.625900e+01 2.722820e-01 6.452016e+00 1.000000e-02 2.448406e-01 4.272525e-01 8.052192e-01 5.644010e-01 1.692874e+00 8.485874e-01 1.685974e+00 1.756412e+00 1.817149e+00 1.075085e+00 7.128252e-01 1.196439e+00 1.000000e-02 1.185197e-01 1.714260e-01 1.495878e-01 7.527807e-02 1.490099e-01 8.760542e-02 3.103074e-01 1.733018e-01 3.908487e-01 1.067000e+00 1.563204e-01 2.375476e-01 1.000000e-02
<GCONST> 6.616119e+01
<STATE> 15
<MEAN> 39
 -6.998991e+00 -2.480314e+01 -1.132027e+01 -7.713312e+00 6.862659e+00 -6.705812e-01 -4.823582e+00 -1.723735e+00 5.703006e+00 -2.359856e+01 -2.167123e-01 -5.072115e+00 7.763132e-01 1.672797e+00 -6.282704e-01 2.078913e+00 -1.102290e+00 -1.016918e-01 -4.437692e-01 -1.510220e+00 -4.276675e-01 -2.021807e+00 1.758686e+00 -7.545527e-01 2.778749e-02 -4.816470e-02 4.006755e-01 -2.987502e-01 4.020609e-01 2.420922e-02 -1.137738e-01 5.464486e-02 3.480137e-01 7.290419e-02 -5.399876e-01 1.233518e+00 -2.744002e-01 8.881249e-02 1.715472e-04
<VARIANCE> 39
 1.114363e+01 1.777386e+01 1.351503e+01 2.004180e+01 1.059453e+01 2.808910e+01 4.432575e+01 2.325154e+01 1.372105e+01 2.453140e+01 4.865184e+00 1.683447e+01 1.000000e-02 7.621765e-01 5.467712e-01 1.550198e+00 2.570032e-01 2.793225e+00 5.961941e-01 2.087515e+00 9.236377e-01 9.989761e-01 5.280253e+00 8.318980e-01 1.592144e+00 1.000000e-02 5.805526e-02 1.914933e-01 1.066633e-01 1.580458e-01 8.573334e-02 6.147133e-02 5.165506e-01 2.184879e-01 4.691557e-01 4.352158e-01 4.387448e-02 2.731215e-01 1.000000e-02
<GCONST> 7.090244e+01
<STATE> 16
<MEAN> 39
 -2.193779e+00 -2.686884e+01 -6.539332e+00 -1.021109e+01 5.739649e+00 -4.577096e+00 -8.800015e+00 -3.977248e+00 -2.314368e-01 -1.848864e+01 -3.387142e+00 -5.779390e+00 6.983649e-01 2.187634e+00 -5.553463e-01 2.496980e+00 -5.900264e-01 -1.175265e+00 -1.439388e-01 -9.123109e-01 8.685095e-01 -2.501462e+00 3.666878e+00 -1.226777e+00 5.271783e-01 -3.812704e-02 -1.786415e-02 1.922151e-01 -4.044967e-01 2.104564e-01 -1.751365e-01 3.657214e-01 8.561285e-01 1.191777e-01 1.404493e-01 2.640162e-01 1.814477e-01 -2.665016e-01 6.611392e-03
<VARIANCE> 39
 1.639088e+01 7.901824e+00 2.711184e+01 1.104854e+01 1.627218e+01 3.020945e+01 2.135135e+01 2.782989e+01 9.019179e+00 1.714557e+01 1.264061e+01 2.836014e+01 1.000000e-02 3.050081e-01 8.878171e-01 6.891772e-01 3.377282e-01 2.324178e+00 3.374363e-01 2.812019e+00 8.884136e-01 2.091411e+00 2.258937e+00 4.431206e-01 1.281616e+00 1.000000e-02 2.067708e-01 1.374932e-01 3.104041e-01 1.036877e-01 1.417519e-01 2.754513e-01 3.994142e-01 2.075260e-01 2.959083e-01 6.691068e-01 9.367145e-02 6.465716e-01 1.000000e-02
<GCONST> 7.367757e+01
<STATE> 17
<MEAN> 39
 -4.761548e-01 -2.708726e+01 -1.899673e+00 -9.885800e+00 6.450593e+00 -1.497438e+00 -6.192567e+00 1.002428e+00 -1.686468e+00 -1.327799e+01 -4.968140e+00 -4.117102e+00 6.411521e-01 1.613336e+00 1.191593e-01 8.332554e-01 2.785813e-02 -1.677653e+00 1.281933e-01 3.047553e-01 -8.271082e-02 -6.990013e-01 1.911988e+00 1.157860e-01 -5.410469e-01 -3.408584e-02 -3.001786e-01 1.991418e-01 -8.677387e-01 3.048683e-01 -6.406216e-01 8.228215e-02 1.442327e-01 -6.769040e-01 7.030409e-01 -7.341111e-01 1.890858e-01 -2.532066e-02 6.021456e-03
<VARIANCE> 39
 9.691422e+00 4.706233e+00 7.963804e+00 4.083497e+00 3.101912e+01 2.174736e+01 6.054005e+00 2.102666e+01 4.783144e+00 1.357272e+01 8.617386e+00 4.606472e+00 1.000000e-02 7.735824e-01 8.261653e-01 1.077937e+00 1.895969e+00 1.421674e+00 1.290475e+00 2.177924e+00 1.041423e+00 7.229574e-01 2.582061e+00 4.960486e-01 3.668508e+00 1.000000e-02 9.465072e-02 1.142329e-01 1.153694e-01 8.448358e-02 4.460357e-01 8.416876e-02 3.365764e-01 1.959638e-01 8.006805e-02 2.752504e-01 2.223288e-01 4.243009e-01 1.000000e-02
<GCONST> 6.595969e+01
<STATE> 18
<MEAN> 39
 2.667559e+00 -2.626848e+01 -4.120802e+00 -1.100376e+01 -5.584576e-01 -2.033119e+00 -6.520612e+00 -2.269884e+00 -3.668312e+00 -9.202278e+00 -2.393421e+00 -8.508640e+00 6.155425e-01 7.858997e-01 1.410767e-01 -7.933763e-01 -8.160947e-02 -2.362288e+00 6.339152e-01 3.309964e-01 -2.134419e+00 9.785604e-02 4.638951e-01 -2.413588e-01 -2.800516e-01 -1.489836e-02 -3.625813e-01 1.796199e-01 -3.590899e-01 2.469756e-01 2.275080e-01 -3.324499e-01 1.459525e-02 -3.668405e-01 3.879769e-01 -1.071228e+00 -6.230967e-02 3.763998e-01 3.965151e-03
<VARIANCE> 39
 4.488616e+00 3.906245e-01 8.932679e+00 1.215333e+01 7.882439e+00 4.336394e+00 7.622004e+00 2.997252e+01 1.195136e+01 7.391527e+00 1.129722e+01 1.333643e+01 1.000000e-02 3.937950e-01 2.525138e-01 7.394093e-01 7.634858e-01 1.190120e+00 1.354676e+00 6.800474e-01 9.479623e-01 7.944207e-01 7.715678e-01 7.588732e-01 1.582582e+00 1.000000e-02 1.242315e-01 7.570427e-02 1.497122e-01 1.159957e-01 8.054075e-02 1.067581e-01 3.517014e-01 2.069241e-01 7.123781e-02 1.528883e-01 3.494596e-01 6.443673e-01 1.000000e-02
<GCONST> 5.631509e+01
<STATE> 19
<MEAN> 39
 3.103127e+00 -2.621030e+01 -5.160181e+00 -9.128870e+00 -2.982627e+00 -7.996057e-01 -7.003035e+00 -7.224905e+00 -5.149162e-02 -1.241089e+01 -5.986283e+00 -4.964259e+00 5.651109e-01 6.618689e-01 4.869127e-01 -5.245093e-01 1.031123e+00 -1.628653e+00 -6.349170e-01 2.823340e-01 -1.370826e+00 4.350774e-01 -7.540765e-01 -8.359388e-01 6.171736e-01 -1.458160e-02 -1.717479e-01 1.150894e-01 -3.334370e-02 2.511300e-01 5.855918e-01 -4.289448e-01 2.616057e-01 7.660475e-01 -2.516020e-01 -3.180326e-01 9.892407e-02 -1.669243e-01 3.125594e-03
<VARIANCE> 39
 1.443494e+00 1.652495e+00 1.652819e+00 1.706239e+01 7.426982e+00 3.403175e+00 8.547395e+00 8.432574e+00 1.034456e+01 1.277603e+01 1.018859e+01 2.111056e+01 1.000000e-02 1.990454e-01 7.915521e-02 1.612741e+00 6.455452e-01 8.099726e-01 4.465632e-01 8.383867e-01 1.296499e+00 8.128811e-01 5.433591e-01 2.142342e+00 1.172952e+00 1.000000e-02 7.765748e-02 1.000000e-02 1.029674e-01 6.139863e-02 1.192861e-01 1.711972e-01 1.653851e-01 1.670981e-01 1.190925e-01 1.744779e-01 1.822680e-01 5.005324e-01 1.000000e-02
<GCONST> 4.892116e+01
<STATE> 20
<MEAN> 39
 4.328101e+00 -2.480262e+01 -5.384243e+00 -7.552608e+00 -4.512679e+00 -3.968378e+00 -4.942530e+00 -7.658435e+00 -3.593249e+00 -1.165625e+01 -4.244191e+00 -5.411424e+00 5.664659e-01 3.744548e-01 5.632474e-01 -6.621734e-01 6.924006e-01 -9.351614e-01 -1.390223e+00 7.130702e-01 5.170663e-01 -8.113095e-01 -4.979323e-01 6.473440e-02 -5.982872e-01 -1.502649e-02 -1.193337e-01 -8.000505e-02 -1.479764e-02 -7.084532e-03 4.969196e-01 -6.424317e-03 -2.121562e-03 6.809446e-01 1.007055e-01 1.439583e-01 -9.526297e-02 -1.244673e-01 -5.339865e-04
<VARIANCE> 39
 3.312008e+00 1.837794e+00 2.329377e+01 3.826017e+01 6.412560e+00 4.736377e+00 1.384520e+01 9.992258e+00 2.190335e+01 2.025172e+01 1.866530e+01 1.022346e+01 1.000000e-02 2.096834e-01 9.496096e-02 1.152082e+00 1.090171e+00 2.448960e-01 8.200123e-01 1.118004e+00 4.631291e-01 3.018073e-01 1.405500e+00 1.511619e+00 1.270197e+00 1.000000e-02 4.514314e-02 1.305217e-02 3.140610e-01 1.442771e-01 2.082035e-01 1.105955e-01 3.788414e-01 1.654676e-01 3.914315e-01 2.505325e-01 4.548338e-01 8.196402e-02 1.000000e-02
<GCONST> 5.730957e+01
<STATE> 21
<MEAN> 39
 5.179731e+00 -2.373257e+01 -7.761065e+00 -7.480288e+00 -5.101127e+00 -7.151381e+00 -3.836011e+00 -4.984385e+00 -4.035146e+00 -1.263331e+01 -4.678473e+00 -8.394347e+00 5.431873e-01 2.077022e-01 3.396332e-01 -4.188355e-01 5.972723e-01 2.319853e-01 -3.606702e-01 5.253797e-01 1.006102e+00 6.580974e-01 1.019309e-01 -7.670720e-01 -1.420534e-01 -1.369716e-02 -1.216222e-01 6.047634e-02 7.939707e-02 1.490317e-01 5.851288e-01 5.634863e-01 -1.459174e-01 3.608295e-02 2.544296e-01 1.639777e-01 -1.073814e-02 3.039794e-01 -2.168672e-03
<VARIANCE> 39
 4.263174e+00 8.972985e-01 2.283387e+01 5.899513e+01 5.043252e+00 1.247417e+01 1.464223e+01 3.741062e+00 1.580880e+01 2.122081e+01 1.562802e+01 8.147121e+00 1.000000e-02 1.871040e-01 9.887692e-02 1.241353e+00 9.551825e-01 1.343851e+00 3.242752e-01 2.268696e+00 7.654784e-01 2.306656e+00 2.220939e+00 1.364045e+00 3.538022e-01 1.000000e-02 6.605927e-02 8.642176e-02 2.205872e-01 5.784631e-01 8.521242e-02 8.305699e-02 2.219106e-01 1.064124e-01 5.456099e-01 2.076598e-01 3.169149e-01 1.469266e-01 1.000000e-02
<GCONST> 6.085721e+01
<STATE> 22
<MEAN> 39
 5.115469e+00 -2.384132e+01 -7.796802e+00 -5.365125e+00 -5.255997e+00 -5.139791e+00 -2.547480e+00 -4.201163e+00 -6.004462e-01 -1.147028e+01 -8.133883e+00 -6.619979e+00 5.160749e-01 -1.289189e-02 7.500432e-01 -4.770114e-01 1.205377e+00 1.324275e+00 6.495267e-01 2.811043e-01 7.034562e-01 3.392700e-01 -7.872538e-03 1.977613e-01 5.341761e-01 -2.386086e-02 -2.167495e-01 1.579508e-01 1.525203e-01 1.794098e-01 3.154383e-01 1.439174e-01 -1.079043e-01 -2.495786e-01 -5.842448e-01 -2.251563e-01 4.532949e-01 2.515649e-01 -6.327915e-03
<VARIANCE> 39
 4.548426e+00 2.380465e+00 9.495106e+00 2.011194e+01 4.460525e+00 5.311630e+00 1.533194e+01 3.690219e+00 2.262776e+00 3.048626e+01 1.567667e+01 3.447032e+00 1.000000e-02 6.243633e-01 9.038459e-01 1.083997e+00 2.604570e+00 6.763122e-01 5.055578e-01 5.811550e-01 9.842322e-01 1.806054e+00 1.069521e+00 7.985027e-01 1.003751e+00 1.000000e-02 2.950514e-02 6.355421e-02 2.092005e-01 1.225700e-01 1.379407e-01 2.192115e-02 3.449128e-01 8.481847e-02 1.475786e-01 1.981502e-01 1.304006e-01 1.252185e-01 1.000000e-02
<GCONST> 5.326879e+01
<STATE> 23
<MEAN> 39
 3.899600e+00 -2.246922e+01 -6.932127e+00 -2.210858e+00 9.167538e-01 -3.049732e+00 -5.684293e+00 -2.408011e+00 -3.282174e+00 -1.558968e+01 -3.850303e+00 -3.676758e+00 4.618374e-01 -4.331971e-01 6.203316e-01 -3.665384e-01 1.531682e+00 1.162581e+00 -9.216844e-02 4.575114e-01 7.478681e-02 -1.548438e+00 -5.973285e-01 3.566898e-01 8.004765e-01 -3.091728e-02 -1.288038e-02 5.328693e-02 5.377407e-02 -8.454778e-02 -3.319016e-01 -1.569199e-01 3.114263e-01 -3.983504e-01 1.746730e-01 2.457310e-01 -6.814666e-02 -3.444097e-02 -4.440407e-03
<VARIANCE> 39
 1.301931e+01 9.722246e+00 1.847751e+01 4.933098e+00 9.739865e+00 1.457358e+01 2.056226e+01 1.408563e+01 1.914943e+01 4.065741e+01 3.657282e+00 2.165616e+01 1.000000e-02 2.445365e-01 5.276779e-01 3.032444e-01 9.730738e-01 4.367839e-01 2.648929e-01 1.259843e+00 7.396256e-01 1.615011e+00 2.762635e-01 6.516582e-01 9.972404e-01 1.000000e-02 8.685090e-02 1.931801e-01 2.718948e-01 1.718856e-01 1.691461e-01 5.964408e-02 1.908197e-01 1.630680e-01 7.367924e-01 2.989447e-01 1.820299e-01 2.776556e-01 1.000000e-02
<GCONST> 6.241975e+01
<STATE> 24
<MEAN> 39
 4.075095e+00 -2.031794e+01 -9.029270e+00 -1.857270e+00 -3.588715e-01 -4.508443e+00 -2.578114e+00 -2.656977e+00 -4.779794e+00 -1.491914e+01 -6.712408e+00 -4.864816e+00 4.053571e-01 -4.274253e-01 8.956559e-01 5.383054e-01 1.395294e+00 7.341170e-01 -6.359540e-02 4.704244e-01 -3.316313e-01 -4.101480e-01 -1.707299e-01 1.062462e-01 5.614653e-01 -3.647109e-02 -1.741488e-02 -2.074812e-01 8.220527e-02 -2.373374e-01 -2.775056e-01 -1.810422e-01 1.659069e-01 -7.920381e-02 3.802269e-01 3.879666e-01 1.771708e-01 -1.316317e-01 3.594745e-03
<VARIANCE> 39
 1.220989e+01 1.436313e+01 8.058700e+00 7.201514e+00 8.866851e+00 1.913603e+01 9.379205e+00 7.140246e+00 9.225793e+00 3.675373e+01 1.018831e+01 6.634126e+00 1.000000e-02 1.780192e-01 8.384759e-01 9.173274e-01 7.916451e-01 1.334501e+00 1.492742e-01 1.996264e+00 3.757594e-01 1.941207e+00 1.756715e+00 1.569668e+00 1.482854e+00 1.000000e-02 7.159390e-02 2.468028e-01 7.064325e-02 1.473927e-01 4.761586e-02 1.061857e-01 1.314643e-01 3.385597e-01 1.905206e-01 2.369461e-01 2.700885e-01 6.816961e-01 1.000000e-02
<GCONST> 6.262616e+01
<STATE> 25
<MEAN> 39
 3.694374e+00 -2.009963e+01 -7.302565e+00 1.305670e+00 8.252159e-01 -5.589096e+00 -4.874750e-01 -3.129959e+00 -2.924992e+00 -1.249995e+01 -5.163036e+00 -1.716574e+00 3.735059e-01 -3.684214e-01 3.161224e-01 -7.244655e-03 4.387024e-01 3.585532e-01 -5.349895e-01 9.623713e-01 3.608489e-01 5.808685e-01 6.285983e-01 9.386055e-01 6.879980e-01 -2.408477e-02 -1.322962e-02 -2.252085e-01 -3.445964e-01 -5.651825e-01 -1.566904e-01 2.368646e-02 -1.202554e-01 1.985099e-01 3.184136e-01 4.013700e-01 1.129806e-01 -2.300405e-01 4.699508e-03
<VARIANCE> 39
 8.106822e+00 7.020723e+00 3.194174e+00 4.093165e+00 8.997896e+00 5.825311e+00 1.311097e+01 2.817842e+01 2.927598e+01 1.841341e+01 1.025375e+01 1.016908e+01 1.000000e-02 1.443709e-01 6.567008e-01 4.339871e-01 1.757950e+00 5.351689e-01 1.203871e+00 1.197094e+00 2.760411e+00 1.667604e+00 2.093723e+00 3.271369e+00 4.381977e+00 1.000000e-02 3.083520e-02 1.281428e-01 1.053773e-01 1.022383e-01 1.285073e-01 1.176469e-01 2.839099e-01 2.815509e-01 6.160238e-01 2.206420e-01 1.573022e-01 2.574398e-01 1.000000e-02
<GCONST> 6.533918e+01
<STATE> 26
<MEAN> 39
 3.231143e+00 -1.921228e+01 -7.323064e+00 4.725245e-01 1.072904e+00 -3.968932e+00 -2.143795e-01 -3.561874e+00 -3.198504e+00 -1.304806e+01 -3.315510e+00 -4.211984e+00 3.363136e-01 -4.390406e-01 6.867355e-02 -1.018533e+00 -4.921824e-01 2.768149e-02 6.868399e-02 5.989836e-01 7.736306e-02 7.066945e-01 1.365497e+00 6.949683e-01 6.516290e-02 -2.200527e-02 -4.570317e-02 -1.613479e-01 -1.974710e-01 -1.025817e-01 4.215848e-02 2.866726e-01 -9.308898e-02 1.217887e-01 1.802337e-01 1.949120e-01 -2.096754e-01 5.559316e-02 1.385253e-03
<VARIANCE> 39
 6.641118e+00 1.368724e+00 8.230820e-01 4.534227e+00 1.477564e+01 2.738508e+01 7.229588e+00 1.945782e+01 6.897500e+00 4.547999e+00 1.803265e+01 4.112301e+01 1.000000e-02 2.563007e-01 5.263001e-01 3.759200e-01 1.767666e-01 2.228863e-01 8.182246e-01 9.377592e-01 1.411174e+00 1.576102e+00 2.787517e+00 1.514690e+00 1.619426e+00 1.000000e-02 4.011105e-02 8.059207e-02 4.250354e-02 1.900745e-01 9.785610e-02 1.670774e-01 1.835878e-01 9.097563e-01 4.529895e-01 9.364770e-02 5.590173e-01 1.013597e+00 1.000000e-02
<GCONST> 5.844672e+01
<STATE> 27
<MEAN> 39
 1.696057e+00 -2.014478e+01 -1.028705e+01 -5.281025e-01 8.018653e-01 -4.962434e+00 6.670787e-01 -2.956066e+00 -6.533773e-01 -8.955744e+00 -2.066054e+00 -1.335676e+00 3.089716e-01 -2.395091e-01 1.227607e-01 -3.947217e-01 6.398939e-01 7.354106e-01 2.134874e-01 8.152305e-01 1.075240e+00 1.426480e+00 8.558930e-01 -7.198322e-01 -2.773224e-01 -1.938796e-02 -1.739863e-01 -1.273270e-01 2.596433e-01 3.298376e-01 -3.352604e-02 -1.216732e-01 -9.729831e-02 8.075367e-02 5.794026e-02 -2.322532e-01 -1.633346e-01 -1.323732e-01 -3.710315e-03
<VARIANCE> 39
 2.444258e+00 1.247702e+00 2.047583e+00 2.753959e+00 1.344150e+01 3.032565e+01 5.604078e+00 1.056644e+01 1.659994e+01 7.221584e+00 2.038236e+01 1.815054e+01 1.000000e-02 3.496213e-01 6.952896e-01 4.285535e-01 2.654129e-01 7.912017e-01 1.725794e+00 5.899673e-01 2.377401e+00 4.488248e+00 1.541022e+00 1.452391e+00 2.625720e+00 1.000000e-02 2.215823e-02 1.252245e-01 8.464152e-02 7.349405e-02 1.650577e-01 2.899919e-01 1.285004e-01 4.081606e-01 6.055028e-01 3.366481e-01 4.559411e-01 3.018581e-01 1.000000e-02
<GCONST> 6.130401e+01
<STATE> 28
<MEAN> 39
 1.681366e+00 -1.986422e+01 -1.048441e+01 1.767778e+00 3.297469e+00 -2.614174e+00 2.475032e+00 -1.026111e+00 -2.395054e-01 -9.983385e+00 -6.409256e+00 -3.716185e+00 2.560347e-01 -8.857515e-01 -3.321665e-01 -8.632877e-02 5.818785e-01 2.900253e-01 4.381165e-01 2.067465e-01 -1.429648e-01 1.871376e-01 1.094901e+00 1.155177e+00 2.526274e-01 -2.730262e-02 -7.726204e-02 2.840934e-02 2.850474e-01 -1.668669e-02 -1.599546e-01 -1.840940e-01 -3.771337e-01 -9.236853e-02 -1.903743e-01 -9.743717e-03 5.492492e-01 2.574807e-01 1.319784e-03
<VARIANCE> 39
 1.205326e+00 5.390515e+00 6.973790e+00 4.002516e+00 1.094415e+01 2.829176e+01 7.874480e+00 1.180476e+01 2.817838e+01 4.162933e+00 1.086510e+01 1.058313e+01 1.000000e-02 9.697664e-02 3.734534e-01 4.545490e-01 3.962803e-01 5.687454e-01 1.278738e+00 3.380447e-01 1.760803e+00 1.837535e+00 1.136951e+00 1.217567e+00 1.812616e+00 1.000000e-02 1.166687e-01 2.253538e-01 1.249618e-01 4.536530e-02 8.287505e-02 2.059965e-01 2.591540e-01 6.303311e-01 7.688574e-01 2.595835e-01 2.024926e-01 2.960958e-01 1.000000e-02
<GCONST> 5.937901e+01
<STATE> 29
<MEAN> 39
 -3.974847e-01 -2.026929e+01 -9.431484e+00 2.365476e+00 1.147596e+00 -6.599508e+00 1.145512e+00 -1.810833e+00 2.280094e+00 -6.585636e+00 -5.427521e-01 -2.774398e+00 2.223261e-01 -1.201963e+00 -3.274993e-01 3.688418e-01 4.107838e-01 -2.685477e-01 -4.820426e-01 -8.405971e-01 7.322118e-02 2.961094e-01 5.599076e-01 1.142385e+00 9.009265e-01 -2.767776e-02 7.986733e-02 1.350414e-01 1.027327e-01 -2.364606e-01 1.445746e-01 8.786392e-02 -2.837197e-01 -2.278239e-01 -4.478241e-01 -2.914768e-01 1.635489e-02 3.168158e-01 4.613093e-03
<VARIANCE> 39
 3.530581e+00 3.585032e+00 3.684201e+00 2.707121e+00 6.392380e+00 1.628463e+01 5.867596e+00 1.243564e+01 1.135323e+01 1.284238e+01 1.877262e+01 1.356019e+01 1.000000e-02 4.732563e-01 1.960755e+00 1.312708e+00 9.896731e-01 8.875665e-01 1.467049e+00 1.138809e+00 1.479663e+00 2.466482e+00 9.142863e-01 9.755048e-01 4.870770e-01 1.000000e-02 1.224760e-01 8.299686e-02 7.562077e-02 5.676057e-02 1.202995e-01 2.503362e-01 1.169137e-01 2.838560e-01 4.976944e-01 3.395562e-01 2.969974e-01 1.795277e-01 1.000000e-02
<GCONST> 6.154137e+01
<STATE> 30
<MEAN> 39
 -2.435497e+00 -2.154527e+01 -1.106026e+01 1.363840e+00 2.505060e+00 -3.419091e+00 7.663797e-01 -8.536351e-02 1.304421e+00 -6.494706e+00 -3.399929e-01 3.763306e-01 1.795046e-01 -4.640376e-01 4.397286e-01 3.199692e-01 -2.167692e-01 6.964827e-01 4.415219e-01 -3.555060e-01 -2.199394e-01 -1.778653e-01 -1.222337e-01 6.023389e-01 9.371811e-01 -1.405546e-02 4.549839e-01 3.757892e-01 2.066795e-01 -6.337153e-02 -5.336556e-02 -9.785214e-02 7.106296e-02 -2.001143e-01 -2.378110e-01 -4.122457e-01 -4.807901e-01 -3.914246e-01 5.432886e-03
<VARIANCE> 39
 9.897309e+00 8.542665e+00 1.320465e+01 1.170756e+01 8.165707e+00 1.164422e+01 6.608657e+00 1.399706e+01 2.258814e+01 6.009334e+00 2.272723e+00 6.408956e+00 1.000000e-02 4.085237e-01 3.792207e-01 7.555430e-01 3.203943e-01 8.472411e-01 6.272392e-01 4.119371e-01 1.386819e+00 1.145074e+00 1.122750e+00 1.196166e+00 7.154238e-01 1.000000e-02 1.435779e-01 2.328781e-01 2.028886e-01 2.069455e-01 1.890399e-01 2.337440e-01 7.568750e-02 4.343170e-01 4.279040e-01 1.121884e-01 8.089572e-02 7.761230e-02 1.000000e-02
<GCONST> 5.842126e+01
<STATE> 31
<MEAN> 39
 -1.702298e+00 -1.856981e+01 -7.167647e+00 2.949636e+00 4.318710e+00 -4.986592e+00 -1.730678e+00 -3.550123e+00 -7.055295e-01 -7.924153e+00 -3.555025e-01 -5.749884e-01 1.791046e-01 7.593764e-01 6.092818e-01 4.699996e-01 -3.468001e-02 -2.939004e-02 -4.836285e-01 -1.521081e-01 -4.650241e-01 -1.123514e+00 -5.647566e-01 -3.631886e-01 -2.772376e-01 6.249063e-03 5.816069e-02 9.097028e-02 -7.711926e-02 -2.438869e-01 -2.055198e-01 6.174565e-02 3.440799e-01 3.026393e-01 3.878096e-01 1.078328e-01 -1.940761e-01 -1.393142e-01 -1.775791e-03
<VARIANCE> 39
 9.258536e+00 1.241078e+01 1.680972e+01 1.824767e+01 6.716514e+00 5.507112e+00 4.112794e+00 5.455033e+00 1.405092e+01 4.339582e+00 1.753722e+01 7.871533e+00 1.000000e-02 3.649535e-01 8.623780e-01 1.916173e+00 1.839013e+00 9.252443e-01 1.086460e+00 1.122102e-01 2.200543e+00 1.975364e+00 2.033699e-01 2.373215e-01 9.059901e-01 1.000000e-02 2.001717e-01 3.414217e-01 2.579313e-01 3.180358e-01 1.528183e-01 1.716643e-01 9.566847e-02 7.137970e-02 3.141290e-01 1.368343e-01 2.658335e-01 5.867572e-02 1.000000e-02
<GCONST> 5.923339e+01
<STATE> 32
<MEAN> 39
 -9.532195e-02 -1.886037e+01 -8.854400e+00 1.184144e+00 1.747945e+00 -5.544760e+00 5.010201e-01 -1.400610e+00 7.141525e-02 -7.697342e+00 -2.685412e-01 -6.920884e-01 1.837236e-01 -1.400210e-01 9.437504e-01 5.726064e-01 -4.649104e-01 -5.166616e-01 -1.543878e-01 1.346811e-01 6.190997e-01 7.018113e-01 -2.558774e-01 -4.731182e-01 -1.386900e-02 -1.925902e-02 -4.661814e-01 3.150067e-01 2.842247e-01 -6.186378e-02 1.254674e-01 1.315353e-01 4.342379e-02 3.349014e-02 3.229550e-01 4.363497e-01 7.545891e-02 1.314212e-01 -1.373667e-02
<VARIANCE> 39
 4.232218e+00 9.637582e+00 2.159282e+01 5.420476e+00 5.486717e+00 1.334768e+01 2.240981e+00 1.144820e+01 1.122707e+01 4.551284e+00 3.184585e+00 5.162833e+00 1.000000e-02 1.643892e+00 1.276167e+00 6.622781e-01 1.087289e+00 6.643721e-01 1.019699e+00 3.099617e-01 4.627123e-01 8.721992e-01 6.189709e-01 4.581732e-01 7.417866e-01 1.000000e-02 1.167333e-01 1.611311e-01 2.787400e-01 1.628725e-01 2.978602e-01 5.836142e-01 2.046757e-02 2.211831e-01 1.170827e-01 8.678539e-02 7.193594e-02 1.955327e-01 1.000000e-02
<GCONST> 5.392397e+01
<STATE> 33
<MEAN> 39
 -1.536132e+00 -1.689039e+01 -6.477997e+00 1.597089e+00 2.882605e+00 -4.797004e+00 -1.817073e-01 -1.398554e+00 1.309310e+00 -8.991292e+00 -1.883214e+00 1.358063e+00 1.505404e-01 -1.003374e+00 1.807263e+00 1.334679e+00 -4.067437e-01 4.325293e-01 8.127957e-02 -8.288327e-02 -3.157921e-01 5.907257e-01 9.592825e-01 1.679912e-01 1.770085e-01 -4.839947e-02 -4.398325e-01 1.275688e-01 6.508162e-02 -4.638978e-02 1.896811e-01 1.452746e-01 4.333388e-02 -2.132802e-01 -8.532646e-02 3.296710e-01 1.878854e-01 -3.783554e-01 -1.615811e-02
<VARIANCE> 39
 3.925707e+00 7.664368e+00 1.249550e+01 7.472121e+00 4.442338e+00 8.351431e+00 4.036694e+00 2.717434e+00 1.657099e+01 8.058364e+00 2.077252e+00 1.182516e+01 1.000000e-02 9.059779e-01 1.727372e+00 1.685502e+00 7.252051e-01 9.939563e-01 2.091283e+00 3.252841e-01 6.553197e-01 7.464329e-01 8.154147e-01 6.292010e-01 1.300976e+00 1.000000e-02 1.273125e-01 1.933887e-01 2.035426e-01 2.987840e-01 1.650240e-01 1.629074e-01 5.427121e-02 8.599167e-02 1.978618e-01 8.421201e-02 1.303041e-01 1.968438e-01 1.000000e-02
<GCONST> 5.579927e+01
<STATE> 34
<MEAN> 39
 -3.939847e+00 -1.208866e+01 -4.306442e+00 -1.043228e+00 3.557075e+00 -3.739863e+00 -1.811104e-02 -2.163067e+00 3.046313e+00 -3.919572e+00 1.889026e-01 -2.173338e-01 4.109129e-03 -1.361223e+00 1.452187e+00 1.180268e+00 -5.341852e-01 3.772256e-01 5.341490e-01 5.073176e-01 -5.217281e-01 1.110778e-01 1.157938e+00 4.979854e-01 -7.485252e-01 -6.435753e-02 1.191889e-01 -4.661431e-01 -2.566165e-01 1.249944e-01 -2.646872e-01 -1.108196e-01 1.489351e-01 4.861582e-02 -4.725351e-01 -3.680092e-01 1.094606e-02 -7.592157e-02 4.785132e-03
<VARIANCE> 39
 3.080520e+00 5.575327e+00 1.453393e+01 6.651094e+00 1.009760e+01 2.194200e+01 5.546150e-01 6.311392e+00 4.063634e+00 1.033597e+01 1.708400e+00 6.489334e+00 1.000000e-02 3.272560e-01 2.283708e-01 1.689173e-01 3.789161e-01 6.399833e-01 6.146580e-01 4.291891e-01 1.883785e-01 9.334664e-01 1.046763e+00 2.357118e-01 1.038136e+00 1.000000e-02 1.334947e-01 1.842497e-01 3.581704e-01 2.796747e-01 1.603464e-01 5.312405e-01 1.000000e-02 3.168528e-02 2.445078e-01 1.489563e-01 1.381992e-01 2.969778e-01 1.000000e-02
<GCONST> 4.481998e+01
<STATE> 35
<MEAN> 39
 -5.761444e+00 -1.196282e+01 -2.734445e+00 2.110687e-01 4.520101e+00 -4.159905e+00 4.808925e-01 -3.932941e+00 3.016075e-01 -5.085690e+00 -3.294098e-01 -2.334979e+00 -5.830139e-02 -9.277927e-01 2.904945e-01 1.639227e-01 -3.697577e-01 -2.704770e-01 3.490798e-01 4.430411e-01 8.064558e-02 -3.550912e-01 3.026507e-02 -2.563312e-02 -6.038404e-01 -4.674231e-02 2.434100e-01 -4.953093e-01 -4.198889e-01 9.906181e-02 -3.810016e-01 -1.913657e-01 -7.511894e-02 3.644985e-01 2.475011e-01 -2.835056e-01 -5.217115e-02 5.190892e-01 1.290296e-02
<VARIANCE> 39
 1.328164e+00 1.694182e+00 3.392865e+00 2.716151e+00 3.153004e+00 1.069268e+01 9.887934e+00 6.797144e+00 1.463906e+01 1.919081e+01 5.386581e+00 3.439562e+00 1.000000e-02 2.713426e-01 4.101146e-01 9.666192e-01 1.662834e+00 6.673061e-01 1.650948e+00 2.854673e-01 1.399134e-01 1.472378e+00 9.568872e-01 6.682686e-01 1.025992e+00 1.000000e-02 5.049421e-02 5.191310e-02 9.568179e-02 8.052043e-02 7.707211e-02 1.596218e-01 4.666556e-02 3.161572e-02 1.902402e-01 2.150740e-01 8.134294e-02 1.351827e-01 1.000000e-02
<GCONST> 4.286415e+01
<STATE> 36
<MEAN> 39
 -6.797391e+00 -1.279650e+01 -3.596212e+00 -1.734508e+00 2.278341e+00 -2.427547e+00 1.870612e+00 -1.455835e+00 5.147491e-01 -4.808062e+00 6.577622e-01 -1.251656e+00 -1.021237e-01 -5.519371e-01 -1.541771e-01 -1.123015e-01 -1.023846e-01 -9.301313e-01 -4.409029e-01 4.239416e-02 6.019806e-01 6.447764e-01 8.401968e-03 3.611207e-01 9.760604e-01 -2.107781e-02 2.978013e-01 -7.747072e-02 -1.822132e-01 1.368456e-01 -6.814274e-02 -2.214908e-01 -2.061125e-01 7.738845e-02 2.457329e-01 -9.215544e-02 -9.909216e-02 4.000842e-01 1.446461e-02
<VARIANCE> 39
 1.255139e+00 1.346765e+00 4.252482e+00 5.148599e+00 2.309706e+00 3.896250e+00 4.544760e+00 3.615402e+00 1.283173e+01 7.248760e+00 1.099595e+01 3.452414e+00 1.000000e-02 1.497094e-01 1.282536e-01 5.684906e-01 3.294563e-01 1.879534e-01 5.823076e-01 3.464555e-01 4.611210e-01 2.400975e+00 1.193934e+00 3.236066e-01 3.134137e-01 1.000000e-02 3.097184e-02 1.341948e-02 1.113655e-01 2.344410e-01 6.064600e-02 2.666430e-01 8.440973e-02 4.267892e-02 1.469326e-01 1.446242e-01 2.789872e-01 3.077525e-01 1.000000e-02
<GCONST> 3.624059e+01
<TRANSP> 37
 0.000000e+00 1.000000e+00 0.000000e+00 0.000000e+00 0.000000e+00 0.000000e+00 0.000000e+00 0.000000e+00 0.000000e+00 0.000000e+00 0.000000e+00 0.000000e+00 0.000000e+00 0.000000e+00 0.000000e+00 0.000000e+00 0.000000e+00 0.000000e+00 0.000000e+00 0.000000e+00 0.000000e+00 0.000000e+00 0.000000e+00 0.000000e+00 0.000000e+00 0.000000e+00 0.000000e+00 0.000000e+00 0.000000e+00 0.000000e+00 0.000000e+00 0.000000e+00 0.000000e+00 0.000000e+00 0.000000e+00 0.000000e+00 0.000000e+00
 0.000000e+00 5.000000e-01 5.000000e-01 0.000000e+00 0.000000e+00 0.000000e+00 0.000000e+00 0.000000e+00 0.000000e+00 0.000000e+00 0.000000e+00 0.000000e+00 0.000000e+00 0.000000e+00 0.000000e+00 0.000000e+00 0.000000e+00 0.000000e+00 0.000000e+00 0.000000e+00 0.000000e+00 0.000000e+00 0.000000e+00 0.000000e+00 0.000000e+00 0.000000e+00 0.000000e+00 0.000000e+00 0.000000e+00 0.000000e+00 0.000000e+00 0.000000e+00 0.000000e+00 0.000000e+00 0.000000e+00 0.000000e+00 0.000000e+00
 0.000000e+00 0.000000e+00 3.750000e-01 6.250000e-01 0.000000e+00 0.000000e+00 0.000000e+00 0.000000e+00 0.000000e+00 0.000000e+00 0.000000e+00 0.000000e+00 0.000000e+00 0.000000e+00 0.000000e+00 0.000000e+00 0.000000e+00 0.000000e+00 0.000000e+00 0.000000e+00 0.000000e+00 0.000000e+00 0.000000e+00 0.000000e+00 0.000000e+00 0.000000e+00 0.000000e+00 0.000000e+00 0.000000e+00 0.000000e+00 0.000000e+00 0.000000e+00 0.000000e+00 0.000000e+00 0.000000e+00 0.000000e+00 0.000000e+00
 0.000000e+00 0.000000e+00 0.000000e+00 2.857143e-01 7.142857e-01 0.000000e+00 0.000000e+00 0.000000e+00 0.000000e+00 0.000000e+00 0.000000e+00 0.000000e+00 0.000000e+00 0.000000e+00 0.000000e+00 0.000000e+00 0.000000e+00 0.000000e+00 0.000000e+00 0.000000e+00 0.000000e+00 0.000000e+00 0.000000e+00 0.000000e+00 0.000000e+00 0.000000e+00 0.000000e+00 0.000000e+00 0.000000e+00 0.000000e+00 0.000000e+00 0.000000e+00 0.000000e+00 0.000000e+00 0.000000e+00 0.000000e+00 0.000000e+00
 0.000000e+00 0.000000e+00 0.000000e+00 0.000000e+00 2.857143e-01 7.142857e-01 0.000000e+00 0.000000e+00 0.000000e+00 0.000000e+00 0.000000e+00 0.000000e+00 0.000000e+00 0.000000e+00 0.000000e+00 0.000000e+00 0.000000e+00 0.000000e+00 0.000000e+00 0.000000e+00 0.000000e+00 0.000000e+00 0.000000e+00 0.000000e+00 0.000000e+00 0.000000e+00 0.000000e+00 0.000000e+00 0.000000e+00 0.000000e+00 0.000000e+00 0.000000e+00 0.000000e+00 0.000000e+00 0.000000e+00 0.000000e+00 0.000000e+00
 0.000000e+00 0.000000e+00 0.000000e+00 0.000000e+00 0.000000e+00 3.750000e-01 6.250000e-01 0.000000e+00 0.000000e+00 0.000000e+00 0.000000e+00 0.000000e+00 0.000000e+00 0.000000e+00 0.000000e+00 0.000000e+00 0.000000e+00 0.000000e+00 0.000000e+00 0.000000e+00 0.000000e+00 0.000000e+00 0.000000e+00 0.000000e+00 0.000000e+00 0.000000e+00 0.000000e+00 0.000000e+00 0.000000e+00 0.000000e+00 0.000000e+00 0.000000e+00 0.000000e+00 0.000000e+00 0.000000e+00 0.000000e+00 0.000000e+00
 0.000000e+00 0.000000e+00 0.000000e+00 0.000000e+00 0.000000e+00 0.000000e+00 3.750000e-01 6.250000e-01 0.000000e+00 0.000000e+00 0.000000e+00 0.000000e+00 0.000000e+00 0.000000e+00 0.000000e+00 0.000000e+00 0.000000e+00 0.000000e+00 0.000000e+00 0.000000e+00 0.000000e+00 0.000000e+00 0.000000e+00 0.000000e+00 0.000000e+00 0.000000e+00 0.000000e+00 0.000000e+00 0.000000e+00 0.000000e+00 0.000000e+00 0.000000e+00 0.000000e+00 0.000000e+00 0.000000e+00 0.000000e+00 0.000000e+00
 0.000000e+00 0.000000e+00 0.000000e+00 0.000000e+00 0.000000e+00 0.000000e+00 0.000000e+00 3.750000e-01 6.250000e-01 0.000000e+00 0.000000e+00 0.000000e+00 0.000000e+00 0.000000e+00 0.000000e+00 0.000000e+00 0.000000e+00 0.000000e+00 0.000000e+00 0.000000e+00 0.000000e+00 0.000000e+00 0.000000e+00 0.000000e+00 0.000000e+00 0.000000e+00 0.000000e+00 0.000000e+00 0.000000e+00 0.000000e+00 0.000000e+00 0.000000e+00 0.000000e+00 0.000000e+00 0.000000e+00 0.000000e+00 0.000000e+00
 0.000000e+00 0.000000e+00 0.000000e+00 0.000000e+00 0.000000e+00 0.000000e+00 0.000000e+00 0.000000e+00 4.444444e-01 5.555556e-01 0.000000e+00 0.000000e+00 0.000000e+00 0.000000e+00 0.000000e+00 0.000000e+00 0.000000e+00 0.000000e+00 0.000000e+00 0.000000e+00 0.000000e+00 0.000000e+00 0.000000e+00 0.000000e+00 0.000000e+00 0.000000e+00 0.000000e+00 0.000000e+00 0.000000e+00 0.000000e+00 0.000000e+00 0.000000e+00 0.000000e+00 0.000000e+00 0.000000e+00 0.000000e+00 0.000000e+00
 0.000000e+00 0.000000e+00 0.000000e+00 0.000000e+00 0.000000e+00 0.000000e+00 0.000000e+00 0.000000e+00 0.000000e+00 2.857143e-01 7.142857e-01 0.000000e+00 0.000000e+00 0.000000e+00 0.000000e+00 0.000000e+00 0.000000e+00 0.000000e+00 0.000000e+00 0.000000e+00 0.000000e+00 0.000000e+00 0.000000e+00 0.000000e+00 0.000000e+00 0.000000e+00 0.000000e+00 0.000000e+00 0.000000e+00 0.000000e+00 0.000000e+00 0.000000e+00 0.000000e+00 0.000000e+00 0.000000e+00 0.000000e+00 0.000000e+00
 0.000000e+00 0.000000e+00 0.000000e+00 0.000000e+00 0.000000e+00 0.000000e+00 0.000000e+00 0.000000e+00 0.000000e+00 0.000000e+00 4.444444e-01 5.555556e-01 0.000000e+00 0.000000e+00 0.000000e+00 0.000000e+00 0.000000e+00 0.000000e+00 0.000000e+00 0.000000e+00 0.000000e+00 0.000000e+00 0.000000e+00 0.000000e+00 0.000000e+00 0.000000e+00 0.000000e+00 0.000000e+00 0.000000e+00 0.000000e+00 0.000000e+00 0.000000e+00 0.000000e+00 0.000000e+00 0.000000e+00 0.000000e+00 0.000000e+00
 0.000000e+00 0.000000e+00 0.000000e+00 0.000000e+00 0.000000e+00 0.000000e+00 0.000000e+00 0.000000e+00 0.000000e+00 0.000000e+00 0.000000e+00 2.857143e-01 7.142857e-01 0.000000e+00 0.000000e+00 0.000000e+00 0.000000e+00 0.000000e+00 0.000000e+00 0.000000e+00 0.000000e+00 0.000000e+00 0.000000e+00 0.000000e+00 0.000000e+00 0.000000e+00 0.000000e+00 0.000000e+00 0.000000e+00 0.000000e+00 0.000000e+00 0.000000e+00 0.000000e+00 0.000000e+00 0.000000e+00 0.000000e+00 0.000000e+00
 0.000000e+00 0.000000e+00 0.000000e+00 0.000000e+00 0.000000e+00 0.000000e+00 0.000000e+00 0.000000e+00 0.000000e+00 0.000000e+00 0.000000e+00 0.000000e+00 4.444444e-01 5.555556e-01 0.000000e+00 0.000000e+00 0.000000e+00 0.000000e+00 0.000000e+00 0.000000e+00 0.000000e+00 0.000000e+00 0.000000e+00 0.000000e+00 0.000000e+00 0.000000e+00 0.000000e+00 0.000000e+00 0.000000e+00 0.000000e+00 0.000000e+00 0.000000e+00 0.000000e+00 0.000000e+00 0.000000e+00 0.000000e+00 0.000000e+00
 0.000000e+00 0.000000e+00 0.000000e+00 0.000000e+00 0.000000e+00 0.000000e+00 0.000000e+00 0.000000e+00 0.000000e+00 0.000000e+00 0.000000e+00 0.000000e+00 0.000000e+00 2.857143e-01 7.142857e-01 0.000000e+00 0.000000e+00 0.000000e+00 0.000000e+00 0.000000e+00 0.000000e+00 0.000000e+00 0.000000e+00 0.000000e+00 0.000000e+00 0.000000e+00 0.000000e+00 0.000000e+00 0.000000e+00 0.000000e+00 0.000000e+00 0.000000e+00 0.000000e+00 0.000000e+00 0.000000e+00 0.000000e+00 0.000000e+00
 0.000000e+00 0.000000e+00 0.000000e+00 0.000000e+00 0.000000e+00 0.000000e+00 0.000000e+00 0.000000e+00 0.000000e+00 0.000000e+00 0.000000e+00 0.000000e+00 0.000000e+00 0.000000e+00 2.857143e-01 7.142857e-01 0.000000e+00 0.000000e+00 0.000000e+00 0.000000e+00 0.000000e+00 0.000000e+00 0.000000e+00 0.000000e+00 0.000000e+00 0.000000e+00 0.000000e+00 0.000000e+00 0.000000e+00 0.000000e+00 0.000000e+00 0.000000e+00 0.000000e+00 0.000000e+00 0.000000e+00 0.000000e+00 0.000000e+00
 0.000000e+00 0.000000e+00 0.000000e+00 0.000000e+00 0.000000e+00 0.000000e+00 0.000000e+00 0.000000e+00 0.000000e+00 0.000000e+00 0.000000e+00 0.000000e+00 0.000000e+00 0.000000e+00 0.000000e+00 3.750000e-01 6.250000e-01 0.000000e+00 0.000000e+00 0.000000e+00 0.000000e+00 0.000000e+00 0.000000e+00 0.000000e+00 0.000000e+00 0.000000e+00 0.000000e+00 0.000000e+00 0.000000e+00 0.000000e+00 0.000000e+00 0.000000e+00 0.000000e+00 0.000000e+00 0.000000e+00 0.000000e+00 0.000000e+00
 0.000000e+00 0.000000e+00 0.000000e+00 0.000000e+00 0.000000e+00 0.000000e+00 0.000000e+00 0.000000e+00 0.000000e+00 0.000000e+00 0.000000e+00 0.000000e+00 0.000000e+00 0.000000e+00 0.000000e+00 0.000000e+00 4.444444e-01 5.555556e-01 0.000000e+00 0.000000e+00 0.000000e+00 0.000000e+00 0.000000e+00 0.000000e+00 0.000000e+00 0.000000e+00 0.000000e+00 0.000000e+00 0.000000e+00 0.000000e+00 0.000000e+00 0.000000e+00 0.000000e+00 0.000000e+00 0.000000e+00 0.000000e+00 0.000000e+00
 0.000000e+00 0.000000e+00 0.000000e+00 0.000000e+00 0.000000e+00 0.000000e+00 0.000000e+00 0.000000e+00 0.000000e+00 0.000000e+00 0.000000e+00 0.000000e+00 0.000000e+00 0.000000e+00 0.000000e+00 0.000000e+00 0.000000e+00 2.857143e-01 7.142857e-01 0.000000e+00 0.000000e+00 0.000000e+00 0.000000e+00 0.000000e+00 0.000000e+00 0.000000e+00 0.000000e+00 0.000000e+00 0.000000e+00 0.000000e+00 0.000000e+00 0.000000e+00 0.000000e+00 0.000000e+00 0.000000e+00 0.000000e+00 0.000000e+00
 0.000000e+00 0.000000e+00 0.000000e+00 0.000000e+00 0.000000e+00 0.000000e+00 0.000000e+00 0.000000e+00 0.000000e+00 0.000000e+00 0.000000e+00 0.000000e+00 0.000000e+00 0.000000e+00 0.000000e+00 0.000000e+00 0.000000e+00 0.000000e+00 3.750000e-01 6.250000e-01 0.000000e+00 0.000000e+00 0.000000e+00 0.000000e+00 0.000000e+00 0.000000e+00 0.000000e+00 0.000000e+00 0.000000e+00 0.000000e+00 0.000000e+00 0.000000e+00 0.000000e+00 0.000000e+00 0.000000e+00 0.000000e+00 0.000000e+00
 0.000000e+00 0.000000e+00 0.000000e+00 0.000000e+00 0.000000e+00 0.000000e+00 0.000000e+00 0.000000e+00 0.000000e+00 0.000000e+00 0.000000e+00 0.000000e+00 0.000000e+00 0.000000e+00 0.000000e+00 0.000000e+00 0.000000e+00 0.000000e+00 0.000000e+00 3.750000e-01 6.250000e-01 0.000000e+00 0.000000e+00 0.000000e+00 0.000000e+00 0.000000e+00 0.000000e+00 0.000000e+00 0.000000e+00 0.000000e+00 0.000000e+00 0.000000e+00 0.000000e+00 0.000000e+00 0.000000e+00 0.000000e+00 0.000000e+00
 0.000000e+00 0.000000e+00 0.000000e+00 0.000000e+00 0.000000e+00 0.000000e+00 0.000000e+00 0.000000e+00 0.000000e+00 0.000000e+00 0.000000e+00 0.000000e+00 0.000000e+00 0.000000e+00 0.000000e+00 0.000000e+00 0.000000e+00 0.000000e+00 0.000000e+00 0.000000e+00 3.750000e-01 6.250000e-01 0.000000e+00 0.000000e+00 0.000000e+00 0.000000e+00 0.000000e+00 0.000000e+00 0.000000e+00 0.000000e+00 0.000000e+00 0.000000e+00 0.000000e+00 0.000000e+00 0.000000e+00 0.000000e+00 0.000000e+00
 0.000000e+00 0.000000e+00 0.000000e+00 0.000000e+00 0.000000e+00 0.000000e+00 0.000000e+00 0.000000e+00 0.000000e+00 0.000000e+00 0.000000e+00 0.000000e+00 0.000000e+00 0.000000e+00 0.000000e+00 0.000000e+00 0.000000e+00 0.000000e+00 0.000000e+00 0.000000e+00 0.000000e+00 4.444444e-01 5.555556e-01 0.000000e+00 0.000000e+00 0.000000e+00 0.000000e+00 0.000000e+00 0.000000e+00 0.000000e+00 0.000000e+00 0.000000e+00 0.000000e+00 0.000000e+00 0.000000e+00 0.000000e+00 0.000000e+00
 0.000000e+00 0.000000e+00 0.000000e+00 0.000000e+00 0.000000e+00 0.000000e+00 0.000000e+00 0.000000e+00 0.000000e+00 0.000000e+00 0.000000e+00 0.000000e+00 0.000000e+00 0.000000e+00 0.000000e+00 0.000000e+00 0.000000e+00 0.000000e+00 0.000000e+00 0.000000e+00 0.000000e+00 0.000000e+00 2.857143e-01 7.142857e-01 0.000000e+00 0.000000e+00 0.000000e+00 0.000000e+00 0.000000e+00 0.000000e+00 0.000000e+00 0.000000e+00 0.000000e+00 0.000000e+00 0.000000e+00 0.000000e+00 0.000000e+00
 0.000000e+00 0.000000e+00 0.000000e+00 0.000000e+00 0.000000e+00 0.000000e+00 0.000000e+00 0.000000e+00 0.000000e+00 0.000000e+00 0.000000e+00 0.000000e+00 0.000000e+00 0.000000e+00 0.000000e+00 0.000000e+00 0.000000e+00 0.000000e+00 0.000000e+00 0.000000e+00 0.000000e+00 0.000000e+00 0.000000e+00 2.857143e-01 7.142857e-01 0.000000e+00 0.000000e+00 0.000000e+00 0.000000e+00 0.000000e+00 0.000000e+00 0.000000e+00 0.000000e+00 0.000000e+00 0.000000e+00 0.000000e+00 0.000000e+00
 0.000000e+00 0.000000e+00 0.000000e+00 0.000000e+00 0.000000e+00 0.000000e+00 0.000000e+00 0.000000e+00 0.000000e+00 0.000000e+00 0.000000e+00 0.000000e+00 0.000000e+00 0.000000e+00 0.000000e+00 0.000000e+00 0.000000e+00 0.000000e+00 0.000000e+00 0.000000e+00 0.000000e+00 0.000000e+00 0.000000e+00 0.000000e+00 2.857143e-01 7.142857e-01 0.000000e+00 0.000000e+00 0.000000e+00 0.000000e+00 0.000000e+00 0.000000e+00 0.000000e+00 0.000000e+00 0.000000e+00 0.000000e+00 0.000000e+00
 0.000000e+00 0.000000e+00 0.000000e+00 0.000000e+00 0.000000e+00 0.000000e+00 0.000000e+00 0.000000e+00 0.000000e+00 0.000000e+00 0.000000e+00 0.000000e+00 0.000000e+00 0.000000e+00 0.000000e+00 0.000000e+00 0.000000e+00 0.000000e+00 0.000000e+00 0.000000e+00 0.000000e+00 0.000000e+00 0.000000e+00 0.000000e+00 0.000000e+00 3.750000e-01 6.250000e-01 0.000000e+00 0.000000e+00 0.000000e+00 0.000000e+00 0.000000e+00 0.000000e+00 0.000000e+00 0.000000e+00 0.000000e+00 0.000000e+00
 0.000000e+00 0.000000e+00 0.000000e+00 0.000000e+00 0.000000e+00 0.000000e+00 0.000000e+00 0.000000e+00 0.000000e+00 0.000000e+00 0.000000e+00 0.000000e+00 0.000000e+00 0.000000e+00 0.000000e+00 0.000000e+00 0.000000e+00 0.000000e+00 0.000000e+00 0.000000e+00 0.000000e+00 0.000000e+00 0.000000e+00 0.000000e+00 0.000000e+00 0.000000e+00 4.444444e-01 5.555556e-01 0.000000e+00 0.000000e+00 0.000000e+00 0.000000e+00 0.000000e+00 0.000000e+00 0.000000e+00 0.000000e+00 0.000000e+00
 0.000000e+00 0.000000e+00 0.000000e+00 0.000000e+00 0.000000e+00 0.000000e+00 0.000000e+00 0.000000e+00 0.000000e+00 0.000000e+00 0.000000e+00 0.000000e+00 0.000000e+00 0.000000e+00 0.000000e+00 0.000000e+00 0.000000e+00 0.000000e+00 0.000000e+00 0.000000e+00 0.000000e+00 0.000000e+00 0.000000e+00 0.000000e+00 0.000000e+00 0.000000e+00 0.000000e+00 2.857143e-01 7.142857e-01 0.000000e+00 0.000000e+00 0.000000e+00 0.000000e+00 0.000000e+00 0.000000e+00 0.000000e+00 0.000000e+00
 0.000000e+00 0.000000e+00 0.000000e+00 0.000000e+00 0.000000e+00 0.000000e+00 0.000000e+00 0.000000e+00 0.000000e+00 0.000000e+00 0.000000e+00 0.000000e+00 0.000000e+00 0.000000e+00 0.000000e+00 0.000000e+00 0.000000e+00 0.000000e+00 0.000000e+00 0.000000e+00 0.000000e+00 0.000000e+00 0.000000e+00 0.000000e+00 0.000000e+00 0.000000e+00 0.000000e+00 0.000000e+00 3.750000e-01 6.250000e-01 0.000000e+00 0.000000e+00 0.000000e+00 0.000000e+00 0.000000e+00 0.000000e+00 0.000000e+00
 0.000000e+00 0.000000e+00 0.000000e+00 0.000000e+00 0.000000e+00 0.000000e+00 0.000000e+00 0.000000e+00 0.000000e+00 0.000000e+00 0.000000e+00 0.000000e+00 0.000000e+00 0.000000e+00 0.000000e+00 0.000000e+00 0.000000e+00 0.000000e+00 0.000000e+00 0.000000e+00 0.000000e+00 0.000000e+00 0.000000e+00 0.000000e+00 0.000000e+00 0.000000e+00 0.000000e+00 0.000000e+00 0.000000e+00 4.444444e-01 5.555556e-01 0.000000e+00 0.000000e+00 0.000000e+00 0.000000e+00 0.000000e+00 0.000000e+00
 0.000000e+00 0.000000e+00 0.000000e+00 0.000000e+00 0.000000e+00 0.000000e+00 0.000000e+00 0.000000e+00 0.000000e+00 0.000000e+00 0.000000e+00 0.000000e+00 0.000000e+00 0.000000e+00 0.000000e+00 0.000000e+00 0.000000e+00 0.000000e+00 0.000000e+00 0.000000e+00 0.000000e+00 0.000000e+00 0.000000e+00 0.000000e+00 0.000000e+00 0.000000e+00 0.000000e+00 0.000000e+00 0.000000e+00 0.000000e+00 2.857143e-01 7.142857e-01 0.000000e+00 0.000000e+00 0.000000e+00 0.000000e+00 0.000000e+00
 0.000000e+00 0.000000e+00 0.000000e+00 0.000000e+00 0.000000e+00 0.000000e+00 0.000000e+00 0.000000e+00 0.000000e+00 0.000000e+00 0.000000e+00 0.000000e+00 0.000000e+00 0.000000e+00 0.000000e+00 0.000000e+00 0.000000e+00 0.000000e+00 0.000000e+00 0.000000e+00 0.000000e+00 0.000000e+00 0.000000e+00 0.000000e+00 0.000000e+00 0.000000e+00 0.000000e+00 0.000000e+00 0.000000e+00 0.000000e+00 0.000000e+00 2.857143e-01 7.142857e-01 0.000000e+00 0.000000e+00 0.000000e+00 0.000000e+00
 0.000000e+00 0.000000e+00 0.000000e+00 0.000000e+00 0.000000e+00 0.000000e+00 0.000000e+00 0.000000e+00 0.000000e+00 0.000000e+00 0.000000e+00 0.000000e+00 0.000000e+00 0.000000e+00 0.000000e+00 0.000000e+00 0.000000e+00 0.000000e+00 0.000000e+00 0.000000e+00 0.000000e+00 0.000000e+00 0.000000e+00 0.000000e+00 0.000000e+00 0.000000e+00 0.000000e+00 0.000000e+00 0.000000e+00 0.000000e+00 0.000000e+00 0.000000e+00 4.444444e-01 5.555556e-01 0.000000e+00 0.000000e+00 0.000000e+00
 0.000000e+00 0.000000e+00 0.000000e+00 0.000000e+00 0.000000e+00 0.000000e+00 0.000000e+00 0.000000e+00 0.000000e+00 0.000000e+00 0.000000e+00 0.000000e+00 0.000000e+00 0.000000e+00 0.000000e+00 0.000000e+00 0.000000e+00 0.000000e+00 0.000000e+00 0.000000e+00 0.000000e+00 0.000000e+00 0.000000e+00 0.000000e+00 0.000000e+00 0.000000e+00 0.000000e+00 0.000000e+00 0.000000e+00 0.000000e+00 0.000000e+00 0.000000e+00 0.000000e+00 1.666667e-01 8.333333e-01 0.000000e+00 0.000000e+00
 0.000000e+00 0.000000e+00 0.000000e+00 0.000000e+00 0.000000e+00 0.000000e+00 0.000000e+00 0.000000e+00 0.000000e+00 0.000000e+00 0.000000e+00 0.000000e+00 0.000000e+00 0.000000e+00 0.000000e+00 0.000000e+00 0.000000e+00 0.000000e+00 0.000000e+00 0.000000e+00 0.000000e+00 0.000000e+00 0.000000e+00 0.000000e+00 0.000000e+00 0.000000e+00 0.000000e+00 0.000000e+00 0.000000e+00 0.000000e+00 0.000000e+00 0.000000e+00 0.000000e+00 0.000000e+00 4.444444e-01 5.555556e-01 0.000000e+00
 0.000000e+00 0.000000e+00 0.000000e+00 0.000000e+00 0.000000e+00 0.000000e+00 0.000000e+00 0.000000e+00 0.000000e+00 0.000000e+00 0.000000e+00 0.000000e+00 0.000000e+00 0.000000e+00 0.000000e+00 0.000000e+00 0.000000e+00 0.000000e+00 0.000000e+00 0.000000e+00 0.000000e+00 0.000000e+00 0.000000e+00 0.000000e+00 0.000000e+00 0.000000e+00 0.000000e+00 0.000000e+00 0.000000e+00 0.000000e+00 0.000000e+00 0.000000e+00 0.000000e+00 0.000000e+00 0.000000e+00 0.000000e+00 1.000000e+00
 0.000000e+00 0.000000e+00 0.000000e+00 0.000000e+00 0.000000e+00 0.000000e+00 0.000000e+00 0.000000e+00 0.000000e+00 0.000000e+00 0.000000e+00 0.000000e+00 0.000000e+00 0.000000e+00 0.000000e+00 0.000000e+00 0.000000e+00 0.000000e+00 0.000000e+00 0.000000e+00 0.000000e+00 0.000000e+00 0.000000e+00 0.000000e+00 0.000000e+00 0.000000e+00 0.000000e+00 0.000000e+00 0.000000e+00 0.000000e+00 0.000000e+00 0.000000e+00 0.000000e+00 0.000000e+00 0.000000e+00 0.000000e+00 0.000000e+00
<ENDHMM>
