~o
<STREAMINFO> 1 39
<VECSIZE> 39<NULLD><MFCC_E_D_A><DIAGC>
~h "Tie^p"
<BEGINHMM>
<NUMSTATES> 28
<STATE> 2
<MEAN> 39
 -6.905242e+00 -7.071713e+00 -9.334547e-01 -2.325928e-01 6.124263e-01 -3.634186e+00 1.550719e-01 -1.787683e+00 2.044984e+00 -3.853831e+00 1.943358e+00 -1.353300e+00 -5.559608e-03 -2.916080e-01 7.571129e-01 -9.139890e-01 4.430857e-01 -1.763373e-01 -4.726872e-02 -2.781512e-02 -1.052053e-01 -6.183986e-01 -8.340612e-01 1.690911e-01 -4.794933e-01 2.315483e-02 -4.665901e-02 -3.001075e-02 -4.577351e-01 -3.426908e-01 -3.232127e-01 -3.620613e-01 4.558192e-01 4.888584e-02 7.379892e-02 1.178241e-01 1.248772e-01 7.944341e-02 3.656009e-02
<VARIANCE> 39
 6.458861e+00 1.330659e+01 6.585415e+00 1.069949e+01 1.381798e+01 1.332963e+01 9.079853e+00 1.110700e+01 6.300947e+00 1.449745e+01 1.345102e+01 4.688738e+00 1.000000e-02 7.959157e-01 1.029374e+00 1.197500e+00 1.434096e+00 1.264224e+00 5.490600e-01 2.068414e+00 1.152766e+00 5.915658e-01 1.567307e+00 7.837420e-01 9.411306e-01 1.000000e-02 2.090859e-01 3.412607e-01 6.408208e-01 6.184479e-01 3.886469e-01 3.219234e-01 3.007609e-01 3.901367e-01 6.537398e-02 4.323433e-01 3.108393e-01 2.087102e-01 1.000000e-02
<GCONST> 7.143594e+01
<STATE> 3
<MEAN> 39
 -5.824888e+00 -5.932508e+00 -1.969323e+00 -3.669298e-01 -3.617783e-01 -4.126175e+00 1.223571e+00 -2.244788e+00 3.489185e-01 -4.085058e+00 2.270005e+00 -3.228780e+00 9.926958e-02 1.187467e-01 -1.010854e+00 -1.505046e+00 -1.654877e+00 -1.505578e+00 -1.513708e+00 9.552983e-01 -4.544331e-01 2.123305e-01 3.682651e-01 2.562687e-01 8.869182e-01 1.224840e-01 -2.765368e-01 -6.394547e-01 -9.211344e-02 -7.470430e-01 -8.622755e-01 -3.242770e-01 -5.653399e-02 2.423220e-01 5.334517e-01 7.050392e-01 -2.638453e-01 2.495137e-01 2.413856e-02
<VARIANCE> 39
 4.427870e+00 5.145284e+00 2.371047e+01 9.099884e+00 1.868218e+01 1.597706e+01 2.536267e+01 1.889957e+01 4.626570e+00 5.136181e+00 1.738894e+01 1.525049e+01 1.998666e-02 1.461708e+00 1.255735e+00 6.969876e+00 2.694700e+00 6.340286e+00 3.637657e+00 2.418372e+00 3.788290e+00 7.046474e-01 2.224230e+00 3.167293e+00 8.736372e-01 1.110884e-02 2.425635e-01 1.493227e-01 5.834028e-01 5.769416e-01 8.726068e-01 8.261166e-01 3.510362e-01 9.676026e-01 8.910187e-02 8.799152e-01 3.071066e-01 3.319875e-01 1.000000e-02
<GCONST> 8.749660e+01
<STATE> 4
<MEAN> 39
 -8.018268e+00 -8.421993e+00 -1.151965e+01 -6.814378e+00 -6.597929e+00 -1.315642e+01 5.355466e+00 -3.591746e+00 1.798809e+00 -3.901224e+00 5.381191e+00 5.046357e-01 6.316135e-01 -9.975661e-01 -2.111600e+00 -1.364587e+00 -3.636119e+00 -4.883853e+00 -3.561420e+00 1.146432e+00 1.859173e+00 1.860943e+00 3.107237e+00 -6.173012e-02 4.693573e-01 1.948408e-01 6.919064e-02 -3.400227e-01 1.396410e+00 -2.313968e-01 -2.384394e-03 3.997574e-01 -1.409165e-01 4.825199e-01 2.275378e-01 1.138230e+00 -4.477786e-01 -2.496514e-01 -2.819319e-02
<VARIANCE> 39
 1.482347e+01 1.980059e+01 4.775791e+01 2.059451e+01 1.292665e+02 7.059637e+01 1.900460e+01 1.843053e+01 7.124377e+00 2.302529e+01 3.188538e+01 1.995914e+01 7.729128e-02 2.048198e-01 5.811414e-01 4.408261e+00 2.737602e+00 5.923363e+00 6.492781e+00 1.825003e+00 4.158020e+00 3.446838e-01 3.079184e+00 2.172198e+00 3.562366e+00 1.026910e-02 2.557094e-01 5.031651e-01 6.049106e-01 4.103585e-01 1.854569e+00 7.129812e-01 2.123183e-01 4.985498e-01 1.370641e-01 1.067357e+00 6.386061e-01 4.729938e-01 1.000000e-02
<GCONST> 9.865436e+01
<STATE> 5
<MEAN> 39
 -9.015922e+00 -1.424022e+01 -6.212301e+00 -1.212914e+01 -1.399478e+01 -1.432812e+01 5.139364e+00 1.482510e+00 6.073069e+00 6.367274e+00 1.632079e+00 4.894751e-01 6.772029e-01 -3.926758e-01 -1.331977e+00 1.677715e+00 -2.108096e+00 -1.472054e+00 4.215634e-02 5.921287e-01 8.050985e-01 7.031223e-01 3.354485e+00 -8.083995e-01 1.677428e-01 5.224220e-02 2.638975e-01 6.513996e-01 6.282058e-01 6.497259e-01 1.162557e+00 9.721766e-01 -7.186915e-02 -5.143140e-01 -5.044284e-01 -7.049065e-01 -5.126050e-02 -3.885046e-01 -3.719258e-02
<VARIANCE> 39
 3.061841e+00 5.211998e+00 2.755865e+01 3.699865e+01 6.772474e+01 1.092187e+02 4.609958e+01 2.319029e+01 1.048446e+01 4.191357e+01 2.255313e+01 2.826293e+01 2.110311e-01 9.290081e-01 2.546839e+00 1.100221e+00 1.832383e+00 4.777752e+00 2.048495e+00 1.172583e+00 1.889413e+00 8.384126e-01 8.233874e+00 3.002031e+00 2.732611e+00 1.000000e-02 5.568488e-02 1.458390e-01 5.166108e-01 2.537647e-01 6.576297e-01 8.241278e-01 1.300624e-01 3.886093e-01 8.670869e-02 5.238991e-01 4.012476e-01 6.004056e-01 1.000000e-02
<GCONST> 9.275246e+01
<STATE> 6
<MEAN> 39
 -8.875165e+00 -1.310004e+01 -5.898925e-01 -1.398789e+01 -1.210806e+01 -8.415202e+00 4.033468e+00 8.443657e-01 4.594202e+00 8.490178e+00 -8.957003e-01 4.156051e-01 6.747177e-01 -2.298156e-03 5.093294e-01 9.901167e-01 -6.258005e-01 3.291695e-01 6.597958e-01 4.035044e-01 -1.966961e-01 -1.831935e-01 -1.038977e-01 -1.042529e+00 -8.503942e-01 1.394598e-02 1.369457e-02 2.564543e-01 -3.282696e-01 3.288271e-01 3.196712e-01 1.266208e-01 -2.061905e-01 -2.585566e-01 -1.184917e-01 -1.043775e+00 1.166105e-01 5.762559e-02 -1.651939e-02
<VARIANCE> 39
 3.233037e+00 1.637913e+01 2.043212e+01 5.052861e+01 6.141003e+01 7.498383e+01 3.601432e+01 3.305409e+01 7.998322e+00 8.467618e+01 2.558063e+01 1.205992e+01 2.029929e-01 6.579440e-01 5.581828e-01 1.018393e+00 3.916512e-01 2.187208e-01 1.094788e+00 4.212905e-01 5.314453e-01 6.439907e-01 2.023233e+00 2.711349e-01 6.972984e-01 1.000000e-02 7.073777e-02 3.530318e-01 1.968412e-02 1.841672e-01 1.913493e-01 2.141263e-01 1.175841e-01 2.000044e-01 1.685202e-01 1.194600e+00 3.161148e-01 2.786959e-01 1.000000e-02
<GCONST> 7.301330e+01
<STATE> 7
<MEAN> 39
 -8.563545e+00 -1.238649e+01 -4.981343e-01 -1.428923e+01 -1.111560e+01 -8.776736e+00 4.294939e+00 -6.709868e-02 4.693517e+00 5.241319e+00 -5.098508e-01 -5.434521e-01 6.464617e-01 6.925730e-02 -6.379683e-02 4.779500e-01 -3.363935e-01 1.131835e-02 5.965206e-01 -3.704197e-01 -3.905406e-01 -4.878061e-01 -8.004230e-01 -2.050645e-01 -3.082727e-01 -1.140327e-03 5.814255e-02 -1.552491e-02 -1.917244e-01 2.051048e-01 1.204650e-01 -6.976179e-02 -2.331747e-02 -1.276781e-01 -2.225991e-01 -2.961534e-01 -1.107728e-01 -1.237559e-01 -3.074599e-03
<VARIANCE> 39
 9.307730e+00 1.947016e+01 1.611942e+01 5.512970e+01 7.055453e+01 8.061192e+01 4.865646e+01 2.116720e+01 4.311031e+00 6.204883e+01 1.576274e+01 7.315764e+00 2.021641e-01 9.174192e-02 3.384450e-01 7.251721e-01 5.074092e-01 4.064630e-01 7.536722e-01 9.917420e-01 4.059317e-01 4.619486e-01 5.207241e-01 1.012002e+00 3.887221e-01 1.000000e-02 6.244747e-02 1.542481e-01 9.008712e-02 8.591064e-02 1.507666e-01 2.031686e-01 1.246699e-01 2.788997e-02 1.717867e-02 6.633435e-01 1.626165e-01 1.070609e-01 1.000000e-02
<GCONST> 6.267836e+01
<STATE> 8
<MEAN> 39
 -8.282682e+00 -1.346174e+01 -1.478256e+00 -1.517672e+01 -1.235354e+01 -1.165567e+01 6.655426e+00 -1.376190e+00 4.675503e+00 4.693192e+00 -1.928807e+00 -3.411162e+00 7.531791e-01 -1.518694e-01 -1.534465e-01 1.760623e-01 -3.064622e-01 -1.197654e-02 5.211499e-01 -2.976166e-02 -6.016545e-01 -3.091848e-01 -1.063209e+00 -1.252233e+00 -6.336983e-01 -6.711447e-03 -1.789607e-02 2.706016e-02 -2.476660e-01 1.822128e-01 -2.651568e-02 6.301594e-03 5.721087e-02 -2.441843e-03 -1.225387e-02 7.254985e-02 1.119220e-01 -2.668225e-02 -2.700266e-03
<VARIANCE> 39
 7.433718e+00 1.090729e+01 7.234807e+00 5.319893e+01 8.868291e+01 5.218592e+01 4.395548e+01 2.772672e+01 1.214587e+01 5.048958e+01 9.200291e+00 1.610924e+01 1.501997e-01 1.284339e-01 2.674639e-01 2.548167e-01 3.558216e-01 1.399250e+00 2.113319e+00 3.834987e-01 7.089563e-01 5.882289e-01 8.021768e-01 5.684893e-01 7.137476e-01 1.000000e-02 3.155300e-02 3.871530e-02 1.695018e-01 8.407732e-02 1.324669e-01 2.341818e-01 1.490131e-01 1.717651e-01 4.961856e-02 2.045088e-01 1.056397e-01 4.152139e-02 1.000000e-02
<GCONST> 6.212267e+01
<STATE> 9
<MEAN> 39
 -8.215734e+00 -1.278593e+01 1.822833e-01 -1.414864e+01 -9.680631e+00 -5.740508e+00 4.534316e+00 -3.328514e+00 3.580223e+00 1.700222e+00 -3.770749e+00 -2.900574e+00 6.109273e-01 -8.295679e-02 1.522513e-02 1.794156e-01 3.138145e-01 1.730162e-01 8.137261e-01 7.016115e-01 -2.131959e-02 1.911617e-01 1.978566e-01 -7.700912e-01 -4.955704e-01 -7.306844e-03 2.538239e-02 -4.202744e-02 6.856380e-02 2.020608e-01 1.659855e-01 -3.389801e-02 3.889602e-02 2.621924e-01 3.867926e-02 -5.280365e-03 -7.079542e-02 1.984892e-01 -3.416332e-03
<VARIANCE> 39
 9.518103e+00 1.403806e+01 1.601610e+01 7.922188e+01 6.861744e+01 5.112586e+01 3.196067e+01 2.676500e+01 1.728769e+01 6.416322e+01 1.282280e+01 3.405593e+01 1.834959e-01 5.031954e-01 1.872705e-01 4.537962e-01 2.982536e-01 3.548918e-01 4.481148e-01 4.154796e-01 7.878276e-01 1.556771e+00 7.028829e-01 9.338443e-01 3.071669e-01 1.000000e-02 6.905454e-02 2.686279e-02 1.733086e-02 1.000000e-02 2.027032e-01 1.645037e-01 3.880496e-02 8.463477e-02 2.407730e-01 1.691266e-01 1.308613e-01 1.241015e-01 1.000000e-02
<GCONST> 6.095006e+01
<STATE> 10
<MEAN> 39
 -9.140999e+00 -1.334483e+01 -9.027779e-01 -1.487204e+01 -1.237380e+01 -7.614080e+00 7.832448e+00 -2.228426e+00 4.007506e+00 3.486306e+00 -5.276606e+00 -5.083030e+00 7.281958e-01 5.038728e-01 -2.401687e-01 1.901704e-01 5.437357e-01 1.197443e+00 3.773960e-01 5.940099e-02 -1.911888e-02 -7.830701e-01 -8.154569e-01 -3.645193e-01 -4.482475e-01 -1.533651e-02 2.882422e-01 -2.886604e-01 2.313104e-02 -8.176791e-03 1.249938e-01 -4.985666e-01 -1.551300e-01 9.838519e-02 2.686607e-02 -1.639827e-01 2.470094e-01 9.329752e-02 -2.184642e-03
<VARIANCE> 39
 2.269050e+00 1.150592e+01 2.265370e+01 6.352460e+01 7.890984e+01 5.778091e+01 2.342304e+01 1.880547e+01 2.905873e+01 3.109756e+01 1.978383e+01 2.594531e+01 1.462912e-01 2.475105e-01 5.438674e-01 2.208679e-01 6.506424e-01 8.703353e-01 1.188774e+00 5.883878e-01 1.240248e+00 7.801450e-01 9.598464e-01 1.074825e+00 8.560891e-01 1.000000e-02 3.542744e-02 4.965216e-02 4.213396e-02 9.367248e-02 2.461847e-01 2.573085e-01 1.145255e-01 3.337232e-01 1.909201e-01 1.777941e-01 1.176572e-01 5.559755e-02 1.000000e-02
<GCONST> 6.772595e+01
<STATE> 11
<MEAN> 39
 -7.871804e+00 -1.521666e+01 8.768539e-01 -1.232626e+01 -8.387098e+00 -6.255993e+00 6.484934e+00 -5.416799e-01 2.448914e+00 1.237446e+00 -5.992326e+00 -2.934496e+00 5.990728e-01 6.332847e-01 -1.178577e+00 7.216616e-02 -3.071395e-01 1.971775e-01 -1.577837e+00 -4.945929e-01 -4.973687e-02 4.487472e-01 -1.197902e+00 -5.451864e-02 6.954316e-01 -2.442046e-02 2.191155e-01 3.719256e-03 1.844192e-01 -6.196309e-02 -2.740659e-01 1.370729e-01 -5.753344e-01 -2.792039e-01 1.844515e-01 -1.024273e-02 1.171889e-01 9.015902e-02 -9.912705e-03
<VARIANCE> 39
 1.136292e+00 2.299036e+01 2.579956e+01 1.394717e+02 4.200371e+01 2.860266e+01 1.711716e+01 1.667408e+01 5.367376e+01 1.228724e+01 3.392044e+01 5.352224e+01 1.771160e-01 1.181034e+00 1.688099e-01 3.196589e-01 1.097151e+00 3.029755e+00 1.417806e+00 1.367501e+00 1.504119e+00 1.390547e+00 2.537493e+00 4.385999e-01 9.642518e-01 1.000000e-02 9.806424e-02 1.110875e-01 2.715113e-01 3.190202e-01 2.863967e-01 2.770549e-01 1.337735e-01 2.348105e-01 6.175721e-01 3.155319e-01 4.517615e-01 4.450800e-01 1.000000e-02
<GCONST> 8.264663e+01
<STATE> 12
<MEAN> 39
 -6.158229e+00 -1.692004e+01 1.216658e+00 -1.405183e+01 -7.725601e+00 -9.194270e+00 4.071981e+00 -3.076448e+00 1.995291e+00 -1.581293e+00 -7.235507e+00 -3.635364e+00 5.349617e-01 1.398815e+00 -4.327490e-01 9.430749e-01 6.688626e-01 4.532500e-01 3.172116e-01 -9.077218e-01 -3.159632e-01 -2.006355e-01 -4.403610e-01 5.157161e-01 -5.886317e-01 -3.943378e-02 8.480068e-02 3.722288e-01 3.300628e-01 5.888304e-01 -4.801498e-01 7.559187e-01 2.211472e-02 1.005235e-01 3.930516e-03 5.660399e-01 6.586079e-01 1.058821e-02 -1.695675e-03
<VARIANCE> 39
 1.259748e+01 3.415132e+01 1.844889e+01 1.112009e+02 3.414795e+01 5.590621e+01 4.213992e+01 1.444355e+01 5.127461e+01 1.534317e+01 1.564148e+01 4.829188e+01 1.805068e-01 6.890248e-01 8.466542e-01 3.606155e+00 1.536314e+00 3.947793e-01 2.415476e+00 3.116187e+00 3.018538e+00 3.405886e+00 1.490849e+00 2.549877e+00 2.901994e+00 1.000000e-02 2.117432e-01 1.145462e-01 1.488932e-01 2.826647e-01 6.658385e-01 7.440846e-01 6.796930e-01 2.769361e-01 4.567641e-01 4.080740e-01 1.661478e-01 6.099196e-01 1.000000e-02
<GCONST> 9.547065e+01
<STATE> 13
<MEAN> 39
 -4.407802e+00 -1.542294e+01 2.643629e+00 -1.124343e+01 -5.896962e+00 -8.059301e+00 3.478176e+00 -1.950341e+00 2.710679e+00 -7.274682e-01 -3.400656e+00 -4.276620e+00 4.979618e-01 7.398973e-01 1.014250e-01 4.746975e-01 1.255711e+00 -1.640893e+00 6.154740e-01 -1.199744e+00 -4.773619e-02 1.853956e-01 3.295327e-01 2.087012e+00 4.255604e-01 4.592972e-03 -3.558649e-01 5.452707e-03 -7.801772e-02 -3.351453e-01 -1.096670e+00 4.321203e-02 1.514914e-01 -3.267074e-01 2.251623e-01 3.381833e-01 1.909703e-01 4.252998e-01 1.288980e-02
<VARIANCE> 39
 7.421634e+00 3.968778e+01 3.275977e+01 7.435349e+01 3.741554e+01 6.530756e+01 2.041544e+01 1.853637e+01 1.858613e+01 9.619817e+00 2.355349e+01 1.101921e+01 1.003543e-01 2.675593e+00 1.167965e+00 3.995849e+00 3.921771e+00 1.328381e+00 7.427122e+00 1.945961e+00 3.592379e-01 2.661058e+00 1.097312e+00 2.777313e+00 1.305087e+00 1.429443e-02 1.236280e-01 2.388889e-01 3.499773e-01 6.930950e-01 3.652126e-01 1.043975e+00 8.589236e-01 7.200469e-01 3.309051e-01 2.966137e-01 3.291457e-01 2.209489e-01 1.000000e-02
<GCONST> 9.534682e+01
<STATE> 14
<MEAN> 39
 -3.628699e+00 -1.716718e+01 3.571787e+00 -1.123643e+01 -1.498278e+01 -7.409510e+00 3.217898e+00 -2.956006e+00 3.283412e+00 9.844506e-01 1.635370e+00 -4.319667e+00 6.174751e-01 4.801869e-01 -5.042259e-01 9.625664e-01 -7.131251e-01 -2.859728e+00 2.273515e-01 7.341928e-01 -3.994037e-01 2.938903e-01 1.483970e+00 3.678962e-01 5.792180e-01 9.210747e-03 -6.390144e-02 1.408757e-01 -1.491094e-01 -1.265984e-01 2.630962e-01 1.667063e-02 4.926319e-01 -1.893621e-01 8.268534e-03 5.555159e-03 -7.525326e-01 -1.516325e-01 -3.161596e-03
<VARIANCE> 39
 3.736719e+01 1.758898e+01 6.252404e+01 2.337410e+01 3.517685e+01 8.138746e+01 1.255437e+01 2.628091e+01 9.310480e+00 1.161489e+01 2.880415e+01 6.611304e+00 2.874103e-02 1.447893e+00 2.036500e+00 1.866745e+00 7.647092e+00 2.823028e+00 7.386152e+00 5.976711e+00 2.106459e+00 1.231650e+00 3.161364e+00 2.861106e+00 1.667645e+00 1.256387e-02 2.186387e-01 2.666251e-01 7.026098e-01 6.312557e-01 4.525160e-01 1.053624e+00 6.006652e-01 3.814963e-01 3.324633e-01 4.401448e-01 5.325915e-01 7.738974e-02 1.000000e-02
<GCONST> 9.786423e+01
<STATE> 15
<MEAN> 39
 -4.912754e+00 -1.760822e+01 2.994946e+00 -1.436999e+01 -1.966699e+01 -9.157343e+00 6.445277e+00 -4.162345e+00 6.713320e+00 6.853519e+00 -2.045051e-01 -4.182037e+00 7.312801e-01 2.620026e-01 5.771247e-01 4.300201e-01 3.590669e-01 -3.057138e-01 5.935506e-01 3.135906e-01 -3.816923e-01 1.145175e-01 -4.147913e-01 -4.131366e-01 -5.964022e-03 -1.779882e-02 -1.370654e-01 2.438613e-01 -1.831411e-01 2.230832e-01 7.310573e-01 8.853176e-02 -1.326812e-01 1.268437e-02 -1.776978e-01 -6.207834e-01 6.787092e-02 -1.507224e-01 -5.750743e-03
<VARIANCE> 39
 3.743553e+01 7.592184e+00 2.045923e+01 1.469881e+01 1.968819e+01 4.271832e+01 1.893254e+01 1.190549e+01 1.450935e+01 8.932144e+00 1.073560e+01 1.056950e+01 6.010194e-02 1.968595e-01 4.681048e-01 9.893294e-01 1.782420e+00 3.033920e+00 1.915292e+00 2.324351e+00 2.832125e+00 1.042633e+00 2.077692e+00 7.709766e-01 1.406796e+00 1.000000e-02 1.091412e-01 2.181698e-01 1.097355e-01 3.183055e-01 4.890378e-01 1.951814e-01 7.119449e-01 2.849003e-01 3.744119e-01 2.013346e-01 1.470307e-01 2.953714e-01 1.000000e-02
<GCONST> 7.868260e+01
<STATE> 16
<MEAN> 39
 -8.051893e-02 -1.575799e+01 7.121989e+00 -9.905307e+00 -1.468424e+01 -4.049985e+00 3.950505e+00 -7.343641e+00 2.274492e+00 -1.408991e+00 -3.701015e+00 -4.367969e+00 4.960624e-01 -2.204183e-02 6.502245e-01 3.825226e-03 1.030127e+00 5.187932e-01 1.029940e+00 -2.149228e-02 -2.936950e-01 5.842627e-01 -5.596500e-01 5.768738e-01 2.387338e-02 -3.798667e-02 -3.587296e-01 -7.685957e-02 -4.509578e-01 -4.179704e-01 -5.255033e-03 -2.489854e-01 3.728662e-01 7.280331e-01 7.865534e-02 6.533241e-01 2.528931e-01 -2.122414e-01 3.635857e-03
<VARIANCE> 39
 1.391324e+01 6.050631e+00 8.141682e+00 1.578995e+01 1.900337e+01 2.177401e+01 1.893989e+01 8.463136e+00 1.972162e+01 7.018080e+00 6.560600e+00 1.399147e+01 2.872887e-02 1.838584e-01 4.195898e-01 4.114346e-01 9.380793e-01 1.990104e+00 7.972741e-01 3.353819e+00 2.885220e+00 2.764000e+00 1.080264e+00 1.075552e+00 7.357330e-01 1.000000e-02 6.610993e-02 3.784432e-02 1.293944e-01 2.452000e-01 9.325941e-01 2.517616e-01 1.104368e+00 5.855560e-01 2.485364e-01 1.205938e-01 2.552932e-01 1.955769e-01 1.000000e-02
<GCONST> 7.100462e+01
<STATE> 17
<MEAN> 39
 -3.831421e+00 -1.593121e+01 4.975935e+00 -1.259471e+01 -1.773746e+01 -5.302557e+00 5.450242e+00 -3.928437e+00 3.902613e+00 2.014783e+00 -1.241077e+00 -4.876013e+00 5.627294e-01 -3.518973e-01 1.628773e-01 -8.895203e-01 2.885158e-01 6.780452e-01 -7.956916e-02 -4.815803e-01 -2.436247e-01 5.866924e-02 2.657652e-01 2.591193e-01 -1.166567e+00 -2.854780e-02 2.432601e-02 -2.300099e-02 -1.538917e-01 -1.295648e-01 6.852623e-02 -3.221644e-01 -1.260486e-02 -1.122763e-01 1.239599e-03 1.667917e-01 -1.648485e-01 -3.190391e-01 2.884399e-03
<VARIANCE> 39
 2.766709e+01 7.190929e+00 1.638277e+01 3.648876e+01 8.023127e+00 2.457189e+01 1.950883e+01 1.049419e+01 9.168590e+00 5.690160e+00 1.940295e+00 6.199821e+00 6.280789e-02 1.685727e-01 5.969881e-01 4.433323e-01 7.139348e-01 2.265813e+00 2.205467e+00 4.298603e+00 3.081453e+00 2.196550e+00 1.523999e+00 1.067213e+00 1.398249e+00 1.000000e-02 4.567927e-02 7.823601e-02 4.867826e-02 1.722948e-01 2.634599e-01 2.427229e-01 5.872038e-01 2.608255e-01 3.625567e-01 2.431139e-01 3.381785e-02 2.720033e-01 1.000000e-02
<GCONST> 6.862874e+01
<STATE> 18
<MEAN> 39
 -2.830746e+00 -1.543441e+01 2.175025e+00 -1.088011e+01 -1.574243e+01 -5.123684e+00 6.148791e+00 -4.640870e+00 4.038013e+00 2.684438e+00 -6.804389e-01 -7.561443e+00 4.706068e-01 1.181203e-01 3.062267e-01 -6.119887e-01 -3.495152e-01 3.698344e-02 -2.800573e-01 4.302339e-01 3.396406e-01 -3.335143e-01 5.039602e-01 -3.340051e-01 -4.547307e-01 -2.163468e-02 1.725303e-01 -1.662368e-01 2.293583e-01 -6.745659e-02 -5.090037e-02 -3.220590e-01 -6.001423e-02 2.437529e-01 -6.188811e-02 -4.162398e-02 -1.750509e-01 5.223743e-01 1.963695e-03
<VARIANCE> 39
 2.437886e+01 7.256038e+00 9.993666e+00 3.099281e+01 6.124551e+00 1.008074e+01 1.301683e+01 1.118120e+01 9.109357e+00 8.526350e+00 2.417082e+01 2.917748e+01 6.077274e-02 8.364682e-01 2.376103e+00 8.710558e-01 8.899050e-01 1.668817e+00 2.031900e+00 2.055425e+00 1.003325e+00 4.077602e-01 9.918172e-01 1.357651e+00 1.454654e+00 1.000000e-02 1.139640e-01 5.274241e-02 9.934542e-02 2.139575e-01 4.009538e-01 5.481585e-01 8.335169e-01 5.133410e-01 2.026914e-01 1.718569e-01 1.830672e-01 4.447743e-01 1.000000e-02
<GCONST> 7.554964e+01
<STATE> 19
<MEAN> 39
 -1.483370e+00 -1.807046e+01 2.093912e+00 -1.382425e+01 -1.404897e+01 -9.734459e+00 4.419335e+00 -4.032934e+00 2.567558e+00 2.805376e+00 -4.375075e+00 -6.682018e+00 5.353552e-01 9.279605e-01 -9.583648e-02 1.059701e-01 1.116428e+00 -6.441390e-01 -4.807396e-01 -1.478102e-01 5.428596e-01 5.491599e-02 1.565555e-01 3.028740e-01 8.745636e-01 -4.317191e-02 -2.210308e-01 2.386393e-01 2.573369e-01 4.950122e-01 -2.368143e-01 7.352495e-01 1.570417e-01 -2.621545e-01 5.328190e-02 -9.923545e-02 4.515606e-01 -1.692624e-02 -4.978699e-03
<VARIANCE> 39
 5.808743e+00 4.682721e+01 6.205146e+00 1.669953e+01 2.049971e+01 4.045085e+01 1.224160e+01 7.104667e+00 3.895543e+00 3.527757e+00 2.000992e+01 5.347026e+00 5.981269e-02 1.600262e+00 1.342455e+00 4.251473e-01 2.719255e+00 2.810307e+00 5.518651e+00 2.515103e+00 1.458576e+00 8.633249e-01 2.376964e-01 7.203413e-01 1.992497e+00 1.000000e-02 1.229628e-01 4.684013e-01 3.918189e-02 2.478344e-01 8.891548e-01 6.929044e-01 2.910505e-01 1.763729e-01 7.927186e-02 2.380589e-02 9.243399e-02 5.134456e-01 1.000000e-02
<GCONST> 7.184167e+01
<STATE> 20
<MEAN> 39
 -9.883006e-01 -1.536427e+01 3.599557e+00 -7.615522e+00 -1.686775e+01 -5.069505e+00 7.305246e+00 -1.783580e+00 5.168077e+00 3.357376e+00 -4.731518e-01 -4.480518e+00 3.175414e-01 -3.345154e-01 6.255680e-01 1.526609e-01 6.113508e-01 8.792697e-01 7.379542e-01 5.419169e-02 -3.423412e-01 -3.361163e-01 1.681459e-02 6.627771e-01 8.360991e-01 -2.662185e-02 -1.033703e-01 6.666697e-02 -1.460604e-01 -1.173273e-01 5.282270e-01 -2.095926e-01 -3.906935e-01 -3.164634e-01 -2.859553e-01 -7.133779e-02 -2.705300e-02 4.364238e-02 1.808131e-03
<VARIANCE> 39
 3.630094e+00 1.783565e+01 1.016333e+01 5.661888e+00 2.163005e+01 8.900634e+00 1.184832e+01 4.713229e+00 1.888749e+01 8.469054e+00 1.670873e+01 8.006672e+00 1.611709e-02 2.164963e-01 7.974169e-01 3.560209e-01 1.693726e+00 2.467597e+00 2.015871e+00 2.444781e+00 2.613963e+00 3.530059e+00 8.724610e-01 9.114799e-01 1.024400e+00 1.000000e-02 2.882230e-02 1.983034e-01 7.044909e-02 1.730306e-01 3.288262e-01 4.959725e-01 4.208895e-01 3.216759e-01 4.922418e-01 1.049974e-01 1.893354e-01 1.681748e-01 1.000000e-02
<GCONST> 6.827454e+01
<STATE> 21
<MEAN> 39
 -7.715225e-01 -1.259455e+01 3.257003e+00 -6.057515e+00 -1.259318e+01 -4.776954e+00 2.911156e+00 -7.771708e+00 -1.249618e+00 2.267206e+00 1.435484e-01 -1.806019e+00 2.931175e-01 -5.509362e-01 5.224681e-01 -4.157819e-01 3.074510e-01 1.037245e+00 -5.326836e-01 -3.098243e-01 -1.187712e-01 -6.934410e-01 2.275305e-01 3.199257e-01 1.906678e-01 -2.668078e-02 -1.557522e-01 -5.295430e-02 -7.139746e-02 -7.106454e-02 -1.125476e-01 -1.574172e-01 1.940545e-01 5.642772e-01 7.017512e-01 2.127077e-01 1.465462e-01 -3.839889e-01 -8.558566e-03
<VARIANCE> 39
 2.364653e+00 1.628136e+01 1.158803e+01 2.239023e+01 3.360017e+01 8.649238e+00 4.044040e+01 3.627740e+01 2.594368e+01 2.551795e+01 1.371017e+01 4.731654e+00 1.460866e-02 1.456214e-01 9.634017e-01 6.849168e-01 7.735797e-01 2.000256e+00 1.739879e+00 9.690552e-01 1.719637e+00 2.279203e+00 1.156967e+00 1.979439e+00 4.285858e-01 1.000000e-02 1.858886e-02 7.344562e-02 1.589129e-01 3.397604e-01 5.899699e-01 3.192033e-01 5.862871e-01 5.966924e-01 4.057252e-01 4.231167e-01 2.124754e-01 1.617657e-01 1.000000e-02
<GCONST> 7.367652e+01
<STATE> 22
<MEAN> 39
 -2.808586e+00 -1.208841e+01 1.839073e+00 -6.795352e+00 -1.170898e+01 -5.679490e+00 5.263339e+00 -3.580874e+00 3.449742e+00 4.176299e+00 1.431332e+00 -3.534927e+00 2.062910e-01 -7.665786e-01 7.438778e-01 -4.534518e-01 4.076360e-01 1.467641e+00 -4.617331e-01 -6.271769e-01 6.059442e-01 6.376230e-01 1.427984e-01 1.067256e+00 -1.666235e-01 -4.999537e-02 2.095575e-02 -2.329389e-02 6.632163e-02 2.623659e-01 1.630698e-01 1.225301e-01 -3.666026e-02 1.858168e-01 1.602743e-01 -1.448000e-01 -7.390578e-02 -1.173201e-01 -1.027946e-04
<VARIANCE> 39
 2.906841e+00 1.940088e+01 6.037541e+00 1.940485e+01 4.259935e+01 1.839540e+01 1.047125e+01 1.954607e+01 9.885282e+00 1.240589e+01 1.286737e+01 4.980720e+00 1.097892e-02 3.559825e-02 5.243400e-01 7.446135e-01 1.536088e+00 2.990743e+00 1.515642e+00 1.995895e+00 1.467435e+00 1.017686e+00 1.570267e+00 1.206915e+00 4.504640e-01 1.000000e-02 2.518002e-02 1.545141e-01 1.193022e-01 2.629151e-01 3.930752e-01 2.932144e-01 2.548048e-01 2.864930e-01 2.388258e-01 1.341653e-01 1.651449e-01 1.377768e-01 1.000000e-02
<GCONST> 6.529159e+01
<STATE> 23
<MEAN> 39
 -3.915965e+00 -1.113233e+01 1.091927e+00 -4.449002e+00 -8.348740e+00 -7.192032e+00 3.406879e+00 -2.228569e+00 3.399125e+00 3.904962e+00 4.060394e+00 -3.697127e+00 1.134247e-01 -2.873286e-01 1.756996e-01 -4.093624e-02 1.006239e+00 1.540711e+00 3.125297e-01 1.598964e-01 3.592067e-01 8.578816e-02 -3.409072e-01 7.375415e-02 -9.838892e-03 -2.092035e-02 1.554102e-01 -1.477507e-01 8.442115e-02 -5.534472e-02 -3.373895e-01 4.034191e-02 2.496954e-01 -1.980089e-01 -1.771326e-01 -2.334692e-01 -4.266486e-01 9.520695e-02 9.620699e-03
<VARIANCE> 39
 3.698377e+00 6.404171e+00 6.635406e+00 7.184708e+00 1.960788e+01 1.935680e+01 1.030523e+01 1.050645e+01 5.768246e+00 2.046524e+01 8.704121e+00 5.318689e+00 1.000000e-02 4.227833e-01 3.982617e-01 3.506794e-01 7.685886e-01 2.630489e+00 1.516446e+00 1.131023e+00 1.545564e+00 1.255546e+00 1.205426e+00 5.472849e-01 1.644661e+00 1.000000e-02 7.574815e-02 5.108130e-02 7.673555e-02 1.402007e-01 4.408224e-01 4.574831e-01 1.615094e-01 1.285467e-01 1.782293e-01 2.602471e-01 2.405071e-01 2.673672e-01 1.000000e-02
<GCONST> 6.190176e+01
<STATE> 24
<MEAN> 39
 -4.840643e+00 -1.068991e+01 1.523632e+00 -3.876452e+00 -4.879234e+00 -4.478476e+00 5.900314e+00 -1.598180e+00 4.401110e+00 3.495694e+00 3.119246e+00 -3.781709e+00 8.736856e-02 -4.343040e-01 3.245056e-01 -2.360871e-01 1.873068e-01 -2.180148e-01 -5.320432e-01 1.845820e-02 9.616370e-03 2.510718e-02 -5.562350e-01 -4.793488e-01 -2.540497e-01 -2.100241e-02 2.490835e-02 4.208050e-02 -2.308883e-02 -1.680120e-01 -3.884053e-01 -1.460108e-01 -2.463282e-01 -2.987897e-01 -8.233022e-02 -4.727522e-02 -1.493994e-01 -5.096564e-02 4.234545e-04
<VARIANCE> 39
 5.138169e+00 3.875753e+00 1.086850e+01 4.437877e+00 7.202646e+00 1.202926e+01 8.970432e+00 4.315412e+00 1.264602e+01 1.245440e+01 1.915215e+01 1.945070e+01 1.064723e-02 3.001987e-01 1.708250e-01 1.583202e-01 7.521471e-01 1.481743e+00 1.239633e+00 1.182455e+00 4.669460e-01 8.337513e-01 2.026631e+00 1.116903e+00 1.462807e+00 1.000000e-02 1.047912e-01 6.470128e-02 6.052954e-02 8.365345e-02 5.818127e-01 1.943950e-01 1.603555e-01 1.861648e-01 2.453784e-01 1.146983e-01 2.022930e-01 3.325366e-01 1.000000e-02
<GCONST> 5.758084e+01
<STATE> 25
<MEAN> 39
 -5.013308e+00 -9.556777e+00 4.031460e-01 -3.196839e+00 -6.314956e+00 -6.731500e+00 3.478591e+00 -4.515117e+00 1.445850e+00 -6.157249e-01 1.403469e+00 -3.641469e+00 2.750718e-02 -1.471242e-01 3.564049e-01 -2.659445e-02 3.068121e-01 5.903437e-01 1.529171e-01 -2.359368e-01 -4.949616e-01 1.788155e-01 -5.555694e-01 -6.955732e-01 -1.830188e-01 -1.432952e-02 8.131346e-03 -4.896728e-02 -2.606969e-02 -9.013054e-02 3.326831e-01 3.580047e-01 6.293599e-02 2.370848e-01 3.126044e-01 4.359817e-01 2.481014e-01 3.726407e-02 1.549075e-03
<VARIANCE> 39
 2.648140e+00 4.951980e+00 1.582680e+00 4.015717e+00 5.835606e+00 8.773117e+00 8.963955e+00 2.541417e+00 3.764329e+00 8.174277e+00 6.832815e+00 2.597787e+01 1.000000e-02 4.086279e-01 1.974783e-01 2.824254e-01 1.872611e-01 1.191081e+00 6.399916e-01 6.938847e-01 9.541073e-01 1.709930e+00 1.040990e+00 1.329156e+00 1.348761e+00 1.000000e-02 5.316672e-02 2.501534e-02 2.503166e-02 1.116469e-01 8.002475e-02 2.349278e-01 2.129377e-01 1.629709e-01 3.036432e-01 3.384025e-01 1.335327e-01 2.748455e-01 1.000000e-02
<GCONST> 4.755380e+01
<STATE> 26
<MEAN> 39
 -5.947831e+00 -8.880845e+00 8.344762e-01 -2.862825e+00 -4.201933e+00 -5.269996e+00 3.532943e+00 -2.314421e+00 5.820386e+00 2.523734e+00 1.493901e-02 -4.656690e+00 -1.782874e-03 -2.606552e-01 -4.222902e-02 -2.312932e-01 -1.090093e-01 6.532939e-01 5.005679e-01 -3.545329e-01 4.484034e-01 1.663231e-01 8.664404e-01 3.711808e-01 8.509552e-02 -1.291071e-02 1.003220e-02 -1.751521e-01 -8.810852e-02 -2.087802e-01 -2.105765e-01 -9.330387e-02 -7.126819e-02 -2.016571e-02 -5.601906e-01 -1.690193e-01 3.114339e-01 1.639682e-01 3.643616e-04
<VARIANCE> 39
 1.394743e+00 5.677108e+00 5.851581e+00 5.318601e+00 6.693440e+00 6.783669e+00 3.388684e+00 7.074769e+00 3.503322e+00 8.792591e+00 3.480315e+00 4.750147e+00 1.000000e-02 8.106259e-02 1.518039e-01 3.282151e-02 3.618062e-01 2.504417e-01 9.316258e-01 7.536131e-01 8.907726e-01 1.268940e+00 8.523249e-01 7.278244e-01 8.263315e-01 1.000000e-02 1.316949e-02 4.913397e-02 4.253985e-02 9.560370e-02 2.835059e-01 9.778504e-02 5.142796e-02 1.519812e-01 1.026997e-01 2.537917e-01 1.971095e-01 2.076048e-01 1.000000e-02
<GCONST> 3.735104e+01
<STATE> 27
<MEAN> 39
 -6.979558e+00 -1.009058e+01 6.138047e-02 -2.719739e+00 -3.446327e+00 -4.825288e+00 2.156871e+00 -2.176622e+00 3.013482e+00 4.816347e+00 4.991024e+00 -2.864216e+00 -4.005750e-02 -3.242853e-01 -1.297939e-01 -2.489510e-01 -3.472231e-01 2.138841e-01 5.351455e-01 1.734915e-01 -1.398445e-01 -8.622901e-01 -7.515575e-01 8.131702e-01 3.113371e-01 -1.063342e-02 1.495374e-01 1.048702e-01 1.086922e-01 -9.823837e-03 -2.566874e-01 -2.141997e-01 9.260534e-02 -9.487107e-02 -6.862679e-02 -5.867003e-01 -3.629234e-01 -1.219398e-01 7.028214e-03
<VARIANCE> 39
 2.115855e+00 6.138742e+00 1.802445e+00 1.464953e+00 5.041880e+00 1.060754e+01 4.537999e+00 8.270970e+00 6.929628e+00 9.144053e+00 7.048996e+00 1.375659e+01 1.000000e-02 3.891722e-02 3.582347e-01 3.309182e-01 2.741166e-01 1.165008e+00 4.321099e-01 5.451443e-01 3.801653e-01 1.235118e+00 1.217219e+00 1.352185e+00 6.230707e-01 1.000000e-02 2.008289e-02 3.901730e-02 3.980177e-02 6.185509e-02 2.119528e-02 2.352645e-01 2.008923e-01 1.037732e-01 1.071865e-01 6.086976e-02 1.591083e-01 9.833137e-02 1.000000e-02
<GCONST> 3.750805e+01
<TRANSP> 28
 0.000000e+00 1.000000e+00 0.000000e+00 0.000000e+00 0.000000e+00 0.000000e+00 0.000000e+00 0.000000e+00 0.000000e+00 0.000000e+00 0.000000e+00 0.000000e+00 0.000000e+00 0.000000e+00 0.000000e+00 0.000000e+00 0.000000e+00 0.000000e+00 0.000000e+00 0.000000e+00 0.000000e+00 0.000000e+00 0.000000e+00 0.000000e+00 0.000000e+00 0.000000e+00 0.000000e+00 0.000000e+00
 0.000000e+00 6.153846e-01 3.846154e-01 0.000000e+00 0.000000e+00 0.000000e+00 0.000000e+00 0.000000e+00 0.000000e+00 0.000000e+00 0.000000e+00 0.000000e+00 0.000000e+00 0.000000e+00 0.000000e+00 0.000000e+00 0.000000e+00 0.000000e+00 0.000000e+00 0.000000e+00 0.000000e+00 0.000000e+00 0.000000e+00 0.000000e+00 0.000000e+00 0.000000e+00 0.000000e+00 0.000000e+00
 0.000000e+00 0.000000e+00 5.833333e-01 4.166667e-01 0.000000e+00 0.000000e+00 0.000000e+00 0.000000e+00 0.000000e+00 0.000000e+00 0.000000e+00 0.000000e+00 0.000000e+00 0.000000e+00 0.000000e+00 0.000000e+00 0.000000e+00 0.000000e+00 0.000000e+00 0.000000e+00 0.000000e+00 0.000000e+00 0.000000e+00 0.000000e+00 0.000000e+00 0.000000e+00 0.000000e+00 0.000000e+00
 0.000000e+00 0.000000e+00 0.000000e+00 3.750000e-01 6.250000e-01 0.000000e+00 0.000000e+00 0.000000e+00 0.000000e+00 0.000000e+00 0.000000e+00 0.000000e+00 0.000000e+00 0.000000e+00 0.000000e+00 0.000000e+00 0.000000e+00 0.000000e+00 0.000000e+00 0.000000e+00 0.000000e+00 0.000000e+00 0.000000e+00 0.000000e+00 0.000000e+00 0.000000e+00 0.000000e+00 0.000000e+00
 0.000000e+00 0.000000e+00 0.000000e+00 0.000000e+00 5.454546e-01 4.545455e-01 0.000000e+00 0.000000e+00 0.000000e+00 0.000000e+00 0.000000e+00 0.000000e+00 0.000000e+00 0.000000e+00 0.000000e+00 0.000000e+00 0.000000e+00 0.000000e+00 0.000000e+00 0.000000e+00 0.000000e+00 0.000000e+00 0.000000e+00 0.000000e+00 0.000000e+00 0.000000e+00 0.000000e+00 0.000000e+00
 0.000000e+00 0.000000e+00 0.000000e+00 0.000000e+00 0.000000e+00 4.444444e-01 5.555556e-01 0.000000e+00 0.000000e+00 0.000000e+00 0.000000e+00 0.000000e+00 0.000000e+00 0.000000e+00 0.000000e+00 0.000000e+00 0.000000e+00 0.000000e+00 0.000000e+00 0.000000e+00 0.000000e+00 0.000000e+00 0.000000e+00 0.000000e+00 0.000000e+00 0.000000e+00 0.000000e+00 0.000000e+00
 0.000000e+00 0.000000e+00 0.000000e+00 0.000000e+00 0.000000e+00 0.000000e+00 5.454546e-01 4.545455e-01 0.000000e+00 0.000000e+00 0.000000e+00 0.000000e+00 0.000000e+00 0.000000e+00 0.000000e+00 0.000000e+00 0.000000e+00 0.000000e+00 0.000000e+00 0.000000e+00 0.000000e+00 0.000000e+00 0.000000e+00 0.000000e+00 0.000000e+00 0.000000e+00 0.000000e+00 0.000000e+00
 0.000000e+00 0.000000e+00 0.000000e+00 0.000000e+00 0.000000e+00 0.000000e+00 0.000000e+00 5.833333e-01 4.166667e-01 0.000000e+00 0.000000e+00 0.000000e+00 0.000000e+00 0.000000e+00 0.000000e+00 0.000000e+00 0.000000e+00 0.000000e+00 0.000000e+00 0.000000e+00 0.000000e+00 0.000000e+00 0.000000e+00 0.000000e+00 0.000000e+00 0.000000e+00 0.000000e+00 0.000000e+00
 0.000000e+00 0.000000e+00 0.000000e+00 0.000000e+00 0.000000e+00 0.000000e+00 0.000000e+00 0.000000e+00 5.000000e-01 5.000000e-01 0.000000e+00 0.000000e+00 0.000000e+00 0.000000e+00 0.000000e+00 0.000000e+00 0.000000e+00 0.000000e+00 0.000000e+00 0.000000e+00 0.000000e+00 0.000000e+00 0.000000e+00 0.000000e+00 0.000000e+00 0.000000e+00 0.000000e+00 0.000000e+00
 0.000000e+00 0.000000e+00 0.000000e+00 0.000000e+00 0.000000e+00 0.000000e+00 0.000000e+00 0.000000e+00 0.000000e+00 6.428571e-01 3.571429e-01 0.000000e+00 0.000000e+00 0.000000e+00 0.000000e+00 0.000000e+00 0.000000e+00 0.000000e+00 0.000000e+00 0.000000e+00 0.000000e+00 0.000000e+00 0.000000e+00 0.000000e+00 0.000000e+00 0.000000e+00 0.000000e+00 0.000000e+00
 0.000000e+00 0.000000e+00 0.000000e+00 0.000000e+00 0.000000e+00 0.000000e+00 0.000000e+00 0.000000e+00 0.000000e+00 0.000000e+00 4.444444e-01 5.555556e-01 0.000000e+00 0.000000e+00 0.000000e+00 0.000000e+00 0.000000e+00 0.000000e+00 0.000000e+00 0.000000e+00 0.000000e+00 0.000000e+00 0.000000e+00 0.000000e+00 0.000000e+00 0.000000e+00 0.000000e+00 0.000000e+00
 0.000000e+00 0.000000e+00 0.000000e+00 0.000000e+00 0.000000e+00 0.000000e+00 0.000000e+00 0.000000e+00 0.000000e+00 0.000000e+00 0.000000e+00 4.444444e-01 5.555556e-01 0.000000e+00 0.000000e+00 0.000000e+00 0.000000e+00 0.000000e+00 0.000000e+00 0.000000e+00 0.000000e+00 0.000000e+00 0.000000e+00 0.000000e+00 0.000000e+00 0.000000e+00 0.000000e+00 0.000000e+00
 0.000000e+00 0.000000e+00 0.000000e+00 0.000000e+00 0.000000e+00 0.000000e+00 0.000000e+00 0.000000e+00 0.000000e+00 0.000000e+00 0.000000e+00 0.000000e+00 3.750000e-01 6.250000e-01 0.000000e+00 0.000000e+00 0.000000e+00 0.000000e+00 0.000000e+00 0.000000e+00 0.000000e+00 0.000000e+00 0.000000e+00 0.000000e+00 0.000000e+00 0.000000e+00 0.000000e+00 0.000000e+00
 0.000000e+00 0.000000e+00 0.000000e+00 0.000000e+00 0.000000e+00 0.000000e+00 0.000000e+00 0.000000e+00 0.000000e+00 0.000000e+00 0.000000e+00 0.000000e+00 0.000000e+00 5.000000e-01 5.000000e-01 0.000000e+00 0.000000e+00 0.000000e+00 0.000000e+00 0.000000e+00 0.000000e+00 0.000000e+00 0.000000e+00 0.000000e+00 0.000000e+00 0.000000e+00 0.000000e+00 0.000000e+00
 0.000000e+00 0.000000e+00 0.000000e+00 0.000000e+00 0.000000e+00 0.000000e+00 0.000000e+00 0.000000e+00 0.000000e+00 0.000000e+00 0.000000e+00 0.000000e+00 0.000000e+00 0.000000e+00 6.153846e-01 3.846154e-01 0.000000e+00 0.000000e+00 0.000000e+00 0.000000e+00 0.000000e+00 0.000000e+00 0.000000e+00 0.000000e+00 0.000000e+00 0.000000e+00 0.000000e+00 0.000000e+00
 0.000000e+00 0.000000e+00 0.000000e+00 0.000000e+00 0.000000e+00 0.000000e+00 0.000000e+00 0.000000e+00 0.000000e+00 0.000000e+00 0.000000e+00 0.000000e+00 0.000000e+00 0.000000e+00 0.000000e+00 4.444444e-01 5.555556e-01 0.000000e+00 0.000000e+00 0.000000e+00 0.000000e+00 0.000000e+00 0.000000e+00 0.000000e+00 0.000000e+00 0.000000e+00 0.000000e+00 0.000000e+00
 0.000000e+00 0.000000e+00 0.000000e+00 0.000000e+00 0.000000e+00 0.000000e+00 0.000000e+00 0.000000e+00 0.000000e+00 0.000000e+00 0.000000e+00 0.000000e+00 0.000000e+00 0.000000e+00 0.000000e+00 0.000000e+00 4.444444e-01 5.555556e-01 0.000000e+00 0.000000e+00 0.000000e+00 0.000000e+00 0.000000e+00 0.000000e+00 0.000000e+00 0.000000e+00 0.000000e+00 0.000000e+00
 0.000000e+00 0.000000e+00 0.000000e+00 0.000000e+00 0.000000e+00 0.000000e+00 0.000000e+00 0.000000e+00 0.000000e+00 0.000000e+00 0.000000e+00 0.000000e+00 0.000000e+00 0.000000e+00 0.000000e+00 0.000000e+00 0.000000e+00 5.833333e-01 4.166667e-01 0.000000e+00 0.000000e+00 0.000000e+00 0.000000e+00 0.000000e+00 0.000000e+00 0.000000e+00 0.000000e+00 0.000000e+00
 0.000000e+00 0.000000e+00 0.000000e+00 0.000000e+00 0.000000e+00 0.000000e+00 0.000000e+00 0.000000e+00 0.000000e+00 0.000000e+00 0.000000e+00 0.000000e+00 0.000000e+00 0.000000e+00 0.000000e+00 0.000000e+00 0.000000e+00 0.000000e+00 3.750000e-01 6.250000e-01 0.000000e+00 0.000000e+00 0.000000e+00 0.000000e+00 0.000000e+00 0.000000e+00 0.000000e+00 0.000000e+00
 0.000000e+00 0.000000e+00 0.000000e+00 0.000000e+00 0.000000e+00 0.000000e+00 0.000000e+00 0.000000e+00 0.000000e+00 0.000000e+00 0.000000e+00 0.000000e+00 0.000000e+00 0.000000e+00 0.000000e+00 0.000000e+00 0.000000e+00 0.000000e+00 0.000000e+00 6.666667e-01 3.333333e-01 0.000000e+00 0.000000e+00 0.000000e+00 0.000000e+00 0.000000e+00 0.000000e+00 0.000000e+00
 0.000000e+00 0.000000e+00 0.000000e+00 0.000000e+00 0.000000e+00 0.000000e+00 0.000000e+00 0.000000e+00 0.000000e+00 0.000000e+00 0.000000e+00 0.000000e+00 0.000000e+00 0.000000e+00 0.000000e+00 0.000000e+00 0.000000e+00 0.000000e+00 0.000000e+00 0.000000e+00 2.857143e-01 7.142857e-01 0.000000e+00 0.000000e+00 0.000000e+00 0.000000e+00 0.000000e+00 0.000000e+00
 0.000000e+00 0.000000e+00 0.000000e+00 0.000000e+00 0.000000e+00 0.000000e+00 0.000000e+00 0.000000e+00 0.000000e+00 0.000000e+00 0.000000e+00 0.000000e+00 0.000000e+00 0.000000e+00 0.000000e+00 0.000000e+00 0.000000e+00 0.000000e+00 0.000000e+00 0.000000e+00 0.000000e+00 5.000000e-01 5.000000e-01 0.000000e+00 0.000000e+00 0.000000e+00 0.000000e+00 0.000000e+00
 0.000000e+00 0.000000e+00 0.000000e+00 0.000000e+00 0.000000e+00 0.000000e+00 0.000000e+00 0.000000e+00 0.000000e+00 0.000000e+00 0.000000e+00 0.000000e+00 0.000000e+00 0.000000e+00 0.000000e+00 0.000000e+00 0.000000e+00 0.000000e+00 0.000000e+00 0.000000e+00 0.000000e+00 0.000000e+00 5.833333e-01 4.166667e-01 0.000000e+00 0.000000e+00 0.000000e+00 0.000000e+00
 0.000000e+00 0.000000e+00 0.000000e+00 0.000000e+00 0.000000e+00 0.000000e+00 0.000000e+00 0.000000e+00 0.000000e+00 0.000000e+00 0.000000e+00 0.000000e+00 0.000000e+00 0.000000e+00 0.000000e+00 0.000000e+00 0.000000e+00 0.000000e+00 0.000000e+00 0.000000e+00 0.000000e+00 0.000000e+00 0.000000e+00 4.444444e-01 5.555556e-01 0.000000e+00 0.000000e+00 0.000000e+00
 0.000000e+00 0.000000e+00 0.000000e+00 0.000000e+00 0.000000e+00 0.000000e+00 0.000000e+00 0.000000e+00 0.000000e+00 0.000000e+00 0.000000e+00 0.000000e+00 0.000000e+00 0.000000e+00 0.000000e+00 0.000000e+00 0.000000e+00 0.000000e+00 0.000000e+00 0.000000e+00 0.000000e+00 0.000000e+00 0.000000e+00 0.000000e+00 5.454546e-01 4.545455e-01 0.000000e+00 0.000000e+00
 0.000000e+00 0.000000e+00 0.000000e+00 0.000000e+00 0.000000e+00 0.000000e+00 0.000000e+00 0.000000e+00 0.000000e+00 0.000000e+00 0.000000e+00 0.000000e+00 0.000000e+00 0.000000e+00 0.000000e+00 0.000000e+00 0.000000e+00 0.000000e+00 0.000000e+00 0.000000e+00 0.000000e+00 0.000000e+00 0.000000e+00 0.000000e+00 0.000000e+00 5.454546e-01 4.545455e-01 0.000000e+00
 0.000000e+00 0.000000e+00 0.000000e+00 0.000000e+00 0.000000e+00 0.000000e+00 0.000000e+00 0.000000e+00 0.000000e+00 0.000000e+00 0.000000e+00 0.000000e+00 0.000000e+00 0.000000e+00 0.000000e+00 0.000000e+00 0.000000e+00 0.000000e+00 0.000000e+00 0.000000e+00 0.000000e+00 0.000000e+00 0.000000e+00 0.000000e+00 0.000000e+00 0.000000e+00 2.857143e-01 7.142857e-01
 0.000000e+00 0.000000e+00 0.000000e+00 0.000000e+00 0.000000e+00 0.000000e+00 0.000000e+00 0.000000e+00 0.000000e+00 0.000000e+00 0.000000e+00 0.000000e+00 0.000000e+00 0.000000e+00 0.000000e+00 0.000000e+00 0.000000e+00 0.000000e+00 0.000000e+00 0.000000e+00 0.000000e+00 0.000000e+00 0.000000e+00 0.000000e+00 0.000000e+00 0.000000e+00 0.000000e+00 0.000000e+00
<ENDHMM>
