~o
<STREAMINFO> 1 39
<VECSIZE> 39<NULLD><MFCC_E_D_A><DIAGC>
~h "To"
<BEGINHMM>
<NUMSTATES> 37
<STATE> 2
<MEAN> 39
 -7.507694e+00 -8.563340e+00 -3.507821e+00 -2.276640e+00 1.927198e+00 -4.041322e+00 1.510833e+00 -4.349010e+00 2.786754e+00 -4.260928e+00 4.745320e-01 -1.981342e-01 -9.145636e-02 6.056037e-03 1.697455e-01 -3.622468e-01 -7.162760e-02 4.399106e-01 1.565365e-01 -9.067303e-02 -1.958886e-01 8.674191e-01 2.317644e-01 1.779187e-01 -2.180840e-01 1.350014e-03 -3.160540e-03 1.367926e-01 8.472733e-03 -2.365853e-01 -1.007896e-01 -5.662172e-02 5.648661e-02 5.894728e-01 1.498320e-01 1.805197e-01 1.811823e-01 -1.433683e-01 1.740106e-02
<VARIANCE> 39
 9.486616e+00 1.594136e+01 2.264610e+01 7.234424e+00 1.244365e+01 3.628829e+01 1.493377e+01 1.282725e+01 2.340302e+01 8.387666e+00 8.173565e+00 9.544839e+00 1.000000e-02 5.496607e-01 1.688581e+00 4.176444e-01 5.371963e-01 9.902102e-01 1.128939e+00 1.290411e+00 1.288000e+00 5.818762e-01 1.374866e+00 6.534777e-01 3.825441e-01 1.000000e-02 3.466725e-01 5.531086e-01 5.734611e-01 1.280887e-01 1.935067e-01 5.950456e-01 2.079829e-01 1.892145e-01 1.958631e-01 1.397453e-01 1.039980e-01 1.558420e-01 1.000000e-02
<GCONST> 6.904472e+01
<STATE> 3
<MEAN> 39
 -6.490416e+00 -8.344835e+00 -2.319317e+00 -2.232702e+00 1.530439e+00 -3.879576e+00 1.582919e+00 -2.607236e+00 3.352512e+00 -3.913208e+00 1.410520e+00 -1.767605e+00 -7.856879e-02 -4.589954e-01 6.766229e-01 -1.416887e+00 -1.425104e+00 7.011365e-01 -1.247296e+00 7.260720e-01 7.239814e-01 -1.450246e-01 7.914199e-03 2.217907e-01 -6.896688e-01 8.975151e-02 -1.165871e-01 -4.074254e-01 -1.214608e+00 -3.733292e-01 2.494912e-01 -4.993193e-01 4.162597e-01 1.153558e-01 -2.946800e-01 -3.488379e-01 -5.226175e-01 -8.519982e-02 4.993445e-02
<VARIANCE> 39
 4.123595e+00 4.726060e+00 1.673879e+01 1.481923e+01 3.360090e+00 2.441011e+01 2.526193e+01 1.890153e+01 1.331488e+01 1.261211e+01 1.571047e+01 1.574362e+01 1.000000e-02 2.267828e+00 1.782352e+00 7.390923e+00 1.424085e+00 9.174862e-01 4.483980e+00 9.497142e-01 1.393599e+00 1.476674e+00 1.196038e+00 1.409523e+00 1.585696e+00 1.000000e-02 1.774027e-01 6.643782e-01 4.885856e-01 1.887431e-01 9.862516e-02 4.680629e-01 3.621496e-01 3.036056e-01 1.577396e-01 2.536748e-01 1.981074e-01 8.912706e-02 1.000000e-02
<GCONST> 7.731297e+01
<STATE> 4
<MEAN> 39
 -9.950636e+00 -5.721569e+00 -6.891796e+00 -8.616407e+00 3.197657e+00 -7.948687e+00 1.392397e+00 -9.222912e-01 3.156666e+00 -3.537760e+00 1.130560e+00 -5.347816e+00 3.350343e-01 -4.889773e-01 -1.942017e+00 -5.241242e+00 -1.595821e+00 7.189094e-01 -1.650750e+00 1.483352e+00 9.389455e-01 1.213091e-01 -9.607822e-01 -1.655843e+00 -6.885664e-01 2.173962e-01 4.917224e-01 -1.329978e+00 -4.592174e-01 5.782881e-01 4.964384e-02 6.947138e-01 1.032496e-01 -6.384460e-01 1.929642e-01 -2.804322e-01 -7.362793e-02 3.199942e-01 2.606576e-03
<VARIANCE> 39
 2.385058e+01 6.740584e+00 4.044245e+01 2.303626e+01 1.462404e+01 1.233007e+01 3.882667e+00 1.200285e+01 2.137306e+01 9.099780e+00 2.104004e+01 1.084287e+01 8.260445e-02 1.254586e+00 3.953146e+00 6.980156e+00 1.462350e+00 1.843596e+00 3.784672e+00 1.727861e+00 2.143478e+00 2.429765e+00 1.362461e+00 6.813140e-01 1.488224e+00 1.000000e-02 5.083787e-01 6.772779e-01 8.720633e-01 2.701516e-01 3.620558e-01 6.762604e-01 2.604306e-01 3.323909e-01 6.295083e-01 4.066491e-01 5.439789e-01 3.722525e-01 1.000000e-02
<GCONST> 9.068862e+01
<STATE> 5
<MEAN> 39
 -7.936086e+00 -1.384754e+01 -2.102090e+01 -9.452168e+00 5.303762e+00 -1.059280e+01 8.862525e+00 3.307336e+00 3.870752e+00 -6.727878e+00 -4.573126e+00 -2.679947e+00 6.874765e-01 6.142778e-01 -4.152074e+00 -3.922071e+00 1.817845e-01 1.597663e+00 2.459183e-01 1.536729e+00 -1.111353e+00 -1.814122e-01 -1.375598e+00 -1.107293e+00 -4.920805e-01 1.543283e-01 4.034969e-01 -9.354316e-02 1.394716e+00 6.528962e-01 5.522659e-02 1.295747e+00 -6.716569e-01 -1.177484e+00 -2.892404e-01 4.914153e-01 7.285268e-01 -3.246623e-01 -4.981034e-02
<VARIANCE> 39
 2.553984e+01 5.811674e+01 6.881110e+01 1.838861e+01 1.971576e+01 5.024945e+01 2.317151e+01 4.735630e+01 3.674096e+01 1.731285e+01 1.398354e+01 6.595301e+00 7.115217e-02 1.577980e+00 4.921566e+00 1.513509e+00 1.438964e+00 2.994477e+00 4.611518e+00 2.381406e+00 3.290430e+00 3.570863e+00 2.225978e+00 2.775510e+00 1.805360e+00 1.000000e-02 3.996907e-01 1.051291e+00 6.381425e-01 1.151316e-01 2.326137e-01 1.128024e+00 1.083160e-01 1.050517e+00 6.128847e-01 3.653320e-01 3.118332e-01 1.172250e-01 1.000000e-02
<GCONST> 9.855037e+01
<STATE> 6
<MEAN> 39
 -6.592475e+00 -1.900369e+01 -1.957932e+01 -6.062575e+00 8.193538e+00 -6.138534e+00 6.849951e+00 -5.553628e+00 2.631779e+00 -7.688803e+00 -7.968763e-01 -5.074396e+00 7.308327e-01 1.032098e+00 -1.372249e+00 -2.642280e-02 3.119951e-01 7.195940e-01 2.306500e+00 -7.092046e-01 -2.434050e+00 -5.286368e-01 1.205337e+00 1.333353e+00 -1.261684e+00 2.882350e-02 1.679451e-02 9.329714e-01 1.033561e+00 -4.086830e-01 -1.948852e-01 2.988222e-01 -2.447787e-01 2.394049e-01 1.491231e-01 9.112158e-01 4.257546e-01 -1.297114e-01 -3.387567e-02
<VARIANCE> 39
 3.858088e+00 6.478364e+01 5.961620e+01 2.210967e+01 3.252709e+01 4.242178e+01 2.909896e+01 4.076902e+00 1.975349e+01 1.219062e+01 1.328162e+01 1.473261e+01 1.478686e-01 1.594862e+00 2.927259e+00 4.117180e-01 7.064306e-01 1.574825e+00 3.968151e+00 9.616939e-01 6.726915e+00 2.059282e+00 1.471604e+00 9.205676e-01 9.052094e-01 1.000000e-02 1.322580e-01 7.726730e-01 3.072992e-01 1.316206e-01 3.069355e-01 6.625439e-01 3.113426e-01 2.631828e-01 6.051869e-01 1.240648e-01 2.337129e-01 4.166861e-01 1.000000e-02
<GCONST> 8.645714e+01
<STATE> 7
<MEAN> 39
 -4.359130e+00 -1.820078e+01 -1.769918e+01 -7.397453e+00 7.600280e+00 -2.550640e+00 4.536875e+00 -6.379634e+00 4.943844e-01 -2.161133e+00 2.444819e-02 -7.478250e+00 6.522668e-01 7.744113e-01 -2.421594e-01 6.275426e-01 -1.078815e+00 7.056139e-01 1.781329e+00 1.343247e-01 -3.278086e-01 2.804539e-01 2.070662e+00 7.025183e-01 -7.647903e-01 4.194410e-03 -3.355989e-01 4.216259e-01 9.705825e-03 -4.327584e-01 4.096205e-02 -4.075181e-01 4.887649e-01 2.477695e-01 1.965469e-01 -3.260432e-01 -1.919653e-01 1.487441e-01 -2.315189e-03
<VARIANCE> 39
 9.889083e+00 5.747863e+01 8.333784e+01 2.650481e+01 5.101433e+01 1.740163e+01 4.614968e+01 3.082849e+01 2.094600e+01 2.336992e+01 3.245163e+00 1.370158e+01 2.414911e-01 1.610460e-01 7.909427e-01 5.155505e-01 4.506792e-01 3.957491e-01 2.608016e+00 6.157884e-01 1.900354e+00 2.419676e+00 9.111024e-01 7.387746e-01 2.063157e+00 1.000000e-02 1.484697e-01 2.896028e-01 1.194783e-01 1.346420e-01 2.124316e-01 3.645073e-01 7.112293e-02 6.472084e-01 1.796276e-01 5.042973e-01 4.641131e-02 1.445563e-01 1.000000e-02
<GCONST> 7.668787e+01
<STATE> 8
<MEAN> 39
 -4.238376e+00 -1.903879e+01 -1.784359e+01 -9.042890e+00 8.608603e+00 6.581475e-01 6.171708e+00 -8.538526e+00 3.797098e+00 -3.409134e-01 2.350631e+00 -9.146677e+00 7.539030e-01 -9.124966e-02 2.902806e-01 -6.532843e-02 -1.296660e+00 6.721549e-01 7.006758e-01 1.121353e+00 -1.032043e+00 -3.545238e-02 9.198704e-01 3.394248e-01 -5.039329e-01 1.550462e-02 -2.645036e-01 2.768980e-02 -4.595419e-01 -1.769572e-01 -2.906442e-01 -5.772330e-01 1.410781e-01 1.222566e-01 -1.993616e-01 -6.419053e-01 -4.000270e-01 6.066732e-01 9.765272e-03
<VARIANCE> 39
 4.520076e+00 4.028216e+01 8.120403e+01 3.558389e+01 2.238355e+01 2.902220e+01 1.950292e+01 2.831456e+01 1.382167e+01 2.634720e+01 1.225161e+01 8.189437e+00 1.850122e-01 5.720750e-01 1.004748e-01 4.994594e-01 1.061136e+00 1.052616e+00 6.768761e-01 3.889893e-01 3.360618e-01 6.379009e-01 1.635495e+00 6.164593e-01 7.490969e-01 1.000000e-02 8.913509e-02 9.877096e-02 7.337027e-01 2.402090e-01 3.215796e-01 1.183118e-01 1.069624e-01 2.134221e-01 1.950467e-01 3.059768e-01 1.046589e-01 1.885910e-01 1.000000e-02
<GCONST> 7.039295e+01
<STATE> 9
<MEAN> 39
 -4.875632e+00 -1.686325e+01 -1.950051e+01 -1.162689e+01 8.815316e+00 1.726503e-01 9.727319e+00 -1.123860e+01 2.546853e+00 -6.558352e-01 8.541754e-01 -8.058664e+00 7.662877e-01 -1.349216e-01 -7.302729e-01 -1.676513e+00 -1.674658e+00 -5.428318e-01 -2.415933e-01 6.149080e-01 -6.996597e-01 -5.312204e-01 -6.404050e-01 -6.512362e-01 1.092615e+00 6.230313e-02 -5.995281e-02 -3.991148e-01 -1.427906e-01 9.519356e-02 -2.280897e-02 -6.266066e-02 -3.957111e-01 3.145652e-01 3.673686e-02 -4.303635e-01 1.135516e-01 2.956012e-02 8.207374e-03
<VARIANCE> 39
 7.530851e+00 2.697159e+01 8.624416e+01 3.058950e+01 5.135291e+01 3.164549e+01 3.064797e+01 3.233586e+01 1.171950e+01 1.965114e+01 1.034451e+01 2.758511e+01 1.432969e-01 4.306984e-01 2.389758e+00 9.294060e+00 8.297191e-01 2.637183e+00 1.226176e+00 3.059188e-01 4.939272e-01 4.979676e-01 2.674717e+00 2.946033e+00 5.836893e-01 1.067683e-02 1.306663e-02 1.602704e-01 6.543717e-01 2.263712e-01 3.216899e-01 1.504393e-01 1.605232e-01 1.109564e-01 1.627062e-01 1.430190e-01 1.649813e-01 2.148080e-01 1.000000e-02
<GCONST> 7.911533e+01
<STATE> 10
<MEAN> 39
 -4.978240e+00 -2.119081e+01 -2.368923e+01 -1.346872e+01 7.947130e+00 -1.693825e+00 8.716170e+00 -9.805447e+00 1.376125e+00 -2.138898e+00 -1.788131e+00 -5.684493e+00 9.259396e-01 -1.736789e-01 -1.035111e+00 -4.631299e-01 -8.014909e-01 7.844118e-01 6.726907e-01 -4.472130e-01 1.529525e-01 -3.074980e-01 -5.983424e-01 6.310406e-01 -6.487241e-02 5.515143e-02 1.338271e-01 1.330656e-01 6.755250e-01 3.579274e-01 4.278663e-01 2.509113e-01 -2.927846e-01 1.151393e-02 6.833278e-02 1.089537e-01 4.651369e-01 -6.327803e-01 -1.749391e-02
<VARIANCE> 39
 1.150227e+01 6.112863e+00 1.133228e+01 2.215461e+01 9.770362e+01 4.919670e+01 1.792351e+01 3.814705e+01 7.090679e+00 1.778471e+01 4.349022e+01 9.959245e+00 1.025796e-02 3.547306e-01 3.305698e+00 5.473033e+00 1.598719e+00 1.530187e+00 1.566747e+00 1.221682e+00 3.786725e-01 7.449259e-01 1.829046e+00 1.377391e+00 1.375733e+00 1.000000e-02 9.789460e-02 1.169638e-01 1.625978e+00 4.224436e-02 1.077650e+00 5.057904e-01 5.364277e-02 7.137052e-02 7.024325e-02 5.249637e-01 8.207095e-01 1.378918e-01 1.000000e-02
<GCONST> 7.816047e+01
<STATE> 11
<MEAN> 39
 -6.663747e+00 -2.302259e+01 -1.941259e+01 -1.706461e+01 1.090834e+01 8.040521e-01 7.501495e+00 -9.533141e+00 2.408129e+00 -3.587765e+00 2.573632e+00 -8.594402e+00 9.458972e-01 4.472291e-01 -2.900603e-01 7.705424e-01 -1.013896e+00 8.697148e-01 7.900441e-01 -2.407834e-01 -7.333732e-01 1.073877e-01 4.072613e-01 7.946963e-01 -9.746713e-01 5.767290e-03 2.102955e-01 2.481521e-01 1.157760e-01 2.179236e-01 -2.070937e-01 4.910535e-02 -2.103866e-01 -6.722013e-02 1.696015e-02 2.097070e-01 -3.317276e-01 -2.326753e-02 -9.880885e-03
<VARIANCE> 39
 1.296688e+01 3.739466e+00 1.063935e+01 2.654485e+01 2.231668e+01 1.771082e+01 3.483234e+00 2.791171e+01 1.374009e+01 1.582387e+01 6.283982e+00 1.090757e+01 1.000000e-02 9.806720e-01 9.017040e-01 1.274986e+00 1.239787e+00 2.799952e+00 1.257981e+00 3.392480e-01 6.009915e-01 7.882352e-01 2.356336e+00 2.711108e+00 2.647801e-01 1.000000e-02 1.153357e-01 4.457333e-02 4.128718e-01 2.416183e-01 2.785097e-01 1.673989e-01 6.682834e-02 1.046210e-01 6.933729e-02 3.429067e-01 2.557704e-01 1.473173e-01 1.000000e-02
<GCONST> 6.522174e+01
<STATE> 12
<MEAN> 39
 -2.225814e+00 -1.988019e+01 -2.319194e+01 -1.590086e+01 1.453659e+01 3.081950e+00 8.332434e+00 -1.140969e+01 -1.702544e+00 -2.272281e+00 5.735324e+00 -1.046122e+01 9.770381e-01 1.804829e-01 2.659022e-01 -3.306354e-01 -1.310313e-01 1.808534e-01 -1.966885e-01 -4.607792e-01 -4.356687e-02 -4.961139e-01 -1.950983e-01 -5.803760e-02 -6.037133e-01 -5.128588e-03 8.251600e-03 2.476095e-02 -2.787565e-02 2.535805e-03 -3.663056e-02 -6.697264e-02 9.672214e-02 1.235946e-01 2.646276e-02 1.471189e-01 -1.289904e-01 1.417380e-01 -1.932691e-03
<VARIANCE> 39
 6.135856e+00 1.002158e+01 9.750386e+00 1.136378e+01 3.999738e+01 2.304878e+01 5.542469e+00 1.680641e+01 1.538764e+01 4.142305e+00 2.041051e+01 6.402457e+00 1.000000e-02 2.475111e-01 4.593642e-01 2.501613e-01 1.112621e+00 2.710602e-01 8.929433e-01 4.575977e-01 4.015326e-01 6.681830e-01 9.464360e-01 6.029467e-01 5.557330e-01 1.000000e-02 2.487378e-02 4.138585e-02 2.601364e-02 1.400399e-01 8.466875e-02 5.684300e-02 6.652569e-02 4.628159e-02 1.795471e-01 1.034323e-01 1.127970e-01 1.107007e-01 1.000000e-02
<GCONST> 4.697623e+01
<STATE> 13
<MEAN> 39
 -3.938054e+00 -2.203954e+01 -2.065789e+01 -1.836459e+01 1.312411e+01 1.408422e+00 5.720701e+00 -1.208498e+01 1.471073e-01 -2.239103e+00 1.380109e+00 -1.126604e+01 9.444658e-01 5.373746e-01 2.489461e-01 4.590856e-01 3.176257e-03 2.764480e-01 9.235256e-01 -3.483814e-02 9.139679e-02 2.694294e-01 3.556834e-01 -2.999224e-01 2.970804e-01 -4.222384e-03 9.209445e-02 -2.765784e-02 7.444076e-02 1.437957e-01 -1.083706e-01 2.011281e-01 1.692019e-01 2.221733e-01 7.178284e-02 1.183182e-01 7.007829e-02 2.901294e-01 -3.968619e-04
<VARIANCE> 39
 8.611903e+00 1.452632e+01 3.661750e+01 2.025570e+00 3.605164e+01 3.200887e+01 1.302908e+01 3.777614e+01 2.685534e+01 2.537836e+01 1.694574e+01 1.103540e+01 1.000000e-02 2.861894e-02 1.984213e-01 4.023124e-02 5.095543e-01 4.261656e-01 1.478030e+00 6.535882e-01 2.311125e-01 3.006148e-01 5.220609e-01 3.146389e-01 2.383076e-01 1.000000e-02 6.816774e-02 1.773597e-01 3.521321e-02 3.559477e-01 3.558240e-02 8.324071e-02 9.829421e-02 3.455403e-02 1.064284e-01 2.539940e-01 1.299097e-01 7.026546e-02 1.000000e-02
<GCONST> 4.754060e+01
<STATE> 14
<MEAN> 39
 -3.202764e+00 -2.036854e+01 -1.893731e+01 -1.764237e+01 1.351318e+01 4.742412e+00 6.955984e+00 -1.265960e+01 1.887667e+00 -1.391985e+00 1.438198e+00 -1.108136e+01 9.325519e-01 6.783094e-01 -3.022941e-01 4.241227e-01 -3.642471e-01 -3.241292e-01 7.456819e-01 -1.551442e-01 6.202323e-01 -1.707983e-01 9.233394e-01 -2.839578e-01 5.564927e-01 -6.756014e-03 2.028414e-02 -1.271318e-01 -1.467637e-01 -1.646326e-01 -1.573322e-01 -1.525649e-01 -6.885266e-02 1.684407e-01 -2.207140e-01 2.085170e-01 1.910798e-01 9.562831e-02 4.734414e-04
<VARIANCE> 39
 1.191248e+01 1.370098e+01 3.475752e+01 1.290167e+01 4.204773e+01 1.537089e+01 1.387472e+01 3.471237e+01 2.228697e+01 1.243649e+01 9.712661e+00 3.163650e+00 1.000000e-02 2.455719e-01 4.337549e-01 5.881599e-01 1.403929e+00 2.993264e-01 1.033286e+00 5.135238e-01 1.362804e-01 4.871752e-01 2.461901e-01 7.324228e-01 2.214006e-01 1.000000e-02 2.699304e-02 2.795948e-02 5.230133e-02 6.364213e-02 8.692575e-02 8.492136e-02 2.599659e-02 1.932182e-01 1.194486e-01 1.941531e-01 5.076071e-02 3.488381e-02 1.000000e-02
<GCONST> 4.735970e+01
<STATE> 15
<MEAN> 39
 -1.069891e+00 -2.130452e+01 -2.013899e+01 -1.696161e+01 1.101198e+01 5.986095e+00 5.727869e+00 -1.172510e+01 -8.867232e-02 6.738512e-01 1.353167e+00 -9.438257e+00 9.359225e-01 3.702704e-01 6.535378e-03 -2.443421e-01 -4.024865e-01 9.661342e-02 -1.110869e-01 -2.171183e-01 2.222978e-01 -1.023337e-01 4.920002e-01 1.992020e-01 1.658174e-01 -4.974285e-03 -1.142703e-01 5.445771e-02 -1.621704e-01 -1.617800e-01 1.777824e-01 -3.856674e-01 -8.839800e-03 -7.004713e-02 -5.303496e-03 -3.574886e-01 -1.187789e-02 -9.716725e-02 -9.466911e-04
<VARIANCE> 39
 3.669314e+00 1.361634e+01 4.379827e+01 2.438886e+01 4.323401e+01 4.749869e+01 1.865235e+01 3.607385e+01 7.241106e+00 1.664008e+01 1.722335e+01 5.354889e+00 1.000000e-02 1.960414e-01 2.394770e-01 2.698570e-01 5.529125e-01 3.678387e-01 9.362287e-01 4.299260e-01 1.485335e+00 8.793426e-01 1.068637e+00 3.337301e-01 9.028383e-01 1.000000e-02 1.000000e-02 1.099371e-02 1.009327e-01 1.527811e-01 1.703421e-01 2.923443e-01 2.335794e-01 1.206271e-01 3.489639e-02 1.021441e-01 1.249110e-01 2.865896e-02 1.000000e-02
<GCONST> 5.333806e+01
<STATE> 16
<MEAN> 39
 -9.508889e-01 -2.214282e+01 -1.941862e+01 -1.971185e+01 1.253249e+01 5.475476e+00 4.421578e+00 -8.517147e+00 -1.732992e-01 1.926504e+00 1.894570e+00 -8.558606e+00 9.286538e-01 3.109038e-01 6.580028e-02 -1.622226e-01 -8.284621e-01 5.654497e-01 -5.684054e-01 -1.396571e-01 9.302349e-02 -3.575074e-01 -9.566997e-01 1.215220e-01 1.025841e-01 -6.773282e-03 6.834409e-02 -4.438086e-02 8.643867e-02 2.583058e-01 -2.676179e-01 1.364307e-01 -1.236072e-01 -2.007141e-01 8.267909e-02 -3.060430e-01 -3.853350e-01 6.292761e-02 -2.300204e-03
<VARIANCE> 39
 3.148648e+00 2.371229e+01 3.179442e+01 2.531775e+01 3.389735e+01 2.187086e+01 2.641854e+01 3.510176e+01 6.794868e+00 3.842581e+00 1.038537e+01 1.350790e+01 1.000000e-02 1.201157e-01 4.275777e-01 5.763478e-01 4.050409e-01 1.237307e+00 1.710927e+00 2.539241e+00 1.296458e+00 1.028977e+00 7.514577e-01 1.618825e-01 2.071091e-01 1.000000e-02 1.203662e-02 5.780376e-02 2.210871e-02 1.561082e-01 1.719764e-01 1.447611e-01 1.953498e-01 1.201833e-01 3.287823e-02 1.714442e-01 1.275348e-01 2.295260e-01 1.000000e-02
<GCONST> 5.528360e+01
<STATE> 17
<MEAN> 39
 -3.635478e-01 -2.123434e+01 -2.139483e+01 -2.059113e+01 1.313079e+01 2.964812e+00 4.375729e+00 -1.008130e+01 -1.833381e+00 -2.304416e+00 1.959128e+00 -9.243726e+00 8.998476e-01 5.671031e-01 -1.681831e-01 -2.019672e-03 4.680786e-01 -8.939513e-01 4.714544e-01 -7.805484e-01 -1.541522e-01 1.546750e-01 -4.282209e-01 -1.446581e+00 6.407677e-01 -1.436679e-02 1.556913e-01 -5.212829e-02 2.274306e-02 5.337838e-01 -3.143093e-01 3.006074e-01 4.066330e-02 -1.478880e-01 2.966273e-01 8.961988e-02 -3.273983e-01 1.416888e-01 -2.927251e-03
<VARIANCE> 39
 1.380041e+00 2.498249e+01 2.876913e+01 1.559402e+01 2.240586e+01 2.491664e+01 3.792500e+01 4.667383e+01 1.485871e+01 4.046038e+00 2.443170e+01 6.437406e+00 1.000000e-02 2.326881e-01 3.833177e-01 1.796141e-01 7.521642e-01 1.100157e+00 1.911996e+00 7.131072e-01 1.328245e+00 4.481237e-01 6.592779e-01 1.225459e+00 7.192894e-01 1.000000e-02 2.336269e-02 6.150388e-02 1.104643e-01 8.866241e-02 2.181743e-01 5.474441e-02 3.209873e-01 1.886170e-01 3.353727e-02 8.856463e-02 3.160586e-01 3.065068e-02 1.000000e-02
<GCONST> 5.653210e+01
<STATE> 18
<MEAN> 39
 1.842793e+00 -2.150692e+01 -2.085035e+01 -1.773901e+01 1.141689e+01 5.093082e+00 3.691643e+00 -1.132411e+01 3.915851e-01 -1.619034e+00 -2.743391e+00 -7.129916e+00 8.663687e-01 8.536984e-01 -1.224855e-01 -7.015239e-02 1.281630e+00 -8.019890e-01 6.029797e-01 7.527281e-02 -3.704284e-01 9.390044e-01 -3.522294e-01 -9.969816e-01 6.154149e-01 -1.984315e-02 -2.367228e-02 3.409616e-02 9.093865e-02 -6.043608e-02 1.133630e-02 6.446593e-02 2.725524e-02 2.717946e-01 -9.793022e-02 1.633161e-01 5.394108e-01 -1.348325e-01 -2.204675e-03
<VARIANCE> 39
 9.878122e-01 1.960654e+01 3.536168e+01 1.069927e+01 3.360389e+01 1.918402e+01 1.468952e+01 3.192191e+01 1.020891e+01 7.907247e+00 1.709633e+01 1.257889e+01 1.000000e-02 1.878107e-01 3.833512e-01 4.905309e-01 8.395611e-01 1.968726e+00 2.009959e+00 5.337905e-01 7.246894e-01 4.815521e-01 6.444097e-01 2.860264e+00 2.721315e-01 1.000000e-02 2.637740e-02 5.336306e-02 1.133065e-01 7.180212e-02 2.560218e-01 3.300895e-01 6.193932e-02 2.325311e-01 1.253581e-01 9.963179e-02 2.510640e-01 1.758656e-01 1.000000e-02
<GCONST> 5.903738e+01
<STATE> 19
<MEAN> 39
 2.997019e+00 -2.141521e+01 -2.193390e+01 -1.483004e+01 1.097791e+01 5.491241e+00 5.906210e+00 -1.113162e+01 1.676091e+00 -3.156646e+00 -9.174360e-01 -6.599792e+00 8.423932e-01 5.611645e-01 7.917956e-02 9.434263e-02 1.410473e-01 -9.645686e-01 4.042500e-01 -7.081869e-01 1.113396e+00 -3.555171e-01 2.953577e-01 6.528828e-01 3.493382e-01 -2.208761e-02 -1.330145e-01 4.038201e-02 2.011457e-01 -4.104928e-01 2.296770e-01 -1.694460e-01 -2.423981e-01 4.546284e-01 -4.360318e-01 8.398262e-02 1.886582e-01 -2.619260e-01 -2.637528e-03
<VARIANCE> 39
 3.517211e+00 1.208753e+01 2.316698e+01 9.344146e+00 1.964203e+01 4.491266e+01 3.841256e+01 4.439974e+01 2.657556e+01 3.058582e+01 4.631820e+00 1.158618e+01 1.000000e-02 1.243222e-01 2.302636e-01 5.829870e-01 2.975710e-01 1.278081e+00 6.109388e-01 8.369305e-01 1.427832e+00 5.359841e-01 4.273225e-01 1.030796e+00 6.231469e-01 1.000000e-02 4.878061e-02 8.030479e-02 3.435545e-01 2.634805e-01 5.491107e-01 7.604968e-01 2.271205e-01 3.980801e-01 6.054335e-02 2.794586e-01 7.297211e-01 9.378336e-02 1.000000e-02
<GCONST> 6.662312e+01
<STATE> 20
<MEAN> 39
 3.758925e+00 -2.137437e+01 -2.015620e+01 -1.729454e+01 8.473952e+00 6.413975e+00 9.315450e-01 -7.794965e+00 -6.326790e-01 -1.160957e+00 -7.501039e-01 -6.406598e+00 7.859161e-01 2.828644e-01 -1.412141e-01 8.551648e-01 -2.492282e-02 -8.549744e-02 4.824637e-01 -6.790144e-01 8.567256e-01 -5.329784e-01 -1.608936e-01 -4.698862e-01 -4.937306e-01 -2.915105e-02 -1.565489e-01 -3.015973e-02 9.400139e-02 1.594811e-01 2.178490e-01 -2.329193e-01 9.202052e-02 -1.371252e-01 1.327200e-01 -4.034911e-02 -2.175461e-02 -8.749618e-02 -5.784594e-03
<VARIANCE> 39
 3.255442e+00 9.833252e+00 1.936832e+01 1.789636e+01 1.837644e+01 1.919576e+01 2.409390e+01 3.230006e+01 1.313981e+01 7.555377e+00 2.086717e+01 2.863795e+00 1.084648e-02 2.454328e-01 7.152012e-01 2.965256e+00 1.919824e+00 1.775987e+00 3.737357e+00 1.652446e+00 2.971930e+00 3.975497e-01 1.969880e+00 2.145309e+00 3.177486e-01 1.000000e-02 4.102094e-02 1.803837e-02 1.326627e-01 2.892235e-01 2.521766e-01 2.234365e-01 1.726722e-01 3.497162e-01 1.621866e-01 1.849132e-01 4.821954e-01 8.866748e-02 1.000000e-02
<GCONST> 6.851231e+01
<STATE> 21
<MEAN> 39
 3.344415e+00 -2.305487e+01 -1.690647e+01 -1.668998e+01 9.606480e+00 8.376029e+00 1.865562e+00 -8.180128e+00 8.412177e-01 -2.861228e+00 -1.597444e+00 -7.170689e+00 7.391579e-01 -2.679852e-03 5.101261e-02 3.429236e-01 5.968477e-01 -1.925512e-01 -7.397813e-01 -3.168801e-01 5.316364e-01 4.246101e-01 5.667676e-02 8.767596e-01 1.143002e-01 -4.372513e-02 7.301279e-05 1.918667e-01 -3.168841e-01 4.516021e-01 -6.636317e-02 -4.103554e-01 -8.651751e-02 3.707713e-02 1.291956e-01 -2.058630e-01 6.211428e-02 2.812585e-01 -4.152164e-03
<VARIANCE> 39
 3.771910e+00 7.952259e+00 1.841254e+01 2.029799e+01 2.283509e+01 1.475086e+01 1.004216e+01 1.557188e+01 2.124904e+01 1.007299e+01 2.228840e+01 9.725647e+00 1.633366e-02 3.133919e-01 3.531809e-01 7.182342e-01 2.596473e+00 9.202043e-01 1.047578e+00 2.184975e+00 2.772892e+00 1.545577e+00 1.508676e+00 2.231030e+00 3.537922e-01 1.000000e-02 1.175257e-01 1.541121e-01 3.187615e-01 3.028208e-01 4.648771e-01 4.576023e-01 1.664496e-01 6.221687e-01 1.139918e-01 1.675656e-01 2.846738e-01 1.082266e-01 1.000000e-02
<GCONST> 7.248839e+01
<STATE> 22
<MEAN> 39
 4.225923e+00 -2.133254e+01 -1.953754e+01 -1.305302e+01 7.223771e+00 3.285929e+00 2.089611e-01 -5.292051e+00 4.549096e-01 -1.929043e+00 1.100237e-01 -7.043222e+00 6.046525e-01 3.219655e-01 4.624738e-01 -1.015335e-01 1.826760e+00 -1.634368e-01 -7.157553e-01 -6.740307e-01 3.710302e-01 1.331176e-01 -6.682885e-01 -4.260377e-02 6.473963e-01 -4.642380e-02 7.041253e-02 2.351499e-01 -1.443405e-01 1.802188e-01 1.564268e-01 2.731958e-01 1.292985e-01 -5.723181e-01 -2.441436e-01 -3.412602e-01 -2.731817e-01 3.678070e-01 3.019562e-03
<VARIANCE> 39
 6.309591e+00 4.700873e+00 2.869622e+01 2.321053e+01 1.672324e+01 2.029932e+01 2.312756e+01 1.440706e+01 2.085696e+01 1.130812e+01 2.194113e+01 7.347904e+00 1.000000e-02 7.275087e-01 5.242555e-01 6.933668e-01 7.529472e-01 2.071204e+00 9.698794e-01 1.425570e+00 2.777861e+00 1.612882e+00 1.472900e+00 1.061397e+00 7.365258e-01 1.000000e-02 8.130953e-02 6.047212e-02 2.577304e-01 5.073963e-01 2.408861e-01 2.700569e-01 2.968234e-01 3.012943e-01 3.527400e-01 3.870744e-01 6.924996e-01 1.496519e-01 1.000000e-02
<GCONST> 7.425970e+01
<STATE> 23
<MEAN> 39
 4.697180e+00 -1.976606e+01 -1.880374e+01 -1.044981e+01 8.990967e+00 5.058169e+00 -2.009877e-01 -6.955494e+00 3.006894e-01 -5.250748e+00 -1.955301e+00 -4.818975e+00 5.485563e-01 2.294740e-01 8.275045e-01 -2.707797e-01 1.467971e+00 3.979050e-01 -5.357862e-04 -1.276816e-01 -7.641814e-01 -7.742673e-01 -1.197611e+00 -5.637058e-01 1.199212e+00 -3.271896e-02 -5.856945e-02 -6.209924e-03 1.003703e-01 -2.380354e-01 -4.754001e-02 1.016731e-01 3.179325e-01 -2.188458e-02 -1.379611e-01 3.984394e-01 2.632681e-01 -8.806127e-02 5.743685e-03
<VARIANCE> 39
 6.057548e+00 1.194780e+01 1.190590e+01 2.519353e+01 1.379307e+01 9.136679e+00 9.333734e+00 1.199495e+01 1.015740e+01 1.963688e+01 1.145512e+01 1.456113e+01 1.165202e-02 3.758623e-01 2.446978e-01 2.456532e+00 2.756049e+00 1.484202e+00 1.017885e+00 1.453759e+00 1.591846e+00 9.992206e-01 1.402959e+00 2.693368e+00 9.151987e-01 1.000000e-02 1.958888e-01 1.580460e-01 1.349078e-01 5.083750e-01 3.196548e-01 8.896133e-02 3.675084e-01 3.092183e-01 2.741314e-01 2.414832e-01 2.342388e-01 3.107775e-01 1.000000e-02
<GCONST> 7.276021e+01
<STATE> 24
<MEAN> 39
 5.125101e+00 -1.859797e+01 -1.997652e+01 -7.886639e+00 9.071496e+00 3.114974e+00 -5.326992e-01 -8.318761e+00 -2.522316e+00 -5.929965e+00 -1.028336e+00 -2.695528e+00 4.952112e-01 1.045367e-01 4.790196e-01 3.173747e-01 7.199092e-01 -3.858764e-01 -3.279036e-01 4.364009e-01 1.777004e-01 -2.362023e-01 7.978130e-01 8.094687e-01 2.662484e-01 -2.334742e-02 -1.593320e-01 -2.552941e-01 1.534504e-01 -4.294130e-01 -3.081186e-01 -4.441570e-02 1.805783e-01 2.601834e-01 3.873656e-01 5.844349e-01 7.215515e-02 -4.512970e-01 2.795589e-03
<VARIANCE> 39
 5.382617e+00 4.528026e+00 3.158963e+00 1.182661e+01 5.948599e+00 9.358520e+00 9.785326e+00 2.983284e+00 1.587398e+01 1.116512e+01 1.980165e+01 1.449293e+01 1.129178e-02 7.065017e-01 5.661379e-01 1.118776e+00 2.615850e+00 6.706094e-01 6.097780e-01 1.368351e+00 8.587761e-01 4.956752e-01 1.556689e+00 1.227679e+00 2.478734e+00 1.000000e-02 5.084353e-02 8.298042e-02 6.431109e-01 3.342691e-01 1.822398e-01 1.094938e-01 2.114626e-01 2.324915e-01 2.662913e-01 2.157198e-01 5.252364e-01 2.192204e-01 1.000000e-02
<GCONST> 6.435484e+01
<STATE> 25
<MEAN> 39
 5.564989e+00 -1.764644e+01 -1.787093e+01 -6.980542e+00 8.123225e+00 3.905091e+00 1.595252e+00 -6.993660e+00 -1.346383e+00 -2.650592e+00 -1.460312e-01 -3.917156e+00 4.694539e-01 -4.389504e-01 -1.370143e-01 -1.053402e-02 -3.849095e-01 -7.653487e-01 -1.169572e-01 7.108386e-01 2.486219e-01 2.783729e-01 1.070334e+00 2.091879e-02 -2.377613e-01 -2.335652e-02 -2.570037e-01 -2.526669e-01 -1.903932e-01 -3.819532e-01 -1.529332e-01 1.008968e-01 -1.376632e-01 1.658254e-01 2.020811e-01 -2.907049e-01 -1.744548e-01 2.490845e-02 -1.497112e-03
<VARIANCE> 39
 3.657620e+00 5.074420e+00 2.644989e+00 5.497713e+00 1.335705e+00 6.417508e+00 6.616990e+00 1.535433e+01 1.375614e+01 2.019806e+01 1.109849e+01 1.457510e+01 1.000000e-02 2.347573e-01 9.845836e-01 2.513763e+00 9.066867e-01 2.930556e-01 5.769034e-01 6.026897e-01 7.530550e-01 2.228058e+00 1.082834e+00 1.592911e+00 6.890206e-01 1.000000e-02 5.245782e-02 8.331749e-02 4.268648e-01 2.496371e-01 9.477191e-02 3.939901e-02 1.484100e-01 1.698645e-01 8.933778e-02 1.747876e-01 2.022907e-01 4.400005e-01 1.000000e-02
<GCONST> 5.518662e+01
<STATE> 26
<MEAN> 39
 3.752306e+00 -1.878339e+01 -1.773023e+01 -8.486922e+00 5.841525e+00 2.521448e+00 2.191001e+00 -6.779706e+00 -3.318245e-01 -2.894352e+00 -7.162879e-01 -3.896974e+00 4.234745e-01 -6.800129e-01 -3.529647e-01 5.206332e-02 -2.450339e-01 -8.901633e-01 3.970677e-02 3.193605e-01 2.334013e-01 6.495326e-01 -1.307720e-02 -3.370492e-01 -2.115340e-01 -2.475888e-02 -5.103271e-02 -8.691699e-02 -1.000784e-01 6.685841e-02 2.264486e-01 -4.586258e-02 -2.065601e-01 -4.169332e-02 -5.977796e-02 -3.915176e-01 -2.093962e-02 2.002615e-01 -3.222835e-04
<VARIANCE> 39
 4.599009e+00 2.699615e+00 2.023091e+01 5.283073e+00 1.092934e+01 3.146142e+00 7.316827e+00 9.766500e+00 3.706131e+01 1.169998e+01 6.357661e+00 1.627076e+01 1.000000e-02 1.067715e-01 3.527607e-01 2.905805e+00 6.350851e-01 7.987361e-01 1.026061e+00 9.128730e-01 1.127961e+00 2.007022e+00 1.182099e+00 1.084363e+00 8.682461e-01 1.000000e-02 2.370695e-02 7.001091e-02 4.354756e-01 1.718090e-01 9.982285e-02 5.655679e-02 7.304065e-02 2.380905e-01 8.082960e-01 1.563974e-01 2.200487e-01 1.251009e-01 1.000000e-02
<GCONST> 5.765469e+01
<STATE> 27
<MEAN> 39
 2.520409e+00 -1.926484e+01 -1.920693e+01 -9.415480e+00 4.685954e+00 4.232253e+00 1.847208e+00 -5.658842e+00 1.116134e+00 -2.759943e+00 -2.284943e-02 -3.181249e+00 3.709919e-01 -5.049415e-01 -2.019822e-01 1.174912e-01 8.625188e-02 -1.209901e-01 -4.353006e-01 -4.178632e-01 4.273398e-01 1.684521e-01 -2.187671e-01 3.529384e-01 5.963067e-01 -2.802980e-02 1.784222e-01 2.590938e-01 3.512270e-01 4.722353e-01 4.381026e-01 -1.562871e-01 -6.699969e-02 -8.458429e-02 -1.916343e-01 1.147915e-01 1.017860e-01 -1.003133e-01 -6.772558e-05
<VARIANCE> 39
 1.718028e+00 2.315690e+00 2.847281e+01 1.653414e+00 1.422889e+01 9.691785e+00 1.302959e+01 8.187848e+00 2.238762e+01 1.826229e+01 6.956809e+00 3.977952e+00 1.000000e-02 1.463408e-01 2.681251e-01 1.708234e+00 1.010023e+00 7.361234e-01 8.436559e-01 6.201104e-01 1.487274e+00 3.361861e+00 1.641633e+00 6.387763e-01 5.259027e-01 1.000000e-02 1.330671e-02 4.543865e-02 5.365797e-01 1.238239e-01 1.298449e-01 1.149239e-01 2.869657e-01 1.751373e-01 3.226326e-01 1.825200e-01 1.065858e-01 1.484621e-01 1.000000e-02
<GCONST> 5.509584e+01
<STATE> 28
<MEAN> 39
 2.116392e+00 -1.949795e+01 -1.783843e+01 -7.220344e+00 6.506289e+00 8.055793e-01 9.227935e-01 -5.827655e+00 -3.745725e-01 -3.308977e+00 1.414081e-01 -2.125048e+00 3.151680e-01 -1.197101e-01 4.122639e-01 8.779620e-01 1.183815e+00 9.321964e-01 -1.580567e-01 2.548354e-01 -6.473473e-02 -7.739788e-02 3.064947e-01 4.921794e-02 -5.627009e-01 -2.170066e-02 1.137635e-01 2.258261e-01 2.539333e-02 -6.172822e-03 1.362746e-01 3.363729e-01 5.187959e-02 -1.911076e-01 -2.245707e-01 1.501339e-01 -8.702029e-02 -3.804768e-01 5.874698e-03
<VARIANCE> 39
 1.945068e+00 4.061502e+00 8.435149e+00 1.349323e+01 9.180719e+00 1.405340e+01 8.491746e+00 1.630293e+01 9.138288e+00 1.769706e+01 9.062984e+00 7.838418e+00 1.000000e-02 1.597548e-01 6.239565e-01 1.283891e+00 2.905256e-01 5.444679e-01 8.748034e-01 1.415226e+00 1.190651e+00 1.233124e+00 3.373330e-01 5.831024e-01 4.024907e-01 1.000000e-02 2.343120e-02 6.382219e-02 4.144329e-01 1.972145e-01 6.599524e-02 1.196049e-01 1.017749e-01 3.300959e-01 4.907511e-01 3.142385e-01 1.857133e-01 9.213625e-02 1.000000e-02
<GCONST> 5.478197e+01
<STATE> 29
<MEAN> 39
 2.078630e+00 -1.773480e+01 -1.595310e+01 -5.418583e+00 8.280807e+00 3.928540e+00 2.531464e+00 -6.293292e+00 2.270811e-02 -1.860836e+00 9.156897e-02 -5.004429e+00 2.865113e-01 -1.846002e-02 7.350796e-01 2.964294e-01 9.194788e-02 2.961079e-01 5.542610e-01 -3.492366e-01 -1.765959e-01 -6.783722e-01 4.700727e-01 1.101057e-01 -7.980646e-01 -6.339616e-03 1.422968e-02 5.429944e-02 1.293363e-02 -2.643959e-01 -3.768809e-01 -1.075389e-01 -2.481570e-01 -4.459272e-02 -9.038752e-02 -1.371131e-01 1.757143e-01 1.836708e-01 2.853205e-03
<VARIANCE> 39
 3.170117e+00 6.761976e+00 1.664297e+01 4.916406e+00 1.136155e+01 8.885001e+00 9.893973e+00 1.465189e+01 2.033293e+01 1.630032e+01 9.717532e+00 8.660414e+00 1.000000e-02 2.241387e-01 4.407249e-01 1.341703e+00 1.038937e+00 2.626820e-01 8.384434e-01 5.506698e-01 1.566326e+00 8.335888e-01 1.166607e+00 9.149583e-01 4.240415e-01 1.000000e-02 4.074551e-02 1.320566e-01 2.556788e-01 1.567447e-01 1.461532e-01 2.770751e-01 1.596791e-01 2.514299e-01 2.093945e-01 1.835913e-01 1.501122e-01 4.237258e-02 1.000000e-02
<GCONST> 5.736039e+01
<STATE> 30
<MEAN> 39
 2.199308e+00 -1.649154e+01 -1.663862e+01 -6.379218e+00 7.441106e+00 2.522381e+00 6.906538e-02 -5.084825e+00 -2.345287e+00 -4.298738e-01 1.097640e+00 -5.887170e+00 2.804107e-01 -4.871925e-02 6.709652e-01 9.329690e-01 2.479781e-01 -3.777619e-01 -6.188821e-01 -7.558185e-01 -2.109787e-01 -2.556710e-01 3.557055e-02 7.990829e-01 2.603200e-02 -1.045821e-02 -1.411771e-02 -1.127467e-01 2.848052e-01 2.280103e-01 -1.318290e-01 -1.769837e-01 1.137025e-01 3.935931e-02 3.319173e-01 -2.947097e-01 -4.779808e-02 4.891063e-01 -2.595828e-03
<VARIANCE> 39
 1.104222e+00 7.081792e+00 2.092668e+01 9.063930e+00 1.040529e+01 9.347526e+00 1.597966e+01 1.063936e+01 1.625744e+00 6.011592e+00 8.261796e+00 8.759052e+00 1.000000e-02 1.801345e-01 5.675766e-01 1.211443e+00 1.013470e+00 1.317130e+00 1.453670e+00 3.973547e-01 1.230338e+00 1.177635e+00 1.592133e+00 3.757685e-01 3.418770e-01 1.000000e-02 2.692937e-02 4.957554e-02 1.410587e-01 1.689523e-01 2.031893e-01 1.837776e-01 9.886829e-02 2.967712e-01 2.123679e-01 3.304606e-01 2.785166e-01 7.569173e-02 1.000000e-02
<GCONST> 5.418555e+01
<STATE> 31
<MEAN> 39
 1.666131e+00 -1.522833e+01 -1.225193e+01 -4.919772e+00 6.684879e+00 1.722226e+00 -9.050670e-01 -8.742520e+00 -1.677410e+00 -2.929208e+00 2.274361e+00 -5.042584e+00 2.684798e-01 -1.995342e-01 2.274982e-01 1.223042e+00 6.444814e-01 -4.822988e-01 -7.328698e-02 3.031419e-01 -1.866289e-01 2.237786e-01 -1.198424e+00 -4.071339e-01 1.256614e+00 -1.959724e-02 -1.088675e-01 -1.013235e-01 -1.835810e-01 -3.114551e-01 -1.393302e-01 -8.620040e-03 1.083120e-01 1.920308e-01 3.099590e-01 -6.180190e-02 -1.987465e-01 3.230454e-01 -6.245520e-03
<VARIANCE> 39
 1.477816e+00 2.582361e+00 1.196466e+01 4.012866e+00 5.342299e+00 6.675883e+00 2.584655e+00 1.584858e+01 5.735338e+00 1.215339e+01 6.666089e+00 4.083630e+00 1.000000e-02 2.025873e-01 4.138726e-01 1.760590e+00 9.261557e-01 1.512277e+00 9.620126e-01 5.189039e-01 6.676756e-01 7.283239e-01 1.300819e+00 1.421961e+00 6.273100e-01 1.000000e-02 5.016407e-02 1.391380e-01 1.620951e-01 2.839878e-01 1.864781e-01 1.896937e-01 1.390492e-01 6.428004e-02 7.410958e-02 3.879041e-01 1.768896e-01 1.779197e-01 1.000000e-02
<GCONST> 5.195406e+01
<STATE> 32
<MEAN> 39
 1.556471e+00 -1.530982e+01 -1.188815e+01 -4.252464e+00 6.076152e+00 2.588899e+00 4.039814e-01 -5.799078e+00 -9.271692e-01 -4.100268e+00 1.669278e-01 -1.637704e+00 2.148537e-01 -2.970280e-01 3.753651e-01 4.939021e-01 -2.285329e-01 -3.874490e-01 -2.809585e-01 -4.431421e-01 1.707547e-01 5.322309e-01 -8.467919e-02 1.939080e-01 7.886716e-01 -2.260353e-02 -1.824242e-01 7.211693e-02 -2.625766e-01 -2.108937e-01 3.012281e-01 -3.812462e-02 -7.071933e-02 -1.442988e-01 -1.180218e-01 3.437997e-01 1.267426e-01 -3.518314e-01 -3.039730e-03
<VARIANCE> 39
 1.921619e+00 4.833746e+00 2.320272e+01 7.152511e+00 1.237094e+01 7.477307e+00 1.426645e+01 1.891195e+01 8.662079e+00 1.466642e+01 1.970795e+01 2.899471e+01 1.000000e-02 6.532205e-01 9.753188e-01 1.183710e+00 1.247514e+00 7.038779e-01 3.645522e-01 9.683262e-01 2.754801e-01 6.763028e-01 9.490176e-01 1.165816e+00 1.611103e+00 1.000000e-02 5.013458e-02 1.427182e-01 4.128748e-01 1.028990e-01 2.502603e-01 7.976002e-02 7.334732e-02 2.234971e-01 2.811047e-01 2.456641e-01 3.148531e-01 2.072957e-01 1.000000e-02
<GCONST> 6.243848e+01
<STATE> 33
<MEAN> 39
 6.760488e-01 -1.406487e+01 -1.146741e+01 -5.583410e+00 5.764177e+00 3.665022e-01 -2.032339e+00 -7.244240e+00 2.514784e-01 -2.722853e+00 2.949816e+00 -2.686002e+00 1.737773e-01 -8.949085e-01 5.986921e-01 3.025672e-01 -3.347953e-01 4.762346e-01 -4.635109e-01 -8.883967e-02 -5.474030e-01 1.865141e-02 4.353376e-01 2.206925e-01 -1.951227e-01 -3.343203e-02 -3.106212e-01 -4.159607e-02 1.614191e-01 2.025803e-01 1.710015e-01 3.162265e-01 3.450934e-01 4.515680e-02 -1.804946e-01 1.095776e-02 -1.677935e-01 -1.173306e-01 -8.526751e-03
<VARIANCE> 39
 8.990948e+00 7.979861e+00 8.339056e+00 5.502865e+00 5.607563e+00 6.511788e+00 1.456309e+01 5.072321e+00 2.184886e+01 9.996144e+00 1.523973e+01 2.759643e+01 1.000000e-02 2.948624e-01 6.058269e-01 1.547752e+00 5.597115e-01 7.714530e-01 4.455865e-01 5.999230e-01 8.585144e-01 1.399710e+00 9.053357e-01 1.470963e+00 8.080419e-01 1.000000e-02 1.335990e-01 2.200569e-01 3.372124e-01 2.037560e-01 1.116717e-01 2.405785e-01 1.713860e-01 4.879748e-02 2.733247e-01 1.705349e-01 2.852042e-01 2.812392e-01 1.000000e-02
<GCONST> 6.190684e+01
<STATE> 34
<MEAN> 39
 -2.313974e+00 -1.336893e+01 -1.083584e+01 -5.968297e+00 7.268659e+00 7.964519e-01 3.384502e-01 -7.777470e+00 -2.638113e-01 -1.607160e+00 1.177057e+00 -1.614172e+00 7.788990e-02 -1.445697e+00 2.190770e-01 1.005237e+00 5.264230e-01 3.517090e-01 1.025984e+00 8.430038e-01 3.325638e-01 -2.870043e-01 -1.635691e-02 -2.425507e-01 3.143775e-01 -5.354760e-02 5.718100e-02 8.199708e-02 3.073716e-01 2.527577e-01 -1.767715e-01 1.627063e-01 1.021455e-01 3.668673e-01 1.055816e-02 -8.878575e-02 2.200089e-02 1.215102e-01 3.681521e-04
<VARIANCE> 39
 5.387672e+00 3.696327e+00 4.307322e+00 1.101456e+01 9.535170e+00 1.228565e+01 1.030163e+01 1.366620e+01 1.362421e+01 6.274452e+00 1.572292e+01 1.470172e+01 1.000000e-02 3.813519e-01 8.217877e-01 1.806477e+00 9.486194e-01 3.201517e-01 1.681289e+00 1.031464e+00 4.257560e-01 1.042089e+00 1.081337e+00 1.385328e+00 9.250182e-01 1.000000e-02 8.645074e-02 1.485950e-01 3.126697e-01 1.680451e-01 1.279204e-01 2.457504e-01 1.935965e-01 1.275752e-01 1.239250e-01 1.287725e-01 1.493669e-01 1.478626e-01 1.000000e-02
<GCONST> 6.020591e+01
<STATE> 35
<MEAN> 39
 -4.628363e+00 -1.280572e+01 -7.738142e+00 -3.275902e+00 8.003095e+00 4.681743e+00 1.345709e+00 -6.194984e+00 -1.595983e+00 -3.376860e+00 1.954205e+00 -1.670523e+00 -2.728363e-02 -6.734353e-01 9.491149e-01 1.511433e+00 5.992895e-01 -2.299619e-01 2.817446e-02 2.965027e-01 8.356819e-01 4.559758e-02 7.903041e-02 2.717252e-01 2.248841e-01 -3.254635e-02 3.501384e-01 9.159420e-02 -1.103177e-01 -1.102112e-01 -3.464651e-01 -5.319915e-01 -2.111745e-01 -1.007322e-01 2.609033e-01 2.505530e-01 2.933098e-01 -1.094984e-02 1.198568e-02
<VARIANCE> 39
 5.246760e-01 5.934291e+00 3.541080e+01 7.315984e+00 4.566246e+00 1.763734e+01 1.044146e+01 4.414632e+00 6.391488e+00 1.319188e+01 1.244125e+01 8.346449e+00 1.000000e-02 3.336605e-01 6.608980e-01 8.953363e-01 7.512156e-01 5.706992e-01 1.409843e+00 1.246478e+00 7.558056e-01 2.407198e-01 4.203944e-01 4.634349e-01 6.480345e-01 1.000000e-02 5.620671e-02 1.861775e-01 5.545808e-01 1.970447e-01 5.124258e-02 3.937547e-01 1.445545e-01 1.366920e-01 1.208661e-01 3.275938e-01 1.527403e-01 1.818855e-01 1.000000e-02
<GCONST> 5.475890e+01
<STATE> 36
<MEAN> 39
 -5.265347e+00 -9.362266e+00 -4.298676e+00 -4.183403e+00 6.420633e+00 1.210922e+00 2.289281e+00 -3.392265e+00 1.718710e-01 -1.830791e+00 1.331541e+00 -8.778000e-01 -5.852947e-02 -1.740107e-01 7.520540e-01 7.276933e-01 2.340817e-01 -1.031084e+00 -1.080004e+00 6.682465e-02 4.486768e-02 6.750842e-01 1.209788e+00 7.408148e-01 4.136644e-01 -1.061699e-02 2.373656e-01 -2.159008e-01 -2.950845e-01 -4.870477e-02 -6.950223e-02 -1.810512e-01 -1.746664e-01 -3.112637e-01 1.476181e-01 1.039841e-01 1.113456e-01 -1.491528e-02 1.073884e-02
<VARIANCE> 39
 2.443316e-01 1.393144e+00 1.309352e+01 5.794068e-01 1.239518e+01 4.862502e+00 6.343616e+00 6.345591e+00 7.907660e+00 1.524873e+01 2.214022e+01 6.917223e+00 1.000000e-02 1.062980e-01 6.846386e-01 1.923416e+00 4.298403e-01 2.995245e-01 1.605484e+00 5.084118e-01 1.198909e+00 2.131893e-01 1.732975e+00 3.739919e-01 4.564330e-01 1.000000e-02 5.134715e-02 7.059133e-02 2.013960e-01 1.117809e-01 1.487701e-01 4.584454e-02 8.830063e-02 5.283638e-02 1.178447e-02 1.826345e-01 1.496417e-01 8.851354e-02 1.000000e-02
<GCONST> 3.939239e+01
<TRANSP> 37
 0.000000e+00 1.000000e+00 0.000000e+00 0.000000e+00 0.000000e+00 0.000000e+00 0.000000e+00 0.000000e+00 0.000000e+00 0.000000e+00 0.000000e+00 0.000000e+00 0.000000e+00 0.000000e+00 0.000000e+00 0.000000e+00 0.000000e+00 0.000000e+00 0.000000e+00 0.000000e+00 0.000000e+00 0.000000e+00 0.000000e+00 0.000000e+00 0.000000e+00 0.000000e+00 0.000000e+00 0.000000e+00 0.000000e+00 0.000000e+00 0.000000e+00 0.000000e+00 0.000000e+00 0.000000e+00 0.000000e+00 0.000000e+00 0.000000e+00
 0.000000e+00 5.454546e-01 4.545455e-01 0.000000e+00 0.000000e+00 0.000000e+00 0.000000e+00 0.000000e+00 0.000000e+00 0.000000e+00 0.000000e+00 0.000000e+00 0.000000e+00 0.000000e+00 0.000000e+00 0.000000e+00 0.000000e+00 0.000000e+00 0.000000e+00 0.000000e+00 0.000000e+00 0.000000e+00 0.000000e+00 0.000000e+00 0.000000e+00 0.000000e+00 0.000000e+00 0.000000e+00 0.000000e+00 0.000000e+00 0.000000e+00 0.000000e+00 0.000000e+00 0.000000e+00 0.000000e+00 0.000000e+00 0.000000e+00
 0.000000e+00 0.000000e+00 5.833333e-01 4.166667e-01 0.000000e+00 0.000000e+00 0.000000e+00 0.000000e+00 0.000000e+00 0.000000e+00 0.000000e+00 0.000000e+00 0.000000e+00 0.000000e+00 0.000000e+00 0.000000e+00 0.000000e+00 0.000000e+00 0.000000e+00 0.000000e+00 0.000000e+00 0.000000e+00 0.000000e+00 0.000000e+00 0.000000e+00 0.000000e+00 0.000000e+00 0.000000e+00 0.000000e+00 0.000000e+00 0.000000e+00 0.000000e+00 0.000000e+00 0.000000e+00 0.000000e+00 0.000000e+00 0.000000e+00
 0.000000e+00 0.000000e+00 0.000000e+00 2.857143e-01 7.142857e-01 0.000000e+00 0.000000e+00 0.000000e+00 0.000000e+00 0.000000e+00 0.000000e+00 0.000000e+00 0.000000e+00 0.000000e+00 0.000000e+00 0.000000e+00 0.000000e+00 0.000000e+00 0.000000e+00 0.000000e+00 0.000000e+00 0.000000e+00 0.000000e+00 0.000000e+00 0.000000e+00 0.000000e+00 0.000000e+00 0.000000e+00 0.000000e+00 0.000000e+00 0.000000e+00 0.000000e+00 0.000000e+00 0.000000e+00 0.000000e+00 0.000000e+00 0.000000e+00
 0.000000e+00 0.000000e+00 0.000000e+00 0.000000e+00 3.750000e-01 6.250000e-01 0.000000e+00 0.000000e+00 0.000000e+00 0.000000e+00 0.000000e+00 0.000000e+00 0.000000e+00 0.000000e+00 0.000000e+00 0.000000e+00 0.000000e+00 0.000000e+00 0.000000e+00 0.000000e+00 0.000000e+00 0.000000e+00 0.000000e+00 0.000000e+00 0.000000e+00 0.000000e+00 0.000000e+00 0.000000e+00 0.000000e+00 0.000000e+00 0.000000e+00 0.000000e+00 0.000000e+00 0.000000e+00 0.000000e+00 0.000000e+00 0.000000e+00
 0.000000e+00 0.000000e+00 0.000000e+00 0.000000e+00 0.000000e+00 5.000000e-01 5.000000e-01 0.000000e+00 0.000000e+00 0.000000e+00 0.000000e+00 0.000000e+00 0.000000e+00 0.000000e+00 0.000000e+00 0.000000e+00 0.000000e+00 0.000000e+00 0.000000e+00 0.000000e+00 0.000000e+00 0.000000e+00 0.000000e+00 0.000000e+00 0.000000e+00 0.000000e+00 0.000000e+00 0.000000e+00 0.000000e+00 0.000000e+00 0.000000e+00 0.000000e+00 0.000000e+00 0.000000e+00 0.000000e+00 0.000000e+00 0.000000e+00
 0.000000e+00 0.000000e+00 0.000000e+00 0.000000e+00 0.000000e+00 0.000000e+00 2.857143e-01 7.142857e-01 0.000000e+00 0.000000e+00 0.000000e+00 0.000000e+00 0.000000e+00 0.000000e+00 0.000000e+00 0.000000e+00 0.000000e+00 0.000000e+00 0.000000e+00 0.000000e+00 0.000000e+00 0.000000e+00 0.000000e+00 0.000000e+00 0.000000e+00 0.000000e+00 0.000000e+00 0.000000e+00 0.000000e+00 0.000000e+00 0.000000e+00 0.000000e+00 0.000000e+00 0.000000e+00 0.000000e+00 0.000000e+00 0.000000e+00
 0.000000e+00 0.000000e+00 0.000000e+00 0.000000e+00 0.000000e+00 0.000000e+00 0.000000e+00 5.000000e-01 5.000000e-01 0.000000e+00 0.000000e+00 0.000000e+00 0.000000e+00 0.000000e+00 0.000000e+00 0.000000e+00 0.000000e+00 0.000000e+00 0.000000e+00 0.000000e+00 0.000000e+00 0.000000e+00 0.000000e+00 0.000000e+00 0.000000e+00 0.000000e+00 0.000000e+00 0.000000e+00 0.000000e+00 0.000000e+00 0.000000e+00 0.000000e+00 0.000000e+00 0.000000e+00 0.000000e+00 0.000000e+00 0.000000e+00
 0.000000e+00 0.000000e+00 0.000000e+00 0.000000e+00 0.000000e+00 0.000000e+00 0.000000e+00 0.000000e+00 3.750000e-01 6.250000e-01 0.000000e+00 0.000000e+00 0.000000e+00 0.000000e+00 0.000000e+00 0.000000e+00 0.000000e+00 0.000000e+00 0.000000e+00 0.000000e+00 0.000000e+00 0.000000e+00 0.000000e+00 0.000000e+00 0.000000e+00 0.000000e+00 0.000000e+00 0.000000e+00 0.000000e+00 0.000000e+00 0.000000e+00 0.000000e+00 0.000000e+00 0.000000e+00 0.000000e+00 0.000000e+00 0.000000e+00
 0.000000e+00 0.000000e+00 0.000000e+00 0.000000e+00 0.000000e+00 0.000000e+00 0.000000e+00 0.000000e+00 0.000000e+00 2.857143e-01 7.142857e-01 0.000000e+00 0.000000e+00 0.000000e+00 0.000000e+00 0.000000e+00 0.000000e+00 0.000000e+00 0.000000e+00 0.000000e+00 0.000000e+00 0.000000e+00 0.000000e+00 0.000000e+00 0.000000e+00 0.000000e+00 0.000000e+00 0.000000e+00 0.000000e+00 0.000000e+00 0.000000e+00 0.000000e+00 0.000000e+00 0.000000e+00 0.000000e+00 0.000000e+00 0.000000e+00
 0.000000e+00 0.000000e+00 0.000000e+00 0.000000e+00 0.000000e+00 0.000000e+00 0.000000e+00 0.000000e+00 0.000000e+00 0.000000e+00 5.000000e-01 5.000000e-01 0.000000e+00 0.000000e+00 0.000000e+00 0.000000e+00 0.000000e+00 0.000000e+00 0.000000e+00 0.000000e+00 0.000000e+00 0.000000e+00 0.000000e+00 0.000000e+00 0.000000e+00 0.000000e+00 0.000000e+00 0.000000e+00 0.000000e+00 0.000000e+00 0.000000e+00 0.000000e+00 0.000000e+00 0.000000e+00 0.000000e+00 0.000000e+00 0.000000e+00
 0.000000e+00 0.000000e+00 0.000000e+00 0.000000e+00 0.000000e+00 0.000000e+00 0.000000e+00 0.000000e+00 0.000000e+00 0.000000e+00 0.000000e+00 6.875000e-01 3.125000e-01 0.000000e+00 0.000000e+00 0.000000e+00 0.000000e+00 0.000000e+00 0.000000e+00 0.000000e+00 0.000000e+00 0.000000e+00 0.000000e+00 0.000000e+00 0.000000e+00 0.000000e+00 0.000000e+00 0.000000e+00 0.000000e+00 0.000000e+00 0.000000e+00 0.000000e+00 0.000000e+00 0.000000e+00 0.000000e+00 0.000000e+00 0.000000e+00
 0.000000e+00 0.000000e+00 0.000000e+00 0.000000e+00 0.000000e+00 0.000000e+00 0.000000e+00 0.000000e+00 0.000000e+00 0.000000e+00 0.000000e+00 0.000000e+00 3.750000e-01 6.250000e-01 0.000000e+00 0.000000e+00 0.000000e+00 0.000000e+00 0.000000e+00 0.000000e+00 0.000000e+00 0.000000e+00 0.000000e+00 0.000000e+00 0.000000e+00 0.000000e+00 0.000000e+00 0.000000e+00 0.000000e+00 0.000000e+00 0.000000e+00 0.000000e+00 0.000000e+00 0.000000e+00 0.000000e+00 0.000000e+00 0.000000e+00
 0.000000e+00 0.000000e+00 0.000000e+00 0.000000e+00 0.000000e+00 0.000000e+00 0.000000e+00 0.000000e+00 0.000000e+00 0.000000e+00 0.000000e+00 0.000000e+00 0.000000e+00 1.666667e-01 8.333333e-01 0.000000e+00 0.000000e+00 0.000000e+00 0.000000e+00 0.000000e+00 0.000000e+00 0.000000e+00 0.000000e+00 0.000000e+00 0.000000e+00 0.000000e+00 0.000000e+00 0.000000e+00 0.000000e+00 0.000000e+00 0.000000e+00 0.000000e+00 0.000000e+00 0.000000e+00 0.000000e+00 0.000000e+00 0.000000e+00
 0.000000e+00 0.000000e+00 0.000000e+00 0.000000e+00 0.000000e+00 0.000000e+00 0.000000e+00 0.000000e+00 0.000000e+00 0.000000e+00 0.000000e+00 0.000000e+00 0.000000e+00 0.000000e+00 5.454546e-01 4.545455e-01 0.000000e+00 0.000000e+00 0.000000e+00 0.000000e+00 0.000000e+00 0.000000e+00 0.000000e+00 0.000000e+00 0.000000e+00 0.000000e+00 0.000000e+00 0.000000e+00 0.000000e+00 0.000000e+00 0.000000e+00 0.000000e+00 0.000000e+00 0.000000e+00 0.000000e+00 0.000000e+00 0.000000e+00
 0.000000e+00 0.000000e+00 0.000000e+00 0.000000e+00 0.000000e+00 0.000000e+00 0.000000e+00 0.000000e+00 0.000000e+00 0.000000e+00 0.000000e+00 0.000000e+00 0.000000e+00 0.000000e+00 0.000000e+00 4.444444e-01 5.555556e-01 0.000000e+00 0.000000e+00 0.000000e+00 0.000000e+00 0.000000e+00 0.000000e+00 0.000000e+00 0.000000e+00 0.000000e+00 0.000000e+00 0.000000e+00 0.000000e+00 0.000000e+00 0.000000e+00 0.000000e+00 0.000000e+00 0.000000e+00 0.000000e+00 0.000000e+00 0.000000e+00
 0.000000e+00 0.000000e+00 0.000000e+00 0.000000e+00 0.000000e+00 0.000000e+00 0.000000e+00 0.000000e+00 0.000000e+00 0.000000e+00 0.000000e+00 0.000000e+00 0.000000e+00 0.000000e+00 0.000000e+00 0.000000e+00 5.000000e-01 5.000000e-01 0.000000e+00 0.000000e+00 0.000000e+00 0.000000e+00 0.000000e+00 0.000000e+00 0.000000e+00 0.000000e+00 0.000000e+00 0.000000e+00 0.000000e+00 0.000000e+00 0.000000e+00 0.000000e+00 0.000000e+00 0.000000e+00 0.000000e+00 0.000000e+00 0.000000e+00
 0.000000e+00 0.000000e+00 0.000000e+00 0.000000e+00 0.000000e+00 0.000000e+00 0.000000e+00 0.000000e+00 0.000000e+00 0.000000e+00 0.000000e+00 0.000000e+00 0.000000e+00 0.000000e+00 0.000000e+00 0.000000e+00 0.000000e+00 5.000000e-01 5.000000e-01 0.000000e+00 0.000000e+00 0.000000e+00 0.000000e+00 0.000000e+00 0.000000e+00 0.000000e+00 0.000000e+00 0.000000e+00 0.000000e+00 0.000000e+00 0.000000e+00 0.000000e+00 0.000000e+00 0.000000e+00 0.000000e+00 0.000000e+00 0.000000e+00
 0.000000e+00 0.000000e+00 0.000000e+00 0.000000e+00 0.000000e+00 0.000000e+00 0.000000e+00 0.000000e+00 0.000000e+00 0.000000e+00 0.000000e+00 0.000000e+00 0.000000e+00 0.000000e+00 0.000000e+00 0.000000e+00 0.000000e+00 0.000000e+00 3.750000e-01 6.250000e-01 0.000000e+00 0.000000e+00 0.000000e+00 0.000000e+00 0.000000e+00 0.000000e+00 0.000000e+00 0.000000e+00 0.000000e+00 0.000000e+00 0.000000e+00 0.000000e+00 0.000000e+00 0.000000e+00 0.000000e+00 0.000000e+00 0.000000e+00
 0.000000e+00 0.000000e+00 0.000000e+00 0.000000e+00 0.000000e+00 0.000000e+00 0.000000e+00 0.000000e+00 0.000000e+00 0.000000e+00 0.000000e+00 0.000000e+00 0.000000e+00 0.000000e+00 0.000000e+00 0.000000e+00 0.000000e+00 0.000000e+00 0.000000e+00 5.000000e-01 5.000000e-01 0.000000e+00 0.000000e+00 0.000000e+00 0.000000e+00 0.000000e+00 0.000000e+00 0.000000e+00 0.000000e+00 0.000000e+00 0.000000e+00 0.000000e+00 0.000000e+00 0.000000e+00 0.000000e+00 0.000000e+00 0.000000e+00
 0.000000e+00 0.000000e+00 0.000000e+00 0.000000e+00 0.000000e+00 0.000000e+00 0.000000e+00 0.000000e+00 0.000000e+00 0.000000e+00 0.000000e+00 0.000000e+00 0.000000e+00 0.000000e+00 0.000000e+00 0.000000e+00 0.000000e+00 0.000000e+00 0.000000e+00 0.000000e+00 4.444444e-01 5.555556e-01 0.000000e+00 0.000000e+00 0.000000e+00 0.000000e+00 0.000000e+00 0.000000e+00 0.000000e+00 0.000000e+00 0.000000e+00 0.000000e+00 0.000000e+00 0.000000e+00 0.000000e+00 0.000000e+00 0.000000e+00
 0.000000e+00 0.000000e+00 0.000000e+00 0.000000e+00 0.000000e+00 0.000000e+00 0.000000e+00 0.000000e+00 0.000000e+00 0.000000e+00 0.000000e+00 0.000000e+00 0.000000e+00 0.000000e+00 0.000000e+00 0.000000e+00 0.000000e+00 0.000000e+00 0.000000e+00 0.000000e+00 0.000000e+00 4.444444e-01 5.555556e-01 0.000000e+00 0.000000e+00 0.000000e+00 0.000000e+00 0.000000e+00 0.000000e+00 0.000000e+00 0.000000e+00 0.000000e+00 0.000000e+00 0.000000e+00 0.000000e+00 0.000000e+00 0.000000e+00
 0.000000e+00 0.000000e+00 0.000000e+00 0.000000e+00 0.000000e+00 0.000000e+00 0.000000e+00 0.000000e+00 0.000000e+00 0.000000e+00 0.000000e+00 0.000000e+00 0.000000e+00 0.000000e+00 0.000000e+00 0.000000e+00 0.000000e+00 0.000000e+00 0.000000e+00 0.000000e+00 0.000000e+00 0.000000e+00 5.000000e-01 5.000000e-01 0.000000e+00 0.000000e+00 0.000000e+00 0.000000e+00 0.000000e+00 0.000000e+00 0.000000e+00 0.000000e+00 0.000000e+00 0.000000e+00 0.000000e+00 0.000000e+00 0.000000e+00
 0.000000e+00 0.000000e+00 0.000000e+00 0.000000e+00 0.000000e+00 0.000000e+00 0.000000e+00 0.000000e+00 0.000000e+00 0.000000e+00 0.000000e+00 0.000000e+00 0.000000e+00 0.000000e+00 0.000000e+00 0.000000e+00 0.000000e+00 0.000000e+00 0.000000e+00 0.000000e+00 0.000000e+00 0.000000e+00 0.000000e+00 5.000000e-01 5.000000e-01 0.000000e+00 0.000000e+00 0.000000e+00 0.000000e+00 0.000000e+00 0.000000e+00 0.000000e+00 0.000000e+00 0.000000e+00 0.000000e+00 0.000000e+00 0.000000e+00
 0.000000e+00 0.000000e+00 0.000000e+00 0.000000e+00 0.000000e+00 0.000000e+00 0.000000e+00 0.000000e+00 0.000000e+00 0.000000e+00 0.000000e+00 0.000000e+00 0.000000e+00 0.000000e+00 0.000000e+00 0.000000e+00 0.000000e+00 0.000000e+00 0.000000e+00 0.000000e+00 0.000000e+00 0.000000e+00 0.000000e+00 0.000000e+00 3.750000e-01 6.250000e-01 0.000000e+00 0.000000e+00 0.000000e+00 0.000000e+00 0.000000e+00 0.000000e+00 0.000000e+00 0.000000e+00 0.000000e+00 0.000000e+00 0.000000e+00
 0.000000e+00 0.000000e+00 0.000000e+00 0.000000e+00 0.000000e+00 0.000000e+00 0.000000e+00 0.000000e+00 0.000000e+00 0.000000e+00 0.000000e+00 0.000000e+00 0.000000e+00 0.000000e+00 0.000000e+00 0.000000e+00 0.000000e+00 0.000000e+00 0.000000e+00 0.000000e+00 0.000000e+00 0.000000e+00 0.000000e+00 0.000000e+00 0.000000e+00 3.750000e-01 6.250000e-01 0.000000e+00 0.000000e+00 0.000000e+00 0.000000e+00 0.000000e+00 0.000000e+00 0.000000e+00 0.000000e+00 0.000000e+00 0.000000e+00
 0.000000e+00 0.000000e+00 0.000000e+00 0.000000e+00 0.000000e+00 0.000000e+00 0.000000e+00 0.000000e+00 0.000000e+00 0.000000e+00 0.000000e+00 0.000000e+00 0.000000e+00 0.000000e+00 0.000000e+00 0.000000e+00 0.000000e+00 0.000000e+00 0.000000e+00 0.000000e+00 0.000000e+00 0.000000e+00 0.000000e+00 0.000000e+00 0.000000e+00 0.000000e+00 5.000000e-01 5.000000e-01 0.000000e+00 0.000000e+00 0.000000e+00 0.000000e+00 0.000000e+00 0.000000e+00 0.000000e+00 0.000000e+00 0.000000e+00
 0.000000e+00 0.000000e+00 0.000000e+00 0.000000e+00 0.000000e+00 0.000000e+00 0.000000e+00 0.000000e+00 0.000000e+00 0.000000e+00 0.000000e+00 0.000000e+00 0.000000e+00 0.000000e+00 0.000000e+00 0.000000e+00 0.000000e+00 0.000000e+00 0.000000e+00 0.000000e+00 0.000000e+00 0.000000e+00 0.000000e+00 0.000000e+00 0.000000e+00 0.000000e+00 0.000000e+00 5.000000e-01 5.000000e-01 0.000000e+00 0.000000e+00 0.000000e+00 0.000000e+00 0.000000e+00 0.000000e+00 0.000000e+00 0.000000e+00
 0.000000e+00 0.000000e+00 0.000000e+00 0.000000e+00 0.000000e+00 0.000000e+00 0.000000e+00 0.000000e+00 0.000000e+00 0.000000e+00 0.000000e+00 0.000000e+00 0.000000e+00 0.000000e+00 0.000000e+00 0.000000e+00 0.000000e+00 0.000000e+00 0.000000e+00 0.000000e+00 0.000000e+00 0.000000e+00 0.000000e+00 0.000000e+00 0.000000e+00 0.000000e+00 0.000000e+00 0.000000e+00 5.000000e-01 5.000000e-01 0.000000e+00 0.000000e+00 0.000000e+00 0.000000e+00 0.000000e+00 0.000000e+00 0.000000e+00
 0.000000e+00 0.000000e+00 0.000000e+00 0.000000e+00 0.000000e+00 0.000000e+00 0.000000e+00 0.000000e+00 0.000000e+00 0.000000e+00 0.000000e+00 0.000000e+00 0.000000e+00 0.000000e+00 0.000000e+00 0.000000e+00 0.000000e+00 0.000000e+00 0.000000e+00 0.000000e+00 0.000000e+00 0.000000e+00 0.000000e+00 0.000000e+00 0.000000e+00 0.000000e+00 0.000000e+00 0.000000e+00 0.000000e+00 4.444444e-01 5.555556e-01 0.000000e+00 0.000000e+00 0.000000e+00 0.000000e+00 0.000000e+00 0.000000e+00
 0.000000e+00 0.000000e+00 0.000000e+00 0.000000e+00 0.000000e+00 0.000000e+00 0.000000e+00 0.000000e+00 0.000000e+00 0.000000e+00 0.000000e+00 0.000000e+00 0.000000e+00 0.000000e+00 0.000000e+00 0.000000e+00 0.000000e+00 0.000000e+00 0.000000e+00 0.000000e+00 0.000000e+00 0.000000e+00 0.000000e+00 0.000000e+00 0.000000e+00 0.000000e+00 0.000000e+00 0.000000e+00 0.000000e+00 0.000000e+00 2.857143e-01 7.142857e-01 0.000000e+00 0.000000e+00 0.000000e+00 0.000000e+00 0.000000e+00
 0.000000e+00 0.000000e+00 0.000000e+00 0.000000e+00 0.000000e+00 0.000000e+00 0.000000e+00 0.000000e+00 0.000000e+00 0.000000e+00 0.000000e+00 0.000000e+00 0.000000e+00 0.000000e+00 0.000000e+00 0.000000e+00 0.000000e+00 0.000000e+00 0.000000e+00 0.000000e+00 0.000000e+00 0.000000e+00 0.000000e+00 0.000000e+00 0.000000e+00 0.000000e+00 0.000000e+00 0.000000e+00 0.000000e+00 0.000000e+00 0.000000e+00 5.000000e-01 5.000000e-01 0.000000e+00 0.000000e+00 0.000000e+00 0.000000e+00
 0.000000e+00 0.000000e+00 0.000000e+00 0.000000e+00 0.000000e+00 0.000000e+00 0.000000e+00 0.000000e+00 0.000000e+00 0.000000e+00 0.000000e+00 0.000000e+00 0.000000e+00 0.000000e+00 0.000000e+00 0.000000e+00 0.000000e+00 0.000000e+00 0.000000e+00 0.000000e+00 0.000000e+00 0.000000e+00 0.000000e+00 0.000000e+00 0.000000e+00 0.000000e+00 0.000000e+00 0.000000e+00 0.000000e+00 0.000000e+00 0.000000e+00 0.000000e+00 5.000000e-01 5.000000e-01 0.000000e+00 0.000000e+00 0.000000e+00
 0.000000e+00 0.000000e+00 0.000000e+00 0.000000e+00 0.000000e+00 0.000000e+00 0.000000e+00 0.000000e+00 0.000000e+00 0.000000e+00 0.000000e+00 0.000000e+00 0.000000e+00 0.000000e+00 0.000000e+00 0.000000e+00 0.000000e+00 0.000000e+00 0.000000e+00 0.000000e+00 0.000000e+00 0.000000e+00 0.000000e+00 0.000000e+00 0.000000e+00 0.000000e+00 0.000000e+00 0.000000e+00 0.000000e+00 0.000000e+00 0.000000e+00 0.000000e+00 0.000000e+00 5.000000e-01 5.000000e-01 0.000000e+00 0.000000e+00
 0.000000e+00 0.000000e+00 0.000000e+00 0.000000e+00 0.000000e+00 0.000000e+00 0.000000e+00 0.000000e+00 0.000000e+00 0.000000e+00 0.000000e+00 0.000000e+00 0.000000e+00 0.000000e+00 0.000000e+00 0.000000e+00 0.000000e+00 0.000000e+00 0.000000e+00 0.000000e+00 0.000000e+00 0.000000e+00 0.000000e+00 0.000000e+00 0.000000e+00 0.000000e+00 0.000000e+00 0.000000e+00 0.000000e+00 0.000000e+00 0.000000e+00 0.000000e+00 0.000000e+00 0.000000e+00 5.000000e-01 5.000000e-01 0.000000e+00
 0.000000e+00 0.000000e+00 0.000000e+00 0.000000e+00 0.000000e+00 0.000000e+00 0.000000e+00 0.000000e+00 0.000000e+00 0.000000e+00 0.000000e+00 0.000000e+00 0.000000e+00 0.000000e+00 0.000000e+00 0.000000e+00 0.000000e+00 0.000000e+00 0.000000e+00 0.000000e+00 0.000000e+00 0.000000e+00 0.000000e+00 0.000000e+00 0.000000e+00 0.000000e+00 0.000000e+00 0.000000e+00 0.000000e+00 0.000000e+00 0.000000e+00 0.000000e+00 0.000000e+00 0.000000e+00 0.000000e+00 0.000000e+00 1.000000e+00
 0.000000e+00 0.000000e+00 0.000000e+00 0.000000e+00 0.000000e+00 0.000000e+00 0.000000e+00 0.000000e+00 0.000000e+00 0.000000e+00 0.000000e+00 0.000000e+00 0.000000e+00 0.000000e+00 0.000000e+00 0.000000e+00 0.000000e+00 0.000000e+00 0.000000e+00 0.000000e+00 0.000000e+00 0.000000e+00 0.000000e+00 0.000000e+00 0.000000e+00 0.000000e+00 0.000000e+00 0.000000e+00 0.000000e+00 0.000000e+00 0.000000e+00 0.000000e+00 0.000000e+00 0.000000e+00 0.000000e+00 0.000000e+00 0.000000e+00
<ENDHMM>
