~o
<STREAMINFO> 1 39
<VECSIZE> 39<NULLD><MFCC_E_D_A><DIAGC>
~h "Tru*o*c"
<BEGINHMM>
<NUMSTATES> 5
<STATE> 2
<MEAN> 39
 -8.894414e+00 -8.328187e+00 1.694917e+00 -5.948315e+00 -4.429444e-02 -1.576872e+00 -3.035399e+00 -1.483630e+00 3.110061e+00 -6.173910e+00 3.591303e+00 4.406459e-02 1.436435e-01 -2.515106e-01 -3.199742e-01 -1.224196e-01 -8.618985e-01 -7.853813e-01 -8.773190e-01 -1.634786e-02 3.512595e-01 8.868700e-02 2.711909e-02 1.300457e-01 -1.990048e-01 5.344409e-02 2.108856e-01 -2.209322e-01 -3.245024e-02 -1.100357e-01 -1.144168e-01 -3.032670e-01 1.167414e-01 2.150921e-01 1.789260e-01 1.337516e-01 -9.829313e-02 -1.955924e-02 5.249441e-03
<VARIANCE> 39
 2.926599e+01 6.822974e+00 1.075268e+01 2.856574e+01 2.448135e+01 3.551816e+01 1.686348e+01 1.316538e+01 2.026641e+01 2.012333e+01 1.138119e+01 1.325737e+01 8.404144e-02 4.474842e+00 1.472631e+00 1.007752e+00 2.841534e+00 3.208235e+00 6.000087e+00 2.137278e+00 2.927430e+00 2.126346e+00 2.532581e+00 1.351590e+00 1.141967e+00 1.000000e-02 9.440094e-01 2.463391e-01 1.734219e-01 4.614417e-01 5.698165e-01 8.128446e-01 4.262463e-01 4.843591e-01 3.243347e-01 6.270402e-01 2.681613e-01 2.121776e-01 1.000000e-02
<GCONST> 9.326835e+01
<STATE> 3
<MEAN> 39
 -2.770256e+00 -1.894892e+01 -9.446239e+00 -1.831477e+01 -2.380573e+00 -1.153296e+01 -3.892119e+00 6.884486e+00 8.637899e+00 4.630954e+00 -7.001130e+00 -6.230768e+00 8.882215e-01 7.214806e-01 -2.883485e-01 -4.723522e-01 3.862947e-01 3.216151e-01 2.699035e-01 -2.656170e-01 1.562825e-03 1.634165e-01 2.131721e-01 -4.818669e-01 -1.460692e-01 -1.193386e-02 -1.369004e-01 1.288347e-01 -1.619413e-02 1.728774e-01 1.331488e-02 1.713597e-01 -3.020598e-02 -1.817646e-01 -8.335382e-02 -1.403128e-01 1.232155e-01 5.288650e-02 -6.914757e-03
<VARIANCE> 39
 1.091071e+01 9.842071e+00 3.970160e+01 2.124849e+01 4.030865e+01 7.203070e+01 3.887773e+01 2.095404e+01 2.757479e+01 2.247406e+01 4.579914e+01 3.792181e+01 1.572442e-02 1.113816e+00 2.156723e+00 1.885652e+00 3.740296e+00 3.701500e+00 4.110926e+00 3.087157e+00 2.567445e+00 4.546596e+00 3.070731e+00 3.200768e+00 3.382558e+00 1.000000e-02 2.321210e-01 2.799820e-01 3.034265e-01 5.128869e-01 9.251439e-01 7.656782e-01 6.426265e-01 4.534289e-01 8.803839e-01 4.612477e-01 3.809579e-01 5.458720e-01 1.000000e-02
<GCONST> 1.022912e+02
<STATE> 4
<MEAN> 39
 8.805325e-01 -1.509477e+01 -7.874816e+00 -4.292156e+00 -2.270834e+00 -9.195205e+00 -1.596063e+00 1.785964e+00 7.928884e+00 3.779155e-02 -1.675445e+00 -4.958507e+00 2.689067e-01 -4.879667e-01 5.052035e-01 4.678754e-01 3.022197e-01 2.766028e-01 3.269068e-01 2.193764e-01 -1.725232e-01 -2.203675e-02 -8.044494e-02 3.236026e-01 1.105316e-01 -2.806766e-02 -1.814416e-02 4.812339e-02 4.770062e-02 -8.770703e-02 7.407981e-02 4.356674e-02 -7.066800e-02 -1.977563e-04 -5.792430e-02 2.114204e-02 -6.718893e-02 -4.254969e-02 2.527183e-03
<VARIANCE> 39
 1.279247e+01 1.671094e+01 1.541945e+01 7.956623e+00 1.468027e+01 1.732746e+01 1.434814e+01 1.318198e+01 1.770672e+01 9.822742e+00 8.820524e+00 7.385972e+00 2.614190e-02 4.437949e-01 7.328175e-01 1.236468e+00 7.765238e-01 1.029722e+00 1.474173e+00 1.844253e+00 2.085469e+00 1.818341e+00 1.399025e+00 1.116833e+00 8.351126e-01 1.000000e-02 1.237685e-01 1.612989e-01 2.446114e-01 1.714609e-01 2.141278e-01 3.131041e-01 4.253913e-01 4.382922e-01 4.130607e-01 2.824365e-01 2.391173e-01 1.808528e-01 1.000000e-02
<GCONST> 7.382165e+01
<TRANSP> 5
 0.000000e+00 1.000000e+00 0.000000e+00 0.000000e+00 0.000000e+00
 0.000000e+00 9.358974e-01 6.410257e-02 0.000000e+00 0.000000e+00
 0.000000e+00 0.000000e+00 9.509804e-01 4.901961e-02 0.000000e+00
 0.000000e+00 0.000000e+00 0.000000e+00 9.484536e-01 5.154639e-02
 0.000000e+00 0.000000e+00 0.000000e+00 0.000000e+00 0.000000e+00
<ENDHMM>
