~o
<STREAMINFO> 1 39
<VECSIZE> 39<NULLD><MFCC_E_D_A><DIAGC>
~h "Tu*o*i"
<BEGINHMM>
<NUMSTATES> 37
<STATE> 2
<MEAN> 39
 -5.591056e+00 -9.139033e+00 -1.636811e+00 -1.735992e+00 2.243835e+00 -6.066842e+00 2.985121e+00 -1.171048e+00 -4.542463e-02 -2.290490e+00 2.771956e+00 -1.724405e+00 2.737034e-02 -6.894990e-01 8.972851e-02 -2.911249e-02 -6.468458e-02 -1.909910e-01 3.607874e-01 5.269358e-01 8.848552e-01 4.712557e-01 -2.321755e-01 -5.773559e-01 -5.382370e-01 1.620043e-02 -3.291420e-01 -8.130825e-02 -5.675553e-01 -5.022402e-01 -4.055662e-01 -3.002675e-01 -4.256001e-02 2.134743e-01 4.289540e-01 -3.104993e-01 -1.765956e-01 4.399070e-02 4.184859e-02
<VARIANCE> 39
 6.471671e-01 1.191803e+00 2.260294e+00 3.004360e+00 3.621745e+00 7.907832e+00 5.775774e+00 9.470610e+00 6.753297e+00 1.214000e+01 7.643308e+00 7.896085e+00 1.000000e-02 4.232245e-01 1.371724e-01 7.503010e-01 9.825961e-01 2.268613e+00 1.216825e+00 6.797683e-01 5.356137e-01 8.984915e-01 1.505932e+00 1.503191e+00 9.128636e-01 1.000000e-02 1.400109e-01 6.717743e-02 2.316496e-01 2.591569e-01 1.333078e-01 6.669360e-01 1.601514e-01 1.505587e-01 4.036275e-01 2.925822e-01 1.546594e-01 1.727038e-01 1.000000e-02
<GCONST> 5.347017e+01
<STATE> 3
<MEAN> 39
 -7.034413e+00 -8.507318e+00 -4.248056e-01 -3.672021e-01 -3.683187e-01 -2.497907e+00 1.892251e+00 -7.705958e-01 3.162741e-01 -2.655962e+00 1.312666e+00 -3.207517e+00 -8.851067e-03 -1.163294e+00 -2.737934e-01 -2.261631e+00 -1.291345e+00 -1.273390e+00 -1.270953e+00 2.721198e-01 3.741595e-01 1.125193e+00 -1.464072e+00 -8.803010e-02 2.053816e-01 1.418295e-01 2.843511e-01 -4.416695e-01 -1.083918e+00 -1.062463e+00 -7.008393e-01 -1.666987e+00 -2.906906e-01 2.852423e-02 6.859353e-01 -4.692451e-02 -1.317515e-01 5.078013e-01 6.786732e-02
<VARIANCE> 39
 4.730662e+00 4.327608e+00 1.787809e+00 7.325804e+00 1.284288e+01 1.414536e+01 2.170447e+00 1.443797e+00 1.095144e+01 7.715569e+00 1.259799e+01 8.908089e+00 1.000000e-02 2.133106e+00 1.371255e-01 1.220633e+00 2.015147e+00 1.326434e+00 5.718079e+00 9.903044e-01 2.298879e+00 1.586806e+00 2.577328e+00 1.170211e+00 1.299032e+00 1.000000e-02 6.989311e-02 7.562826e-02 1.148814e-01 1.884050e-01 3.654568e-01 2.224469e-01 3.196364e-01 2.411131e-01 2.508785e-01 2.272989e-01 2.715189e-01 8.084986e-02 1.000000e-02
<GCONST> 6.246998e+01
<STATE> 4
<MEAN> 39
 -1.039452e+01 -9.694014e+00 -8.461088e+00 -6.945964e+00 1.654423e+00 -8.456823e+00 4.434539e+00 1.459201e+00 3.132517e+00 -7.921567e+00 3.440648e+00 -1.163412e+00 4.555629e-01 -3.497254e-02 -1.191079e+00 -3.572564e+00 -3.233219e+00 -3.170296e+00 -5.153824e+00 -4.157385e-01 1.767183e+00 2.360070e+00 -3.578076e-02 -1.081278e+00 1.132173e+00 2.343951e-01 6.505353e-01 -4.169351e-01 4.016638e-03 -1.520182e-01 -6.423399e-01 -7.139069e-01 -5.260710e-01 6.373351e-02 5.360930e-01 1.193084e+00 -6.037559e-01 3.349005e-02 7.611036e-03
<VARIANCE> 39
 1.714643e+01 4.340392e+00 2.589320e+01 2.882287e+01 1.372168e+01 3.859604e+01 2.034891e+01 3.989476e+01 1.761550e+01 3.215287e+01 2.163484e+01 2.317383e+01 1.289036e-02 5.356761e-01 5.172070e-01 1.318480e+00 7.369145e-01 1.013126e+00 2.210443e+00 2.175499e+00 3.212602e+00 1.959623e+00 1.673849e+00 1.731029e+00 6.439422e-01 1.000000e-02 1.681481e-01 5.499356e-02 2.313028e-01 5.309727e-01 4.532163e-01 9.344829e-01 1.775465e-01 3.826959e-01 1.251534e-01 8.366331e-01 3.541979e-01 3.493827e-01 1.000000e-02
<GCONST> 8.262841e+01
<STATE> 5
<MEAN> 39
 -6.916926e+00 -1.222964e+01 -1.285484e+01 -1.197979e+01 -1.015775e+01 -1.965062e+01 1.451062e+00 3.027364e+00 9.129444e+00 -5.844070e+00 -1.828063e+00 3.564751e-01 8.084569e-01 1.125013e+00 -1.785157e+00 -2.162461e+00 -2.817859e+00 -2.560492e+00 -4.043331e+00 -1.357947e+00 6.719093e-01 3.061497e+00 1.319187e+00 -1.925453e+00 6.787841e-01 1.710753e-01 3.375775e-01 7.729097e-02 8.493073e-01 5.040846e-01 1.272134e+00 1.320715e+00 -4.613435e-01 -3.587103e-01 -2.407788e-01 9.497362e-01 -3.738366e-01 -2.923234e-01 -5.269875e-02
<VARIANCE> 39
 1.617867e+01 4.385610e+00 1.928873e+01 1.620304e+01 9.169853e+00 4.401034e+01 2.649209e+01 3.656670e+01 1.419837e+01 1.912082e+01 1.741457e+01 1.002255e+01 1.000000e-02 3.728434e-01 3.389267e-01 1.332679e+00 3.281666e+00 1.954372e+00 3.857169e+00 7.707692e-01 2.537736e+00 1.444832e+00 4.179541e+00 2.214719e+00 1.408309e+00 1.000000e-02 1.147557e-01 9.501930e-02 1.708219e-01 2.410554e-01 1.727297e-01 9.897854e-01 3.547328e-01 2.797573e-01 4.483985e-01 1.348271e-01 1.856206e-01 2.609169e-01 1.000000e-02
<GCONST> 7.892596e+01
<STATE> 6
<MEAN> 39
 -6.709292e+00 -1.590041e+01 -1.346667e+01 -1.422752e+01 -9.226271e+00 -2.063050e+01 -9.662244e-01 3.744866e+00 1.254768e+01 -1.894895e+00 -5.163405e+00 6.586850e-01 9.227337e-01 1.089610e+00 -1.050868e+00 -6.515241e-01 -9.353271e-01 1.257264e+00 -1.561057e-01 -1.464398e+00 -1.088758e-01 2.117645e+00 3.080750e+00 -2.127347e+00 5.847740e-02 5.497068e-02 -1.152471e-02 6.034526e-01 5.504538e-01 5.715635e-01 1.439483e+00 1.666787e+00 -2.115549e-01 -6.254524e-01 -5.804234e-01 4.217126e-01 2.772747e-01 -5.021299e-01 -5.057593e-02
<VARIANCE> 39
 1.232583e+01 3.255069e+00 1.346341e+01 3.036522e+01 1.246116e+01 2.071939e+01 1.296154e+01 4.518381e+01 1.870690e+01 1.191031e+01 2.132257e+01 6.029983e+00 1.000000e-02 1.381293e-01 3.872377e-01 1.754695e-01 4.289187e-01 4.949160e+00 2.852576e+00 5.342930e-01 5.962576e-01 6.241667e-01 1.122662e+00 2.709117e-01 1.058446e+00 1.000000e-02 5.707693e-02 8.704079e-02 1.561618e-01 3.582492e-01 2.102941e-01 4.527246e-01 2.056945e-01 4.900202e-01 2.739615e-01 5.874202e-01 4.700907e-01 1.313096e-01 1.000000e-02
<GCONST> 6.669347e+01
<STATE> 7
<MEAN> 39
 -4.104743e+00 -1.445352e+01 -1.447888e+01 -1.396598e+01 -6.215025e+00 -1.853953e+01 -1.742761e+00 3.512206e+00 1.409417e+01 3.592709e+00 -6.413830e+00 -4.817917e-01 9.482305e-01 8.783372e-01 -1.622747e-02 -3.867138e-01 -1.541413e+00 2.053083e+00 1.342733e+00 -2.370319e+00 -9.361073e-01 1.054990e+00 2.842439e+00 -1.537108e+00 -1.227317e+00 1.712364e-02 -4.437524e-02 5.124537e-01 2.675143e-01 -2.114355e-01 5.957026e-01 5.657226e-01 -3.727693e-03 -6.464440e-02 -9.147449e-01 -2.201303e-01 5.981333e-01 -2.168151e-01 -2.157590e-02
<VARIANCE> 39
 1.103287e+01 1.830904e+00 1.690622e+01 8.146688e+00 1.357562e+01 2.505817e+01 1.280411e+01 6.036721e+01 1.414841e+01 3.550885e+01 9.867347e+00 8.134092e+00 1.000000e-02 5.146616e-01 4.702643e-01 4.852081e-01 9.866360e-01 4.485791e-01 7.383605e-01 7.977828e-01 7.088863e-01 1.522987e+00 3.730209e+00 8.390321e-01 5.374722e-01 1.000000e-02 4.733238e-02 7.779629e-02 2.828764e-02 3.297194e-02 5.861962e-01 8.027927e-01 1.673808e-01 7.988888e-01 1.114735e-01 5.497093e-01 1.736629e-01 2.361313e-01 1.000000e-02
<GCONST> 6.465370e+01
<STATE> 8
<MEAN> 39
 -4.317525e+00 -1.523995e+01 -1.509458e+01 -1.830178e+01 -1.024445e+00 -1.755618e+01 -7.636035e+00 1.759670e+00 1.526057e+01 5.146936e+00 -9.550469e+00 -1.865433e+00 9.559487e-01 7.356802e-01 7.543321e-01 -2.701057e-01 -1.523516e+00 1.520729e+00 1.245337e+00 -1.293153e+00 -5.269441e-01 -2.544727e-01 2.387803e+00 5.226810e-02 -7.318881e-01 8.312236e-03 -1.072365e-01 2.300432e-01 2.935293e-01 -1.215259e-01 -5.155351e-01 6.263945e-02 5.465955e-01 6.291421e-02 -6.268327e-01 -1.893077e-01 6.719851e-01 1.731904e-01 -4.937057e-03
<VARIANCE> 39
 9.788892e+00 3.706548e+00 6.866226e+00 7.137995e+00 1.714186e+01 1.064040e+01 1.185608e+00 3.481870e+01 1.850570e+01 4.187088e+01 5.746272e+00 7.849710e+00 1.000000e-02 2.832273e-01 1.751655e-01 1.277713e-01 3.975798e-01 4.936872e-01 4.149759e-01 1.450568e+00 2.519066e+00 5.926475e-01 1.975311e+00 2.489317e+00 1.200731e-01 1.000000e-02 4.662068e-02 9.119777e-02 2.810099e-02 1.204466e-01 1.810557e-01 2.938397e-01 3.205613e-01 5.137399e-01 5.806749e-01 2.870676e-01 1.393501e-01 1.676029e-01 1.000000e-02
<GCONST> 5.597550e+01
<STATE> 9
<MEAN> 39
 -1.843626e+00 -1.287424e+01 -1.456977e+01 -1.998911e+01 -1.513461e+00 -1.450919e+01 -7.410223e+00 1.559585e+00 1.339132e+01 9.197092e+00 -6.285196e+00 -2.726573e+00 9.678491e-01 5.486751e-01 5.948319e-01 4.915343e-01 -1.598858e+00 6.600714e-01 1.043813e+00 -7.557579e-01 4.939946e-01 -1.664562e+00 1.964142e+00 4.060758e-01 -1.835579e-01 6.308241e-03 -2.269168e-01 -9.586316e-02 9.883088e-02 3.507094e-01 -3.806722e-01 -1.181988e-01 5.446346e-01 1.654359e-01 -4.632572e-02 -4.847513e-01 4.497109e-02 2.841658e-01 -1.054380e-03
<VARIANCE> 39
 2.059692e+01 3.489792e+00 1.298414e+01 2.013729e+01 1.993359e+01 6.462496e+00 2.621438e+00 2.529598e+01 9.513274e+00 4.424883e+01 8.278214e+00 1.199696e+01 1.000000e-02 4.974466e-02 4.213820e-01 9.756044e-02 3.980445e-01 7.683052e-01 7.817021e-01 9.705600e-01 6.023779e+00 1.854531e+00 2.218290e-01 4.053872e-01 5.076247e-01 1.000000e-02 3.052068e-02 9.041101e-02 3.006537e-02 1.012955e-01 8.204521e-02 2.164326e-01 5.809910e-01 3.465201e-01 2.218352e-01 9.475011e-01 3.611786e-01 5.619689e-02 1.000000e-02
<GCONST> 5.629219e+01
<STATE> 10
<MEAN> 39
 -1.369493e+00 -1.239279e+01 -1.378918e+01 -2.338477e+01 8.243448e-01 -1.535169e+01 -7.754546e+00 2.533900e+00 9.364611e+00 1.433198e+01 -7.453416e+00 -3.044390e+00 9.774063e-01 2.691734e-01 3.334066e-01 3.939733e-01 -1.043550e+00 5.844041e-01 3.316368e-01 9.407651e-01 -3.637229e-01 -7.101998e-01 9.275233e-01 5.002633e-01 3.862583e-01 4.961385e-03 -2.106589e-01 -2.621846e-01 -6.044906e-02 4.478299e-01 -3.254522e-01 -2.464329e-01 5.347725e-01 -2.478161e-02 5.211810e-01 -8.773946e-01 1.487870e-01 2.946669e-02 -1.247317e-03
<VARIANCE> 39
 8.858235e+00 4.579595e+00 6.246034e+00 1.224661e+01 5.289722e+00 4.320685e+01 2.207762e+01 3.844960e+01 2.310809e+01 4.157867e+01 6.070669e+00 4.739852e+00 1.000000e-02 5.258970e-02 4.530893e-01 1.179904e-01 7.422686e-01 5.166262e-01 1.708822e+00 4.184577e+00 2.430885e+00 1.359804e+00 2.104904e+00 1.130702e+00 1.482657e-01 1.000000e-02 1.000000e-02 7.574683e-02 1.018748e-01 6.782165e-02 8.419006e-02 9.544394e-02 2.871787e-01 7.828555e-01 2.751822e-01 3.293667e-01 1.168473e-01 2.488932e-02 1.000000e-02
<GCONST> 5.687553e+01
<STATE> 11
<MEAN> 39
 -1.289978e+00 -1.229354e+01 -1.474936e+01 -2.193528e+01 -9.450490e-01 -1.348772e+01 -6.821859e+00 1.398066e+00 1.159619e+01 1.146528e+01 -6.694257e+00 -2.425133e+00 9.809290e-01 -2.053084e-01 -2.086163e-03 -2.125773e-01 7.250828e-02 -4.537193e-02 3.498369e-01 7.761106e-01 -1.594192e-01 4.825090e-01 -7.761819e-01 5.177855e-01 -5.043585e-01 1.391650e-03 -1.602409e-01 -1.959466e-01 -9.300637e-02 3.584545e-01 -4.824821e-02 -2.784486e-01 3.045423e-01 -5.092674e-02 2.748953e-01 -6.432388e-01 7.545575e-02 -1.466620e-01 -1.409844e-03
<VARIANCE> 39
 1.763294e+01 4.420115e+00 7.523672e+00 1.037082e+01 1.226083e+01 3.160639e+01 3.850015e+01 1.928342e+01 4.646205e+01 3.030348e+01 8.158690e+00 9.191660e+00 1.000000e-02 1.594390e-01 4.851404e-01 5.120503e-01 9.741161e-01 1.351415e+00 3.393666e-01 1.854934e+00 1.704877e+00 3.098650e-01 4.601335e+00 4.122072e-01 3.984431e-01 1.000000e-02 1.873532e-02 1.098299e-01 3.524518e-02 1.000000e-02 8.212803e-02 1.922248e-01 3.758085e-01 5.568540e-01 4.623212e-01 7.426884e-02 2.103236e-01 1.907988e-02 1.000000e-02
<GCONST> 5.763757e+01
<STATE> 12
<MEAN> 39
 -2.639179e+00 -1.290201e+01 -1.295002e+01 -2.267703e+01 -5.269669e-02 -1.212986e+01 -5.929343e+00 2.059966e+00 1.186039e+01 1.183441e+01 -5.139335e+00 -2.593479e+00 9.841765e-01 -2.510160e-01 2.810152e-02 9.092594e-03 -6.761827e-02 1.902778e-01 3.034878e-01 8.658544e-01 -5.239825e-02 5.076962e-01 -8.753393e-01 3.522596e-01 -2.093608e-01 3.194708e-04 -7.465771e-02 -3.958718e-02 -1.569374e-01 4.835842e-01 -1.686377e-02 -3.354439e-01 2.674845e-02 1.633624e-01 1.741996e-01 -5.158716e-01 -3.861734e-01 -6.831249e-02 -2.089043e-03
<VARIANCE> 39
 1.059851e+01 2.861392e+00 1.485323e+01 1.255367e+01 5.485090e+00 4.242696e+01 4.887394e+01 9.694586e+00 1.729844e+01 5.171628e+01 4.407654e+00 7.251112e+00 1.000000e-02 2.357992e-01 7.825533e-01 5.939609e-01 3.159370e-01 8.417091e-01 1.013695e+00 1.139383e+00 9.866740e-01 1.229271e+00 2.033308e+00 9.157731e-01 2.570372e-01 1.000000e-02 1.617881e-02 8.826901e-02 9.322162e-02 8.014755e-02 3.990467e-02 9.780316e-02 2.239500e-01 1.008163e-01 2.796161e-01 9.446217e-01 1.253085e-01 1.061329e-01 1.000000e-02
<GCONST> 5.800198e+01
<STATE> 13
<MEAN> 39
 -2.286144e+00 -1.238443e+01 -1.484624e+01 -2.170225e+01 6.566200e-01 -1.473918e+01 -2.309523e+00 1.138197e+00 1.263594e+01 7.793291e+00 -4.054822e+00 -4.760595e+00 9.767957e-01 -2.886426e-01 -4.286447e-01 -2.074924e-01 1.405269e+00 1.252882e-01 -8.839385e-01 1.179092e+00 1.986718e-01 2.177194e-01 -1.676749e+00 -6.500585e-01 -3.163916e-01 -3.201507e-03 2.332733e-02 -2.486580e-01 -3.310328e-02 6.007612e-01 -5.684242e-01 -2.055665e-01 -2.670353e-01 2.082339e-01 -2.649730e-01 -1.948769e-01 -4.345939e-01 2.132337e-01 -3.931463e-04
<VARIANCE> 39
 1.220540e+01 2.377001e+00 1.815521e+01 1.999025e+01 9.135402e+00 5.057675e+01 4.319023e+01 3.896995e+00 1.474439e+01 3.908543e+01 5.959493e+00 1.581731e+01 1.000000e-02 1.724052e-01 4.632969e-01 1.784100e-01 4.621712e-01 4.992417e-01 3.963419e-01 1.053415e+00 8.910456e-01 1.815448e+00 3.327067e+00 7.456300e-01 2.497961e-01 1.000000e-02 3.158973e-02 1.477964e-01 2.214050e-01 5.045857e-02 2.319564e-01 3.338237e-01 2.340541e-01 1.619102e-01 1.671383e-01 1.876098e-01 8.717021e-02 1.287972e-01 1.000000e-02
<GCONST> 5.905513e+01
<STATE> 14
<MEAN> 39
 -3.267360e+00 -1.370452e+01 -1.490508e+01 -1.830060e+01 -1.001576e+00 -1.453059e+01 -2.106595e+00 2.402249e+00 1.223583e+01 3.808083e+00 -7.520775e+00 -3.987006e+00 9.746802e-01 -3.464165e-01 -7.003835e-01 -1.571921e-01 2.206033e+00 -1.490865e+00 -1.000382e+00 9.135694e-01 3.310310e-01 -4.541568e-01 -1.850871e+00 -8.492137e-01 1.750757e-01 -4.179192e-03 -7.672596e-02 1.949985e-02 2.359650e-01 9.275566e-02 -5.209786e-01 -2.984856e-01 5.936755e-02 -1.031753e-01 -3.446560e-01 8.561239e-02 5.235772e-01 1.158152e-01 -3.062746e-04
<VARIANCE> 39
 1.215573e+01 2.085293e+00 1.117568e+01 2.421155e+01 1.359138e+01 4.035644e+01 5.246321e+01 4.621443e+00 1.075591e+01 4.863536e+01 5.387137e+00 1.001192e+01 1.000000e-02 7.836375e-02 3.248079e-01 5.205328e-01 2.411061e-01 1.378383e+00 1.165770e+00 8.144165e-01 1.091438e+00 2.339291e+00 2.508278e+00 5.281367e-01 8.762005e-01 1.000000e-02 5.307322e-02 9.739384e-02 1.606027e-01 1.720996e-01 7.064205e-02 1.197320e-01 3.832666e-01 3.837391e-01 2.978674e-02 2.440611e-01 1.893013e-01 8.613600e-02 1.000000e-02
<GCONST> 5.976634e+01
<STATE> 15
<MEAN> 39
 -2.452123e+00 -1.453974e+01 -1.525508e+01 -1.638268e+01 -1.806993e+00 -1.759219e+01 -3.849782e-01 3.501366e+00 1.047199e+01 5.251551e+00 -7.954987e+00 -4.109405e+00 9.717563e-01 -6.213774e-01 -3.871216e-01 -1.128762e-01 1.946846e+00 -1.730435e+00 -1.170279e+00 -7.784506e-02 6.601375e-01 -4.647976e-01 -2.123266e+00 4.935243e-01 2.629677e-01 -1.576029e-03 -4.769503e-02 5.563697e-02 5.290183e-01 -1.721459e-01 -5.225747e-01 -2.059763e-01 -1.874725e-03 -5.997684e-03 -5.482997e-01 3.481885e-01 7.702363e-01 3.810188e-01 3.563711e-04
<VARIANCE> 39
 1.541335e+01 2.612604e+00 1.054507e+01 1.964155e+01 2.584166e+01 4.396191e+01 3.451247e+01 1.116568e+01 4.711635e+01 6.716491e+01 9.250250e-01 1.013659e+01 1.000000e-02 3.681366e-01 3.138149e-01 1.712083e+00 4.364528e-01 4.191191e-01 7.821851e-01 4.879089e+00 2.333530e+00 1.376945e+00 3.696471e+00 1.409217e+00 5.742841e-01 1.000000e-02 5.829345e-02 9.758910e-02 4.771351e-02 1.715679e-01 3.752883e-01 1.331868e-01 1.926884e-01 2.341513e-01 3.452259e-01 4.604478e-01 1.006922e-01 3.090037e-01 1.000000e-02
<GCONST> 6.908287e+01
<STATE> 16
<MEAN> 39
 -4.045474e+00 -1.535914e+01 -1.516377e+01 -1.213709e+01 -5.327719e+00 -1.900896e+01 5.578905e-02 2.847821e+00 1.132444e+01 -2.299098e+00 -4.977979e+00 -3.530833e+00 9.650857e-01 -3.144906e-01 -2.861031e-01 1.240610e+00 1.171620e+00 -1.895536e+00 -1.632425e+00 1.150990e+00 4.526013e-01 -1.426104e+00 -5.452238e-01 1.775842e+00 7.497084e-01 -1.008490e-03 1.428539e-01 8.010627e-02 5.945388e-01 -4.705931e-01 -2.280466e-01 -1.145282e-01 3.587500e-01 -1.904051e-01 -6.350377e-01 1.114909e+00 3.536315e-01 2.676054e-01 -8.616432e-04
<VARIANCE> 39
 4.617377e+00 2.615949e+00 1.016232e+01 1.773147e+01 2.158153e+01 3.031732e+01 3.003963e+01 9.182458e+00 5.178349e+01 5.782811e+01 1.618190e+01 9.570465e+00 1.000000e-02 3.816411e-01 2.937824e-01 6.517991e-01 7.917924e-01 1.293345e+00 1.086712e+00 2.333005e+00 2.175007e+00 3.383396e-01 2.843162e+00 8.892813e-01 1.391564e+00 1.000000e-02 1.630304e-02 3.394441e-02 7.352825e-02 3.518533e-02 3.748535e-01 1.620734e-01 5.155829e-01 1.766604e-01 7.274289e-01 3.332331e-01 2.664608e-01 5.554982e-02 1.000000e-02
<GCONST> 6.570317e+01
<STATE> 17
<MEAN> 39
 -5.756030e+00 -1.451849e+01 -9.368347e+00 -1.386067e+01 -1.037746e+01 -2.028337e+01 1.135103e+00 2.106652e+00 8.275501e+00 2.472069e+00 -3.097741e+00 -2.368764e+00 9.526746e-01 -7.268383e-02 -3.552177e-01 2.047427e+00 3.026900e-01 -2.204884e+00 -1.466730e+00 1.137791e+00 -2.332272e-01 -1.844420e+00 1.258334e+00 9.968594e-01 1.035836e+00 -9.267366e-03 1.488437e-01 -4.974364e-02 2.297717e-01 -4.581328e-01 6.509712e-02 5.176780e-01 -5.184701e-02 -1.286659e-01 -1.803280e-01 8.358681e-01 -3.921193e-01 2.279022e-01 -3.510116e-03
<VARIANCE> 39
 4.297275e+00 7.457973e-01 2.806480e+01 1.019291e+01 3.034124e+01 1.513954e+01 3.256573e+01 2.161062e+01 4.394551e+01 2.051229e+01 1.090644e+01 3.391156e+00 1.000000e-02 1.378195e-01 2.743874e-01 3.551925e-01 1.799033e+00 1.761009e+00 1.260594e+00 8.192902e-01 9.052743e-01 2.880003e+00 2.024706e+00 1.220572e+00 1.402889e+00 1.000000e-02 6.918982e-02 4.451709e-02 2.540121e-01 5.952068e-02 4.223787e-01 5.482288e-01 4.590454e-01 4.886019e-01 8.384948e-01 1.628000e-01 5.585120e-01 3.536681e-01 1.000000e-02
<GCONST> 7.031458e+01
<STATE> 18
<MEAN> 39
 -3.944057e+00 -1.635288e+01 -9.596281e+00 -1.179414e+01 -1.120267e+01 -2.288106e+01 3.957022e+00 4.270337e+00 3.672508e+00 3.380260e+00 -1.418854e+00 1.171955e+00 9.560184e-01 9.851574e-02 -3.729379e-01 2.042839e+00 -7.239781e-02 -2.602995e+00 -9.934957e-01 1.491331e+00 -8.761496e-01 -2.071661e+00 1.986410e+00 1.035174e+00 1.003141e+00 -8.728867e-03 1.609215e-01 5.949487e-02 1.919334e-01 -5.144380e-01 3.792702e-01 3.880582e-01 -2.438669e-01 -5.125183e-01 2.410306e-01 5.533001e-01 -6.308014e-01 -5.121410e-01 -4.323666e-03
<VARIANCE> 39
 3.881635e+00 2.821743e+00 2.790694e+01 1.245171e+01 4.764338e+00 2.652895e+01 6.731250e+01 2.132857e+01 2.168187e+01 2.301461e+01 1.520736e+01 3.708165e+00 1.000000e-02 1.309128e-01 9.596681e-02 1.158128e+00 9.311456e-01 2.179116e+00 2.544444e+00 1.354285e+00 3.560376e+00 6.086321e+00 8.588243e-01 3.577750e+00 1.341671e+00 1.000000e-02 5.632481e-02 6.155343e-02 3.019076e-01 3.276336e-01 2.245044e-01 3.494329e-01 3.338050e-01 1.665058e-01 2.818839e-01 4.150757e-01 3.242615e-01 1.427713e-01 1.000000e-02
<GCONST> 7.203526e+01
<STATE> 19
<MEAN> 39
 -4.739192e+00 -1.577405e+01 -5.188081e+00 -1.322963e+01 -1.627905e+01 -2.209037e+01 3.427725e+00 1.559192e+00 3.251896e+00 9.126481e+00 -9.583278e-01 5.049486e-01 9.340307e-01 1.822226e-01 -1.656305e-01 2.172014e+00 -8.862301e-01 -1.053598e+00 7.490434e-01 5.974418e-01 -1.087665e+00 -1.770424e+00 2.720448e+00 -1.019592e+00 -3.919122e-01 -2.157922e-02 1.433131e-01 -2.942726e-02 -3.341171e-02 -4.822495e-01 8.130093e-01 5.202998e-01 -4.297313e-01 -1.233995e-01 3.553420e-01 -1.378847e-01 -8.992471e-01 -3.790238e-01 -5.151147e-03
<VARIANCE> 39
 4.361713e+00 1.718547e+00 3.038432e+01 1.700544e+01 7.109863e+00 4.313815e+01 9.633773e+01 2.993078e+01 3.994324e+01 3.149522e+01 2.104637e+01 1.505606e+01 1.000000e-02 3.788602e-01 1.796638e-01 1.552661e+00 2.700121e-01 1.284448e+00 2.277596e+00 4.494426e-01 1.613503e+00 3.470037e+00 1.357410e-01 1.912074e+00 3.435127e+00 1.000000e-02 1.000000e-02 2.851330e-02 8.774504e-02 2.617762e-01 6.256468e-02 5.602624e-01 7.279881e-01 2.442949e-01 7.184586e-01 4.707272e-01 3.617461e-01 1.959055e-01 1.000000e-02
<GCONST> 7.029192e+01
<STATE> 20
<MEAN> 39
 -2.733513e+00 -1.669510e+01 -1.768177e+00 -1.573767e+01 -1.454208e+01 -2.207303e+01 5.818435e+00 -2.657638e+00 4.100119e-01 1.082585e+01 -5.135364e+00 8.604060e-01 8.642997e-01 6.916630e-01 -3.602403e-01 1.870091e+00 -1.470294e+00 2.737396e-01 6.934083e-01 -1.190291e+00 -7.572190e-01 -7.548137e-01 1.117873e+00 -1.753062e+00 -1.142127e-01 -2.725530e-02 1.113953e-01 -4.087301e-02 -1.825911e-01 8.333898e-02 3.449137e-01 3.618391e-01 -4.498775e-01 4.425127e-01 4.524982e-01 -8.241534e-01 -5.127578e-02 5.772616e-02 -4.070497e-03
<VARIANCE> 39
 6.840700e+00 8.040783e-01 3.804744e+01 1.993752e+01 1.239322e+01 5.590043e+01 5.129452e+01 5.676285e+01 1.791765e+01 2.800977e+01 3.411612e+01 1.328757e+01 1.000000e-02 2.226033e-01 1.751674e-01 1.167861e+00 1.592374e+00 9.195905e-01 1.663700e+00 2.737310e+00 1.673444e+00 1.619825e+00 4.152848e+00 1.583733e+00 6.679052e-01 1.000000e-02 7.481243e-02 2.720756e-02 2.503337e-01 2.718050e-01 2.095973e-01 4.144948e-01 3.624443e-01 6.973526e-01 5.216616e-01 2.247997e-01 7.667676e-01 3.227970e-01 1.000000e-02
<GCONST> 7.809261e+01
<STATE> 21
<MEAN> 39
 -2.701376e+00 -1.743229e+01 1.235359e+00 -1.791146e+01 -1.366587e+01 -1.957433e+01 1.321939e+00 -9.131656e-01 9.526077e-01 1.216102e+01 -6.161179e+00 8.888306e-01 8.169546e-01 6.704045e-01 -5.765082e-01 1.399968e+00 -1.929207e-01 -1.320302e-01 1.830001e+00 -5.185252e-01 7.578918e-02 6.188548e-02 -5.296136e-01 -1.029894e+00 5.029982e-01 -3.531943e-02 1.303852e-01 1.450988e-03 -5.702192e-01 6.011717e-01 7.876770e-02 8.728741e-02 7.499932e-02 -1.346345e-01 3.775350e-01 -7.969921e-01 -2.765690e-01 -2.181175e-02 -6.590629e-03
<VARIANCE> 39
 7.235074e+00 6.191207e-01 1.777276e+01 2.836781e+00 6.968745e+00 5.083068e+01 1.704434e+01 3.762358e+01 2.796399e+01 1.890378e+01 1.927792e+01 3.602234e+01 1.305828e-02 2.630365e-01 1.670743e-01 7.991147e-01 4.581191e+00 1.506282e-01 2.985614e-01 2.617246e+00 2.550059e+00 1.784246e+00 7.801336e+00 2.361937e+00 8.162352e-01 1.000000e-02 9.028476e-02 3.507633e-02 6.724051e-02 3.139109e-01 1.849315e-01 8.261664e-01 1.376496e-01 7.614264e-01 3.973883e-01 2.094660e-01 5.200388e-01 7.118051e-01 1.000000e-02
<GCONST> 7.172697e+01
<STATE> 22
<MEAN> 39
 -1.262167e+00 -1.799435e+01 1.478209e+00 -1.750739e+01 -1.693327e+01 -1.706852e+01 1.611294e+00 -1.062616e+00 3.069504e-01 1.141976e+01 -8.321943e+00 1.324544e+00 8.135946e-01 1.197953e+00 -3.379852e-01 5.311846e-01 3.297636e-01 3.895869e-01 1.417358e+00 -6.634967e-01 -2.328607e-02 9.049236e-01 -9.127335e-01 -1.571287e+00 1.923383e-01 -4.252116e-02 8.093436e-02 2.550812e-01 -6.490768e-01 6.980083e-01 3.843186e-01 -2.227924e-01 5.922326e-02 -1.890412e-01 2.271437e-01 -8.797880e-01 3.452010e-01 -2.438773e-01 -7.495007e-03
<VARIANCE> 39
 1.547064e+01 1.657231e+00 1.801040e+01 1.737719e+01 5.077786e+00 5.873943e+01 1.516480e+01 2.651665e+01 1.109175e+01 7.726405e+01 3.472082e+01 2.070658e+01 1.114481e-02 7.453965e-01 4.945279e-01 8.934800e-01 3.555468e+00 3.132520e-01 4.579276e+00 2.984126e+00 4.840972e+00 1.154114e+00 2.318242e+00 1.687243e+00 4.031676e+00 1.000000e-02 5.428554e-02 4.471144e-02 2.982238e-02 4.515934e-01 2.671981e-02 5.223640e-01 1.025068e-01 3.090019e-01 6.372684e-01 9.453158e-01 7.923608e-01 4.666804e-01 1.000000e-02
<GCONST> 7.852264e+01
<STATE> 23
<MEAN> 39
 -5.417151e-01 -1.801063e+01 3.158153e+00 -1.795811e+01 -1.309179e+01 -1.728542e+01 2.129983e+00 -2.226653e+00 -4.398528e-01 1.019262e+01 -1.213363e+01 1.828571e-01 7.472197e-01 8.215204e-01 1.408120e-01 -6.592073e-02 5.075807e-01 8.191237e-01 1.379233e-01 -4.727606e-01 -1.076287e+00 -3.669114e-02 -2.171369e+00 -1.646847e+00 -2.971907e-01 -5.046471e-02 -1.748380e-02 2.295368e-01 -4.760357e-01 4.903712e-01 1.297947e-01 -2.959721e-01 -1.284489e-01 4.254141e-01 -3.043886e-02 -3.035620e-01 7.371843e-01 -2.411827e-01 -2.181188e-03
<VARIANCE> 39
 1.585801e+01 3.288799e+00 1.111158e+01 2.753275e+01 7.658727e+00 3.090476e+01 4.092658e+00 4.489112e+00 2.674918e+01 6.366675e+01 3.011740e+01 6.310314e+00 1.245449e-02 2.301852e-01 5.099050e-01 1.241390e+00 2.783164e+00 2.105822e-01 1.531390e+00 1.347715e+00 3.424751e+00 3.664019e+00 4.092979e-01 5.042763e+00 2.154230e+00 1.000000e-02 7.576038e-02 5.694410e-02 4.304178e-02 3.570178e-01 1.010069e-01 4.970933e-01 3.174418e-01 6.806289e-01 3.303847e-01 1.044833e+00 2.980331e-01 3.078190e-01 1.000000e-02
<GCONST> 7.351202e+01
<STATE> 24
<MEAN> 39
 1.779303e+00 -1.760868e+01 2.923698e-01 -1.197142e+01 -1.246860e+01 -1.532821e+01 -1.327167e+00 -3.793786e+00 4.233090e+00 3.800254e+00 -9.713733e+00 1.594121e-01 5.934611e-01 6.316359e-01 7.872541e-01 -1.087598e+00 1.638276e+00 1.340430e+00 9.544703e-02 -4.583385e-01 -1.630371e-01 -3.044351e-01 -1.293337e+00 1.532911e+00 -1.027617e+00 -4.938370e-02 -1.877277e-01 6.550303e-02 -1.046921e-01 5.710109e-02 6.431630e-02 9.261561e-02 -6.566974e-03 1.213847e-01 -3.165239e-01 5.482017e-02 5.969189e-01 -1.105582e-01 3.143992e-03
<VARIANCE> 39
 1.392671e+01 7.578719e+00 6.542543e+00 4.262405e+01 4.249186e+00 2.590737e+01 1.385261e+01 8.029369e+00 5.249551e+01 3.327055e+01 2.322485e+01 6.430426e+00 1.852909e-02 3.311138e-01 2.388911e-01 6.282411e-01 5.484948e-01 9.487274e-01 1.289268e+00 7.186489e-01 1.767217e+00 1.508908e+00 5.573225e+00 5.354433e+00 6.760751e-01 1.000000e-02 8.917778e-02 1.173837e-01 1.129187e-01 4.573494e-01 2.556599e-01 4.887377e-01 6.307032e-01 4.645361e-01 4.874924e-01 4.136457e-01 5.638292e-01 3.437336e-01 1.000000e-02
<GCONST> 7.683428e+01
<STATE> 25
<MEAN> 39
 3.014330e+00 -1.576334e+01 -2.434798e+00 -1.038638e+01 -8.887502e+00 -1.614752e+01 1.649310e+00 -1.165573e+00 -6.592220e-01 1.872663e+00 -7.350612e+00 -3.495495e+00 5.532714e-01 2.455868e-01 3.602333e-01 -8.337499e-01 1.391293e+00 9.598963e-01 9.330138e-01 -7.858435e-01 2.602462e-02 -3.206882e-01 -1.576167e+00 9.317645e-01 -1.184641e+00 -4.655627e-02 -1.790794e-01 -2.625525e-01 1.801554e-01 1.850953e-01 -4.505736e-01 2.057174e-01 -3.010539e-01 -6.134006e-02 4.609220e-01 2.573887e-01 1.246117e-01 2.666337e-01 4.556034e-03
<VARIANCE> 39
 1.023354e+01 1.656272e+00 2.402674e+01 3.883139e+01 5.217085e+00 3.988886e+01 4.060234e+00 1.017130e+01 5.097688e+01 2.478324e+01 3.155276e+01 9.968495e-01 1.157597e-02 4.342967e-01 3.307290e-01 2.847627e-01 1.265698e+00 1.970427e+00 1.381846e+00 2.961929e+00 1.151046e+00 1.476796e+00 2.508261e+00 1.044569e+00 4.065320e-01 1.000000e-02 5.874708e-02 2.107057e-02 9.309301e-02 4.162067e-01 1.279282e-01 5.971635e-01 2.812102e-01 4.419903e-01 3.354206e-01 5.762073e-01 1.048546e+00 1.988896e-01 1.000000e-02
<GCONST> 6.923242e+01
<STATE> 26
<MEAN> 39
 2.791217e+00 -1.526405e+01 -2.025373e+00 -9.635153e+00 -8.658169e+00 -1.442929e+01 -2.368400e+00 -2.079997e+00 5.044326e-01 3.691312e-02 -7.010019e+00 -3.712288e+00 4.949453e-01 2.191319e-01 -1.839432e-01 -1.406536e-01 2.269631e+00 -8.354098e-02 1.271299e+00 -7.611920e-01 -3.988010e-02 8.493513e-01 -1.831697e+00 1.210482e+00 -3.659007e-01 -3.291517e-02 -1.592627e-01 -8.632881e-02 1.190324e-01 -1.317951e-01 -4.298259e-01 -2.996004e-01 3.214947e-01 1.354018e-01 2.584099e-01 2.309313e-01 -1.140511e-01 3.001424e-01 5.360633e-03
<VARIANCE> 39
 6.776301e+00 4.977172e+00 2.251744e+01 4.031473e+01 3.919112e+01 1.812066e+01 1.695149e+01 2.906638e+00 1.893940e+01 2.945704e+01 6.108454e+01 1.169577e+01 1.402192e-02 3.777690e-01 1.943399e-01 2.344555e-01 3.133047e+00 6.062416e-01 3.442609e+00 2.232472e+00 2.632782e+00 8.930448e-01 1.683410e+00 1.592814e+00 1.850849e+00 1.000000e-02 3.481252e-02 4.024193e-02 1.184292e-01 5.643211e-01 4.930515e-01 4.178459e-01 6.411441e-02 2.405785e-01 1.314482e-01 3.355302e-01 1.121174e+00 1.405089e-01 1.000000e-02
<GCONST> 7.296613e+01
<STATE> 27
<MEAN> 39
 2.570760e+00 -1.726669e+01 -2.130391e+00 -5.607138e+00 -1.025421e+01 -1.332714e+01 -3.435299e+00 -2.239224e+00 3.234795e+00 -1.427524e+00 -4.298722e+00 -1.767110e+00 4.546418e-01 -9.165911e-02 1.142021e-01 -5.086472e-01 9.080384e-01 -7.352030e-01 -4.618382e-01 6.718779e-02 8.029381e-01 6.734303e-01 -4.236253e-01 6.712846e-01 -5.506057e-03 -2.118493e-02 -1.215481e-01 2.713803e-01 -1.322985e-01 -3.832132e-01 1.784677e-01 -2.807524e-01 5.463077e-01 1.942301e-01 -4.275176e-02 4.795474e-01 7.949159e-02 1.505910e-01 2.045508e-03
<VARIANCE> 39
 2.619776e+00 8.860340e+00 1.939430e+01 3.736061e+01 1.012829e+01 2.598303e+00 6.784784e+00 1.968872e+01 2.367621e+01 7.919407e+00 3.873168e+01 1.349622e+01 1.000000e-02 4.350640e-01 6.151487e-01 3.918588e-01 3.433243e+00 1.632562e+00 3.589888e+00 2.637157e+00 2.565633e+00 3.012623e-01 2.404227e+00 3.645645e+00 1.652476e+00 1.000000e-02 4.113824e-02 9.002455e-02 1.464390e-01 4.393136e-01 2.063471e-01 3.277037e-01 5.275531e-01 4.281868e-01 4.774891e-02 2.119680e-01 3.226145e-01 4.029353e-01 1.000000e-02
<GCONST> 7.222457e+01
<STATE> 28
<MEAN> 39
 2.793189e+00 -1.455972e+01 -3.369896e+00 -6.878042e+00 -1.110503e+01 -1.391725e+01 -2.247582e+00 -1.906867e+00 1.006316e+00 -1.676061e+00 -4.289804e+00 -4.960139e+00 4.357421e-01 -3.130736e-01 6.637671e-01 -5.043972e-01 8.127912e-01 4.743315e-01 -2.278765e-01 5.060885e-01 9.439052e-01 5.467271e-01 -4.206542e-01 1.235599e+00 7.173842e-01 -3.225572e-02 -1.737606e-01 7.518719e-02 -8.076714e-02 -3.028801e-01 4.276437e-01 -1.092759e-01 2.053286e-01 1.653103e-01 -9.522688e-02 5.173662e-01 1.889737e-01 5.399001e-01 -9.183955e-04
<VARIANCE> 39
 2.583957e+00 1.753390e+01 1.948595e+01 5.544542e+00 1.689659e+01 1.583371e+01 4.789619e+01 2.432012e+01 1.988882e+01 1.079728e+01 2.943007e+01 1.711234e+01 1.000000e-02 4.569339e-01 5.314773e-01 1.016198e+00 5.293529e+00 5.811022e-01 1.153770e+00 1.007131e+00 8.012638e-01 9.566586e-01 8.291534e-01 2.819933e+00 2.173556e+00 1.000000e-02 1.999790e-02 1.692848e-01 9.835019e-02 1.117234e-01 3.222579e-01 7.904380e-01 6.472780e-01 7.210432e-01 2.880333e-02 2.901850e-01 4.056967e-01 5.236514e-01 1.000000e-02
<GCONST> 7.317049e+01
<STATE> 29
<MEAN> 39
 1.860413e+00 -1.491231e+01 -3.206325e+00 -4.231614e+00 -9.330236e+00 -1.510797e+01 -4.740521e-01 3.678395e-01 4.500217e+00 -1.352813e+00 -1.849419e+00 -1.458990e+00 3.928784e-01 -5.518292e-01 7.151720e-01 -9.221601e-01 1.201220e-01 1.096811e+00 3.891448e-01 6.563671e-01 2.311075e-01 2.330705e-01 6.408104e-01 1.416153e+00 6.777592e-01 -3.560453e-02 2.357112e-02 7.043780e-02 8.569090e-02 -1.784340e-01 2.089722e-01 3.378936e-01 -1.082033e-01 -1.928430e-01 -1.872718e-01 2.766275e-01 1.648187e-01 4.360953e-02 2.813669e-03
<VARIANCE> 39
 1.739287e+00 2.524423e+00 1.801843e+01 3.854726e+00 4.234533e+00 1.725714e+01 1.531618e+01 2.090003e+01 1.814239e+01 5.095833e+00 3.239519e+01 8.776892e+00 1.000000e-02 3.785594e-01 6.192481e-01 1.143897e+00 2.667909e+00 1.300329e+00 8.563427e-01 2.166428e+00 1.750629e+00 8.686139e-02 1.818592e+00 2.438254e+00 2.552783e+00 1.000000e-02 7.343622e-02 1.101849e-01 9.962246e-02 3.305607e-01 1.574025e-01 5.949187e-01 2.374647e-01 2.757685e-01 9.058382e-02 1.238679e-01 5.383841e-01 2.391812e-01 1.000000e-02
<GCONST> 6.504341e+01
<STATE> 30
<MEAN> 39
 3.178536e-01 -1.363452e+01 -5.974569e+00 -7.010911e+00 -7.348265e+00 -1.332636e+01 -4.720410e-01 1.596081e+00 4.710268e+00 1.021800e+00 -1.008861e+00 -5.303561e-01 3.240675e-01 -2.204810e-01 9.154611e-01 -2.740921e-01 1.111541e-01 7.970169e-01 3.471135e-01 3.815833e-01 3.460653e-01 -4.141675e-01 6.681414e-01 1.769350e+00 6.184263e-01 -1.684220e-02 1.865001e-01 -1.067795e-02 3.765553e-01 -1.898081e-01 -1.751278e-01 2.217185e-01 -1.536606e-01 -2.951354e-01 -1.266350e-01 1.110723e-01 -1.826282e-01 -2.612532e-01 1.188329e-02
<VARIANCE> 39
 6.435970e+00 7.512130e+00 1.007322e+01 1.667590e+01 3.360720e+00 3.963129e+00 1.260853e+01 7.356420e+00 1.679500e+01 1.299273e+01 1.052540e+01 1.291096e+01 1.000000e-02 3.244145e-01 6.393513e-01 9.135393e-01 4.824229e-01 8.183697e-01 3.666631e+00 4.572756e-01 1.787715e+00 7.044879e-01 7.131047e-01 1.408501e+00 1.157745e+00 1.000000e-02 1.462737e-01 1.544877e-01 1.252093e-01 4.751808e-01 8.314239e-02 2.851003e-01 3.343046e-01 2.254463e-01 1.755110e-02 6.092270e-01 8.289256e-02 2.105867e-01 1.000000e-02
<GCONST> 6.106043e+01
<STATE> 31
<MEAN> 39
 5.810670e-01 -1.240086e+01 -4.671835e+00 -4.031518e+00 -7.226864e+00 -1.422463e+01 8.138570e-01 1.192983e+00 1.802479e+00 3.134996e-01 3.425207e+00 7.866815e-01 3.162397e-01 3.842898e-01 4.151142e-01 1.171831e-01 -1.406585e-01 5.412682e-01 7.092778e-01 -4.300111e-01 -2.908613e-01 3.823858e-01 1.190639e+00 1.055594e+00 -1.442515e-01 6.287692e-03 -1.612535e-02 -2.679884e-01 4.056478e-02 -1.138891e-01 1.308208e-02 7.528768e-02 -3.128813e-01 -2.268953e-01 1.640685e-01 -1.925963e-01 -5.071437e-01 -4.409187e-01 -9.833543e-05
<VARIANCE> 39
 1.180416e+00 7.349100e+00 5.052179e+00 7.052621e+00 6.603340e+00 5.103089e+00 1.149872e+01 8.321797e+00 1.043930e+01 1.470692e+01 1.431484e+01 6.906971e+00 1.000000e-02 5.365760e-01 6.994714e-01 4.406288e-01 5.656937e-01 3.753684e-01 6.484306e-01 1.555190e+00 8.762700e-01 4.732954e-01 8.722193e-01 7.747732e-01 6.344552e-01 1.000000e-02 8.633315e-02 1.316911e-01 1.012838e-01 1.477961e-01 1.276131e-01 5.015209e-01 8.705077e-02 1.191415e-01 1.987223e-01 2.734891e-01 3.781454e-01 1.614519e-01 1.000000e-02
<GCONST> 5.452943e+01
<STATE> 32
<MEAN> 39
 2.825964e+00 -1.184600e+01 -3.951219e+00 -5.547590e+00 -6.526007e+00 -1.003357e+01 -1.077924e+00 -4.531164e-01 4.912642e+00 3.357323e+00 2.855112e+00 -8.028637e-01 3.801719e-01 -6.368289e-01 -8.054419e-02 8.514629e-02 -1.506240e-01 9.324732e-01 1.164677e+00 -3.579761e-01 -4.315857e-01 1.948980e-01 -6.363142e-02 -1.146894e-01 -5.344748e-01 -3.116234e-02 -6.656012e-01 -1.863652e-01 -2.228363e-02 8.365839e-02 9.549722e-02 -3.304612e-01 -2.226061e-01 -4.467491e-02 1.001393e-01 -2.940573e-01 -2.399109e-01 -1.329965e-01 -2.508995e-02
<VARIANCE> 39
 1.699661e+00 2.552668e+01 4.971509e+00 7.421212e+00 1.100607e+01 7.434595e+00 7.617369e+00 1.316593e+00 1.018911e+01 4.738661e+00 1.166006e+01 4.343618e+00 1.000000e-02 1.019028e+00 4.982003e-01 1.274370e-01 3.117861e-01 7.192346e-01 1.971593e+00 9.749545e-01 9.159070e-01 1.187864e+00 1.853459e+00 1.627592e+00 2.697209e-01 1.000000e-02 6.420037e-02 2.471558e-01 5.978512e-02 7.628416e-02 2.862256e-01 1.862883e-01 1.435675e-01 8.162957e-02 2.448666e-01 2.242071e-01 1.479553e-01 4.205732e-02 1.000000e-02
<GCONST> 5.115695e+01
<STATE> 33
<MEAN> 39
 -1.286384e+00 -1.323433e+01 -5.455196e+00 -6.325509e+00 -5.120666e+00 -1.139356e+01 -1.989833e+00 -8.957275e-01 4.209323e+00 8.637723e-01 2.145044e+00 -2.431131e+00 2.384814e-01 -1.627473e+00 -1.103464e-01 5.047476e-02 5.120488e-01 4.174475e-01 -6.505939e-01 -7.051086e-01 1.266296e-01 8.387254e-01 3.314189e-02 4.750716e-01 -3.571693e-02 -6.750043e-02 -1.605505e-01 2.717808e-01 1.202261e-01 1.722034e-01 -5.831738e-02 -2.564091e-01 3.162857e-01 2.213558e-01 -1.263454e-01 -7.802683e-03 1.868386e-01 2.853350e-01 -9.837275e-03
<VARIANCE> 39
 9.723396e+00 5.580672e+00 3.906996e+00 4.114501e+00 6.898076e+00 2.290739e+01 2.946347e+00 1.685672e+01 1.377351e+01 1.215311e+01 6.037706e+00 6.795910e+00 1.497647e-02 6.744828e-01 1.010208e+00 4.276801e-01 7.593395e-01 1.629429e+00 8.221363e-01 4.433386e-01 6.399584e-01 2.215076e+00 8.003429e-01 2.579095e-01 3.878650e-01 1.000000e-02 2.413840e-01 9.234582e-02 5.571070e-02 4.167495e-02 1.311814e-01 4.867848e-01 9.531269e-02 2.771665e-01 3.659841e-01 3.777035e-01 1.797664e-01 5.136564e-02 1.000000e-02
<GCONST> 5.571647e+01
<STATE> 34
<MEAN> 39
 -2.896133e+00 -1.179136e+01 -4.067852e+00 -4.422523e+00 -2.733621e+00 -9.833184e+00 -2.085833e+00 -4.878718e-01 4.561874e+00 1.449334e+00 3.929767e+00 -7.520077e-01 1.454551e-01 -1.478314e+00 4.599236e-01 1.859040e-01 3.345843e-01 6.647596e-01 8.179588e-03 1.749831e-01 -1.451361e-01 -1.205394e-02 1.559267e-01 9.754899e-01 6.764442e-02 -7.228678e-02 1.190057e-01 5.820569e-02 1.470035e-01 1.131169e-01 -1.151584e-01 2.436460e-01 4.613842e-01 1.908099e-01 7.885524e-02 4.312583e-03 -5.941852e-02 2.165081e-01 5.287935e-03
<VARIANCE> 39
 5.011980e+00 2.275054e+00 6.583140e-01 9.774835e+00 6.523974e+00 4.811763e+00 3.598172e+00 8.824683e+00 1.735299e+01 7.904265e+00 4.074402e+00 1.016892e+01 1.000000e-02 5.821208e-01 2.557228e-01 4.610772e-01 5.751122e-01 1.104072e+00 1.382601e+00 6.738378e-01 1.331847e+00 1.396428e+00 1.243063e+00 9.373977e-01 4.061592e-01 1.000000e-02 1.093843e-01 7.322431e-02 1.680033e-02 6.222593e-02 1.951074e-01 2.408540e-01 1.307629e-02 1.969445e-01 5.798334e-01 1.900253e-01 1.309925e-01 6.639393e-02 1.000000e-02
<GCONST> 4.671510e+01
<STATE> 35
<MEAN> 39
 -4.307405e+00 -1.155467e+01 -4.163509e+00 -3.841683e+00 -3.445843e+00 -1.404088e+01 -4.160767e+00 -6.452382e-01 5.340139e+00 2.764623e+00 4.857339e+00 -2.138156e+00 7.138795e-02 -8.701227e-01 3.369584e-01 4.874828e-01 4.483084e-01 7.935860e-01 8.772259e-01 8.685367e-01 -4.108692e-02 -1.507574e-01 -2.816901e-01 -8.537851e-02 3.592122e-01 -4.482149e-02 1.863133e-01 -1.136365e-01 -1.343555e-01 -9.540287e-02 -8.786321e-02 4.359701e-01 3.813521e-01 1.193827e-01 1.749566e-02 -1.072444e-01 -2.263377e-01 3.166279e-02 1.081194e-02
<VARIANCE> 39
 3.774395e+00 8.652942e+00 9.504400e-01 1.291853e+01 5.068431e+00 9.789293e+00 4.888836e+00 1.566261e+01 5.990633e+00 6.681665e+00 1.021780e+01 9.293124e+00 1.000000e-02 2.544692e-01 1.834675e-01 1.965710e-01 8.012068e-02 8.507094e-01 1.934784e+00 6.983689e-01 9.297615e-01 3.162451e+00 1.041636e+00 1.039219e+00 4.038876e-01 1.000000e-02 8.970714e-02 3.493277e-02 7.170533e-02 1.223533e-01 1.852594e-01 2.042875e-01 8.851681e-02 2.636111e-01 1.698271e-01 9.852400e-02 1.035968e-01 1.739736e-01 1.000000e-02
<GCONST> 4.787624e+01
<STATE> 36
<MEAN> 39
 -5.661884e+00 -1.087805e+01 -2.899000e+00 -4.674964e+00 -3.024326e+00 -7.596584e+00 2.415095e+00 -1.092610e+00 3.437096e+00 4.431524e-01 3.740074e+00 -3.218597e-01 -2.490191e-03 -8.599195e-01 1.374160e-01 6.885343e-02 3.027244e-01 4.653811e-01 1.274910e+00 1.303191e+00 1.058554e+00 7.930074e-01 -1.340065e-01 -6.987170e-02 3.863622e-01 -2.980094e-02 2.366492e-01 -1.515438e-01 -1.909655e-01 6.697357e-03 -2.901644e-01 -2.383843e-01 -1.750540e-01 1.701506e-01 1.077302e-01 5.941052e-02 -8.356293e-02 -1.205012e-01 1.311813e-02
<VARIANCE> 39
 1.279411e+00 3.497520e+00 5.533856e-01 9.163200e+00 3.351630e+00 6.219687e+00 9.273542e+00 1.689761e+00 7.247838e+00 5.669398e+00 1.753433e+01 4.249349e+00 1.000000e-02 1.094629e-01 4.112101e-01 1.864905e-02 3.119108e-01 4.335801e-01 9.927500e-01 3.283414e-01 8.900569e-01 1.243364e+00 1.113225e+00 1.607482e-01 9.532921e-01 1.000000e-02 4.521396e-02 3.528916e-02 5.684119e-02 6.270099e-02 1.985925e-01 3.462233e-01 1.250289e-01 4.615828e-02 2.120705e-01 1.020661e-01 4.089745e-01 5.217949e-02 1.000000e-02
<GCONST> 3.533805e+01
<TRANSP> 37
 0.000000e+00 1.000000e+00 0.000000e+00 0.000000e+00 0.000000e+00 0.000000e+00 0.000000e+00 0.000000e+00 0.000000e+00 0.000000e+00 0.000000e+00 0.000000e+00 0.000000e+00 0.000000e+00 0.000000e+00 0.000000e+00 0.000000e+00 0.000000e+00 0.000000e+00 0.000000e+00 0.000000e+00 0.000000e+00 0.000000e+00 0.000000e+00 0.000000e+00 0.000000e+00 0.000000e+00 0.000000e+00 0.000000e+00 0.000000e+00 0.000000e+00 0.000000e+00 0.000000e+00 0.000000e+00 0.000000e+00 0.000000e+00 0.000000e+00
 0.000000e+00 5.000000e-01 5.000000e-01 0.000000e+00 0.000000e+00 0.000000e+00 0.000000e+00 0.000000e+00 0.000000e+00 0.000000e+00 0.000000e+00 0.000000e+00 0.000000e+00 0.000000e+00 0.000000e+00 0.000000e+00 0.000000e+00 0.000000e+00 0.000000e+00 0.000000e+00 0.000000e+00 0.000000e+00 0.000000e+00 0.000000e+00 0.000000e+00 0.000000e+00 0.000000e+00 0.000000e+00 0.000000e+00 0.000000e+00 0.000000e+00 0.000000e+00 0.000000e+00 0.000000e+00 0.000000e+00 0.000000e+00 0.000000e+00
 0.000000e+00 0.000000e+00 2.857143e-01 7.142857e-01 0.000000e+00 0.000000e+00 0.000000e+00 0.000000e+00 0.000000e+00 0.000000e+00 0.000000e+00 0.000000e+00 0.000000e+00 0.000000e+00 0.000000e+00 0.000000e+00 0.000000e+00 0.000000e+00 0.000000e+00 0.000000e+00 0.000000e+00 0.000000e+00 0.000000e+00 0.000000e+00 0.000000e+00 0.000000e+00 0.000000e+00 0.000000e+00 0.000000e+00 0.000000e+00 0.000000e+00 0.000000e+00 0.000000e+00 0.000000e+00 0.000000e+00 0.000000e+00 0.000000e+00
 0.000000e+00 0.000000e+00 0.000000e+00 2.857143e-01 7.142857e-01 0.000000e+00 0.000000e+00 0.000000e+00 0.000000e+00 0.000000e+00 0.000000e+00 0.000000e+00 0.000000e+00 0.000000e+00 0.000000e+00 0.000000e+00 0.000000e+00 0.000000e+00 0.000000e+00 0.000000e+00 0.000000e+00 0.000000e+00 0.000000e+00 0.000000e+00 0.000000e+00 0.000000e+00 0.000000e+00 0.000000e+00 0.000000e+00 0.000000e+00 0.000000e+00 0.000000e+00 0.000000e+00 0.000000e+00 0.000000e+00 0.000000e+00 0.000000e+00
 0.000000e+00 0.000000e+00 0.000000e+00 0.000000e+00 3.750000e-01 6.250000e-01 0.000000e+00 0.000000e+00 0.000000e+00 0.000000e+00 0.000000e+00 0.000000e+00 0.000000e+00 0.000000e+00 0.000000e+00 0.000000e+00 0.000000e+00 0.000000e+00 0.000000e+00 0.000000e+00 0.000000e+00 0.000000e+00 0.000000e+00 0.000000e+00 0.000000e+00 0.000000e+00 0.000000e+00 0.000000e+00 0.000000e+00 0.000000e+00 0.000000e+00 0.000000e+00 0.000000e+00 0.000000e+00 0.000000e+00 0.000000e+00 0.000000e+00
 0.000000e+00 0.000000e+00 0.000000e+00 0.000000e+00 0.000000e+00 1.666667e-01 8.333333e-01 0.000000e+00 0.000000e+00 0.000000e+00 0.000000e+00 0.000000e+00 0.000000e+00 0.000000e+00 0.000000e+00 0.000000e+00 0.000000e+00 0.000000e+00 0.000000e+00 0.000000e+00 0.000000e+00 0.000000e+00 0.000000e+00 0.000000e+00 0.000000e+00 0.000000e+00 0.000000e+00 0.000000e+00 0.000000e+00 0.000000e+00 0.000000e+00 0.000000e+00 0.000000e+00 0.000000e+00 0.000000e+00 0.000000e+00 0.000000e+00
 0.000000e+00 0.000000e+00 0.000000e+00 0.000000e+00 0.000000e+00 0.000000e+00 3.750000e-01 6.250000e-01 0.000000e+00 0.000000e+00 0.000000e+00 0.000000e+00 0.000000e+00 0.000000e+00 0.000000e+00 0.000000e+00 0.000000e+00 0.000000e+00 0.000000e+00 0.000000e+00 0.000000e+00 0.000000e+00 0.000000e+00 0.000000e+00 0.000000e+00 0.000000e+00 0.000000e+00 0.000000e+00 0.000000e+00 0.000000e+00 0.000000e+00 0.000000e+00 0.000000e+00 0.000000e+00 0.000000e+00 0.000000e+00 0.000000e+00
 0.000000e+00 0.000000e+00 0.000000e+00 0.000000e+00 0.000000e+00 0.000000e+00 0.000000e+00 2.857143e-01 7.142857e-01 0.000000e+00 0.000000e+00 0.000000e+00 0.000000e+00 0.000000e+00 0.000000e+00 0.000000e+00 0.000000e+00 0.000000e+00 0.000000e+00 0.000000e+00 0.000000e+00 0.000000e+00 0.000000e+00 0.000000e+00 0.000000e+00 0.000000e+00 0.000000e+00 0.000000e+00 0.000000e+00 0.000000e+00 0.000000e+00 0.000000e+00 0.000000e+00 0.000000e+00 0.000000e+00 0.000000e+00 0.000000e+00
 0.000000e+00 0.000000e+00 0.000000e+00 0.000000e+00 0.000000e+00 0.000000e+00 0.000000e+00 0.000000e+00 3.750000e-01 6.250000e-01 0.000000e+00 0.000000e+00 0.000000e+00 0.000000e+00 0.000000e+00 0.000000e+00 0.000000e+00 0.000000e+00 0.000000e+00 0.000000e+00 0.000000e+00 0.000000e+00 0.000000e+00 0.000000e+00 0.000000e+00 0.000000e+00 0.000000e+00 0.000000e+00 0.000000e+00 0.000000e+00 0.000000e+00 0.000000e+00 0.000000e+00 0.000000e+00 0.000000e+00 0.000000e+00 0.000000e+00
 0.000000e+00 0.000000e+00 0.000000e+00 0.000000e+00 0.000000e+00 0.000000e+00 0.000000e+00 0.000000e+00 0.000000e+00 1.666667e-01 8.333333e-01 0.000000e+00 0.000000e+00 0.000000e+00 0.000000e+00 0.000000e+00 0.000000e+00 0.000000e+00 0.000000e+00 0.000000e+00 0.000000e+00 0.000000e+00 0.000000e+00 0.000000e+00 0.000000e+00 0.000000e+00 0.000000e+00 0.000000e+00 0.000000e+00 0.000000e+00 0.000000e+00 0.000000e+00 0.000000e+00 0.000000e+00 0.000000e+00 0.000000e+00 0.000000e+00
 0.000000e+00 0.000000e+00 0.000000e+00 0.000000e+00 0.000000e+00 0.000000e+00 0.000000e+00 0.000000e+00 0.000000e+00 0.000000e+00 2.857143e-01 7.142857e-01 0.000000e+00 0.000000e+00 0.000000e+00 0.000000e+00 0.000000e+00 0.000000e+00 0.000000e+00 0.000000e+00 0.000000e+00 0.000000e+00 0.000000e+00 0.000000e+00 0.000000e+00 0.000000e+00 0.000000e+00 0.000000e+00 0.000000e+00 0.000000e+00 0.000000e+00 0.000000e+00 0.000000e+00 0.000000e+00 0.000000e+00 0.000000e+00 0.000000e+00
 0.000000e+00 0.000000e+00 0.000000e+00 0.000000e+00 0.000000e+00 0.000000e+00 0.000000e+00 0.000000e+00 0.000000e+00 0.000000e+00 0.000000e+00 5.000000e-01 5.000000e-01 0.000000e+00 0.000000e+00 0.000000e+00 0.000000e+00 0.000000e+00 0.000000e+00 0.000000e+00 0.000000e+00 0.000000e+00 0.000000e+00 0.000000e+00 0.000000e+00 0.000000e+00 0.000000e+00 0.000000e+00 0.000000e+00 0.000000e+00 0.000000e+00 0.000000e+00 0.000000e+00 0.000000e+00 0.000000e+00 0.000000e+00 0.000000e+00
 0.000000e+00 0.000000e+00 0.000000e+00 0.000000e+00 0.000000e+00 0.000000e+00 0.000000e+00 0.000000e+00 0.000000e+00 0.000000e+00 0.000000e+00 0.000000e+00 1.666667e-01 8.333333e-01 0.000000e+00 0.000000e+00 0.000000e+00 0.000000e+00 0.000000e+00 0.000000e+00 0.000000e+00 0.000000e+00 0.000000e+00 0.000000e+00 0.000000e+00 0.000000e+00 0.000000e+00 0.000000e+00 0.000000e+00 0.000000e+00 0.000000e+00 0.000000e+00 0.000000e+00 0.000000e+00 0.000000e+00 0.000000e+00 0.000000e+00
 0.000000e+00 0.000000e+00 0.000000e+00 0.000000e+00 0.000000e+00 0.000000e+00 0.000000e+00 0.000000e+00 0.000000e+00 0.000000e+00 0.000000e+00 0.000000e+00 0.000000e+00 3.750000e-01 6.250000e-01 0.000000e+00 0.000000e+00 0.000000e+00 0.000000e+00 0.000000e+00 0.000000e+00 0.000000e+00 0.000000e+00 0.000000e+00 0.000000e+00 0.000000e+00 0.000000e+00 0.000000e+00 0.000000e+00 0.000000e+00 0.000000e+00 0.000000e+00 0.000000e+00 0.000000e+00 0.000000e+00 0.000000e+00 0.000000e+00
 0.000000e+00 0.000000e+00 0.000000e+00 0.000000e+00 0.000000e+00 0.000000e+00 0.000000e+00 0.000000e+00 0.000000e+00 0.000000e+00 0.000000e+00 0.000000e+00 0.000000e+00 0.000000e+00 1.666667e-01 8.333333e-01 0.000000e+00 0.000000e+00 0.000000e+00 0.000000e+00 0.000000e+00 0.000000e+00 0.000000e+00 0.000000e+00 0.000000e+00 0.000000e+00 0.000000e+00 0.000000e+00 0.000000e+00 0.000000e+00 0.000000e+00 0.000000e+00 0.000000e+00 0.000000e+00 0.000000e+00 0.000000e+00 0.000000e+00
 0.000000e+00 0.000000e+00 0.000000e+00 0.000000e+00 0.000000e+00 0.000000e+00 0.000000e+00 0.000000e+00 0.000000e+00 0.000000e+00 0.000000e+00 0.000000e+00 0.000000e+00 0.000000e+00 0.000000e+00 1.666667e-01 8.333333e-01 0.000000e+00 0.000000e+00 0.000000e+00 0.000000e+00 0.000000e+00 0.000000e+00 0.000000e+00 0.000000e+00 0.000000e+00 0.000000e+00 0.000000e+00 0.000000e+00 0.000000e+00 0.000000e+00 0.000000e+00 0.000000e+00 0.000000e+00 0.000000e+00 0.000000e+00 0.000000e+00
 0.000000e+00 0.000000e+00 0.000000e+00 0.000000e+00 0.000000e+00 0.000000e+00 0.000000e+00 0.000000e+00 0.000000e+00 0.000000e+00 0.000000e+00 0.000000e+00 0.000000e+00 0.000000e+00 0.000000e+00 0.000000e+00 3.750000e-01 6.250000e-01 0.000000e+00 0.000000e+00 0.000000e+00 0.000000e+00 0.000000e+00 0.000000e+00 0.000000e+00 0.000000e+00 0.000000e+00 0.000000e+00 0.000000e+00 0.000000e+00 0.000000e+00 0.000000e+00 0.000000e+00 0.000000e+00 0.000000e+00 0.000000e+00 0.000000e+00
 0.000000e+00 0.000000e+00 0.000000e+00 0.000000e+00 0.000000e+00 0.000000e+00 0.000000e+00 0.000000e+00 0.000000e+00 0.000000e+00 0.000000e+00 0.000000e+00 0.000000e+00 0.000000e+00 0.000000e+00 0.000000e+00 0.000000e+00 3.750000e-01 6.250000e-01 0.000000e+00 0.000000e+00 0.000000e+00 0.000000e+00 0.000000e+00 0.000000e+00 0.000000e+00 0.000000e+00 0.000000e+00 0.000000e+00 0.000000e+00 0.000000e+00 0.000000e+00 0.000000e+00 0.000000e+00 0.000000e+00 0.000000e+00 0.000000e+00
 0.000000e+00 0.000000e+00 0.000000e+00 0.000000e+00 0.000000e+00 0.000000e+00 0.000000e+00 0.000000e+00 0.000000e+00 0.000000e+00 0.000000e+00 0.000000e+00 0.000000e+00 0.000000e+00 0.000000e+00 0.000000e+00 0.000000e+00 0.000000e+00 1.666667e-01 8.333333e-01 0.000000e+00 0.000000e+00 0.000000e+00 0.000000e+00 0.000000e+00 0.000000e+00 0.000000e+00 0.000000e+00 0.000000e+00 0.000000e+00 0.000000e+00 0.000000e+00 0.000000e+00 0.000000e+00 0.000000e+00 0.000000e+00 0.000000e+00
 0.000000e+00 0.000000e+00 0.000000e+00 0.000000e+00 0.000000e+00 0.000000e+00 0.000000e+00 0.000000e+00 0.000000e+00 0.000000e+00 0.000000e+00 0.000000e+00 0.000000e+00 0.000000e+00 0.000000e+00 0.000000e+00 0.000000e+00 0.000000e+00 0.000000e+00 4.444444e-01 5.555556e-01 0.000000e+00 0.000000e+00 0.000000e+00 0.000000e+00 0.000000e+00 0.000000e+00 0.000000e+00 0.000000e+00 0.000000e+00 0.000000e+00 0.000000e+00 0.000000e+00 0.000000e+00 0.000000e+00 0.000000e+00 0.000000e+00
 0.000000e+00 0.000000e+00 0.000000e+00 0.000000e+00 0.000000e+00 0.000000e+00 0.000000e+00 0.000000e+00 0.000000e+00 0.000000e+00 0.000000e+00 0.000000e+00 0.000000e+00 0.000000e+00 0.000000e+00 0.000000e+00 0.000000e+00 0.000000e+00 0.000000e+00 0.000000e+00 1.666667e-01 8.333333e-01 0.000000e+00 0.000000e+00 0.000000e+00 0.000000e+00 0.000000e+00 0.000000e+00 0.000000e+00 0.000000e+00 0.000000e+00 0.000000e+00 0.000000e+00 0.000000e+00 0.000000e+00 0.000000e+00 0.000000e+00
 0.000000e+00 0.000000e+00 0.000000e+00 0.000000e+00 0.000000e+00 0.000000e+00 0.000000e+00 0.000000e+00 0.000000e+00 0.000000e+00 0.000000e+00 0.000000e+00 0.000000e+00 0.000000e+00 0.000000e+00 0.000000e+00 0.000000e+00 0.000000e+00 0.000000e+00 0.000000e+00 0.000000e+00 2.857143e-01 7.142857e-01 0.000000e+00 0.000000e+00 0.000000e+00 0.000000e+00 0.000000e+00 0.000000e+00 0.000000e+00 0.000000e+00 0.000000e+00 0.000000e+00 0.000000e+00 0.000000e+00 0.000000e+00 0.000000e+00
 0.000000e+00 0.000000e+00 0.000000e+00 0.000000e+00 0.000000e+00 0.000000e+00 0.000000e+00 0.000000e+00 0.000000e+00 0.000000e+00 0.000000e+00 0.000000e+00 0.000000e+00 0.000000e+00 0.000000e+00 0.000000e+00 0.000000e+00 0.000000e+00 0.000000e+00 0.000000e+00 0.000000e+00 0.000000e+00 3.750000e-01 6.250000e-01 0.000000e+00 0.000000e+00 0.000000e+00 0.000000e+00 0.000000e+00 0.000000e+00 0.000000e+00 0.000000e+00 0.000000e+00 0.000000e+00 0.000000e+00 0.000000e+00 0.000000e+00
 0.000000e+00 0.000000e+00 0.000000e+00 0.000000e+00 0.000000e+00 0.000000e+00 0.000000e+00 0.000000e+00 0.000000e+00 0.000000e+00 0.000000e+00 0.000000e+00 0.000000e+00 0.000000e+00 0.000000e+00 0.000000e+00 0.000000e+00 0.000000e+00 0.000000e+00 0.000000e+00 0.000000e+00 0.000000e+00 0.000000e+00 4.444444e-01 5.555556e-01 0.000000e+00 0.000000e+00 0.000000e+00 0.000000e+00 0.000000e+00 0.000000e+00 0.000000e+00 0.000000e+00 0.000000e+00 0.000000e+00 0.000000e+00 0.000000e+00
 0.000000e+00 0.000000e+00 0.000000e+00 0.000000e+00 0.000000e+00 0.000000e+00 0.000000e+00 0.000000e+00 0.000000e+00 0.000000e+00 0.000000e+00 0.000000e+00 0.000000e+00 0.000000e+00 0.000000e+00 0.000000e+00 0.000000e+00 0.000000e+00 0.000000e+00 0.000000e+00 0.000000e+00 0.000000e+00 0.000000e+00 0.000000e+00 1.666667e-01 8.333333e-01 0.000000e+00 0.000000e+00 0.000000e+00 0.000000e+00 0.000000e+00 0.000000e+00 0.000000e+00 0.000000e+00 0.000000e+00 0.000000e+00 0.000000e+00
 0.000000e+00 0.000000e+00 0.000000e+00 0.000000e+00 0.000000e+00 0.000000e+00 0.000000e+00 0.000000e+00 0.000000e+00 0.000000e+00 0.000000e+00 0.000000e+00 0.000000e+00 0.000000e+00 0.000000e+00 0.000000e+00 0.000000e+00 0.000000e+00 0.000000e+00 0.000000e+00 0.000000e+00 0.000000e+00 0.000000e+00 0.000000e+00 0.000000e+00 2.857143e-01 7.142857e-01 0.000000e+00 0.000000e+00 0.000000e+00 0.000000e+00 0.000000e+00 0.000000e+00 0.000000e+00 0.000000e+00 0.000000e+00 0.000000e+00
 0.000000e+00 0.000000e+00 0.000000e+00 0.000000e+00 0.000000e+00 0.000000e+00 0.000000e+00 0.000000e+00 0.000000e+00 0.000000e+00 0.000000e+00 0.000000e+00 0.000000e+00 0.000000e+00 0.000000e+00 0.000000e+00 0.000000e+00 0.000000e+00 0.000000e+00 0.000000e+00 0.000000e+00 0.000000e+00 0.000000e+00 0.000000e+00 0.000000e+00 0.000000e+00 3.750000e-01 6.250000e-01 0.000000e+00 0.000000e+00 0.000000e+00 0.000000e+00 0.000000e+00 0.000000e+00 0.000000e+00 0.000000e+00 0.000000e+00
 0.000000e+00 0.000000e+00 0.000000e+00 0.000000e+00 0.000000e+00 0.000000e+00 0.000000e+00 0.000000e+00 0.000000e+00 0.000000e+00 0.000000e+00 0.000000e+00 0.000000e+00 0.000000e+00 0.000000e+00 0.000000e+00 0.000000e+00 0.000000e+00 0.000000e+00 0.000000e+00 0.000000e+00 0.000000e+00 0.000000e+00 0.000000e+00 0.000000e+00 0.000000e+00 0.000000e+00 1.666667e-01 8.333333e-01 0.000000e+00 0.000000e+00 0.000000e+00 0.000000e+00 0.000000e+00 0.000000e+00 0.000000e+00 0.000000e+00
 0.000000e+00 0.000000e+00 0.000000e+00 0.000000e+00 0.000000e+00 0.000000e+00 0.000000e+00 0.000000e+00 0.000000e+00 0.000000e+00 0.000000e+00 0.000000e+00 0.000000e+00 0.000000e+00 0.000000e+00 0.000000e+00 0.000000e+00 0.000000e+00 0.000000e+00 0.000000e+00 0.000000e+00 0.000000e+00 0.000000e+00 0.000000e+00 0.000000e+00 0.000000e+00 0.000000e+00 0.000000e+00 3.750000e-01 6.250000e-01 0.000000e+00 0.000000e+00 0.000000e+00 0.000000e+00 0.000000e+00 0.000000e+00 0.000000e+00
 0.000000e+00 0.000000e+00 0.000000e+00 0.000000e+00 0.000000e+00 0.000000e+00 0.000000e+00 0.000000e+00 0.000000e+00 0.000000e+00 0.000000e+00 0.000000e+00 0.000000e+00 0.000000e+00 0.000000e+00 0.000000e+00 0.000000e+00 0.000000e+00 0.000000e+00 0.000000e+00 0.000000e+00 0.000000e+00 0.000000e+00 0.000000e+00 0.000000e+00 0.000000e+00 0.000000e+00 0.000000e+00 0.000000e+00 2.857143e-01 7.142857e-01 0.000000e+00 0.000000e+00 0.000000e+00 0.000000e+00 0.000000e+00 0.000000e+00
 0.000000e+00 0.000000e+00 0.000000e+00 0.000000e+00 0.000000e+00 0.000000e+00 0.000000e+00 0.000000e+00 0.000000e+00 0.000000e+00 0.000000e+00 0.000000e+00 0.000000e+00 0.000000e+00 0.000000e+00 0.000000e+00 0.000000e+00 0.000000e+00 0.000000e+00 0.000000e+00 0.000000e+00 0.000000e+00 0.000000e+00 0.000000e+00 0.000000e+00 0.000000e+00 0.000000e+00 0.000000e+00 0.000000e+00 0.000000e+00 2.857143e-01 7.142857e-01 0.000000e+00 0.000000e+00 0.000000e+00 0.000000e+00 0.000000e+00
 0.000000e+00 0.000000e+00 0.000000e+00 0.000000e+00 0.000000e+00 0.000000e+00 0.000000e+00 0.000000e+00 0.000000e+00 0.000000e+00 0.000000e+00 0.000000e+00 0.000000e+00 0.000000e+00 0.000000e+00 0.000000e+00 0.000000e+00 0.000000e+00 0.000000e+00 0.000000e+00 0.000000e+00 0.000000e+00 0.000000e+00 0.000000e+00 0.000000e+00 0.000000e+00 0.000000e+00 0.000000e+00 0.000000e+00 0.000000e+00 0.000000e+00 3.750000e-01 6.250000e-01 0.000000e+00 0.000000e+00 0.000000e+00 0.000000e+00
 0.000000e+00 0.000000e+00 0.000000e+00 0.000000e+00 0.000000e+00 0.000000e+00 0.000000e+00 0.000000e+00 0.000000e+00 0.000000e+00 0.000000e+00 0.000000e+00 0.000000e+00 0.000000e+00 0.000000e+00 0.000000e+00 0.000000e+00 0.000000e+00 0.000000e+00 0.000000e+00 0.000000e+00 0.000000e+00 0.000000e+00 0.000000e+00 0.000000e+00 0.000000e+00 0.000000e+00 0.000000e+00 0.000000e+00 0.000000e+00 0.000000e+00 0.000000e+00 2.857143e-01 7.142857e-01 0.000000e+00 0.000000e+00 0.000000e+00
 0.000000e+00 0.000000e+00 0.000000e+00 0.000000e+00 0.000000e+00 0.000000e+00 0.000000e+00 0.000000e+00 0.000000e+00 0.000000e+00 0.000000e+00 0.000000e+00 0.000000e+00 0.000000e+00 0.000000e+00 0.000000e+00 0.000000e+00 0.000000e+00 0.000000e+00 0.000000e+00 0.000000e+00 0.000000e+00 0.000000e+00 0.000000e+00 0.000000e+00 0.000000e+00 0.000000e+00 0.000000e+00 0.000000e+00 0.000000e+00 0.000000e+00 0.000000e+00 0.000000e+00 2.857143e-01 7.142857e-01 0.000000e+00 0.000000e+00
 0.000000e+00 0.000000e+00 0.000000e+00 0.000000e+00 0.000000e+00 0.000000e+00 0.000000e+00 0.000000e+00 0.000000e+00 0.000000e+00 0.000000e+00 0.000000e+00 0.000000e+00 0.000000e+00 0.000000e+00 0.000000e+00 0.000000e+00 0.000000e+00 0.000000e+00 0.000000e+00 0.000000e+00 0.000000e+00 0.000000e+00 0.000000e+00 0.000000e+00 0.000000e+00 0.000000e+00 0.000000e+00 0.000000e+00 0.000000e+00 0.000000e+00 0.000000e+00 0.000000e+00 0.000000e+00 2.857143e-01 7.142857e-01 0.000000e+00
 0.000000e+00 0.000000e+00 0.000000e+00 0.000000e+00 0.000000e+00 0.000000e+00 0.000000e+00 0.000000e+00 0.000000e+00 0.000000e+00 0.000000e+00 0.000000e+00 0.000000e+00 0.000000e+00 0.000000e+00 0.000000e+00 0.000000e+00 0.000000e+00 0.000000e+00 0.000000e+00 0.000000e+00 0.000000e+00 0.000000e+00 0.000000e+00 0.000000e+00 0.000000e+00 0.000000e+00 0.000000e+00 0.000000e+00 0.000000e+00 0.000000e+00 0.000000e+00 0.000000e+00 0.000000e+00 0.000000e+00 0.000000e+00 1.000000e+00
 0.000000e+00 0.000000e+00 0.000000e+00 0.000000e+00 0.000000e+00 0.000000e+00 0.000000e+00 0.000000e+00 0.000000e+00 0.000000e+00 0.000000e+00 0.000000e+00 0.000000e+00 0.000000e+00 0.000000e+00 0.000000e+00 0.000000e+00 0.000000e+00 0.000000e+00 0.000000e+00 0.000000e+00 0.000000e+00 0.000000e+00 0.000000e+00 0.000000e+00 0.000000e+00 0.000000e+00 0.000000e+00 0.000000e+00 0.000000e+00 0.000000e+00 0.000000e+00 0.000000e+00 0.000000e+00 0.000000e+00 0.000000e+00 0.000000e+00
<ENDHMM>
