~o
<STREAMINFO> 1 39
<VECSIZE> 39<NULLD><MFCC_E_D_A><DIAGC>
~h "Vao"
<BEGINHMM>
<NUMSTATES> 25
<STATE> 2
<MEAN> 39
 -3.499130e+00 -7.192170e+00 -2.542198e-01 -2.493575e+00 5.492707e-01 -5.501931e+00 2.155415e+00 -1.402866e+00 6.847318e-02 -2.300848e+00 2.085285e+00 -3.181880e+00 5.568535e-02 9.357465e-01 2.338488e-01 -1.287477e+00 -1.051023e+00 -9.841906e-01 -6.335578e-01 -3.126442e-01 -2.303945e-01 -8.270276e-01 -3.841497e-01 -9.252434e-01 -1.261481e+00 2.670771e-02 2.379875e-01 -7.864790e-02 -4.068972e-01 -1.643273e-02 -1.893540e-01 -2.125545e-01 -3.884699e-01 -1.851491e-01 -2.358572e-01 -2.358719e-01 -1.999108e-01 -4.366767e-02 1.210619e-02
<VARIANCE> 39
 2.675071e+00 3.881208e+00 7.208021e+00 7.344904e+00 9.018926e+00 8.053705e+00 4.273762e+00 1.028604e+01 8.975949e+00 7.074138e+00 8.282651e+00 9.833851e+00 1.000000e-02 7.149359e-01 3.127244e-01 1.091527e+00 8.571856e-01 9.306132e-01 1.291536e+00 1.007535e+00 2.581747e+00 1.290539e+00 6.670486e-01 9.175514e-01 7.850214e-01 1.000000e-02 1.220060e-01 1.328885e-01 9.094255e-02 1.641399e-01 2.838802e-01 3.027701e-01 6.861022e-02 4.055448e-01 2.261627e-01 1.571469e-01 2.823140e-01 1.700282e-01 1.000000e-02
<GCONST> 5.915229e+01
<STATE> 3
<MEAN> 39
 6.137922e-01 -6.019227e+00 -6.016463e+00 -5.006782e+00 -3.912340e+00 -8.004020e+00 -1.975808e+00 -1.994378e+00 -2.258302e+00 -4.889607e+00 -1.509204e+00 -6.416197e+00 2.317173e-01 4.864493e-01 -6.444548e-01 -7.388924e-01 6.838995e-01 -1.528798e-01 -7.859017e-01 -2.956636e-01 4.093124e-01 -5.977935e-01 -5.061360e-01 -6.851177e-01 -7.264498e-01 5.649342e-02 -2.228048e-01 -6.464050e-01 2.923196e-02 6.448069e-02 5.278658e-01 2.465671e-01 3.673744e-01 6.937462e-02 3.946627e-01 4.189416e-01 1.227131e-02 1.931517e-01 1.301446e-02
<VARIANCE> 39
 2.195013e+01 1.204765e+01 6.656790e+00 1.665780e+01 1.286618e+01 1.787070e+01 7.813182e+00 8.149769e+00 9.985875e+00 1.246590e+01 6.716522e+00 2.194154e+00 3.596671e-02 1.572360e+00 1.943482e+00 1.026823e+00 2.173786e+00 2.672741e+00 2.407227e+00 1.121165e+00 1.042684e+00 1.158476e+00 1.297671e+00 1.818138e+00 7.056057e-01 1.000000e-02 2.385832e-01 3.176638e-01 5.547631e-01 8.737478e-01 5.254734e-01 4.314550e-01 1.487661e-01 3.279186e-01 3.306232e-01 1.622354e-01 2.526242e-01 1.062482e-01 1.000000e-02
<GCONST> 7.677680e+01
<STATE> 4
<MEAN> 39
 6.632167e-01 -1.123119e+01 -7.653049e+00 -4.728826e+00 -6.965756e-01 -9.696399e+00 -1.317221e+00 -1.495861e+00 -1.818169e+00 -4.436924e+00 -2.721762e+00 -8.256488e+00 4.193211e-01 6.855897e-01 -2.693259e+00 -3.326640e+00 -1.691271e+00 4.679452e-01 -5.295870e-02 1.330794e+00 1.988852e-01 1.790644e+00 1.063695e+00 -2.105151e+00 4.204918e-01 1.333402e-01 -2.959040e-01 -2.834919e-01 -8.757867e-01 -1.246056e-01 -5.241758e-02 4.115157e-01 1.067297e+00 3.643709e-02 2.396529e-01 -6.125561e-02 -4.410574e-01 7.348409e-01 1.603497e-02
<VARIANCE> 39
 1.454737e+01 1.571005e+01 1.293795e+01 2.380167e+01 7.673837e+00 3.144351e+01 8.116647e+00 1.242098e+01 3.026234e+01 2.817733e+01 2.055529e+01 1.605058e+01 3.799545e-02 5.468271e-01 2.371966e+00 3.724705e+00 1.682445e+00 3.081386e+00 3.641039e+00 3.162035e+00 1.445194e+00 1.702972e+00 1.506899e+00 1.232730e+00 9.610746e-01 1.000000e-02 1.907491e-01 3.351617e-01 4.130916e-01 6.341236e-01 2.751570e-01 6.242606e-01 2.669386e-01 3.441252e-01 6.943433e-01 6.630269e-01 4.096195e-01 2.488191e-01 1.000000e-02
<GCONST> 8.885127e+01
<STATE> 5
<MEAN> 39
 1.439876e+00 -1.953533e+01 -2.136206e+01 -7.337709e+00 -4.353064e-01 -8.058764e+00 8.943375e+00 -5.031086e-01 2.198067e+00 -2.428572e+00 -1.080160e+01 -4.355216e+00 8.300503e-01 -1.500855e+00 -2.414808e+00 -2.967103e+00 7.827075e-01 1.150940e+00 1.212478e+00 3.461059e+00 -3.236720e-01 -3.983624e-01 -6.902153e-01 -1.042524e+00 2.277983e+00 1.017038e-01 -4.435180e-01 4.761117e-01 9.774892e-01 8.719236e-01 3.712211e-01 1.686711e-01 -5.737298e-01 -5.365316e-01 -6.289024e-01 -4.339805e-01 1.008348e+00 1.481221e-01 -2.776984e-02
<VARIANCE> 39
 1.459226e+01 6.234382e+00 1.666128e+01 2.380621e+01 2.368169e+01 1.000427e+01 4.541205e+01 3.389102e+01 2.503103e+01 2.393211e+01 9.309655e+00 1.027989e+01 1.000000e-02 7.269056e-01 6.579100e-01 3.150343e+00 1.925517e+00 1.425431e+00 1.083141e+00 1.370204e+00 2.605822e+00 1.731529e+00 3.240222e+00 2.161499e+00 6.376784e-01 1.000000e-02 1.745075e-01 2.338108e-01 4.293329e-01 4.073304e-01 4.698914e-01 3.371897e-01 7.551940e-01 1.689339e-01 3.197041e-01 4.418680e-01 2.312901e-01 2.793915e-01 1.000000e-02
<GCONST> 8.339576e+01
<STATE> 6
<MEAN> 39
 -3.905582e+00 -2.289393e+01 -2.248822e+01 -2.919811e+00 3.983157e+00 -4.145384e+00 1.139973e+01 -2.710851e+00 -1.485004e+00 -4.464886e+00 -8.204565e+00 1.945085e+00 9.578923e-01 -1.012183e+00 -7.554466e-01 -3.141356e-01 1.572009e+00 1.123912e+00 1.006711e+00 -2.276725e-01 -1.900596e+00 -3.103094e-01 -1.937592e-01 9.542984e-01 1.116289e+00 2.543503e-02 4.721860e-01 3.113021e-01 4.560900e-01 -1.598437e-01 -3.712043e-01 -1.801539e-01 -8.296205e-01 -2.721149e-01 4.323855e-01 3.865338e-01 3.297273e-02 -4.875709e-01 -1.817996e-02
<VARIANCE> 39
 1.801675e+01 2.225881e+00 7.910589e+00 2.503762e+01 9.397061e+00 8.999054e+00 1.974864e+01 4.955693e+01 2.595529e+01 1.367064e+01 6.970427e+00 4.999562e+00 1.000000e-02 4.645932e-01 1.492990e-01 8.091407e-01 1.431193e+00 9.813552e-01 4.846647e-01 1.124007e+00 7.090560e-01 7.740927e-01 1.087127e+00 1.700825e+00 1.337525e+00 1.000000e-02 2.301410e-02 8.469858e-02 2.325132e-01 1.473160e-01 1.168318e-01 9.286474e-02 2.464140e-01 3.560220e-01 2.461077e-02 1.339477e-01 2.320235e-01 1.178281e-01 1.000000e-02
<GCONST> 5.886007e+01
<STATE> 7
<MEAN> 39
 -3.952013e+00 -2.467296e+01 -2.294226e+01 9.029289e-03 5.699163e+00 -2.755648e+00 9.272772e+00 -7.951313e+00 -4.572531e-01 -2.703835e+00 -8.377071e+00 2.302175e+00 9.833501e-01 1.727544e-01 -6.580243e-01 -2.454337e-01 7.146572e-01 1.774643e-01 6.420645e-01 -5.334946e-01 -1.253618e+00 8.915550e-01 2.147503e-01 1.961848e-01 6.726644e-01 7.005763e-03 1.065561e-01 2.342297e-01 6.407622e-02 -3.928149e-01 -1.796611e-01 -9.766771e-02 -1.010699e-02 5.218582e-01 1.126752e-01 -2.124431e-01 -1.731820e-01 -4.514209e-02 -4.022439e-03
<VARIANCE> 39
 2.543195e+01 2.400465e+00 4.120790e+00 2.699901e+01 5.563956e+00 1.303489e+01 1.594502e+01 4.073665e+01 3.835246e+01 1.764146e+01 2.778139e+01 7.917419e+00 1.000000e-02 2.937062e-01 1.461531e-01 6.435279e-01 9.312450e-01 2.346275e-01 2.900196e-01 2.787893e-01 1.544921e+00 5.399830e-01 5.343306e-01 1.229400e+00 2.816816e-01 1.000000e-02 1.041085e-01 3.586448e-02 8.608326e-02 1.143975e-01 1.344885e-01 4.570214e-02 4.339980e-02 9.656870e-02 2.182447e-01 1.553624e-01 2.323070e-01 1.150302e-01 1.000000e-02
<GCONST> 5.207842e+01
<STATE> 8
<MEAN> 39
 -3.963328e+00 -2.540077e+01 -2.396852e+01 3.172323e-01 5.259921e+00 -1.389271e+00 9.341703e+00 -1.063256e+01 3.350102e+00 -5.187532e+00 -6.171080e+00 4.257950e+00 9.941666e-01 -2.084199e-01 2.093227e-01 3.970167e-02 -6.577399e-02 9.407485e-02 2.724020e-01 -6.116020e-01 -2.778375e-01 4.280236e-01 -4.812049e-01 -2.633616e-01 2.960557e-01 9.434251e-04 1.343243e-02 1.209235e-01 2.121131e-01 -1.320242e-01 -6.703743e-02 -1.745304e-02 -1.931273e-02 1.772904e-01 -1.060878e-01 -1.165142e-01 -1.575176e-01 -2.948193e-01 -2.822010e-03
<VARIANCE> 39
 1.792662e+01 2.547382e+00 1.503980e+00 3.143342e+01 7.252875e+00 5.728426e+00 1.588481e+01 4.364310e+01 1.263952e+01 2.134928e+01 1.799434e+01 5.671474e+00 1.000000e-02 2.409073e-01 2.252098e-01 1.584154e-01 4.513456e-01 6.931966e-01 4.289787e-01 1.135768e+00 8.451299e-01 6.877699e-01 9.674851e-01 2.735202e-01 5.654744e-01 1.000000e-02 2.997378e-02 4.697079e-02 4.967786e-02 7.893577e-02 6.491328e-02 6.522235e-02 1.173386e-01 2.081493e-01 2.626014e-01 1.526684e-01 6.207262e-02 8.746983e-02 1.000000e-02
<GCONST> 4.723459e+01
<STATE> 9
<MEAN> 39
 -3.309224e+00 -2.478230e+01 -2.218671e+01 7.673353e-01 5.866068e+00 -3.205595e-02 8.040573e+00 -1.143939e+01 4.000642e+00 -7.436443e+00 -7.147872e+00 2.981721e+00 9.898046e-01 1.292536e-02 -2.231605e-01 6.059233e-01 -4.238507e-01 -6.869340e-02 6.690506e-01 -5.042458e-01 3.574080e-01 1.342561e-01 -2.730635e-01 -4.170718e-01 1.035304e-02 -4.437860e-03 -1.495692e-02 -1.424804e-01 -1.240174e-01 -8.172458e-02 -6.904405e-02 -9.408602e-02 1.524214e-01 1.259051e-01 -7.131861e-02 2.934786e-01 -5.592667e-02 1.574293e-01 -1.770999e-03
<VARIANCE> 39
 1.012470e+01 3.261958e+00 4.689835e+00 1.526252e+01 1.087714e+01 7.951800e+00 1.867569e+01 5.598397e+01 4.085121e+01 1.580357e+01 2.201872e+01 7.215705e+00 1.000000e-02 1.749070e-01 3.176882e-01 2.100294e-01 2.665630e-01 8.344331e-01 5.088729e-01 7.879175e-01 7.783306e-01 1.513465e+00 1.683916e+00 4.191995e-01 7.610204e-01 1.000000e-02 7.653732e-02 5.422628e-02 6.062677e-02 8.549862e-02 1.481744e-01 1.226352e-01 1.705620e-01 8.609999e-02 1.350230e-01 2.198014e-01 8.361510e-02 1.046916e-01 1.000000e-02
<GCONST> 5.402389e+01
<STATE> 10
<MEAN> 39
 -6.255363e+00 -2.510217e+01 -2.154438e+01 -2.735821e+00 6.055274e+00 -5.340782e-01 8.013834e+00 -1.075825e+01 5.814832e+00 -5.483387e+00 -9.908180e+00 6.009357e+00 9.517046e-01 -7.680664e-03 1.362032e-02 -2.496495e-01 1.028281e-01 -1.338584e-01 1.424586e-01 -4.561178e-02 -2.320813e-01 4.645596e-01 3.798516e-01 -4.447851e-01 -6.665328e-02 -8.309107e-03 9.580430e-02 -4.537092e-02 -1.821065e-01 2.914060e-02 -9.176333e-02 7.207988e-02 -6.717800e-02 -1.296590e-01 -6.330870e-02 1.041257e-01 -1.182528e-02 -2.112888e-01 1.929424e-04
<VARIANCE> 39
 1.776530e+01 4.348825e+00 7.327482e+00 1.435982e+01 6.751904e+00 6.032015e+00 1.453133e+01 4.458737e+01 4.681311e+01 1.394390e+01 8.214501e+00 5.671865e+00 1.000000e-02 2.368464e-01 3.407052e-01 3.899234e-01 5.227780e-01 5.569185e-01 8.295715e-01 3.992149e-01 6.059340e-01 1.225405e+00 7.187545e-01 8.469322e-01 3.784519e-01 1.000000e-02 1.753764e-02 5.279003e-02 1.104247e-01 1.435609e-01 7.753760e-02 1.634219e-01 1.330508e-01 9.460456e-02 1.093881e-01 1.042247e-01 9.291877e-02 6.622783e-02 1.000000e-02
<GCONST> 5.036706e+01
<STATE> 11
<MEAN> 39
 -3.230214e+00 -2.680012e+01 -2.351425e+01 -3.599204e-02 2.299339e+00 3.226609e+00 3.234111e+00 -6.450389e+00 8.241898e-01 -2.988451e+00 -1.141435e+01 2.280152e+00 9.600679e-01 3.654744e-01 -7.564118e-01 -6.042672e-01 -7.460151e-01 -6.618826e-01 2.812566e-01 -3.677277e-01 -2.068553e-01 -7.666279e-02 6.086629e-01 -1.990012e-01 -3.017336e-01 -6.056272e-03 5.199598e-02 1.011242e-01 1.365135e-01 -1.468230e-01 4.759468e-02 -5.176054e-02 1.566413e-01 8.011543e-03 6.075517e-02 8.068202e-02 1.528245e-01 3.670063e-02 -1.619643e-03
<VARIANCE> 39
 2.864264e+01 6.837276e+00 6.983463e+00 2.425546e+01 7.213171e+00 1.062415e+01 1.329124e+01 3.821188e+01 5.260466e+01 1.216377e+01 1.012854e+01 6.077690e+00 1.000000e-02 2.009957e-01 1.673449e-01 7.718884e-01 2.370523e-01 1.374460e-01 1.089041e+00 5.310449e-01 3.824847e-01 7.535568e-01 8.273108e-01 2.996261e-01 7.575440e-01 1.000000e-02 2.489059e-02 3.905644e-02 7.978818e-02 6.848634e-02 6.541077e-02 8.805107e-02 8.746601e-02 8.893508e-02 2.352407e-01 7.592809e-02 1.295817e-01 3.311057e-02 1.000000e-02
<GCONST> 4.724726e+01
<STATE> 12
<MEAN> 39
 -2.076512e+00 -2.764006e+01 -2.422951e+01 -2.313522e+00 2.114947e+00 3.400371e+00 6.169875e+00 -1.041545e+01 4.847678e+00 -2.675270e+00 -1.006861e+01 2.249104e+00 9.253352e-01 3.383231e-01 3.653197e-01 3.004771e-01 -5.447229e-01 1.477786e-01 1.118513e-01 3.288676e-01 -2.085439e-01 -1.507067e-01 1.146268e+00 -2.525423e-01 -3.708774e-01 -1.281171e-02 1.486141e-01 2.654943e-01 1.375451e-01 3.954247e-02 3.507328e-01 -9.626235e-02 5.899213e-02 6.180694e-02 -2.180791e-01 1.890481e-01 -9.786511e-02 -1.673417e-01 -4.716402e-04
<VARIANCE> 39
 2.740607e+01 7.518797e+00 6.992331e+00 1.664766e+01 1.238020e+01 1.192354e+01 2.723579e+01 4.685039e+01 9.219978e+01 2.279945e+01 1.300950e+01 6.748506e+00 1.000000e-02 1.366950e-01 1.235117e-01 4.165348e-01 3.314877e-01 4.812723e-01 2.558199e-01 4.082107e-01 5.478230e-01 1.308621e+00 7.734720e-01 1.068083e+00 4.050145e-01 1.000000e-02 2.652794e-02 4.001473e-02 7.095823e-02 8.961279e-02 8.482070e-02 1.427876e-01 2.205533e-01 1.025699e-01 2.431518e-01 1.997405e-01 1.168690e-01 1.851407e-01 1.000000e-02
<GCONST> 5.477258e+01
<STATE> 13
<MEAN> 39
 -2.350970e+00 -2.455883e+01 -2.294319e+01 -4.753467e+00 4.877547e+00 1.766508e+00 6.931895e+00 -1.181938e+01 3.923275e+00 1.149880e+00 -1.242383e+01 1.410239e+00 8.816579e-01 8.713356e-01 4.762706e-01 -7.184467e-03 -4.688279e-01 2.146049e-01 7.492248e-01 -1.546211e-01 3.373079e-01 -6.127231e-01 9.725012e-01 -4.691480e-01 -1.413007e+00 -1.056161e-02 1.607941e-02 -3.287012e-02 1.807311e-03 -2.111628e-01 -1.348112e-01 2.571343e-01 -3.231519e-01 3.927378e-01 6.455667e-02 -8.146985e-02 5.244703e-02 -2.949579e-01 -6.569366e-04
<VARIANCE> 39
 2.740391e+01 7.145040e+00 3.287659e+00 6.696920e+00 6.876585e+00 1.122092e+01 1.655291e+01 3.576799e+01 2.465051e+01 1.191777e+01 1.180574e+01 1.997276e+01 1.000000e-02 7.128347e-02 3.254767e-01 2.603016e-01 6.676183e-01 1.504186e+00 5.920365e-01 1.335308e+00 1.155663e+00 8.817281e-01 1.010392e+00 3.531224e-01 7.674391e-01 1.000000e-02 1.442651e-02 5.266911e-02 1.145752e-01 8.596379e-02 1.473264e-01 1.401481e-01 1.826405e-01 5.404817e-02 2.234719e-01 9.681784e-02 8.689687e-02 7.805429e-02 1.000000e-02
<GCONST> 5.236133e+01
<STATE> 14
<MEAN> 39
 3.815811e-01 -2.499139e+01 -2.296039e+01 -7.392561e+00 4.118999e+00 6.054491e+00 4.391840e+00 -8.450380e+00 2.737063e+00 4.150351e+00 -1.368334e+01 -3.833294e+00 8.601104e-01 7.359229e-01 5.089838e-01 3.117053e-01 -1.700166e+00 -3.246330e-01 6.045535e-01 -1.434965e+00 1.442908e+00 -5.990594e-01 1.072761e+00 7.314035e-02 -1.547568e+00 -1.701885e-02 1.385811e-01 1.256145e-01 1.495208e-01 -1.942499e-01 -2.183485e-01 -4.689890e-01 -1.250158e-01 1.050886e-01 3.087562e-02 -3.874418e-01 4.744660e-01 3.631270e-01 -4.778128e-03
<VARIANCE> 39
 2.326639e+01 1.140887e+01 1.165000e+01 2.227816e+01 1.745689e+01 1.369539e+01 4.474147e+00 1.813230e+01 3.361145e+01 9.831336e+00 1.340236e+01 2.589465e+01 1.000000e-02 1.791949e-01 2.785680e-01 1.072377e+00 1.142846e+00 7.228682e-01 1.533278e+00 2.601280e+00 6.112967e-01 2.184198e+00 7.397822e-01 5.111880e-01 2.933255e-01 1.000000e-02 3.159256e-02 8.960413e-02 9.670050e-02 9.619477e-02 4.090542e-01 3.300368e-01 3.040304e-01 1.329693e-01 2.990961e-01 2.716177e-01 1.099844e-01 2.527276e-01 1.000000e-02
<GCONST> 6.503118e+01
<STATE> 15
<MEAN> 39
 2.637441e+00 -2.235275e+01 -2.325670e+01 -9.818571e+00 1.649513e+00 4.960606e+00 1.466893e+00 -5.067025e+00 -3.207094e-01 4.575049e+00 -1.118979e+01 -5.436487e+00 8.119556e-01 1.482170e+00 5.057630e-01 5.621207e-01 -1.480376e+00 -6.603011e-01 -6.892429e-01 -6.012416e-01 1.025018e+00 4.836303e-01 -5.418153e-01 1.374365e+00 8.014233e-02 -2.605765e-02 9.973778e-02 -1.851330e-01 6.796671e-02 2.575601e-01 5.095390e-02 -5.083519e-01 4.225264e-01 -6.971038e-02 3.971834e-01 -6.430944e-01 5.521413e-01 6.965757e-01 -2.826049e-03
<VARIANCE> 39
 1.874775e+01 4.813021e+00 1.296564e+01 1.381314e+01 1.631781e+01 5.459327e+00 1.335712e+01 1.531583e+01 1.527565e+01 1.533532e+01 1.021384e+01 2.180803e+01 1.000000e-02 4.143511e-01 1.115223e+00 1.421975e+00 2.567496e-01 1.893195e+00 2.861299e+00 8.613260e-01 7.336721e-01 2.788503e+00 1.010369e+00 5.123010e-01 1.716215e+00 1.000000e-02 3.997228e-02 6.435711e-02 1.105135e-01 1.282758e-01 3.396695e-01 1.107803e-01 2.405112e-01 1.110009e-01 6.216785e-01 1.727604e-01 3.743792e-02 1.521621e-01 1.000000e-02
<GCONST> 6.406171e+01
<STATE> 16
<MEAN> 39
 5.515794e+00 -2.295973e+01 -1.805134e+01 -1.412924e+01 2.688921e+00 3.590041e+00 4.645838e-01 -4.092259e+00 4.915120e+00 1.575467e+00 -7.119081e+00 -4.087271e+00 7.128175e-01 1.156400e+00 2.587199e-01 -2.244567e-01 3.970664e-01 -5.771754e-01 -1.464284e+00 4.763269e-01 8.516352e-01 7.515413e-01 -1.475529e+00 2.163079e+00 1.411043e+00 -3.455231e-02 -2.850925e-01 2.981879e-02 -4.269532e-01 5.582550e-01 -1.669013e-02 -3.174482e-01 3.368495e-01 -1.235728e-01 -2.050540e-01 1.233519e-01 -1.217816e-01 2.444112e-01 -1.971391e-03
<VARIANCE> 39
 6.134306e+00 3.855951e+00 1.703144e+01 1.933823e+01 1.443299e+01 8.040880e+00 1.629704e+01 1.950235e+01 5.116082e+00 4.177505e+00 7.482090e+00 6.992353e+00 1.000000e-02 3.241923e-01 7.002659e-01 8.687058e-01 1.575185e+00 1.415133e+00 8.171832e-01 6.098031e-01 2.175476e+00 2.158003e+00 8.300576e-01 1.144317e+00 7.571760e-01 1.000000e-02 7.857408e-02 9.197029e-02 2.723295e-01 1.391675e-01 2.302713e-01 2.560311e-01 1.099493e-01 3.946600e-01 3.704794e-01 1.957133e-01 1.367444e-01 2.091730e-01 1.000000e-02
<GCONST> 6.370627e+01
<STATE> 17
<MEAN> 39
 8.063564e+00 -2.159199e+01 -2.266843e+01 -1.049530e+01 -2.155308e+00 -3.431325e+00 3.291466e+00 -1.126235e+00 3.033675e+00 -1.840816e+00 -1.469835e+00 6.375096e-01 6.636132e-01 -1.515088e-01 -1.562777e-02 2.080144e-01 3.731794e-01 -9.921281e-01 -1.893724e+00 3.193222e-01 5.576093e-01 -1.647971e-01 -7.059224e-01 3.133832e-01 4.765083e-01 -3.720563e-02 -3.400884e-01 -5.388400e-02 1.676090e-01 2.487258e-01 1.550261e-01 3.188820e-01 -8.424440e-02 -2.101670e-02 -1.515227e-01 1.146542e-01 -8.176221e-01 -5.832635e-01 -9.180441e-04
<VARIANCE> 39
 3.502424e+00 6.575949e+00 1.244871e+01 5.339743e+00 1.426151e+01 1.484177e+01 3.655463e+00 4.070128e+00 7.639464e+00 1.514540e+01 6.595448e+00 6.079545e+00 1.000000e-02 2.747909e-01 5.188367e-01 1.602681e+00 3.703284e-01 4.946500e-01 2.380121e-01 1.055006e+00 7.531649e-01 1.371845e+00 1.457286e+00 2.422620e+00 1.162340e+00 1.000000e-02 3.966450e-02 1.458495e-01 2.208609e-01 5.086976e-02 3.941206e-01 1.038503e-01 1.442968e-01 1.539995e-01 2.429468e-01 3.052279e-01 2.573985e-01 1.652319e-01 1.000000e-02
<GCONST> 5.617885e+01
<STATE> 18
<MEAN> 39
 6.266925e+00 -2.185132e+01 -2.212492e+01 -9.067613e+00 -1.869705e+00 -6.162137e+00 4.605659e+00 1.932942e+00 3.429187e+00 -3.054357e+00 -5.082251e+00 -1.030413e+00 5.422442e-01 -5.957570e-01 5.837636e-01 6.617904e-01 1.474513e+00 1.058261e+00 -4.119501e-02 -2.601407e-01 9.573512e-02 -3.529870e-01 -7.640812e-01 -6.933460e-01 -9.751021e-01 -3.879470e-02 -1.084325e-01 1.845810e-01 4.722589e-01 1.739826e-01 6.060387e-01 6.709455e-01 -5.072228e-01 -6.809627e-01 -1.394268e-01 -1.951973e-01 2.327164e-01 -9.764499e-02 -7.582397e-04
<VARIANCE> 39
 1.157106e+00 3.179514e+00 1.129371e+00 9.397245e+00 2.172130e+01 7.531638e+00 5.876329e+00 5.581083e+00 1.091120e+01 8.336305e+00 7.963582e+00 1.008345e+01 1.000000e-02 1.703817e-01 5.934909e-01 1.604792e+00 2.586923e-01 9.892954e-01 1.644521e+00 7.926517e-01 1.656607e+00 7.069295e-01 9.079052e-01 1.258044e+00 9.179647e-01 1.000000e-02 3.803376e-02 1.203477e-01 1.685833e-01 8.701617e-02 1.660075e-01 7.394887e-02 4.440796e-02 8.639454e-02 1.957744e-01 1.183501e-01 1.721935e-01 2.669654e-01 1.000000e-02
<GCONST> 4.988279e+01
<STATE> 19
<MEAN> 39
 3.987276e+00 -2.016464e+01 -1.700996e+01 -3.600342e+00 4.076023e+00 -3.486534e+00 1.322377e+00 -2.489219e+00 1.223076e+00 -5.772326e+00 -4.065693e+00 -2.077840e+00 4.169685e-01 -5.085972e-01 2.793666e-01 1.301752e+00 1.003520e+00 7.809263e-01 3.000671e-01 -6.033462e-01 -3.833997e-01 -3.397906e-01 -7.038480e-01 1.975210e-01 -2.534021e-01 -3.084948e-02 4.521988e-02 -1.088050e-01 -3.737714e-02 -1.842164e-01 -1.147940e-01 8.149024e-02 1.621854e-01 1.183449e-01 1.911097e-01 2.516435e-01 1.784593e-01 3.161658e-02 2.730736e-03
<VARIANCE> 39
 2.475876e+00 5.570285e+00 9.813899e+00 5.162993e+00 2.195170e+01 1.186119e+01 1.068047e+01 1.465989e+01 9.944661e+00 9.672581e+00 9.337702e+00 6.747998e+00 1.000000e-02 2.076553e-01 8.582368e-01 1.213024e+00 8.547381e-01 1.456220e+00 1.398597e+00 8.805017e-01 1.685630e+00 1.076595e+00 1.084370e+00 5.075321e-01 1.007574e+00 1.000000e-02 4.062649e-02 2.413648e-01 3.561474e-01 1.136313e-01 1.973476e-01 3.369337e-01 1.358749e-01 3.480128e-01 2.087868e-01 1.896863e-01 2.070281e-01 1.404034e-01 1.000000e-02
<GCONST> 6.227695e+01
<STATE> 20
<MEAN> 39
 2.561317e+00 -1.988443e+01 -1.431332e+01 -2.312508e+00 4.825853e+00 -1.887641e+00 1.208634e+00 -2.381731e+00 2.122159e+00 -6.669564e+00 -4.266752e+00 -4.493366e+00 3.434764e-01 -6.087073e-01 1.564032e-01 9.116145e-01 6.209994e-01 1.164647e+00 1.162674e+00 1.108232e-01 -3.604920e-01 -8.223802e-02 2.536165e-01 1.129378e+00 5.632130e-02 -2.237330e-02 4.451162e-02 1.430898e-01 -4.394910e-02 -1.962893e-01 -2.936844e-01 -3.230757e-01 3.752153e-02 6.844442e-02 -3.396568e-01 1.324986e-01 2.112006e-01 4.303508e-01 4.916070e-03
<VARIANCE> 39
 4.560739e+00 2.381271e+00 7.470010e+00 5.300721e+00 1.387383e+01 8.945159e+00 1.200805e+01 7.486702e+00 4.727672e+00 6.892018e+00 4.805553e+00 6.924491e+00 1.000000e-02 3.281220e-01 6.637223e-01 4.379613e-01 9.655964e-01 1.172401e+00 6.707358e-01 4.866982e-01 1.133526e+00 1.975868e+00 1.471097e+00 8.983693e-01 8.994119e-01 1.000000e-02 5.819035e-02 1.300662e-01 1.270768e-01 1.551935e-01 2.787385e-01 2.506602e-01 9.025367e-02 1.754461e-01 9.952150e-02 1.861362e-01 1.203033e-01 2.337471e-01 1.000000e-02
<GCONST> 5.469145e+01
<STATE> 21
<MEAN> 39
 1.488213e+00 -1.787609e+01 -1.119245e+01 -1.264928e+00 6.041921e+00 -2.513289e+00 5.745638e-02 -3.467641e+00 -3.793036e-01 -6.181112e+00 -5.252395e-01 -1.729289e+00 2.968151e-01 -4.166718e-01 8.989516e-01 7.703801e-01 -1.365524e-01 -8.050236e-03 -5.897766e-01 -1.775801e-01 -2.027732e-01 -9.033873e-01 2.280581e-01 4.656816e-01 3.780212e-01 -2.030340e-02 -2.468629e-02 1.017307e-01 -9.730335e-02 -1.510295e-01 -1.148587e-01 -1.358743e-01 7.299024e-02 2.305333e-01 3.865099e-01 1.937683e-01 -2.566560e-01 -1.667616e-01 -2.801142e-03
<VARIANCE> 39
 1.959018e+00 4.718305e+00 6.399767e+00 1.445578e+01 1.438758e+01 8.977789e+00 3.728436e+00 6.581369e+00 1.429383e+01 8.168893e+00 6.195015e+00 5.266492e+00 1.000000e-02 2.820259e-01 3.759667e-01 7.015331e-01 4.443072e-01 1.117491e+00 1.181944e+00 7.446321e-01 8.321614e-01 6.862469e-01 1.321579e+00 3.738450e-01 8.366939e-01 1.000000e-02 5.897846e-02 5.900818e-02 7.164223e-02 1.811684e-01 3.050140e-01 2.747142e-01 1.282925e-01 2.175249e-01 4.198662e-01 2.365313e-01 6.656270e-02 8.458824e-02 1.000000e-02
<GCONST> 5.249714e+01
<STATE> 22
<MEAN> 39
 4.237346e-01 -1.616635e+01 -1.045073e+01 -2.266722e+00 5.556458e+00 -2.460375e+00 7.413762e-01 -2.724669e+00 -4.468915e-01 -3.243538e+00 8.212019e-01 -3.012635e+00 2.530479e-01 -7.416607e-01 8.896816e-01 1.129185e+00 5.253873e-01 4.472089e-01 1.375664e-01 1.172627e-01 5.455825e-01 1.420822e+00 8.907900e-01 3.350780e-01 -1.935305e-01 -3.561934e-02 -8.948849e-02 1.450754e-01 2.642881e-01 1.276959e-01 7.894091e-03 1.864423e-01 -1.403084e-01 -2.098636e-01 2.043127e-01 -2.771404e-01 -2.750297e-02 1.979197e-02 -5.510683e-03
<VARIANCE> 39
 2.427293e+00 7.513959e+00 3.203436e+00 1.475838e+01 7.559059e+00 8.024094e+00 1.658929e+01 1.949936e+01 5.551725e+00 1.494324e+01 8.006521e+00 1.445150e+01 1.000000e-02 2.613256e-01 3.494280e-01 8.562297e-01 1.029928e+00 8.959644e-01 1.516865e+00 2.727436e-01 8.141227e-01 4.122363e-01 4.635690e-01 2.613640e-01 2.558725e-01 1.000000e-02 3.020816e-02 1.523602e-01 9.134499e-02 2.244281e-01 3.353854e-01 3.638761e-01 3.346552e-01 3.635174e-01 2.532539e-01 2.677146e-01 8.445717e-02 1.848144e-01 1.000000e-02
<GCONST> 5.526832e+01
<STATE> 23
<MEAN> 39
 -1.248929e+00 -1.291110e+01 -6.623702e+00 -8.636246e-01 6.464963e+00 -4.227078e+00 -1.711006e-01 -2.045991e+00 2.850886e+00 -3.957432e+00 -3.374670e-01 -2.206491e+00 1.498574e-01 -7.219829e-01 1.131540e+00 1.022352e+00 7.554666e-02 -2.194218e-01 2.900167e-01 -1.916452e-01 -3.453987e-01 1.567110e-01 -3.110887e-01 7.120606e-02 -1.709407e-01 -3.811007e-02 -3.839053e-03 -3.373019e-02 -4.337558e-02 -8.022500e-02 -2.169219e-01 2.550701e-01 2.474761e-01 -5.823062e-02 -6.543756e-01 -2.192939e-01 1.691282e-01 1.534792e-01 4.200370e-04
<VARIANCE> 39
 1.817749e+00 5.579144e+00 7.743282e+00 1.525123e+01 1.523548e+01 9.549244e+00 6.017948e+00 9.294877e+00 8.364325e+00 8.364647e+00 7.681135e+00 1.842581e+00 1.000000e-02 9.013120e-02 9.097773e-01 7.520930e-01 1.866470e+00 2.848272e+00 1.546036e+00 1.721831e+00 1.969303e+00 1.329849e+00 7.252530e-01 6.843628e-01 6.184028e-01 1.000000e-02 3.277430e-02 8.693364e-02 1.626834e-01 3.126863e-01 4.602360e-01 3.442281e-01 2.383296e-01 3.643067e-01 1.104128e-01 6.762785e-02 1.071106e-01 5.954324e-02 1.000000e-02
<GCONST> 5.741981e+01
<STATE> 24
<MEAN> 39
 -3.284919e+00 -1.082406e+01 -4.444514e+00 -7.969792e-01 5.257771e+00 -1.168785e+00 1.485379e+00 -3.758055e+00 -1.146900e-01 -3.990243e+00 1.450490e+00 -2.397238e+00 5.079302e-02 -5.684704e-01 6.870782e-01 6.852111e-01 -3.612126e-01 -8.761601e-01 1.106417e-01 5.607089e-01 1.650579e-01 -7.836451e-01 -4.578893e-02 5.050911e-01 5.723111e-01 -3.113097e-02 1.212966e-01 -2.513180e-01 -2.650914e-01 -1.782024e-01 -1.285866e-03 -2.992460e-01 -1.250484e-01 5.418278e-02 3.134342e-01 2.449236e-01 -1.492967e-01 -1.973047e-01 6.581946e-03
<VARIANCE> 39
 1.109983e+00 4.034276e+00 4.593856e+00 1.120546e+01 1.885200e+01 1.203098e+01 9.585622e+00 9.845193e+00 6.540956e+00 1.156166e+01 8.331179e+00 4.834252e+00 1.000000e-02 1.032143e-01 4.294613e-01 3.631104e-01 7.319472e-01 1.215772e+00 1.684568e+00 1.104931e+00 1.021198e+00 1.309775e+00 5.474343e-01 1.243879e+00 3.651100e-01 1.000000e-02 2.783573e-02 1.012513e-01 9.974357e-02 1.711804e-01 3.343004e-01 2.476473e-01 1.346711e-01 2.250559e-01 1.352227e-01 6.819052e-02 1.817481e-01 8.149486e-02 1.000000e-02
<GCONST> 5.174104e+01
<TRANSP> 25
 0.000000e+00 1.000000e+00 0.000000e+00 0.000000e+00 0.000000e+00 0.000000e+00 0.000000e+00 0.000000e+00 0.000000e+00 0.000000e+00 0.000000e+00 0.000000e+00 0.000000e+00 0.000000e+00 0.000000e+00 0.000000e+00 0.000000e+00 0.000000e+00 0.000000e+00 0.000000e+00 0.000000e+00 0.000000e+00 0.000000e+00 0.000000e+00 0.000000e+00
 0.000000e+00 6.666667e-01 3.333333e-01 0.000000e+00 0.000000e+00 0.000000e+00 0.000000e+00 0.000000e+00 0.000000e+00 0.000000e+00 0.000000e+00 0.000000e+00 0.000000e+00 0.000000e+00 0.000000e+00 0.000000e+00 0.000000e+00 0.000000e+00 0.000000e+00 0.000000e+00 0.000000e+00 0.000000e+00 0.000000e+00 0.000000e+00 0.000000e+00
 0.000000e+00 0.000000e+00 6.666667e-01 3.333333e-01 0.000000e+00 0.000000e+00 0.000000e+00 0.000000e+00 0.000000e+00 0.000000e+00 0.000000e+00 0.000000e+00 0.000000e+00 0.000000e+00 0.000000e+00 0.000000e+00 0.000000e+00 0.000000e+00 0.000000e+00 0.000000e+00 0.000000e+00 0.000000e+00 0.000000e+00 0.000000e+00 0.000000e+00
 0.000000e+00 0.000000e+00 0.000000e+00 6.153846e-01 3.846154e-01 0.000000e+00 0.000000e+00 0.000000e+00 0.000000e+00 0.000000e+00 0.000000e+00 0.000000e+00 0.000000e+00 0.000000e+00 0.000000e+00 0.000000e+00 0.000000e+00 0.000000e+00 0.000000e+00 0.000000e+00 0.000000e+00 0.000000e+00 0.000000e+00 0.000000e+00 0.000000e+00
 0.000000e+00 0.000000e+00 0.000000e+00 0.000000e+00 6.153846e-01 3.846154e-01 0.000000e+00 0.000000e+00 0.000000e+00 0.000000e+00 0.000000e+00 0.000000e+00 0.000000e+00 0.000000e+00 0.000000e+00 0.000000e+00 0.000000e+00 0.000000e+00 0.000000e+00 0.000000e+00 0.000000e+00 0.000000e+00 0.000000e+00 0.000000e+00 0.000000e+00
 0.000000e+00 0.000000e+00 0.000000e+00 0.000000e+00 0.000000e+00 5.833333e-01 4.166667e-01 0.000000e+00 0.000000e+00 0.000000e+00 0.000000e+00 0.000000e+00 0.000000e+00 0.000000e+00 0.000000e+00 0.000000e+00 0.000000e+00 0.000000e+00 0.000000e+00 0.000000e+00 0.000000e+00 0.000000e+00 0.000000e+00 0.000000e+00 0.000000e+00
 0.000000e+00 0.000000e+00 0.000000e+00 0.000000e+00 0.000000e+00 0.000000e+00 5.833333e-01 4.166667e-01 0.000000e+00 0.000000e+00 0.000000e+00 0.000000e+00 0.000000e+00 0.000000e+00 0.000000e+00 0.000000e+00 0.000000e+00 0.000000e+00 0.000000e+00 0.000000e+00 0.000000e+00 0.000000e+00 0.000000e+00 0.000000e+00 0.000000e+00
 0.000000e+00 0.000000e+00 0.000000e+00 0.000000e+00 0.000000e+00 0.000000e+00 0.000000e+00 6.153846e-01 3.846154e-01 0.000000e+00 0.000000e+00 0.000000e+00 0.000000e+00 0.000000e+00 0.000000e+00 0.000000e+00 0.000000e+00 0.000000e+00 0.000000e+00 0.000000e+00 0.000000e+00 0.000000e+00 0.000000e+00 0.000000e+00 0.000000e+00
 0.000000e+00 0.000000e+00 0.000000e+00 0.000000e+00 0.000000e+00 0.000000e+00 0.000000e+00 0.000000e+00 6.428571e-01 3.571429e-01 0.000000e+00 0.000000e+00 0.000000e+00 0.000000e+00 0.000000e+00 0.000000e+00 0.000000e+00 0.000000e+00 0.000000e+00 0.000000e+00 0.000000e+00 0.000000e+00 0.000000e+00 0.000000e+00 0.000000e+00
 0.000000e+00 0.000000e+00 0.000000e+00 0.000000e+00 0.000000e+00 0.000000e+00 0.000000e+00 0.000000e+00 0.000000e+00 7.222222e-01 2.777778e-01 0.000000e+00 0.000000e+00 0.000000e+00 0.000000e+00 0.000000e+00 0.000000e+00 0.000000e+00 0.000000e+00 0.000000e+00 0.000000e+00 0.000000e+00 0.000000e+00 0.000000e+00 0.000000e+00
 0.000000e+00 0.000000e+00 0.000000e+00 0.000000e+00 0.000000e+00 0.000000e+00 0.000000e+00 0.000000e+00 0.000000e+00 0.000000e+00 5.833333e-01 4.166667e-01 0.000000e+00 0.000000e+00 0.000000e+00 0.000000e+00 0.000000e+00 0.000000e+00 0.000000e+00 0.000000e+00 0.000000e+00 0.000000e+00 0.000000e+00 0.000000e+00 0.000000e+00
 0.000000e+00 0.000000e+00 0.000000e+00 0.000000e+00 0.000000e+00 0.000000e+00 0.000000e+00 0.000000e+00 0.000000e+00 0.000000e+00 0.000000e+00 5.833333e-01 4.166667e-01 0.000000e+00 0.000000e+00 0.000000e+00 0.000000e+00 0.000000e+00 0.000000e+00 0.000000e+00 0.000000e+00 0.000000e+00 0.000000e+00 0.000000e+00 0.000000e+00
 0.000000e+00 0.000000e+00 0.000000e+00 0.000000e+00 0.000000e+00 0.000000e+00 0.000000e+00 0.000000e+00 0.000000e+00 0.000000e+00 0.000000e+00 0.000000e+00 6.428571e-01 3.571429e-01 0.000000e+00 0.000000e+00 0.000000e+00 0.000000e+00 0.000000e+00 0.000000e+00 0.000000e+00 0.000000e+00 0.000000e+00 0.000000e+00 0.000000e+00
 0.000000e+00 0.000000e+00 0.000000e+00 0.000000e+00 0.000000e+00 0.000000e+00 0.000000e+00 0.000000e+00 0.000000e+00 0.000000e+00 0.000000e+00 0.000000e+00 0.000000e+00 5.454546e-01 4.545455e-01 0.000000e+00 0.000000e+00 0.000000e+00 0.000000e+00 0.000000e+00 0.000000e+00 0.000000e+00 0.000000e+00 0.000000e+00 0.000000e+00
 0.000000e+00 0.000000e+00 0.000000e+00 0.000000e+00 0.000000e+00 0.000000e+00 0.000000e+00 0.000000e+00 0.000000e+00 0.000000e+00 0.000000e+00 0.000000e+00 0.000000e+00 0.000000e+00 5.454546e-01 4.545455e-01 0.000000e+00 0.000000e+00 0.000000e+00 0.000000e+00 0.000000e+00 0.000000e+00 0.000000e+00 0.000000e+00 0.000000e+00
 0.000000e+00 0.000000e+00 0.000000e+00 0.000000e+00 0.000000e+00 0.000000e+00 0.000000e+00 0.000000e+00 0.000000e+00 0.000000e+00 0.000000e+00 0.000000e+00 0.000000e+00 0.000000e+00 0.000000e+00 5.833333e-01 4.166667e-01 0.000000e+00 0.000000e+00 0.000000e+00 0.000000e+00 0.000000e+00 0.000000e+00 0.000000e+00 0.000000e+00
 0.000000e+00 0.000000e+00 0.000000e+00 0.000000e+00 0.000000e+00 0.000000e+00 0.000000e+00 0.000000e+00 0.000000e+00 0.000000e+00 0.000000e+00 0.000000e+00 0.000000e+00 0.000000e+00 0.000000e+00 0.000000e+00 6.666667e-01 3.333333e-01 0.000000e+00 0.000000e+00 0.000000e+00 0.000000e+00 0.000000e+00 0.000000e+00 0.000000e+00
 0.000000e+00 0.000000e+00 0.000000e+00 0.000000e+00 0.000000e+00 0.000000e+00 0.000000e+00 0.000000e+00 0.000000e+00 0.000000e+00 0.000000e+00 0.000000e+00 0.000000e+00 0.000000e+00 0.000000e+00 0.000000e+00 0.000000e+00 5.833333e-01 4.166667e-01 0.000000e+00 0.000000e+00 0.000000e+00 0.000000e+00 0.000000e+00 0.000000e+00
 0.000000e+00 0.000000e+00 0.000000e+00 0.000000e+00 0.000000e+00 0.000000e+00 0.000000e+00 0.000000e+00 0.000000e+00 0.000000e+00 0.000000e+00 0.000000e+00 0.000000e+00 0.000000e+00 0.000000e+00 0.000000e+00 0.000000e+00 0.000000e+00 7.222222e-01 2.777778e-01 0.000000e+00 0.000000e+00 0.000000e+00 0.000000e+00 0.000000e+00
 0.000000e+00 0.000000e+00 0.000000e+00 0.000000e+00 0.000000e+00 0.000000e+00 0.000000e+00 0.000000e+00 0.000000e+00 0.000000e+00 0.000000e+00 0.000000e+00 0.000000e+00 0.000000e+00 0.000000e+00 0.000000e+00 0.000000e+00 0.000000e+00 0.000000e+00 5.833333e-01 4.166667e-01 0.000000e+00 0.000000e+00 0.000000e+00 0.000000e+00
 0.000000e+00 0.000000e+00 0.000000e+00 0.000000e+00 0.000000e+00 0.000000e+00 0.000000e+00 0.000000e+00 0.000000e+00 0.000000e+00 0.000000e+00 0.000000e+00 0.000000e+00 0.000000e+00 0.000000e+00 0.000000e+00 0.000000e+00 0.000000e+00 0.000000e+00 0.000000e+00 6.875000e-01 3.125000e-01 0.000000e+00 0.000000e+00 0.000000e+00
 0.000000e+00 0.000000e+00 0.000000e+00 0.000000e+00 0.000000e+00 0.000000e+00 0.000000e+00 0.000000e+00 0.000000e+00 0.000000e+00 0.000000e+00 0.000000e+00 0.000000e+00 0.000000e+00 0.000000e+00 0.000000e+00 0.000000e+00 0.000000e+00 0.000000e+00 0.000000e+00 0.000000e+00 4.444444e-01 5.555556e-01 0.000000e+00 0.000000e+00
 0.000000e+00 0.000000e+00 0.000000e+00 0.000000e+00 0.000000e+00 0.000000e+00 0.000000e+00 0.000000e+00 0.000000e+00 0.000000e+00 0.000000e+00 0.000000e+00 0.000000e+00 0.000000e+00 0.000000e+00 0.000000e+00 0.000000e+00 0.000000e+00 0.000000e+00 0.000000e+00 0.000000e+00 0.000000e+00 6.153846e-01 3.846154e-01 0.000000e+00
 0.000000e+00 0.000000e+00 0.000000e+00 0.000000e+00 0.000000e+00 0.000000e+00 0.000000e+00 0.000000e+00 0.000000e+00 0.000000e+00 0.000000e+00 0.000000e+00 0.000000e+00 0.000000e+00 0.000000e+00 0.000000e+00 0.000000e+00 0.000000e+00 0.000000e+00 0.000000e+00 0.000000e+00 0.000000e+00 0.000000e+00 5.833333e-01 4.166667e-01
 0.000000e+00 0.000000e+00 0.000000e+00 0.000000e+00 0.000000e+00 0.000000e+00 0.000000e+00 0.000000e+00 0.000000e+00 0.000000e+00 0.000000e+00 0.000000e+00 0.000000e+00 0.000000e+00 0.000000e+00 0.000000e+00 0.000000e+00 0.000000e+00 0.000000e+00 0.000000e+00 0.000000e+00 0.000000e+00 0.000000e+00 0.000000e+00 0.000000e+00
<ENDHMM>
