~o
<STREAMINFO> 1 39
<VECSIZE> 39<NULLD><MFCC_E_D_A><DIAGC>
~h "Ve^"
<BEGINHMM>
<NUMSTATES> 25
<STATE> 2
<MEAN> 39
 -4.206319e+00 -7.623618e+00 -8.369977e-01 -3.511116e+00 8.359051e-03 -4.480481e+00 1.754952e+00 -1.510709e+00 1.083410e+00 -1.615776e+00 2.331673e+00 -4.094300e-01 1.107402e-01 8.908809e-01 7.538238e-01 -1.887054e-01 -7.657983e-01 -6.833470e-01 -5.160214e-01 -3.394284e-01 -5.474687e-01 -7.935410e-01 -5.213464e-01 -7.938203e-01 -3.409314e-01 4.738289e-02 2.818454e-01 2.712037e-01 -1.523730e-01 -9.414002e-03 -2.136949e-01 6.126488e-02 -2.525512e-01 7.521966e-03 -3.357692e-01 -3.783186e-01 -5.098619e-01 -6.619895e-01 1.466913e-02
<VARIANCE> 39
 2.210043e+00 2.738590e+00 4.234113e+00 6.700690e+00 5.076559e+00 9.096388e+00 2.575696e+01 3.022564e+01 4.607296e+00 5.452691e+00 1.404914e+01 6.933686e+00 1.000000e-02 7.328255e-01 3.114390e-01 6.004331e-01 2.415571e-01 2.899693e-01 7.384186e-01 1.367643e+00 2.041498e+00 8.293145e-01 1.449507e+00 1.691677e+00 1.168681e+00 1.000000e-02 1.940015e-01 2.837968e-02 7.033446e-02 1.468756e-01 6.944502e-02 2.008879e-01 4.336559e-01 9.224163e-01 1.077572e-01 2.230576e-01 1.044222e-01 2.361711e-01 1.000000e-02
<GCONST> 5.584938e+01
<STATE> 3
<MEAN> 39
 -4.550363e+00 -5.497800e+00 -1.661208e+00 -3.009156e+00 5.092995e-01 -4.459414e+00 -2.342127e+00 -6.963533e-01 -4.024856e-01 -2.789871e+00 2.903235e-01 -3.027409e+00 1.391042e-01 4.960335e-01 4.659004e-01 -1.654661e-01 2.331355e-01 -7.085949e-01 -1.517533e-01 -2.035475e-01 5.127597e-01 -5.273682e-01 -2.460009e-01 -4.904249e-01 -8.591631e-01 3.103382e-02 1.640790e-02 -2.442988e-01 3.637812e-02 9.658293e-02 1.701910e-01 4.483112e-02 9.486081e-02 5.506198e-02 8.004143e-02 9.517648e-03 1.346625e-01 9.119138e-02 1.551439e-03
<VARIANCE> 39
 1.383053e+01 1.086353e+01 7.379624e+00 1.272655e+01 1.905021e+01 6.256493e+00 2.247428e+01 1.653205e+01 1.152501e+01 2.123100e+01 1.488632e+01 8.925521e+00 1.742351e-02 2.490259e+00 1.953192e+00 1.139737e+00 3.026719e+00 1.995953e+00 7.164921e-01 3.089822e+00 3.662888e+00 2.017555e+00 1.786002e+00 1.704794e+00 1.527587e+00 1.000000e-02 2.868533e-01 3.987178e-01 1.412801e-01 3.940719e-01 4.345030e-01 1.238276e-01 4.542958e-01 6.885170e-01 3.877767e-01 2.612226e-01 1.779037e-01 8.260699e-02 1.000000e-02
<GCONST> 8.125153e+01
<STATE> 4
<MEAN> 39
 3.926358e+00 -2.630647e+00 -3.293072e+00 -6.637755e+00 -4.485297e+00 -5.550694e+00 -3.940633e-01 -3.035550e+00 -6.168108e+00 -7.001429e+00 -4.925228e+00 -8.318933e+00 4.616220e-01 1.943039e-01 -1.553898e-01 -2.157207e-01 3.877414e-01 3.974732e-01 5.380106e-02 -6.475362e-01 -3.342179e-01 -4.728740e-01 -1.214525e+00 -1.517965e-01 -1.188637e+00 4.163526e-02 -8.516129e-01 -7.320386e-01 -1.599370e-01 2.899078e-01 4.410543e-01 -5.048898e-01 1.369476e-01 3.874587e-01 7.055349e-01 8.042289e-02 4.914354e-01 6.440970e-01 -1.392824e-02
<VARIANCE> 39
 2.960651e+01 4.714945e+00 6.206531e+00 1.839628e+01 5.564370e+00 1.098112e+01 4.248711e+00 2.228420e+01 8.844985e+00 1.828814e+01 2.123285e+01 1.033801e+01 2.845668e-02 3.128455e+00 1.361190e+00 6.003430e-01 1.082336e+00 1.024696e+00 6.995680e-01 5.750779e-01 2.853222e+00 2.252775e+00 1.550402e+00 3.040404e+00 1.043086e+00 1.000000e-02 3.720613e-01 1.342864e-01 2.818346e-01 8.612659e-01 2.437058e-01 6.184327e-01 5.436494e-01 9.078223e-01 2.688254e-01 2.114726e-01 2.761275e-01 1.313964e-01 1.000000e-02
<GCONST> 7.811486e+01
<STATE> 5
<MEAN> 39
 -1.792914e+00 -6.657130e+00 -2.055052e+00 -1.406755e+00 -5.489017e-01 -7.318270e+00 -2.866537e+00 -7.387305e-01 -1.698741e+00 -7.741352e+00 -5.922139e-01 -7.242982e+00 3.959717e-01 -6.766187e-01 -1.946194e+00 -1.699903e+00 -4.947778e-01 2.144327e-01 -2.408170e+00 1.892482e-01 1.077699e+00 1.135415e+00 -4.309900e-01 -3.643832e-01 1.108009e+00 4.587310e-02 1.657899e-01 -2.311630e-01 -6.122718e-01 -9.008670e-01 -6.542996e-01 -3.259184e-01 7.098656e-01 1.752906e-01 -7.389351e-02 4.699215e-01 -4.902445e-01 4.083658e-01 1.670286e-02
<VARIANCE> 39
 1.474171e+01 1.472598e+01 1.611339e+01 5.620210e+00 1.003476e+01 1.624211e+01 3.535532e+00 1.624773e+01 3.189183e+01 4.379156e+01 1.096625e+01 5.722090e+01 4.250235e-02 1.683306e+00 1.782077e+00 1.821810e+00 4.478252e+00 1.810299e+00 2.567581e+00 4.023497e+00 3.945686e+00 1.823162e+00 1.046928e+00 4.178009e-01 2.216715e+00 1.000000e-02 1.180678e-01 3.526748e-01 3.959143e-01 2.678667e-01 3.366457e-01 3.006873e-01 3.055491e-01 4.122240e-01 3.798598e-01 6.247849e-01 4.229496e-01 8.884830e-01 1.000000e-02
<GCONST> 8.788972e+01
<STATE> 6
<MEAN> 39
 -1.228012e+00 -1.251194e+01 -1.096528e+01 -8.152874e+00 -5.530979e+00 -1.382223e+01 6.938878e-01 2.990622e+00 5.561382e-01 -6.712276e+00 -5.189740e+00 -1.505617e+00 6.840751e-01 -3.577323e-01 -1.539714e+00 -2.434453e+00 -2.087150e+00 -2.443907e+00 -7.197548e-01 2.783755e+00 1.687612e+00 2.438847e-02 1.962572e+00 -1.250675e+00 1.075220e+00 9.608936e-02 -1.820175e-01 4.360605e-01 4.113144e-01 2.200215e-01 -3.024331e-01 1.176971e+00 3.720001e-01 6.237441e-02 -5.347038e-01 4.292339e-01 1.089234e-01 -5.865967e-01 -3.940457e-03
<VARIANCE> 39
 2.195278e+01 1.437318e+01 1.747129e+01 2.701278e+01 2.563530e+01 2.239981e+01 5.099411e+01 2.201800e+01 1.091263e+01 1.852209e+01 1.008413e+01 2.704737e+01 5.008743e-02 7.894178e-01 2.007072e+00 2.874496e+00 1.662050e+00 4.419896e+00 3.261398e+00 2.940444e+00 2.770274e+00 1.031722e+00 2.107806e+00 1.741038e+00 4.818779e+00 1.000000e-02 1.801016e-01 1.499319e-01 3.205981e-01 9.940878e-01 9.775577e-01 2.589553e-01 8.370865e-01 4.237615e-01 1.953604e-01 4.239005e-01 2.812350e-01 3.483993e-01 1.000000e-02
<GCONST> 9.339220e+01
<STATE> 7
<MEAN> 39
 -4.560957e+00 -1.386054e+01 -1.436581e+01 -9.591918e+00 -9.788686e+00 -1.136146e+01 8.589596e+00 8.966763e+00 -2.692050e+00 -8.468337e-01 -6.999227e+00 -2.762153e+00 8.794490e-01 -1.160403e+00 -7.347811e-01 -1.335675e-02 -4.843126e-01 -5.274794e-01 1.365705e+00 1.490147e+00 3.661769e-01 -1.105986e+00 7.504601e-01 -3.780315e-01 -5.580818e-01 3.526800e-02 1.312665e-01 1.984251e-01 8.426151e-01 2.799325e-01 6.994199e-01 1.439919e-01 -6.653624e-01 -8.648158e-01 -2.703375e-02 -6.469125e-01 4.213646e-01 -1.831832e-01 -2.207555e-02
<VARIANCE> 39
 7.182830e+00 9.244296e+00 3.324125e+01 1.482344e+01 3.580507e+01 4.886262e+01 2.939537e+01 4.661658e+01 2.709589e+01 6.473770e+00 1.436013e+01 1.390279e+01 5.057910e-02 6.938507e-01 5.052060e-01 1.174947e+00 2.128867e+00 1.590873e+00 1.048281e+00 2.092545e+00 2.663157e+00 6.619593e-01 3.254936e+00 1.797704e+00 1.650432e+00 1.000000e-02 6.841815e-02 7.704469e-02 3.313064e-01 2.891134e-01 4.132588e-01 2.684149e-01 2.363203e-01 4.992622e-01 3.118676e-01 1.620851e-01 2.466621e-01 3.676554e-01 1.000000e-02
<GCONST> 8.167258e+01
<STATE> 8
<MEAN> 39
 -5.289089e+00 -1.470426e+01 -9.271367e+00 -1.040836e+01 -8.570393e+00 -7.686158e+00 8.038479e+00 2.929279e+00 -4.024348e+00 -3.061214e+00 -4.961051e+00 -5.302410e+00 7.842768e-01 -3.946710e-01 -1.822921e-01 6.094416e-01 -5.890515e-02 1.749680e-01 4.796357e-01 1.217773e-01 -5.426458e-01 -2.052151e-01 1.877094e-01 6.550171e-01 2.735601e-01 2.652633e-03 3.750654e-02 -1.734842e-02 -2.183460e-01 1.303650e-01 -5.045339e-02 -1.832417e-01 -1.874221e-01 1.533396e-01 3.576325e-01 2.399328e-01 1.386019e-01 3.185547e-01 -3.778088e-04
<VARIANCE> 39
 6.781037e+00 3.664282e+01 4.652120e+01 1.898863e+01 3.239968e+01 3.242545e+01 2.845119e+01 1.547340e+01 1.029921e+01 7.705497e+00 1.278128e+01 1.747285e+01 1.056540e-01 2.929499e-01 5.789530e-01 1.023123e+00 1.075778e+00 7.356701e-01 1.858966e-01 7.402312e-01 1.997496e+00 1.487435e+00 4.930362e-01 9.046655e-01 6.401713e-01 1.000000e-02 1.075310e-01 3.316325e-01 6.330349e-02 2.322574e-01 8.759420e-02 8.460376e-02 1.539042e-01 1.997874e-01 8.303559e-02 2.306011e-01 2.459898e-01 1.757960e-01 1.000000e-02
<GCONST> 6.817564e+01
<STATE> 9
<MEAN> 39
 -5.929990e+00 -1.480228e+01 -1.072221e+01 -8.553847e+00 -6.909889e+00 -9.135901e+00 9.397150e+00 4.124471e+00 -3.484073e+00 -5.255272e-01 -3.431502e+00 -4.738946e+00 8.182348e-01 -3.949454e-02 -6.409176e-01 -2.876558e-01 -3.486440e-01 -8.660196e-01 2.808448e-02 9.228081e-02 2.782540e-01 5.311421e-01 6.573767e-01 1.032630e-01 -7.935711e-02 2.886836e-02 2.271218e-01 -9.892590e-02 -1.272892e-01 -3.085300e-01 -3.229483e-01 -3.400200e-01 1.225631e-01 2.166011e-02 9.401242e-02 -4.417266e-02 -3.684050e-01 -1.410418e-01 7.298626e-03
<VARIANCE> 39
 2.581147e+00 1.345835e+01 2.904290e+01 1.847175e+01 2.942039e+01 3.207689e+01 5.481366e+01 1.542998e+01 2.525184e+00 1.718021e+01 4.686679e+00 1.751115e+01 5.992483e-02 3.909405e-01 2.524343e+00 4.136694e-01 2.130342e+00 8.622102e-01 8.400934e-01 1.970812e-01 3.636239e-01 7.226258e-01 1.692589e+00 5.647953e-01 9.694433e-01 1.000000e-02 9.681480e-02 1.646026e-01 2.268092e-01 3.905334e-01 1.503417e-01 1.684123e-01 3.117579e-01 1.777563e-01 2.021771e-01 9.792089e-02 9.754316e-02 6.695631e-02 1.000000e-02
<GCONST> 6.566845e+01
<STATE> 10
<MEAN> 39
 -4.146730e+00 -1.715134e+01 -1.064985e+01 -1.255275e+01 -1.109007e+01 -9.887797e+00 8.154786e+00 3.036852e+00 3.196006e-01 -2.268269e+00 -6.302935e+00 -1.518135e+00 8.876369e-01 5.554821e-01 -7.603682e-01 -8.251246e-01 -1.117089e+00 -8.114203e-01 -1.387393e+00 2.037742e+00 -9.306487e-01 1.256540e+00 -1.745100e-02 -8.294945e-01 1.974133e-01 5.404806e-02 -1.827179e-01 2.504982e-01 3.497071e-01 3.652130e-01 3.103565e-01 3.383476e-01 2.633981e-01 -2.646820e-01 1.009099e-01 -1.137578e-01 3.303616e-01 -3.383652e-01 -9.107490e-03
<VARIANCE> 39
 1.628493e+01 3.957084e+00 2.159197e+01 4.906516e+00 5.481008e+00 5.997979e+01 3.951434e+01 2.896380e+01 1.038707e+01 4.997129e+01 1.497759e+01 3.326433e+01 1.506525e-02 5.876430e-01 3.639221e-01 3.603370e+00 1.730279e+00 6.943073e-01 3.735188e+00 6.312891e+00 1.717666e+00 1.657015e+00 7.116345e-01 1.386254e+00 7.163978e-01 1.000000e-02 1.310536e-01 1.427158e-01 2.841767e-01 3.554167e-01 1.667609e-01 6.841346e-01 5.335997e-01 2.206837e-01 1.208751e-01 1.959111e-01 3.386081e-01 1.334457e-01 1.000000e-02
<GCONST> 7.876165e+01
<STATE> 11
<MEAN> 39
 -6.149336e+00 -1.786937e+01 -1.029099e+01 -1.314818e+01 -1.318128e+01 -6.161218e+00 1.144277e+01 2.133865e+00 4.710982e-01 -3.478743e-01 -5.003155e+00 -3.535006e+00 9.718919e-01 -8.249380e-02 -1.290330e-01 7.230254e-01 -2.107702e-01 -2.665187e-01 3.023545e-01 1.959005e-01 -4.159465e-01 6.178265e-01 9.567146e-02 2.706413e-01 -7.616508e-01 4.405474e-03 3.250104e-02 3.726030e-02 8.187287e-02 3.500776e-02 1.366837e-01 -1.264526e-01 -2.232445e-01 1.090589e-01 -1.295605e-01 1.227084e-01 7.087269e-02 2.473352e-02 -5.512904e-03
<VARIANCE> 39
 1.259093e+01 4.030623e+00 3.247087e+00 1.932439e+00 1.729939e+01 4.623530e+01 1.898532e+01 4.007062e+01 3.697042e+01 4.232086e+01 9.708620e+00 1.731483e+01 1.000000e-02 2.598532e-01 3.129888e-01 1.995563e-01 2.246663e-01 2.854335e-01 9.187582e-01 1.575592e+00 4.609196e-01 1.505693e+00 3.634082e-01 6.449620e-01 4.041168e-01 1.000000e-02 5.410152e-02 5.220450e-02 1.430764e-01 3.069389e-02 6.159673e-02 2.753476e-01 4.720471e-01 1.558640e-01 4.194821e-01 1.241456e-01 1.135018e-01 6.532855e-02 1.000000e-02
<GCONST> 5.436067e+01
<STATE> 12
<MEAN> 39
 -5.242848e+00 -1.815011e+01 -9.975195e+00 -1.279669e+01 -1.246532e+01 -1.121392e+01 1.391371e+01 1.779075e+00 1.232722e+00 1.452214e+00 -3.914284e+00 -7.359509e+00 9.817663e-01 1.223731e-01 -5.417648e-02 6.846090e-02 -5.557500e-02 -2.197478e-01 -4.358680e-01 1.018586e-01 -3.197458e-02 -1.503728e-01 7.656000e-01 1.641112e-01 -3.521108e-01 -8.043083e-04 6.617726e-02 7.777376e-02 -1.194846e-01 5.599920e-02 -5.195692e-02 1.662103e-02 -1.392997e-01 1.538144e-01 -1.232067e-01 1.046860e-01 -3.486675e-02 2.640071e-01 -2.095009e-03
<VARIANCE> 39
 2.991208e+00 4.205585e+00 3.569930e+00 4.435470e+00 1.244815e+01 3.041262e+01 1.438743e+01 3.677357e+01 4.533797e+00 3.651877e+01 7.157154e+00 2.701020e+01 1.000000e-02 1.913640e-01 1.238760e-01 3.636219e-01 4.508402e-01 5.269390e-01 6.397375e-01 2.983259e-01 5.791249e-01 7.187217e-01 3.502539e-01 4.097230e-01 2.729150e-01 1.000000e-02 1.169893e-02 2.771586e-02 7.626980e-02 1.180818e-01 1.259690e-01 9.006726e-02 5.031843e-02 6.953285e-02 1.943200e-01 5.946010e-02 2.925461e-02 4.880191e-02 1.000000e-02
<GCONST> 3.988295e+01
<STATE> 13
<MEAN> 39
 -5.142007e+00 -1.808944e+01 -1.017090e+01 -1.298130e+01 -1.388643e+01 -9.006956e+00 1.133699e+01 1.946354e+00 1.346608e-01 2.925488e+00 -5.632119e+00 -4.949958e+00 9.685236e-01 3.176183e-01 -3.225778e-02 2.576752e-01 -7.994880e-02 -5.688578e-01 -2.405193e-02 -2.807808e-01 3.111460e-01 2.608450e-01 7.115823e-01 2.725598e-02 6.103635e-01 -4.611554e-03 9.383745e-03 2.919410e-02 8.107492e-02 -2.598443e-02 -1.806601e-01 1.281828e-01 6.206725e-02 -2.126420e-01 2.567345e-01 -9.642904e-02 1.330481e-01 4.686011e-03 -2.242137e-03
<VARIANCE> 39
 1.482050e+00 1.222564e+00 6.491554e+00 9.727135e+00 1.349662e+01 3.268386e+01 2.119314e+01 3.961539e+01 1.333001e+01 4.846491e+01 3.798443e+00 2.497663e+01 1.000000e-02 3.232396e-01 1.239897e-01 4.811285e-01 8.895531e-01 1.161033e+00 1.091830e+00 5.142701e-01 3.558616e-01 1.186374e-01 7.594856e-01 3.741199e-01 4.786213e-01 1.000000e-02 2.051308e-02 1.787325e-02 7.009546e-02 1.919666e-01 2.394011e-01 2.537554e-01 9.283815e-02 1.289860e-01 1.967344e-01 7.389195e-02 5.196264e-02 9.297784e-02 1.000000e-02
<GCONST> 4.778454e+01
<STATE> 14
<MEAN> 39
 -4.223557e+00 -1.802164e+01 -8.178614e+00 -1.407107e+01 -1.437873e+01 -1.126255e+01 1.282080e+01 2.423379e+00 1.829863e+00 4.736814e+00 -2.231909e+00 -5.578788e+00 9.507417e-01 2.074254e-01 1.860486e-01 4.071515e-02 1.456224e-01 -1.002493e+00 2.052265e-01 1.358485e-01 -6.025417e-01 6.758414e-01 7.401409e-01 5.613832e-01 4.336563e-01 -1.422404e-02 6.459170e-03 1.022261e-01 -2.347537e-01 3.684685e-01 -3.145472e-01 3.604588e-01 -3.504423e-02 -2.041019e-01 8.252678e-02 4.040797e-03 3.090099e-02 5.671053e-02 -3.508442e-03
<VARIANCE> 39
 2.309350e+00 3.180891e+00 3.457876e+00 3.472915e+00 7.275897e+00 3.391581e+01 3.004901e+01 3.190279e+01 8.365962e+00 3.821174e+01 6.330816e+00 2.658395e+01 1.000000e-02 6.857442e-02 1.288785e-01 4.434965e-01 7.487879e-01 7.777975e-01 8.500233e-01 4.562016e-01 7.452278e-01 1.320022e+00 5.233106e-01 3.250694e-01 1.361495e+00 1.000000e-02 3.592429e-02 6.769682e-02 8.419381e-02 3.589365e-02 1.693788e-01 4.459654e-02 9.758618e-02 6.502802e-02 5.370623e-02 1.760486e-01 1.299102e-01 2.289688e-01 1.000000e-02
<GCONST> 4.715680e+01
<STATE> 15
<MEAN> 39
 -3.958045e+00 -1.651452e+01 -1.008035e+01 -1.108450e+01 -1.829346e+01 -8.173379e+00 1.251268e+01 6.954371e-01 3.585777e+00 6.995527e+00 -3.199327e+00 -3.854947e+00 9.115130e-01 3.895437e-01 5.136039e-01 -2.178389e-01 7.317214e-01 -1.536017e+00 1.063198e+00 -7.294191e-01 -4.735034e-01 3.506137e-01 4.510240e-01 4.357315e-01 3.742352e-01 -1.784183e-02 1.120424e-01 4.944507e-03 7.555477e-02 -1.214621e-01 -1.434298e-01 1.655832e-01 -4.110584e-01 5.203016e-02 -1.219595e-01 -3.292884e-01 7.092293e-02 -1.656262e-01 -1.996210e-03
<VARIANCE> 39
 1.252366e+00 7.147503e+00 1.215444e+01 1.339682e+01 3.354920e+00 3.168596e+01 2.015068e+01 5.272574e+01 1.287530e+01 3.184846e+01 6.141681e+00 8.507914e+00 1.000000e-02 2.485927e-01 6.852465e-01 4.282551e-01 4.907454e-01 1.059259e+00 2.456046e-01 6.617919e-01 5.639988e-01 3.835790e-01 9.199497e-01 8.017467e-01 9.156423e-01 1.000000e-02 3.992700e-02 6.921171e-02 8.051413e-02 1.943140e-01 1.026066e-01 2.215696e-01 1.185769e-01 1.641051e-01 1.673958e-01 8.722559e-02 4.297233e-02 2.670662e-01 1.000000e-02
<GCONST> 5.327445e+01
<STATE> 16
<MEAN> 39
 -2.472669e+00 -1.660727e+01 -8.772635e+00 -1.158485e+01 -2.274924e+01 -5.210499e+00 7.792134e+00 -1.289894e+00 2.921664e+00 6.686197e+00 -1.496361e+00 -3.328953e+00 8.619974e-01 7.689254e-01 2.804449e-01 2.795001e-01 2.566287e-01 -1.375407e+00 1.140305e+00 -9.540593e-01 -2.273227e-01 1.649576e-01 -5.870230e-01 6.211113e-01 -3.108664e-01 -2.575094e-02 -2.669615e-02 3.362697e-02 9.341101e-02 -1.104179e-01 3.382360e-01 -1.072231e-01 3.778401e-01 8.674163e-02 1.070414e-01 -3.258591e-01 5.401539e-02 -1.497198e-01 -3.710712e-03
<VARIANCE> 39
 3.933852e+00 7.881333e+00 1.421208e+01 9.828945e+00 1.629882e+01 2.365347e+01 2.149869e+01 4.292807e+01 9.543048e+00 2.012971e+01 2.195545e+01 8.268341e+00 1.000000e-02 3.073288e-01 2.738417e-01 7.469097e-01 1.583438e+00 1.852747e+00 2.702039e+00 2.775120e+00 1.067226e+00 9.340826e-01 6.606133e-01 8.838367e-01 7.565796e-01 1.000000e-02 3.733030e-02 9.614763e-02 9.839849e-02 8.379172e-02 2.486595e-01 1.269518e-01 2.202952e-01 1.683352e-01 8.319362e-02 1.542368e-01 9.683390e-02 1.181820e-01 1.000000e-02
<GCONST> 6.297646e+01
<STATE> 17
<MEAN> 39
 -8.640944e-01 -1.489774e+01 -9.417740e+00 -1.037780e+01 -2.412231e+01 -3.971610e+00 7.843280e+00 -1.001922e+00 5.512236e+00 4.106131e+00 1.391824e-01 -4.673665e+00 7.966406e-01 3.167687e-01 2.590087e-01 5.873846e-01 -7.869530e-02 -6.061350e-01 6.205981e-01 -1.819276e-01 1.616291e-01 3.483610e-01 -8.193185e-01 5.964881e-01 -3.832285e-01 -3.296135e-02 -5.395097e-02 -7.864230e-02 2.472891e-01 2.292666e-02 3.386692e-01 -2.388762e-01 3.197512e-01 -1.830288e-02 -1.825282e-01 1.206292e-01 -2.534518e-01 9.696558e-03 -3.145483e-03
<VARIANCE> 39
 5.529253e+00 6.601696e+00 1.687393e+01 2.095770e+01 2.159349e+01 3.059576e+01 1.576064e+01 2.182097e+01 7.231213e+00 9.180651e+00 1.709949e+01 1.009935e+01 1.000000e-02 2.169807e-01 2.228591e-01 8.940638e-01 6.668147e-01 9.750666e-01 9.552718e-01 4.493222e+00 1.694375e+00 6.224815e-01 1.272014e+00 2.831824e-01 3.618225e-01 1.000000e-02 7.926602e-02 3.977456e-02 9.695234e-02 1.789146e-01 4.304532e-01 4.317707e-01 8.477278e-01 2.438321e-01 1.118780e-01 2.177715e-01 1.524190e-01 8.500405e-02 1.000000e-02
<GCONST> 6.377486e+01
<STATE> 18
<MEAN> 39
 2.145831e-01 -1.528125e+01 -5.388244e+00 -1.023729e+01 -2.549145e+01 -1.537113e+00 8.316128e+00 -1.051135e+00 5.226914e+00 2.747283e+00 7.797822e-01 -5.357690e+00 6.940693e-01 3.922076e-01 3.022409e-01 1.059937e+00 2.387463e-01 6.600374e-01 3.122226e-01 6.181872e-01 -6.206642e-01 -7.211683e-02 -2.201402e-01 -4.072099e-01 -1.242716e-01 -4.353883e-02 -6.752076e-02 1.859569e-01 -2.996477e-02 -2.417597e-02 9.315431e-01 -2.379448e-01 -3.968357e-02 -1.859548e-01 -2.644236e-01 1.164188e-01 -6.382309e-02 9.926610e-02 -6.621817e-03
<VARIANCE> 39
 6.990854e+00 1.161530e+01 3.049939e+01 2.141165e+01 1.424424e+01 1.560027e+01 3.821939e+01 1.728203e+01 1.589781e+01 7.097148e+00 9.411892e+00 2.320943e+01 1.000000e-02 7.395451e-01 4.510005e-01 6.509282e-01 8.083357e-01 3.822546e+00 2.159595e+00 1.574711e+00 8.657518e-01 4.891073e-01 1.431148e+00 1.798023e+00 7.251875e-01 1.000000e-02 1.712246e-01 1.712008e-01 4.130285e-01 2.327587e-01 2.016448e-01 2.499979e-01 5.458408e-01 1.427631e-01 2.916732e-01 2.507640e-01 2.237091e-01 2.516722e-01 1.000000e-02
<GCONST> 7.443496e+01
<STATE> 19
<MEAN> 39
 9.224874e-01 -1.323945e+01 -4.807176e+00 -1.066646e+01 -2.075073e+01 -1.676976e+00 8.582251e+00 -2.727679e+00 4.920085e+00 4.688997e+00 9.481296e-01 -4.956755e+00 5.571702e-01 1.598771e-01 6.128986e-01 8.717378e-01 4.630961e-01 4.017304e+00 -6.995623e-01 -2.875346e-01 -7.577749e-01 -1.289851e+00 -8.332030e-01 1.063934e-01 1.434121e-01 -7.312762e-02 -2.936767e-01 5.633062e-02 7.134154e-03 2.101978e-01 4.170570e-01 -2.555475e-01 -2.473116e-01 2.523808e-01 -5.070503e-01 -4.567107e-01 -1.543077e-01 4.092938e-02 -5.211645e-03
<VARIANCE> 39
 2.037352e+00 6.020246e+00 1.856756e+01 9.411663e+00 4.144240e+01 1.187533e+01 1.771780e+01 1.418088e+01 4.810634e+00 8.584041e+00 1.055068e+01 2.261621e+01 1.057835e-02 1.186719e+00 1.770980e+00 4.700267e+00 1.303931e+00 2.024631e+00 1.356215e+00 9.641005e-01 6.481422e-01 3.564262e+00 1.309375e+00 1.252437e+00 2.215895e+00 1.000000e-02 1.339271e-01 1.436540e-01 3.698430e-01 2.082937e-01 6.475953e-01 3.810117e-01 1.998862e-01 1.997127e-01 2.392680e-01 2.127095e-01 2.601098e-01 2.193691e-01 1.000000e-02
<GCONST> 7.518952e+01
<STATE> 20
<MEAN> 39
 -2.518068e-01 -1.378293e+01 -2.005689e+00 -9.178445e+00 -1.520525e+01 -3.668635e+00 7.818146e+00 -3.715624e+00 -2.316391e-01 -2.381170e+00 -9.830838e-01 -5.945798e+00 4.521538e-01 -1.482821e-01 1.922688e-01 7.586166e-01 5.613440e-01 2.200860e+00 -9.428110e-01 4.802944e-02 -4.682089e-02 -1.373134e+00 -8.189017e-01 -7.693966e-01 -1.136540e-01 -5.210289e-02 7.174160e-02 -4.020163e-02 -2.059386e-01 2.270201e-02 -2.328701e-01 2.050054e-01 1.155582e-01 4.137804e-01 4.970194e-01 4.500019e-01 1.519474e-02 1.912875e-01 9.102847e-03
<VARIANCE> 39
 8.806375e+00 1.580257e+01 3.397794e+00 8.142488e+00 5.223485e+01 7.794466e+00 2.186669e+01 1.715074e+01 2.489367e+01 6.933175e+00 1.109846e+01 5.835621e+00 2.778724e-02 6.361739e-01 1.043738e+00 5.872559e-01 1.693802e+00 1.152007e+00 1.441307e+00 1.343310e+00 1.284167e+00 1.225876e+00 1.456300e+00 1.262058e+00 2.551026e-01 1.000000e-02 1.529741e-01 3.511970e-01 3.417337e-01 2.189266e-01 6.354572e-01 2.302066e-01 1.281263e-01 2.175149e-01 4.733701e-01 2.309826e-01 3.733570e-01 1.414065e-01 1.000000e-02
<GCONST> 7.230746e+01
<STATE> 21
<MEAN> 39
 4.065372e-01 -1.142315e+01 -3.949679e-01 -6.865815e+00 -8.494217e+00 -5.625814e+00 9.680675e+00 -9.052040e-01 -4.570013e-01 -3.395941e-01 -1.577965e+00 -4.439185e+00 3.166547e-01 -2.030733e-01 6.589261e-01 -3.974309e-01 -6.480443e-02 1.780514e+00 6.481873e-01 5.279250e-01 1.112627e+00 6.693083e-01 4.693075e-01 1.011224e-01 6.406733e-01 -2.394349e-02 -1.201611e-01 2.205052e-02 -3.693459e-01 -2.114888e-01 -4.720831e-01 3.474276e-01 -5.606541e-02 -1.402129e-01 5.214301e-01 2.870636e-01 2.431663e-01 -1.404102e-01 7.667057e-03
<VARIANCE> 39
 5.631267e+00 8.333810e+00 5.155756e+00 4.029108e+00 8.168880e+00 6.644456e+00 2.415718e+01 9.541421e+00 6.900032e+00 6.047305e+00 6.845741e+00 5.634478e+00 1.000000e-02 3.861552e-01 6.065603e-01 4.977727e-01 1.887610e+00 2.141942e+00 2.634968e-01 1.086869e+00 2.268602e+00 1.791878e+00 1.322709e+00 1.242595e+00 6.565244e-01 1.000000e-02 7.217031e-02 7.060549e-02 1.337653e-01 3.509196e-01 8.519039e-02 2.067571e-01 3.206433e-01 6.025441e-01 3.567867e-01 1.084115e-01 3.050028e-01 1.202554e-01 1.000000e-02
<GCONST> 6.045872e+01
<STATE> 22
<MEAN> 39
 -8.530452e-01 -1.036699e+01 -3.630472e+00 -7.802161e+00 -5.228872e+00 -3.697082e+00 1.015911e+01 2.438242e-01 1.757719e+00 1.213021e+00 -1.033462e+00 -4.908380e+00 2.654908e-01 -5.651017e-01 5.488154e-01 -1.945793e-01 3.152696e-01 4.733782e-01 -3.692453e-01 -6.625867e-01 -1.414474e-01 3.911490e-01 -1.085638e-01 3.164393e-01 -4.326126e-01 -2.588163e-02 -4.276998e-02 -1.282820e-01 2.723250e-01 1.062783e-01 -4.382536e-01 -2.545681e-01 -3.087414e-01 -3.488099e-01 -2.901438e-01 -2.343441e-01 2.318078e-01 -3.851911e-02 -4.706250e-04
<VARIANCE> 39
 6.692235e+00 4.682748e+00 2.039745e+00 1.204207e+01 6.239945e+00 6.439743e+00 7.549347e+00 8.831205e+00 4.490924e+00 1.263049e+01 4.194058e+00 7.273755e+00 1.053731e-02 3.000606e-01 3.363342e-01 4.427574e-01 9.718350e-01 1.284527e+00 7.872888e-01 1.319261e+00 1.262159e+00 7.235392e-01 8.121813e-01 1.269020e+00 4.330575e-01 1.000000e-02 1.046119e-01 4.968986e-02 3.610298e-02 2.388390e-01 2.195021e-01 1.440115e-01 1.327794e-01 1.030589e-01 1.717874e-01 4.597687e-01 1.418433e-01 1.810509e-01 1.000000e-02
<GCONST> 5.220442e+01
<STATE> 23
<MEAN> 39
 -2.393067e+00 -8.884448e+00 -1.402343e+00 -5.769201e+00 -4.520226e+00 -5.358606e+00 6.094658e+00 -2.388795e+00 1.540345e+00 6.401340e-02 1.271349e+00 -4.560772e+00 1.901227e-01 -7.020640e-01 3.575184e-02 5.908402e-01 5.972469e-01 4.101658e-01 4.965729e-02 -7.278942e-01 -7.632162e-04 -3.100693e-02 -4.369340e-01 6.345816e-01 9.060758e-01 -3.280799e-02 -5.436201e-02 -1.554661e-01 3.170263e-02 6.887362e-02 1.044735e-01 9.547040e-02 1.216994e-01 3.502550e-01 -3.270283e-02 -1.307228e-01 -2.327115e-01 2.925349e-01 -2.068386e-04
<VARIANCE> 39
 2.588745e+00 2.609432e+00 7.706599e+00 7.431503e+00 4.333092e+00 9.155124e+00 3.527709e+00 1.017841e+01 4.549172e+00 1.375713e+01 1.090810e+01 6.372284e+00 1.000000e-02 6.168469e-01 4.570472e-01 2.906249e-01 2.874718e-01 7.457905e-01 6.358628e-01 3.856397e-01 1.801952e+00 9.911145e-01 2.955622e+00 4.160430e-01 7.720994e-01 1.000000e-02 4.930852e-02 2.098052e-02 8.858667e-02 1.107459e-01 9.782761e-02 1.574974e-01 1.614910e-01 2.613954e-01 9.477013e-02 2.563706e-01 1.882758e-01 2.095719e-01 1.000000e-02
<GCONST> 4.875394e+01
<STATE> 24
<MEAN> 39
 -4.515073e+00 -1.016916e+01 -5.185574e-01 -5.045195e+00 -4.361049e+00 -4.316721e+00 5.586190e+00 3.968342e-01 6.594369e-01 -1.743655e+00 1.291840e+00 -1.292301e+00 8.999105e-02 -5.402796e-01 -1.051401e-01 4.519569e-01 6.883587e-01 5.330322e-01 -1.087600e-01 -4.640442e-01 2.911020e-01 -2.695625e-01 -6.956607e-01 -3.276289e-01 2.368792e-01 -2.245894e-02 2.941194e-01 2.187959e-01 -3.997414e-02 8.319503e-03 8.023893e-02 -1.305482e-01 -1.954283e-02 -2.902352e-01 1.771497e-01 2.999563e-01 7.461876e-02 -4.299701e-01 1.135184e-02
<VARIANCE> 39
 2.708302e+00 2.023555e+00 4.185056e+00 4.995895e+00 1.204386e+01 6.755074e+00 7.838099e+00 3.738451e+00 9.081669e+00 1.793963e+01 9.757183e+00 6.470602e+00 1.000000e-02 1.628078e-01 6.799892e-02 3.879555e-01 2.537007e-01 3.213328e-01 7.146297e-01 6.034786e-01 9.197736e-01 7.346678e-01 3.802914e-01 6.862586e-01 8.811460e-01 1.000000e-02 7.457157e-02 5.347835e-02 4.208514e-02 3.702671e-02 2.036343e-01 5.356560e-02 9.538520e-02 1.489774e-01 7.783649e-02 2.840661e-01 9.776619e-02 1.525866e-01 1.000000e-02
<GCONST> 4.018042e+01
<TRANSP> 25
 0.000000e+00 1.000000e+00 0.000000e+00 0.000000e+00 0.000000e+00 0.000000e+00 0.000000e+00 0.000000e+00 0.000000e+00 0.000000e+00 0.000000e+00 0.000000e+00 0.000000e+00 0.000000e+00 0.000000e+00 0.000000e+00 0.000000e+00 0.000000e+00 0.000000e+00 0.000000e+00 0.000000e+00 0.000000e+00 0.000000e+00 0.000000e+00 0.000000e+00
 0.000000e+00 6.153846e-01 3.846154e-01 0.000000e+00 0.000000e+00 0.000000e+00 0.000000e+00 0.000000e+00 0.000000e+00 0.000000e+00 0.000000e+00 0.000000e+00 0.000000e+00 0.000000e+00 0.000000e+00 0.000000e+00 0.000000e+00 0.000000e+00 0.000000e+00 0.000000e+00 0.000000e+00 0.000000e+00 0.000000e+00 0.000000e+00 0.000000e+00
 0.000000e+00 0.000000e+00 7.222222e-01 2.777778e-01 0.000000e+00 0.000000e+00 0.000000e+00 0.000000e+00 0.000000e+00 0.000000e+00 0.000000e+00 0.000000e+00 0.000000e+00 0.000000e+00 0.000000e+00 0.000000e+00 0.000000e+00 0.000000e+00 0.000000e+00 0.000000e+00 0.000000e+00 0.000000e+00 0.000000e+00 0.000000e+00 0.000000e+00
 0.000000e+00 0.000000e+00 0.000000e+00 5.454546e-01 4.545455e-01 0.000000e+00 0.000000e+00 0.000000e+00 0.000000e+00 0.000000e+00 0.000000e+00 0.000000e+00 0.000000e+00 0.000000e+00 0.000000e+00 0.000000e+00 0.000000e+00 0.000000e+00 0.000000e+00 0.000000e+00 0.000000e+00 0.000000e+00 0.000000e+00 0.000000e+00 0.000000e+00
 0.000000e+00 0.000000e+00 0.000000e+00 0.000000e+00 5.454546e-01 4.545455e-01 0.000000e+00 0.000000e+00 0.000000e+00 0.000000e+00 0.000000e+00 0.000000e+00 0.000000e+00 0.000000e+00 0.000000e+00 0.000000e+00 0.000000e+00 0.000000e+00 0.000000e+00 0.000000e+00 0.000000e+00 0.000000e+00 0.000000e+00 0.000000e+00 0.000000e+00
 0.000000e+00 0.000000e+00 0.000000e+00 0.000000e+00 0.000000e+00 5.454546e-01 4.545455e-01 0.000000e+00 0.000000e+00 0.000000e+00 0.000000e+00 0.000000e+00 0.000000e+00 0.000000e+00 0.000000e+00 0.000000e+00 0.000000e+00 0.000000e+00 0.000000e+00 0.000000e+00 0.000000e+00 0.000000e+00 0.000000e+00 0.000000e+00 0.000000e+00
 0.000000e+00 0.000000e+00 0.000000e+00 0.000000e+00 0.000000e+00 0.000000e+00 5.833333e-01 4.166667e-01 0.000000e+00 0.000000e+00 0.000000e+00 0.000000e+00 0.000000e+00 0.000000e+00 0.000000e+00 0.000000e+00 0.000000e+00 0.000000e+00 0.000000e+00 0.000000e+00 0.000000e+00 0.000000e+00 0.000000e+00 0.000000e+00 0.000000e+00
 0.000000e+00 0.000000e+00 0.000000e+00 0.000000e+00 0.000000e+00 0.000000e+00 0.000000e+00 6.153846e-01 3.846154e-01 0.000000e+00 0.000000e+00 0.000000e+00 0.000000e+00 0.000000e+00 0.000000e+00 0.000000e+00 0.000000e+00 0.000000e+00 0.000000e+00 0.000000e+00 0.000000e+00 0.000000e+00 0.000000e+00 0.000000e+00 0.000000e+00
 0.000000e+00 0.000000e+00 0.000000e+00 0.000000e+00 0.000000e+00 0.000000e+00 0.000000e+00 0.000000e+00 6.428571e-01 3.571429e-01 0.000000e+00 0.000000e+00 0.000000e+00 0.000000e+00 0.000000e+00 0.000000e+00 0.000000e+00 0.000000e+00 0.000000e+00 0.000000e+00 0.000000e+00 0.000000e+00 0.000000e+00 0.000000e+00 0.000000e+00
 0.000000e+00 0.000000e+00 0.000000e+00 0.000000e+00 0.000000e+00 0.000000e+00 0.000000e+00 0.000000e+00 0.000000e+00 2.857143e-01 7.142857e-01 0.000000e+00 0.000000e+00 0.000000e+00 0.000000e+00 0.000000e+00 0.000000e+00 0.000000e+00 0.000000e+00 0.000000e+00 0.000000e+00 0.000000e+00 0.000000e+00 0.000000e+00 0.000000e+00
 0.000000e+00 0.000000e+00 0.000000e+00 0.000000e+00 0.000000e+00 0.000000e+00 0.000000e+00 0.000000e+00 0.000000e+00 0.000000e+00 6.428571e-01 3.571429e-01 0.000000e+00 0.000000e+00 0.000000e+00 0.000000e+00 0.000000e+00 0.000000e+00 0.000000e+00 0.000000e+00 0.000000e+00 0.000000e+00 0.000000e+00 0.000000e+00 0.000000e+00
 0.000000e+00 0.000000e+00 0.000000e+00 0.000000e+00 0.000000e+00 0.000000e+00 0.000000e+00 0.000000e+00 0.000000e+00 0.000000e+00 0.000000e+00 6.666667e-01 3.333333e-01 0.000000e+00 0.000000e+00 0.000000e+00 0.000000e+00 0.000000e+00 0.000000e+00 0.000000e+00 0.000000e+00 0.000000e+00 0.000000e+00 0.000000e+00 0.000000e+00
 0.000000e+00 0.000000e+00 0.000000e+00 0.000000e+00 0.000000e+00 0.000000e+00 0.000000e+00 0.000000e+00 0.000000e+00 0.000000e+00 0.000000e+00 0.000000e+00 5.000000e-01 5.000000e-01 0.000000e+00 0.000000e+00 0.000000e+00 0.000000e+00 0.000000e+00 0.000000e+00 0.000000e+00 0.000000e+00 0.000000e+00 0.000000e+00 0.000000e+00
 0.000000e+00 0.000000e+00 0.000000e+00 0.000000e+00 0.000000e+00 0.000000e+00 0.000000e+00 0.000000e+00 0.000000e+00 0.000000e+00 0.000000e+00 0.000000e+00 0.000000e+00 5.454546e-01 4.545455e-01 0.000000e+00 0.000000e+00 0.000000e+00 0.000000e+00 0.000000e+00 0.000000e+00 0.000000e+00 0.000000e+00 0.000000e+00 0.000000e+00
 0.000000e+00 0.000000e+00 0.000000e+00 0.000000e+00 0.000000e+00 0.000000e+00 0.000000e+00 0.000000e+00 0.000000e+00 0.000000e+00 0.000000e+00 0.000000e+00 0.000000e+00 0.000000e+00 6.428571e-01 3.571429e-01 0.000000e+00 0.000000e+00 0.000000e+00 0.000000e+00 0.000000e+00 0.000000e+00 0.000000e+00 0.000000e+00 0.000000e+00
 0.000000e+00 0.000000e+00 0.000000e+00 0.000000e+00 0.000000e+00 0.000000e+00 0.000000e+00 0.000000e+00 0.000000e+00 0.000000e+00 0.000000e+00 0.000000e+00 0.000000e+00 0.000000e+00 0.000000e+00 5.454546e-01 4.545455e-01 0.000000e+00 0.000000e+00 0.000000e+00 0.000000e+00 0.000000e+00 0.000000e+00 0.000000e+00 0.000000e+00
 0.000000e+00 0.000000e+00 0.000000e+00 0.000000e+00 0.000000e+00 0.000000e+00 0.000000e+00 0.000000e+00 0.000000e+00 0.000000e+00 0.000000e+00 0.000000e+00 0.000000e+00 0.000000e+00 0.000000e+00 0.000000e+00 6.428571e-01 3.571429e-01 0.000000e+00 0.000000e+00 0.000000e+00 0.000000e+00 0.000000e+00 0.000000e+00 0.000000e+00
 0.000000e+00 0.000000e+00 0.000000e+00 0.000000e+00 0.000000e+00 0.000000e+00 0.000000e+00 0.000000e+00 0.000000e+00 0.000000e+00 0.000000e+00 0.000000e+00 0.000000e+00 0.000000e+00 0.000000e+00 0.000000e+00 0.000000e+00 5.833333e-01 4.166667e-01 0.000000e+00 0.000000e+00 0.000000e+00 0.000000e+00 0.000000e+00 0.000000e+00
 0.000000e+00 0.000000e+00 0.000000e+00 0.000000e+00 0.000000e+00 0.000000e+00 0.000000e+00 0.000000e+00 0.000000e+00 0.000000e+00 0.000000e+00 0.000000e+00 0.000000e+00 0.000000e+00 0.000000e+00 0.000000e+00 0.000000e+00 0.000000e+00 5.000000e-01 5.000000e-01 0.000000e+00 0.000000e+00 0.000000e+00 0.000000e+00 0.000000e+00
 0.000000e+00 0.000000e+00 0.000000e+00 0.000000e+00 0.000000e+00 0.000000e+00 0.000000e+00 0.000000e+00 0.000000e+00 0.000000e+00 0.000000e+00 0.000000e+00 0.000000e+00 0.000000e+00 0.000000e+00 0.000000e+00 0.000000e+00 0.000000e+00 0.000000e+00 5.833333e-01 4.166667e-01 0.000000e+00 0.000000e+00 0.000000e+00 0.000000e+00
 0.000000e+00 0.000000e+00 0.000000e+00 0.000000e+00 0.000000e+00 0.000000e+00 0.000000e+00 0.000000e+00 0.000000e+00 0.000000e+00 0.000000e+00 0.000000e+00 0.000000e+00 0.000000e+00 0.000000e+00 0.000000e+00 0.000000e+00 0.000000e+00 0.000000e+00 0.000000e+00 5.454546e-01 4.545455e-01 0.000000e+00 0.000000e+00 0.000000e+00
 0.000000e+00 0.000000e+00 0.000000e+00 0.000000e+00 0.000000e+00 0.000000e+00 0.000000e+00 0.000000e+00 0.000000e+00 0.000000e+00 0.000000e+00 0.000000e+00 0.000000e+00 0.000000e+00 0.000000e+00 0.000000e+00 0.000000e+00 0.000000e+00 0.000000e+00 0.000000e+00 0.000000e+00 6.428571e-01 3.571429e-01 0.000000e+00 0.000000e+00
 0.000000e+00 0.000000e+00 0.000000e+00 0.000000e+00 0.000000e+00 0.000000e+00 0.000000e+00 0.000000e+00 0.000000e+00 0.000000e+00 0.000000e+00 0.000000e+00 0.000000e+00 0.000000e+00 0.000000e+00 0.000000e+00 0.000000e+00 0.000000e+00 0.000000e+00 0.000000e+00 0.000000e+00 0.000000e+00 6.428571e-01 3.571429e-01 0.000000e+00
 0.000000e+00 0.000000e+00 0.000000e+00 0.000000e+00 0.000000e+00 0.000000e+00 0.000000e+00 0.000000e+00 0.000000e+00 0.000000e+00 0.000000e+00 0.000000e+00 0.000000e+00 0.000000e+00 0.000000e+00 0.000000e+00 0.000000e+00 0.000000e+00 0.000000e+00 0.000000e+00 0.000000e+00 0.000000e+00 0.000000e+00 4.444444e-01 5.555556e-01
 0.000000e+00 0.000000e+00 0.000000e+00 0.000000e+00 0.000000e+00 0.000000e+00 0.000000e+00 0.000000e+00 0.000000e+00 0.000000e+00 0.000000e+00 0.000000e+00 0.000000e+00 0.000000e+00 0.000000e+00 0.000000e+00 0.000000e+00 0.000000e+00 0.000000e+00 0.000000e+00 0.000000e+00 0.000000e+00 0.000000e+00 0.000000e+00 0.000000e+00
<ENDHMM>
