~o
<STREAMINFO> 1 39
<VECSIZE> 39<NULLD><MFCC_E_D_A><DIAGC>
~h "Xoa"
<BEGINHMM>
<NUMSTATES> 28
<STATE> 2
<MEAN> 39
 -7.837972e+00 -8.348418e+00 -3.561877e+00 -4.945918e-01 6.831500e-01 -4.149380e+00 3.619590e+00 -7.064519e-01 2.488372e+00 -3.920281e+00 1.567632e+00 -2.563655e+00 -7.787769e-02 -1.266604e+00 1.722400e+00 -1.517091e+00 7.627335e-01 -6.294545e-03 -4.669183e-01 9.536272e-01 -5.466777e-01 4.057762e-01 -3.719965e-01 3.316145e-01 -3.947166e-01 2.313500e-02 -4.864694e-01 8.377121e-01 -5.112169e-01 2.164177e-01 -6.957622e-03 -1.695213e-01 2.082119e-01 -2.428347e-01 4.842819e-02 6.806250e-02 1.354024e-01 1.203450e-01 1.244760e-02
<VARIANCE> 39
 5.358322e+00 4.914229e+00 4.934299e+00 2.556435e+00 8.738136e+00 5.875384e+00 9.242030e+00 3.256269e+01 6.956996e+00 1.213572e+01 5.404829e+00 4.231853e+00 1.000000e-02 9.221192e-01 1.752221e+00 1.510332e+00 5.030437e-01 1.004169e+00 4.378409e-01 7.452820e-01 1.160959e+00 5.134396e-01 1.030788e+00 4.585614e-01 9.830834e-01 1.000000e-02 9.252105e-02 1.016231e-01 1.806660e-01 9.261422e-02 3.023763e-01 1.126501e-01 1.649386e-01 4.648130e-01 1.451510e-01 2.996268e-01 7.394163e-02 1.687142e-01 1.000000e-02
<GCONST> 5.645980e+01
<STATE> 3
<MEAN> 39
 -1.442738e+01 1.391518e+00 -1.116373e+01 3.152057e+00 7.561703e-01 -7.042372e+00 6.489838e+00 -3.439269e+00 5.095335e+00 -3.878698e+00 3.041613e+00 -2.700306e+00 7.681645e-02 -2.427902e+00 3.231586e+00 -2.810796e+00 8.287337e-01 5.549493e-02 -3.787422e-01 5.555058e-01 -3.877126e-01 2.448687e-01 7.179052e-02 3.668221e-01 -1.264630e-01 7.083202e-02 3.196663e-02 -3.474641e-01 5.482426e-02 -2.366361e-01 3.992114e-02 3.768919e-01 -3.346772e-01 2.218505e-01 -3.147689e-01 1.522727e-02 1.774857e-02 -9.252528e-02 7.696110e-03
<VARIANCE> 39
 1.235146e+01 3.165051e+01 2.217638e+01 6.369737e+00 1.354223e+01 2.497310e+01 1.868951e+01 2.564947e+01 7.684100e+00 1.098836e+01 1.253495e+01 8.047734e+00 2.145384e-02 1.026208e+00 1.525636e+00 5.321658e-01 8.430720e-01 2.985545e+00 3.024118e+00 1.948503e+00 4.771652e+00 1.320186e+00 1.884915e+00 1.181311e+00 1.054477e+00 1.000000e-02 4.006202e-01 4.717424e-01 3.268159e-01 1.054976e-01 3.315094e-01 1.862302e-01 3.109641e-01 5.256275e-01 1.906935e-01 2.204913e-01 3.400225e-01 2.933446e-01 1.000000e-02
<GCONST> 8.069465e+01
<STATE> 4
<MEAN> 39
 -2.054135e+01 6.931942e+00 -1.832575e+01 3.347641e+00 1.803643e+00 -4.934158e+00 7.192832e+00 -3.063915e+00 3.140358e+00 -4.996296e+00 3.398995e+00 -4.074525e+00 2.905240e-01 -9.325666e-01 6.166376e-01 -1.147529e+00 2.885387e-01 -2.781769e-02 8.249640e-03 -6.626218e-01 1.973662e-01 -4.344329e-02 -4.360783e-01 6.002501e-02 -2.310995e-01 5.652868e-02 7.147334e-01 -7.465490e-01 7.184330e-01 -1.954816e-02 -3.390059e-01 -4.356783e-01 -4.784029e-01 -4.198001e-02 2.571130e-01 -1.634357e-01 -5.437039e-02 1.330572e-01 -7.093976e-03
<VARIANCE> 39
 2.838478e+01 2.072994e+01 2.625019e+01 1.910107e+01 1.815693e+01 3.867179e+01 1.992754e+01 2.911785e+01 1.948346e+01 1.697225e+01 1.541134e+01 8.717012e+00 3.923806e-02 3.774287e+00 1.734673e+00 2.332116e+00 8.165466e-01 9.652697e-01 1.285925e+00 2.040693e+00 2.493841e+00 1.009635e+00 1.303568e+00 2.677273e+00 1.301906e+00 1.000000e-02 4.986749e-01 2.655230e-01 4.747666e-01 3.020429e-01 3.651407e-01 4.523845e-01 4.079579e-01 5.012350e-01 2.814201e-01 4.037073e-01 4.347492e-01 2.469809e-01 1.000000e-02
<GCONST> 8.957413e+01
<STATE> 5
<MEAN> 39
 -2.123099e+01 7.754925e+00 -1.862791e+01 6.333719e+00 -7.849253e-01 -8.659275e+00 2.763038e+00 -5.189061e+00 5.562203e+00 -5.992934e+00 5.078167e+00 -2.587495e+00 4.102091e-01 1.289486e+00 -1.589256e+00 1.653228e-02 -1.102746e+00 -1.553221e+00 -1.208461e+00 -1.114609e+00 -1.507387e-02 1.314620e+00 -4.882059e-01 -7.026035e-01 3.078042e-01 4.020880e-02 1.388554e+00 -1.758494e+00 1.148577e-01 -1.550711e+00 5.140563e-02 5.191128e-02 2.745106e-01 4.638978e-01 1.860046e-01 2.805101e-01 -1.030055e+00 -1.627884e-01 1.018289e-02
<VARIANCE> 39
 5.328185e+01 3.039627e+01 8.098184e+00 2.046589e+01 3.310685e+01 2.153870e+01 6.614772e+00 1.904692e+01 9.970918e+00 3.303135e+01 6.677849e+00 1.852302e+01 2.310564e-02 5.913766e+00 5.599308e+00 4.277795e+00 7.148605e+00 2.018675e+00 3.887825e+00 2.302074e+00 4.459552e+00 1.358118e+00 3.111152e+00 2.076452e+00 1.756389e+00 1.000000e-02 8.292527e-01 4.841152e-01 2.417339e-01 4.769569e-01 8.334166e-01 5.263680e-01 4.173069e-01 6.115128e-01 1.832563e-01 7.159042e-01 3.036490e-01 4.126238e-01 1.000000e-02
<GCONST> 9.789389e+01
<STATE> 6
<MEAN> 39
 -1.076526e+01 -4.289952e+00 -1.643770e+01 -4.684638e+00 -3.773619e+00 -1.063210e+01 2.302127e+00 -1.218769e+00 8.634216e+00 -5.974134e+00 -2.545716e+00 -3.161209e+00 5.307422e-01 5.475166e+00 -7.424635e+00 -3.469656e-01 -5.596160e+00 7.124674e-01 -5.477730e-01 -2.946565e-01 1.646714e+00 5.738293e-01 9.795386e-01 -4.106337e+00 -1.207160e+00 1.142979e-01 -2.469669e-02 -6.758870e-01 -2.720734e-01 -8.292222e-02 1.259013e+00 7.737534e-01 3.325369e-01 -3.349096e-01 -5.949482e-01 3.830709e-01 2.585425e-01 -5.174940e-01 1.630618e-02
<VARIANCE> 39
 7.952663e+01 6.559728e+01 4.325824e+01 4.940882e+01 9.486828e+00 4.490676e+01 2.189641e+01 4.322772e+01 1.265254e+01 1.163472e+01 3.307166e+01 9.662581e+00 2.444453e-02 2.277046e+00 1.938271e+00 2.166250e+00 8.577402e-01 5.334717e+00 2.639614e+00 1.392585e+00 2.250269e+00 1.259721e+00 2.342448e+00 7.637206e-01 2.866583e+00 1.000000e-02 1.607697e+00 1.193126e+00 1.096815e+00 1.235553e+00 1.742281e-01 7.368094e-01 1.872347e-01 7.313688e-01 5.410764e-01 3.095028e-01 1.020790e+00 3.010110e-01 1.000000e-02
<GCONST> 1.003527e+02
<STATE> 7
<MEAN> 39
 -1.064797e+00 -2.227764e+01 -1.932376e+01 -1.550284e+01 2.029490e+00 -8.918447e+00 1.194621e+00 6.639741e-01 9.010391e+00 -3.433922e+00 -9.552740e+00 -6.381475e+00 8.465927e-01 2.036018e+00 -4.597695e+00 -2.240841e-01 -2.095699e+00 3.143093e+00 2.206464e+00 8.730317e-01 -1.527187e+00 -1.262774e+00 1.406478e+00 5.768785e-01 -1.741140e+00 8.938805e-02 -1.344132e+00 1.966474e+00 1.588182e-01 1.415987e+00 1.029786e-01 6.651909e-01 3.195268e-01 -1.052616e+00 -8.354762e-01 3.645585e-01 1.661174e+00 -2.611449e-03 -2.664267e-02
<VARIANCE> 39
 1.593455e+01 1.635485e+01 1.341428e+01 1.563982e+01 3.997291e+01 2.889669e+01 1.118272e+01 1.709171e+01 3.008392e+01 1.109360e+01 1.164343e+01 2.470559e+01 1.000000e-02 3.915321e+00 5.167986e+00 3.840153e+00 4.179834e+00 1.740813e+00 2.227695e+00 5.076746e-01 2.359752e+00 4.447749e+00 1.453861e+00 4.682679e+00 1.043709e+00 1.000000e-02 3.500649e-01 2.325709e-01 2.691772e-01 2.014375e-01 9.323987e-01 3.513909e-01 2.550865e-01 1.801999e-01 7.171740e-01 1.206960e-01 2.937962e-01 4.884386e-01 1.000000e-02
<GCONST> 8.931339e+01
<STATE> 8
<MEAN> 39
 1.341888e-01 -2.494342e+01 -2.031032e+01 -1.550570e+01 7.793470e+00 -3.102638e+00 5.303674e+00 -6.862362e+00 1.649361e-01 1.684273e+00 -2.930019e+00 -1.182697e+01 9.422066e-01 -5.128096e-02 -1.518109e-01 5.894576e-03 -5.585593e-01 1.443343e+00 2.260727e+00 9.935387e-01 -1.647154e+00 -2.203860e+00 2.031806e+00 1.742644e+00 -5.774841e-01 2.462505e-02 -3.349225e-01 1.001364e+00 7.867465e-02 2.626260e-01 -7.567894e-01 -4.412772e-02 -1.120317e-01 2.693992e-01 9.237354e-01 -5.166525e-01 -1.393812e-01 8.178671e-01 -1.765232e-02
<VARIANCE> 39
 6.255228e+00 1.040526e+01 1.005410e+01 1.283230e+01 1.433862e+01 2.433487e+01 3.749852e+01 2.166114e+01 3.912573e+01 2.781894e+01 1.175145e+01 5.537694e+00 1.000000e-02 2.060637e-01 8.601494e-01 1.098201e+00 1.782232e+00 2.629581e+00 8.421535e-01 1.668326e+00 5.386564e-01 5.386131e+00 1.231748e+00 1.084665e+00 1.806936e+00 1.000000e-02 2.958054e-01 4.438688e-01 3.762752e-01 3.607632e-01 2.962041e-01 1.920683e-01 1.841317e-01 5.958814e-02 6.893550e-01 4.181598e-01 2.521339e-01 5.393149e-02 1.000000e-02
<GCONST> 7.586678e+01
<STATE> 9
<MEAN> 39
 -4.296259e-01 -2.356086e+01 -1.956258e+01 -1.696571e+01 8.411984e+00 2.121786e+00 7.291812e+00 -9.025974e+00 3.116672e+00 3.106788e+00 5.223755e-01 -8.725116e+00 9.650871e-01 3.303356e-02 3.236877e-01 1.052957e-01 -6.439776e-02 -6.524518e-02 1.770714e+00 1.289560e-01 -8.003291e-01 6.450677e-01 -1.969152e-01 5.654383e-01 1.017571e+00 6.030555e-03 -3.775499e-02 -1.297198e-01 -1.414266e-02 2.199033e-01 -2.187021e-01 -3.363681e-01 -2.834554e-01 3.080503e-01 5.075884e-02 -4.438171e-01 -4.251931e-01 4.913632e-03 -2.491193e-03
<VARIANCE> 39
 8.066998e+00 5.971380e+00 5.457603e+00 4.816501e+00 4.267288e+00 1.086940e+01 2.203976e+01 2.488468e+01 7.330936e+01 2.109136e+01 1.194822e+01 4.676661e+00 1.000000e-02 4.120297e-01 1.391844e-01 3.408219e-01 3.035034e-01 3.576661e-01 1.403585e-01 6.104180e-01 3.961958e-01 1.562180e+00 1.141398e+00 4.910357e-01 4.411424e-01 1.000000e-02 6.887057e-02 9.540377e-02 5.645919e-02 1.229863e-01 1.669191e-01 7.768641e-02 2.059080e-01 5.439549e-02 4.351065e-01 1.300186e-01 7.549310e-02 2.615774e-01 1.000000e-02
<GCONST> 5.039725e+01
<STATE> 10
<MEAN> 39
 -4.923557e-02 -2.547137e+01 -1.878207e+01 -1.660299e+01 9.270656e+00 6.365631e+00 4.324534e+00 -6.912302e+00 -7.248532e-01 2.680379e+00 -1.860799e+00 -8.811970e+00 9.838504e-01 -2.206382e-01 -6.400121e-01 -4.787124e-02 4.169387e-01 1.116883e-01 5.272120e-01 -4.053294e-01 -9.875190e-02 -3.775942e-01 -7.481366e-01 -2.166116e-01 -1.579267e-02 2.394230e-03 -7.305925e-02 -1.011148e-01 7.402454e-02 8.589866e-04 1.713959e-01 -3.882748e-01 5.465016e-02 6.710432e-02 -7.825550e-02 5.079967e-02 1.708242e-02 -9.345868e-02 -1.013945e-03
<VARIANCE> 39
 1.251999e+01 1.118257e+01 8.465776e+00 7.661377e+00 1.274466e+01 9.143549e+00 1.726486e+01 4.742537e+01 6.827923e+01 2.328601e+01 1.793932e+01 1.193132e+01 1.000000e-02 1.790509e-01 1.251527e-01 5.381213e-01 4.299161e-01 5.945023e-01 9.779456e-01 3.987428e-01 5.469638e-01 6.342605e-01 2.051359e-01 5.864074e-01 9.237888e-01 1.000000e-02 3.610687e-02 7.041693e-02 7.692935e-02 5.434273e-02 8.799963e-02 6.988060e-02 9.741876e-02 8.398423e-02 7.595039e-02 4.152323e-02 1.046981e-01 2.050056e-01 1.000000e-02
<GCONST> 5.024981e+01
<STATE> 11
<MEAN> 39
 -1.680674e+00 -2.555620e+01 -1.886026e+01 -1.565456e+01 8.850496e+00 6.626811e+00 5.800270e+00 -1.126777e+01 4.093544e+00 -7.646888e-01 3.293830e-02 -7.161467e+00 9.809433e-01 -5.249721e-01 -5.859565e-01 4.025066e-01 2.268459e-01 3.690176e-01 -8.066698e-02 1.705284e-02 1.014173e-01 -7.995199e-02 -4.562068e-01 -3.691622e-01 -2.279417e-01 -2.811961e-03 -5.530090e-02 -5.376466e-03 -8.415102e-03 2.457743e-01 -8.191158e-02 5.030597e-03 -1.586169e-01 5.656128e-02 -9.497301e-02 -1.250298e-01 -3.027272e-01 -8.207861e-02 -1.720056e-03
<VARIANCE> 39
 1.933828e+01 5.890411e+00 1.519761e+01 5.109185e+00 5.360149e+00 7.466588e+00 2.122373e+01 2.243713e+01 4.760188e+01 1.964627e+01 1.228132e+01 4.979587e+00 1.000000e-02 2.303291e-01 2.257594e-01 5.276121e-01 2.664796e-01 5.056702e-01 3.952025e-01 1.134726e+00 2.744767e-01 7.906319e-01 2.967642e-01 4.804133e-01 3.102668e-01 1.000000e-02 3.479825e-02 5.997316e-02 7.721973e-02 1.131408e-01 1.727018e-01 1.104512e-01 1.286915e-01 1.046833e-01 8.931293e-02 1.065358e-01 5.423383e-02 8.774126e-02 1.000000e-02
<GCONST> 4.752895e+01
<STATE> 12
<MEAN> 39
 -2.197084e+00 -2.838553e+01 -1.675564e+01 -1.340103e+01 1.112610e+01 6.515915e+00 3.251655e+00 -7.723190e+00 -8.454684e-02 -1.272063e+00 -3.871834e+00 -8.418938e+00 9.707164e-01 -6.957041e-02 -5.171833e-01 -2.547535e-01 1.430954e+00 -3.229448e-03 -3.572479e-02 -6.682963e-01 6.620245e-02 1.226714e-01 -1.072047e+00 -7.503402e-01 -1.230452e-01 1.479770e-03 7.149649e-02 8.012593e-02 -2.152862e-01 1.895420e-01 -2.871249e-01 -1.904165e-01 -8.832484e-02 3.046094e-02 1.195216e-01 -2.438895e-01 1.546138e-01 -4.558067e-03 -4.836645e-04
<VARIANCE> 39
 2.128123e+01 6.683843e+00 2.116582e+01 8.452906e+00 1.764027e+01 1.759488e+01 1.272006e+01 3.299890e+01 5.602497e+01 2.300386e+01 9.668405e+00 3.082516e+00 1.000000e-02 3.051098e-01 5.243102e-01 5.354976e-01 6.881385e-01 1.779183e+00 5.274293e-01 2.413426e-01 1.093157e+00 8.125207e-01 7.447857e-01 3.061188e-01 2.049761e-01 1.000000e-02 4.012061e-02 7.546013e-02 8.994652e-02 6.636929e-02 2.266375e-01 6.798672e-02 7.190210e-02 4.438669e-02 1.426366e-01 5.353248e-02 3.391542e-02 8.547417e-02 1.000000e-02
<GCONST> 5.128205e+01
<STATE> 13
<MEAN> 39
 -3.383348e+00 -2.839059e+01 -2.052821e+01 -8.752789e+00 8.193759e+00 5.050202e+00 3.389685e+00 -9.795042e+00 1.887378e+00 -6.593047e+00 -3.328436e+00 -8.927691e+00 9.717213e-01 -2.236003e-01 1.045296e-01 -5.284452e-02 1.346428e+00 -4.123284e-01 -5.187662e-01 -6.678047e-01 3.956320e-01 -2.162562e-01 -1.682500e+00 -1.326571e-01 2.234907e-02 -8.849816e-03 1.112214e-01 1.771873e-01 4.698148e-01 -2.211889e-01 2.845752e-01 -1.021378e-01 -3.275268e-02 5.088826e-01 -1.660501e-01 2.100560e-01 1.315501e-01 3.023959e-01 -3.146929e-03
<VARIANCE> 39
 3.099525e+01 1.451357e+01 1.144906e+01 2.037675e+01 6.137123e+00 2.010245e+01 9.143630e+00 4.086653e+01 5.011270e+01 3.019839e+01 8.152571e+00 7.095318e+00 1.000000e-02 1.405305e-01 7.685738e-01 7.186524e-01 2.090003e-01 6.990726e-01 3.005381e-01 1.257321e+00 1.117678e+00 3.676721e-01 3.544787e-01 1.826861e-01 1.958788e+00 1.000000e-02 6.015646e-02 1.409017e-01 1.357428e-01 1.014498e-01 2.380385e-01 1.771069e-01 1.328706e-01 2.477753e-01 1.618963e-01 1.926965e-01 3.101329e-02 2.117553e-01 1.000000e-02
<GCONST> 5.900594e+01
<STATE> 14
<MEAN> 39
 -1.737219e+00 -2.732845e+01 -1.904529e+01 -4.963014e+00 9.560558e+00 2.122031e+00 -2.637954e-01 -8.040092e+00 8.669514e-01 -8.251344e+00 -4.373527e+00 -8.219604e+00 9.272507e-01 2.162629e-01 -2.576990e-02 1.201862e+00 3.208182e-01 9.965548e-02 -4.563927e-01 -1.131634e+00 2.140062e+00 -6.204605e-01 -3.322019e-01 -1.171564e-01 1.352805e+00 -1.122426e-02 2.109692e-02 -7.865722e-02 1.273451e-01 -3.666263e-01 -1.014947e-01 1.480698e-01 8.681315e-02 2.508044e-01 -2.531703e-01 1.084013e-01 3.654884e-02 3.281835e-01 -1.436599e-03
<VARIANCE> 39
 3.030999e+01 3.152586e+00 1.193688e+01 1.457101e+01 1.076538e+01 1.731055e+01 1.839901e+01 2.875297e+01 3.535828e+01 1.754999e+01 9.078526e+00 1.303555e+01 1.000000e-02 5.890033e-01 3.306515e-01 5.611830e-01 9.542987e-01 1.269150e+00 1.672224e+00 1.490158e+00 8.748829e-01 9.343702e-01 1.400867e+00 7.034601e-01 1.273337e+00 1.000000e-02 8.300119e-02 4.042290e-02 6.428526e-02 4.140160e-02 1.988303e-01 1.640908e-01 3.752625e-01 1.595446e-01 1.142842e-01 2.247264e-01 8.713968e-02 2.141183e-01 1.000000e-02
<GCONST> 6.369151e+01
<STATE> 15
<MEAN> 39
 -3.072604e+00 -2.957998e+01 -1.306497e+01 -7.932040e+00 7.788928e+00 5.052840e+00 -4.699422e+00 -6.935608e-01 -1.327339e+00 -1.045957e+01 -5.202620e+00 -3.242926e+00 8.922339e-01 -4.515045e-01 -2.136542e-01 3.767700e-01 -3.479941e-01 -4.736461e-01 -4.742239e-01 -3.309156e-01 1.446235e+00 -1.150056e+00 -5.540242e-01 1.299511e-01 1.218965e+00 -2.145469e-02 -4.208489e-01 8.423293e-02 -2.999341e-01 -1.911121e-01 1.170759e-01 -3.032226e-01 2.779783e-01 -4.793536e-01 3.573357e-01 1.257701e-01 1.109520e-01 -2.583335e-01 -5.061958e-03
<VARIANCE> 39
 6.750648e+00 3.722595e+00 4.516025e+00 8.630069e+00 1.054410e+01 1.683231e+01 2.315707e+01 1.269590e+01 2.175196e+01 1.766840e+01 1.165789e+01 1.535599e+01 1.000000e-02 6.361600e-01 8.686184e-01 5.510972e-01 5.570503e-01 4.280567e-01 6.984542e-01 2.986494e+00 3.516749e-01 9.324665e-01 1.017880e+00 4.819038e-01 4.553572e-01 1.000000e-02 7.143967e-02 1.558430e-01 1.396830e-01 7.511579e-02 1.061320e-01 1.998980e-01 2.606357e-01 1.576465e-01 1.250840e-01 3.108733e-01 7.366613e-02 1.426809e-01 1.000000e-02
<GCONST> 5.834628e+01
<STATE> 16
<MEAN> 39
 -6.065900e+00 -2.739440e+01 -1.338606e+01 -9.599602e+00 1.107890e+01 -1.708909e+00 -5.218154e-01 2.487066e+00 -3.908900e+00 -9.783025e+00 -4.111618e+00 6.089140e-01 8.043920e-01 -3.860306e-01 -1.459359e-02 4.579356e-01 -5.521800e-01 9.915042e-02 -9.423630e-01 4.030793e-02 -3.563256e-01 7.888494e-01 7.360147e-02 -4.027224e-01 1.485365e-01 -5.299593e-02 7.003081e-01 -1.791864e-01 -1.095096e-01 5.111499e-01 -5.492281e-01 4.327141e-01 -9.902738e-02 -5.958934e-01 2.742403e-01 1.084018e-01 -3.114052e-01 -3.822142e-01 -8.738556e-03
<VARIANCE> 39
 1.856785e+01 7.775547e+00 7.313569e+00 2.359819e+01 3.738561e+01 4.972934e+01 4.089488e+01 1.565719e+01 1.435963e+01 4.290737e+00 5.384082e+00 6.406347e+00 1.000000e-02 2.452650e+00 1.159342e+00 6.076639e-01 2.038917e+00 3.912529e+00 2.471914e+00 2.691227e-01 2.453652e+00 5.015755e-01 1.596848e+00 1.047469e+00 4.426553e-01 1.000000e-02 3.839364e-01 2.326056e-01 9.924158e-02 4.217794e-01 6.110445e-01 5.441232e-01 2.097195e-01 5.759763e-01 2.140333e-01 1.906646e-01 1.750743e-01 1.112225e-01 1.000000e-02
<GCONST> 7.581773e+01
<STATE> 17
<MEAN> 39
 -1.624907e+00 -2.949109e+01 -1.348735e+01 -6.760023e+00 5.124475e+00 1.626005e+00 -2.379930e+00 -7.985705e-01 -5.480675e-01 -9.608292e+00 -6.393686e+00 -1.112984e+00 6.193953e-01 1.206647e+00 -1.307189e-02 -6.004502e-01 1.465072e+00 -1.503086e+00 3.626336e-01 -1.890193e-01 -1.544851e+00 4.447642e-01 -1.147259e-01 -5.530535e-01 -4.640835e-01 -4.373490e-02 -6.025222e-02 3.688141e-01 -4.265409e-02 1.435308e-01 2.708817e-01 -1.602662e-01 4.340008e-02 -2.340615e-01 -9.642033e-02 6.522531e-02 2.073918e-01 1.263070e-01 4.868231e-03
<VARIANCE> 39
 1.684402e+01 4.536461e+00 1.485214e+01 1.765493e+01 7.676102e+00 1.349263e+01 2.746429e+01 1.413818e+01 1.240311e+01 6.303865e+00 2.265618e+01 5.276935e+00 1.238233e-02 3.167890e+00 7.447757e-01 6.542699e-01 1.858995e+00 1.342017e+00 3.063768e+00 1.536931e+00 1.774664e+00 1.114232e+00 1.401869e+00 7.833149e-01 5.890382e-01 1.000000e-02 3.108853e-01 1.193334e-01 2.104198e-01 5.464839e-01 2.733371e-01 3.479093e-01 7.647570e-02 5.434677e-01 1.088775e-01 1.399133e-01 2.596234e-01 9.584096e-02 1.000000e-02
<GCONST> 7.200113e+01
<STATE> 18
<MEAN> 39
 -1.737597e+00 -2.736599e+01 -1.335589e+01 -5.121000e+00 2.945121e+00 5.370321e-01 -3.701595e+00 -4.620162e+00 1.336801e-01 -1.046550e+01 -6.867296e+00 -4.786972e-01 5.812548e-01 9.676617e-01 1.030364e+00 1.676005e-01 1.303907e+00 -1.391731e-01 -2.980652e-01 4.649815e-01 -1.054389e+00 4.348252e-01 6.812342e-01 3.347289e-01 6.986801e-01 -4.471229e-02 1.090367e-01 2.179692e-02 -8.610953e-02 1.472907e-01 5.424095e-01 1.048755e-01 2.842116e-01 4.156798e-01 -2.631757e-02 2.974878e-01 2.618923e-01 -1.808736e-02 4.779220e-04
<VARIANCE> 39
 1.902217e+01 5.315579e+00 4.367717e+00 1.243964e+01 1.514864e+01 4.282524e+01 1.734513e+01 4.019005e+01 1.871068e+01 2.161526e+01 4.909559e+00 1.079622e+01 1.000000e-02 1.054087e+00 6.612291e-01 4.503267e-01 9.501542e-01 1.085578e+00 8.958800e-01 1.207013e+00 3.120991e+00 1.359802e+00 9.854458e-01 9.010835e-01 3.365660e-01 1.000000e-02 7.476287e-01 2.197535e-01 1.324712e-01 3.470095e-01 1.778780e-01 4.800581e-01 2.360532e-01 8.821511e-01 3.426897e-01 3.515615e-01 4.583712e-02 2.033438e-01 1.000000e-02
<GCONST> 7.294874e+01
<STATE> 19
<MEAN> 39
 1.730239e+00 -2.607985e+01 -1.537369e+01 -2.053973e-01 5.696909e+00 1.166046e+00 4.639835e-02 -5.480064e+00 8.424030e-01 -6.561345e+00 -4.105443e+00 -5.975857e-01 4.435820e-01 6.051406e-01 3.849527e-01 -8.101169e-01 1.096459e+00 1.047914e+00 -3.595930e-02 9.594797e-01 1.666451e-01 2.503738e-01 7.277513e-01 6.477026e-01 -2.890407e-01 -2.879606e-02 -1.280887e-01 -1.271700e-01 -1.609195e-01 -2.864601e-01 -5.697323e-02 -1.990968e-01 -2.526207e-02 3.187112e-01 -1.210606e-01 -2.036884e-01 -1.827326e-01 -9.200826e-02 7.721387e-03
<VARIANCE> 39
 2.229556e+00 6.354535e+00 9.994213e+00 8.069828e+00 1.271707e+01 9.132914e+00 5.242894e+00 9.159186e+00 1.300999e+01 1.113092e+01 3.944655e+00 5.185694e+00 1.000000e-02 2.112161e+00 4.336759e-01 3.103218e-01 1.801605e+00 7.962415e-01 2.297094e+00 1.017317e+00 2.429460e+00 2.283071e+00 1.624175e+00 4.849453e-01 6.166602e-01 1.000000e-02 1.263371e-01 6.373686e-02 1.176739e-01 1.347254e-01 1.773822e-01 2.538570e-01 2.140589e-01 1.779003e-01 3.225889e-01 2.068092e-01 8.975180e-02 1.144964e-01 1.000000e-02
<GCONST> 5.984590e+01
<STATE> 20
<MEAN> 39
 2.537760e+00 -2.488180e+01 -1.764771e+01 -5.909579e-01 6.464698e+00 -1.901599e+00 1.266529e+00 -3.590261e+00 2.050349e-01 -6.686848e+00 -4.474220e+00 -2.861378e-01 4.138336e-01 -6.595499e-02 2.706551e-01 -4.289996e-01 -2.436908e-01 -1.042835e-01 -3.839205e-01 -2.015535e-01 2.623974e-01 1.417032e-01 2.474597e-01 1.077236e-01 2.622254e-01 -1.380204e-02 -3.107377e-01 -6.073921e-03 2.572628e-01 -1.207319e-01 -1.219273e-01 1.515993e-01 -2.272086e-01 3.361734e-02 2.007913e-01 5.271837e-02 9.163348e-02 -3.580933e-02 -2.208390e-04
<VARIANCE> 39
 3.992289e+00 5.618141e+00 5.001267e+00 6.909213e+00 4.297282e+00 1.332744e+01 1.564183e+01 8.339001e+00 1.499591e+01 5.116596e+00 6.025016e+00 9.936872e+00 1.000000e-02 2.818106e-01 1.749216e-01 7.746360e-01 2.340004e-01 3.941289e-01 1.483282e+00 1.289002e+00 1.687020e+00 1.466281e+00 9.521142e-01 5.406899e-01 1.119571e+00 1.000000e-02 1.554747e-01 7.856338e-02 1.320563e-01 3.035362e-01 8.301336e-02 2.951047e-01 2.649169e-01 4.051622e-01 3.174264e-01 2.260995e-01 1.345487e-01 1.751208e-01 1.000000e-02
<GCONST> 5.727444e+01
<STATE> 21
<MEAN> 39
 9.564486e-01 -2.458383e+01 -1.699622e+01 -2.899892e-01 6.643666e+00 -1.305395e+00 -1.521206e-01 -3.193426e+00 3.402214e+00 -4.411445e+00 -2.215840e+00 -8.251116e-01 3.701715e-01 -4.141884e-01 5.128862e-01 3.965897e-01 2.763203e-01 7.007705e-02 -3.404977e-01 5.088693e-01 7.066709e-01 5.135824e-01 2.794268e-01 3.876560e-01 -7.085894e-01 -1.902993e-02 9.531508e-02 6.737787e-02 1.653852e-01 1.357248e-01 4.383741e-02 -1.376742e-01 7.435776e-02 -1.734553e-01 -4.610209e-01 -4.230686e-01 -5.616255e-02 1.387701e-01 2.467842e-03
<VARIANCE> 39
 3.279812e+00 2.584100e+00 1.063494e+01 1.274872e+00 2.488998e+00 2.132788e+01 6.051001e+00 2.114789e+01 1.465156e+01 5.043047e+00 4.650218e+00 1.123006e+01 1.000000e-02 7.182425e-01 9.197955e-01 1.969061e+00 9.321188e-01 4.394594e-01 8.479915e-01 6.812356e-01 6.055673e-01 8.360288e-01 9.168726e-01 8.624871e-01 6.424443e-01 1.000000e-02 1.086605e-01 8.974157e-02 3.440783e-01 1.325787e-01 1.238680e-01 3.521355e-01 3.361390e-01 5.277611e-01 2.666868e-01 2.464525e-01 5.050306e-02 2.764963e-01 1.000000e-02
<GCONST> 5.757847e+01
<STATE> 22
<MEAN> 39
 7.523335e-01 -2.300201e+01 -1.584866e+01 4.431752e-01 6.639920e+00 -2.825809e+00 1.650617e+00 -1.959514e+00 1.286404e+00 -6.846985e+00 -2.436628e+00 -5.424889e-01 3.388104e-01 -1.556002e-01 2.786968e-01 2.742209e-01 2.180250e-01 1.382653e-01 -1.698915e-01 -2.528577e-01 -5.272350e-01 -1.375322e+00 -6.969322e-01 4.892974e-01 5.823413e-01 -1.112035e-02 1.424741e-01 6.312098e-02 -8.705527e-02 -2.351502e-01 -2.814143e-02 5.695153e-02 -2.193234e-01 -1.389933e-01 -1.496134e-01 6.294356e-02 2.268334e-02 -1.831368e-02 1.200226e-03
<VARIANCE> 39
 3.419704e+00 1.193743e+01 1.616379e+01 1.222959e+01 7.186891e+00 7.761356e+00 4.920075e+00 7.724054e+00 1.950302e+01 8.302011e+00 5.463139e+00 1.135409e+01 1.000000e-02 6.522571e-01 5.045445e-01 1.479958e+00 1.226396e+00 7.299784e-01 2.070318e+00 1.608739e+00 2.050890e+00 1.930907e+00 1.548872e+00 5.655164e-01 5.014878e-01 1.000000e-02 1.759875e-01 2.368628e-01 4.098191e-01 2.859449e-01 9.327276e-02 1.692830e-01 2.344029e-01 2.730059e-01 3.788681e-01 2.289261e-01 1.653733e-01 2.308960e-01 1.000000e-02
<GCONST> 6.672873e+01
<STATE> 23
<MEAN> 39
 9.753669e-01 -2.157792e+01 -1.652341e+01 -3.521510e-01 7.434593e+00 -2.704048e+00 1.979488e-02 -4.008845e+00 -1.472679e+00 -6.821289e+00 -5.770445e-01 3.340406e-02 3.007334e-01 3.119633e-01 6.553490e-01 1.506039e-01 -8.257587e-01 -3.957257e-01 -6.561673e-02 2.809567e-02 2.835804e-01 8.346961e-02 -1.059962e-01 1.146691e-01 -3.484632e-01 -7.153400e-03 -1.251145e-01 2.228812e-02 1.595208e-01 -5.851906e-02 -1.368977e-01 1.403383e-01 1.620867e-01 2.462817e-01 4.400108e-01 1.335030e-01 -2.661870e-01 -2.907013e-01 -5.713251e-03
<VARIANCE> 39
 2.764082e+00 7.268171e+00 1.239377e+01 9.078895e+00 1.783411e+00 6.592891e+00 1.454384e+01 1.863773e+01 3.590023e+00 7.137878e+00 7.975634e+00 7.553730e+00 1.000000e-02 5.310506e-01 1.144447e+00 1.701699e+00 1.749381e+00 9.255078e-02 9.868107e-01 1.644757e+00 1.339751e+00 9.213474e-01 2.068120e-01 3.916929e-01 8.955047e-01 1.000000e-02 1.849324e-01 2.050922e-01 4.424238e-01 3.603300e-01 5.875405e-02 2.921970e-01 4.062200e-01 4.337651e-01 3.642260e-01 2.505107e-01 6.918793e-02 1.124792e-01 1.000000e-02
<GCONST> 5.911888e+01
<STATE> 24
<MEAN> 39
 1.055118e+00 -1.989716e+01 -1.362115e+01 -5.469551e-01 6.183593e+00 -3.047533e+00 -7.632871e-01 -3.038319e+00 -4.810362e-01 -7.819180e+00 -2.080116e+00 -1.976123e+00 2.589642e-01 -5.376295e-01 8.858354e-01 9.409703e-01 1.340685e-01 -2.086969e-02 2.903591e-01 1.222414e-02 8.626127e-02 8.582410e-01 5.805256e-01 -1.199004e-01 -2.840251e-01 -3.479910e-02 -2.023782e-01 2.453330e-02 -4.156859e-02 7.761396e-02 7.543258e-02 7.147922e-02 2.074082e-01 8.299679e-03 2.634310e-01 3.616516e-01 2.311711e-01 3.228680e-01 -3.813289e-03
<VARIANCE> 39
 3.819330e+00 6.602518e+00 5.084921e+00 4.931748e+00 8.910229e+00 4.962574e+00 1.029572e+01 1.342879e+01 1.187181e+01 2.834918e+00 3.135610e+00 6.675921e+00 1.000000e-02 6.504810e-01 7.490460e-01 1.005415e+00 7.102069e-01 3.816063e-01 4.567695e-01 1.451267e+00 1.677663e+00 1.387311e+00 1.245670e+00 5.130336e-01 8.615956e-01 1.000000e-02 1.296516e-01 1.922451e-01 3.857771e-01 2.611348e-01 5.913486e-02 8.166172e-02 1.533154e-01 2.577442e-01 2.423468e-01 1.618100e-01 4.196496e-02 1.221387e-01 1.000000e-02
<GCONST> 5.434121e+01
<STATE> 25
<MEAN> 39
 -1.412190e+00 -1.739063e+01 -1.233915e+01 -1.690234e+00 5.924584e+00 -1.165670e+00 1.980652e+00 -1.923800e+00 3.896539e+00 -4.057168e+00 -7.843386e-01 -9.964122e-01 1.446864e-01 -6.299676e-01 6.957427e-01 3.743763e-01 -2.583455e-01 -1.765233e-01 -1.174415e-01 4.790784e-01 1.996620e-02 3.021754e-01 1.703983e-01 4.990469e-01 1.075292e+00 -2.778994e-02 7.617205e-02 -3.250993e-02 1.125232e-01 1.060395e-01 -1.388185e-02 -2.626993e-01 -2.420082e-01 -1.853418e-01 -5.512689e-01 -5.582675e-01 -1.383353e-01 3.529229e-02 5.079575e-03
<VARIANCE> 39
 3.141687e+00 5.619862e+00 4.425733e+00 1.178233e+01 8.498257e+00 5.076566e+00 1.422345e+01 2.270316e+00 9.376977e+00 1.222326e+01 5.724104e+00 7.544357e+00 1.000000e-02 4.048836e-01 7.720732e-01 1.511937e+00 1.057756e+00 8.971848e-01 4.724464e-01 6.190203e-01 5.995242e-01 1.808806e+00 3.657517e+00 9.164770e-01 3.026153e-01 1.000000e-02 7.451914e-02 8.649933e-02 1.739469e-01 2.923884e-01 1.162194e-01 6.034135e-02 2.822637e-01 1.593411e-01 2.456257e-01 4.475380e-01 1.848639e-01 2.036480e-01 1.000000e-02
<GCONST> 5.692521e+01
<STATE> 26
<MEAN> 39
 -2.287263e+00 -1.533011e+01 -1.002196e+01 -4.965727e-01 5.458534e+00 -3.349599e+00 8.908575e-02 -3.139073e+00 1.911174e+00 -5.882789e+00 -5.012758e-01 8.001434e-01 1.024022e-01 -7.185235e-01 9.255540e-01 1.337305e+00 2.299101e-01 8.145978e-02 -2.667717e-01 -5.878686e-01 -2.937421e-01 -7.613396e-01 -3.932520e-01 -8.595043e-02 -4.912814e-01 -3.062363e-02 -7.524858e-02 8.155442e-02 8.684750e-02 -1.910040e-01 7.511433e-02 2.425147e-01 -8.633474e-02 1.844426e-02 -1.059376e-01 1.751720e-01 2.468486e-02 -4.043075e-01 -5.628196e-03
<VARIANCE> 39
 2.726541e+00 1.117009e+01 1.528577e+01 7.251639e+00 7.400854e+00 1.091621e+01 1.471553e+01 1.335287e+01 1.465463e+01 2.165835e+01 1.536932e+01 9.325349e+00 1.000000e-02 8.139436e-01 8.610837e-01 1.517810e+00 7.302360e-01 6.730869e-01 8.029339e-01 1.440161e+00 1.183917e+00 2.035335e+00 2.336570e+00 2.368107e+00 9.516295e-01 1.000000e-02 1.044364e-01 2.284698e-01 3.936228e-01 2.173444e-01 1.126566e-01 8.961625e-02 2.310078e-01 1.465410e-01 4.747124e-01 8.332537e-01 4.376647e-01 2.374985e-01 1.000000e-02
<GCONST> 7.105449e+01
<STATE> 27
<MEAN> 39
 -5.698505e+00 -1.313356e+01 -6.898098e+00 -2.363659e+00 6.177282e+00 -2.217765e+00 3.333179e-01 -2.823496e+00 -8.679248e-02 -5.596073e+00 2.834268e-01 -1.188105e+00 -2.448782e-02 -8.170142e-01 7.458110e-01 7.037665e-01 -5.886698e-01 2.353876e-01 6.174772e-01 -2.466631e-01 1.213258e-01 -2.138714e-01 7.239668e-01 4.140091e-01 -5.247591e-01 -4.225068e-02 2.630147e-01 -2.217849e-01 -3.547020e-01 9.252021e-02 -1.646475e-02 -2.688685e-02 1.983296e-01 4.900810e-02 1.133520e-01 8.288768e-02 8.026674e-02 3.518393e-01 7.839821e-03
<VARIANCE> 39
 2.594903e+00 6.827188e+00 1.279778e+01 1.303594e+01 1.447087e+01 2.662338e+00 4.483884e+00 8.974955e+00 2.223146e+01 1.199421e+01 1.136159e+01 6.628479e+00 1.000000e-02 2.113625e-01 8.067446e-01 1.044021e+00 4.760114e-01 3.909813e-01 7.440478e-01 7.086896e-01 1.123977e+00 1.464269e+00 1.951443e+00 1.146844e+00 9.280041e-01 1.000000e-02 8.421934e-02 1.649833e-01 3.015549e-01 1.109313e-01 8.641084e-02 7.170805e-02 9.746034e-02 1.852900e-01 3.394509e-01 3.394778e-01 3.271849e-01 1.180630e-01 1.000000e-02
<GCONST> 5.810243e+01
<TRANSP> 28
 0.000000e+00 1.000000e+00 0.000000e+00 0.000000e+00 0.000000e+00 0.000000e+00 0.000000e+00 0.000000e+00 0.000000e+00 0.000000e+00 0.000000e+00 0.000000e+00 0.000000e+00 0.000000e+00 0.000000e+00 0.000000e+00 0.000000e+00 0.000000e+00 0.000000e+00 0.000000e+00 0.000000e+00 0.000000e+00 0.000000e+00 0.000000e+00 0.000000e+00 0.000000e+00 0.000000e+00 0.000000e+00
 0.000000e+00 6.875000e-01 3.125000e-01 0.000000e+00 0.000000e+00 0.000000e+00 0.000000e+00 0.000000e+00 0.000000e+00 0.000000e+00 0.000000e+00 0.000000e+00 0.000000e+00 0.000000e+00 0.000000e+00 0.000000e+00 0.000000e+00 0.000000e+00 0.000000e+00 0.000000e+00 0.000000e+00 0.000000e+00 0.000000e+00 0.000000e+00 0.000000e+00 0.000000e+00 0.000000e+00 0.000000e+00
 0.000000e+00 0.000000e+00 6.428571e-01 3.571429e-01 0.000000e+00 0.000000e+00 0.000000e+00 0.000000e+00 0.000000e+00 0.000000e+00 0.000000e+00 0.000000e+00 0.000000e+00 0.000000e+00 0.000000e+00 0.000000e+00 0.000000e+00 0.000000e+00 0.000000e+00 0.000000e+00 0.000000e+00 0.000000e+00 0.000000e+00 0.000000e+00 0.000000e+00 0.000000e+00 0.000000e+00 0.000000e+00
 0.000000e+00 0.000000e+00 0.000000e+00 6.428571e-01 3.571429e-01 0.000000e+00 0.000000e+00 0.000000e+00 0.000000e+00 0.000000e+00 0.000000e+00 0.000000e+00 0.000000e+00 0.000000e+00 0.000000e+00 0.000000e+00 0.000000e+00 0.000000e+00 0.000000e+00 0.000000e+00 0.000000e+00 0.000000e+00 0.000000e+00 0.000000e+00 0.000000e+00 0.000000e+00 0.000000e+00 0.000000e+00
 0.000000e+00 0.000000e+00 0.000000e+00 0.000000e+00 6.428571e-01 3.571429e-01 0.000000e+00 0.000000e+00 0.000000e+00 0.000000e+00 0.000000e+00 0.000000e+00 0.000000e+00 0.000000e+00 0.000000e+00 0.000000e+00 0.000000e+00 0.000000e+00 0.000000e+00 0.000000e+00 0.000000e+00 0.000000e+00 0.000000e+00 0.000000e+00 0.000000e+00 0.000000e+00 0.000000e+00 0.000000e+00
 0.000000e+00 0.000000e+00 0.000000e+00 0.000000e+00 0.000000e+00 5.454546e-01 4.545455e-01 0.000000e+00 0.000000e+00 0.000000e+00 0.000000e+00 0.000000e+00 0.000000e+00 0.000000e+00 0.000000e+00 0.000000e+00 0.000000e+00 0.000000e+00 0.000000e+00 0.000000e+00 0.000000e+00 0.000000e+00 0.000000e+00 0.000000e+00 0.000000e+00 0.000000e+00 0.000000e+00 0.000000e+00
 0.000000e+00 0.000000e+00 0.000000e+00 0.000000e+00 0.000000e+00 0.000000e+00 5.454546e-01 4.545455e-01 0.000000e+00 0.000000e+00 0.000000e+00 0.000000e+00 0.000000e+00 0.000000e+00 0.000000e+00 0.000000e+00 0.000000e+00 0.000000e+00 0.000000e+00 0.000000e+00 0.000000e+00 0.000000e+00 0.000000e+00 0.000000e+00 0.000000e+00 0.000000e+00 0.000000e+00 0.000000e+00
 0.000000e+00 0.000000e+00 0.000000e+00 0.000000e+00 0.000000e+00 0.000000e+00 0.000000e+00 5.833333e-01 4.166667e-01 0.000000e+00 0.000000e+00 0.000000e+00 0.000000e+00 0.000000e+00 0.000000e+00 0.000000e+00 0.000000e+00 0.000000e+00 0.000000e+00 0.000000e+00 0.000000e+00 0.000000e+00 0.000000e+00 0.000000e+00 0.000000e+00 0.000000e+00 0.000000e+00 0.000000e+00
 0.000000e+00 0.000000e+00 0.000000e+00 0.000000e+00 0.000000e+00 0.000000e+00 0.000000e+00 0.000000e+00 6.666667e-01 3.333333e-01 0.000000e+00 0.000000e+00 0.000000e+00 0.000000e+00 0.000000e+00 0.000000e+00 0.000000e+00 0.000000e+00 0.000000e+00 0.000000e+00 0.000000e+00 0.000000e+00 0.000000e+00 0.000000e+00 0.000000e+00 0.000000e+00 0.000000e+00 0.000000e+00
 0.000000e+00 0.000000e+00 0.000000e+00 0.000000e+00 0.000000e+00 0.000000e+00 0.000000e+00 0.000000e+00 0.000000e+00 6.666667e-01 3.333333e-01 0.000000e+00 0.000000e+00 0.000000e+00 0.000000e+00 0.000000e+00 0.000000e+00 0.000000e+00 0.000000e+00 0.000000e+00 0.000000e+00 0.000000e+00 0.000000e+00 0.000000e+00 0.000000e+00 0.000000e+00 0.000000e+00 0.000000e+00
 0.000000e+00 0.000000e+00 0.000000e+00 0.000000e+00 0.000000e+00 0.000000e+00 0.000000e+00 0.000000e+00 0.000000e+00 0.000000e+00 6.428571e-01 3.571429e-01 0.000000e+00 0.000000e+00 0.000000e+00 0.000000e+00 0.000000e+00 0.000000e+00 0.000000e+00 0.000000e+00 0.000000e+00 0.000000e+00 0.000000e+00 0.000000e+00 0.000000e+00 0.000000e+00 0.000000e+00 0.000000e+00
 0.000000e+00 0.000000e+00 0.000000e+00 0.000000e+00 0.000000e+00 0.000000e+00 0.000000e+00 0.000000e+00 0.000000e+00 0.000000e+00 0.000000e+00 6.428571e-01 3.571429e-01 0.000000e+00 0.000000e+00 0.000000e+00 0.000000e+00 0.000000e+00 0.000000e+00 0.000000e+00 0.000000e+00 0.000000e+00 0.000000e+00 0.000000e+00 0.000000e+00 0.000000e+00 0.000000e+00 0.000000e+00
 0.000000e+00 0.000000e+00 0.000000e+00 0.000000e+00 0.000000e+00 0.000000e+00 0.000000e+00 0.000000e+00 0.000000e+00 0.000000e+00 0.000000e+00 0.000000e+00 5.833333e-01 4.166667e-01 0.000000e+00 0.000000e+00 0.000000e+00 0.000000e+00 0.000000e+00 0.000000e+00 0.000000e+00 0.000000e+00 0.000000e+00 0.000000e+00 0.000000e+00 0.000000e+00 0.000000e+00 0.000000e+00
 0.000000e+00 0.000000e+00 0.000000e+00 0.000000e+00 0.000000e+00 0.000000e+00 0.000000e+00 0.000000e+00 0.000000e+00 0.000000e+00 0.000000e+00 0.000000e+00 0.000000e+00 6.666667e-01 3.333333e-01 0.000000e+00 0.000000e+00 0.000000e+00 0.000000e+00 0.000000e+00 0.000000e+00 0.000000e+00 0.000000e+00 0.000000e+00 0.000000e+00 0.000000e+00 0.000000e+00 0.000000e+00
 0.000000e+00 0.000000e+00 0.000000e+00 0.000000e+00 0.000000e+00 0.000000e+00 0.000000e+00 0.000000e+00 0.000000e+00 0.000000e+00 0.000000e+00 0.000000e+00 0.000000e+00 0.000000e+00 6.428571e-01 3.571429e-01 0.000000e+00 0.000000e+00 0.000000e+00 0.000000e+00 0.000000e+00 0.000000e+00 0.000000e+00 0.000000e+00 0.000000e+00 0.000000e+00 0.000000e+00 0.000000e+00
 0.000000e+00 0.000000e+00 0.000000e+00 0.000000e+00 0.000000e+00 0.000000e+00 0.000000e+00 0.000000e+00 0.000000e+00 0.000000e+00 0.000000e+00 0.000000e+00 0.000000e+00 0.000000e+00 0.000000e+00 6.153846e-01 3.846154e-01 0.000000e+00 0.000000e+00 0.000000e+00 0.000000e+00 0.000000e+00 0.000000e+00 0.000000e+00 0.000000e+00 0.000000e+00 0.000000e+00 0.000000e+00
 0.000000e+00 0.000000e+00 0.000000e+00 0.000000e+00 0.000000e+00 0.000000e+00 0.000000e+00 0.000000e+00 0.000000e+00 0.000000e+00 0.000000e+00 0.000000e+00 0.000000e+00 0.000000e+00 0.000000e+00 0.000000e+00 5.833333e-01 4.166667e-01 0.000000e+00 0.000000e+00 0.000000e+00 0.000000e+00 0.000000e+00 0.000000e+00 0.000000e+00 0.000000e+00 0.000000e+00 0.000000e+00
 0.000000e+00 0.000000e+00 0.000000e+00 0.000000e+00 0.000000e+00 0.000000e+00 0.000000e+00 0.000000e+00 0.000000e+00 0.000000e+00 0.000000e+00 0.000000e+00 0.000000e+00 0.000000e+00 0.000000e+00 0.000000e+00 0.000000e+00 5.833333e-01 4.166667e-01 0.000000e+00 0.000000e+00 0.000000e+00 0.000000e+00 0.000000e+00 0.000000e+00 0.000000e+00 0.000000e+00 0.000000e+00
 0.000000e+00 0.000000e+00 0.000000e+00 0.000000e+00 0.000000e+00 0.000000e+00 0.000000e+00 0.000000e+00 0.000000e+00 0.000000e+00 0.000000e+00 0.000000e+00 0.000000e+00 0.000000e+00 0.000000e+00 0.000000e+00 0.000000e+00 0.000000e+00 6.153846e-01 3.846154e-01 0.000000e+00 0.000000e+00 0.000000e+00 0.000000e+00 0.000000e+00 0.000000e+00 0.000000e+00 0.000000e+00
 0.000000e+00 0.000000e+00 0.000000e+00 0.000000e+00 0.000000e+00 0.000000e+00 0.000000e+00 0.000000e+00 0.000000e+00 0.000000e+00 0.000000e+00 0.000000e+00 0.000000e+00 0.000000e+00 0.000000e+00 0.000000e+00 0.000000e+00 0.000000e+00 0.000000e+00 7.058824e-01 2.941177e-01 0.000000e+00 0.000000e+00 0.000000e+00 0.000000e+00 0.000000e+00 0.000000e+00 0.000000e+00
 0.000000e+00 0.000000e+00 0.000000e+00 0.000000e+00 0.000000e+00 0.000000e+00 0.000000e+00 0.000000e+00 0.000000e+00 0.000000e+00 0.000000e+00 0.000000e+00 0.000000e+00 0.000000e+00 0.000000e+00 0.000000e+00 0.000000e+00 0.000000e+00 0.000000e+00 0.000000e+00 5.454546e-01 4.545455e-01 0.000000e+00 0.000000e+00 0.000000e+00 0.000000e+00 0.000000e+00 0.000000e+00
 0.000000e+00 0.000000e+00 0.000000e+00 0.000000e+00 0.000000e+00 0.000000e+00 0.000000e+00 0.000000e+00 0.000000e+00 0.000000e+00 0.000000e+00 0.000000e+00 0.000000e+00 0.000000e+00 0.000000e+00 0.000000e+00 0.000000e+00 0.000000e+00 0.000000e+00 0.000000e+00 0.000000e+00 6.153846e-01 3.846154e-01 0.000000e+00 0.000000e+00 0.000000e+00 0.000000e+00 0.000000e+00
 0.000000e+00 0.000000e+00 0.000000e+00 0.000000e+00 0.000000e+00 0.000000e+00 0.000000e+00 0.000000e+00 0.000000e+00 0.000000e+00 0.000000e+00 0.000000e+00 0.000000e+00 0.000000e+00 0.000000e+00 0.000000e+00 0.000000e+00 0.000000e+00 0.000000e+00 0.000000e+00 0.000000e+00 0.000000e+00 5.833333e-01 4.166667e-01 0.000000e+00 0.000000e+00 0.000000e+00 0.000000e+00
 0.000000e+00 0.000000e+00 0.000000e+00 0.000000e+00 0.000000e+00 0.000000e+00 0.000000e+00 0.000000e+00 0.000000e+00 0.000000e+00 0.000000e+00 0.000000e+00 0.000000e+00 0.000000e+00 0.000000e+00 0.000000e+00 0.000000e+00 0.000000e+00 0.000000e+00 0.000000e+00 0.000000e+00 0.000000e+00 0.000000e+00 6.875000e-01 3.125000e-01 0.000000e+00 0.000000e+00 0.000000e+00
 0.000000e+00 0.000000e+00 0.000000e+00 0.000000e+00 0.000000e+00 0.000000e+00 0.000000e+00 0.000000e+00 0.000000e+00 0.000000e+00 0.000000e+00 0.000000e+00 0.000000e+00 0.000000e+00 0.000000e+00 0.000000e+00 0.000000e+00 0.000000e+00 0.000000e+00 0.000000e+00 0.000000e+00 0.000000e+00 0.000000e+00 0.000000e+00 5.833333e-01 4.166667e-01 0.000000e+00 0.000000e+00
 0.000000e+00 0.000000e+00 0.000000e+00 0.000000e+00 0.000000e+00 0.000000e+00 0.000000e+00 0.000000e+00 0.000000e+00 0.000000e+00 0.000000e+00 0.000000e+00 0.000000e+00 0.000000e+00 0.000000e+00 0.000000e+00 0.000000e+00 0.000000e+00 0.000000e+00 0.000000e+00 0.000000e+00 0.000000e+00 0.000000e+00 0.000000e+00 0.000000e+00 6.428571e-01 3.571429e-01 0.000000e+00
 0.000000e+00 0.000000e+00 0.000000e+00 0.000000e+00 0.000000e+00 0.000000e+00 0.000000e+00 0.000000e+00 0.000000e+00 0.000000e+00 0.000000e+00 0.000000e+00 0.000000e+00 0.000000e+00 0.000000e+00 0.000000e+00 0.000000e+00 0.000000e+00 0.000000e+00 0.000000e+00 0.000000e+00 0.000000e+00 0.000000e+00 0.000000e+00 0.000000e+00 0.000000e+00 5.000000e-01 5.000000e-01
 0.000000e+00 0.000000e+00 0.000000e+00 0.000000e+00 0.000000e+00 0.000000e+00 0.000000e+00 0.000000e+00 0.000000e+00 0.000000e+00 0.000000e+00 0.000000e+00 0.000000e+00 0.000000e+00 0.000000e+00 0.000000e+00 0.000000e+00 0.000000e+00 0.000000e+00 0.000000e+00 0.000000e+00 0.000000e+00 0.000000e+00 0.000000e+00 0.000000e+00 0.000000e+00 0.000000e+00 0.000000e+00
<ENDHMM>
