~o
<STREAMINFO> 1 39
<VECSIZE> 39<NULLD><MFCC_E_D_A><DIAGC>
~h "Xong"
<BEGINHMM>
<NUMSTATES> 28
<STATE> 2
<MEAN> 39
 -7.137890e+00 -8.097020e+00 -3.217603e+00 -1.297206e+00 4.774295e-01 -4.279884e+00 4.745790e+00 -4.930361e-01 1.217984e+00 -2.404447e+00 3.216234e+00 -2.648517e+00 -8.624547e-02 -1.609551e+00 1.275912e+00 -1.778864e+00 3.452368e-01 1.925761e-01 3.426300e-01 1.860533e+00 -4.060584e-01 5.901103e-01 -5.901464e-01 -5.702960e-02 9.962719e-02 -2.011357e-03 -6.890538e-01 9.438779e-01 -6.611717e-01 2.426257e-01 -6.240915e-03 -9.339132e-02 3.779284e-02 -2.664887e-01 3.994228e-02 -3.066006e-01 -9.732009e-02 1.753299e-02 2.093045e-02
<VARIANCE> 39
 6.914103e+00 3.756669e+00 5.471197e+00 4.998160e+00 4.362962e+00 6.725089e+00 1.625090e+01 1.267796e+01 1.456684e+01 9.194981e+00 5.854449e+00 1.534830e+01 1.000000e-02 1.151681e+00 2.060939e+00 1.285173e+00 5.113923e-01 4.697979e-01 1.661213e+00 1.021224e+00 1.578498e+00 7.194284e-01 1.646270e+00 1.305846e+00 7.336287e-01 1.000000e-02 1.385842e-01 2.225571e-01 2.299714e-01 1.728273e-01 6.952988e-02 3.430491e-01 3.108160e-01 2.205496e-01 2.905176e-01 2.742420e-01 2.412822e-01 2.075474e-01 1.000000e-02
<GCONST> 6.468630e+01
<STATE> 3
<MEAN> 39
 -1.394238e+01 -1.158681e-01 -1.057076e+01 1.210035e+00 5.754067e-01 -5.216943e+00 9.068270e+00 -2.996059e+00 2.122276e+00 -5.763566e+00 2.790246e+00 -2.826247e+00 6.893057e-03 -3.448054e+00 3.478730e+00 -3.785241e+00 1.292101e+00 -5.159735e-01 -7.542630e-01 4.277218e-01 -2.415835e-01 6.584272e-01 -1.023505e-01 5.211262e-02 -1.515202e-01 8.746620e-02 -4.571551e-02 -2.237696e-02 -9.740063e-03 1.452570e-01 -2.003912e-01 -2.006345e-01 -5.965088e-01 1.018083e-01 -5.064651e-02 4.343354e-01 8.548316e-02 1.410082e-01 2.044808e-02
<VARIANCE> 39
 1.115083e+01 1.697685e+01 1.380156e+01 5.472030e+00 3.899287e+00 2.496844e+01 1.910063e+01 2.252059e+01 1.050730e+01 9.234685e+00 1.101652e+01 5.191327e+00 1.072013e-02 1.336589e+00 4.049262e+00 1.382125e+00 1.760821e+00 9.667179e-01 1.584690e+00 7.673395e-01 1.413739e+00 2.565070e+00 1.062761e+00 6.503156e-01 1.226349e+00 1.000000e-02 3.013245e-01 4.224213e-01 4.282242e-01 1.715578e-01 2.448944e-01 4.037629e-01 1.989001e-01 3.906666e-01 1.399666e-01 2.516449e-01 1.863383e-01 1.103387e-01 1.000000e-02
<GCONST> 7.385416e+01
<STATE> 4
<MEAN> 39
 -2.342339e+01 8.222531e+00 -2.023681e+01 3.539637e+00 -7.494233e-01 -6.562370e+00 8.940572e+00 -2.316425e+00 3.630215e+00 -3.867202e+00 3.871804e+00 -2.485468e+00 3.091165e-01 -1.838444e+00 2.178361e+00 -1.636307e+00 9.683250e-01 -1.806912e-01 -6.868662e-01 -8.026019e-01 -6.801413e-01 2.173703e-01 8.405492e-01 3.544225e-02 5.517129e-01 8.764445e-02 1.224889e+00 -1.162055e+00 1.009465e+00 -4.292361e-02 1.311446e-01 2.084356e-01 -4.428868e-01 -5.267064e-02 -2.047333e-01 -1.020179e-02 -1.935011e-01 2.674047e-02 -1.933743e-02
<VARIANCE> 39
 2.239452e+01 3.175183e+01 1.645792e+01 2.399794e+01 2.222572e+01 1.779727e+01 1.398122e+01 5.315609e+00 2.259656e+01 6.271597e+00 2.503725e+00 1.411893e+01 2.872542e-02 2.568825e+00 2.514524e+00 3.539178e+00 8.362544e-01 1.571672e+00 1.054175e+00 9.006997e-01 2.599861e+00 5.630265e-01 2.450462e+00 6.215680e-01 1.032673e+00 1.000000e-02 1.997414e-01 5.001369e-01 4.064935e-01 1.511200e-01 9.853501e-02 4.331880e-01 1.360438e-01 2.708939e-01 4.066070e-01 2.493659e-01 1.129106e-01 1.984020e-01 1.000000e-02
<GCONST> 7.681950e+01
<STATE> 5
<MEAN> 39
 -2.388994e+01 9.208058e+00 -1.954971e+01 7.260555e+00 3.793585e-01 -6.889912e+00 4.374420e+00 -5.758358e+00 4.012478e+00 -2.008344e+00 3.646477e+00 -7.028123e-01 4.113693e-01 1.018531e+00 -1.596380e+00 -1.545185e-01 1.014408e+00 -2.303922e-01 2.958587e-01 -1.437040e+00 2.873811e-01 1.223704e-01 -3.744900e-01 -5.077542e-01 -3.929682e-01 2.807843e-02 1.162294e+00 -1.467896e+00 4.444384e-01 -6.091386e-01 -1.758424e-01 9.998074e-02 6.930974e-02 8.112375e-01 6.360818e-02 -7.384455e-01 -4.806580e-01 -4.064856e-01 -6.739133e-03
<VARIANCE> 39
 1.361242e+01 3.258099e+01 1.630276e+01 2.060918e+01 1.901920e+01 3.614532e+01 1.575000e+01 1.483396e+01 1.094907e+01 1.290535e+01 5.936913e+00 8.434953e+00 1.871126e-02 2.053606e+00 2.678547e+00 7.249213e-01 2.611927e+00 6.700528e-01 3.266645e+00 1.363202e+00 1.388101e+00 1.365780e+00 8.705178e-01 1.228772e+00 1.472131e+00 1.000000e-02 6.700851e-01 3.449463e-01 2.862456e-01 4.635945e-01 3.755159e-01 5.874017e-01 3.534625e-01 8.181386e-02 1.001871e-01 3.014545e-01 2.875219e-01 4.623533e-01 1.000000e-02
<GCONST> 8.172456e+01
<STATE> 6
<MEAN> 39
 -2.054642e+01 4.382289e+00 -1.896129e+01 9.439499e+00 -4.782045e+00 -5.171811e+00 2.715471e+00 -1.751266e+00 4.006910e+00 -6.431358e+00 1.551255e+00 -3.567659e+00 4.126320e-01 2.907662e+00 -3.351212e+00 1.163764e+00 -2.025283e+00 -1.047310e+00 -3.402952e-01 -1.024266e+00 2.182013e+00 3.061868e-01 -1.871164e+00 -1.462828e+00 -1.373901e-01 2.634848e-02 7.597435e-01 -1.018329e+00 -1.182881e-02 -1.453385e+00 5.643309e-01 5.748186e-02 3.453784e-01 -2.696383e-02 1.806560e-01 -1.539232e-01 -4.422476e-01 4.066237e-01 2.297154e-02
<VARIANCE> 39
 1.889706e+01 1.894781e+01 1.204992e+01 7.594594e+01 2.677968e+01 5.831562e+01 2.048144e+01 1.889479e+01 1.980645e+01 1.727008e+01 1.061781e+01 1.321721e+01 1.000000e-02 4.336882e+00 1.971172e+00 3.671110e+00 4.172535e+00 2.126943e+00 2.619621e+00 2.891032e+00 1.200441e+00 2.929922e+00 7.196328e-01 2.967413e+00 3.042130e+00 1.000000e-02 3.812807e-01 6.321056e-01 4.351087e-01 1.276566e+00 3.050035e-01 8.827250e-01 1.959228e-01 1.499850e-01 7.237872e-01 2.658193e-01 2.239148e-01 3.595480e-01 1.000000e-02
<GCONST> 9.441751e+01
<STATE> 7
<MEAN> 39
 -1.187035e+01 -3.898541e+00 -1.492884e+01 -5.818611e-01 -3.321201e+00 -5.415009e+00 -9.423568e-01 2.277661e+00 7.074041e+00 -8.208957e+00 -1.299963e+00 -1.986205e+00 5.063861e-01 4.518162e+00 -5.920433e+00 -7.522612e-01 -4.300426e+00 1.130833e+00 4.827571e-02 5.062358e-01 9.577382e-01 9.109175e-01 -1.461847e+00 -2.733851e+00 7.539276e-01 1.181153e-01 -1.974204e-01 -6.891328e-01 -1.079586e+00 6.242660e-01 8.749975e-01 4.399909e-01 1.093110e+00 -1.165981e+00 -3.178517e-01 2.010818e-01 1.276437e-01 -9.718077e-02 2.735376e-02
<VARIANCE> 39
 4.842043e+01 2.339707e+01 3.829025e+01 4.086879e+01 1.638376e+01 3.067766e+01 6.514270e+01 1.763316e+01 3.032216e+01 6.832342e+00 3.780283e+01 2.043107e+01 2.710214e-02 2.744568e+00 3.272311e+00 4.052873e+00 6.941098e+00 1.903747e+00 2.256816e+00 2.751587e+00 1.102297e+00 3.795901e+00 3.081578e+00 1.530127e+00 2.775481e+00 1.000000e-02 4.806372e-01 2.021466e-01 8.581605e-01 8.791301e-01 2.749993e-01 7.781565e-01 1.294683e+00 1.040934e-01 1.172681e+00 2.278912e-01 6.411566e-01 1.000259e+00 1.000000e-02
<GCONST> 1.025779e+02
<STATE> 8
<MEAN> 39
 -4.090777e+00 -1.632711e+01 -2.240522e+01 -6.156411e+00 -1.230498e+00 -8.217806e+00 4.656312e+00 5.095773e+00 5.177701e+00 -1.085434e+01 -8.558712e+00 -5.953205e-01 8.021548e-01 2.488624e+00 -6.502389e+00 -2.553633e+00 -6.838449e-01 2.191916e+00 1.034895e+00 2.411037e+00 -1.786460e+00 -7.170234e-01 -1.316798e+00 -1.558416e+00 9.588382e-02 1.422971e-01 -1.364374e+00 8.866891e-01 1.115191e-01 1.411026e+00 6.231618e-01 6.231853e-01 -3.021591e-01 -1.306159e+00 -5.596163e-01 7.566091e-01 1.325323e+00 -7.240220e-01 -1.957839e-02
<VARIANCE> 39
 2.225963e+01 7.140285e+00 2.578874e+01 9.227354e+00 1.415975e+01 1.641680e+01 4.140601e+01 2.587128e+01 6.585450e+01 1.321209e+01 2.372183e+01 2.029807e+01 1.000000e-02 3.483312e+00 2.244764e+00 3.322776e+00 3.400479e+00 1.825809e+00 4.797117e+00 7.777328e+00 2.330942e+00 8.484020e+00 8.610430e-01 2.870969e+00 4.593045e+00 1.000000e-02 3.379560e-01 2.610810e-01 5.460323e-01 8.287727e-01 3.011356e-02 2.046118e-01 8.399023e-01 7.580470e-02 6.920422e-01 7.386206e-01 1.935064e-01 3.429883e-01 1.000000e-02
<GCONST> 9.344197e+01
<STATE> 9
<MEAN> 39
 -5.159941e+00 -2.436917e+01 -2.328704e+01 -1.274038e+00 5.744449e+00 -2.438079e+00 7.677844e+00 -5.843099e+00 4.829649e+00 -1.165547e+01 -4.080091e+00 -3.199015e+00 9.504248e-01 3.811827e-01 -2.148913e+00 -2.130782e-01 9.410926e-01 2.719509e+00 1.901996e+00 -5.458466e-01 -2.996694e+00 -8.587270e-01 1.295667e+00 1.288613e+00 -1.971067e+00 4.747301e-02 -4.725907e-01 1.520186e+00 6.847503e-01 -1.348088e-01 -3.425558e-01 -2.336113e-02 -9.277601e-01 1.061908e-01 3.401497e-01 7.275797e-01 3.023051e-01 -1.500392e-01 -3.099891e-02
<VARIANCE> 39
 2.307877e+01 3.741790e+00 5.255079e+00 9.020697e+00 2.342747e+01 2.131715e+01 8.019412e+00 3.109085e+01 7.949126e+01 2.169887e+01 1.676931e+01 2.492334e+01 1.000000e-02 9.031601e-01 2.411371e+00 1.146875e+00 8.904660e-01 1.958146e+00 8.070418e-01 3.544608e+00 1.123033e+00 3.362010e+00 3.059473e+00 1.922473e+00 8.325458e-01 1.000000e-02 6.095185e-01 2.121399e-01 1.861206e-01 6.801038e-01 2.983297e-01 3.291646e-01 4.520458e-01 3.171903e-01 6.271973e-01 6.872920e-01 6.768559e-01 3.880394e-01 1.000000e-02
<GCONST> 8.628506e+01
<STATE> 10
<MEAN> 39
 -1.270405e+00 -2.616634e+01 -2.175171e+01 -4.001642e+00 1.144917e+01 2.563341e+00 2.755775e+00 -9.518041e+00 -4.030299e-01 -5.625571e+00 -4.038159e+00 -9.692934e+00 9.792763e-01 2.233209e-01 6.429090e-02 8.504214e-01 -1.122159e+00 4.776931e-01 1.338170e+00 -7.493362e-01 -8.845182e-01 3.309010e-01 3.489673e-01 6.913255e-01 -2.060354e-01 -1.342364e-03 -5.425565e-02 2.768038e-01 9.993713e-02 -2.418718e-01 -3.430172e-01 -1.702819e-01 1.482765e-01 4.604066e-01 -2.876618e-02 -3.837679e-01 3.359900e-04 4.117312e-01 -5.899422e-03
<VARIANCE> 39
 1.977261e+01 1.124625e+01 2.348262e+01 5.843236e+00 1.476677e+01 1.742521e+01 9.463995e+00 3.595507e+01 1.058192e+02 7.030944e+00 3.229171e+01 1.732732e+01 1.000000e-02 5.987707e-01 5.187516e-01 5.906863e-01 5.452684e-01 9.426818e-01 1.183142e+00 8.439002e-01 9.293224e-01 1.556056e+00 2.708978e+00 1.598111e+00 9.743872e-01 1.000000e-02 1.227178e-01 1.502910e-01 1.538569e-01 1.424134e-01 3.101904e-01 1.140698e-01 1.599838e-01 2.002495e-01 3.367712e-01 4.176454e-01 2.024523e-01 1.361029e-01 1.000000e-02
<GCONST> 7.180309e+01
<STATE> 11
<MEAN> 39
 -3.501188e+00 -2.406384e+01 -1.943337e+01 -7.734755e+00 1.139355e+01 5.357799e+00 5.047915e-01 -1.221250e+01 7.934169e+00 -9.104976e+00 9.666443e-01 -7.446443e+00 9.778726e-01 2.293097e-01 -3.326899e-02 9.516562e-01 -1.760056e+00 8.918313e-01 1.204868e+00 -1.188211e+00 5.805756e-01 -8.786897e-01 -2.853159e-01 5.480512e-01 -3.855503e-01 -1.104564e-03 -4.505171e-02 -1.164793e-01 -9.450804e-02 -6.466021e-02 -1.989667e-01 1.892014e-01 -2.993118e-02 3.586825e-01 -4.281908e-01 -8.565565e-02 -3.433312e-01 -6.683461e-02 -2.113797e-03
<VARIANCE> 39
 1.280869e+01 7.537329e+00 1.002428e+01 8.187692e+00 9.169261e+00 2.205043e+01 3.997652e+00 6.694469e+00 1.183906e+02 1.879077e+01 2.024286e+01 1.985690e+01 1.000000e-02 7.490785e-01 7.985647e-01 5.592885e-01 2.622364e-01 2.271538e+00 8.108273e-01 5.664099e-01 4.889532e-01 9.705658e-01 6.138232e-01 1.386488e+00 1.148951e+00 1.000000e-02 6.137095e-02 5.298400e-02 7.813146e-02 1.835917e-01 2.583025e-01 3.573128e-01 4.370792e-02 2.312297e-01 3.308065e-01 3.070160e-01 9.605724e-02 3.006612e-01 1.000000e-02
<GCONST> 6.319831e+01
<STATE> 12
<MEAN> 39
 -3.322485e+00 -2.472916e+01 -1.789141e+01 -1.073215e+01 1.307369e+01 8.605562e+00 -1.721483e+00 -9.680536e+00 2.919983e+00 -7.589421e+00 -1.296391e+00 -6.292457e+00 9.721555e-01 1.031833e-01 -2.425413e-02 3.920923e-01 -9.780502e-01 -1.964003e-01 2.119008e+00 -5.973779e-01 1.128380e+00 -1.470258e+00 -7.981642e-01 -2.408279e-01 1.284303e-01 -1.145169e-02 3.333226e-01 -5.563067e-02 1.036683e-02 2.957466e-02 -4.207588e-01 -1.045785e-01 1.878104e-01 2.431876e-01 -8.392947e-02 -9.980844e-02 3.542539e-02 -9.583136e-02 -5.211866e-03
<VARIANCE> 39
 1.837779e+01 7.099797e+00 3.466961e+00 5.070914e+00 1.030358e+01 1.097513e+01 8.143758e+00 1.255441e+01 8.333193e+01 1.543717e+01 3.648686e+01 1.219536e+01 1.000000e-02 4.720643e-01 2.043444e-01 7.023712e-01 1.551026e+00 2.142465e+00 1.191102e+00 3.368938e-01 1.082298e+00 1.374429e+00 8.907596e-01 5.336930e-01 8.399040e-01 1.000000e-02 1.007409e-01 1.372637e-01 1.142459e-01 2.102494e-01 3.204167e-01 3.373785e-01 2.502034e-01 7.494939e-02 2.458509e-01 8.736054e-02 3.579604e-01 3.273087e-01 1.000000e-02
<GCONST> 6.509172e+01
<STATE> 13
<MEAN> 39
 -6.048959e-01 -2.503872e+01 -1.578091e+01 -1.437327e+01 1.225084e+01 1.350588e+01 -3.580428e+00 -7.217168e+00 -2.485332e+00 -1.105474e+01 -1.187211e-01 -7.073756e+00 9.252977e-01 1.127594e+00 -3.770460e-01 8.885986e-01 -1.851074e+00 -1.592643e+00 2.373567e-01 3.395863e-02 1.253613e+00 -1.042146e+00 1.738254e-01 -1.678277e-01 -1.062257e-01 -2.698688e-02 6.544594e-02 9.012839e-02 1.876303e-01 1.471614e-01 -6.968319e-01 -9.762311e-01 2.020574e-01 -5.650689e-02 7.422158e-01 4.829590e-01 -3.231518e-01 -2.571243e-01 -7.059570e-03
<VARIANCE> 39
 1.521939e+01 5.623913e+00 6.696447e+00 2.337866e+01 1.971858e+01 3.781430e+00 1.599461e+01 1.902687e+01 4.175298e+01 8.133817e+00 3.548664e+01 1.104799e+01 1.000000e-02 3.207164e-01 8.537428e-01 7.268245e-01 1.562934e+00 4.593838e+00 1.506005e+00 1.847363e+00 1.432860e+00 3.916726e+00 9.037526e-01 2.595413e+00 8.290001e-01 1.000000e-02 4.932420e-02 8.602957e-02 9.877435e-02 3.072738e-01 3.806694e-01 2.792883e-01 3.371795e-01 2.041265e-01 1.544423e-01 1.859284e-01 3.574647e-01 2.369924e-01 1.000000e-02
<GCONST> 7.307012e+01
<STATE> 14
<MEAN> 39
 2.073109e-01 -2.556335e+01 -1.435060e+01 -1.794215e+01 9.764567e+00 1.223991e+01 -8.732906e-01 -3.876757e+00 -3.095000e+00 -8.784143e+00 -2.899040e-01 -6.874294e+00 8.549328e-01 1.169057e+00 2.295514e-01 1.323324e+00 -3.344089e-01 -3.265215e+00 -1.605243e+00 -1.015062e-01 1.182779e+00 1.450240e+00 3.975022e-01 -1.528950e+00 -1.352994e+00 -4.068063e-02 6.225144e-02 3.143052e-01 1.466482e-01 9.037920e-01 -5.556326e-01 -6.208803e-01 -5.952647e-01 -4.636495e-01 7.073634e-01 -2.436324e-02 -3.083432e-01 -9.918470e-03 -6.024684e-03
<VARIANCE> 39
 1.174989e+01 1.845344e+00 1.255803e+01 1.992378e+01 3.682734e+01 3.368606e+00 1.672836e+01 2.196251e+01 1.598155e+01 1.189694e+01 8.320417e+00 1.013088e+01 1.000000e-02 2.529917e-01 5.366835e-01 9.602760e-02 8.529798e-01 2.566472e+00 3.074401e+00 1.693683e+00 8.240815e-01 2.254138e+00 1.110494e+00 2.739686e+00 1.613753e+00 1.000000e-02 9.209637e-02 9.074371e-02 5.280412e-02 1.175159e-01 6.701540e-01 3.516710e-01 2.573698e-01 5.872220e-01 4.904442e-01 1.301142e-01 3.893859e-01 4.801560e-02 1.000000e-02
<GCONST> 6.724076e+01
<STATE> 15
<MEAN> 39
 3.684778e+00 -2.443340e+01 -1.069561e+01 -1.644796e+01 -1.693052e+00 5.308012e+00 -5.150679e+00 -2.753973e+00 2.702781e+00 -7.056659e+00 -4.954591e+00 -1.238067e+01 7.532875e-01 8.763580e-01 1.203018e+00 1.220953e+00 1.323287e+00 -2.585630e+00 -2.762846e+00 -1.742732e+00 -1.496048e+00 1.178553e+00 6.098045e-01 -3.429116e-01 2.293994e-01 -5.119563e-02 -1.486616e-01 2.313423e-01 -2.078757e-01 4.129444e-01 1.052254e+00 1.187284e-01 -1.827769e-01 -9.042913e-01 -7.020385e-01 -1.098594e-01 7.510360e-01 6.676618e-01 1.300388e-03
<VARIANCE> 39
 4.007296e+00 4.337585e+00 7.343244e+00 1.579022e+01 2.737674e+01 3.262922e+01 2.060523e+01 2.480012e+01 3.498046e+01 2.197550e+01 6.632401e+00 2.184447e+01 1.000000e-02 3.742701e-01 2.917415e-01 5.150955e-01 3.709545e-01 1.193934e+00 2.356882e+00 9.947013e-01 3.238882e+00 1.595322e+00 2.028350e+00 2.229687e+00 1.101084e+00 1.000000e-02 6.596883e-02 8.894600e-02 1.105551e-01 1.913967e-01 4.371652e-01 4.062916e-01 1.783248e-01 4.728031e-01 3.344149e-01 2.101714e-01 2.448766e-01 1.416380e-01 1.000000e-02
<GCONST> 7.131745e+01
<STATE> 16
<MEAN> 39
 8.108496e+00 -2.027339e+01 -1.207495e+01 -6.594790e+00 -6.099552e+00 -2.823243e+00 -3.339005e+00 -1.303838e+01 -5.164070e+00 -4.113730e+00 -4.533776e+00 -1.205988e+01 6.135765e-01 1.201658e-01 4.795210e-01 9.599636e-02 8.604533e-01 6.951509e-01 -4.858334e-01 -2.818890e-01 -7.579657e-01 -4.922232e-01 -3.531843e-01 1.131803e-01 3.036978e-01 -2.377405e-02 -2.039103e-01 -7.789537e-02 -4.564301e-02 -1.999659e-01 4.744606e-01 3.603183e-01 1.852088e-01 3.876998e-01 3.652713e-02 -7.269602e-02 3.041415e-02 3.757516e-02 1.436555e-03
<VARIANCE> 39
 5.512900e+00 1.955052e+00 1.339527e+01 2.186587e+01 1.360505e+01 2.507194e+01 1.629889e+01 1.835230e+01 2.549664e+01 1.776822e+01 7.944352e+00 1.709046e+01 1.000000e-02 2.973958e-01 5.830667e-01 1.489943e+00 7.109007e-01 1.473303e+00 1.303247e+00 9.289421e-01 2.788821e+00 8.729600e-01 8.730572e-01 1.386369e+00 1.330087e+00 1.000000e-02 2.706503e-02 1.509238e-01 2.143143e-01 1.067879e-01 3.461294e-01 6.268080e-01 1.658667e-01 3.050956e-01 2.468366e-01 2.900467e-01 1.617440e-01 2.146113e-01 1.000000e-02
<GCONST> 6.894209e+01
<STATE> 17
<MEAN> 39
 3.825302e+00 -2.015644e+01 -6.884286e+00 -1.096455e+01 2.968423e+00 6.672078e-01 -1.155492e+01 -9.921527e+00 9.932886e-01 -8.299799e+00 -1.613665e+00 -6.726654e+00 5.552676e-01 -9.495006e-03 6.681267e-01 -4.384991e-01 5.683062e-01 1.124282e+00 -7.650683e-01 -2.613770e-01 6.177143e-01 1.506897e-01 3.142327e-02 3.286843e-02 5.376433e-01 -2.490283e-02 7.565051e-02 -1.174819e-01 -5.634751e-01 -2.452197e-02 -2.035316e-01 1.237967e-01 6.680022e-01 6.289908e-01 6.158074e-02 1.140932e-01 -1.634613e-01 -3.142127e-01 6.313249e-03
<VARIANCE> 39
 6.967722e+00 1.007667e+00 2.417570e+01 3.373762e+01 1.480541e+01 2.794487e+01 7.079023e+01 1.650285e+01 5.225197e+01 1.059361e+01 1.754245e+01 2.179181e+01 1.000000e-02 3.172807e-01 3.924193e-01 8.216485e-01 1.350843e+00 1.527172e+00 7.304662e+00 1.827160e+00 1.910070e+00 2.008828e+00 1.315605e+00 9.121273e-01 1.543671e+00 1.000000e-02 2.325607e-02 3.978476e-02 2.198672e-01 2.051495e-01 2.487647e-01 5.829288e-01 3.986746e-01 2.466592e-01 4.360338e-01 1.917233e-01 5.042247e-01 5.087746e-01 1.000000e-02
<GCONST> 7.668559e+01
<STATE> 18
<MEAN> 39
 5.107342e+00 -1.812145e+01 -1.001624e+01 -9.974426e+00 1.422742e+00 -1.447320e+00 -8.855868e+00 -6.919847e+00 2.538648e+00 -7.429802e+00 -2.398456e+00 -6.318397e+00 5.317592e-01 2.740524e-01 7.838545e-01 -1.060657e+00 1.146715e+00 2.621920e-01 -2.510887e-01 1.581496e+00 5.205948e-01 -5.419979e-01 7.056467e-01 7.194448e-01 9.156018e-03 -1.920124e-02 -3.832792e-02 -1.476717e-01 9.101294e-04 2.504592e-01 3.341081e-02 9.734172e-02 2.607647e-01 -3.191218e-01 -3.297137e-01 -1.495788e-01 2.497153e-02 -7.388808e-02 -2.751998e-04
<VARIANCE> 39
 4.791048e+00 3.269984e+00 1.345561e+01 2.167610e+01 8.047929e+00 2.330619e+01 2.934743e+01 7.821159e+00 1.862769e+01 1.848707e+01 1.513406e+01 2.491056e+01 1.000000e-02 3.098871e-01 3.317169e-01 2.129601e+00 1.120357e+00 1.659893e+00 1.419157e+00 1.820419e+00 1.563246e+00 2.596127e+00 1.625316e-01 1.552515e+00 4.934648e+00 1.000000e-02 1.747108e-02 2.582351e-02 5.789782e-02 3.847215e-01 1.249000e-01 1.171545e+00 6.564526e-02 1.372153e-01 1.330672e-01 1.001172e-01 1.511347e-01 2.336492e-01 1.000000e-02
<GCONST> 6.460203e+01
<STATE> 19
<MEAN> 39
 5.785522e+00 -1.668966e+01 -1.175816e+01 -5.936261e+00 3.298326e+00 -1.603643e+00 -5.645288e+00 -7.473223e+00 -9.743598e-01 -7.160498e+00 -1.378071e+00 -7.991932e+00 4.871189e-01 -1.445952e-01 -1.027913e-02 -6.293164e-01 1.314602e+00 5.030611e-01 -3.754517e-01 1.242170e+00 -1.557935e-01 -1.007669e+00 -6.896074e-01 -3.178325e-01 1.077836e-01 -2.364874e-02 -1.654210e-01 -3.886486e-01 1.207479e-02 -7.761595e-02 -1.958047e-01 -1.336545e-01 -9.196067e-02 -1.054445e-01 -1.786136e-01 -3.327543e-01 -3.627481e-01 -6.344020e-02 4.916116e-04
<VARIANCE> 39
 4.546587e+00 5.888763e+00 2.084660e+01 4.218515e+00 5.997174e+00 9.668822e+00 1.567472e+01 7.161011e+00 1.022323e+01 1.307997e+01 1.655469e+01 2.516864e+01 1.000000e-02 1.885689e-01 2.202550e-01 1.002897e+00 1.625262e+00 4.061166e-01 1.710016e+00 8.981972e-01 1.325381e+00 1.898152e+00 1.993989e+00 1.250967e+00 1.000287e+00 1.000000e-02 3.193368e-02 5.237985e-02 2.244416e-01 1.308401e-01 9.369148e-02 2.708957e-01 2.685512e-01 2.172421e-01 3.887244e-01 2.764635e-01 3.133344e-01 4.896624e-01 1.000000e-02
<GCONST> 6.346541e+01
<STATE> 20
<MEAN> 39
 5.268728e+00 -1.810197e+01 -1.462069e+01 -3.777873e+00 2.703723e+00 -3.434851e+00 -1.100133e+00 -7.336736e+00 -3.775759e+00 -9.851982e+00 -4.491261e+00 -7.137655e+00 4.529177e-01 -5.346600e-01 -2.777602e-01 -3.362823e-01 8.570058e-01 3.900540e-01 -1.220351e-01 7.246165e-01 4.586049e-01 -3.399144e-01 -1.084287e-01 -4.790858e-01 2.218422e-01 -2.375847e-02 -1.658971e-01 2.390447e-02 6.788252e-02 -2.253625e-01 2.512969e-01 2.111888e-01 -4.271863e-01 6.656935e-02 4.852965e-01 5.135300e-01 3.514773e-01 1.319689e-01 -1.261808e-03
<VARIANCE> 39
 2.267898e+00 4.935268e+00 1.007180e+01 8.281836e+00 6.437934e+00 1.040598e+01 1.176593e+01 1.145519e+01 2.396716e+01 1.652304e+01 9.765113e+00 7.918030e+00 1.000000e-02 2.307449e-01 6.930761e-01 1.298239e+00 3.616310e-01 5.831285e-01 1.759970e+00 1.606561e+00 4.946027e-01 1.388969e+00 1.615769e+00 1.097644e+00 1.346924e+00 1.000000e-02 5.101475e-02 1.043422e-01 2.216697e-01 2.272308e-01 1.434922e-01 3.319590e-01 1.316510e-01 1.638824e-01 4.285625e-01 5.382549e-01 2.472790e-01 4.141356e-01 1.000000e-02
<GCONST> 6.369459e+01
<STATE> 21
<MEAN> 39
 2.726522e+00 -1.862572e+01 -1.411326e+01 -1.614448e+00 6.204510e+00 -3.312026e+00 -4.195414e+00 -7.253726e+00 -2.029730e+00 -6.804069e+00 -1.737558e+00 -5.497164e+00 3.556421e-01 -8.606176e-01 -4.370409e-01 -1.122211e+00 -2.161827e-01 1.131920e+00 6.614839e-01 -1.247674e-01 1.408990e-01 9.256698e-01 1.911357e+00 9.787817e-01 3.162966e-01 -1.985115e-02 7.261422e-02 8.659025e-02 1.317129e-02 -3.119475e-01 -1.537302e-01 3.009836e-01 3.122843e-01 1.489768e-01 2.217908e-01 1.536541e-01 9.852096e-02 -1.163364e-01 2.633396e-03
<VARIANCE> 39
 6.969164e+00 8.542664e+00 2.402913e+00 1.907737e+00 4.343223e+00 6.679785e+00 6.618042e+00 7.052209e+00 2.213248e+01 1.813177e+01 1.699042e+01 1.685966e+01 1.000000e-02 4.373012e-01 5.486323e-01 6.288270e-01 5.626054e-01 1.287136e+00 8.530753e-01 3.205163e-01 5.671911e-01 1.515304e+00 2.468162e+00 5.984418e-01 1.905174e+00 1.000000e-02 9.292523e-02 1.498231e-01 1.002738e-01 7.640553e-02 8.197783e-02 1.612075e-01 9.647551e-02 7.153116e-02 2.233434e-01 6.141605e-01 2.791120e-01 2.879344e-01 1.000000e-02
<GCONST> 5.675034e+01
<STATE> 22
<MEAN> 39
 1.695000e+00 -1.974128e+01 -1.748699e+01 -3.614044e+00 6.799317e+00 -2.979850e-01 2.770811e-01 -5.799870e+00 -1.763146e+00 -3.271187e+00 -8.933285e-01 -6.725314e+00 3.358884e-01 -6.333792e-01 -2.942604e-02 1.273963e-02 -1.512256e-01 2.104888e-02 5.375484e-01 9.771740e-01 1.224209e+00 7.329139e-01 5.061338e-01 5.516751e-01 2.605592e-01 -2.415029e-02 5.074020e-02 3.201454e-01 6.294575e-01 1.972744e-01 -2.795060e-01 -3.230800e-01 -1.066014e-01 1.200456e-01 -8.606836e-02 -4.519345e-01 -2.677147e-01 -2.754625e-02 -4.716696e-03
<VARIANCE> 39
 2.234140e+00 6.315806e+00 2.621783e+00 4.098358e+00 9.733737e+00 3.964349e+00 1.583220e+01 7.828766e+00 6.892723e+00 8.970253e+00 1.343707e+01 1.934497e+01 1.000000e-02 4.248202e-01 8.108456e-01 1.001919e+00 4.909734e-01 2.205704e-01 7.609930e-01 4.387428e-01 2.146809e-01 3.565375e-01 1.566595e+00 1.485275e+00 1.930356e+00 1.000000e-02 4.869406e-02 1.605527e-01 2.304562e-01 6.779298e-02 1.454567e-01 1.180758e-01 1.645412e-01 6.853849e-02 2.259943e-02 2.967338e-01 1.713488e-01 3.475262e-01 1.000000e-02
<GCONST> 5.020391e+01
<STATE> 23
<MEAN> 39
 -2.269493e-01 -1.852166e+01 -1.440409e+01 -2.168996e+00 6.419338e+00 -1.308467e+00 5.993006e-01 -3.055144e+00 -3.899638e-01 -4.913484e+00 -8.196052e-01 -4.628617e+00 2.280144e-01 -3.673832e-01 7.409083e-01 1.110162e+00 1.619058e-01 -1.368305e-01 -5.610682e-01 -3.361878e-01 -1.822421e-02 1.322767e-01 8.405499e-02 5.362030e-02 9.689338e-02 -2.527932e-02 1.913597e-02 6.087853e-02 7.182826e-02 -6.999657e-02 -1.052869e-01 9.216256e-03 -1.468570e-01 -3.358897e-01 -6.020074e-02 1.059794e-01 1.198223e-01 7.149751e-02 3.659634e-05
<VARIANCE> 39
 2.160463e+00 6.226718e+00 1.187824e+01 3.875898e+00 4.089862e+00 6.791893e+00 8.644215e+00 1.048076e+01 1.418472e+01 1.214632e+01 1.323317e+01 5.194471e+00 1.000000e-02 4.306874e-01 6.872871e-01 1.836389e+00 7.730516e-01 4.714235e-01 2.876709e-01 8.832995e-01 1.088992e+00 8.307081e-01 1.072759e+00 1.025709e+00 7.580228e-01 1.000000e-02 5.218833e-02 1.812388e-01 3.569613e-01 1.063571e-01 7.008559e-02 1.353087e-01 1.988627e-01 2.309295e-01 1.032409e-01 2.537255e-01 1.938253e-01 1.540249e-01 1.000000e-02
<GCONST> 5.540532e+01
<STATE> 24
<MEAN> 39
 -1.329635e+00 -1.503441e+01 -1.011646e+01 -2.630159e+00 4.669928e+00 -2.179988e+00 -4.362425e-01 -4.854311e+00 1.347403e+00 -2.290666e+00 -1.747662e-01 -5.085588e+00 1.435701e-01 -6.407635e-01 6.768954e-01 1.032870e+00 -2.946490e-01 -6.610308e-01 3.519473e-01 1.454268e-01 -5.999691e-01 1.112023e-01 3.592811e-02 5.922995e-01 6.714332e-01 -3.484042e-02 -4.086609e-02 -1.754290e-01 -2.745295e-01 -1.306929e-02 1.645180e-01 9.613983e-02 4.054782e-02 7.076319e-02 -2.198534e-01 -1.419595e-01 1.754094e-01 1.866601e-01 2.501367e-03
<VARIANCE> 39
 1.194939e+01 9.700789e+00 1.576938e+01 9.998414e+00 5.629513e+00 1.176850e+01 1.315286e+01 1.914291e+01 1.406294e+01 1.370156e+01 1.326765e+01 1.137117e+01 2.409159e-02 2.126448e-01 1.569493e+00 3.054875e+00 2.288064e-01 7.758774e-01 4.520762e-01 1.327018e+00 1.756669e+00 6.181325e-01 1.615218e+00 1.408107e+00 6.327373e-01 1.000000e-02 1.368574e-01 1.478272e-01 4.060285e-01 2.065598e-01 1.500684e-01 2.394622e-01 3.796498e-01 3.757995e-01 2.126419e-01 3.016154e-01 2.235917e-01 2.150199e-01 1.000000e-02
<GCONST> 6.934601e+01
<STATE> 25
<MEAN> 39
 -2.427048e+00 -1.551337e+01 -1.123086e+01 -3.233723e+00 5.454949e+00 -5.974190e-01 -2.976450e-01 -4.526876e+00 6.804410e-01 -2.541339e+00 2.698825e+00 -3.656262e+00 1.181872e-01 -6.397653e-01 5.599188e-01 2.919471e-01 -2.577149e-01 1.400539e-01 1.533718e-01 -4.225745e-01 2.915556e-01 -2.054473e-01 3.133342e-01 9.558770e-01 2.138675e-01 -2.932371e-02 -1.601402e-02 1.957925e-01 3.304157e-01 2.046357e-01 1.208498e-01 -1.738496e-01 -1.959663e-01 5.201929e-02 2.735322e-02 -2.768091e-02 -2.285735e-01 -9.527683e-02 -3.585823e-03
<VARIANCE> 39
 5.538681e+00 8.535946e+00 1.833789e+01 5.321403e+00 7.031068e+00 7.503731e+00 1.272564e+01 1.325463e+01 7.255908e+00 1.648608e+01 8.766275e+00 1.243990e+01 2.174489e-02 4.112816e-01 7.490078e-01 2.151785e+00 3.892452e-01 4.258806e-01 1.900105e+00 1.321344e+00 1.476957e+00 9.590889e-01 1.621248e+00 8.615007e-01 2.078541e+00 1.000000e-02 6.726567e-02 1.887946e-01 5.682722e-01 7.071681e-02 9.201460e-02 1.943588e-01 2.433853e-01 2.536111e-01 1.060787e-01 4.137227e-01 2.634717e-01 3.635981e-01 1.000000e-02
<GCONST> 6.591032e+01
<STATE> 26
<MEAN> 39
 -3.579268e+00 -1.116068e+01 -4.304604e+00 -2.885047e+00 3.841427e+00 -2.959045e+00 -2.693958e+00 -4.921614e+00 2.084707e-01 -2.346037e+00 2.959642e+00 -2.079320e+00 2.034454e-02 -3.744467e-01 8.668080e-01 1.499503e+00 7.536379e-01 -3.647124e-04 -3.229629e-01 -2.649056e-01 2.181085e-01 5.444652e-01 5.784033e-01 -2.550121e-01 -2.744589e-01 -2.134236e-02 -7.248166e-02 -2.480043e-01 -2.231155e-01 4.902552e-02 -2.665376e-02 2.738360e-01 5.393769e-01 2.246261e-01 -6.091997e-02 -1.142403e-01 -7.462451e-02 -1.996303e-01 1.018338e-03
<VARIANCE> 39
 1.976261e+00 3.302679e+00 7.740456e+00 4.611207e+00 5.102119e+00 6.543224e+00 4.295591e+00 1.692768e+00 7.252395e+00 1.764336e+01 4.345164e+00 1.567367e+01 1.000000e-02 9.332027e-01 5.193189e-01 1.094615e+00 8.766994e-02 5.583493e-01 6.264378e-01 1.491019e+00 1.016872e+00 1.526117e+00 1.749324e+00 3.212228e-01 2.267500e+00 1.000000e-02 1.003992e-01 7.572142e-02 1.499452e-01 9.470154e-02 1.022178e-01 2.242963e-01 7.927691e-02 1.243737e-01 3.601377e-01 4.137787e-01 7.045210e-02 5.173401e-01 1.000000e-02
<GCONST> 5.209588e+01
<STATE> 27
<MEAN> 39
 -5.267879e+00 -1.140196e+01 -4.896031e+00 -1.527884e+00 5.459808e+00 -2.165867e+00 -1.320189e+00 -2.729927e+00 1.621150e+00 -2.614860e+00 1.836525e+00 -3.470925e+00 -3.721473e-02 -6.153844e-01 1.350543e-01 6.674458e-01 4.489470e-01 1.555219e-01 3.851707e-01 9.552358e-01 1.703232e-01 -6.442952e-01 -6.819339e-01 2.104345e-01 3.213071e-01 -2.250244e-02 2.484437e-01 -4.706543e-02 -1.835078e-01 -1.956577e-01 -1.722045e-01 1.516748e-02 2.839405e-01 -2.583919e-01 -4.992196e-02 9.855716e-02 1.418210e-01 6.568297e-02 1.353448e-02
<VARIANCE> 39
 1.564302e+00 2.528892e+00 5.614492e+00 5.492057e+00 5.569376e+00 7.420115e+00 7.488247e+00 6.115541e+00 1.249945e+01 4.242139e+00 8.222269e+00 6.289058e+00 1.000000e-02 2.358076e-01 8.108318e-01 8.147502e-01 5.274218e-01 8.274491e-01 1.131872e+00 7.208775e-01 8.916453e-01 4.809688e-01 1.131673e+00 8.900710e-01 1.717713e+00 1.000000e-02 1.222638e-01 1.003386e-01 1.444126e-01 7.077196e-02 1.196130e-01 2.437915e-01 9.642021e-02 6.741264e-02 8.452394e-02 9.309571e-02 1.111889e-01 2.839950e-01 1.000000e-02
<GCONST> 4.908212e+01
<TRANSP> 28
 0.000000e+00 1.000000e+00 0.000000e+00 0.000000e+00 0.000000e+00 0.000000e+00 0.000000e+00 0.000000e+00 0.000000e+00 0.000000e+00 0.000000e+00 0.000000e+00 0.000000e+00 0.000000e+00 0.000000e+00 0.000000e+00 0.000000e+00 0.000000e+00 0.000000e+00 0.000000e+00 0.000000e+00 0.000000e+00 0.000000e+00 0.000000e+00 0.000000e+00 0.000000e+00 0.000000e+00 0.000000e+00
 0.000000e+00 6.875000e-01 3.125000e-01 0.000000e+00 0.000000e+00 0.000000e+00 0.000000e+00 0.000000e+00 0.000000e+00 0.000000e+00 0.000000e+00 0.000000e+00 0.000000e+00 0.000000e+00 0.000000e+00 0.000000e+00 0.000000e+00 0.000000e+00 0.000000e+00 0.000000e+00 0.000000e+00 0.000000e+00 0.000000e+00 0.000000e+00 0.000000e+00 0.000000e+00 0.000000e+00 0.000000e+00
 0.000000e+00 0.000000e+00 5.833333e-01 4.166667e-01 0.000000e+00 0.000000e+00 0.000000e+00 0.000000e+00 0.000000e+00 0.000000e+00 0.000000e+00 0.000000e+00 0.000000e+00 0.000000e+00 0.000000e+00 0.000000e+00 0.000000e+00 0.000000e+00 0.000000e+00 0.000000e+00 0.000000e+00 0.000000e+00 0.000000e+00 0.000000e+00 0.000000e+00 0.000000e+00 0.000000e+00 0.000000e+00
 0.000000e+00 0.000000e+00 0.000000e+00 5.454546e-01 4.545455e-01 0.000000e+00 0.000000e+00 0.000000e+00 0.000000e+00 0.000000e+00 0.000000e+00 0.000000e+00 0.000000e+00 0.000000e+00 0.000000e+00 0.000000e+00 0.000000e+00 0.000000e+00 0.000000e+00 0.000000e+00 0.000000e+00 0.000000e+00 0.000000e+00 0.000000e+00 0.000000e+00 0.000000e+00 0.000000e+00 0.000000e+00
 0.000000e+00 0.000000e+00 0.000000e+00 0.000000e+00 5.833333e-01 4.166667e-01 0.000000e+00 0.000000e+00 0.000000e+00 0.000000e+00 0.000000e+00 0.000000e+00 0.000000e+00 0.000000e+00 0.000000e+00 0.000000e+00 0.000000e+00 0.000000e+00 0.000000e+00 0.000000e+00 0.000000e+00 0.000000e+00 0.000000e+00 0.000000e+00 0.000000e+00 0.000000e+00 0.000000e+00 0.000000e+00
 0.000000e+00 0.000000e+00 0.000000e+00 0.000000e+00 0.000000e+00 4.444444e-01 5.555556e-01 0.000000e+00 0.000000e+00 0.000000e+00 0.000000e+00 0.000000e+00 0.000000e+00 0.000000e+00 0.000000e+00 0.000000e+00 0.000000e+00 0.000000e+00 0.000000e+00 0.000000e+00 0.000000e+00 0.000000e+00 0.000000e+00 0.000000e+00 0.000000e+00 0.000000e+00 0.000000e+00 0.000000e+00
 0.000000e+00 0.000000e+00 0.000000e+00 0.000000e+00 0.000000e+00 0.000000e+00 3.750000e-01 6.250000e-01 0.000000e+00 0.000000e+00 0.000000e+00 0.000000e+00 0.000000e+00 0.000000e+00 0.000000e+00 0.000000e+00 0.000000e+00 0.000000e+00 0.000000e+00 0.000000e+00 0.000000e+00 0.000000e+00 0.000000e+00 0.000000e+00 0.000000e+00 0.000000e+00 0.000000e+00 0.000000e+00
 0.000000e+00 0.000000e+00 0.000000e+00 0.000000e+00 0.000000e+00 0.000000e+00 0.000000e+00 2.857143e-01 7.142857e-01 0.000000e+00 0.000000e+00 0.000000e+00 0.000000e+00 0.000000e+00 0.000000e+00 0.000000e+00 0.000000e+00 0.000000e+00 0.000000e+00 0.000000e+00 0.000000e+00 0.000000e+00 0.000000e+00 0.000000e+00 0.000000e+00 0.000000e+00 0.000000e+00 0.000000e+00
 0.000000e+00 0.000000e+00 0.000000e+00 0.000000e+00 0.000000e+00 0.000000e+00 0.000000e+00 0.000000e+00 6.153846e-01 3.846154e-01 0.000000e+00 0.000000e+00 0.000000e+00 0.000000e+00 0.000000e+00 0.000000e+00 0.000000e+00 0.000000e+00 0.000000e+00 0.000000e+00 0.000000e+00 0.000000e+00 0.000000e+00 0.000000e+00 0.000000e+00 0.000000e+00 0.000000e+00 0.000000e+00
 0.000000e+00 0.000000e+00 0.000000e+00 0.000000e+00 0.000000e+00 0.000000e+00 0.000000e+00 0.000000e+00 0.000000e+00 7.500000e-01 2.500000e-01 0.000000e+00 0.000000e+00 0.000000e+00 0.000000e+00 0.000000e+00 0.000000e+00 0.000000e+00 0.000000e+00 0.000000e+00 0.000000e+00 0.000000e+00 0.000000e+00 0.000000e+00 0.000000e+00 0.000000e+00 0.000000e+00 0.000000e+00
 0.000000e+00 0.000000e+00 0.000000e+00 0.000000e+00 0.000000e+00 0.000000e+00 0.000000e+00 0.000000e+00 0.000000e+00 0.000000e+00 5.833333e-01 4.166667e-01 0.000000e+00 0.000000e+00 0.000000e+00 0.000000e+00 0.000000e+00 0.000000e+00 0.000000e+00 0.000000e+00 0.000000e+00 0.000000e+00 0.000000e+00 0.000000e+00 0.000000e+00 0.000000e+00 0.000000e+00 0.000000e+00
 0.000000e+00 0.000000e+00 0.000000e+00 0.000000e+00 0.000000e+00 0.000000e+00 0.000000e+00 0.000000e+00 0.000000e+00 0.000000e+00 0.000000e+00 5.000000e-01 5.000000e-01 0.000000e+00 0.000000e+00 0.000000e+00 0.000000e+00 0.000000e+00 0.000000e+00 0.000000e+00 0.000000e+00 0.000000e+00 0.000000e+00 0.000000e+00 0.000000e+00 0.000000e+00 0.000000e+00 0.000000e+00
 0.000000e+00 0.000000e+00 0.000000e+00 0.000000e+00 0.000000e+00 0.000000e+00 0.000000e+00 0.000000e+00 0.000000e+00 0.000000e+00 0.000000e+00 0.000000e+00 5.833333e-01 4.166667e-01 0.000000e+00 0.000000e+00 0.000000e+00 0.000000e+00 0.000000e+00 0.000000e+00 0.000000e+00 0.000000e+00 0.000000e+00 0.000000e+00 0.000000e+00 0.000000e+00 0.000000e+00 0.000000e+00
 0.000000e+00 0.000000e+00 0.000000e+00 0.000000e+00 0.000000e+00 0.000000e+00 0.000000e+00 0.000000e+00 0.000000e+00 0.000000e+00 0.000000e+00 0.000000e+00 0.000000e+00 3.750000e-01 6.250000e-01 0.000000e+00 0.000000e+00 0.000000e+00 0.000000e+00 0.000000e+00 0.000000e+00 0.000000e+00 0.000000e+00 0.000000e+00 0.000000e+00 0.000000e+00 0.000000e+00 0.000000e+00
 0.000000e+00 0.000000e+00 0.000000e+00 0.000000e+00 0.000000e+00 0.000000e+00 0.000000e+00 0.000000e+00 0.000000e+00 0.000000e+00 0.000000e+00 0.000000e+00 0.000000e+00 0.000000e+00 6.153846e-01 3.846154e-01 0.000000e+00 0.000000e+00 0.000000e+00 0.000000e+00 0.000000e+00 0.000000e+00 0.000000e+00 0.000000e+00 0.000000e+00 0.000000e+00 0.000000e+00 0.000000e+00
 0.000000e+00 0.000000e+00 0.000000e+00 0.000000e+00 0.000000e+00 0.000000e+00 0.000000e+00 0.000000e+00 0.000000e+00 0.000000e+00 0.000000e+00 0.000000e+00 0.000000e+00 0.000000e+00 0.000000e+00 7.368421e-01 2.631579e-01 0.000000e+00 0.000000e+00 0.000000e+00 0.000000e+00 0.000000e+00 0.000000e+00 0.000000e+00 0.000000e+00 0.000000e+00 0.000000e+00 0.000000e+00
 0.000000e+00 0.000000e+00 0.000000e+00 0.000000e+00 0.000000e+00 0.000000e+00 0.000000e+00 0.000000e+00 0.000000e+00 0.000000e+00 0.000000e+00 0.000000e+00 0.000000e+00 0.000000e+00 0.000000e+00 0.000000e+00 5.833333e-01 4.166667e-01 0.000000e+00 0.000000e+00 0.000000e+00 0.000000e+00 0.000000e+00 0.000000e+00 0.000000e+00 0.000000e+00 0.000000e+00 0.000000e+00
 0.000000e+00 0.000000e+00 0.000000e+00 0.000000e+00 0.000000e+00 0.000000e+00 0.000000e+00 0.000000e+00 0.000000e+00 0.000000e+00 0.000000e+00 0.000000e+00 0.000000e+00 0.000000e+00 0.000000e+00 0.000000e+00 0.000000e+00 3.750000e-01 6.250000e-01 0.000000e+00 0.000000e+00 0.000000e+00 0.000000e+00 0.000000e+00 0.000000e+00 0.000000e+00 0.000000e+00 0.000000e+00
 0.000000e+00 0.000000e+00 0.000000e+00 0.000000e+00 0.000000e+00 0.000000e+00 0.000000e+00 0.000000e+00 0.000000e+00 0.000000e+00 0.000000e+00 0.000000e+00 0.000000e+00 0.000000e+00 0.000000e+00 0.000000e+00 0.000000e+00 0.000000e+00 5.454546e-01 4.545455e-01 0.000000e+00 0.000000e+00 0.000000e+00 0.000000e+00 0.000000e+00 0.000000e+00 0.000000e+00 0.000000e+00
 0.000000e+00 0.000000e+00 0.000000e+00 0.000000e+00 0.000000e+00 0.000000e+00 0.000000e+00 0.000000e+00 0.000000e+00 0.000000e+00 0.000000e+00 0.000000e+00 0.000000e+00 0.000000e+00 0.000000e+00 0.000000e+00 0.000000e+00 0.000000e+00 0.000000e+00 5.833333e-01 4.166667e-01 0.000000e+00 0.000000e+00 0.000000e+00 0.000000e+00 0.000000e+00 0.000000e+00 0.000000e+00
 0.000000e+00 0.000000e+00 0.000000e+00 0.000000e+00 0.000000e+00 0.000000e+00 0.000000e+00 0.000000e+00 0.000000e+00 0.000000e+00 0.000000e+00 0.000000e+00 0.000000e+00 0.000000e+00 0.000000e+00 0.000000e+00 0.000000e+00 0.000000e+00 0.000000e+00 0.000000e+00 4.444444e-01 5.555556e-01 0.000000e+00 0.000000e+00 0.000000e+00 0.000000e+00 0.000000e+00 0.000000e+00
 0.000000e+00 0.000000e+00 0.000000e+00 0.000000e+00 0.000000e+00 0.000000e+00 0.000000e+00 0.000000e+00 0.000000e+00 0.000000e+00 0.000000e+00 0.000000e+00 0.000000e+00 0.000000e+00 0.000000e+00 0.000000e+00 0.000000e+00 0.000000e+00 0.000000e+00 0.000000e+00 0.000000e+00 5.833333e-01 4.166667e-01 0.000000e+00 0.000000e+00 0.000000e+00 0.000000e+00 0.000000e+00
 0.000000e+00 0.000000e+00 0.000000e+00 0.000000e+00 0.000000e+00 0.000000e+00 0.000000e+00 0.000000e+00 0.000000e+00 0.000000e+00 0.000000e+00 0.000000e+00 0.000000e+00 0.000000e+00 0.000000e+00 0.000000e+00 0.000000e+00 0.000000e+00 0.000000e+00 0.000000e+00 0.000000e+00 0.000000e+00 7.500000e-01 2.500000e-01 0.000000e+00 0.000000e+00 0.000000e+00 0.000000e+00
 0.000000e+00 0.000000e+00 0.000000e+00 0.000000e+00 0.000000e+00 0.000000e+00 0.000000e+00 0.000000e+00 0.000000e+00 0.000000e+00 0.000000e+00 0.000000e+00 0.000000e+00 0.000000e+00 0.000000e+00 0.000000e+00 0.000000e+00 0.000000e+00 0.000000e+00 0.000000e+00 0.000000e+00 0.000000e+00 0.000000e+00 5.454546e-01 4.545455e-01 0.000000e+00 0.000000e+00 0.000000e+00
 0.000000e+00 0.000000e+00 0.000000e+00 0.000000e+00 0.000000e+00 0.000000e+00 0.000000e+00 0.000000e+00 0.000000e+00 0.000000e+00 0.000000e+00 0.000000e+00 0.000000e+00 0.000000e+00 0.000000e+00 0.000000e+00 0.000000e+00 0.000000e+00 0.000000e+00 0.000000e+00 0.000000e+00 0.000000e+00 0.000000e+00 0.000000e+00 6.153846e-01 3.846154e-01 0.000000e+00 0.000000e+00
 0.000000e+00 0.000000e+00 0.000000e+00 0.000000e+00 0.000000e+00 0.000000e+00 0.000000e+00 0.000000e+00 0.000000e+00 0.000000e+00 0.000000e+00 0.000000e+00 0.000000e+00 0.000000e+00 0.000000e+00 0.000000e+00 0.000000e+00 0.000000e+00 0.000000e+00 0.000000e+00 0.000000e+00 0.000000e+00 0.000000e+00 0.000000e+00 0.000000e+00 5.000000e-01 5.000000e-01 0.000000e+00
 0.000000e+00 0.000000e+00 0.000000e+00 0.000000e+00 0.000000e+00 0.000000e+00 0.000000e+00 0.000000e+00 0.000000e+00 0.000000e+00 0.000000e+00 0.000000e+00 0.000000e+00 0.000000e+00 0.000000e+00 0.000000e+00 0.000000e+00 0.000000e+00 0.000000e+00 0.000000e+00 0.000000e+00 0.000000e+00 0.000000e+00 0.000000e+00 0.000000e+00 0.000000e+00 5.000000e-01 5.000000e-01
 0.000000e+00 0.000000e+00 0.000000e+00 0.000000e+00 0.000000e+00 0.000000e+00 0.000000e+00 0.000000e+00 0.000000e+00 0.000000e+00 0.000000e+00 0.000000e+00 0.000000e+00 0.000000e+00 0.000000e+00 0.000000e+00 0.000000e+00 0.000000e+00 0.000000e+00 0.000000e+00 0.000000e+00 0.000000e+00 0.000000e+00 0.000000e+00 0.000000e+00 0.000000e+00 0.000000e+00 0.000000e+00
<ENDHMM>
