  ~o <VecSize> 39 <MFCC_E_D_A> <StreamInfo> 1 39 
  ~h "To"
<BeginHMM>
  <NumStates> 37
  <State> 2 <NumMixes> 1 
  <Stream> 1
  <Mixture> 1 1.0000
    <Mean> 39
      0.0 0.0 0.0 0.0 0.0 0.0 0.0 0.0 0.0 0.0 0.0 0.0 0.0 0.0 0.0 0.0 0.0 0.0 0.0 0.0 0.0 0.0 0.0 0.0 0.0 0.0 0.0 0.0 0.0 0.0 0.0 0.0 0.0 0.0 0.0 0.0 0.0 0.0 0.0 
    <Variance> 39
      1.0 1.0 1.0 1.0 1.0 1.0 1.0 1.0 1.0 1.0 1.0 1.0 1.0 1.0 1.0 1.0 1.0 1.0 1.0 1.0 1.0 1.0 1.0 1.0 1.0 1.0 1.0 1.0 1.0 1.0 1.0 1.0 1.0 1.0 1.0 1.0 1.0 1.0 1.0 
  <State> 3 <NumMixes> 1 
  <Stream> 1
  <Mixture> 1 1.0000
    <Mean> 39
      0.0 0.0 0.0 0.0 0.0 0.0 0.0 0.0 0.0 0.0 0.0 0.0 0.0 0.0 0.0 0.0 0.0 0.0 0.0 0.0 0.0 0.0 0.0 0.0 0.0 0.0 0.0 0.0 0.0 0.0 0.0 0.0 0.0 0.0 0.0 0.0 0.0 0.0 0.0 
    <Variance> 39
      1.0 1.0 1.0 1.0 1.0 1.0 1.0 1.0 1.0 1.0 1.0 1.0 1.0 1.0 1.0 1.0 1.0 1.0 1.0 1.0 1.0 1.0 1.0 1.0 1.0 1.0 1.0 1.0 1.0 1.0 1.0 1.0 1.0 1.0 1.0 1.0 1.0 1.0 1.0 
  <State> 4 <NumMixes> 1 
  <Stream> 1
  <Mixture> 1 1.0000
    <Mean> 39
      0.0 0.0 0.0 0.0 0.0 0.0 0.0 0.0 0.0 0.0 0.0 0.0 0.0 0.0 0.0 0.0 0.0 0.0 0.0 0.0 0.0 0.0 0.0 0.0 0.0 0.0 0.0 0.0 0.0 0.0 0.0 0.0 0.0 0.0 0.0 0.0 0.0 0.0 0.0 
    <Variance> 39
      1.0 1.0 1.0 1.0 1.0 1.0 1.0 1.0 1.0 1.0 1.0 1.0 1.0 1.0 1.0 1.0 1.0 1.0 1.0 1.0 1.0 1.0 1.0 1.0 1.0 1.0 1.0 1.0 1.0 1.0 1.0 1.0 1.0 1.0 1.0 1.0 1.0 1.0 1.0 
  <State> 5 <NumMixes> 1 
  <Stream> 1
  <Mixture> 1 1.0000
    <Mean> 39
      0.0 0.0 0.0 0.0 0.0 0.0 0.0 0.0 0.0 0.0 0.0 0.0 0.0 0.0 0.0 0.0 0.0 0.0 0.0 0.0 0.0 0.0 0.0 0.0 0.0 0.0 0.0 0.0 0.0 0.0 0.0 0.0 0.0 0.0 0.0 0.0 0.0 0.0 0.0 
    <Variance> 39
      1.0 1.0 1.0 1.0 1.0 1.0 1.0 1.0 1.0 1.0 1.0 1.0 1.0 1.0 1.0 1.0 1.0 1.0 1.0 1.0 1.0 1.0 1.0 1.0 1.0 1.0 1.0 1.0 1.0 1.0 1.0 1.0 1.0 1.0 1.0 1.0 1.0 1.0 1.0 
  <State> 6 <NumMixes> 1 
  <Stream> 1
  <Mixture> 1 1.0000
    <Mean> 39
      0.0 0.0 0.0 0.0 0.0 0.0 0.0 0.0 0.0 0.0 0.0 0.0 0.0 0.0 0.0 0.0 0.0 0.0 0.0 0.0 0.0 0.0 0.0 0.0 0.0 0.0 0.0 0.0 0.0 0.0 0.0 0.0 0.0 0.0 0.0 0.0 0.0 0.0 0.0 
    <Variance> 39
      1.0 1.0 1.0 1.0 1.0 1.0 1.0 1.0 1.0 1.0 1.0 1.0 1.0 1.0 1.0 1.0 1.0 1.0 1.0 1.0 1.0 1.0 1.0 1.0 1.0 1.0 1.0 1.0 1.0 1.0 1.0 1.0 1.0 1.0 1.0 1.0 1.0 1.0 1.0 
  <State> 7 <NumMixes> 1 
  <Stream> 1
  <Mixture> 1 1.0000
    <Mean> 39
      0.0 0.0 0.0 0.0 0.0 0.0 0.0 0.0 0.0 0.0 0.0 0.0 0.0 0.0 0.0 0.0 0.0 0.0 0.0 0.0 0.0 0.0 0.0 0.0 0.0 0.0 0.0 0.0 0.0 0.0 0.0 0.0 0.0 0.0 0.0 0.0 0.0 0.0 0.0 
    <Variance> 39
      1.0 1.0 1.0 1.0 1.0 1.0 1.0 1.0 1.0 1.0 1.0 1.0 1.0 1.0 1.0 1.0 1.0 1.0 1.0 1.0 1.0 1.0 1.0 1.0 1.0 1.0 1.0 1.0 1.0 1.0 1.0 1.0 1.0 1.0 1.0 1.0 1.0 1.0 1.0 
  <State> 8 <NumMixes> 1 
  <Stream> 1
  <Mixture> 1 1.0000
    <Mean> 39
      0.0 0.0 0.0 0.0 0.0 0.0 0.0 0.0 0.0 0.0 0.0 0.0 0.0 0.0 0.0 0.0 0.0 0.0 0.0 0.0 0.0 0.0 0.0 0.0 0.0 0.0 0.0 0.0 0.0 0.0 0.0 0.0 0.0 0.0 0.0 0.0 0.0 0.0 0.0 
    <Variance> 39
      1.0 1.0 1.0 1.0 1.0 1.0 1.0 1.0 1.0 1.0 1.0 1.0 1.0 1.0 1.0 1.0 1.0 1.0 1.0 1.0 1.0 1.0 1.0 1.0 1.0 1.0 1.0 1.0 1.0 1.0 1.0 1.0 1.0 1.0 1.0 1.0 1.0 1.0 1.0 
  <State> 9 <NumMixes> 1 
  <Stream> 1
  <Mixture> 1 1.0000
    <Mean> 39
      0.0 0.0 0.0 0.0 0.0 0.0 0.0 0.0 0.0 0.0 0.0 0.0 0.0 0.0 0.0 0.0 0.0 0.0 0.0 0.0 0.0 0.0 0.0 0.0 0.0 0.0 0.0 0.0 0.0 0.0 0.0 0.0 0.0 0.0 0.0 0.0 0.0 0.0 0.0 
    <Variance> 39
      1.0 1.0 1.0 1.0 1.0 1.0 1.0 1.0 1.0 1.0 1.0 1.0 1.0 1.0 1.0 1.0 1.0 1.0 1.0 1.0 1.0 1.0 1.0 1.0 1.0 1.0 1.0 1.0 1.0 1.0 1.0 1.0 1.0 1.0 1.0 1.0 1.0 1.0 1.0 
  <State> 10 <NumMixes> 1 
  <Stream> 1
  <Mixture> 1 1.0000
    <Mean> 39
      0.0 0.0 0.0 0.0 0.0 0.0 0.0 0.0 0.0 0.0 0.0 0.0 0.0 0.0 0.0 0.0 0.0 0.0 0.0 0.0 0.0 0.0 0.0 0.0 0.0 0.0 0.0 0.0 0.0 0.0 0.0 0.0 0.0 0.0 0.0 0.0 0.0 0.0 0.0 
    <Variance> 39
      1.0 1.0 1.0 1.0 1.0 1.0 1.0 1.0 1.0 1.0 1.0 1.0 1.0 1.0 1.0 1.0 1.0 1.0 1.0 1.0 1.0 1.0 1.0 1.0 1.0 1.0 1.0 1.0 1.0 1.0 1.0 1.0 1.0 1.0 1.0 1.0 1.0 1.0 1.0 
  <State> 11 <NumMixes> 1 
  <Stream> 1
  <Mixture> 1 1.0000
    <Mean> 39
      0.0 0.0 0.0 0.0 0.0 0.0 0.0 0.0 0.0 0.0 0.0 0.0 0.0 0.0 0.0 0.0 0.0 0.0 0.0 0.0 0.0 0.0 0.0 0.0 0.0 0.0 0.0 0.0 0.0 0.0 0.0 0.0 0.0 0.0 0.0 0.0 0.0 0.0 0.0 
    <Variance> 39
      1.0 1.0 1.0 1.0 1.0 1.0 1.0 1.0 1.0 1.0 1.0 1.0 1.0 1.0 1.0 1.0 1.0 1.0 1.0 1.0 1.0 1.0 1.0 1.0 1.0 1.0 1.0 1.0 1.0 1.0 1.0 1.0 1.0 1.0 1.0 1.0 1.0 1.0 1.0 
  <State> 12 <NumMixes> 1 
  <Stream> 1
  <Mixture> 1 1.0000
    <Mean> 39
      0.0 0.0 0.0 0.0 0.0 0.0 0.0 0.0 0.0 0.0 0.0 0.0 0.0 0.0 0.0 0.0 0.0 0.0 0.0 0.0 0.0 0.0 0.0 0.0 0.0 0.0 0.0 0.0 0.0 0.0 0.0 0.0 0.0 0.0 0.0 0.0 0.0 0.0 0.0 
    <Variance> 39
      1.0 1.0 1.0 1.0 1.0 1.0 1.0 1.0 1.0 1.0 1.0 1.0 1.0 1.0 1.0 1.0 1.0 1.0 1.0 1.0 1.0 1.0 1.0 1.0 1.0 1.0 1.0 1.0 1.0 1.0 1.0 1.0 1.0 1.0 1.0 1.0 1.0 1.0 1.0 
  <State> 13 <NumMixes> 1 
  <Stream> 1
  <Mixture> 1 1.0000
    <Mean> 39
      0.0 0.0 0.0 0.0 0.0 0.0 0.0 0.0 0.0 0.0 0.0 0.0 0.0 0.0 0.0 0.0 0.0 0.0 0.0 0.0 0.0 0.0 0.0 0.0 0.0 0.0 0.0 0.0 0.0 0.0 0.0 0.0 0.0 0.0 0.0 0.0 0.0 0.0 0.0 
    <Variance> 39
      1.0 1.0 1.0 1.0 1.0 1.0 1.0 1.0 1.0 1.0 1.0 1.0 1.0 1.0 1.0 1.0 1.0 1.0 1.0 1.0 1.0 1.0 1.0 1.0 1.0 1.0 1.0 1.0 1.0 1.0 1.0 1.0 1.0 1.0 1.0 1.0 1.0 1.0 1.0 
  <State> 14 <NumMixes> 1 
  <Stream> 1
  <Mixture> 1 1.0000
    <Mean> 39
      0.0 0.0 0.0 0.0 0.0 0.0 0.0 0.0 0.0 0.0 0.0 0.0 0.0 0.0 0.0 0.0 0.0 0.0 0.0 0.0 0.0 0.0 0.0 0.0 0.0 0.0 0.0 0.0 0.0 0.0 0.0 0.0 0.0 0.0 0.0 0.0 0.0 0.0 0.0 
    <Variance> 39
      1.0 1.0 1.0 1.0 1.0 1.0 1.0 1.0 1.0 1.0 1.0 1.0 1.0 1.0 1.0 1.0 1.0 1.0 1.0 1.0 1.0 1.0 1.0 1.0 1.0 1.0 1.0 1.0 1.0 1.0 1.0 1.0 1.0 1.0 1.0 1.0 1.0 1.0 1.0 
  <State> 15 <NumMixes> 1 
  <Stream> 1
  <Mixture> 1 1.0000
    <Mean> 39
      0.0 0.0 0.0 0.0 0.0 0.0 0.0 0.0 0.0 0.0 0.0 0.0 0.0 0.0 0.0 0.0 0.0 0.0 0.0 0.0 0.0 0.0 0.0 0.0 0.0 0.0 0.0 0.0 0.0 0.0 0.0 0.0 0.0 0.0 0.0 0.0 0.0 0.0 0.0 
    <Variance> 39
      1.0 1.0 1.0 1.0 1.0 1.0 1.0 1.0 1.0 1.0 1.0 1.0 1.0 1.0 1.0 1.0 1.0 1.0 1.0 1.0 1.0 1.0 1.0 1.0 1.0 1.0 1.0 1.0 1.0 1.0 1.0 1.0 1.0 1.0 1.0 1.0 1.0 1.0 1.0 
  <State> 16 <NumMixes> 1 
  <Stream> 1
  <Mixture> 1 1.0000
    <Mean> 39
      0.0 0.0 0.0 0.0 0.0 0.0 0.0 0.0 0.0 0.0 0.0 0.0 0.0 0.0 0.0 0.0 0.0 0.0 0.0 0.0 0.0 0.0 0.0 0.0 0.0 0.0 0.0 0.0 0.0 0.0 0.0 0.0 0.0 0.0 0.0 0.0 0.0 0.0 0.0 
    <Variance> 39
      1.0 1.0 1.0 1.0 1.0 1.0 1.0 1.0 1.0 1.0 1.0 1.0 1.0 1.0 1.0 1.0 1.0 1.0 1.0 1.0 1.0 1.0 1.0 1.0 1.0 1.0 1.0 1.0 1.0 1.0 1.0 1.0 1.0 1.0 1.0 1.0 1.0 1.0 1.0 
  <State> 17 <NumMixes> 1 
  <Stream> 1
  <Mixture> 1 1.0000
    <Mean> 39
      0.0 0.0 0.0 0.0 0.0 0.0 0.0 0.0 0.0 0.0 0.0 0.0 0.0 0.0 0.0 0.0 0.0 0.0 0.0 0.0 0.0 0.0 0.0 0.0 0.0 0.0 0.0 0.0 0.0 0.0 0.0 0.0 0.0 0.0 0.0 0.0 0.0 0.0 0.0 
    <Variance> 39
      1.0 1.0 1.0 1.0 1.0 1.0 1.0 1.0 1.0 1.0 1.0 1.0 1.0 1.0 1.0 1.0 1.0 1.0 1.0 1.0 1.0 1.0 1.0 1.0 1.0 1.0 1.0 1.0 1.0 1.0 1.0 1.0 1.0 1.0 1.0 1.0 1.0 1.0 1.0 
  <State> 18 <NumMixes> 1 
  <Stream> 1
  <Mixture> 1 1.0000
    <Mean> 39
      0.0 0.0 0.0 0.0 0.0 0.0 0.0 0.0 0.0 0.0 0.0 0.0 0.0 0.0 0.0 0.0 0.0 0.0 0.0 0.0 0.0 0.0 0.0 0.0 0.0 0.0 0.0 0.0 0.0 0.0 0.0 0.0 0.0 0.0 0.0 0.0 0.0 0.0 0.0 
    <Variance> 39
      1.0 1.0 1.0 1.0 1.0 1.0 1.0 1.0 1.0 1.0 1.0 1.0 1.0 1.0 1.0 1.0 1.0 1.0 1.0 1.0 1.0 1.0 1.0 1.0 1.0 1.0 1.0 1.0 1.0 1.0 1.0 1.0 1.0 1.0 1.0 1.0 1.0 1.0 1.0 
  <State> 19 <NumMixes> 1 
  <Stream> 1
  <Mixture> 1 1.0000
    <Mean> 39
      0.0 0.0 0.0 0.0 0.0 0.0 0.0 0.0 0.0 0.0 0.0 0.0 0.0 0.0 0.0 0.0 0.0 0.0 0.0 0.0 0.0 0.0 0.0 0.0 0.0 0.0 0.0 0.0 0.0 0.0 0.0 0.0 0.0 0.0 0.0 0.0 0.0 0.0 0.0 
    <Variance> 39
      1.0 1.0 1.0 1.0 1.0 1.0 1.0 1.0 1.0 1.0 1.0 1.0 1.0 1.0 1.0 1.0 1.0 1.0 1.0 1.0 1.0 1.0 1.0 1.0 1.0 1.0 1.0 1.0 1.0 1.0 1.0 1.0 1.0 1.0 1.0 1.0 1.0 1.0 1.0 
  <State> 20 <NumMixes> 1 
  <Stream> 1
  <Mixture> 1 1.0000
    <Mean> 39
      0.0 0.0 0.0 0.0 0.0 0.0 0.0 0.0 0.0 0.0 0.0 0.0 0.0 0.0 0.0 0.0 0.0 0.0 0.0 0.0 0.0 0.0 0.0 0.0 0.0 0.0 0.0 0.0 0.0 0.0 0.0 0.0 0.0 0.0 0.0 0.0 0.0 0.0 0.0 
    <Variance> 39
      1.0 1.0 1.0 1.0 1.0 1.0 1.0 1.0 1.0 1.0 1.0 1.0 1.0 1.0 1.0 1.0 1.0 1.0 1.0 1.0 1.0 1.0 1.0 1.0 1.0 1.0 1.0 1.0 1.0 1.0 1.0 1.0 1.0 1.0 1.0 1.0 1.0 1.0 1.0 
  <State> 21 <NumMixes> 1 
  <Stream> 1
  <Mixture> 1 1.0000
    <Mean> 39
      0.0 0.0 0.0 0.0 0.0 0.0 0.0 0.0 0.0 0.0 0.0 0.0 0.0 0.0 0.0 0.0 0.0 0.0 0.0 0.0 0.0 0.0 0.0 0.0 0.0 0.0 0.0 0.0 0.0 0.0 0.0 0.0 0.0 0.0 0.0 0.0 0.0 0.0 0.0 
    <Variance> 39
      1.0 1.0 1.0 1.0 1.0 1.0 1.0 1.0 1.0 1.0 1.0 1.0 1.0 1.0 1.0 1.0 1.0 1.0 1.0 1.0 1.0 1.0 1.0 1.0 1.0 1.0 1.0 1.0 1.0 1.0 1.0 1.0 1.0 1.0 1.0 1.0 1.0 1.0 1.0 
  <State> 22 <NumMixes> 1 
  <Stream> 1
  <Mixture> 1 1.0000
    <Mean> 39
      0.0 0.0 0.0 0.0 0.0 0.0 0.0 0.0 0.0 0.0 0.0 0.0 0.0 0.0 0.0 0.0 0.0 0.0 0.0 0.0 0.0 0.0 0.0 0.0 0.0 0.0 0.0 0.0 0.0 0.0 0.0 0.0 0.0 0.0 0.0 0.0 0.0 0.0 0.0 
    <Variance> 39
      1.0 1.0 1.0 1.0 1.0 1.0 1.0 1.0 1.0 1.0 1.0 1.0 1.0 1.0 1.0 1.0 1.0 1.0 1.0 1.0 1.0 1.0 1.0 1.0 1.0 1.0 1.0 1.0 1.0 1.0 1.0 1.0 1.0 1.0 1.0 1.0 1.0 1.0 1.0 
  <State> 23 <NumMixes> 1 
  <Stream> 1
  <Mixture> 1 1.0000
    <Mean> 39
      0.0 0.0 0.0 0.0 0.0 0.0 0.0 0.0 0.0 0.0 0.0 0.0 0.0 0.0 0.0 0.0 0.0 0.0 0.0 0.0 0.0 0.0 0.0 0.0 0.0 0.0 0.0 0.0 0.0 0.0 0.0 0.0 0.0 0.0 0.0 0.0 0.0 0.0 0.0 
    <Variance> 39
      1.0 1.0 1.0 1.0 1.0 1.0 1.0 1.0 1.0 1.0 1.0 1.0 1.0 1.0 1.0 1.0 1.0 1.0 1.0 1.0 1.0 1.0 1.0 1.0 1.0 1.0 1.0 1.0 1.0 1.0 1.0 1.0 1.0 1.0 1.0 1.0 1.0 1.0 1.0 
  <State> 24 <NumMixes> 1 
  <Stream> 1
  <Mixture> 1 1.0000
    <Mean> 39
      0.0 0.0 0.0 0.0 0.0 0.0 0.0 0.0 0.0 0.0 0.0 0.0 0.0 0.0 0.0 0.0 0.0 0.0 0.0 0.0 0.0 0.0 0.0 0.0 0.0 0.0 0.0 0.0 0.0 0.0 0.0 0.0 0.0 0.0 0.0 0.0 0.0 0.0 0.0 
    <Variance> 39
      1.0 1.0 1.0 1.0 1.0 1.0 1.0 1.0 1.0 1.0 1.0 1.0 1.0 1.0 1.0 1.0 1.0 1.0 1.0 1.0 1.0 1.0 1.0 1.0 1.0 1.0 1.0 1.0 1.0 1.0 1.0 1.0 1.0 1.0 1.0 1.0 1.0 1.0 1.0 
  <State> 25 <NumMixes> 1 
  <Stream> 1
  <Mixture> 1 1.0000
    <Mean> 39
      0.0 0.0 0.0 0.0 0.0 0.0 0.0 0.0 0.0 0.0 0.0 0.0 0.0 0.0 0.0 0.0 0.0 0.0 0.0 0.0 0.0 0.0 0.0 0.0 0.0 0.0 0.0 0.0 0.0 0.0 0.0 0.0 0.0 0.0 0.0 0.0 0.0 0.0 0.0 
    <Variance> 39
      1.0 1.0 1.0 1.0 1.0 1.0 1.0 1.0 1.0 1.0 1.0 1.0 1.0 1.0 1.0 1.0 1.0 1.0 1.0 1.0 1.0 1.0 1.0 1.0 1.0 1.0 1.0 1.0 1.0 1.0 1.0 1.0 1.0 1.0 1.0 1.0 1.0 1.0 1.0 
  <State> 26 <NumMixes> 1 
  <Stream> 1
  <Mixture> 1 1.0000
    <Mean> 39
      0.0 0.0 0.0 0.0 0.0 0.0 0.0 0.0 0.0 0.0 0.0 0.0 0.0 0.0 0.0 0.0 0.0 0.0 0.0 0.0 0.0 0.0 0.0 0.0 0.0 0.0 0.0 0.0 0.0 0.0 0.0 0.0 0.0 0.0 0.0 0.0 0.0 0.0 0.0 
    <Variance> 39
      1.0 1.0 1.0 1.0 1.0 1.0 1.0 1.0 1.0 1.0 1.0 1.0 1.0 1.0 1.0 1.0 1.0 1.0 1.0 1.0 1.0 1.0 1.0 1.0 1.0 1.0 1.0 1.0 1.0 1.0 1.0 1.0 1.0 1.0 1.0 1.0 1.0 1.0 1.0 
  <State> 27 <NumMixes> 1 
  <Stream> 1
  <Mixture> 1 1.0000
    <Mean> 39
      0.0 0.0 0.0 0.0 0.0 0.0 0.0 0.0 0.0 0.0 0.0 0.0 0.0 0.0 0.0 0.0 0.0 0.0 0.0 0.0 0.0 0.0 0.0 0.0 0.0 0.0 0.0 0.0 0.0 0.0 0.0 0.0 0.0 0.0 0.0 0.0 0.0 0.0 0.0 
    <Variance> 39
      1.0 1.0 1.0 1.0 1.0 1.0 1.0 1.0 1.0 1.0 1.0 1.0 1.0 1.0 1.0 1.0 1.0 1.0 1.0 1.0 1.0 1.0 1.0 1.0 1.0 1.0 1.0 1.0 1.0 1.0 1.0 1.0 1.0 1.0 1.0 1.0 1.0 1.0 1.0 
  <State> 28 <NumMixes> 1 
  <Stream> 1
  <Mixture> 1 1.0000
    <Mean> 39
      0.0 0.0 0.0 0.0 0.0 0.0 0.0 0.0 0.0 0.0 0.0 0.0 0.0 0.0 0.0 0.0 0.0 0.0 0.0 0.0 0.0 0.0 0.0 0.0 0.0 0.0 0.0 0.0 0.0 0.0 0.0 0.0 0.0 0.0 0.0 0.0 0.0 0.0 0.0 
    <Variance> 39
      1.0 1.0 1.0 1.0 1.0 1.0 1.0 1.0 1.0 1.0 1.0 1.0 1.0 1.0 1.0 1.0 1.0 1.0 1.0 1.0 1.0 1.0 1.0 1.0 1.0 1.0 1.0 1.0 1.0 1.0 1.0 1.0 1.0 1.0 1.0 1.0 1.0 1.0 1.0 
  <State> 29 <NumMixes> 1 
  <Stream> 1
  <Mixture> 1 1.0000
    <Mean> 39
      0.0 0.0 0.0 0.0 0.0 0.0 0.0 0.0 0.0 0.0 0.0 0.0 0.0 0.0 0.0 0.0 0.0 0.0 0.0 0.0 0.0 0.0 0.0 0.0 0.0 0.0 0.0 0.0 0.0 0.0 0.0 0.0 0.0 0.0 0.0 0.0 0.0 0.0 0.0 
    <Variance> 39
      1.0 1.0 1.0 1.0 1.0 1.0 1.0 1.0 1.0 1.0 1.0 1.0 1.0 1.0 1.0 1.0 1.0 1.0 1.0 1.0 1.0 1.0 1.0 1.0 1.0 1.0 1.0 1.0 1.0 1.0 1.0 1.0 1.0 1.0 1.0 1.0 1.0 1.0 1.0 
  <State> 30 <NumMixes> 1 
  <Stream> 1
  <Mixture> 1 1.0000
    <Mean> 39
      0.0 0.0 0.0 0.0 0.0 0.0 0.0 0.0 0.0 0.0 0.0 0.0 0.0 0.0 0.0 0.0 0.0 0.0 0.0 0.0 0.0 0.0 0.0 0.0 0.0 0.0 0.0 0.0 0.0 0.0 0.0 0.0 0.0 0.0 0.0 0.0 0.0 0.0 0.0 
    <Variance> 39
      1.0 1.0 1.0 1.0 1.0 1.0 1.0 1.0 1.0 1.0 1.0 1.0 1.0 1.0 1.0 1.0 1.0 1.0 1.0 1.0 1.0 1.0 1.0 1.0 1.0 1.0 1.0 1.0 1.0 1.0 1.0 1.0 1.0 1.0 1.0 1.0 1.0 1.0 1.0 
  <State> 31 <NumMixes> 1 
  <Stream> 1
  <Mixture> 1 1.0000
    <Mean> 39
      0.0 0.0 0.0 0.0 0.0 0.0 0.0 0.0 0.0 0.0 0.0 0.0 0.0 0.0 0.0 0.0 0.0 0.0 0.0 0.0 0.0 0.0 0.0 0.0 0.0 0.0 0.0 0.0 0.0 0.0 0.0 0.0 0.0 0.0 0.0 0.0 0.0 0.0 0.0 
    <Variance> 39
      1.0 1.0 1.0 1.0 1.0 1.0 1.0 1.0 1.0 1.0 1.0 1.0 1.0 1.0 1.0 1.0 1.0 1.0 1.0 1.0 1.0 1.0 1.0 1.0 1.0 1.0 1.0 1.0 1.0 1.0 1.0 1.0 1.0 1.0 1.0 1.0 1.0 1.0 1.0 
  <State> 32 <NumMixes> 1 
  <Stream> 1
  <Mixture> 1 1.0000
    <Mean> 39
      0.0 0.0 0.0 0.0 0.0 0.0 0.0 0.0 0.0 0.0 0.0 0.0 0.0 0.0 0.0 0.0 0.0 0.0 0.0 0.0 0.0 0.0 0.0 0.0 0.0 0.0 0.0 0.0 0.0 0.0 0.0 0.0 0.0 0.0 0.0 0.0 0.0 0.0 0.0 
    <Variance> 39
      1.0 1.0 1.0 1.0 1.0 1.0 1.0 1.0 1.0 1.0 1.0 1.0 1.0 1.0 1.0 1.0 1.0 1.0 1.0 1.0 1.0 1.0 1.0 1.0 1.0 1.0 1.0 1.0 1.0 1.0 1.0 1.0 1.0 1.0 1.0 1.0 1.0 1.0 1.0 
  <State> 33 <NumMixes> 1 
  <Stream> 1
  <Mixture> 1 1.0000
    <Mean> 39
      0.0 0.0 0.0 0.0 0.0 0.0 0.0 0.0 0.0 0.0 0.0 0.0 0.0 0.0 0.0 0.0 0.0 0.0 0.0 0.0 0.0 0.0 0.0 0.0 0.0 0.0 0.0 0.0 0.0 0.0 0.0 0.0 0.0 0.0 0.0 0.0 0.0 0.0 0.0 
    <Variance> 39
      1.0 1.0 1.0 1.0 1.0 1.0 1.0 1.0 1.0 1.0 1.0 1.0 1.0 1.0 1.0 1.0 1.0 1.0 1.0 1.0 1.0 1.0 1.0 1.0 1.0 1.0 1.0 1.0 1.0 1.0 1.0 1.0 1.0 1.0 1.0 1.0 1.0 1.0 1.0 
  <State> 34 <NumMixes> 1 
  <Stream> 1
  <Mixture> 1 1.0000
    <Mean> 39
      0.0 0.0 0.0 0.0 0.0 0.0 0.0 0.0 0.0 0.0 0.0 0.0 0.0 0.0 0.0 0.0 0.0 0.0 0.0 0.0 0.0 0.0 0.0 0.0 0.0 0.0 0.0 0.0 0.0 0.0 0.0 0.0 0.0 0.0 0.0 0.0 0.0 0.0 0.0 
    <Variance> 39
      1.0 1.0 1.0 1.0 1.0 1.0 1.0 1.0 1.0 1.0 1.0 1.0 1.0 1.0 1.0 1.0 1.0 1.0 1.0 1.0 1.0 1.0 1.0 1.0 1.0 1.0 1.0 1.0 1.0 1.0 1.0 1.0 1.0 1.0 1.0 1.0 1.0 1.0 1.0 
  <State> 35 <NumMixes> 1 
  <Stream> 1
  <Mixture> 1 1.0000
    <Mean> 39
      0.0 0.0 0.0 0.0 0.0 0.0 0.0 0.0 0.0 0.0 0.0 0.0 0.0 0.0 0.0 0.0 0.0 0.0 0.0 0.0 0.0 0.0 0.0 0.0 0.0 0.0 0.0 0.0 0.0 0.0 0.0 0.0 0.0 0.0 0.0 0.0 0.0 0.0 0.0 
    <Variance> 39
      1.0 1.0 1.0 1.0 1.0 1.0 1.0 1.0 1.0 1.0 1.0 1.0 1.0 1.0 1.0 1.0 1.0 1.0 1.0 1.0 1.0 1.0 1.0 1.0 1.0 1.0 1.0 1.0 1.0 1.0 1.0 1.0 1.0 1.0 1.0 1.0 1.0 1.0 1.0 
  <State> 36 <NumMixes> 1 
  <Stream> 1
  <Mixture> 1 1.0000
    <Mean> 39
      0.0 0.0 0.0 0.0 0.0 0.0 0.0 0.0 0.0 0.0 0.0 0.0 0.0 0.0 0.0 0.0 0.0 0.0 0.0 0.0 0.0 0.0 0.0 0.0 0.0 0.0 0.0 0.0 0.0 0.0 0.0 0.0 0.0 0.0 0.0 0.0 0.0 0.0 0.0 
    <Variance> 39
      1.0 1.0 1.0 1.0 1.0 1.0 1.0 1.0 1.0 1.0 1.0 1.0 1.0 1.0 1.0 1.0 1.0 1.0 1.0 1.0 1.0 1.0 1.0 1.0 1.0 1.0 1.0 1.0 1.0 1.0 1.0 1.0 1.0 1.0 1.0 1.0 1.0 1.0 1.0 
  <TransP> 37
   0.000e+0   1.000e+0   0.000e+0   0.000e+0   0.000e+0   0.000e+0   0.000e+0   0.000e+0   0.000e+0   0.000e+0   0.000e+0   0.000e+0   0.000e+0   0.000e+0   0.000e+0   0.000e+0   0.000e+0   0.000e+0   0.000e+0   0.000e+0   0.000e+0   0.000e+0   0.000e+0   0.000e+0   0.000e+0   0.000e+0   0.000e+0   0.000e+0   0.000e+0   0.000e+0   0.000e+0   0.000e+0   0.000e+0   0.000e+0   0.000e+0   0.000e+0   0.000e+0
   0.000e+0   6.000e-1   4.000e-1   0.000e+0   0.000e+0   0.000e+0   0.000e+0   0.000e+0   0.000e+0   0.000e+0   0.000e+0   0.000e+0   0.000e+0   0.000e+0   0.000e+0   0.000e+0   0.000e+0   0.000e+0   0.000e+0   0.000e+0   0.000e+0   0.000e+0   0.000e+0   0.000e+0   0.000e+0   0.000e+0   0.000e+0   0.000e+0   0.000e+0   0.000e+0   0.000e+0   0.000e+0   0.000e+0   0.000e+0   0.000e+0   0.000e+0   0.000e+0
   0.000e+0   0.000e+0   6.000e-1   4.000e-1   0.000e+0   0.000e+0   0.000e+0   0.000e+0   0.000e+0   0.000e+0   0.000e+0   0.000e+0   0.000e+0   0.000e+0   0.000e+0   0.000e+0   0.000e+0   0.000e+0   0.000e+0   0.000e+0   0.000e+0   0.000e+0   0.000e+0   0.000e+0   0.000e+0   0.000e+0   0.000e+0   0.000e+0   0.000e+0   0.000e+0   0.000e+0   0.000e+0   0.000e+0   0.000e+0   0.000e+0   0.000e+0   0.000e+0
   0.000e+0   0.000e+0   0.000e+0   6.000e-1   4.000e-1   0.000e+0   0.000e+0   0.000e+0   0.000e+0   0.000e+0   0.000e+0   0.000e+0   0.000e+0   0.000e+0   0.000e+0   0.000e+0   0.000e+0   0.000e+0   0.000e+0   0.000e+0   0.000e+0   0.000e+0   0.000e+0   0.000e+0   0.000e+0   0.000e+0   0.000e+0   0.000e+0   0.000e+0   0.000e+0   0.000e+0   0.000e+0   0.000e+0   0.000e+0   0.000e+0   0.000e+0   0.000e+0
   0.000e+0   0.000e+0   0.000e+0   0.000e+0   6.000e-1   4.000e-1   0.000e+0   0.000e+0   0.000e+0   0.000e+0   0.000e+0   0.000e+0   0.000e+0   0.000e+0   0.000e+0   0.000e+0   0.000e+0   0.000e+0   0.000e+0   0.000e+0   0.000e+0   0.000e+0   0.000e+0   0.000e+0   0.000e+0   0.000e+0   0.000e+0   0.000e+0   0.000e+0   0.000e+0   0.000e+0   0.000e+0   0.000e+0   0.000e+0   0.000e+0   0.000e+0   0.000e+0
   0.000e+0   0.000e+0   0.000e+0   0.000e+0   0.000e+0   6.000e-1   4.000e-1   0.000e+0   0.000e+0   0.000e+0   0.000e+0   0.000e+0   0.000e+0   0.000e+0   0.000e+0   0.000e+0   0.000e+0   0.000e+0   0.000e+0   0.000e+0   0.000e+0   0.000e+0   0.000e+0   0.000e+0   0.000e+0   0.000e+0   0.000e+0   0.000e+0   0.000e+0   0.000e+0   0.000e+0   0.000e+0   0.000e+0   0.000e+0   0.000e+0   0.000e+0   0.000e+0
   0.000e+0   0.000e+0   0.000e+0   0.000e+0   0.000e+0   0.000e+0   6.000e-1   4.000e-1   0.000e+0   0.000e+0   0.000e+0   0.000e+0   0.000e+0   0.000e+0   0.000e+0   0.000e+0   0.000e+0   0.000e+0   0.000e+0   0.000e+0   0.000e+0   0.000e+0   0.000e+0   0.000e+0   0.000e+0   0.000e+0   0.000e+0   0.000e+0   0.000e+0   0.000e+0   0.000e+0   0.000e+0   0.000e+0   0.000e+0   0.000e+0   0.000e+0   0.000e+0
   0.000e+0   0.000e+0   0.000e+0   0.000e+0   0.000e+0   0.000e+0   0.000e+0   6.000e-1   4.000e-1   0.000e+0   0.000e+0   0.000e+0   0.000e+0   0.000e+0   0.000e+0   0.000e+0   0.000e+0   0.000e+0   0.000e+0   0.000e+0   0.000e+0   0.000e+0   0.000e+0   0.000e+0   0.000e+0   0.000e+0   0.000e+0   0.000e+0   0.000e+0   0.000e+0   0.000e+0   0.000e+0   0.000e+0   0.000e+0   0.000e+0   0.000e+0   0.000e+0
   0.000e+0   0.000e+0   0.000e+0   0.000e+0   0.000e+0   0.000e+0   0.000e+0   0.000e+0   6.000e-1   4.000e-1   0.000e+0   0.000e+0   0.000e+0   0.000e+0   0.000e+0   0.000e+0   0.000e+0   0.000e+0   0.000e+0   0.000e+0   0.000e+0   0.000e+0   0.000e+0   0.000e+0   0.000e+0   0.000e+0   0.000e+0   0.000e+0   0.000e+0   0.000e+0   0.000e+0   0.000e+0   0.000e+0   0.000e+0   0.000e+0   0.000e+0   0.000e+0
   0.000e+0   0.000e+0   0.000e+0   0.000e+0   0.000e+0   0.000e+0   0.000e+0   0.000e+0   0.000e+0   6.000e-1   4.000e-1   0.000e+0   0.000e+0   0.000e+0   0.000e+0   0.000e+0   0.000e+0   0.000e+0   0.000e+0   0.000e+0   0.000e+0   0.000e+0   0.000e+0   0.000e+0   0.000e+0   0.000e+0   0.000e+0   0.000e+0   0.000e+0   0.000e+0   0.000e+0   0.000e+0   0.000e+0   0.000e+0   0.000e+0   0.000e+0   0.000e+0
   0.000e+0   0.000e+0   0.000e+0   0.000e+0   0.000e+0   0.000e+0   0.000e+0   0.000e+0   0.000e+0   0.000e+0   6.000e-1   4.000e-1   0.000e+0   0.000e+0   0.000e+0   0.000e+0   0.000e+0   0.000e+0   0.000e+0   0.000e+0   0.000e+0   0.000e+0   0.000e+0   0.000e+0   0.000e+0   0.000e+0   0.000e+0   0.000e+0   0.000e+0   0.000e+0   0.000e+0   0.000e+0   0.000e+0   0.000e+0   0.000e+0   0.000e+0   0.000e+0
   0.000e+0   0.000e+0   0.000e+0   0.000e+0   0.000e+0   0.000e+0   0.000e+0   0.000e+0   0.000e+0   0.000e+0   0.000e+0   6.000e-1   4.000e-1   0.000e+0   0.000e+0   0.000e+0   0.000e+0   0.000e+0   0.000e+0   0.000e+0   0.000e+0   0.000e+0   0.000e+0   0.000e+0   0.000e+0   0.000e+0   0.000e+0   0.000e+0   0.000e+0   0.000e+0   0.000e+0   0.000e+0   0.000e+0   0.000e+0   0.000e+0   0.000e+0   0.000e+0
   0.000e+0   0.000e+0   0.000e+0   0.000e+0   0.000e+0   0.000e+0   0.000e+0   0.000e+0   0.000e+0   0.000e+0   0.000e+0   0.000e+0   6.000e-1   4.000e-1   0.000e+0   0.000e+0   0.000e+0   0.000e+0   0.000e+0   0.000e+0   0.000e+0   0.000e+0   0.000e+0   0.000e+0   0.000e+0   0.000e+0   0.000e+0   0.000e+0   0.000e+0   0.000e+0   0.000e+0   0.000e+0   0.000e+0   0.000e+0   0.000e+0   0.000e+0   0.000e+0
   0.000e+0   0.000e+0   0.000e+0   0.000e+0   0.000e+0   0.000e+0   0.000e+0   0.000e+0   0.000e+0   0.000e+0   0.000e+0   0.000e+0   0.000e+0   6.000e-1   4.000e-1   0.000e+0   0.000e+0   0.000e+0   0.000e+0   0.000e+0   0.000e+0   0.000e+0   0.000e+0   0.000e+0   0.000e+0   0.000e+0   0.000e+0   0.000e+0   0.000e+0   0.000e+0   0.000e+0   0.000e+0   0.000e+0   0.000e+0   0.000e+0   0.000e+0   0.000e+0
   0.000e+0   0.000e+0   0.000e+0   0.000e+0   0.000e+0   0.000e+0   0.000e+0   0.000e+0   0.000e+0   0.000e+0   0.000e+0   0.000e+0   0.000e+0   0.000e+0   6.000e-1   4.000e-1   0.000e+0   0.000e+0   0.000e+0   0.000e+0   0.000e+0   0.000e+0   0.000e+0   0.000e+0   0.000e+0   0.000e+0   0.000e+0   0.000e+0   0.000e+0   0.000e+0   0.000e+0   0.000e+0   0.000e+0   0.000e+0   0.000e+0   0.000e+0   0.000e+0
   0.000e+0   0.000e+0   0.000e+0   0.000e+0   0.000e+0   0.000e+0   0.000e+0   0.000e+0   0.000e+0   0.000e+0   0.000e+0   0.000e+0   0.000e+0   0.000e+0   0.000e+0   6.000e-1   4.000e-1   0.000e+0   0.000e+0   0.000e+0   0.000e+0   0.000e+0   0.000e+0   0.000e+0   0.000e+0   0.000e+0   0.000e+0   0.000e+0   0.000e+0   0.000e+0   0.000e+0   0.000e+0   0.000e+0   0.000e+0   0.000e+0   0.000e+0   0.000e+0
   0.000e+0   0.000e+0   0.000e+0   0.000e+0   0.000e+0   0.000e+0   0.000e+0   0.000e+0   0.000e+0   0.000e+0   0.000e+0   0.000e+0   0.000e+0   0.000e+0   0.000e+0   0.000e+0   6.000e-1   4.000e-1   0.000e+0   0.000e+0   0.000e+0   0.000e+0   0.000e+0   0.000e+0   0.000e+0   0.000e+0   0.000e+0   0.000e+0   0.000e+0   0.000e+0   0.000e+0   0.000e+0   0.000e+0   0.000e+0   0.000e+0   0.000e+0   0.000e+0
   0.000e+0   0.000e+0   0.000e+0   0.000e+0   0.000e+0   0.000e+0   0.000e+0   0.000e+0   0.000e+0   0.000e+0   0.000e+0   0.000e+0   0.000e+0   0.000e+0   0.000e+0   0.000e+0   0.000e+0   6.000e-1   4.000e-1   0.000e+0   0.000e+0   0.000e+0   0.000e+0   0.000e+0   0.000e+0   0.000e+0   0.000e+0   0.000e+0   0.000e+0   0.000e+0   0.000e+0   0.000e+0   0.000e+0   0.000e+0   0.000e+0   0.000e+0   0.000e+0
   0.000e+0   0.000e+0   0.000e+0   0.000e+0   0.000e+0   0.000e+0   0.000e+0   0.000e+0   0.000e+0   0.000e+0   0.000e+0   0.000e+0   0.000e+0   0.000e+0   0.000e+0   0.000e+0   0.000e+0   0.000e+0   6.000e-1   4.000e-1   0.000e+0   0.000e+0   0.000e+0   0.000e+0   0.000e+0   0.000e+0   0.000e+0   0.000e+0   0.000e+0   0.000e+0   0.000e+0   0.000e+0   0.000e+0   0.000e+0   0.000e+0   0.000e+0   0.000e+0
   0.000e+0   0.000e+0   0.000e+0   0.000e+0   0.000e+0   0.000e+0   0.000e+0   0.000e+0   0.000e+0   0.000e+0   0.000e+0   0.000e+0   0.000e+0   0.000e+0   0.000e+0   0.000e+0   0.000e+0   0.000e+0   0.000e+0   6.000e-1   4.000e-1   0.000e+0   0.000e+0   0.000e+0   0.000e+0   0.000e+0   0.000e+0   0.000e+0   0.000e+0   0.000e+0   0.000e+0   0.000e+0   0.000e+0   0.000e+0   0.000e+0   0.000e+0   0.000e+0
   0.000e+0   0.000e+0   0.000e+0   0.000e+0   0.000e+0   0.000e+0   0.000e+0   0.000e+0   0.000e+0   0.000e+0   0.000e+0   0.000e+0   0.000e+0   0.000e+0   0.000e+0   0.000e+0   0.000e+0   0.000e+0   0.000e+0   0.000e+0   6.000e-1   4.000e-1   0.000e+0   0.000e+0   0.000e+0   0.000e+0   0.000e+0   0.000e+0   0.000e+0   0.000e+0   0.000e+0   0.000e+0   0.000e+0   0.000e+0   0.000e+0   0.000e+0   0.000e+0
   0.000e+0   0.000e+0   0.000e+0   0.000e+0   0.000e+0   0.000e+0   0.000e+0   0.000e+0   0.000e+0   0.000e+0   0.000e+0   0.000e+0   0.000e+0   0.000e+0   0.000e+0   0.000e+0   0.000e+0   0.000e+0   0.000e+0   0.000e+0   0.000e+0   6.000e-1   4.000e-1   0.000e+0   0.000e+0   0.000e+0   0.000e+0   0.000e+0   0.000e+0   0.000e+0   0.000e+0   0.000e+0   0.000e+0   0.000e+0   0.000e+0   0.000e+0   0.000e+0
   0.000e+0   0.000e+0   0.000e+0   0.000e+0   0.000e+0   0.000e+0   0.000e+0   0.000e+0   0.000e+0   0.000e+0   0.000e+0   0.000e+0   0.000e+0   0.000e+0   0.000e+0   0.000e+0   0.000e+0   0.000e+0   0.000e+0   0.000e+0   0.000e+0   0.000e+0   6.000e-1   4.000e-1   0.000e+0   0.000e+0   0.000e+0   0.000e+0   0.000e+0   0.000e+0   0.000e+0   0.000e+0   0.000e+0   0.000e+0   0.000e+0   0.000e+0   0.000e+0
   0.000e+0   0.000e+0   0.000e+0   0.000e+0   0.000e+0   0.000e+0   0.000e+0   0.000e+0   0.000e+0   0.000e+0   0.000e+0   0.000e+0   0.000e+0   0.000e+0   0.000e+0   0.000e+0   0.000e+0   0.000e+0   0.000e+0   0.000e+0   0.000e+0   0.000e+0   0.000e+0   6.000e-1   4.000e-1   0.000e+0   0.000e+0   0.000e+0   0.000e+0   0.000e+0   0.000e+0   0.000e+0   0.000e+0   0.000e+0   0.000e+0   0.000e+0   0.000e+0
   0.000e+0   0.000e+0   0.000e+0   0.000e+0   0.000e+0   0.000e+0   0.000e+0   0.000e+0   0.000e+0   0.000e+0   0.000e+0   0.000e+0   0.000e+0   0.000e+0   0.000e+0   0.000e+0   0.000e+0   0.000e+0   0.000e+0   0.000e+0   0.000e+0   0.000e+0   0.000e+0   0.000e+0   6.000e-1   4.000e-1   0.000e+0   0.000e+0   0.000e+0   0.000e+0   0.000e+0   0.000e+0   0.000e+0   0.000e+0   0.000e+0   0.000e+0   0.000e+0
   0.000e+0   0.000e+0   0.000e+0   0.000e+0   0.000e+0   0.000e+0   0.000e+0   0.000e+0   0.000e+0   0.000e+0   0.000e+0   0.000e+0   0.000e+0   0.000e+0   0.000e+0   0.000e+0   0.000e+0   0.000e+0   0.000e+0   0.000e+0   0.000e+0   0.000e+0   0.000e+0   0.000e+0   0.000e+0   6.000e-1   4.000e-1   0.000e+0   0.000e+0   0.000e+0   0.000e+0   0.000e+0   0.000e+0   0.000e+0   0.000e+0   0.000e+0   0.000e+0
   0.000e+0   0.000e+0   0.000e+0   0.000e+0   0.000e+0   0.000e+0   0.000e+0   0.000e+0   0.000e+0   0.000e+0   0.000e+0   0.000e+0   0.000e+0   0.000e+0   0.000e+0   0.000e+0   0.000e+0   0.000e+0   0.000e+0   0.000e+0   0.000e+0   0.000e+0   0.000e+0   0.000e+0   0.000e+0   0.000e+0   6.000e-1   4.000e-1   0.000e+0   0.000e+0   0.000e+0   0.000e+0   0.000e+0   0.000e+0   0.000e+0   0.000e+0   0.000e+0
   0.000e+0   0.000e+0   0.000e+0   0.000e+0   0.000e+0   0.000e+0   0.000e+0   0.000e+0   0.000e+0   0.000e+0   0.000e+0   0.000e+0   0.000e+0   0.000e+0   0.000e+0   0.000e+0   0.000e+0   0.000e+0   0.000e+0   0.000e+0   0.000e+0   0.000e+0   0.000e+0   0.000e+0   0.000e+0   0.000e+0   0.000e+0   6.000e-1   4.000e-1   0.000e+0   0.000e+0   0.000e+0   0.000e+0   0.000e+0   0.000e+0   0.000e+0   0.000e+0
   0.000e+0   0.000e+0   0.000e+0   0.000e+0   0.000e+0   0.000e+0   0.000e+0   0.000e+0   0.000e+0   0.000e+0   0.000e+0   0.000e+0   0.000e+0   0.000e+0   0.000e+0   0.000e+0   0.000e+0   0.000e+0   0.000e+0   0.000e+0   0.000e+0   0.000e+0   0.000e+0   0.000e+0   0.000e+0   0.000e+0   0.000e+0   0.000e+0   6.000e-1   4.000e-1   0.000e+0   0.000e+0   0.000e+0   0.000e+0   0.000e+0   0.000e+0   0.000e+0
   0.000e+0   0.000e+0   0.000e+0   0.000e+0   0.000e+0   0.000e+0   0.000e+0   0.000e+0   0.000e+0   0.000e+0   0.000e+0   0.000e+0   0.000e+0   0.000e+0   0.000e+0   0.000e+0   0.000e+0   0.000e+0   0.000e+0   0.000e+0   0.000e+0   0.000e+0   0.000e+0   0.000e+0   0.000e+0   0.000e+0   0.000e+0   0.000e+0   0.000e+0   6.000e-1   4.000e-1   0.000e+0   0.000e+0   0.000e+0   0.000e+0   0.000e+0   0.000e+0
   0.000e+0   0.000e+0   0.000e+0   0.000e+0   0.000e+0   0.000e+0   0.000e+0   0.000e+0   0.000e+0   0.000e+0   0.000e+0   0.000e+0   0.000e+0   0.000e+0   0.000e+0   0.000e+0   0.000e+0   0.000e+0   0.000e+0   0.000e+0   0.000e+0   0.000e+0   0.000e+0   0.000e+0   0.000e+0   0.000e+0   0.000e+0   0.000e+0   0.000e+0   0.000e+0   6.000e-1   4.000e-1   0.000e+0   0.000e+0   0.000e+0   0.000e+0   0.000e+0
   0.000e+0   0.000e+0   0.000e+0   0.000e+0   0.000e+0   0.000e+0   0.000e+0   0.000e+0   0.000e+0   0.000e+0   0.000e+0   0.000e+0   0.000e+0   0.000e+0   0.000e+0   0.000e+0   0.000e+0   0.000e+0   0.000e+0   0.000e+0   0.000e+0   0.000e+0   0.000e+0   0.000e+0   0.000e+0   0.000e+0   0.000e+0   0.000e+0   0.000e+0   0.000e+0   0.000e+0   6.000e-1   4.000e-1   0.000e+0   0.000e+0   0.000e+0   0.000e+0
   0.000e+0   0.000e+0   0.000e+0   0.000e+0   0.000e+0   0.000e+0   0.000e+0   0.000e+0   0.000e+0   0.000e+0   0.000e+0   0.000e+0   0.000e+0   0.000e+0   0.000e+0   0.000e+0   0.000e+0   0.000e+0   0.000e+0   0.000e+0   0.000e+0   0.000e+0   0.000e+0   0.000e+0   0.000e+0   0.000e+0   0.000e+0   0.000e+0   0.000e+0   0.000e+0   0.000e+0   0.000e+0   6.000e-1   4.000e-1   0.000e+0   0.000e+0   0.000e+0
   0.000e+0   0.000e+0   0.000e+0   0.000e+0   0.000e+0   0.000e+0   0.000e+0   0.000e+0   0.000e+0   0.000e+0   0.000e+0   0.000e+0   0.000e+0   0.000e+0   0.000e+0   0.000e+0   0.000e+0   0.000e+0   0.000e+0   0.000e+0   0.000e+0   0.000e+0   0.000e+0   0.000e+0   0.000e+0   0.000e+0   0.000e+0   0.000e+0   0.000e+0   0.000e+0   0.000e+0   0.000e+0   0.000e+0   6.000e-1   4.000e-1   0.000e+0   0.000e+0
   0.000e+0   0.000e+0   0.000e+0   0.000e+0   0.000e+0   0.000e+0   0.000e+0   0.000e+0   0.000e+0   0.000e+0   0.000e+0   0.000e+0   0.000e+0   0.000e+0   0.000e+0   0.000e+0   0.000e+0   0.000e+0   0.000e+0   0.000e+0   0.000e+0   0.000e+0   0.000e+0   0.000e+0   0.000e+0   0.000e+0   0.000e+0   0.000e+0   0.000e+0   0.000e+0   0.000e+0   0.000e+0   0.000e+0   0.000e+0   6.000e-1   4.000e-1   0.000e+0
   0.000e+0   0.000e+0   0.000e+0   0.000e+0   0.000e+0   0.000e+0   0.000e+0   0.000e+0   0.000e+0   0.000e+0   0.000e+0   0.000e+0   0.000e+0   0.000e+0   0.000e+0   0.000e+0   0.000e+0   0.000e+0   0.000e+0   0.000e+0   0.000e+0   0.000e+0   0.000e+0   0.000e+0   0.000e+0   0.000e+0   0.000e+0   0.000e+0   0.000e+0   0.000e+0   0.000e+0   0.000e+0   0.000e+0   0.000e+0   0.000e+0   6.000e-1   4.000e-1
   0.000e+0   0.000e+0   0.000e+0   0.000e+0   0.000e+0   0.000e+0   0.000e+0   0.000e+0   0.000e+0   0.000e+0   0.000e+0   0.000e+0   0.000e+0   0.000e+0   0.000e+0   0.000e+0   0.000e+0   0.000e+0   0.000e+0   0.000e+0   0.000e+0   0.000e+0   0.000e+0   0.000e+0   0.000e+0   0.000e+0   0.000e+0   0.000e+0   0.000e+0   0.000e+0   0.000e+0   0.000e+0   0.000e+0   0.000e+0   0.000e+0   0.000e+0   0.000e+0
<EndHMM>
