~o
<STREAMINFO> 1 39
<VECSIZE> 39<NULLD><MFCC_E_D_A><DIAGC>
~h "Bay"
<BEGINHMM>
<NUMSTATES> 28
<STATE> 2
<MEAN> 39
 -7.513047e+00 -9.543390e+00 -3.308598e+00 -1.477933e+00 8.140768e-01 -5.050728e+00 2.955259e+00 -2.094528e-01 1.150352e+00 -8.008189e-01 2.599487e+00 -2.589712e+00 -1.007349e-01 1.170794e+00 4.300006e-01 -5.575087e-02 -6.710760e-01 -5.975643e-01 -6.058643e-01 -6.147773e-01 -6.828681e-01 -7.151336e-01 1.242242e-01 -6.958372e-01 2.106105e-01 6.134015e-02 9.706871e-01 -7.404596e-02 -5.010555e-01 -5.671692e-01 -2.456946e-01 -5.599747e-01 -2.913172e-01 -1.984817e-01 -2.432048e-01 -6.234087e-01 -6.307119e-01 -2.370768e-01 4.797695e-02
<VARIANCE> 39
 7.630394e-01 3.180619e+00 2.213343e+00 3.989142e+00 4.094252e+00 8.885191e+00 8.522829e+00 1.804354e+01 8.763354e+00 4.919630e+00 1.266359e+01 1.778652e+01 5.000000e-02 1.484279e+00 5.304491e-01 3.955485e-01 7.998267e-01 3.733014e-01 1.041195e+00 5.432557e-01 5.267217e-01 7.782425e-01 1.120541e+00 1.471171e+00 2.545425e+00 5.000000e-02 8.731191e-02 2.618123e-01 1.981082e-01 9.395903e-02 7.855536e-02 2.028696e-01 2.033316e-01 3.597245e-01 1.991922e-01 1.287754e-01 1.924740e-01 4.798566e-01 5.000000e-02
<GCONST> 6.060050e+01
<STATE> 3
<MEAN> 39
 -1.157186e+00 -6.562914e+00 -3.705036e+00 -5.843230e+00 -2.325211e+00 -7.891441e+00 2.815150e-01 -2.999259e+00 -1.900556e+00 -4.140446e+00 -7.793182e-01 -2.753671e+00 2.118379e-01 3.871853e+00 -6.412991e-01 -2.138565e+00 -2.018317e+00 -1.076286e+00 -2.369947e+00 -1.584212e+00 -1.000657e+00 -7.425798e-01 -1.614311e+00 -2.106824e+00 -1.780568e+00 1.958876e-01 -5.691458e-01 -8.474897e-01 -8.724467e-01 1.250773e-01 3.615356e-01 2.075774e-01 1.357813e-01 4.737317e-02 6.286306e-01 -8.865986e-02 -3.121322e-01 -5.382472e-01 2.340274e-02
<VARIANCE> 39
 1.983017e+01 3.509150e+00 7.120006e+00 9.512112e+00 1.061871e+01 1.471658e+01 1.882586e+01 1.022117e+01 1.987427e+01 2.873017e+00 4.627903e+00 1.240446e+01 5.000000e-02 8.746346e-01 1.550738e+00 3.806351e-01 4.421227e-01 6.523501e-01 1.516020e+00 1.087700e+00 1.483946e+00 1.615999e+00 8.604159e-01 1.153976e+00 1.362754e+00 5.000000e-02 5.331889e-01 1.563856e-01 2.577021e-01 1.554902e-01 2.311239e-01 3.594920e-01 3.447540e-01 1.440578e-01 3.068261e-01 1.953429e-01 1.524349e-01 3.460853e-01 5.000000e-02
<GCONST> 7.237868e+01
<STATE> 4
<MEAN> 39
 7.193412e+00 -1.255753e+01 -1.075303e+01 -8.315886e+00 -4.326188e+00 -1.425203e+01 -2.660505e+00 -3.344119e+00 -2.198530e+00 -7.011714e+00 -6.970169e+00 -8.750150e+00 6.304811e-01 -4.020601e-01 -2.615420e+00 -3.923371e+00 -5.876621e-01 8.583913e-01 -1.895015e-01 6.598918e-01 -1.310994e-01 1.255663e+00 -7.394519e-01 -2.316717e+00 -1.725721e+00 1.647247e-01 -1.972936e+00 -5.347565e-01 -4.727818e-01 9.420570e-01 1.062867e+00 1.223800e+00 1.342240e+00 -4.408061e-02 7.866700e-01 3.811763e-01 6.402245e-01 9.795859e-01 -2.940167e-02
<VARIANCE> 39
 9.681903e+00 1.678074e+01 9.795268e+00 5.836926e+00 1.151744e+01 2.247759e+01 1.330080e+01 1.164471e+01 1.023032e+01 8.358125e+00 1.307846e+01 9.333488e+00 5.000000e-02 3.770053e+00 7.601712e-01 1.875439e+00 9.008361e-01 2.473501e+00 2.100767e+00 4.574900e+00 2.232880e+00 2.025182e+00 2.027157e+00 9.992398e-01 9.401011e-01 5.000000e-02 1.156130e-01 5.574874e-01 1.903227e-01 8.803310e-02 2.067672e-01 4.286764e-01 3.486646e-01 5.559909e-01 4.486276e-01 1.272468e-01 2.974149e-01 3.082158e-01 5.000000e-02
<GCONST> 8.243015e+01
<STATE> 5
<MEAN> 39
 -2.976512e+00 -1.672783e+01 -1.947297e+01 -8.309816e+00 2.096251e+00 -8.238656e+00 3.268853e+00 -4.516768e+00 5.180725e+00 -6.831913e+00 -8.988848e+00 -8.374837e+00 8.611874e-01 -3.468568e+00 -2.862021e+00 -3.379016e+00 1.880034e+00 2.455286e+00 2.734166e+00 2.891545e+00 -1.537886e+00 2.365956e+00 -4.987107e-01 -4.242426e-02 1.968275e+00 9.185758e-02 -3.617772e-01 2.984768e-01 8.596046e-01 6.554147e-01 2.153962e-01 2.439374e-01 1.470560e-01 -4.451706e-01 -4.587621e-01 2.251590e-01 9.045198e-01 8.703918e-01 -3.773642e-02
<VARIANCE> 39
 1.384133e+01 1.126668e+01 2.043674e+01 8.434046e+00 2.015384e+01 3.084886e+01 3.361023e+01 1.308000e+01 2.520049e+01 2.563753e+01 5.733690e+00 2.244199e+01 5.000000e-02 4.504922e-01 3.009446e+00 1.235075e+00 5.738303e-01 1.796870e+00 1.426622e+00 1.854875e+00 1.773971e+00 2.221888e+00 5.267746e-01 9.862534e-01 3.576413e+00 5.000000e-02 3.027940e-01 3.444158e-01 1.783396e-01 1.379776e-01 4.382435e-01 3.495438e-01 5.529708e-01 4.491206e-01 4.830154e-01 4.469364e-01 9.327575e-02 3.388802e-01 5.000000e-02
<GCONST> 8.602438e+01
<STATE> 6
<MEAN> 39
 -7.131393e+00 -2.319571e+01 -2.287495e+01 -2.148772e+00 5.259157e+00 -4.169695e+00 8.245587e+00 -7.786113e+00 5.840378e+00 -7.871214e+00 -6.171423e+00 -1.888361e+00 9.612482e-01 -2.068943e+00 -1.523899e+00 -7.879215e-01 1.580615e+00 2.223776e+00 6.654235e-01 1.542681e+00 -2.026261e+00 -1.811614e-01 7.898848e-02 1.203313e+00 1.720598e+00 3.316217e-02 4.693372e-01 8.522605e-01 1.015318e+00 -5.849028e-01 -5.085704e-01 -7.413329e-01 -8.702828e-01 -3.549540e-02 -5.941103e-01 2.185572e-01 1.884694e-01 -4.863269e-01 -2.339449e-02
<VARIANCE> 39
 1.287166e+01 6.795280e+00 1.418115e+01 1.094109e+01 1.158470e+01 2.462804e+01 1.420948e+01 1.082579e+01 1.402384e+01 3.403005e+00 4.285724e+00 2.955437e+01 5.000000e-02 8.964600e-01 1.518333e+00 1.855198e+00 3.679928e-01 2.575720e+00 7.241105e-01 2.548643e+00 1.321462e+00 1.272726e+00 1.581143e+00 6.474359e-01 1.905358e+00 5.000000e-02 1.643565e-01 3.061906e-01 2.290963e-01 1.306316e-01 2.571374e-01 1.950260e-01 1.710981e-01 2.776689e-01 3.630833e-01 9.076251e-02 8.463084e-02 5.181975e-01 5.000000e-02
<GCONST> 7.519816e+01
<STATE> 7
<MEAN> 39
 -9.396442e+00 -2.162574e+01 -2.400701e+01 -1.503552e+00 1.021721e+01 -7.955219e+00 9.627933e+00 -1.196289e+01 3.379249e+00 -5.690754e+00 -4.659732e+00 -2.669034e+00 9.848577e-01 -1.956062e+00 -1.498411e-01 6.913953e-02 -3.560845e-01 5.082761e-01 1.818681e-02 7.037655e-01 -6.118921e-01 4.965691e-02 4.610873e-02 7.807506e-01 2.777816e-01 5.115831e-03 2.635534e-01 1.024284e-01 3.137048e-01 -3.222882e-01 -6.593501e-01 1.826235e-02 7.019042e-02 6.390657e-01 1.035065e-01 -5.690508e-01 -1.008794e-01 -7.172150e-02 -9.387125e-03
<VARIANCE> 39
 1.081132e+01 8.195636e+00 1.305614e+01 5.608246e+00 1.361140e+01 2.804259e+01 7.782557e+00 6.517825e+00 1.053907e+01 7.069767e+00 5.578897e+00 1.757599e+01 5.000000e-02 4.113965e-01 5.403273e-01 1.246734e+00 7.064013e-01 1.382983e+00 4.886832e-01 1.675515e+00 8.854008e-01 7.718508e-01 1.466823e+00 6.953664e-01 7.081382e-01 5.000000e-02 8.158944e-02 2.376634e-01 2.188918e-01 2.133057e-01 3.113210e-01 1.210804e-01 3.930961e-01 9.696428e-02 8.346438e-02 2.394801e-01 1.133461e-01 2.801735e-01 5.000000e-02
<GCONST> 6.710790e+01
<STATE> 8
<MEAN> 39
 -1.439628e+01 -2.396415e+01 -2.186206e+01 -3.808271e+00 7.265247e+00 -3.340315e+00 9.188083e+00 -1.106547e+01 6.582819e+00 -9.007080e+00 -3.449275e+00 -2.328829e-01 9.698734e-01 -3.263013e-01 -2.045980e-01 6.457365e-01 4.116257e-01 -4.904078e-01 4.728872e-01 3.324122e-01 4.929915e-01 -3.440256e-01 -1.269091e+00 5.806646e-01 6.574736e-01 -1.795643e-02 4.370109e-01 1.551499e-01 2.767543e-01 2.428177e-01 -3.003158e-01 1.616430e-01 2.768183e-02 4.975015e-01 -3.511345e-01 -1.809464e-01 8.252878e-02 -9.130254e-02 -6.563215e-03
<VARIANCE> 39
 7.413677e+00 7.177511e+00 1.122316e+01 6.640176e+00 1.533324e+01 2.271757e+01 2.769096e+01 4.578539e+00 1.249809e+01 4.703693e+00 1.025043e+01 6.928443e+00 5.000000e-02 4.220072e-01 1.330604e+00 8.350034e-01 7.908943e-01 6.600088e-01 5.754095e-01 7.933747e-01 5.339930e-01 7.479698e-01 6.753560e-01 3.049545e-01 5.057648e-01 5.000000e-02 6.081235e-02 6.595868e-02 1.107345e-01 1.337170e-01 8.675770e-02 9.017104e-02 1.122450e-01 5.000000e-02 7.308564e-02 8.072425e-02 6.751052e-02 5.000000e-02 5.000000e-02
<GCONST> 5.404784e+01
<STATE> 9
<MEAN> 39
 -1.384253e+01 -2.296097e+01 -1.863840e+01 -8.734901e-02 5.550251e+00 -6.132098e-01 1.101172e+01 -8.893944e+00 4.651417e+00 -1.205621e+01 -2.598475e+00 7.650030e-01 8.797179e-01 1.823745e-03 2.334245e-01 9.843892e-01 4.204423e-01 -1.868484e+00 6.352186e-01 1.025355e+00 1.626685e+00 -6.852900e-01 -1.728173e+00 1.139578e+00 3.218855e-01 -2.510197e-02 -1.254939e-01 7.726616e-02 3.693300e-02 -6.488608e-01 -5.284206e-01 -4.208589e-01 2.364198e-01 3.681321e-02 -4.839816e-02 1.999280e-01 1.321821e-01 -2.365296e-01 5.307903e-03
<VARIANCE> 39
 4.638052e+00 5.773750e+00 1.011183e+01 5.337807e+00 9.156237e+00 4.202158e+01 2.630743e+01 2.991394e+00 1.346685e+01 4.066866e+00 3.516574e+00 5.897488e+00 5.000000e-02 2.938814e-01 1.429056e-01 8.384092e-01 8.998750e-01 1.113850e+00 9.003437e-01 5.803985e-01 1.803163e-01 1.947167e-01 1.902506e-01 2.160705e-01 8.190851e-01 5.000000e-02 5.000000e-02 6.986599e-02 2.173224e-01 1.673153e-01 3.100446e-01 1.362476e-01 1.470586e-01 5.000000e-02 5.000000e-02 1.501987e-01 5.000000e-02 9.679110e-02 5.000000e-02
<GCONST> 4.931539e+01
<STATE> 10
<MEAN> 39
 -1.353322e+01 -2.361264e+01 -1.779863e+01 -1.973210e+00 2.572642e+00 -2.471235e+00 1.399299e+01 -5.449139e+00 1.740770e+00 -1.619159e+01 1.624588e+00 2.063070e+00 8.928073e-01 -5.931236e-01 4.707592e-01 1.602227e+00 -1.400346e+00 -1.834875e+00 -4.229400e-01 1.604735e+00 8.926771e-01 -1.227096e+00 -6.600713e-01 7.736688e-01 -7.345927e-01 -4.774646e-03 -1.189302e-01 2.279008e-01 2.425906e-01 -4.873688e-01 -2.709904e-01 -1.657922e-01 -1.753818e-01 -1.233130e-01 2.731664e-01 1.012154e+00 -4.001881e-01 -8.515766e-01 3.839966e-03
<VARIANCE> 39
 9.069364e+00 1.658067e+01 9.882197e+00 5.593569e+00 3.781789e+01 2.704761e+01 3.586927e+01 7.154916e+00 1.802676e+01 3.173791e+00 6.046751e+00 9.591819e+00 5.000000e-02 9.710180e-02 5.337589e-01 1.433458e+00 9.483989e-01 3.998589e+00 5.373896e-01 4.491538e-01 5.670182e-01 9.442086e-01 8.469242e-01 8.228818e-01 7.944126e-01 5.000000e-02 5.706402e-02 8.991056e-02 1.870373e-01 1.196266e-01 4.635392e-01 1.226049e-01 1.543435e-01 1.179985e-01 1.981250e-01 8.330607e-02 6.957007e-02 9.890696e-02 5.000000e-02
<GCONST> 6.336782e+01
<STATE> 11
<MEAN> 39
 -1.555363e+01 -2.187716e+01 -1.463554e+01 -5.495943e+00 -2.409883e+00 -4.788127e+00 1.622267e+01 -5.190598e+00 -1.077308e+00 -1.450768e+01 1.089564e+00 -3.658766e+00 8.859590e-01 -4.699645e-01 7.210044e-01 1.756532e+00 -1.601496e+00 -2.971868e+00 -3.483066e-01 5.879207e-01 1.393280e+00 5.425647e-01 2.159970e+00 -1.069091e-01 -2.564086e+00 -4.226387e-03 2.346739e-01 -2.959517e-02 -6.110641e-02 -1.291901e-01 -3.171738e-01 -7.136325e-02 -5.475614e-01 9.807646e-02 8.522438e-01 9.877359e-01 -2.447001e-01 -1.919970e-01 1.619218e-03
<VARIANCE> 39
 6.050636e+00 4.061085e+00 1.862147e+01 1.149708e+01 2.923338e+01 3.203529e+01 1.589540e+01 5.147909e+00 2.017701e+01 1.076870e+01 7.744898e+00 1.786420e+01 5.000000e-02 1.630892e-01 6.348730e-01 2.927178e-01 2.165610e-01 5.521832e-01 1.854346e-01 2.999157e-01 5.451968e-01 2.892866e-01 7.419903e-01 6.181162e-01 3.223893e-01 5.000000e-02 6.016623e-02 5.000000e-02 2.595779e-01 8.000920e-02 4.701009e-01 7.560208e-02 5.000000e-02 1.016062e-01 1.589662e-01 2.317147e-01 1.364888e-01 1.037272e-01 5.000000e-02
<GCONST> 5.468900e+01
<STATE> 12
<MEAN> 39
 -1.557533e+01 -1.974121e+01 -1.078966e+01 -9.208735e+00 -9.228554e+00 -5.607798e+00 1.779612e+01 -6.749244e-01 4.026878e+00 -6.205158e+00 1.328278e+00 -8.154198e+00 8.644836e-01 4.585530e-01 4.656925e-01 1.132268e+00 -1.832823e+00 -3.063661e+00 -6.880130e-01 -8.608026e-01 7.895710e-01 1.784886e+00 2.951970e+00 -4.476982e-01 -1.529898e+00 1.258218e-03 3.266975e-01 4.508177e-02 -2.797434e-01 2.617285e-01 2.021601e-01 -2.739997e-02 -4.875199e-01 -4.746767e-01 -8.401147e-03 -1.842786e-01 -1.158094e-01 4.817090e-01 -9.838850e-04
<VARIANCE> 39
 1.454916e+00 2.142161e+00 8.434072e+00 1.009345e+01 1.613586e+01 2.553231e+01 1.166512e+01 9.927342e+00 1.443088e+01 1.886139e+01 2.203299e+00 2.150672e+01 5.000000e-02 5.389256e-01 2.575651e-01 4.400582e-01 2.094041e-01 4.462723e-01 3.199502e-01 2.424774e-01 6.015696e-01 5.829385e-01 8.248799e-01 3.633627e-01 7.036887e-01 5.000000e-02 5.000000e-02 8.832811e-02 5.000000e-02 1.435447e-01 1.052384e-01 5.539893e-02 5.000000e-02 6.110011e-02 1.857728e-01 2.766584e-01 1.053106e-01 1.899084e-01 5.000000e-02
<GCONST> 5.000698e+01
<STATE> 13
<MEAN> 39
 -1.296917e+01 -1.841068e+01 -8.842987e+00 -1.357430e+01 -1.754988e+01 -6.901479e+00 1.324684e+01 2.876161e-01 8.158055e+00 -7.844203e-01 -1.693340e+00 -1.088941e+01 8.790421e-01 1.012470e+00 1.051940e+00 4.050458e-01 -1.963637e-01 -1.756111e+00 -1.215492e-01 -1.761719e+00 -1.110324e+00 3.165089e-01 9.599768e-01 -2.819454e-01 2.816738e-01 -1.665738e-02 -8.847791e-02 1.214284e-01 -3.205035e-01 4.352664e-01 7.825562e-01 9.910373e-02 -8.622213e-02 -5.452158e-01 -4.520302e-01 -6.207103e-01 3.622789e-01 6.933226e-01 -7.343925e-03
<VARIANCE> 39
 2.724119e+00 4.334920e+00 5.448856e+00 4.056962e+00 1.302281e+01 2.642048e+01 1.167702e+01 1.156745e+01 1.565323e+01 8.629904e+00 3.051267e+00 1.045093e+01 5.000000e-02 2.904761e-01 5.855255e-01 3.845520e-01 8.705474e-01 7.321435e-01 4.645072e-01 1.200864e-01 6.751788e-01 6.700506e-01 3.749449e-01 4.068733e-01 1.978509e+00 5.000000e-02 5.919279e-02 7.583462e-02 5.566130e-02 5.796099e-02 8.365218e-02 1.545409e-01 5.000000e-02 8.781416e-02 2.367162e-01 8.704176e-02 6.760819e-02 1.083053e-01 5.000000e-02
<GCONST> 4.959621e+01
<STATE> 14
<MEAN> 39
 -1.183811e+01 -1.655787e+01 -8.158567e+00 -1.175542e+01 -1.775356e+01 -5.871919e+00 9.040962e+00 -4.550471e+00 6.759942e+00 -2.819126e-01 6.685746e-02 -7.806577e+00 8.147549e-01 3.866186e-01 8.460724e-01 -8.753743e-02 -3.239926e-01 -4.210099e-01 -8.215002e-01 -1.345368e+00 -1.139747e+00 2.213613e-01 8.629095e-01 7.560342e-01 1.159844e+00 -1.868476e-02 -1.488017e-01 -9.560870e-02 -9.870256e-02 -2.335685e-01 3.818440e-01 -3.477171e-01 3.875671e-01 2.868440e-01 -8.355193e-04 -1.637134e-01 3.588417e-02 -1.188441e-01 2.145404e-03
<VARIANCE> 39
 4.875833e+00 2.174950e+00 3.617371e+00 8.349266e+00 5.737000e+00 1.874060e+01 7.239376e+00 7.090926e+00 1.919655e+01 7.812043e+00 7.938287e+00 3.409845e+00 5.000000e-02 2.018872e-01 5.311503e-01 2.197323e-01 4.748479e-01 6.420564e-01 1.207768e+00 5.143436e-01 8.053621e-01 1.791203e+00 3.037052e-01 2.405308e-01 4.776414e-01 5.000000e-02 5.000000e-02 6.299216e-02 5.232721e-02 9.838141e-02 9.534014e-02 8.372347e-02 7.927273e-02 8.436042e-02 3.848318e-01 9.389087e-02 6.532316e-02 2.511572e-01 5.000000e-02
<GCONST> 4.868454e+01
<STATE> 15
<MEAN> 39
 -1.121432e+01 -1.481080e+01 -9.408633e+00 -1.413733e+01 -1.963979e+01 -1.085356e+01 8.533937e+00 -4.723247e+00 8.687781e+00 2.728910e+00 1.143285e+00 -6.709814e+00 8.196774e-01 3.558735e-01 6.606008e-01 1.023764e-01 -6.746188e-01 3.548209e-01 -7.577552e-01 -9.966102e-03 -3.337060e-01 1.288659e-01 1.026617e-01 -2.295011e-01 4.415914e-02 -1.449460e-02 3.873385e-02 -2.033029e-01 2.553279e-01 4.021343e-02 6.311992e-01 4.199544e-01 1.866013e-01 3.133625e-01 -4.357257e-01 -5.141833e-01 -6.620617e-01 -2.149783e-01 -4.611127e-03
<VARIANCE> 39
 5.987832e+00 3.017618e+00 5.474010e+00 6.102162e+00 6.714959e+00 1.680282e+01 1.200652e+01 1.953802e+01 9.826369e+00 1.241306e+01 8.056787e+00 5.661265e+00 5.000000e-02 1.542159e-01 2.328436e-01 3.889588e-01 2.813769e-01 5.912725e-01 1.060165e+00 8.284182e-01 8.705572e-02 3.012386e+00 8.960716e-01 5.882490e-01 5.811429e-01 5.000000e-02 5.000000e-02 5.000000e-02 5.000000e-02 6.653349e-02 5.538458e-02 2.676246e-01 2.189357e-01 3.978005e-01 4.791127e-01 1.070507e-01 1.062765e-01 1.461205e-01 5.000000e-02
<GCONST> 5.369957e+01
<STATE> 16
<MEAN> 39
 -1.008845e+01 -1.361080e+01 -8.388803e+00 -1.511024e+01 -1.566543e+01 -1.009314e+01 8.313385e+00 -5.441952e+00 6.746291e+00 -1.838342e-01 -2.240503e+00 -6.816861e+00 7.354870e-01 5.332271e-01 2.190907e-02 6.920635e-01 -6.134669e-01 1.321455e+00 -4.581940e-02 -5.575150e-01 5.567777e-01 -9.817384e-01 -8.998544e-01 -1.431803e+00 5.942605e-02 -2.991304e-02 6.741120e-02 -2.682557e-01 1.537300e-01 -2.606664e-03 -9.739193e-02 1.774839e-01 7.394143e-02 1.764434e-01 -1.815567e-01 -8.635391e-02 -3.902062e-02 1.496104e-01 -3.529551e-03
<VARIANCE> 39
 4.683499e+00 2.527963e+00 6.796461e+00 5.494923e+00 6.024087e+00 7.810231e+00 2.226380e+01 6.309465e+00 1.108666e+01 9.840757e+00 1.497166e+01 5.181452e+00 5.000000e-02 2.147941e-01 1.903092e-01 3.079365e-01 1.914364e-01 8.746773e-01 1.293981e+00 8.318998e-01 2.914656e+00 1.474257e+00 5.211538e-01 1.377616e+00 7.948784e-01 5.000000e-02 5.000000e-02 5.000000e-02 1.519490e-01 7.217250e-02 1.833830e-01 3.989828e-01 1.407585e-01 4.514625e-01 4.796553e-01 9.398104e-02 4.236498e-01 1.993062e-01 5.000000e-02
<GCONST> 5.998346e+01
<STATE> 17
<MEAN> 39
 -8.375120e+00 -1.502078e+01 -4.788071e+00 -1.782240e+01 -1.180679e+01 -9.358716e+00 8.682482e+00 -1.971939e+00 4.645864e+00 -9.185268e-01 -3.554968e+00 -4.876717e+00 6.829717e-01 5.254457e-01 -5.596367e-01 7.117075e-01 -2.857617e-01 9.800447e-04 1.883692e-01 -3.515868e-01 6.484661e-01 -7.400304e-01 -5.530796e-01 -9.504572e-01 1.025631e+00 -3.767031e-02 1.450433e-01 -3.163408e-01 5.009474e-02 6.389702e-01 -4.806186e-01 2.345375e-01 -4.488356e-01 -3.653730e-01 1.118848e-01 -1.005122e-01 9.587365e-02 6.066229e-02 -5.460266e-03
<VARIANCE> 39
 8.598915e+00 8.502909e+00 3.958214e+00 7.287034e+00 1.400350e+01 5.884115e+01 2.923964e+01 1.402250e+01 1.975059e+01 4.757329e+00 7.922231e+00 1.373042e+01 5.000000e-02 1.363847e-01 6.037186e-02 1.429728e+00 7.012750e-01 2.117346e+00 1.920891e+00 9.186140e-01 1.650816e+00 2.317663e+00 7.551753e-01 2.167943e+00 8.046548e-01 5.000000e-02 6.899024e-02 5.000000e-02 1.214368e-01 1.675160e-01 3.089785e-01 9.362621e-01 1.589413e-01 3.967189e-01 2.808990e-01 1.172533e-01 1.753036e-01 4.034348e-01 5.000000e-02
<GCONST> 7.081426e+01
<STATE> 18
<MEAN> 39
 -8.654400e+00 -1.541516e+01 -5.854089e+00 -1.549482e+01 -1.665758e+01 -8.266910e+00 3.295971e+00 -3.859280e+00 2.606716e+00 -4.409037e+00 -7.238430e+00 -4.693690e+00 5.878624e-01 1.480680e+00 -1.398095e+00 1.396152e+00 1.479382e+00 4.601948e-01 7.673439e-01 -1.003762e+00 -1.428170e+00 -1.124393e+00 -1.248298e+00 -7.065120e-01 2.960748e-01 -5.144847e-02 4.315438e-01 -3.605207e-01 2.590905e-01 5.140827e-01 3.141390e-01 3.916292e-01 2.483009e-01 -4.043193e-01 2.804818e-01 1.426555e-02 4.593921e-01 -5.076589e-02 -3.356697e-03
<VARIANCE> 39
 6.054571e+00 8.223761e+00 9.558588e+00 1.324260e+01 2.074342e+01 2.616793e+01 2.421865e+01 2.165892e+01 1.664270e+01 9.834636e+00 4.539516e+00 1.932369e+00 5.000000e-02 1.822304e-01 2.916397e-01 1.194243e+00 4.834502e-01 1.159849e+00 4.171388e+00 9.901032e-01 1.071839e+00 5.813307e-01 6.091930e-01 1.440159e-01 1.752916e+00 5.000000e-02 5.000000e-02 5.000000e-02 2.283855e-01 2.578898e-01 3.352691e-01 3.093243e-01 3.651683e-01 4.442563e-01 2.496976e-01 2.499472e-01 8.831790e-02 1.305915e-01 5.000000e-02
<GCONST> 6.685995e+01
<STATE> 19
<MEAN> 39
 -4.106894e+00 -1.981682e+01 -1.887299e-01 -1.216004e+01 -1.311357e+01 -4.410981e+00 1.856327e+00 -6.678390e+00 2.800052e+00 -4.854650e+00 -6.629762e+00 -3.667491e+00 4.647103e-01 2.010609e+00 -1.974421e+00 9.146804e-01 1.624792e+00 6.668462e-01 1.418594e+00 9.734049e-02 -6.840771e-01 3.282317e-01 -7.250395e-01 2.237372e-01 6.183971e-01 -4.616913e-02 -1.387596e-01 2.955499e-01 -7.846001e-01 1.766538e-01 9.430774e-02 -1.923076e-01 3.652072e-01 5.107454e-01 4.053581e-01 2.740176e-01 5.582178e-01 1.201665e-01 4.920275e-03
<VARIANCE> 39
 3.459734e+00 7.488567e+00 3.128888e+00 7.000307e+00 6.282386e+00 2.684182e+01 2.172676e+01 3.489089e+01 1.069875e+01 1.737307e+01 1.324940e+01 6.132145e+00 5.000000e-02 2.277082e-01 1.573246e-01 1.032363e+00 1.520969e+00 1.326868e+00 2.535576e+00 3.753864e+00 2.053159e+00 4.437907e-01 1.673757e+00 7.987806e-01 6.386319e-01 5.000000e-02 5.609858e-02 1.313413e-01 1.574582e-01 9.473629e-02 1.392854e-01 5.312013e-01 1.396113e-01 5.549536e-01 5.106433e-02 2.383730e-01 1.820678e-01 2.303175e-01 5.000000e-02
<GCONST> 6.796154e+01
<STATE> 20
<MEAN> 39
 -2.335798e-01 -2.245363e+01 -2.065880e+00 -8.832478e+00 -1.235799e+01 -4.035675e+00 4.652709e+00 -6.656398e+00 2.674545e+00 -6.089054e+00 -3.677286e+00 -2.012942e+00 4.042723e-01 7.301691e-01 -2.242696e-01 -6.825197e-01 1.907825e+00 7.055530e-01 6.694284e-01 2.230876e-01 7.460151e-01 4.443790e-01 3.185720e-01 1.898725e+00 9.107395e-01 -3.582879e-02 -4.543939e-01 4.912868e-01 -3.199596e-01 -2.394119e-01 2.070970e-01 -5.379711e-01 3.888136e-01 4.176314e-01 -1.220533e-01 3.328984e-01 2.782979e-02 -9.476108e-03 5.799015e-03
<VARIANCE> 39
 8.083405e-01 7.198407e+00 5.153874e+00 2.387184e+00 6.652580e+00 1.574063e+01 7.821902e+00 3.764029e+00 9.602378e+00 9.940836e+00 1.939596e+01 5.761559e+00 5.000000e-02 5.697595e-01 3.181092e-01 6.454311e-01 8.921638e-01 1.941605e+00 2.454354e+00 1.580309e+00 3.008970e+00 9.783440e-01 1.478797e+00 1.320812e+00 2.547286e-01 5.000000e-02 5.000000e-02 5.000000e-02 1.949935e-01 2.442873e-01 1.190306e-01 3.608961e-01 4.454615e-01 1.847101e-01 2.227432e-01 2.854381e-01 4.690365e-01 1.019763e-01 5.000000e-02
<GCONST> 6.393398e+01
<STATE> 21
<MEAN> 39
 4.829066e-02 -2.132835e+01 -2.418336e+00 -3.987966e+00 -8.592793e+00 -3.881720e+00 6.485365e+00 -3.480254e+00 3.695232e+00 -5.816982e+00 -5.471733e-01 -9.903892e-03 3.582561e-01 1.721437e-01 4.202714e-01 -5.091556e-01 1.350531e+00 9.718150e-01 -2.403754e-01 7.994403e-01 6.689885e-01 -4.138516e-01 7.995755e-02 4.342652e-01 2.699856e-01 -2.128283e-02 -2.121027e-01 1.842391e-01 -1.708482e-01 -3.183481e-01 -2.655000e-01 -2.651569e-01 -2.564295e-01 -3.598073e-01 -8.510332e-02 1.473486e-01 -3.140501e-01 -4.997426e-01 1.291549e-03
<VARIANCE> 39
 1.929211e+00 7.204456e+00 5.223136e+00 4.704005e+00 2.768713e+00 2.723386e+00 1.109893e+01 1.019741e+01 1.203112e+01 6.510271e+00 1.115137e+01 4.116681e+00 5.000000e-02 9.833610e-02 2.505474e-01 1.065853e+00 4.709344e-01 7.504467e-01 2.223003e+00 8.992317e-01 3.538619e-01 1.220855e+00 1.615529e+00 1.625001e+00 8.430308e-01 5.000000e-02 6.716867e-02 1.120798e-01 5.000000e-02 6.703598e-02 8.371136e-02 1.424181e-01 1.416139e-01 3.616060e-01 1.163244e-01 9.942544e-02 3.714478e-01 8.706534e-02 5.000000e-02
<GCONST> 5.354827e+01
<STATE> 22
<MEAN> 39
 -5.238723e-01 -2.007685e+01 -6.152007e+00 -3.282631e+00 -7.196092e+00 -5.276510e+00 6.894776e+00 -3.558896e+00 3.126519e+00 -3.395564e+00 -6.929607e-01 -7.786769e-01 2.701739e-01 -1.928621e-01 8.702458e-01 -1.067440e+00 1.793145e-01 5.481693e-01 -1.131874e+00 -4.404527e-01 -4.929785e-01 -1.325534e-01 9.342628e-01 8.810253e-01 -6.351296e-01 -2.666427e-02 -1.386712e-01 -4.546252e-03 1.966503e-01 -3.718495e-01 -6.119082e-02 -1.236357e-01 -3.837447e-01 -1.303045e-01 -5.390702e-02 1.192318e-02 6.931184e-03 -1.005468e-01 -1.509109e-03
<VARIANCE> 39
 3.324494e+00 5.280923e+00 9.472592e+00 8.590898e+00 2.056109e+01 1.114816e+01 2.530246e+00 1.213482e+01 2.129313e+01 1.536823e+01 1.414616e+01 7.124019e+00 5.000000e-02 1.416879e-01 3.720267e-01 6.819705e-01 5.223583e-01 5.357683e-01 3.913343e-01 1.116908e+00 1.279088e+00 9.856284e-01 7.805297e-01 1.504967e+00 8.783262e-01 5.000000e-02 5.000000e-02 1.005961e-01 2.295818e-01 1.419641e-01 1.497596e-01 2.382016e-01 1.285506e-01 3.378309e-01 2.481723e-01 3.068824e-01 2.151488e-01 1.614006e-01 5.000000e-02
<GCONST> 6.293209e+01
<STATE> 23
<MEAN> 39
 -4.301489e-01 -1.881574e+01 -7.360197e+00 -3.703203e+00 -8.698554e+00 -9.138995e+00 4.216142e+00 -4.758539e+00 1.382744e+00 -2.769611e+00 1.755207e+00 -3.166641e+00 2.326928e-01 -7.417338e-01 9.283763e-03 -4.230955e-01 -2.556289e-01 5.904499e-01 -3.665473e-01 -1.670904e-01 7.852865e-01 -1.166967e-01 1.934973e-01 3.503294e-02 -3.361612e-01 -3.391816e-02 -2.494517e-01 -1.093797e-01 3.347234e-01 1.218416e-01 2.931836e-01 7.008250e-01 4.120610e-01 4.619060e-01 2.284011e-01 -2.338808e-01 -3.362169e-02 3.952116e-01 -4.810144e-03
<VARIANCE> 39
 1.604369e+00 4.496236e+00 7.202630e+00 6.057923e+00 1.395648e+01 3.055624e+00 3.209412e+00 3.190195e+00 7.115056e+00 2.261586e+00 3.991833e+00 5.451256e+00 5.000000e-02 1.735094e-01 3.742552e-01 6.146537e-01 9.258670e-01 1.088900e+00 1.907615e+00 8.974966e-01 1.507433e+00 1.517295e+00 1.065976e+00 6.668127e-01 6.696880e-01 5.000000e-02 5.221868e-02 5.000292e-02 6.733021e-02 1.509160e-01 1.434855e-01 6.236820e-02 1.012768e-01 9.149867e-02 1.835509e-01 1.514001e-01 1.553611e-01 1.643609e-01 5.000000e-02
<GCONST> 5.060361e+01
<STATE> 24
<MEAN> 39
 -3.621655e+00 -1.920368e+01 -7.524512e+00 -4.189663e+00 -4.487612e+00 -7.969224e+00 6.044711e+00 -1.470727e+00 4.253667e+00 -1.069529e+00 1.628881e+00 -1.528595e+00 1.296320e-01 -1.052190e+00 4.842910e-01 3.794100e-01 4.186431e-01 1.322044e+00 1.139710e+00 6.604508e-01 6.211408e-01 3.680788e-02 -3.304678e-01 4.028197e-01 8.426658e-01 -4.118042e-02 1.289133e-01 4.361650e-01 3.320536e-01 4.708831e-02 -2.342534e-01 3.426427e-01 6.867497e-03 -3.234550e-01 -3.784037e-01 -1.264701e-01 1.023672e-01 2.037792e-01 2.129225e-03
<VARIANCE> 39
 2.147857e+00 4.419696e+00 3.925475e+00 3.089760e+00 1.320250e+01 1.971219e+01 1.408721e+01 1.076621e+01 7.454121e+00 1.493267e+01 1.590156e+01 1.064712e+01 5.000000e-02 5.514612e-01 3.592258e-01 5.430143e-01 4.631399e-01 5.006571e-01 1.104245e+00 2.981322e-01 1.684093e+00 1.187712e+00 4.342275e-01 8.145567e-01 9.530838e-01 5.000000e-02 5.000000e-02 7.661567e-02 5.000000e-02 1.015850e-01 8.763781e-02 5.735985e-01 2.710764e-01 1.972890e-01 2.149329e-01 3.383328e-01 2.752499e-01 1.530041e-01 5.000000e-02
<GCONST> 6.011254e+01
<STATE> 25
<MEAN> 39
 -4.545667e+00 -1.742620e+01 -6.060597e+00 -2.487396e+00 -3.143209e+00 -4.521090e+00 6.894197e+00 -1.218891e+00 1.215246e+00 -3.700387e+00 2.899993e+00 -3.219424e-01 7.704276e-02 -4.265809e-01 1.608334e+00 8.603504e-01 6.536316e-03 2.281611e-02 4.251080e-01 -4.449513e-01 -5.191797e-01 -7.923400e-01 4.209597e-01 7.193803e-01 4.896565e-01 -3.078281e-02 1.908426e-01 3.947407e-01 2.788571e-01 -8.811152e-02 -2.084028e-01 -3.196712e-01 -4.935483e-01 -3.706174e-01 5.606100e-02 3.759718e-01 -1.074606e-01 -3.440753e-01 6.566896e-03
<VARIANCE> 39
 3.710736e+00 4.342813e+00 8.463085e+00 2.224387e+00 3.235589e+00 7.677902e+00 1.781863e+00 8.735358e+00 2.155066e+01 2.213292e+00 6.336307e+00 1.717953e+01 5.000000e-02 3.721687e-01 1.250978e+00 7.888002e-01 5.444449e-01 5.810079e-01 2.290255e+00 1.835984e+00 5.374572e-01 1.914616e+00 1.979325e+00 1.284528e+00 6.088257e-01 5.000000e-02 1.431203e-01 8.715186e-02 1.260741e-01 9.184527e-02 5.000000e-02 1.636515e-01 6.752476e-02 3.846652e-01 4.060633e-01 5.000000e-02 1.385771e-01 2.573987e-01 5.000000e-02
<GCONST> 5.813699e+01
<STATE> 26
<MEAN> 39
 -4.959376e+00 -1.252293e+01 -3.678788e+00 -3.652988e+00 -4.233572e+00 -5.406038e+00 4.222456e+00 -4.653428e+00 1.894971e-01 -3.241631e-01 3.627537e+00 -3.256103e-01 3.326962e-02 -3.206356e-01 1.791897e+00 1.292770e+00 3.096034e-02 4.815347e-01 3.450705e-01 -8.144397e-01 -1.979643e-01 2.161842e-01 9.074037e-01 1.441044e-01 -4.162042e-01 -1.768520e-02 4.304373e-03 -4.197251e-01 -2.156414e-01 1.297623e-01 2.726857e-01 -6.329776e-02 3.734645e-02 3.553575e-01 3.237711e-01 -2.332533e-01 -3.013074e-01 -2.229455e-01 2.580245e-03
<VARIANCE> 39
 2.514786e+00 9.245930e+00 4.555311e+00 3.511850e+00 9.033948e+00 6.484801e+00 1.205047e+01 1.802357e+01 8.328384e+00 8.784966e+00 7.339433e+00 3.287191e+00 5.000000e-02 4.506712e-01 4.877996e-01 3.944928e-01 3.101544e-01 6.881594e-01 7.599896e-01 2.458177e-01 2.177540e+00 2.288093e+00 5.499017e-01 6.943609e-01 1.088889e+00 5.000000e-02 5.000000e-02 1.941151e-01 1.062200e-01 5.000000e-02 1.408059e-01 2.155665e-01 1.882303e-01 2.030770e-01 4.350750e-01 2.295592e-01 1.783810e-01 1.651059e-01 5.000000e-02
<GCONST> 5.813633e+01
<STATE> 27
<MEAN> 39
 -5.864536e+00 -1.104240e+01 -1.818337e+00 -2.746916e+00 -1.466139e+00 -3.131559e+00 4.624686e+00 -2.123069e+00 1.957790e+00 6.884779e-02 4.253193e+00 -1.479347e+00 4.067109e-03 -2.727360e-01 6.529780e-02 8.258818e-02 4.671056e-01 9.843499e-01 2.401251e-01 -3.543064e-01 6.545480e-01 3.832158e-01 -5.076860e-01 -6.615936e-01 -5.135936e-01 -1.819030e-02 8.983640e-02 -4.993267e-01 -3.520879e-01 1.992504e-04 -6.929296e-02 7.879513e-03 1.272003e-01 1.975530e-01 -4.893880e-02 -3.511428e-01 -3.196862e-02 2.334912e-01 2.797491e-03
<VARIANCE> 39
 2.293064e+00 3.127702e+00 3.141405e+00 6.471157e+00 6.214724e+00 2.160219e+00 4.018228e+00 1.259870e+01 1.748928e+01 1.345127e+01 6.278092e+00 6.508099e+00 5.000000e-02 1.745778e-01 4.381977e-01 2.670661e-01 1.404274e-01 6.334549e-01 1.663681e-01 3.478535e-01 1.217079e+00 1.652802e+00 4.435332e-01 5.537193e-01 9.281362e-01 5.000000e-02 8.247144e-02 1.049980e-01 7.095950e-02 1.047504e-01 1.842526e-01 1.188562e-01 5.487821e-02 3.369208e-01 3.466342e-01 5.540366e-02 1.722883e-01 2.726000e-01 5.000000e-02
<GCONST> 4.895124e+01
<TRANSP> 28
 0.000000e+00 1.000000e+00 0.000000e+00 0.000000e+00 0.000000e+00 0.000000e+00 0.000000e+00 0.000000e+00 0.000000e+00 0.000000e+00 0.000000e+00 0.000000e+00 0.000000e+00 0.000000e+00 0.000000e+00 0.000000e+00 0.000000e+00 0.000000e+00 0.000000e+00 0.000000e+00 0.000000e+00 0.000000e+00 0.000000e+00 0.000000e+00 0.000000e+00 0.000000e+00 0.000000e+00 0.000000e+00
 0.000000e+00 6.428592e-01 3.571409e-01 0.000000e+00 0.000000e+00 0.000000e+00 0.000000e+00 0.000000e+00 0.000000e+00 0.000000e+00 0.000000e+00 0.000000e+00 0.000000e+00 0.000000e+00 0.000000e+00 0.000000e+00 0.000000e+00 0.000000e+00 0.000000e+00 0.000000e+00 0.000000e+00 0.000000e+00 0.000000e+00 0.000000e+00 0.000000e+00 0.000000e+00 0.000000e+00 0.000000e+00
 0.000000e+00 0.000000e+00 4.440074e-01 5.559927e-01 0.000000e+00 0.000000e+00 0.000000e+00 0.000000e+00 0.000000e+00 0.000000e+00 0.000000e+00 0.000000e+00 0.000000e+00 0.000000e+00 0.000000e+00 0.000000e+00 0.000000e+00 0.000000e+00 0.000000e+00 0.000000e+00 0.000000e+00 0.000000e+00 0.000000e+00 0.000000e+00 0.000000e+00 0.000000e+00 0.000000e+00 0.000000e+00
 0.000000e+00 0.000000e+00 0.000000e+00 5.003521e-01 4.996479e-01 0.000000e+00 0.000000e+00 0.000000e+00 0.000000e+00 0.000000e+00 0.000000e+00 0.000000e+00 0.000000e+00 0.000000e+00 0.000000e+00 0.000000e+00 0.000000e+00 0.000000e+00 0.000000e+00 0.000000e+00 0.000000e+00 0.000000e+00 0.000000e+00 0.000000e+00 0.000000e+00 0.000000e+00 0.000000e+00 0.000000e+00
 0.000000e+00 0.000000e+00 0.000000e+00 0.000000e+00 4.444308e-01 5.555692e-01 0.000000e+00 0.000000e+00 0.000000e+00 0.000000e+00 0.000000e+00 0.000000e+00 0.000000e+00 0.000000e+00 0.000000e+00 0.000000e+00 0.000000e+00 0.000000e+00 0.000000e+00 0.000000e+00 0.000000e+00 0.000000e+00 0.000000e+00 0.000000e+00 0.000000e+00 0.000000e+00 0.000000e+00 0.000000e+00
 0.000000e+00 0.000000e+00 0.000000e+00 0.000000e+00 0.000000e+00 4.444000e-01 5.556000e-01 0.000000e+00 0.000000e+00 0.000000e+00 0.000000e+00 0.000000e+00 0.000000e+00 0.000000e+00 0.000000e+00 0.000000e+00 0.000000e+00 0.000000e+00 0.000000e+00 0.000000e+00 0.000000e+00 0.000000e+00 0.000000e+00 0.000000e+00 0.000000e+00 0.000000e+00 0.000000e+00 0.000000e+00
 0.000000e+00 0.000000e+00 0.000000e+00 0.000000e+00 0.000000e+00 0.000000e+00 5.838016e-01 4.161984e-01 0.000000e+00 0.000000e+00 0.000000e+00 0.000000e+00 0.000000e+00 0.000000e+00 0.000000e+00 0.000000e+00 0.000000e+00 0.000000e+00 0.000000e+00 0.000000e+00 0.000000e+00 0.000000e+00 0.000000e+00 0.000000e+00 0.000000e+00 0.000000e+00 0.000000e+00 0.000000e+00
 0.000000e+00 0.000000e+00 0.000000e+00 0.000000e+00 0.000000e+00 0.000000e+00 0.000000e+00 6.424410e-01 3.575591e-01 0.000000e+00 0.000000e+00 0.000000e+00 0.000000e+00 0.000000e+00 0.000000e+00 0.000000e+00 0.000000e+00 0.000000e+00 0.000000e+00 0.000000e+00 0.000000e+00 0.000000e+00 0.000000e+00 0.000000e+00 0.000000e+00 0.000000e+00 0.000000e+00 0.000000e+00
 0.000000e+00 0.000000e+00 0.000000e+00 0.000000e+00 0.000000e+00 0.000000e+00 0.000000e+00 0.000000e+00 4.446526e-01 5.553474e-01 0.000000e+00 0.000000e+00 0.000000e+00 0.000000e+00 0.000000e+00 0.000000e+00 0.000000e+00 0.000000e+00 0.000000e+00 0.000000e+00 0.000000e+00 0.000000e+00 0.000000e+00 0.000000e+00 0.000000e+00 0.000000e+00 0.000000e+00 0.000000e+00
 0.000000e+00 0.000000e+00 0.000000e+00 0.000000e+00 0.000000e+00 0.000000e+00 0.000000e+00 0.000000e+00 0.000000e+00 5.000014e-01 4.999986e-01 0.000000e+00 0.000000e+00 0.000000e+00 0.000000e+00 0.000000e+00 0.000000e+00 0.000000e+00 0.000000e+00 0.000000e+00 0.000000e+00 0.000000e+00 0.000000e+00 0.000000e+00 0.000000e+00 0.000000e+00 0.000000e+00 0.000000e+00
 0.000000e+00 0.000000e+00 0.000000e+00 0.000000e+00 0.000000e+00 0.000000e+00 0.000000e+00 0.000000e+00 0.000000e+00 0.000000e+00 4.455127e-01 5.544873e-01 0.000000e+00 0.000000e+00 0.000000e+00 0.000000e+00 0.000000e+00 0.000000e+00 0.000000e+00 0.000000e+00 0.000000e+00 0.000000e+00 0.000000e+00 0.000000e+00 0.000000e+00 0.000000e+00 0.000000e+00 0.000000e+00
 0.000000e+00 0.000000e+00 0.000000e+00 0.000000e+00 0.000000e+00 0.000000e+00 0.000000e+00 0.000000e+00 0.000000e+00 0.000000e+00 0.000000e+00 6.662655e-01 3.337345e-01 0.000000e+00 0.000000e+00 0.000000e+00 0.000000e+00 0.000000e+00 0.000000e+00 0.000000e+00 0.000000e+00 0.000000e+00 0.000000e+00 0.000000e+00 0.000000e+00 0.000000e+00 0.000000e+00 0.000000e+00
 0.000000e+00 0.000000e+00 0.000000e+00 0.000000e+00 0.000000e+00 0.000000e+00 0.000000e+00 0.000000e+00 0.000000e+00 0.000000e+00 0.000000e+00 0.000000e+00 5.000446e-01 4.999554e-01 0.000000e+00 0.000000e+00 0.000000e+00 0.000000e+00 0.000000e+00 0.000000e+00 0.000000e+00 0.000000e+00 0.000000e+00 0.000000e+00 0.000000e+00 0.000000e+00 0.000000e+00 0.000000e+00
 0.000000e+00 0.000000e+00 0.000000e+00 0.000000e+00 0.000000e+00 0.000000e+00 0.000000e+00 0.000000e+00 0.000000e+00 0.000000e+00 0.000000e+00 0.000000e+00 0.000000e+00 5.000426e-01 4.999574e-01 0.000000e+00 0.000000e+00 0.000000e+00 0.000000e+00 0.000000e+00 0.000000e+00 0.000000e+00 0.000000e+00 0.000000e+00 0.000000e+00 0.000000e+00 0.000000e+00 0.000000e+00
 0.000000e+00 0.000000e+00 0.000000e+00 0.000000e+00 0.000000e+00 0.000000e+00 0.000000e+00 0.000000e+00 0.000000e+00 0.000000e+00 0.000000e+00 0.000000e+00 0.000000e+00 0.000000e+00 4.998563e-01 5.001437e-01 0.000000e+00 0.000000e+00 0.000000e+00 0.000000e+00 0.000000e+00 0.000000e+00 0.000000e+00 0.000000e+00 0.000000e+00 0.000000e+00 0.000000e+00 0.000000e+00
 0.000000e+00 0.000000e+00 0.000000e+00 0.000000e+00 0.000000e+00 0.000000e+00 0.000000e+00 0.000000e+00 0.000000e+00 0.000000e+00 0.000000e+00 0.000000e+00 0.000000e+00 0.000000e+00 0.000000e+00 6.164943e-01 3.835057e-01 0.000000e+00 0.000000e+00 0.000000e+00 0.000000e+00 0.000000e+00 0.000000e+00 0.000000e+00 0.000000e+00 0.000000e+00 0.000000e+00 0.000000e+00
 0.000000e+00 0.000000e+00 0.000000e+00 0.000000e+00 0.000000e+00 0.000000e+00 0.000000e+00 0.000000e+00 0.000000e+00 0.000000e+00 0.000000e+00 0.000000e+00 0.000000e+00 0.000000e+00 0.000000e+00 0.000000e+00 4.982439e-01 5.017561e-01 0.000000e+00 0.000000e+00 0.000000e+00 0.000000e+00 0.000000e+00 0.000000e+00 0.000000e+00 0.000000e+00 0.000000e+00 0.000000e+00
 0.000000e+00 0.000000e+00 0.000000e+00 0.000000e+00 0.000000e+00 0.000000e+00 0.000000e+00 0.000000e+00 0.000000e+00 0.000000e+00 0.000000e+00 0.000000e+00 0.000000e+00 0.000000e+00 0.000000e+00 0.000000e+00 0.000000e+00 4.444322e-01 5.555679e-01 0.000000e+00 0.000000e+00 0.000000e+00 0.000000e+00 0.000000e+00 0.000000e+00 0.000000e+00 0.000000e+00 0.000000e+00
 0.000000e+00 0.000000e+00 0.000000e+00 0.000000e+00 0.000000e+00 0.000000e+00 0.000000e+00 0.000000e+00 0.000000e+00 0.000000e+00 0.000000e+00 0.000000e+00 0.000000e+00 0.000000e+00 0.000000e+00 0.000000e+00 0.000000e+00 0.000000e+00 4.444834e-01 5.555166e-01 0.000000e+00 0.000000e+00 0.000000e+00 0.000000e+00 0.000000e+00 0.000000e+00 0.000000e+00 0.000000e+00
 0.000000e+00 0.000000e+00 0.000000e+00 0.000000e+00 0.000000e+00 0.000000e+00 0.000000e+00 0.000000e+00 0.000000e+00 0.000000e+00 0.000000e+00 0.000000e+00 0.000000e+00 0.000000e+00 0.000000e+00 0.000000e+00 0.000000e+00 0.000000e+00 0.000000e+00 5.827512e-01 4.172488e-01 0.000000e+00 0.000000e+00 0.000000e+00 0.000000e+00 0.000000e+00 0.000000e+00 0.000000e+00
 0.000000e+00 0.000000e+00 0.000000e+00 0.000000e+00 0.000000e+00 0.000000e+00 0.000000e+00 0.000000e+00 0.000000e+00 0.000000e+00 0.000000e+00 0.000000e+00 0.000000e+00 0.000000e+00 0.000000e+00 0.000000e+00 0.000000e+00 0.000000e+00 0.000000e+00 0.000000e+00 5.007181e-01 4.992819e-01 0.000000e+00 0.000000e+00 0.000000e+00 0.000000e+00 0.000000e+00 0.000000e+00
 0.000000e+00 0.000000e+00 0.000000e+00 0.000000e+00 0.000000e+00 0.000000e+00 0.000000e+00 0.000000e+00 0.000000e+00 0.000000e+00 0.000000e+00 0.000000e+00 0.000000e+00 0.000000e+00 0.000000e+00 0.000000e+00 0.000000e+00 0.000000e+00 0.000000e+00 0.000000e+00 0.000000e+00 6.151954e-01 3.848046e-01 0.000000e+00 0.000000e+00 0.000000e+00 0.000000e+00 0.000000e+00
 0.000000e+00 0.000000e+00 0.000000e+00 0.000000e+00 0.000000e+00 0.000000e+00 0.000000e+00 0.000000e+00 0.000000e+00 0.000000e+00 0.000000e+00 0.000000e+00 0.000000e+00 0.000000e+00 0.000000e+00 0.000000e+00 0.000000e+00 0.000000e+00 0.000000e+00 0.000000e+00 0.000000e+00 0.000000e+00 5.003939e-01 4.996061e-01 0.000000e+00 0.000000e+00 0.000000e+00 0.000000e+00
 0.000000e+00 0.000000e+00 0.000000e+00 0.000000e+00 0.000000e+00 0.000000e+00 0.000000e+00 0.000000e+00 0.000000e+00 0.000000e+00 0.000000e+00 0.000000e+00 0.000000e+00 0.000000e+00 0.000000e+00 0.000000e+00 0.000000e+00 0.000000e+00 0.000000e+00 0.000000e+00 0.000000e+00 0.000000e+00 0.000000e+00 4.443323e-01 5.556677e-01 0.000000e+00 0.000000e+00 0.000000e+00
 0.000000e+00 0.000000e+00 0.000000e+00 0.000000e+00 0.000000e+00 0.000000e+00 0.000000e+00 0.000000e+00 0.000000e+00 0.000000e+00 0.000000e+00 0.000000e+00 0.000000e+00 0.000000e+00 0.000000e+00 0.000000e+00 0.000000e+00 0.000000e+00 0.000000e+00 0.000000e+00 0.000000e+00 0.000000e+00 0.000000e+00 0.000000e+00 4.445500e-01 5.554500e-01 0.000000e+00 0.000000e+00
 0.000000e+00 0.000000e+00 0.000000e+00 0.000000e+00 0.000000e+00 0.000000e+00 0.000000e+00 0.000000e+00 0.000000e+00 0.000000e+00 0.000000e+00 0.000000e+00 0.000000e+00 0.000000e+00 0.000000e+00 0.000000e+00 0.000000e+00 0.000000e+00 0.000000e+00 0.000000e+00 0.000000e+00 0.000000e+00 0.000000e+00 0.000000e+00 0.000000e+00 4.999178e-01 5.000823e-01 0.000000e+00
 0.000000e+00 0.000000e+00 0.000000e+00 0.000000e+00 0.000000e+00 0.000000e+00 0.000000e+00 0.000000e+00 0.000000e+00 0.000000e+00 0.000000e+00 0.000000e+00 0.000000e+00 0.000000e+00 0.000000e+00 0.000000e+00 0.000000e+00 0.000000e+00 0.000000e+00 0.000000e+00 0.000000e+00 0.000000e+00 0.000000e+00 0.000000e+00 0.000000e+00 0.000000e+00 4.445631e-01 5.554368e-01
 0.000000e+00 0.000000e+00 0.000000e+00 0.000000e+00 0.000000e+00 0.000000e+00 0.000000e+00 0.000000e+00 0.000000e+00 0.000000e+00 0.000000e+00 0.000000e+00 0.000000e+00 0.000000e+00 0.000000e+00 0.000000e+00 0.000000e+00 0.000000e+00 0.000000e+00 0.000000e+00 0.000000e+00 0.000000e+00 0.000000e+00 0.000000e+00 0.000000e+00 0.000000e+00 0.000000e+00 0.000000e+00
<ENDHMM>
