~o
<STREAMINFO> 1 39
<VECSIZE> 39<NULLD><MFCC_E_D_A><DIAGC>
~h "Chay"
<BEGINHMM>
<NUMSTATES> 5
<STATE> 2
<MEAN> 39
 -9.975430e+00 -1.223031e+01 -6.546978e+00 -1.144671e+01 -4.925609e+00 -6.270820e+00 4.886203e+00 -1.148141e+00 1.200817e+00 -1.723350e+00 -7.768362e-01 -2.794988e+00 4.532183e-01 -4.377059e-01 -1.530579e+00 -1.256124e+00 -5.808758e-01 -3.413621e-01 1.043657e-01 1.132673e+00 1.255511e-01 -4.195895e-01 -4.284870e-01 -1.535179e-01 -2.080237e-03 9.437010e-02 4.934441e-02 -1.219999e-01 -8.655860e-02 2.489799e-01 4.276952e-01 8.511577e-02 -1.295033e-02 -4.116142e-02 -4.703441e-02 -8.218969e-02 1.019477e-01 1.654292e-01 3.571256e-03
<VARIANCE> 39
 1.835752e+01 5.394854e+01 2.941004e+01 6.454572e+01 6.293223e+01 3.457745e+01 5.202459e+01 1.213684e+01 1.892105e+01 2.563002e+01 1.429680e+01 1.717870e+01 1.861758e-01 1.459589e+00 4.960190e+00 1.204601e+00 1.055027e+01 1.121104e+01 4.112097e+00 3.405535e+00 1.838332e+00 3.005172e+00 3.752007e+00 1.410284e+00 2.171088e+00 5.000000e-02 2.608903e-01 9.374796e-01 2.464077e-01 1.815338e+00 2.282927e+00 8.194178e-01 8.131406e-01 4.342466e-01 5.913229e-01 6.795592e-01 2.191127e-01 4.330189e-01 5.000000e-02
<GCONST> 1.121068e+02
<STATE> 3
<MEAN> 39
 -1.175030e+01 -2.308579e+01 -1.251973e+01 -8.857351e+00 -1.076066e+00 -7.307158e+00 1.167661e+01 -2.780475e+00 -2.825266e-02 -5.354559e+00 4.096713e-01 -1.966375e+00 9.010645e-01 -1.126881e-01 4.218158e-01 5.979820e-01 -5.867099e-01 -4.697948e-01 -6.355984e-01 -3.854232e-01 -2.634778e-01 5.346158e-01 5.596232e-01 6.426026e-02 1.234942e-02 -1.180206e-02 -1.015738e-02 1.032868e-01 7.451867e-02 -1.505630e-01 -1.735153e-01 -1.714445e-02 -2.043449e-02 -7.759362e-03 -2.680947e-03 -7.255245e-03 -6.888327e-02 -8.606580e-03 -2.868728e-03
<VARIANCE> 39
 9.853114e+00 1.409064e+01 3.808724e+01 4.495089e+01 9.444140e+01 6.289896e+01 3.313164e+01 1.479250e+01 2.736947e+01 4.738934e+01 1.053614e+01 1.574376e+01 5.000000e-02 5.249261e-01 5.164726e-01 1.190777e+00 1.828858e+00 4.409976e+00 1.227069e+00 1.538407e+00 1.152285e+00 1.918696e+00 3.272164e+00 8.808154e-01 1.458300e+00 5.000000e-02 9.364138e-02 9.441406e-02 1.062562e-01 2.229262e-01 3.692149e-01 2.654214e-01 2.485119e-01 1.619813e-01 4.734794e-01 5.868435e-01 1.959372e-01 2.830221e-01 5.000000e-02
<GCONST> 8.787412e+01
<STATE> 4
<MEAN> 39
 -4.349745e+00 -2.032443e+01 -4.317118e+00 -5.708884e+00 -6.405584e+00 -7.139758e+00 5.674560e+00 -3.390105e+00 7.913792e-01 -3.008055e+00 -5.302591e-01 1.639907e+00 3.008331e-01 2.455849e-01 1.071807e-01 -3.670487e-02 8.047212e-01 5.225334e-01 5.253984e-01 -2.097936e-02 1.694562e-01 -2.422428e-01 -2.526580e-01 -3.987423e-02 4.286320e-02 -3.320905e-02 5.242117e-03 -6.378418e-03 -4.677729e-03 2.428002e-02 -1.011936e-02 -4.772657e-03 3.390039e-02 4.942123e-02 3.297605e-02 5.224892e-02 3.169990e-02 -5.942463e-02 1.212570e-03
<VARIANCE> 39
 2.137187e+01 2.487750e+01 1.270473e+01 6.360927e+01 2.515432e+01 2.811028e+01 1.203162e+01 1.268600e+01 1.279484e+01 1.726240e+01 9.114475e+00 1.466715e+01 5.000000e-02 1.898169e+00 2.187909e+00 1.153551e+00 2.608196e+00 1.303122e+00 2.332286e+00 1.223344e+00 1.352013e+00 1.614882e+00 1.826844e+00 8.650997e-01 2.030152e+00 5.000000e-02 3.160686e-01 3.218628e-01 2.243349e-01 4.811299e-01 2.463477e-01 4.388078e-01 2.406930e-01 2.958652e-01 3.547001e-01 3.604080e-01 1.433043e-01 3.688647e-01 5.000000e-02
<GCONST> 8.895266e+01
<TRANSP> 5
 0.000000e+00 1.000000e+00 0.000000e+00 0.000000e+00 0.000000e+00
 0.000000e+00 9.072925e-01 9.270753e-02 0.000000e+00 0.000000e+00
 0.000000e+00 0.000000e+00 9.505023e-01 4.949769e-02 0.000000e+00
 0.000000e+00 0.000000e+00 0.000000e+00 9.576461e-01 4.235395e-02
 0.000000e+00 0.000000e+00 0.000000e+00 0.000000e+00 0.000000e+00
<ENDHMM>
