~o
<STREAMINFO> 1 39
<VECSIZE> 39<NULLD><MFCC_E_D_A><DIAGC>
~h "Chin"
<BEGINHMM>
<NUMSTATES> 28
<STATE> 2
<MEAN> 39
 -6.503844e+00 -8.678584e+00 -8.000224e-01 -9.720312e-01 3.231198e+00 -3.748883e+00 5.057128e-01 -2.867345e+00 9.358321e-02 -3.200956e+00 1.091850e+00 -2.132577e+00 4.475278e-02 -1.833556e-01 4.728182e-01 2.213713e-01 -1.777485e-01 -2.023277e-01 -3.305193e-01 2.496256e-01 1.095599e-01 2.115971e-01 -3.006083e-01 6.993063e-01 3.786516e-01 2.866383e-02 -6.535587e-01 6.534940e-01 -2.967511e-01 -1.108456e+00 1.451506e-01 -3.091535e-01 2.393993e-02 4.373049e-01 6.406295e-02 -1.342311e-01 2.013764e-01 6.647953e-02 2.888359e-02
<VARIANCE> 39
 4.163995e+00 4.116288e+00 2.329141e+00 2.752123e+00 6.325922e+00 4.969659e+00 9.414903e+00 5.696292e+00 2.755356e+01 4.425552e+00 4.674724e+00 7.434068e+00 5.000000e-02 7.400029e-01 6.820109e-01 5.600739e-01 6.833231e-01 8.298031e-01 8.582085e-01 1.508457e+00 8.093461e-01 1.791269e+00 8.732848e-01 6.626705e-01 4.993744e-01 5.000000e-02 4.831041e-01 1.100156e-01 1.037409e-01 1.915376e-01 1.544736e-01 2.291694e-01 3.418865e-01 7.223083e-02 3.904403e-01 2.333349e-01 1.671655e-01 5.000000e-02 5.000000e-02
<GCONST> 5.965289e+01
<STATE> 3
<MEAN> 39
 -7.067255e+00 -7.135718e+00 -1.372798e+00 -3.283293e+00 1.790723e+00 -5.437499e+00 2.549580e+00 -8.279017e-01 2.899363e-01 -4.314550e+00 3.581252e+00 -9.174898e-01 1.418007e-01 -2.898316e+00 2.745732e+00 -1.123745e+00 -4.424412e+00 1.312249e+00 -1.720156e+00 -9.580611e-01 8.737894e-01 -6.008867e-01 -9.002615e-01 5.390631e-02 1.588733e-01 1.275178e-01 -3.951590e-01 7.688946e-02 -2.238629e-01 -1.409622e+00 -5.409777e-01 -6.288718e-01 -5.771769e-01 -3.573615e-01 1.522266e-02 -1.381828e-01 -5.894253e-01 -2.740954e-01 3.379177e-02
<VARIANCE> 39
 1.199767e+01 9.382974e+00 4.836395e+00 7.687323e+00 2.503464e+01 6.422123e+00 1.336987e+01 4.399986e+00 6.829257e+00 1.059110e+01 7.805685e+00 7.711320e+00 5.000000e-02 2.756094e+00 1.259300e+00 1.667548e+00 1.936821e+00 1.395184e+00 4.205796e+00 2.517773e+00 7.732060e-01 8.286583e-01 1.889889e+00 4.577181e-01 8.445030e-02 5.000000e-02 3.960207e-01 4.970984e-01 4.512419e-01 1.922954e-01 6.341870e-01 6.465967e-01 2.041157e-01 1.166266e-01 3.253287e-01 1.974986e-01 4.330890e-01 9.983373e-02 5.000000e-02
<GCONST> 7.602560e+01
<STATE> 4
<MEAN> 39
 -1.798619e+01 1.862946e+00 -5.223290e+00 -1.849246e+01 7.737433e+00 -9.246744e+00 -4.237996e+00 1.318317e+00 -9.764472e-01 -5.811086e+00 1.441010e+00 -1.926030e+00 5.361356e-01 -1.477073e+00 9.071462e-01 -3.094539e-01 -5.722039e+00 -2.430123e+00 -2.716733e+00 -1.812606e+00 -1.393037e+00 3.231932e-01 -9.764213e-01 -1.848083e+00 -6.575710e-01 1.624863e-01 1.242073e+00 -1.696114e+00 8.166122e-01 5.860693e-01 -1.806858e+00 1.632667e-01 6.153420e-01 -4.284497e-01 8.559126e-01 6.206300e-01 -2.188756e-01 -4.699071e-01 -7.482642e-03
<VARIANCE> 39
 2.932049e+01 1.403181e+01 4.209422e+01 3.360236e+01 1.821592e+01 4.257816e+01 3.237588e+01 2.130578e+01 1.317069e+01 3.014373e+01 4.149523e+00 6.417717e+00 5.000000e-02 2.127652e+00 2.417032e+00 3.944486e+00 3.791319e-01 4.773345e+00 4.171340e+00 9.495317e-01 6.490318e-01 1.808231e+00 6.604425e-01 2.862245e+00 7.980165e-01 5.000000e-02 4.735622e-01 5.057421e-01 5.744639e-01 5.171387e-01 2.575131e-01 5.463410e-01 5.547724e-01 4.797658e-01 1.488356e-01 6.134412e-01 1.578661e-01 5.962709e-02 5.000000e-02
<GCONST> 9.098383e+01
<STATE> 5
<MEAN> 39
 -1.253357e+01 -3.795062e+00 -2.684100e+00 -2.379768e+01 -7.139783e+00 -1.622773e+01 -4.001069e+00 -5.248410e+00 1.658905e+00 -8.358804e+00 -2.533856e+00 -3.893301e+00 7.624289e-01 1.330050e+00 -3.732187e+00 1.377492e+00 -2.269601e+00 -4.991750e+00 -8.610139e-01 1.125318e+00 -8.133063e-02 2.703499e+00 1.970779e+00 -6.590681e-01 -1.533535e+00 1.079560e-01 3.960106e-01 -7.768124e-01 4.909120e-01 1.310121e+00 1.325219e-01 1.078161e+00 8.468867e-01 8.326874e-01 6.007463e-01 1.160159e+00 4.908327e-01 4.725821e-02 -2.835040e-02
<VARIANCE> 39
 9.923672e+00 2.411434e+01 3.003940e+01 4.383966e+00 2.164330e+01 4.083997e+01 2.281171e+01 7.128284e+00 1.364972e+01 1.316497e+01 3.286047e+01 1.294899e+01 5.000000e-02 1.095007e+00 2.042329e+00 3.125487e+00 2.504711e+00 9.847776e-01 1.246778e+00 1.673466e+00 3.985129e+00 4.180831e-01 2.647197e+00 1.418988e+00 7.435522e-01 5.000000e-02 2.700740e-01 6.982442e-01 3.465742e-01 1.069007e-01 5.561338e-01 4.770644e-01 2.090566e-01 1.580147e-01 2.811264e-01 3.109655e-01 4.488727e-01 1.452731e-01 5.000000e-02
<GCONST> 8.642081e+01
<STATE> 6
<MEAN> 39
 -1.230329e+01 -1.097075e+01 -5.503222e-02 -2.691411e+01 -1.035345e+01 -1.322491e+01 1.194159e-01 -4.702974e-01 7.187346e+00 -8.013490e-01 -1.690277e+00 -6.462396e+00 8.832894e-01 3.296745e-01 -2.586168e+00 1.575733e+00 -1.255287e+00 -2.600616e+00 1.029940e+00 1.782297e+00 1.578199e+00 2.709844e+00 3.043180e+00 1.240577e-01 -1.002865e+00 7.159267e-02 -4.336831e-01 9.130051e-01 -2.045283e-01 8.073356e-01 1.347110e+00 4.282414e-01 -6.521159e-02 2.223154e-01 -3.258521e-01 1.384575e-01 3.995678e-01 5.236758e-01 -2.281642e-02
<VARIANCE> 39
 8.341555e+00 9.312649e+00 3.798222e+01 4.484241e+00 1.173853e+01 2.867632e+01 2.077120e+01 2.066822e+01 1.363415e+01 1.566030e+00 3.747214e+01 3.388142e-01 5.000000e-02 2.590236e-01 5.844690e-01 1.010195e+00 1.534565e+00 2.523273e+00 9.264778e-01 4.405054e-01 2.775607e+00 3.968168e-01 1.778738e+00 7.841039e-01 2.887230e-01 5.000000e-02 1.866245e-01 3.936775e-01 1.941583e-01 1.127790e-01 5.000000e-02 1.341069e-01 3.300665e-01 3.374681e-01 1.751094e-01 4.167053e-01 4.606203e-01 5.993830e-02 5.000000e-02
<GCONST> 6.759148e+01
<STATE> 7
<MEAN> 39
 -1.277278e+01 -1.063905e+01 2.342178e+00 -2.811021e+01 -1.220299e+01 -1.185353e+01 9.614851e-01 8.443246e-01 9.664999e+00 3.090510e+00 -2.658039e+00 -6.081036e+00 9.552547e-01 -1.011025e-01 -5.175608e-01 7.996958e-01 -1.775712e-01 -8.273317e-01 2.100064e-01 6.129065e-01 1.939324e-01 1.699410e+00 2.375128e+00 7.678035e-01 1.289366e-01 3.702911e-02 -1.251471e-01 7.132218e-01 -5.809054e-01 5.327175e-01 7.759839e-01 -8.253266e-02 -3.231507e-01 -4.236163e-01 -4.788165e-01 -7.144576e-01 2.659613e-01 2.590596e-01 -1.987901e-02
<VARIANCE> 39
 5.958253e+00 1.012896e+01 2.219596e+01 8.174903e+00 1.692564e+01 2.922781e+01 1.831205e+01 4.326028e+01 4.498847e+00 5.352204e+00 1.418851e+01 2.833886e+00 5.000000e-02 8.280591e-01 4.100508e-01 2.985814e-01 1.000301e+00 9.803692e-01 1.048025e+00 1.596654e+00 2.837821e+00 1.095688e+00 9.735862e-01 1.172963e+00 5.572155e-01 5.000000e-02 6.552260e-02 3.757425e-01 8.573042e-02 1.203101e-01 3.262925e-01 8.397185e-02 2.910315e-01 3.088180e-01 1.107049e-01 4.712065e-01 2.413052e-01 8.695496e-02 5.000000e-02
<GCONST> 6.953172e+01
<STATE> 8
<MEAN> 39
 -1.083854e+01 -1.094153e+01 1.501575e+00 -2.494430e+01 -1.460818e+01 -1.545237e+01 6.400114e-01 -2.762947e+00 1.190260e+01 5.002959e+00 1.595244e+00 -6.414099e+00 9.885741e-01 2.450986e-01 -2.422075e-01 1.678025e-01 3.836368e-02 -4.640248e-01 3.189315e-01 6.198577e-01 -1.963958e-01 1.006087e+00 1.027779e-02 -2.581024e-01 -3.842206e-01 3.742336e-03 2.962385e-02 1.056565e-01 -2.408587e-01 -2.558897e-01 3.735131e-01 2.163822e-01 2.045543e-01 2.001636e-01 -5.103157e-01 -9.831571e-01 -5.618855e-01 6.404066e-02 -1.547352e-02
<VARIANCE> 39
 8.763824e+00 4.092299e+00 2.809571e+01 6.619560e+00 1.495356e+01 3.966958e+01 1.724566e+01 6.422441e+01 4.060448e+00 6.170235e+00 9.581250e+00 1.124223e+01 5.000000e-02 4.796197e-01 4.627295e-01 1.141583e+00 8.662941e-01 4.879072e-01 4.507580e-01 2.311951e+00 1.656890e+00 5.378491e-01 7.148005e-01 1.636186e+00 5.690233e-01 5.000000e-02 7.161339e-02 1.107359e-01 1.352030e-01 1.266973e-01 8.369014e-02 1.222566e-01 5.275015e-01 6.229297e-01 3.021752e-01 2.242765e-01 2.398919e-01 2.047624e-01 5.000000e-02
<GCONST> 6.977177e+01
<STATE> 9
<MEAN> 39
 -1.288758e+01 -1.231098e+01 1.913114e+00 -2.696624e+01 -1.664093e+01 -7.319121e+00 1.071498e+00 -4.977106e-01 1.365721e+01 1.799829e+00 -2.835701e+00 -7.772938e+00 9.709808e-01 1.485446e-01 -9.060477e-02 -4.901572e-01 -3.139155e-01 -2.627757e-01 1.252247e+00 3.824876e-01 4.129314e-01 -7.101790e-01 -1.944100e+00 -6.471767e-01 5.131278e-02 -1.852980e-02 2.218266e-01 1.024509e-01 7.191839e-02 2.748697e-02 2.046527e-01 3.171314e-03 -4.952149e-01 -3.534079e-01 -8.795403e-01 -3.988428e-01 -2.278407e-01 1.597115e-01 -6.822778e-03
<VARIANCE> 39
 3.053209e+00 3.578595e+00 7.067404e+00 6.678997e+00 2.854059e+01 5.020060e+01 2.214936e+01 2.488985e+01 3.563192e+00 7.554587e+00 1.009752e+01 4.914767e+00 5.000000e-02 2.075444e-01 2.827420e-01 5.402231e-01 1.078514e+00 8.485186e-01 6.615334e-01 1.025676e+00 1.583157e+00 4.102917e-01 1.120448e+00 1.784480e+00 4.153195e-01 5.000000e-02 6.136177e-02 5.000000e-02 1.330456e-01 1.430214e-01 2.254142e-01 1.271421e-01 9.084326e-02 1.809003e-01 4.509993e-01 2.456285e-01 1.355071e-01 2.015623e-01 5.000000e-02
<GCONST> 6.195752e+01
<STATE> 10
<MEAN> 39
 -1.181500e+01 -1.130961e+01 8.393028e-01 -2.705829e+01 -1.442075e+01 -6.032097e+00 1.566708e+00 -9.994578e-01 9.891847e+00 -3.399793e+00 -2.691765e+00 -7.118042e+00 9.164507e-01 8.200280e-01 1.741276e-01 -1.091985e-01 -5.994084e-01 1.117495e+00 2.117663e-01 -1.144866e+00 -1.510418e+00 -2.497877e+00 -1.643840e+00 -1.441172e+00 3.739902e-01 -2.514331e-02 4.345390e-01 -1.470961e-01 -2.221623e-02 8.366645e-02 3.357663e-01 -2.918815e-01 -5.103796e-01 -4.120411e-01 -4.782426e-01 5.548153e-01 -2.924784e-01 1.839449e-01 -1.283115e-03
<VARIANCE> 39
 3.590933e+00 4.749913e+00 8.829063e+00 1.393509e+01 4.823750e+01 7.982873e+01 4.434546e+01 4.308171e+01 7.870626e+00 1.272703e+01 1.710429e+01 4.334669e+00 5.000000e-02 2.514027e-01 1.412231e-01 8.247979e-01 5.832485e-01 1.304986e+00 5.632894e-01 1.164453e+00 2.396000e+00 1.572812e+00 2.052622e+00 6.642414e-01 8.838292e-01 5.000000e-02 5.000000e-02 5.000000e-02 1.146445e-01 3.073353e-01 4.154933e-01 3.474853e-01 3.615595e-01 2.819260e-01 4.067648e-01 1.953796e-01 1.703192e-01 1.939200e-01 5.000000e-02
<GCONST> 7.285208e+01
<STATE> 11
<MEAN> 39
 -8.263456e+00 -1.248914e+01 1.054935e+00 -3.031385e+01 -1.028035e+01 -1.042208e+01 4.094947e-01 -2.300780e+00 2.843645e+00 -1.450802e+00 -6.171928e+00 -4.773198e+00 8.827029e-01 1.761182e+00 -4.875875e-01 -2.821925e-01 4.555031e-01 6.754492e-01 -6.240127e-02 -1.015715e+00 -1.036565e+00 -2.220673e+00 -1.683895e-01 -1.789643e+00 1.174876e+00 -2.535328e-02 2.652268e-01 -1.085841e-01 -1.794098e-01 5.339208e-01 -3.525161e-01 8.662881e-02 3.447412e-02 -2.764162e-02 4.165300e-01 1.082575e-01 -2.951713e-02 1.585112e-01 1.636830e-04
<VARIANCE> 39
 7.510076e+00 7.094002e+00 1.044127e+01 6.061054e+00 1.145079e+01 5.171876e+01 3.608805e+01 5.127890e+00 1.381690e+01 1.751599e+01 1.607794e+01 6.351539e+00 5.000000e-02 2.442933e-01 7.062987e-02 7.387839e-01 1.874894e+00 2.854129e+00 2.110956e+00 3.008817e+00 9.693817e-01 2.391370e+00 1.823653e+00 3.384563e-01 1.689189e+00 5.000000e-02 9.380306e-02 5.000000e-02 7.465111e-02 2.468154e-01 3.896070e-01 2.245216e-01 6.268880e-01 4.701231e-01 1.950215e-01 3.621899e-01 2.187117e-01 5.000000e-02 5.000000e-02
<GCONST> 7.239845e+01
<STATE> 12
<MEAN> 39
 -3.955787e+00 -1.293413e+01 -1.532055e-01 -2.583573e+01 -1.127988e+01 -9.396766e+00 3.176461e-01 -6.025901e+00 5.448319e-01 -3.470952e+00 -1.106046e+01 -1.347313e+00 8.014417e-01 2.096453e+00 -5.318696e-01 -4.871566e-01 1.280148e+00 -4.114777e-01 9.404235e-01 -1.028841e+00 -1.518337e+00 -1.104402e+00 -5.567971e-01 -1.566180e+00 1.052057e+00 -2.571163e-02 4.851732e-02 -1.561876e-01 1.136914e-01 -4.981121e-02 -5.087216e-01 2.878952e-01 -2.899403e-01 -2.245432e-01 6.124553e-01 3.741840e-02 5.043996e-01 -4.094762e-01 5.467494e-03
<VARIANCE> 39
 1.304205e+01 1.054783e+01 1.071108e+01 6.920902e+00 6.664616e+00 2.588218e+01 1.751188e+01 1.137155e+01 8.398456e+00 2.847235e+01 6.691027e+00 2.080399e+01 5.000000e-02 6.520619e-01 3.400838e-01 2.822853e-01 4.205883e-01 3.161900e+00 8.434537e-01 8.932730e-01 1.225005e+00 9.866867e-01 7.164527e-01 2.438073e+00 7.433348e-01 5.000000e-02 1.545355e-01 9.846292e-02 7.550535e-02 1.974571e-01 4.258699e-01 2.011761e-01 5.922492e-01 4.342552e-01 3.264582e-01 6.841652e-01 1.577816e-01 3.632671e-01 5.000000e-02
<GCONST> 7.389430e+01
<STATE> 13
<MEAN> 39
 -2.071580e+00 -1.411497e+01 -6.942121e-01 -2.559413e+01 -1.039070e+01 -8.632536e+00 -3.635655e+00 -8.575525e+00 1.035107e+00 -4.628235e+00 -1.329025e+01 -1.938624e+00 8.045815e-01 2.136497e+00 -9.289973e-01 -3.688423e-01 -2.623468e-03 -3.726467e-01 9.641901e-01 -1.102075e+00 -8.331552e-01 -5.845075e-01 -1.100908e+00 -5.591398e-01 6.879228e-01 -1.414660e-02 -1.785614e-01 -1.491247e-02 1.305158e-01 -3.768549e-01 -4.725156e-01 3.340825e-01 -1.083224e-02 3.365404e-01 1.099906e-01 -2.180802e-01 7.122252e-01 -4.279257e-02 3.142880e-03
<VARIANCE> 39
 1.701860e+01 6.031857e+00 3.840908e+00 1.197316e+00 1.849240e+01 5.800486e+01 2.426183e+01 1.225744e+01 1.425367e+01 1.163439e+01 6.186293e+00 2.964241e+01 5.000000e-02 4.851974e-01 5.848971e-01 1.728909e-01 8.358008e-01 2.021264e+00 2.045261e+00 1.554297e+00 1.040352e+00 4.787780e-01 2.970931e+00 2.203976e+00 1.032693e+00 5.000000e-02 1.344462e-01 5.000000e-02 5.000000e-02 1.068299e-01 4.079807e-01 2.309960e-01 1.160324e-01 1.912236e-01 1.054679e-01 2.616195e-01 1.905356e-01 4.138767e-01 5.000000e-02
<GCONST> 6.918825e+01
<STATE> 14
<MEAN> 39
 1.505800e+00 -1.546673e+01 -2.651090e-01 -2.636490e+01 -1.464628e+01 -2.918838e+00 -6.532324e+00 -1.036328e+01 6.429256e-02 -6.870916e+00 -9.428038e+00 -1.990003e+00 7.562540e-01 1.138351e+00 -6.182320e-01 -8.049237e-02 -1.079948e-01 -1.194622e+00 1.667467e+00 -6.103078e-01 -3.716997e-01 -1.100373e-01 -9.372032e-01 7.974997e-01 -2.816823e-01 -1.510982e-02 -5.381522e-01 1.151491e-01 1.305927e-01 1.508597e-01 2.352113e-01 4.607729e-02 3.968683e-01 4.115157e-01 5.152702e-01 4.242760e-01 3.699363e-02 -2.123062e-01 -2.210491e-03
<VARIANCE> 39
 5.085635e+00 2.411444e+00 5.468908e+00 4.622032e+00 3.066590e+01 1.997750e+01 2.461778e+01 7.187357e+00 4.446126e+00 2.338731e+01 5.683329e+00 5.531703e+00 5.000000e-02 9.050925e-01 2.110868e-01 3.851466e-01 3.932163e-01 2.177970e+00 1.203042e+00 2.980436e+00 1.660834e+00 8.331997e-01 2.062836e+00 6.864012e-01 3.014393e+00 5.000000e-02 5.979022e-02 6.324814e-02 1.114201e-01 1.880911e-01 5.003091e-01 2.197779e-01 1.220194e-01 9.948013e-02 1.608847e-01 2.628917e-01 2.333108e-01 3.121867e-01 5.000000e-02
<GCONST> 6.655645e+01
<STATE> 15
<MEAN> 39
 3.000554e+00 -1.662877e+01 -2.710500e+00 -2.440118e+01 -1.657922e+01 -1.980724e+00 -8.407987e+00 -1.102113e+01 7.007026e-01 -8.447062e+00 -1.064668e+01 -1.094988e+00 7.233843e-01 8.468024e-02 -3.441497e-01 -2.316589e-02 8.077192e-01 -2.358310e-01 7.386726e-01 -1.356004e-01 3.675066e-01 8.024541e-01 4.365528e-01 1.671402e-01 -1.935068e-01 -2.003867e-02 -3.343994e-01 4.025765e-01 1.981989e-01 2.954834e-01 4.383833e-01 -6.805452e-01 6.139761e-01 2.591796e-01 1.823096e-01 6.284570e-01 9.119111e-02 5.867515e-02 -5.096521e-03
<VARIANCE> 39
 2.460168e+00 2.100196e+00 4.098219e+00 1.045918e+01 2.790204e+01 1.932924e+01 1.963073e+01 2.532099e+01 1.056152e+01 2.360935e+01 9.215801e+00 1.329359e+01 5.000000e-02 1.580528e-01 4.552599e-01 1.522273e+00 1.320178e+00 1.300452e+00 1.569106e+00 2.295387e+00 1.103422e+00 2.591284e+00 2.103272e+00 1.175180e+00 5.599904e-01 5.000000e-02 5.000000e-02 5.000000e-02 5.776008e-02 1.183005e-01 3.273031e-01 1.044247e-01 5.617147e-01 3.589771e-01 1.810542e-01 7.306816e-01 1.685489e-01 2.757893e-01 5.000000e-02
<GCONST> 7.085617e+01
<STATE> 16
<MEAN> 39
 1.955314e+00 -1.613330e+01 1.177532e+00 -2.413005e+01 -1.417126e+01 -1.468404e+00 -2.584429e+00 -7.596878e+00 2.267454e+00 -4.619753e+00 -9.800285e+00 -1.936028e+00 6.850361e-01 -8.069913e-02 7.459044e-01 2.406010e-01 1.514395e+00 2.467738e-01 -6.345632e-01 1.667271e-01 -7.284304e-02 5.429461e-01 1.120970e+00 4.949475e-01 1.739821e-01 -4.252871e-02 -7.443971e-02 2.653182e-01 -2.852905e-01 5.484114e-01 3.893991e-01 -5.736148e-01 -1.974872e-01 -1.432409e-01 -6.673927e-02 8.682884e-02 4.187650e-01 -3.732930e-02 -6.707486e-03
<VARIANCE> 39
 7.176216e+00 6.562270e+00 1.706617e+01 2.376666e+01 3.932488e+01 4.183104e+01 2.121976e+01 1.096891e+01 4.671259e+01 1.743445e+01 1.854885e+01 5.930882e+00 5.000000e-02 2.145984e-01 9.523162e-01 5.923496e-01 1.029333e+00 1.680815e+00 1.414789e+00 2.006489e+00 1.174552e+00 1.879648e+00 1.380857e+00 8.260671e-01 1.306463e+00 5.000000e-02 5.000000e-02 2.413530e-01 1.398702e-01 3.911975e-01 2.825189e-01 2.457956e-01 2.267598e-01 1.422831e-01 5.145451e-01 3.453330e-01 3.966779e-01 2.772718e-01 5.000000e-02
<GCONST> 8.011801e+01
<STATE> 17
<MEAN> 39
 2.994613e+00 -1.532105e+01 -1.451200e+00 -1.958418e+01 -1.616686e+01 -3.306146e+00 -4.635358e+00 -8.602167e+00 3.916118e+00 -4.839011e+00 -8.557765e+00 -1.571704e+00 6.095034e-01 -1.955284e-01 6.328012e-01 -2.826277e-01 1.802480e+00 1.263206e+00 -7.691859e-01 -3.767459e-03 9.094451e-02 4.281169e-01 7.460731e-01 1.368618e+00 2.911009e-01 -4.558370e-02 -9.663234e-02 1.626705e-01 3.833080e-02 4.373495e-02 4.038541e-01 1.104528e-01 -9.924600e-02 -4.728057e-02 -1.045075e-01 -6.969044e-02 4.165032e-01 1.554212e-01 -3.374500e-03
<VARIANCE> 39
 5.999890e+00 7.665014e+00 4.739201e+00 8.913879e+00 1.351459e+01 1.194761e+01 1.312905e+01 8.832954e+00 3.867727e+01 1.430285e+01 1.007051e+01 3.189072e+00 5.000000e-02 2.028713e-01 1.394735e+00 3.237015e-01 4.144691e+00 3.379811e+00 1.375881e+00 1.516001e+00 6.343598e-01 1.450091e+00 1.656205e+00 1.613438e+00 7.818846e-01 5.000000e-02 5.000000e-02 1.728619e-01 5.000000e-02 1.137828e-01 7.174286e-02 1.332938e-01 2.863880e-01 2.790017e-01 7.297397e-01 4.052559e-01 9.254386e-02 3.569339e-01 5.000000e-02
<GCONST> 6.979671e+01
<STATE> 18
<MEAN> 39
 9.880925e-01 -1.178526e+01 -6.076430e-01 -1.412499e+01 -7.668694e+00 -5.307772e+00 -4.617403e+00 -8.446832e+00 4.231976e+00 -8.207206e-01 -2.872363e+00 -1.085832e+00 4.904079e-01 -1.662363e-01 6.115989e-01 2.007622e-01 1.674752e+00 1.393683e+00 9.918020e-02 5.103292e-01 2.891826e-01 5.382434e-01 5.288828e-01 1.712512e+00 -3.549453e-01 -3.234942e-02 -1.030521e-01 -2.252843e-01 1.505068e-01 -4.985736e-01 -3.522013e-01 2.627932e-01 3.423579e-01 4.870223e-01 -5.336548e-03 -3.888044e-01 -5.254584e-01 -2.138543e-01 4.088155e-03
<VARIANCE> 39
 7.574340e+00 9.119694e+00 1.224175e+01 4.623335e+01 1.695276e+01 1.186425e+01 1.158272e+01 4.168344e+00 2.262022e+01 1.961478e+01 2.767510e+01 3.796847e+00 5.000000e-02 1.784095e-01 6.867158e-01 4.238812e-01 1.388414e+00 1.352447e+00 1.224538e+00 1.275218e+00 2.086770e+00 3.652111e+00 8.401784e-01 1.611415e+00 1.385735e+00 5.000000e-02 6.110958e-02 2.499260e-01 5.000000e-02 4.741371e-01 4.386552e-01 3.191561e-01 1.592099e-01 1.875485e-01 2.144917e-01 3.429127e-01 4.173804e-01 1.138285e-01 5.000000e-02
<GCONST> 7.491502e+01
<STATE> 19
<MEAN> 39
 1.994150e+00 -1.365940e+01 -4.931982e-01 -1.716768e+01 -1.108415e+01 -4.447386e+00 -4.692644e+00 -6.608154e+00 3.508284e+00 -4.297368e+00 -4.336610e+00 -1.833021e+00 5.317940e-01 -3.827933e-01 6.176675e-01 2.937962e-01 1.124233e+00 5.381353e-01 2.098707e-01 1.419222e+00 1.882752e+00 7.593763e-01 1.210945e-01 8.881131e-01 -3.101438e-02 -3.902628e-02 -9.618445e-02 3.100353e-01 5.382467e-03 6.623700e-02 1.607983e-01 -1.542547e-01 -4.702039e-02 7.060806e-02 -1.211106e-01 8.219310e-02 -1.654799e-01 7.348035e-02 -6.096376e-03
<VARIANCE> 39
 2.785841e+00 1.086189e+01 3.650352e+00 2.355613e+01 1.065961e+01 5.136930e+00 1.792145e+01 2.278968e+01 5.192166e+00 9.643188e+00 2.149362e+01 1.256210e+01 5.000000e-02 3.243995e-01 1.503569e+00 5.715136e-01 1.290692e+00 2.384456e+00 1.183385e+00 1.912431e+00 1.475777e+00 8.695795e-01 2.713369e+00 2.429295e+00 1.752777e+00 5.000000e-02 5.000000e-02 2.025963e-01 5.978902e-02 4.056123e-01 2.905125e-01 1.869172e-01 2.786398e-01 5.070168e-01 1.903402e-01 1.233353e-01 1.441675e-01 2.601106e-01 5.000000e-02
<GCONST> 7.322400e+01
<STATE> 20
<MEAN> 39
 -1.689369e+00 -1.042728e+01 -1.929637e-01 -1.057040e+01 -7.348390e+00 -5.158253e+00 -1.611946e+00 -5.647173e+00 5.079288e+00 -1.375047e+00 -4.934766e-01 -1.215041e+00 3.040175e-01 -8.980277e-01 5.438961e-01 1.224673e-01 9.434524e-01 7.220911e-01 -7.310836e-01 -4.545331e-02 7.338887e-01 -6.401655e-02 1.527429e-01 1.799617e-01 -3.157152e-01 -4.605228e-02 -5.438457e-02 -8.666478e-04 7.575774e-02 -3.186973e-02 -1.428974e-01 2.092968e-02 -1.792027e-01 -1.915178e-01 3.449599e-02 3.023487e-01 -8.225197e-02 -7.266976e-02 -3.114047e-04
<VARIANCE> 39
 1.030907e+01 7.009096e+00 8.939881e+00 1.384502e+01 1.913840e+01 3.248319e+00 1.069255e+01 1.537304e+01 8.763322e+00 8.916183e+00 1.126743e+01 1.214435e+01 5.000000e-02 4.720148e-01 1.792233e+00 2.665040e-01 9.867182e-01 1.476322e+00 2.152919e+00 9.447395e-01 1.489418e+00 7.432519e-01 1.502387e+00 9.252707e-01 4.043646e-01 5.000000e-02 8.939905e-02 1.746059e-01 1.600355e-01 8.866520e-02 3.859150e-01 1.363213e-01 4.287355e-01 5.134963e-01 1.128352e-01 2.407209e-01 3.257817e-01 2.965479e-01 5.000000e-02
<GCONST> 7.060358e+01
<STATE> 21
<MEAN> 39
 -1.740772e-01 -9.434117e+00 5.252613e-01 -1.238100e+01 -6.155535e+00 -5.832285e+00 -3.479824e+00 -1.999074e+00 6.174927e+00 -1.728111e+00 -3.126218e+00 -2.816609e+00 3.432598e-01 -6.713004e-01 1.259426e+00 6.144794e-01 9.920053e-01 5.297119e-01 -2.683151e-01 -5.272216e-01 -4.358241e-01 1.997910e-01 1.420658e+00 7.210024e-01 1.380399e-01 -5.102912e-02 -1.698491e-01 -2.227601e-01 -1.215354e-01 -6.295002e-02 -3.294006e-01 8.761112e-02 -1.550468e-01 -6.269797e-01 -2.626161e-01 1.533717e-02 2.486710e-01 2.046516e-01 -2.853802e-03
<VARIANCE> 39
 1.738552e+01 1.492369e+01 5.422664e+00 3.476364e+01 1.934579e+01 2.547760e+01 8.426681e+00 6.998263e+00 1.215408e+01 1.373597e+01 1.268384e+00 9.935689e+00 5.000000e-02 4.173049e-01 1.205636e+00 1.170917e+00 4.226278e-01 2.123804e+00 1.062332e+00 2.196372e+00 1.659859e+00 1.119570e+00 4.453386e-01 1.550465e+00 1.663283e+00 5.000000e-02 2.824836e-01 4.245085e-01 1.578119e-01 2.926148e-01 2.889634e-01 5.193430e-01 2.895521e-01 2.220560e-01 1.057749e-01 1.394842e-01 1.262206e-01 6.342154e-02 5.000000e-02
<GCONST> 7.350379e+01
<STATE> 22
<MEAN> 39
 -3.231608e+00 -8.086657e+00 6.226028e-01 -8.237479e+00 -6.436462e+00 -6.877493e+00 -2.061901e+00 -6.031022e+00 5.087022e+00 2.622801e+00 1.553297e+00 -1.257962e+00 1.996758e-01 -9.025519e-01 3.335884e-01 -1.002996e-01 6.254939e-01 2.222009e-01 2.088220e-01 -7.676793e-03 -4.380457e-01 -4.452837e-01 7.332938e-01 1.222445e+00 3.173041e-01 -4.413957e-02 5.685519e-02 -2.318512e-01 -1.094954e-01 -1.052931e-01 1.363624e-01 2.892940e-01 1.333403e-01 2.143961e-01 -1.459009e-01 -5.214215e-01 -1.079973e-01 9.344427e-02 4.371990e-03
<VARIANCE> 39
 9.022567e+00 3.456307e+00 1.786957e+01 1.456421e+01 1.636762e+01 1.772192e+01 1.191365e+01 4.151827e+00 4.305565e+00 5.260866e+00 6.965449e+00 9.846870e+00 5.000000e-02 1.405823e+00 8.724645e-01 6.146191e-01 6.009064e-01 1.087519e+00 7.563269e-01 4.359979e-01 8.808184e-01 4.382173e-01 3.784415e-01 1.204786e+00 3.141314e-01 5.000000e-02 1.867051e-01 1.610600e-01 2.770326e-01 1.805305e-01 4.222155e-01 2.600527e-01 4.668562e-01 2.947735e-01 1.262232e-01 7.160252e-02 1.479351e-01 1.285003e-01 5.000000e-02
<GCONST> 6.453738e+01
<STATE> 23
<MEAN> 39
 -3.892806e+00 -7.818548e+00 8.777047e-01 -8.748250e+00 -5.651887e+00 -5.507531e+00 -4.611840e+00 -6.594812e+00 3.406088e+00 4.360348e-01 1.059653e+00 -2.662861e+00 1.602209e-01 -1.029883e+00 -1.574026e-01 -2.450425e-01 9.767006e-01 7.036998e-01 6.106789e-01 7.735583e-01 5.666224e-01 -1.928445e-01 -5.248102e-01 3.902234e-01 3.203524e-01 -4.624151e-02 1.659870e-01 -3.041400e-01 -2.023434e-01 -1.486749e-01 1.461090e-01 2.845247e-02 3.497714e-01 5.855103e-01 4.398619e-02 -3.410161e-01 -3.157134e-01 -2.960271e-02 9.219286e-03
<VARIANCE> 39
 2.544250e+00 4.756330e-01 7.297593e+00 1.795563e+01 2.117857e+01 5.427546e+00 8.106668e+00 6.163774e+00 1.042095e+01 7.983094e+00 1.248368e+01 8.639296e+00 5.000000e-02 1.735467e+00 1.982405e-01 8.415317e-01 1.863653e+00 1.592056e+00 1.078533e+00 2.945110e+00 2.462171e+00 5.557168e-01 3.333354e-01 2.223183e-01 1.300261e-01 5.000000e-02 2.441570e-01 9.994664e-02 1.766045e-01 1.606921e-01 2.118670e-01 5.000000e-02 3.019348e-01 5.845308e-01 1.112511e-01 5.000000e-02 1.117238e-01 5.000000e-02 5.000000e-02
<GCONST> 5.825263e+01
<STATE> 24
<MEAN> 39
 -5.860097e+00 -9.071805e+00 2.435293e-01 -7.026461e+00 -3.491781e+00 -3.198724e+00 -1.002910e+00 -4.633521e+00 3.178742e+00 -6.713366e-01 7.830475e-01 -1.225542e+00 8.511605e-02 -4.150690e-01 -1.988494e-01 -2.253727e-01 4.051911e-01 6.329951e-01 5.097260e-01 1.097749e+00 1.232282e+00 4.501031e-01 1.767456e-01 5.996704e-02 2.062371e-01 -2.125221e-02 1.218884e-01 5.158425e-02 2.649759e-02 1.594032e-01 -9.815781e-03 -1.918169e-01 6.124488e-02 1.877877e-01 1.082291e-01 1.736390e-01 -4.055120e-02 -8.788813e-02 6.444284e-03
<VARIANCE> 39
 1.481862e+00 1.395722e+00 3.572407e+00 4.027821e+00 8.605859e+00 5.220950e+00 5.689750e+00 6.720264e+00 6.395019e+00 5.360760e+00 6.860388e+00 2.481773e+00 5.000000e-02 2.372328e-01 1.567375e-01 5.932089e-01 1.476882e+00 7.205403e-01 3.820331e-01 1.127497e+00 1.821702e+00 1.297773e+00 1.095911e+00 4.403672e-01 2.177950e-01 5.000000e-02 2.086060e-01 5.000000e-02 1.185859e-01 2.366223e-01 1.602205e-01 1.093527e-01 2.501678e-01 3.184385e-01 3.169726e-01 1.744497e-01 1.116763e-01 5.000000e-02 5.000000e-02
<GCONST> 5.112123e+01
<STATE> 25
<MEAN> 39
 -6.799198e+00 -9.280808e+00 -6.906851e-01 -5.848552e+00 -3.501604e+00 -4.546305e+00 2.042450e+00 2.182526e+00 7.362931e+00 2.310868e+00 2.750587e+00 4.454011e-01 3.301597e-02 1.182138e-01 -3.296481e-02 -2.854362e-01 5.368553e-01 2.585014e-01 -7.656789e-01 -1.505591e-01 7.519086e-01 -5.631714e-01 -9.072175e-02 1.307068e-01 4.664140e-02 -1.360478e-03 3.253336e-01 6.411081e-02 1.478436e-01 -2.727666e-01 -2.864169e-01 -2.472258e-01 -6.778062e-01 -1.097679e+00 -5.646441e-01 -3.017680e-01 -2.334891e-01 -1.897144e-01 1.103645e-02
<VARIANCE> 39
 1.056550e+00 6.534355e-01 2.956455e+00 8.009527e+00 8.706782e+00 7.489073e+00 3.309937e+00 3.152188e+00 5.768663e+00 6.111741e+00 5.801705e+00 1.632247e+00 5.000000e-02 6.827453e-01 2.176895e-01 5.668501e-01 5.700386e-01 6.319278e-01 2.599170e-01 1.143783e+00 2.337854e+00 1.403324e+00 3.580108e-01 4.361387e-01 3.041193e-01 5.000000e-02 5.000000e-02 5.000000e-02 1.415793e-01 8.002082e-02 8.682147e-02 1.191298e-01 1.380010e-01 2.196892e-01 7.268194e-02 9.121793e-02 7.980910e-02 5.000000e-02 5.000000e-02
<GCONST> 4.217083e+01
<STATE> 26
<MEAN> 39
 -4.586243e+00 -8.936716e+00 -7.019829e-01 -6.380224e+00 -3.360744e+00 -5.666259e+00 -7.450302e-01 -2.401201e+00 1.572416e+00 -5.257306e-01 1.514652e+00 -9.294150e-01 1.080690e-01 -4.553048e-02 -1.024859e-01 1.639335e-01 4.970121e-01 1.753573e-01 7.302075e-02 1.209515e-02 -1.305549e+00 -1.086490e+00 -7.308584e-01 -5.030642e-01 -3.031059e-01 -9.323046e-03 -2.090714e-01 2.119194e-02 -3.055858e-02 6.726084e-02 8.078727e-02 1.603466e-01 2.169682e-01 -1.694125e-01 1.670147e-01 -6.515072e-02 -5.073528e-02 2.269557e-02 -9.752692e-03
<VARIANCE> 39
 1.160295e+01 9.946398e-01 2.503659e+00 6.831852e+00 1.823124e+01 1.360696e+01 1.990630e+01 2.354224e+01 7.921730e+00 5.394429e+00 7.245508e+00 4.737207e+00 5.000000e-02 1.031872e+00 2.080774e-01 5.486306e-01 2.835647e-01 6.243603e-01 4.666626e-01 1.006899e+00 1.651358e+00 9.398700e-01 5.018421e-01 9.051803e-01 5.552428e-01 5.000000e-02 2.274062e-01 5.000000e-02 5.000000e-02 1.759920e-01 2.851391e-01 2.185788e-01 3.316498e-01 3.439599e-01 1.703762e-01 9.451564e-02 6.633990e-02 1.467666e-01 5.000000e-02
<GCONST> 5.844961e+01
<STATE> 27
<MEAN> 39
 -6.591447e+00 -9.210229e+00 -2.772131e-01 -3.206917e+00 -2.101063e+00 -5.141783e+00 6.287411e-01 -3.478417e+00 3.143542e+00 1.778222e-01 1.444475e+00 -1.846096e+00 1.710257e-02 -1.412811e-01 2.338225e-02 -1.111889e-01 6.221237e-01 3.805242e-01 -4.377787e-01 -6.895082e-02 -1.933456e-01 -3.929409e-01 -6.930823e-01 -2.716312e-01 -1.859549e-01 -1.493120e-02 2.425288e-02 -1.938744e-02 -1.915502e-02 -2.072967e-01 3.195873e-02 1.337153e-01 -8.833990e-03 3.621369e-01 1.498212e-01 3.623123e-03 4.208411e-02 5.875910e-02 5.033460e-03
<VARIANCE> 39
 4.600344e-01 1.845568e+00 8.508478e+00 3.024005e+00 4.407407e+00 4.068637e+00 1.321200e+01 8.878094e+00 4.710733e+00 5.092342e+00 6.475117e+00 7.527566e+00 5.000000e-02 4.868682e-01 7.121447e-02 3.445578e-01 1.141987e+00 1.691217e+00 1.540085e+00 2.123256e+00 8.307935e-01 1.906608e-01 2.985937e-01 8.686497e-01 5.858650e-01 5.000000e-02 5.000000e-02 5.000000e-02 2.268918e-01 5.836765e-02 1.419262e-01 9.113135e-02 1.837388e-01 2.569035e-01 1.510239e-01 1.888453e-01 2.302881e-01 8.782142e-02 5.000000e-02
<GCONST> 4.900335e+01
<TRANSP> 28
 0.000000e+00 1.000000e+00 0.000000e+00 0.000000e+00 0.000000e+00 0.000000e+00 0.000000e+00 0.000000e+00 0.000000e+00 0.000000e+00 0.000000e+00 0.000000e+00 0.000000e+00 0.000000e+00 0.000000e+00 0.000000e+00 0.000000e+00 0.000000e+00 0.000000e+00 0.000000e+00 0.000000e+00 0.000000e+00 0.000000e+00 0.000000e+00 0.000000e+00 0.000000e+00 0.000000e+00 0.000000e+00
 0.000000e+00 5.454517e-01 4.545483e-01 0.000000e+00 0.000000e+00 0.000000e+00 0.000000e+00 0.000000e+00 0.000000e+00 0.000000e+00 0.000000e+00 0.000000e+00 0.000000e+00 0.000000e+00 0.000000e+00 0.000000e+00 0.000000e+00 0.000000e+00 0.000000e+00 0.000000e+00 0.000000e+00 0.000000e+00 0.000000e+00 0.000000e+00 0.000000e+00 0.000000e+00 0.000000e+00 0.000000e+00
 0.000000e+00 0.000000e+00 5.000085e-01 4.999916e-01 0.000000e+00 0.000000e+00 0.000000e+00 0.000000e+00 0.000000e+00 0.000000e+00 0.000000e+00 0.000000e+00 0.000000e+00 0.000000e+00 0.000000e+00 0.000000e+00 0.000000e+00 0.000000e+00 0.000000e+00 0.000000e+00 0.000000e+00 0.000000e+00 0.000000e+00 0.000000e+00 0.000000e+00 0.000000e+00 0.000000e+00 0.000000e+00
 0.000000e+00 0.000000e+00 0.000000e+00 4.444519e-01 5.555481e-01 0.000000e+00 0.000000e+00 0.000000e+00 0.000000e+00 0.000000e+00 0.000000e+00 0.000000e+00 0.000000e+00 0.000000e+00 0.000000e+00 0.000000e+00 0.000000e+00 0.000000e+00 0.000000e+00 0.000000e+00 0.000000e+00 0.000000e+00 0.000000e+00 0.000000e+00 0.000000e+00 0.000000e+00 0.000000e+00 0.000000e+00
 0.000000e+00 0.000000e+00 0.000000e+00 0.000000e+00 4.444435e-01 5.555565e-01 0.000000e+00 0.000000e+00 0.000000e+00 0.000000e+00 0.000000e+00 0.000000e+00 0.000000e+00 0.000000e+00 0.000000e+00 0.000000e+00 0.000000e+00 0.000000e+00 0.000000e+00 0.000000e+00 0.000000e+00 0.000000e+00 0.000000e+00 0.000000e+00 0.000000e+00 0.000000e+00 0.000000e+00 0.000000e+00
 0.000000e+00 0.000000e+00 0.000000e+00 0.000000e+00 0.000000e+00 0.000000e+00 1.000000e+00 0.000000e+00 0.000000e+00 0.000000e+00 0.000000e+00 0.000000e+00 0.000000e+00 0.000000e+00 0.000000e+00 0.000000e+00 0.000000e+00 0.000000e+00 0.000000e+00 0.000000e+00 0.000000e+00 0.000000e+00 0.000000e+00 0.000000e+00 0.000000e+00 0.000000e+00 0.000000e+00 0.000000e+00
 0.000000e+00 0.000000e+00 0.000000e+00 0.000000e+00 0.000000e+00 0.000000e+00 4.476227e-01 5.523773e-01 0.000000e+00 0.000000e+00 0.000000e+00 0.000000e+00 0.000000e+00 0.000000e+00 0.000000e+00 0.000000e+00 0.000000e+00 0.000000e+00 0.000000e+00 0.000000e+00 0.000000e+00 0.000000e+00 0.000000e+00 0.000000e+00 0.000000e+00 0.000000e+00 0.000000e+00 0.000000e+00
 0.000000e+00 0.000000e+00 0.000000e+00 0.000000e+00 0.000000e+00 0.000000e+00 0.000000e+00 5.815329e-01 4.184671e-01 0.000000e+00 0.000000e+00 0.000000e+00 0.000000e+00 0.000000e+00 0.000000e+00 0.000000e+00 0.000000e+00 0.000000e+00 0.000000e+00 0.000000e+00 0.000000e+00 0.000000e+00 0.000000e+00 0.000000e+00 0.000000e+00 0.000000e+00 0.000000e+00 0.000000e+00
 0.000000e+00 0.000000e+00 0.000000e+00 0.000000e+00 0.000000e+00 0.000000e+00 0.000000e+00 0.000000e+00 4.993864e-01 5.006136e-01 0.000000e+00 0.000000e+00 0.000000e+00 0.000000e+00 0.000000e+00 0.000000e+00 0.000000e+00 0.000000e+00 0.000000e+00 0.000000e+00 0.000000e+00 0.000000e+00 0.000000e+00 0.000000e+00 0.000000e+00 0.000000e+00 0.000000e+00 0.000000e+00
 0.000000e+00 0.000000e+00 0.000000e+00 0.000000e+00 0.000000e+00 0.000000e+00 0.000000e+00 0.000000e+00 0.000000e+00 4.452101e-01 5.547900e-01 0.000000e+00 0.000000e+00 0.000000e+00 0.000000e+00 0.000000e+00 0.000000e+00 0.000000e+00 0.000000e+00 0.000000e+00 0.000000e+00 0.000000e+00 0.000000e+00 0.000000e+00 0.000000e+00 0.000000e+00 0.000000e+00 0.000000e+00
 0.000000e+00 0.000000e+00 0.000000e+00 0.000000e+00 0.000000e+00 0.000000e+00 0.000000e+00 0.000000e+00 0.000000e+00 0.000000e+00 5.001447e-01 4.998554e-01 0.000000e+00 0.000000e+00 0.000000e+00 0.000000e+00 0.000000e+00 0.000000e+00 0.000000e+00 0.000000e+00 0.000000e+00 0.000000e+00 0.000000e+00 0.000000e+00 0.000000e+00 0.000000e+00 0.000000e+00 0.000000e+00
 0.000000e+00 0.000000e+00 0.000000e+00 0.000000e+00 0.000000e+00 0.000000e+00 0.000000e+00 0.000000e+00 0.000000e+00 0.000000e+00 0.000000e+00 3.689095e-01 6.310905e-01 0.000000e+00 0.000000e+00 0.000000e+00 0.000000e+00 0.000000e+00 0.000000e+00 0.000000e+00 0.000000e+00 0.000000e+00 0.000000e+00 0.000000e+00 0.000000e+00 0.000000e+00 0.000000e+00 0.000000e+00
 0.000000e+00 0.000000e+00 0.000000e+00 0.000000e+00 0.000000e+00 0.000000e+00 0.000000e+00 0.000000e+00 0.000000e+00 0.000000e+00 0.000000e+00 0.000000e+00 3.812280e-01 6.187721e-01 0.000000e+00 0.000000e+00 0.000000e+00 0.000000e+00 0.000000e+00 0.000000e+00 0.000000e+00 0.000000e+00 0.000000e+00 0.000000e+00 0.000000e+00 0.000000e+00 0.000000e+00 0.000000e+00
 0.000000e+00 0.000000e+00 0.000000e+00 0.000000e+00 0.000000e+00 0.000000e+00 0.000000e+00 0.000000e+00 0.000000e+00 0.000000e+00 0.000000e+00 0.000000e+00 0.000000e+00 4.440413e-01 5.559587e-01 0.000000e+00 0.000000e+00 0.000000e+00 0.000000e+00 0.000000e+00 0.000000e+00 0.000000e+00 0.000000e+00 0.000000e+00 0.000000e+00 0.000000e+00 0.000000e+00 0.000000e+00
 0.000000e+00 0.000000e+00 0.000000e+00 0.000000e+00 0.000000e+00 0.000000e+00 0.000000e+00 0.000000e+00 0.000000e+00 0.000000e+00 0.000000e+00 0.000000e+00 0.000000e+00 0.000000e+00 4.442275e-01 5.557725e-01 0.000000e+00 0.000000e+00 0.000000e+00 0.000000e+00 0.000000e+00 0.000000e+00 0.000000e+00 0.000000e+00 0.000000e+00 0.000000e+00 0.000000e+00 0.000000e+00
 0.000000e+00 0.000000e+00 0.000000e+00 0.000000e+00 0.000000e+00 0.000000e+00 0.000000e+00 0.000000e+00 0.000000e+00 0.000000e+00 0.000000e+00 0.000000e+00 0.000000e+00 0.000000e+00 0.000000e+00 4.465683e-01 5.534317e-01 0.000000e+00 0.000000e+00 0.000000e+00 0.000000e+00 0.000000e+00 0.000000e+00 0.000000e+00 0.000000e+00 0.000000e+00 0.000000e+00 0.000000e+00
 0.000000e+00 0.000000e+00 0.000000e+00 0.000000e+00 0.000000e+00 0.000000e+00 0.000000e+00 0.000000e+00 0.000000e+00 0.000000e+00 0.000000e+00 0.000000e+00 0.000000e+00 0.000000e+00 0.000000e+00 0.000000e+00 4.424322e-01 5.575678e-01 0.000000e+00 0.000000e+00 0.000000e+00 0.000000e+00 0.000000e+00 0.000000e+00 0.000000e+00 0.000000e+00 0.000000e+00 0.000000e+00
 0.000000e+00 0.000000e+00 0.000000e+00 0.000000e+00 0.000000e+00 0.000000e+00 0.000000e+00 0.000000e+00 0.000000e+00 0.000000e+00 0.000000e+00 0.000000e+00 0.000000e+00 0.000000e+00 0.000000e+00 0.000000e+00 0.000000e+00 4.438522e-01 5.561478e-01 0.000000e+00 0.000000e+00 0.000000e+00 0.000000e+00 0.000000e+00 0.000000e+00 0.000000e+00 0.000000e+00 0.000000e+00
 0.000000e+00 0.000000e+00 0.000000e+00 0.000000e+00 0.000000e+00 0.000000e+00 0.000000e+00 0.000000e+00 0.000000e+00 0.000000e+00 0.000000e+00 0.000000e+00 0.000000e+00 0.000000e+00 0.000000e+00 0.000000e+00 0.000000e+00 0.000000e+00 2.867216e-01 7.132784e-01 0.000000e+00 0.000000e+00 0.000000e+00 0.000000e+00 0.000000e+00 0.000000e+00 0.000000e+00 0.000000e+00
 0.000000e+00 0.000000e+00 0.000000e+00 0.000000e+00 0.000000e+00 0.000000e+00 0.000000e+00 0.000000e+00 0.000000e+00 0.000000e+00 0.000000e+00 0.000000e+00 0.000000e+00 0.000000e+00 0.000000e+00 0.000000e+00 0.000000e+00 0.000000e+00 0.000000e+00 5.455454e-01 4.544546e-01 0.000000e+00 0.000000e+00 0.000000e+00 0.000000e+00 0.000000e+00 0.000000e+00 0.000000e+00
 0.000000e+00 0.000000e+00 0.000000e+00 0.000000e+00 0.000000e+00 0.000000e+00 0.000000e+00 0.000000e+00 0.000000e+00 0.000000e+00 0.000000e+00 0.000000e+00 0.000000e+00 0.000000e+00 0.000000e+00 0.000000e+00 0.000000e+00 0.000000e+00 0.000000e+00 0.000000e+00 3.749223e-01 6.250777e-01 0.000000e+00 0.000000e+00 0.000000e+00 0.000000e+00 0.000000e+00 0.000000e+00
 0.000000e+00 0.000000e+00 0.000000e+00 0.000000e+00 0.000000e+00 0.000000e+00 0.000000e+00 0.000000e+00 0.000000e+00 0.000000e+00 0.000000e+00 0.000000e+00 0.000000e+00 0.000000e+00 0.000000e+00 0.000000e+00 0.000000e+00 0.000000e+00 0.000000e+00 0.000000e+00 0.000000e+00 4.444644e-01 5.555356e-01 0.000000e+00 0.000000e+00 0.000000e+00 0.000000e+00 0.000000e+00
 0.000000e+00 0.000000e+00 0.000000e+00 0.000000e+00 0.000000e+00 0.000000e+00 0.000000e+00 0.000000e+00 0.000000e+00 0.000000e+00 0.000000e+00 0.000000e+00 0.000000e+00 0.000000e+00 0.000000e+00 0.000000e+00 0.000000e+00 0.000000e+00 0.000000e+00 0.000000e+00 0.000000e+00 0.000000e+00 2.849136e-01 7.150864e-01 0.000000e+00 0.000000e+00 0.000000e+00 0.000000e+00
 0.000000e+00 0.000000e+00 0.000000e+00 0.000000e+00 0.000000e+00 0.000000e+00 0.000000e+00 0.000000e+00 0.000000e+00 0.000000e+00 0.000000e+00 0.000000e+00 0.000000e+00 0.000000e+00 0.000000e+00 0.000000e+00 0.000000e+00 0.000000e+00 0.000000e+00 0.000000e+00 0.000000e+00 0.000000e+00 0.000000e+00 6.156434e-01 3.843566e-01 0.000000e+00 0.000000e+00 0.000000e+00
 0.000000e+00 0.000000e+00 0.000000e+00 0.000000e+00 0.000000e+00 0.000000e+00 0.000000e+00 0.000000e+00 0.000000e+00 0.000000e+00 0.000000e+00 0.000000e+00 0.000000e+00 0.000000e+00 0.000000e+00 0.000000e+00 0.000000e+00 0.000000e+00 0.000000e+00 0.000000e+00 0.000000e+00 0.000000e+00 0.000000e+00 0.000000e+00 2.823309e-01 7.176691e-01 0.000000e+00 0.000000e+00
 0.000000e+00 0.000000e+00 0.000000e+00 0.000000e+00 0.000000e+00 0.000000e+00 0.000000e+00 0.000000e+00 0.000000e+00 0.000000e+00 0.000000e+00 0.000000e+00 0.000000e+00 0.000000e+00 0.000000e+00 0.000000e+00 0.000000e+00 0.000000e+00 0.000000e+00 0.000000e+00 0.000000e+00 0.000000e+00 0.000000e+00 0.000000e+00 0.000000e+00 4.464601e-01 5.535399e-01 0.000000e+00
 0.000000e+00 0.000000e+00 0.000000e+00 0.000000e+00 0.000000e+00 0.000000e+00 0.000000e+00 0.000000e+00 0.000000e+00 0.000000e+00 0.000000e+00 0.000000e+00 0.000000e+00 0.000000e+00 0.000000e+00 0.000000e+00 0.000000e+00 0.000000e+00 0.000000e+00 0.000000e+00 0.000000e+00 0.000000e+00 0.000000e+00 0.000000e+00 0.000000e+00 0.000000e+00 2.857243e-01 7.142757e-01
 0.000000e+00 0.000000e+00 0.000000e+00 0.000000e+00 0.000000e+00 0.000000e+00 0.000000e+00 0.000000e+00 0.000000e+00 0.000000e+00 0.000000e+00 0.000000e+00 0.000000e+00 0.000000e+00 0.000000e+00 0.000000e+00 0.000000e+00 0.000000e+00 0.000000e+00 0.000000e+00 0.000000e+00 0.000000e+00 0.000000e+00 0.000000e+00 0.000000e+00 0.000000e+00 0.000000e+00 0.000000e+00
<ENDHMM>
