~o
<STREAMINFO> 1 39
<VECSIZE> 39<NULLD><MFCC_E_D_A><DIAGC>
~h "Chu"
<BEGINHMM>
<NUMSTATES> 28
<STATE> 2
<MEAN> 39
 -4.320395e+00 -6.864522e+00 6.467803e-01 -4.383123e-01 2.355175e+00 -3.936855e+00 2.231968e+00 -3.564854e+00 -2.047343e-01 -2.185760e+00 3.594850e+00 -1.537570e+00 5.399254e-02 -6.652933e-01 -5.320519e-02 9.963693e-02 -4.447460e-01 5.341440e-02 -1.466205e-01 -4.443707e-01 4.227175e-01 4.552491e-01 3.983971e-01 2.004283e-01 1.816862e-01 -2.330672e-03 -7.790961e-01 -1.610219e-02 -2.119051e-01 -1.404041e+00 -5.464486e-02 -1.218117e-01 -7.593055e-01 7.505352e-01 -3.465774e-03 -1.361464e-01 -1.976026e-01 4.310976e-02 3.002305e-02
<VARIANCE> 39
 9.520926e-01 4.089551e+00 5.939718e+00 3.597656e+00 3.294061e+00 9.440066e-01 6.234512e+00 9.567284e+00 1.888480e+01 1.004959e+01 9.834175e+00 4.651131e+00 5.000000e-02 6.041549e-01 2.181249e-01 3.847502e-01 1.247458e+00 4.963764e-01 9.736912e-01 8.280256e-01 7.956619e-01 6.198367e-01 5.895771e-01 9.751176e-01 8.943775e-01 5.000000e-02 1.180797e-01 6.229501e-02 6.826515e-02 2.703599e-01 8.939293e-02 2.533839e-01 1.663585e-01 5.000000e-02 1.277939e-01 5.957143e-02 1.148013e-01 6.472051e-02 5.000000e-02
<GCONST> 4.909290e+01
<STATE> 3
<MEAN> 39
 -5.138855e+00 -7.334116e+00 -3.479646e-01 -1.119725e+00 1.694068e+00 -5.243887e+00 1.753535e+00 -6.940218e-01 1.722909e+00 -1.252622e+00 4.477276e+00 -2.143502e+00 3.541254e-02 -2.724995e+00 -2.359984e-02 -7.084196e-01 -5.084606e+00 5.749901e-01 -3.526913e-01 -2.313910e+00 2.507910e+00 -3.563863e-01 -2.609820e-01 -7.703286e-02 1.195070e-01 1.227233e-01 -3.415283e-01 1.986060e-02 2.912138e-02 -1.490678e+00 -6.303939e-01 -5.579853e-01 -1.091370e-01 -1.264684e-01 -4.505854e-01 1.295863e-01 -5.356109e-01 -1.744312e-01 5.072824e-02
<VARIANCE> 39
 3.270559e+00 4.908978e+00 2.033927e+00 4.269266e+00 6.036610e+00 1.277586e+01 3.459225e+00 1.104860e+01 9.203305e+00 1.154422e+01 5.646056e+00 4.683342e+00 5.000000e-02 9.337579e-01 2.667208e-01 5.548863e-01 1.983169e+00 1.244926e+00 1.894891e+00 1.729438e+00 2.143480e-01 1.433060e+00 8.613676e-01 7.224840e-01 3.968972e-01 5.000000e-02 2.005700e-01 1.123618e-01 5.000000e-02 1.197507e-01 3.982148e-01 3.709841e-01 2.180740e-01 2.210433e-01 7.733832e-02 2.067560e-01 2.064150e-01 1.579244e-01 5.000000e-02
<GCONST> 5.967519e+01
<STATE> 4
<MEAN> 39
 -1.533603e+01 -7.068756e+00 -1.581943e+00 -2.116645e+01 3.973519e+00 -5.201936e+00 -7.721531e+00 5.775516e+00 -1.493858e+00 -3.668163e+00 2.311562e+00 -7.587861e-01 5.397835e-01 -1.601480e+00 -2.531167e-01 1.777548e-01 -5.620044e+00 -2.817325e+00 -2.279671e+00 -6.071035e-01 -3.150808e-02 -1.057682e+00 1.055936e+00 -1.766386e+00 -5.334119e-01 1.765276e-01 1.671289e+00 -1.059255e+00 -5.895993e-02 1.566402e+00 -1.129331e+00 -1.292107e+00 1.614883e+00 -7.869856e-01 5.081154e-02 8.239111e-01 -3.136026e-01 2.281847e-01 -1.108767e-02
<VARIANCE> 39
 9.273335e+00 4.824409e+00 1.257265e+01 9.524021e+00 2.703486e+01 3.074154e+01 1.815412e+01 1.407271e+01 2.384628e+01 1.265702e+01 1.029350e+01 6.137775e+00 5.000000e-02 2.587573e+00 1.210403e+00 4.661998e-01 1.368194e+00 3.954097e+00 4.117414e+00 2.468629e+00 1.284167e+00 9.001732e-01 2.227721e+00 8.123692e-01 9.185762e-01 5.000000e-02 1.641705e-01 1.909603e-01 8.451334e-02 5.220698e-01 3.302622e-01 8.464640e-02 3.847606e-01 1.516899e-01 2.821219e-01 4.642126e-01 1.615954e-01 2.625374e-01 5.000000e-02
<GCONST> 8.024232e+01
<STATE> 5
<MEAN> 39
 -1.034124e+01 -9.256226e+00 2.543620e-01 -2.192435e+01 -9.491072e+00 -1.410383e+01 2.881904e-01 -1.793228e-01 -2.559329e+00 3.747813e+00 -1.508666e+00 -3.760379e+00 7.485473e-01 3.355404e+00 -4.007305e+00 -8.834602e-01 8.684335e-01 -2.956380e+00 -4.935264e+00 3.598626e+00 -1.508188e-01 1.193697e-01 2.675601e+00 -1.479364e+00 9.740041e-01 8.319256e-02 6.574972e-01 -6.184712e-01 -8.126352e-01 1.746629e+00 1.736358e+00 3.440197e-01 2.449327e-01 6.594970e-01 1.096126e+00 -3.222683e-01 -5.541704e-01 1.755001e-01 -3.362766e-02
<VARIANCE> 39
 3.054183e+01 2.412344e+01 1.589472e+01 7.155087e+00 4.625328e+01 5.591944e+01 1.598359e+01 8.748421e+00 1.144171e+01 2.007875e+01 6.243023e+00 2.020251e+01 5.000000e-02 2.458763e-01 1.008727e+00 7.836342e-01 1.040579e+00 3.104795e+00 6.150570e-01 1.420889e+00 2.303267e+00 5.312244e-01 3.515838e+00 6.774365e-01 1.709178e+00 5.000000e-02 6.321800e-01 4.371403e-01 1.035551e-01 3.655342e-01 6.652250e-01 8.166256e-01 7.071841e-01 1.073260e-01 1.855325e-01 4.268590e-01 1.970398e-01 5.765840e-01 5.000000e-02
<GCONST> 8.564480e+01
<STATE> 6
<MEAN> 39
 -3.410940e+00 -2.072247e+01 -3.851253e+00 -1.869717e+01 -6.679123e+00 -2.429930e+01 5.044970e+00 4.115929e+00 -8.053052e-01 6.551691e+00 -3.789044e+00 2.689679e+00 8.627653e-01 1.388837e+00 -2.758517e+00 -2.720704e+00 1.436837e+00 3.223615e+00 -1.316023e+00 5.664808e-01 2.010914e+00 3.249044e+00 4.217298e-01 -3.719645e+00 4.289721e-01 4.449813e-02 -1.158186e+00 1.365304e+00 -3.301067e-01 -5.298266e-01 1.873850e+00 2.137660e+00 -1.108685e+00 -8.528764e-02 8.800418e-01 -3.433846e-01 -5.108221e-01 -1.183710e+00 -1.549311e-02
<VARIANCE> 39
 9.115418e+00 2.612072e+00 8.067918e+00 9.090954e+00 3.258989e+01 5.250290e+01 1.544678e+01 9.096105e+00 1.625045e+01 2.528320e+01 1.112451e+01 5.139854e+00 5.000000e-02 1.129691e+00 1.931603e+00 9.134724e-01 6.845435e-01 1.685586e+00 2.426527e+00 1.473369e+00 6.368376e-01 1.281599e+00 8.480361e-01 6.952463e-01 4.019370e+00 5.000000e-02 5.000000e-02 1.532038e-01 1.513773e-01 2.847478e-01 5.028178e-01 2.024619e-01 2.551731e-01 3.238731e-01 2.300609e-01 1.072502e+00 2.252348e-01 3.356100e-01 5.000000e-02
<GCONST> 7.860081e+01
<STATE> 7
<MEAN> 39
 -5.434126e+00 -2.015520e+01 -9.533775e+00 -1.636610e+01 -6.312926e-02 -1.891468e+01 2.852624e+00 7.112442e+00 7.261565e+00 4.269256e+00 -1.516551e+01 -1.630437e+00 9.039961e-01 -5.011907e-01 4.846407e-01 -2.491702e+00 -9.331791e-01 4.068748e+00 2.239554e+00 -3.238532e-01 -2.898383e-01 3.085852e+00 9.336225e-01 -3.630665e+00 -3.237578e+00 2.918269e-02 -3.833135e-01 1.176570e+00 4.815150e-01 -1.272572e+00 7.677201e-03 1.458140e+00 -1.709561e-01 -1.349351e+00 -6.763816e-01 9.023054e-01 1.385728e+00 -7.270376e-01 -9.051383e-03
<VARIANCE> 39
 7.193498e+00 4.146994e+00 5.783574e+00 3.002845e+00 2.410945e+01 3.178525e+01 1.643172e+01 7.435216e+00 2.671078e+01 1.528539e+01 1.791024e+01 1.375888e+01 5.000000e-02 1.493998e-01 7.164839e-01 6.591870e-01 1.558302e+00 3.301918e-01 1.794185e+00 1.111201e+00 1.730565e+00 2.149076e+00 4.281095e+00 2.450118e+00 1.169855e+00 5.000000e-02 1.665283e-01 1.960432e-01 1.435421e-01 5.982850e-02 5.833992e-01 2.424312e-01 3.986333e-01 1.061869e-01 5.715659e-01 2.106046e-01 5.861577e-01 5.543408e-01 5.000000e-02
<GCONST> 7.656227e+01
<STATE> 8
<MEAN> 39
 -5.404394e+00 -1.796304e+01 -1.270304e+01 -2.246590e+01 7.901232e+00 -1.601644e+01 3.809713e+00 3.541310e+00 1.102519e+01 9.666939e+00 -1.601182e+01 -1.043079e+01 9.587744e-01 -3.944563e-02 1.333715e+00 -7.756349e-01 -3.183017e+00 2.704836e+00 3.421348e+00 4.633439e-01 -2.849052e+00 7.777162e-01 3.868077e+00 1.177760e+00 -2.076393e+00 1.553028e-02 2.974564e-01 1.189219e-01 6.661245e-01 -3.730596e-01 -9.576973e-01 -2.967106e-03 2.916394e-01 -3.433123e-01 -1.348618e+00 1.702560e-01 1.938146e+00 1.599728e+00 -9.367798e-03
<VARIANCE> 39
 8.406646e+00 3.788909e+00 1.694254e+01 4.417967e+00 1.987653e+01 2.943383e+01 4.695280e+00 6.092081e+00 2.218051e+01 5.872720e+00 5.845555e+00 1.406116e+01 5.000000e-02 6.452908e-01 2.237246e-01 7.948238e-01 3.298257e-01 1.307646e+00 1.334726e+00 9.470480e-01 4.706644e-01 3.558686e+00 2.742634e-01 2.740681e+00 2.479281e+00 5.000000e-02 5.000000e-02 1.058210e-01 2.642980e-01 1.632415e-01 7.471257e-02 3.210641e-01 3.405609e-01 3.352427e-01 3.650180e-01 4.629656e-01 1.711900e-01 2.630081e-01 5.000000e-02
<GCONST> 6.867337e+01
<STATE> 9
<MEAN> 39
 -4.943022e+00 -1.586214e+01 -1.221452e+01 -2.786786e+01 1.006116e+01 -8.444360e+00 5.458417e+00 -3.041240e+00 9.097075e+00 1.754342e+01 -9.752466e+00 -8.558052e+00 9.635667e-01 5.791403e-01 1.020878e+00 -1.668912e-01 -2.056903e+00 6.020564e-01 2.562419e+00 3.472583e-01 -1.216347e+00 -1.402230e+00 1.597034e+00 3.064755e+00 2.074311e+00 -4.260438e-03 2.029539e-01 -1.684206e-01 2.318732e-01 4.555802e-01 -9.932814e-01 -7.569224e-01 -1.665139e-01 9.541057e-01 -7.614052e-01 -1.434378e+00 4.840292e-02 1.466803e+00 -8.396852e-03
<VARIANCE> 39
 7.281275e+00 2.024278e+00 6.203175e+00 1.122726e+01 1.392749e+01 1.869246e+01 1.145890e+01 1.359551e+01 1.894659e+01 4.511912e+00 2.050794e+01 1.216546e+01 5.000000e-02 4.401632e-01 3.063460e-01 1.194789e+00 4.732857e-01 1.207971e+00 2.360429e+00 1.676882e+00 1.765577e+00 1.839484e+00 1.228674e+00 1.424045e+00 2.578163e+00 5.000000e-02 8.811904e-02 6.431200e-02 1.684103e-01 5.000000e-02 1.148297e-01 3.312953e-01 1.121374e-01 1.665433e-01 4.402753e-01 1.062172e-01 5.408863e-01 1.845066e-01 5.000000e-02
<GCONST> 6.931064e+01
<STATE> 10
<MEAN> 39
 -3.173589e+00 -1.435711e+01 -1.261532e+01 -2.860695e+01 8.917355e+00 -4.752465e+00 4.028719e+00 -1.433545e+00 5.976199e+00 1.595690e+01 -4.065910e+00 -1.139284e+00 9.239365e-01 8.263541e-01 5.040026e-01 2.335124e-01 -1.369726e+00 -9.401371e-01 1.367703e-01 1.155794e-01 8.001515e-01 -2.122330e+00 -1.917648e+00 1.497583e+00 3.427838e+00 -1.445036e-02 -1.804095e-01 -1.640515e-01 2.197100e-01 8.022834e-02 -4.996010e-01 -1.111958e+00 -1.272056e-01 4.919147e-01 -1.315608e-01 -1.034097e+00 -7.694204e-01 1.107730e-01 -1.118999e-03
<VARIANCE> 39
 1.097632e+01 2.064689e+00 5.109312e+00 1.148318e+01 1.563673e+01 4.741765e+01 3.041198e+01 2.045657e+01 2.451955e+01 1.091643e+01 1.510539e+01 1.386257e+01 5.000000e-02 4.340921e-01 4.210980e-01 5.592493e-01 1.480317e-01 1.198509e+00 1.555197e+00 8.105924e-01 5.462828e-01 7.154571e-01 1.162911e+00 1.069931e+00 3.976183e-01 5.000000e-02 7.941835e-02 5.000000e-02 1.129879e-01 2.903773e-01 1.963059e-01 5.767151e-01 1.353810e-01 1.229404e-01 3.381380e-01 1.606919e-01 1.941247e-01 4.211972e-01 5.000000e-02
<GCONST> 6.780051e+01
<STATE> 11
<MEAN> 39
 -3.545717e+00 -1.350908e+01 -1.319754e+01 -3.334455e+01 7.346156e+00 -5.340613e+00 3.357296e+00 -9.987039e-01 1.953941e+00 1.224377e+01 -6.399161e+00 4.523662e+00 9.193149e-01 2.283545e-01 4.523803e-01 5.811513e-01 -1.209081e+00 -1.053372e+00 -3.183460e-01 -4.908106e-01 2.589991e-01 -2.507328e+00 -2.176947e+00 3.204159e-01 2.555030e+00 -2.391973e-02 -1.882084e-02 -1.931489e-01 1.544866e-01 3.654415e-01 -5.021164e-02 -3.872697e-01 -2.025388e-01 4.595157e-02 1.932494e-01 2.413368e-02 -1.231134e-01 -2.095658e-01 9.574792e-04
<VARIANCE> 39
 6.900518e+00 3.014854e+00 4.454401e+00 7.840972e+00 6.611462e+00 3.198196e+01 4.677924e+01 1.132403e+01 1.193431e+01 1.015245e+01 2.843171e+01 2.774130e+01 5.000000e-02 2.433050e-01 2.079760e-01 6.775200e-01 1.150542e+00 7.000270e-01 2.457264e+00 9.436370e-01 5.470843e-01 6.037111e-01 8.073595e-01 8.473896e-01 9.290338e-01 5.000000e-02 8.839063e-02 5.000000e-02 1.529903e-01 1.829891e-01 5.000000e-02 1.509608e-01 1.145402e-01 1.915936e-01 1.796671e-01 2.520781e-01 9.430113e-02 2.915599e-01 5.000000e-02
<GCONST> 6.367130e+01
<STATE> 12
<MEAN> 39
 -2.380927e+00 -1.269284e+01 -9.710363e+00 -3.387291e+01 4.202750e+00 -9.903300e+00 4.031841e+00 8.907616e-01 -1.969292e+00 7.260535e+00 -3.658579e+00 7.823506e+00 8.714122e-01 6.139197e-01 -1.375379e-01 2.982225e-01 -1.346190e-01 -1.129444e+00 -7.786506e-01 -7.092994e-01 1.035456e+00 -1.096578e+00 -8.883640e-01 8.356513e-01 2.810758e+00 4.036388e-03 2.995684e-01 -8.326642e-02 -5.148595e-01 5.844379e-01 -7.811673e-02 3.287998e-01 -1.925030e-02 1.125204e-01 4.988855e-01 7.347809e-01 3.453032e-02 -1.914967e-01 9.186300e-03
<VARIANCE> 39
 3.484526e+00 3.214824e+00 5.300466e+00 7.756023e+00 1.275043e+01 3.220137e+01 4.421053e+01 1.398413e+01 3.532625e+00 7.175405e+00 2.008482e+01 1.562983e+01 5.000000e-02 1.225136e+00 3.296846e-01 5.058836e-01 3.680270e+00 8.457565e-01 1.653739e+00 1.886712e-01 4.432566e-01 2.714532e-01 7.871781e-01 5.202173e-01 2.554269e+00 5.000000e-02 1.773114e-01 1.074102e-01 1.250447e-01 1.149545e-01 9.769778e-02 2.069093e-01 1.248386e-01 1.496884e-01 1.129187e-01 5.000000e-02 2.502493e-01 1.515600e-01 5.000000e-02
<GCONST> 6.202534e+01
<STATE> 13
<MEAN> 39
 2.163177e-01 -1.471969e+01 -1.138406e+01 -3.359991e+01 2.203121e+00 -9.632102e+00 2.344759e+00 2.072760e+00 -5.006938e+00 7.459111e+00 -6.787785e-01 1.571551e+01 9.107483e-01 1.219208e+00 2.013885e-01 -1.322117e+00 1.196499e+00 -1.677564e+00 6.319480e-03 -3.221532e-01 7.677224e-01 6.666123e-02 3.627051e-01 5.080106e-01 1.258649e+00 1.786029e-02 6.038708e-02 2.920437e-01 -1.762173e-01 5.267800e-01 -3.802946e-02 -1.438298e-01 3.208162e-01 2.072472e-01 7.358221e-01 2.362347e-01 -5.404982e-01 -1.679247e+00 -2.472288e-03
<VARIANCE> 39
 9.205673e+00 3.634799e+00 6.353899e+00 1.843364e+01 2.062972e+01 1.500719e+01 4.775239e+01 1.471487e+01 8.363523e+00 1.186024e+01 6.937482e+00 9.538198e+00 5.000000e-02 1.477863e+00 9.721639e-01 4.815439e-01 2.549480e+00 1.253330e+00 8.282498e-01 1.146200e+00 2.062896e+00 7.064040e-01 5.326824e-01 1.737758e+00 3.257676e+00 5.000000e-02 1.081721e-01 5.000000e-02 2.307808e-01 4.538763e-01 1.770513e-01 2.054047e-01 8.908008e-02 5.277538e-01 1.717592e-01 1.240083e-01 6.242617e-02 2.838270e-01 5.000000e-02
<GCONST> 7.253506e+01
<STATE> 14
<MEAN> 39
 2.398426e+00 -1.184014e+01 -1.447002e+01 -2.859231e+01 -3.034635e+00 -8.752770e+00 1.469978e+00 5.702427e+00 -1.789026e+00 8.196395e+00 -2.078095e+00 1.316726e+01 9.497287e-01 8.670115e-01 8.146685e-01 -7.688297e-01 1.714619e+00 -1.459620e+00 -1.160376e+00 5.274887e-01 2.137295e+00 1.711672e+00 1.770420e-01 -1.019158e+00 -2.576388e+00 -3.513138e-03 -2.244411e-01 -1.198848e-01 4.086091e-01 -2.765989e-01 6.996217e-01 -2.710386e-01 3.916510e-01 -7.297727e-02 -6.233572e-02 -4.732284e-01 -5.177393e-01 -9.924587e-01 -1.196001e-02
<VARIANCE> 39
 2.001604e+01 7.319443e+00 2.719455e+00 6.425695e+01 4.769937e+01 3.259716e+01 5.283410e+01 2.755464e+01 2.329883e+01 9.370552e+00 1.649947e+01 3.675850e+01 5.000000e-02 4.652306e-01 4.116592e-01 1.483958e+00 6.385282e-01 5.462215e-01 7.422743e-01 5.468845e-01 4.187736e+00 2.045906e+00 8.610018e-01 4.844411e-01 1.206765e+00 5.000000e-02 1.694596e-01 1.077786e-01 1.909067e-01 5.108420e-01 2.515520e-01 1.775259e-01 3.227657e-01 4.435782e-01 2.594160e-01 8.493537e-02 1.991711e-01 6.051036e-01 5.000000e-02
<GCONST> 8.020106e+01
<STATE> 15
<MEAN> 39
 2.489846e+00 -1.190239e+01 -1.316033e+01 -2.862328e+01 -1.020015e+00 -1.285024e+01 4.733739e+00 6.742883e+00 1.253750e+00 1.010457e+01 -3.672756e+00 8.845036e+00 9.056708e-01 6.659347e-01 2.537499e-01 2.933151e-01 9.579056e-01 7.722936e-02 -9.441519e-01 4.689444e-01 1.244339e+00 5.097692e-01 -8.675824e-01 -1.432812e+00 -2.542207e+00 -2.094305e-02 -2.389102e-01 -3.074369e-01 7.524586e-02 -4.205381e-01 3.277085e-01 4.037418e-01 -2.026496e-01 -5.218558e-01 -7.212611e-01 -7.167981e-01 -4.910580e-01 1.050306e-01 -7.648692e-03
<VARIANCE> 39
 9.749537e+00 2.480881e+00 5.590503e+00 1.513841e+01 3.232710e+01 3.943859e+01 7.315954e+01 5.085484e+01 1.737666e+01 2.039124e+01 1.639946e+01 1.141379e+01 5.000000e-02 2.043996e-01 1.674046e-01 1.166976e+00 1.098401e+00 6.702716e-01 1.745335e+00 8.106692e-01 4.594354e-01 9.728909e-01 7.893062e-01 3.869694e-01 1.790210e+00 5.000000e-02 5.000000e-02 9.241161e-02 1.141413e-01 1.016920e-01 5.440859e-01 3.635098e-01 3.886809e-01 8.911380e-01 2.100273e-01 7.983789e-02 1.638001e-01 1.960694e-01 5.000000e-02
<GCONST> 7.215916e+01
<STATE> 16
<MEAN> 39
 3.562929e+00 -1.184409e+01 -1.398980e+01 -2.685134e+01 -1.203140e+00 -1.211175e+01 4.760965e+00 9.917457e+00 -1.059368e+00 6.013008e+00 -6.150409e+00 4.495779e+00 8.712037e-01 2.065440e-01 -6.794294e-01 -3.130227e-01 -3.810991e-02 5.337027e-01 3.185852e-01 2.382555e-01 -7.977980e-01 -1.290592e+00 -2.221194e+00 -1.910300e+00 -1.472413e+00 -2.476305e-02 2.387329e-02 -1.421390e-01 -2.520887e-01 -1.094290e-01 2.045267e-03 3.041330e-01 -1.629000e-04 -9.791254e-01 -6.386442e-01 -3.187368e-01 3.687934e-01 6.683818e-01 7.630567e-04
<VARIANCE> 39
 1.259698e+01 8.790933e+00 1.822989e+01 2.086599e+01 4.093075e+01 3.413303e+00 2.711557e+01 2.778144e+01 2.928787e+01 1.559895e+01 1.394027e+01 4.633439e+00 5.000000e-02 7.133706e-02 2.526992e-01 9.163541e-01 4.354321e-01 4.356689e+00 1.999720e+00 3.703967e+00 1.902390e+00 2.107716e-01 3.997606e-01 3.993719e-01 8.210325e-01 5.000000e-02 5.000000e-02 7.891462e-02 3.289902e-01 1.717303e-01 2.796305e-01 1.038843e-01 8.264650e-02 2.522538e-01 1.246364e-01 2.159305e-01 1.905773e-01 1.968157e-01 5.000000e-02
<GCONST> 6.807224e+01
<STATE> 17
<MEAN> 39
 3.753115e+00 -1.367111e+01 -1.344348e+01 -2.921366e+01 1.221614e+00 -1.105286e+01 2.916632e+00 4.400876e+00 -3.495868e+00 1.523040e+00 -1.037275e+01 4.778840e+00 8.186545e-01 8.184901e-01 -9.784130e-02 -1.489519e+00 9.968427e-01 -4.951446e-01 1.266875e-01 5.838290e-01 -1.443407e+00 -1.662681e+00 -1.761362e+00 -2.116337e-01 -5.182808e-01 -1.491201e-02 1.947061e-01 3.085369e-01 -4.388549e-01 6.068079e-01 -4.789033e-01 1.904552e-01 5.814038e-03 -1.910332e-01 -5.018971e-02 2.104015e-01 9.028552e-01 -2.478598e-02 -1.113699e-03
<VARIANCE> 39
 1.007831e+01 9.110293e+00 1.970335e+01 1.731425e+01 2.537419e+01 5.754282e+00 4.309531e+01 2.022897e+01 2.065025e+01 9.393106e+00 5.247571e+00 1.639841e+01 5.000000e-02 2.021025e-01 5.468628e-01 1.127961e+00 2.376281e+00 1.892577e+00 1.225382e+00 7.019089e-01 1.451185e+00 3.653802e-01 9.844791e-01 1.492093e+00 4.087488e-01 5.000000e-02 5.000000e-02 1.081328e-01 3.089684e-01 1.861752e-01 7.573181e-01 1.042431e-01 5.610263e-01 1.779422e-01 1.523279e-01 6.002964e-02 8.463827e-02 2.592866e-01 5.000000e-02
<GCONST> 7.121227e+01
<STATE> 18
<MEAN> 39
 6.844923e+00 -1.252786e+01 -1.946798e+01 -2.301324e+01 -3.723854e+00 -1.066493e+01 6.398272e+00 2.662270e+00 -6.674578e+00 -5.873566e-01 -6.233535e+00 2.414850e+00 7.933940e-01 7.238377e-01 5.953873e-01 -8.992446e-01 1.485766e+00 -8.012383e-01 8.191766e-01 5.018479e-02 -1.249115e+00 -1.365170e+00 -1.130076e+00 1.399551e+00 -1.223652e+00 -3.009746e-02 -2.103329e-01 1.179653e-02 4.990655e-01 7.652542e-02 -8.060399e-02 2.478922e-01 -6.133599e-01 -9.283793e-02 6.059097e-01 1.556259e-01 2.748242e-01 -2.277311e-01 -1.105871e-02
<VARIANCE> 39
 8.146115e+00 4.804815e+00 4.574939e+00 2.864167e+01 2.478886e+01 8.427024e+00 1.773767e+01 9.470525e+00 2.731161e+01 9.178330e+00 2.175820e+01 8.254436e+00 5.000000e-02 5.058946e-01 6.062471e-01 1.615582e+00 1.148888e+00 3.186489e+00 2.793278e+00 1.808937e+00 1.061912e+00 8.662231e-01 9.231853e-01 3.864985e-01 1.075022e+00 5.000000e-02 5.000000e-02 1.364659e-01 1.168907e-01 7.137464e-01 3.340164e-01 3.064584e-01 1.009164e-01 1.185786e-01 3.510525e-01 2.779790e-01 3.719914e-01 1.307600e-01 5.000000e-02
<GCONST> 7.406061e+01
<STATE> 19
<MEAN> 39
 7.501161e+00 -1.083348e+01 -1.850084e+01 -2.145855e+01 -4.613584e+00 -9.453187e+00 3.611418e+00 3.539829e-01 -9.464666e+00 -3.295765e+00 -3.381600e+00 -1.045918e+00 7.106007e-01 1.166258e-01 3.237526e-01 7.772501e-02 1.830318e+00 -9.955624e-01 1.314175e+00 -1.641750e+00 -1.991660e+00 4.750174e-01 -1.053238e+00 9.806784e-01 -1.546147e+00 -6.034166e-02 -3.534252e-01 -5.457145e-02 7.359652e-01 2.408302e-01 5.304005e-01 1.994059e-01 -4.304525e-02 1.668847e-01 1.010188e+00 2.727630e-01 -1.135416e-01 4.089033e-01 -9.637416e-03
<VARIANCE> 39
 1.572456e+00 7.050727e+00 5.001153e+00 8.439158e+00 8.388563e+00 2.113100e+01 4.264328e+00 1.960663e+01 1.483550e+01 8.044318e+00 5.107985e+00 2.203892e+01 5.000000e-02 6.782289e-01 6.039025e-01 1.277035e+00 4.481283e+00 1.556143e+00 1.428271e+00 8.856595e-01 5.025057e-01 1.289366e+00 6.918031e-01 2.341119e+00 1.205664e+00 5.000000e-02 5.099942e-02 9.969722e-02 1.567385e-01 1.969829e-01 3.591312e-01 5.137309e-01 2.724212e-01 1.419982e-01 2.029949e-01 8.956110e-02 5.000000e-02 2.948110e-01 5.000000e-02
<GCONST> 6.778557e+01
<STATE> 20
<MEAN> 39
 6.640115e+00 -1.137037e+01 -1.779920e+01 -1.784811e+01 -4.468786e+00 -5.367048e+00 7.005053e-01 -3.950638e+00 -5.270167e+00 -4.471254e+00 -2.578674e+00 -1.744625e+00 5.789863e-01 -4.284325e-01 9.661717e-02 1.563491e+00 2.421578e+00 5.746695e-01 7.904328e-01 -5.274751e-01 -7.420959e-01 2.462857e+00 -7.360093e-03 1.293421e+00 -3.847880e-01 -6.466036e-02 -2.216015e-01 -3.097411e-02 4.278075e-01 5.069002e-02 3.044816e-01 -5.167166e-01 3.296573e-01 4.366792e-01 3.199399e-01 4.391851e-01 -5.515854e-02 3.246898e-01 1.611454e-03
<VARIANCE> 39
 1.414294e+00 4.478131e+00 7.631837e+00 6.981016e+00 9.278473e+00 8.723985e+00 1.125546e+01 9.953612e+00 1.382355e+01 1.230569e+01 1.786505e+01 1.024576e+01 5.000000e-02 1.959503e-01 5.558738e-01 3.831689e-01 1.555256e+00 8.912090e-01 1.530490e+00 5.591016e-01 9.654796e-01 1.172474e+00 1.438748e+00 4.666014e-01 2.585236e+00 5.000000e-02 5.000000e-02 6.792494e-02 2.094620e-01 4.774118e-01 2.365072e-01 3.301508e-01 1.993006e-01 1.512641e-01 2.494773e-01 2.287615e-01 2.817012e-01 2.996261e-01 5.000000e-02
<GCONST> 6.626470e+01
<STATE> 21
<MEAN> 39
 5.821844e+00 -1.155647e+01 -1.386284e+01 -1.317244e+01 -2.376585e+00 -5.738899e+00 2.698809e+00 -1.713389e+00 1.132055e+00 -4.332548e+00 -2.330077e+00 -2.445365e+00 4.948067e-01 -5.289766e-01 3.874991e-01 1.600404e+00 1.847760e+00 2.930050e-01 -5.835176e-01 -3.831809e-01 1.323331e-01 1.572424e+00 3.510677e-01 7.210741e-01 2.405574e-01 -5.016821e-02 -1.141418e-01 1.399620e-02 -2.377415e-01 -3.901266e-01 -1.248717e-01 -1.600252e-01 1.093450e-01 3.089204e-01 -5.424113e-01 2.574786e-01 -6.256143e-02 3.124954e-01 5.669371e-03
<VARIANCE> 39
 2.670259e+00 7.282146e+00 4.099557e+00 9.108296e+00 7.426876e+00 1.841713e+01 2.694229e+01 1.308453e+01 1.583702e+01 8.505950e+00 3.745027e+00 8.352033e+00 5.000000e-02 4.245927e-01 2.042181e-01 7.930449e-01 5.754033e-01 5.049394e-01 6.876308e-01 1.081473e+00 9.381046e-01 6.875672e-01 8.558311e-01 2.585565e-01 4.892838e-01 5.000000e-02 5.000000e-02 9.528686e-02 1.872806e-01 1.576135e-01 1.593664e-01 2.185086e-01 2.894935e-01 1.953052e-01 2.020969e-01 2.473758e-01 9.839341e-02 1.569922e-01 5.000000e-02
<GCONST> 5.927052e+01
<STATE> 22
<MEAN> 39
 3.926325e+00 -9.969727e+00 -1.095317e+01 -1.062628e+01 -3.696441e+00 -7.340994e+00 -8.889306e-01 -4.793665e+00 3.655057e-01 -2.830987e+00 1.303648e+00 -1.642456e+00 4.045207e-01 -9.037271e-01 -1.263343e-02 1.178738e+00 1.152466e+00 3.307739e-01 1.266935e-01 4.415778e-01 5.625618e-01 1.006290e+00 1.138975e+00 9.334067e-01 4.219507e-01 -4.057711e-02 -2.003792e-03 -1.101703e-01 -2.829384e-01 -4.721430e-01 3.918909e-02 2.345265e-01 2.966549e-01 4.503128e-01 -3.029736e-01 4.277672e-02 -5.964919e-02 2.691203e-02 4.691501e-03
<VARIANCE> 39
 4.494560e+00 1.143162e+01 1.730725e+01 3.700467e+00 1.321147e+00 7.573062e+00 2.318044e+01 1.045490e+01 8.594803e+00 1.264259e+01 2.001693e+00 4.801091e+00 5.000000e-02 2.861903e-01 2.369063e-01 1.515806e+00 4.725031e-01 1.353260e+00 1.756901e+00 1.763992e+00 1.539589e+00 9.582452e-01 1.241433e+00 8.222080e-01 2.617587e-01 5.000000e-02 1.405570e-01 6.689249e-02 2.575171e-01 2.297498e-01 1.554670e-01 2.209257e-01 3.261544e-01 4.340150e-01 1.208252e-01 3.127428e-01 9.361419e-02 8.320876e-02 5.000000e-02
<GCONST> 6.205980e+01
<STATE> 23
<MEAN> 39
 2.960640e+00 -9.821004e+00 -9.316114e+00 -8.628363e+00 -1.238750e+00 -6.093091e+00 2.295622e+00 -1.069309e+00 3.261304e+00 -4.600714e-01 2.179946e+00 -1.007716e+00 3.215387e-01 -7.021493e-01 1.654339e-01 7.866461e-01 4.673479e-02 3.834778e-01 4.791223e-01 4.451645e-01 1.206862e+00 2.984723e-01 -1.020661e-01 5.028701e-01 5.436695e-01 -3.471483e-02 2.958028e-03 2.187806e-02 -9.518673e-02 -2.760327e-01 -5.322090e-02 1.118235e-01 -1.036839e-01 -1.727732e-01 -4.566338e-01 -2.919357e-01 -1.243721e-01 -3.730148e-02 1.842577e-03
<VARIANCE> 39
 2.772819e+00 4.778399e+00 1.205754e+01 1.063995e+01 1.307249e+01 4.716154e+00 5.172066e+00 1.572066e+01 8.380345e+00 7.752092e+00 9.764756e+00 1.420356e+01 5.000000e-02 4.785463e-01 4.403056e-01 1.320876e+00 1.014014e+00 8.241569e-01 1.132988e+00 1.760463e+00 1.654136e+00 1.150354e+00 8.116627e-01 4.039986e-01 3.075247e-01 5.000000e-02 5.000000e-02 5.000000e-02 9.397732e-02 1.803581e-01 1.164948e-01 2.239386e-01 2.724723e-01 3.641525e-01 1.001181e-01 2.719954e-01 1.445730e-01 1.572722e-01 5.000000e-02
<GCONST> 6.192246e+01
<STATE> 24
<MEAN> 39
 1.627649e+00 -1.053199e+01 -9.574412e+00 -1.054913e+01 -2.156462e+00 -5.215360e+00 2.480940e+00 4.860138e-02 1.950473e+00 -2.655760e+00 2.741465e+00 1.087964e+00 2.687242e-01 -8.611647e-01 6.910726e-02 6.106129e-01 2.074416e-01 2.133188e-01 3.349927e-01 1.146938e-01 -2.605557e-01 -5.549658e-01 4.504550e-01 7.898123e-01 1.835273e-01 -3.864663e-02 1.711211e-03 1.851980e-01 1.771054e-01 1.984241e-01 -7.156044e-04 -4.975831e-02 -9.389841e-02 -5.226106e-01 -1.929512e-01 2.230128e-01 -3.640748e-02 -4.107066e-01 5.370234e-05
<VARIANCE> 39
 2.317172e+00 8.768537e+00 1.706147e+01 1.122207e+01 2.165653e+01 6.904372e+00 7.798322e+00 1.755777e+01 8.259452e+00 1.984778e+00 5.004970e+00 1.125730e+00 5.000000e-02 2.953783e-01 3.084640e-01 4.292181e-01 8.189738e-01 8.940299e-01 1.391835e+00 1.254042e+00 1.384855e+00 5.572329e-01 7.212004e-01 1.055440e+00 1.140093e+00 5.000000e-02 1.101573e-01 7.392448e-02 2.788776e-01 1.492779e-01 2.882992e-01 1.792392e-01 3.571279e-01 5.139725e-01 2.700019e-01 2.341633e-01 1.399344e-01 1.006203e-01 5.000000e-02
<GCONST> 6.234013e+01
<STATE> 25
<MEAN> 39
 2.395927e-01 -9.713449e+00 -7.903752e+00 -8.940146e+00 -1.016262e+00 -4.970711e+00 1.359990e+00 -2.482081e+00 1.458332e+00 1.563128e+00 5.493197e+00 -1.539173e-01 1.932345e-01 -6.084223e-01 7.447761e-01 1.369236e+00 9.860563e-01 2.336159e-01 3.363426e-01 7.353935e-02 -7.005886e-01 -2.657559e-01 9.166216e-01 3.575903e-01 -8.622134e-01 -3.273198e-02 -1.867186e-03 3.362530e-02 1.408011e-01 2.200700e-01 2.488919e-02 2.860165e-02 1.082275e-01 3.886378e-02 1.938113e-02 -4.721369e-01 -4.663190e-01 -2.295778e-01 2.530289e-03
<VARIANCE> 39
 5.148438e+00 5.513098e+00 1.260391e+01 4.211995e+00 7.469872e+00 1.710585e+01 1.041447e+01 1.108363e+01 5.294553e+00 6.040790e+00 3.584692e+00 5.782314e+00 5.000000e-02 8.082816e-01 4.177825e-01 3.451600e-01 4.494781e-01 5.452554e-01 7.570044e-01 8.196158e-01 1.826851e+00 9.386468e-01 1.046079e+00 9.625250e-01 9.222860e-01 5.000000e-02 6.196167e-02 5.000000e-02 1.250226e-01 2.173338e-01 1.434705e-01 5.148515e-01 2.929225e-01 3.468886e-01 1.460350e-01 6.304569e-02 1.085978e-01 9.533434e-02 5.000000e-02
<GCONST> 5.900286e+01
<STATE> 26
<MEAN> 39
 -1.027964e+00 -8.284846e+00 -4.539804e+00 -6.510571e+00 -9.325859e-01 -4.196721e+00 3.204596e+00 -2.063073e+00 -2.786426e-02 -2.109466e-01 3.124171e+00 -2.750121e+00 1.588800e-01 -9.985042e-01 1.108820e-01 8.989546e-01 8.310716e-01 2.074784e-01 1.734479e-01 2.135360e-01 -1.638846e-01 -6.073757e-01 -9.950559e-01 -4.821263e-01 -5.121396e-01 -3.539650e-02 -1.101923e-02 -1.293951e-01 -1.955348e-01 -1.296710e-01 2.543381e-02 -1.829822e-01 -6.785949e-02 4.255912e-01 2.411536e-01 -1.921742e-01 4.996145e-02 3.784709e-01 2.358779e-03
<VARIANCE> 39
 8.304080e+00 3.034886e+00 9.529356e+00 1.151024e+01 1.045744e+01 1.003082e+01 1.683487e+01 1.782829e+01 1.457543e+01 2.250782e+01 1.429963e+01 1.200760e+01 5.000000e-02 1.950637e-01 1.250522e-01 1.214008e+00 1.216928e+00 5.490885e-01 2.358782e+00 1.385605e+00 1.396494e+00 7.802660e-01 5.378282e-01 1.225488e+00 5.968825e-01 5.000000e-02 1.156003e-01 5.000000e-02 5.020259e-02 1.381226e-01 5.000000e-02 2.837643e-01 2.105526e-01 3.230763e-01 2.526832e-01 3.461862e-01 2.550571e-01 1.704098e-01 5.000000e-02
<GCONST> 6.568513e+01
<STATE> 27
<MEAN> 39
 -4.130820e+00 -9.000971e+00 -3.509449e+00 -5.625021e+00 -4.726328e-03 -2.770253e+00 3.377416e+00 -1.913920e+00 1.289243e-01 -4.090919e+00 1.756155e+00 -2.648164e+00 7.561752e-02 -8.649204e-01 3.484666e-02 6.967347e-01 7.499669e-01 6.459400e-01 -1.347028e-01 7.841314e-02 9.353051e-01 3.495711e-01 -7.585855e-01 -8.516978e-02 2.946853e-01 -2.392890e-02 3.048216e-01 -8.826908e-03 -2.836316e-01 -2.533680e-01 8.817858e-03 -2.734753e-01 -1.840694e-01 1.777609e-01 3.907959e-01 5.040979e-01 2.832159e-01 2.621946e-01 9.321911e-03
<VARIANCE> 39
 2.366186e+00 1.353129e+00 1.740772e+00 7.253160e+00 1.857166e+00 4.328989e+00 4.675657e+00 1.524842e+01 1.639921e+01 2.480440e+00 1.215083e+00 7.725317e+00 5.000000e-02 2.904176e-01 1.978471e-01 5.322000e-01 4.766768e-01 6.041894e-02 7.943151e-01 6.007396e-01 1.519925e+00 1.067967e+00 1.623919e+00 1.215186e+00 1.229522e+00 5.000000e-02 5.000000e-02 5.000000e-02 1.286586e-01 2.922944e-01 8.339266e-02 3.370632e-01 3.344490e-01 1.936632e-01 2.435132e-01 7.228343e-02 7.352857e-02 5.532936e-02 5.000000e-02
<GCONST> 4.715689e+01
<TRANSP> 28
 0.000000e+00 1.000000e+00 0.000000e+00 0.000000e+00 0.000000e+00 0.000000e+00 0.000000e+00 0.000000e+00 0.000000e+00 0.000000e+00 0.000000e+00 0.000000e+00 0.000000e+00 0.000000e+00 0.000000e+00 0.000000e+00 0.000000e+00 0.000000e+00 0.000000e+00 0.000000e+00 0.000000e+00 0.000000e+00 0.000000e+00 0.000000e+00 0.000000e+00 0.000000e+00 0.000000e+00 0.000000e+00
 0.000000e+00 4.999995e-01 5.000006e-01 0.000000e+00 0.000000e+00 0.000000e+00 0.000000e+00 0.000000e+00 0.000000e+00 0.000000e+00 0.000000e+00 0.000000e+00 0.000000e+00 0.000000e+00 0.000000e+00 0.000000e+00 0.000000e+00 0.000000e+00 0.000000e+00 0.000000e+00 0.000000e+00 0.000000e+00 0.000000e+00 0.000000e+00 0.000000e+00 0.000000e+00 0.000000e+00 0.000000e+00
 0.000000e+00 0.000000e+00 4.444443e-01 5.555556e-01 0.000000e+00 0.000000e+00 0.000000e+00 0.000000e+00 0.000000e+00 0.000000e+00 0.000000e+00 0.000000e+00 0.000000e+00 0.000000e+00 0.000000e+00 0.000000e+00 0.000000e+00 0.000000e+00 0.000000e+00 0.000000e+00 0.000000e+00 0.000000e+00 0.000000e+00 0.000000e+00 0.000000e+00 0.000000e+00 0.000000e+00 0.000000e+00
 0.000000e+00 0.000000e+00 0.000000e+00 5.000000e-01 5.000000e-01 0.000000e+00 0.000000e+00 0.000000e+00 0.000000e+00 0.000000e+00 0.000000e+00 0.000000e+00 0.000000e+00 0.000000e+00 0.000000e+00 0.000000e+00 0.000000e+00 0.000000e+00 0.000000e+00 0.000000e+00 0.000000e+00 0.000000e+00 0.000000e+00 0.000000e+00 0.000000e+00 0.000000e+00 0.000000e+00 0.000000e+00
 0.000000e+00 0.000000e+00 0.000000e+00 0.000000e+00 5.000000e-01 5.000000e-01 0.000000e+00 0.000000e+00 0.000000e+00 0.000000e+00 0.000000e+00 0.000000e+00 0.000000e+00 0.000000e+00 0.000000e+00 0.000000e+00 0.000000e+00 0.000000e+00 0.000000e+00 0.000000e+00 0.000000e+00 0.000000e+00 0.000000e+00 0.000000e+00 0.000000e+00 0.000000e+00 0.000000e+00 0.000000e+00
 0.000000e+00 0.000000e+00 0.000000e+00 0.000000e+00 0.000000e+00 3.750097e-01 6.249903e-01 0.000000e+00 0.000000e+00 0.000000e+00 0.000000e+00 0.000000e+00 0.000000e+00 0.000000e+00 0.000000e+00 0.000000e+00 0.000000e+00 0.000000e+00 0.000000e+00 0.000000e+00 0.000000e+00 0.000000e+00 0.000000e+00 0.000000e+00 0.000000e+00 0.000000e+00 0.000000e+00 0.000000e+00
 0.000000e+00 0.000000e+00 0.000000e+00 0.000000e+00 0.000000e+00 0.000000e+00 4.444352e-01 5.555648e-01 0.000000e+00 0.000000e+00 0.000000e+00 0.000000e+00 0.000000e+00 0.000000e+00 0.000000e+00 0.000000e+00 0.000000e+00 0.000000e+00 0.000000e+00 0.000000e+00 0.000000e+00 0.000000e+00 0.000000e+00 0.000000e+00 0.000000e+00 0.000000e+00 0.000000e+00 0.000000e+00
 0.000000e+00 0.000000e+00 0.000000e+00 0.000000e+00 0.000000e+00 0.000000e+00 0.000000e+00 3.750020e-01 6.249980e-01 0.000000e+00 0.000000e+00 0.000000e+00 0.000000e+00 0.000000e+00 0.000000e+00 0.000000e+00 0.000000e+00 0.000000e+00 0.000000e+00 0.000000e+00 0.000000e+00 0.000000e+00 0.000000e+00 0.000000e+00 0.000000e+00 0.000000e+00 0.000000e+00 0.000000e+00
 0.000000e+00 0.000000e+00 0.000000e+00 0.000000e+00 0.000000e+00 0.000000e+00 0.000000e+00 0.000000e+00 4.999475e-01 5.000525e-01 0.000000e+00 0.000000e+00 0.000000e+00 0.000000e+00 0.000000e+00 0.000000e+00 0.000000e+00 0.000000e+00 0.000000e+00 0.000000e+00 0.000000e+00 0.000000e+00 0.000000e+00 0.000000e+00 0.000000e+00 0.000000e+00 0.000000e+00 0.000000e+00
 0.000000e+00 0.000000e+00 0.000000e+00 0.000000e+00 0.000000e+00 0.000000e+00 0.000000e+00 0.000000e+00 0.000000e+00 3.750580e-01 6.249421e-01 0.000000e+00 0.000000e+00 0.000000e+00 0.000000e+00 0.000000e+00 0.000000e+00 0.000000e+00 0.000000e+00 0.000000e+00 0.000000e+00 0.000000e+00 0.000000e+00 0.000000e+00 0.000000e+00 0.000000e+00 0.000000e+00 0.000000e+00
 0.000000e+00 0.000000e+00 0.000000e+00 0.000000e+00 0.000000e+00 0.000000e+00 0.000000e+00 0.000000e+00 0.000000e+00 0.000000e+00 4.998165e-01 5.001835e-01 0.000000e+00 0.000000e+00 0.000000e+00 0.000000e+00 0.000000e+00 0.000000e+00 0.000000e+00 0.000000e+00 0.000000e+00 0.000000e+00 0.000000e+00 0.000000e+00 0.000000e+00 0.000000e+00 0.000000e+00 0.000000e+00
 0.000000e+00 0.000000e+00 0.000000e+00 0.000000e+00 0.000000e+00 0.000000e+00 0.000000e+00 0.000000e+00 0.000000e+00 0.000000e+00 0.000000e+00 5.456095e-01 4.543905e-01 0.000000e+00 0.000000e+00 0.000000e+00 0.000000e+00 0.000000e+00 0.000000e+00 0.000000e+00 0.000000e+00 0.000000e+00 0.000000e+00 0.000000e+00 0.000000e+00 0.000000e+00 0.000000e+00 0.000000e+00
 0.000000e+00 0.000000e+00 0.000000e+00 0.000000e+00 0.000000e+00 0.000000e+00 0.000000e+00 0.000000e+00 0.000000e+00 0.000000e+00 0.000000e+00 0.000000e+00 4.444539e-01 5.555462e-01 0.000000e+00 0.000000e+00 0.000000e+00 0.000000e+00 0.000000e+00 0.000000e+00 0.000000e+00 0.000000e+00 0.000000e+00 0.000000e+00 0.000000e+00 0.000000e+00 0.000000e+00 0.000000e+00
 0.000000e+00 0.000000e+00 0.000000e+00 0.000000e+00 0.000000e+00 0.000000e+00 0.000000e+00 0.000000e+00 0.000000e+00 0.000000e+00 0.000000e+00 0.000000e+00 0.000000e+00 2.863878e-01 7.136122e-01 0.000000e+00 0.000000e+00 0.000000e+00 0.000000e+00 0.000000e+00 0.000000e+00 0.000000e+00 0.000000e+00 0.000000e+00 0.000000e+00 0.000000e+00 0.000000e+00 0.000000e+00
 0.000000e+00 0.000000e+00 0.000000e+00 0.000000e+00 0.000000e+00 0.000000e+00 0.000000e+00 0.000000e+00 0.000000e+00 0.000000e+00 0.000000e+00 0.000000e+00 0.000000e+00 0.000000e+00 2.850396e-01 7.149604e-01 0.000000e+00 0.000000e+00 0.000000e+00 0.000000e+00 0.000000e+00 0.000000e+00 0.000000e+00 0.000000e+00 0.000000e+00 0.000000e+00 0.000000e+00 0.000000e+00
 0.000000e+00 0.000000e+00 0.000000e+00 0.000000e+00 0.000000e+00 0.000000e+00 0.000000e+00 0.000000e+00 0.000000e+00 0.000000e+00 0.000000e+00 0.000000e+00 0.000000e+00 0.000000e+00 0.000000e+00 3.749957e-01 6.250042e-01 0.000000e+00 0.000000e+00 0.000000e+00 0.000000e+00 0.000000e+00 0.000000e+00 0.000000e+00 0.000000e+00 0.000000e+00 0.000000e+00 0.000000e+00
 0.000000e+00 0.000000e+00 0.000000e+00 0.000000e+00 0.000000e+00 0.000000e+00 0.000000e+00 0.000000e+00 0.000000e+00 0.000000e+00 0.000000e+00 0.000000e+00 0.000000e+00 0.000000e+00 0.000000e+00 0.000000e+00 5.001527e-01 4.998473e-01 0.000000e+00 0.000000e+00 0.000000e+00 0.000000e+00 0.000000e+00 0.000000e+00 0.000000e+00 0.000000e+00 0.000000e+00 0.000000e+00
 0.000000e+00 0.000000e+00 0.000000e+00 0.000000e+00 0.000000e+00 0.000000e+00 0.000000e+00 0.000000e+00 0.000000e+00 0.000000e+00 0.000000e+00 0.000000e+00 0.000000e+00 0.000000e+00 0.000000e+00 0.000000e+00 0.000000e+00 4.997839e-01 5.002161e-01 0.000000e+00 0.000000e+00 0.000000e+00 0.000000e+00 0.000000e+00 0.000000e+00 0.000000e+00 0.000000e+00 0.000000e+00
 0.000000e+00 0.000000e+00 0.000000e+00 0.000000e+00 0.000000e+00 0.000000e+00 0.000000e+00 0.000000e+00 0.000000e+00 0.000000e+00 0.000000e+00 0.000000e+00 0.000000e+00 0.000000e+00 0.000000e+00 0.000000e+00 0.000000e+00 0.000000e+00 3.752448e-01 6.247552e-01 0.000000e+00 0.000000e+00 0.000000e+00 0.000000e+00 0.000000e+00 0.000000e+00 0.000000e+00 0.000000e+00
 0.000000e+00 0.000000e+00 0.000000e+00 0.000000e+00 0.000000e+00 0.000000e+00 0.000000e+00 0.000000e+00 0.000000e+00 0.000000e+00 0.000000e+00 0.000000e+00 0.000000e+00 0.000000e+00 0.000000e+00 0.000000e+00 0.000000e+00 0.000000e+00 0.000000e+00 5.443058e-01 4.556942e-01 0.000000e+00 0.000000e+00 0.000000e+00 0.000000e+00 0.000000e+00 0.000000e+00 0.000000e+00
 0.000000e+00 0.000000e+00 0.000000e+00 0.000000e+00 0.000000e+00 0.000000e+00 0.000000e+00 0.000000e+00 0.000000e+00 0.000000e+00 0.000000e+00 0.000000e+00 0.000000e+00 0.000000e+00 0.000000e+00 0.000000e+00 0.000000e+00 0.000000e+00 0.000000e+00 0.000000e+00 3.762241e-01 6.237758e-01 0.000000e+00 0.000000e+00 0.000000e+00 0.000000e+00 0.000000e+00 0.000000e+00
 0.000000e+00 0.000000e+00 0.000000e+00 0.000000e+00 0.000000e+00 0.000000e+00 0.000000e+00 0.000000e+00 0.000000e+00 0.000000e+00 0.000000e+00 0.000000e+00 0.000000e+00 0.000000e+00 0.000000e+00 0.000000e+00 0.000000e+00 0.000000e+00 0.000000e+00 0.000000e+00 0.000000e+00 3.761419e-01 6.238580e-01 0.000000e+00 0.000000e+00 0.000000e+00 0.000000e+00 0.000000e+00
 0.000000e+00 0.000000e+00 0.000000e+00 0.000000e+00 0.000000e+00 0.000000e+00 0.000000e+00 0.000000e+00 0.000000e+00 0.000000e+00 0.000000e+00 0.000000e+00 0.000000e+00 0.000000e+00 0.000000e+00 0.000000e+00 0.000000e+00 0.000000e+00 0.000000e+00 0.000000e+00 0.000000e+00 0.000000e+00 4.467797e-01 5.532203e-01 0.000000e+00 0.000000e+00 0.000000e+00 0.000000e+00
 0.000000e+00 0.000000e+00 0.000000e+00 0.000000e+00 0.000000e+00 0.000000e+00 0.000000e+00 0.000000e+00 0.000000e+00 0.000000e+00 0.000000e+00 0.000000e+00 0.000000e+00 0.000000e+00 0.000000e+00 0.000000e+00 0.000000e+00 0.000000e+00 0.000000e+00 0.000000e+00 0.000000e+00 0.000000e+00 0.000000e+00 4.417176e-01 5.582824e-01 0.000000e+00 0.000000e+00 0.000000e+00
 0.000000e+00 0.000000e+00 0.000000e+00 0.000000e+00 0.000000e+00 0.000000e+00 0.000000e+00 0.000000e+00 0.000000e+00 0.000000e+00 0.000000e+00 0.000000e+00 0.000000e+00 0.000000e+00 0.000000e+00 0.000000e+00 0.000000e+00 0.000000e+00 0.000000e+00 0.000000e+00 0.000000e+00 0.000000e+00 0.000000e+00 0.000000e+00 4.470346e-01 5.529654e-01 0.000000e+00 0.000000e+00
 0.000000e+00 0.000000e+00 0.000000e+00 0.000000e+00 0.000000e+00 0.000000e+00 0.000000e+00 0.000000e+00 0.000000e+00 0.000000e+00 0.000000e+00 0.000000e+00 0.000000e+00 0.000000e+00 0.000000e+00 0.000000e+00 0.000000e+00 0.000000e+00 0.000000e+00 0.000000e+00 0.000000e+00 0.000000e+00 0.000000e+00 0.000000e+00 0.000000e+00 5.437650e-01 4.562350e-01 0.000000e+00
 0.000000e+00 0.000000e+00 0.000000e+00 0.000000e+00 0.000000e+00 0.000000e+00 0.000000e+00 0.000000e+00 0.000000e+00 0.000000e+00 0.000000e+00 0.000000e+00 0.000000e+00 0.000000e+00 0.000000e+00 0.000000e+00 0.000000e+00 0.000000e+00 0.000000e+00 0.000000e+00 0.000000e+00 0.000000e+00 0.000000e+00 0.000000e+00 0.000000e+00 0.000000e+00 0.000000e+00 1.000000e+00
 0.000000e+00 0.000000e+00 0.000000e+00 0.000000e+00 0.000000e+00 0.000000e+00 0.000000e+00 0.000000e+00 0.000000e+00 0.000000e+00 0.000000e+00 0.000000e+00 0.000000e+00 0.000000e+00 0.000000e+00 0.000000e+00 0.000000e+00 0.000000e+00 0.000000e+00 0.000000e+00 0.000000e+00 0.000000e+00 0.000000e+00 0.000000e+00 0.000000e+00 0.000000e+00 0.000000e+00 0.000000e+00
<ENDHMM>
