~o
<STREAMINFO> 1 39
<VECSIZE> 39<NULLD><MFCC_E_D_A><DIAGC>
~h "Cuo^i"
<BEGINHMM>
<NUMSTATES> 28
<STATE> 2
<MEAN> 39
 -4.085287e+00 -6.551692e+00 8.646686e-02 -9.115978e-01 6.442234e-01 -5.711218e+00 2.727521e-01 -4.354532e+00 1.359700e+00 -2.272495e+00 4.075111e+00 -9.546725e-01 4.625477e-02 -5.899454e-01 2.184335e-01 -1.578936e+00 2.583255e-01 2.198551e-01 -6.741150e-01 -5.241464e-01 -8.141732e-01 -3.349707e-01 7.560128e-02 -2.522678e-01 2.978704e-01 2.454169e-02 -1.721155e-01 -3.494547e-02 -7.384760e-01 -1.851335e-01 3.334501e-01 -1.581325e-01 1.581358e-01 3.208621e-02 -3.133161e-01 1.778360e-01 -3.052852e-01 3.358635e-03 1.910695e-02
<VARIANCE> 39
 2.634784e+00 4.875433e+00 3.763358e+00 3.816108e+00 1.599992e+01 2.980221e+00 5.363613e+00 5.964626e+00 4.831846e+00 6.037452e+00 8.929937e+00 1.381634e+01 5.000000e-02 1.303551e+00 5.797723e+00 2.226357e+00 1.075425e+00 8.545805e-01 9.585012e-01 8.513683e-01 7.250187e-01 2.213653e+00 1.091840e+00 4.133068e-01 2.848974e+00 5.000000e-02 2.700455e-01 7.052015e-01 4.284260e-01 2.898684e-01 7.015903e-01 4.264033e-01 7.450809e-02 6.492684e-02 8.353345e-01 2.070249e-01 1.581691e-01 5.546018e-01 5.000000e-02
<GCONST> 7.221467e+01
<STATE> 3
<MEAN> 39
 -9.543653e+00 -4.641522e+00 -2.235072e+00 8.164420e-01 -1.190722e+00 -5.924759e+00 -1.991493e+00 -3.991553e+00 3.638257e+00 -4.220451e+00 3.875187e+00 -2.235526e+00 1.060811e-01 -1.385981e-02 -7.608142e-01 -6.108648e-01 -7.321839e-01 6.365119e-01 2.416344e-01 -1.414316e-02 2.538703e-01 -4.551673e-01 -3.755543e-01 -6.921120e-01 8.776343e-01 1.847747e-02 7.096914e-01 -3.169315e-01 1.799467e-01 -5.394172e-01 4.285540e-01 9.250679e-02 3.418348e-01 1.182594e-01 -6.590413e-01 2.018605e-01 -1.299365e-01 8.748741e-02 -1.920066e-03
<VARIANCE> 39
 1.599150e+01 9.445223e+01 4.139209e+01 1.264589e+01 5.674995e+00 2.939251e+01 1.716198e+01 1.644164e+01 1.635909e+01 2.251348e+01 1.675925e+01 1.523819e+01 5.000000e-02 2.671343e+00 6.140059e+00 6.600192e+00 1.900010e+00 3.673337e+00 4.057590e+00 1.864901e+00 1.067143e+00 5.446895e+00 2.078560e+00 2.685099e+00 1.403439e+00 5.000000e-02 2.349959e-01 2.335955e+00 7.726823e-01 2.187475e-01 2.352362e-01 7.594482e-01 3.975005e-01 3.188037e-01 2.447353e-01 3.383174e-01 3.085013e-01 3.266363e-01 5.000000e-02
<GCONST> 9.999932e+01
<STATE> 4
<MEAN> 39
 -7.308353e-01 -1.087299e+01 -1.294888e+01 -7.909561e+00 8.660589e+00 -1.079733e+01 2.794362e+00 -5.721183e+00 -7.589768e+00 3.338030e+00 -3.493425e+00 2.689936e+00 4.191877e-01 2.242708e+00 -2.945533e-01 -1.686171e+00 -2.307261e+00 6.506714e-01 -1.781593e+00 1.012111e+00 -1.305744e-01 -1.955931e+00 5.966738e-01 -1.556126e+00 4.102853e-01 7.809597e-02 9.934805e-02 1.463890e-01 8.348007e-01 1.629188e-01 -1.510679e+00 3.060878e-01 -3.879669e-01 6.346462e-01 9.842039e-01 -3.224452e-01 8.907570e-01 -2.410118e-01 -6.453991e-03
<VARIANCE> 39
 2.570226e+01 6.175773e+00 6.222537e+01 4.143803e+01 3.534607e+01 6.951949e+01 9.862024e+00 2.830757e+01 9.770261e+01 3.557505e+01 3.708453e+01 1.539129e+01 8.355706e-02 8.683591e-01 5.854676e+00 6.273461e+00 1.959498e+00 1.077968e+01 5.111011e+00 1.941498e+00 2.578841e+00 5.428773e+00 4.241189e+00 2.395062e+00 1.210153e+00 5.000000e-02 1.623700e-01 2.115305e-01 1.129449e+00 6.311605e-01 3.057415e+00 9.471846e-01 5.075633e-01 4.771308e-01 2.009202e+00 1.234732e+00 1.295765e+00 2.231768e-01 5.000000e-02
<GCONST> 1.136239e+02
<STATE> 5
<MEAN> 39
 -4.102418e+00 -7.274100e+00 -3.345363e+00 -3.701849e+00 1.572136e+00 -6.534085e+00 1.940081e+00 -3.728473e+00 -1.656413e+00 -2.813366e+00 1.640442e+00 -1.034119e+00 1.067497e-01 7.183507e-01 -3.860423e-01 8.688034e-02 -7.592519e-01 -2.450925e-01 -2.294554e-01 -7.811749e-01 4.803843e-01 -5.127733e-01 1.173734e+00 1.368753e-01 8.358632e-02 5.107582e-02 -2.396154e-01 -1.776484e-01 -2.662300e-01 -2.693484e-01 -1.199976e-02 3.366465e-02 -5.347972e-01 1.843232e-01 1.836367e-01 4.351017e-01 1.703704e-01 1.035134e-01 2.337397e-02
<VARIANCE> 39
 2.800765e+01 1.616968e+00 3.436217e+01 3.102075e+01 1.134691e+01 3.187634e+01 6.741875e+00 1.238946e+01 1.537155e+01 1.547925e+01 2.103955e+01 6.151691e+00 7.641815e-02 7.613683e-01 1.122195e+00 2.785218e+00 1.759616e+00 1.328275e+01 3.297844e+00 3.407625e+00 2.725298e+00 5.998741e+00 3.574686e+00 3.484928e+00 1.326290e+00 5.000000e-02 2.520553e-01 1.037439e+00 5.599665e-01 7.428594e-01 9.712154e-01 1.049618e+00 2.371919e-01 7.044688e-01 3.946006e-01 4.263073e-01 8.609361e-01 9.098456e-02 5.000000e-02
<GCONST> 9.826892e+01
<STATE> 6
<MEAN> 39
 3.526469e+00 -1.138606e+01 -9.615415e+00 -9.599369e+00 -3.240621e+00 -1.155258e+01 -1.866009e+00 -7.230065e-01 -4.209793e+00 1.625741e+00 1.705250e+00 3.617354e+00 6.055188e-01 4.982426e-01 -2.102318e+00 -6.926020e-01 -1.838771e+00 -1.913848e+00 4.894120e-01 -1.879284e+00 2.284151e+00 9.516770e-01 1.711110e+00 1.974912e+00 1.186971e+00 1.021035e-01 -3.922781e-01 -1.219591e-01 -2.853125e-01 -2.590222e-01 7.140670e-01 8.562217e-02 2.816335e-01 -4.781351e-02 1.865489e-01 7.205355e-01 -2.840982e-01 1.327287e-01 -6.330977e-03
<VARIANCE> 39
 7.438695e+01 2.088006e+01 6.351613e+01 3.354551e+01 1.326033e+02 6.705422e+01 6.336636e+01 5.395164e+00 4.330383e+01 2.224564e+01 1.432909e+01 3.862007e+01 1.164300e-01 1.307764e+00 5.004892e-01 6.991464e+00 6.578228e+00 2.267691e+01 7.189210e+00 1.892142e+00 2.414169e+00 8.361098e+00 5.343466e+00 9.412354e+00 9.152154e-01 5.000000e-02 2.609824e-01 2.781717e-01 1.266117e-01 2.207506e-01 1.880683e+00 6.628074e-01 8.772650e-01 1.078066e-01 6.604495e-01 4.670562e-01 5.010446e-01 1.344595e-01 5.000000e-02
<GCONST> 1.104199e+02
<STATE> 7
<MEAN> 39
 -5.024291e-02 -1.349978e+01 -1.222022e+01 -1.695894e+01 7.535966e+00 -1.038619e+01 -3.025660e+00 1.711566e+00 -7.235133e+00 8.687991e+00 -9.104943e-01 3.114115e+00 6.923256e-01 7.760876e-01 -3.849082e-01 -1.447582e+00 -3.104748e+00 -4.129243e-01 -6.459262e-01 8.017813e-02 7.076100e-01 3.083840e-01 2.341945e+00 -1.420220e-01 7.352512e-01 8.256195e-02 1.972398e-01 7.935110e-01 6.934451e-01 5.129887e-01 -1.226600e+00 3.039547e-02 3.343354e-01 -4.325936e-01 7.017930e-01 -8.491114e-01 2.070395e-01 -1.332576e-01 -2.936721e-02
<VARIANCE> 39
 4.396106e+01 7.024773e+00 5.560225e+01 3.003820e+01 2.081278e+02 4.769176e+01 5.064494e+01 1.683510e+01 3.887004e+01 4.127238e+01 5.053276e+01 2.059741e+01 5.000000e-02 2.378166e+00 4.651606e+00 5.561148e+00 4.507970e+00 1.459442e+01 7.681336e+00 7.365506e+00 1.004571e+00 6.179755e+00 2.993601e+00 4.111060e+00 1.051116e+00 5.000000e-02 2.007200e-01 1.034204e-01 1.092088e+00 3.183928e-01 4.316017e+00 7.575241e-01 1.076913e+00 2.388304e-01 9.631050e-01 9.033752e-01 1.568287e+00 3.009846e-01 5.000000e-02
<GCONST> 1.168558e+02
<STATE> 8
<MEAN> 39
 2.134107e+00 -1.491759e+01 -1.014534e+01 -1.622509e+01 -5.789831e+00 -9.377019e+00 -4.063359e+00 2.742239e+00 1.045649e+00 9.810413e+00 4.358563e+00 3.786922e+00 7.642400e-01 5.962705e-01 5.945712e-01 -4.459372e-01 -2.861871e-01 -1.228803e+00 -7.116445e-01 -3.549539e-01 4.434167e-01 1.235720e+00 3.583581e-01 -1.676159e-01 -3.368723e-01 6.266452e-03 1.856364e-01 5.537494e-01 4.691196e-02 3.331500e-01 2.301684e-02 -2.406855e-01 5.425674e-01 -2.577078e-01 -2.299130e-01 -6.504667e-01 -2.806257e-01 -5.139762e-03 -1.715679e-02
<VARIANCE> 39
 6.685197e+01 2.817129e+01 4.502913e+01 4.225232e+01 1.525390e+02 1.175357e+02 4.880684e+01 1.697192e+01 3.953141e+01 1.358111e+01 2.744452e+01 3.753957e+01 6.578030e-02 1.567658e+00 1.494676e+00 6.162436e-01 2.546726e+00 6.644067e+00 2.051021e+00 1.841335e+00 1.848651e+00 1.020935e+00 1.944011e+00 1.148709e+00 1.017659e+00 5.000000e-02 1.805282e-01 6.946763e-01 3.123964e-01 1.547384e-01 5.502215e-01 2.010916e+00 1.337576e+00 1.998392e-01 3.335010e-01 7.628398e-02 5.915964e-01 5.270441e-01 5.000000e-02
<GCONST> 1.026131e+02
<STATE> 9
<MEAN> 39
 4.407939e+00 -8.924221e+00 -1.050257e+01 -1.980572e+01 -3.236278e+00 -1.087958e+01 -5.102350e+00 1.490883e+00 -2.160804e+00 7.375413e+00 1.790455e+00 3.231330e+00 7.267179e-01 6.086584e-01 6.797832e-01 3.949506e-01 -1.524956e+00 -1.687092e+00 2.621451e-01 1.419623e-01 7.318917e-01 1.072682e-01 -8.747921e-01 8.578289e-01 1.626532e+00 1.866407e-02 -5.878882e-01 -2.871796e-01 -8.015934e-03 4.318256e-02 1.008904e+00 3.565373e-01 1.408374e-01 1.809979e-01 -6.812360e-01 -1.758095e-02 -1.889905e-01 4.324914e-01 -4.679416e-03
<VARIANCE> 39
 2.722394e+01 1.199251e+01 3.035004e+01 1.302824e+02 3.263328e+01 2.348921e+01 2.617974e+01 3.889243e+01 2.889794e+01 5.039896e+01 9.249304e+00 2.072759e+01 1.093853e-01 1.107418e+00 1.873895e+00 1.022249e+00 2.020971e+00 4.057611e+00 4.455212e+00 6.262883e+00 2.020334e+00 2.194894e+00 1.815348e+00 2.556110e+00 6.625662e+00 5.000000e-02 9.390469e-02 1.461507e-01 5.173792e-02 3.195911e-01 4.804056e-01 3.340087e-01 2.476093e-01 5.066147e-01 1.089510e-01 4.873592e-01 1.107951e-01 4.755433e-01 5.000000e-02
<GCONST> 9.657571e+01
<STATE> 10
<MEAN> 39
 3.682644e+00 -1.166165e+01 -1.093032e+01 -1.646451e+01 -8.108717e+00 -1.043045e+01 1.734512e+00 3.487390e+00 2.006089e-01 6.918819e+00 3.247978e+00 7.609778e+00 7.064443e-01 -6.104322e-01 -1.793450e-01 -1.945051e-01 -1.258091e+00 1.441324e+00 3.854415e-01 7.220995e-01 4.229745e-02 -5.689055e-01 9.243215e-01 -5.023541e-01 1.820199e-01 9.140385e-03 -1.126126e-01 -2.513863e-01 -2.667789e-01 -3.131527e-01 7.201041e-01 -2.267307e-01 -3.933733e-01 -2.731123e-01 -9.837299e-02 6.600955e-01 -2.722913e-01 -2.137869e-01 1.483639e-02
<VARIANCE> 39
 4.589915e+01 1.206098e+01 2.168486e+01 9.816427e+01 6.351323e+01 2.242120e+01 2.073785e+01 2.001571e+01 3.160409e+01 3.322776e+01 5.600259e+00 3.470729e+01 2.157738e-01 4.389085e-01 2.811993e-01 1.159724e+00 8.154373e-01 1.783550e+00 1.348113e+00 8.467614e-01 1.725229e+00 9.336811e-01 2.425275e+00 1.415681e+00 3.751146e+00 5.000000e-02 5.000000e-02 3.451824e-01 1.066464e-01 4.491857e-01 8.667657e-02 4.908167e-01 3.190193e-01 8.515519e-02 3.537157e-01 2.075222e-01 2.519475e-01 2.315597e-01 5.000000e-02
<GCONST> 8.592915e+01
<STATE> 11
<MEAN> 39
 -3.823452e-01 -1.336340e+01 -1.294308e+01 -2.119528e+01 8.252608e-01 -8.458906e+00 -2.052060e+00 1.717298e+00 -2.592437e+00 8.700517e+00 8.587171e-01 6.514205e+00 7.121424e-01 -2.041812e-01 -1.050456e+00 -1.374143e+00 -2.649281e+00 2.359591e+00 -8.783307e-01 -1.029666e+00 -4.458747e-01 -1.532522e+00 2.737593e+00 -1.150835e+00 1.075457e+00 9.139382e-02 3.417476e-01 4.793787e-01 2.388621e-01 4.670443e-01 -2.692787e-01 -4.519280e-01 -1.704211e-01 -9.214891e-02 1.243460e-01 -1.162815e-01 -1.593692e-01 -5.265582e-01 -8.081364e-03
<VARIANCE> 39
 3.543570e+01 3.667905e+01 1.520208e+01 1.129891e+02 3.875591e+01 4.421338e+01 4.012616e+01 3.191779e+01 4.255560e+01 6.119302e+01 2.964650e+01 5.946687e+01 1.504419e-01 6.089280e-01 3.188032e+00 2.756091e+00 4.403273e+00 3.046379e+00 1.444079e+00 1.879297e+00 1.901286e+00 1.824258e+00 4.635147e+00 3.180727e-01 3.071391e+00 5.000000e-02 1.779324e-01 6.267915e-01 6.706172e-01 6.767069e-01 3.998172e-01 3.906404e-01 2.732449e-01 9.407524e-02 7.829406e-01 1.084111e+00 7.411598e-01 4.855908e-01 5.000000e-02
<GCONST> 1.066900e+02
<STATE> 12
<MEAN> 39
 2.738984e+00 -1.060691e+01 -1.253812e+01 -2.806095e+01 2.361888e+00 -1.072952e+01 -4.415256e+00 2.934513e+00 -5.996767e+00 1.342202e+01 -1.115521e+00 1.051688e+01 9.273261e-01 2.473272e-01 8.282097e-01 -1.632843e-02 1.272367e-01 3.830253e-01 -6.042405e-01 -6.707714e-01 3.339215e-01 1.432063e+00 7.172662e-01 -1.205067e+00 -1.331189e+00 1.915286e-03 8.608385e-02 -1.352347e-01 2.381047e-01 5.723842e-01 -6.948781e-01 1.031779e-01 3.598577e-02 3.256710e-01 7.794457e-01 -6.318056e-01 1.246659e-01 -6.896731e-01 -9.342014e-03
<VARIANCE> 39
 7.289425e+00 1.399096e+01 1.013795e+01 4.541032e+01 3.375454e+01 2.906728e+01 4.175544e+01 2.828593e+01 4.877911e+01 4.574086e+01 1.167224e+01 8.948394e+01 5.000000e-02 3.128731e+00 1.139883e+00 1.070557e+00 3.690303e-01 4.567432e+00 3.396638e+00 8.148067e-01 1.771021e+00 4.639513e+00 3.311835e+00 3.068398e+00 1.640882e+00 5.000000e-02 8.531059e-02 2.186728e-01 2.430344e-01 2.123099e-01 5.764246e-01 4.788259e-01 2.613682e-01 5.429499e-01 5.043427e-01 1.499136e+00 4.867299e-01 5.738155e-01 5.000000e-02
<GCONST> 9.813028e+01
<STATE> 13
<MEAN> 39
 4.336734e+00 -1.136905e+01 -1.355583e+01 -2.433416e+01 -2.143698e+00 -1.320343e+01 -5.296940e+00 5.135643e+00 1.851643e+00 1.271832e+01 -2.039159e+00 2.316442e+00 9.326317e-01 -1.472774e-01 -9.381742e-01 7.206349e-01 -1.024084e-01 -2.283500e-01 -7.727242e-02 -3.442055e-02 9.064150e-01 6.052269e-02 -1.424838e+00 2.418837e-01 -8.181715e-01 1.214903e-02 -3.607414e-01 -3.515975e-01 3.272786e-01 -3.487605e-01 3.828017e-01 -1.332201e-01 6.799525e-01 -3.370615e-01 -1.110079e+00 -4.209913e-01 1.429762e-01 3.353602e-01 -2.900314e-03
<VARIANCE> 39
 1.017773e+01 2.253544e+01 1.889624e+01 3.654655e+01 2.382219e+01 3.220388e+01 4.155152e+01 3.934015e+01 6.155001e+01 7.492174e+01 2.902302e+01 3.815276e+01 5.000000e-02 1.205523e+00 5.751249e-01 1.584693e+00 5.248080e+00 4.777168e+00 3.912116e+00 2.938598e+00 1.640536e+00 5.019052e+00 5.371131e+00 4.753360e+00 5.884671e+00 5.000000e-02 3.558198e-01 1.915958e-01 2.257891e-01 2.802916e-01 8.681780e-01 6.438678e-01 5.593744e-01 6.145144e-01 7.477933e-01 1.232940e+00 7.428533e-01 2.041022e-01 5.000000e-02
<GCONST> 1.079662e+02
<STATE> 14
<MEAN> 39
 3.103567e+00 -1.224067e+01 -1.012713e+01 -2.910695e+01 1.785692e+00 -1.277911e+01 -5.492867e+00 5.172359e+00 -3.750795e+00 8.347737e+00 1.095054e+00 4.098075e+00 9.604756e-01 -8.973647e-01 -6.519496e-01 9.685807e-01 -9.366193e-01 9.819559e-01 -1.418010e+00 1.595770e+00 -1.455525e+00 -1.983110e+00 -9.104187e-01 -1.040393e+00 -1.433653e-01 -4.379932e-03 -1.372430e-01 -1.153462e-02 1.113920e-01 3.537170e-01 -3.053287e-01 -1.278457e-01 3.977930e-01 -5.943103e-01 -1.254858e-01 2.663592e-01 -7.093301e-01 2.252233e-02 -8.627695e-03
<VARIANCE> 39
 5.626197e+00 1.843304e+01 1.025419e+01 4.656915e+01 1.480906e+01 8.288288e+01 4.590336e+01 1.909113e+01 3.061892e+01 2.829198e+01 4.519580e+01 1.107469e+02 5.000000e-02 2.353536e-01 1.113699e+00 2.872484e-01 2.032313e+00 9.504812e-01 1.501352e+00 2.438674e+00 2.887522e+00 5.132473e+00 9.392174e+00 2.007401e+00 4.339736e+00 5.000000e-02 9.632593e-02 1.160204e-01 1.841986e-01 5.064275e-01 5.345517e-01 4.470325e-01 4.088144e-01 3.491023e-01 6.608719e-01 1.996956e-01 9.471691e-01 7.503594e-01 5.000000e-02
<GCONST> 9.653032e+01
<STATE> 15
<MEAN> 39
 -2.462740e-01 -1.669520e+01 -9.027777e+00 -2.332148e+01 7.088364e-01 -2.035880e+01 7.127150e+00 3.033636e+00 -6.903777e+00 6.248641e+00 -6.581902e+00 -1.053793e+00 8.963378e-01 -7.313669e-01 -5.081802e-01 1.888919e+00 -1.706602e-01 -8.693484e-01 1.837340e-01 2.212010e+00 -1.828253e+00 -1.397398e+00 -3.917610e-01 -9.821114e-01 -3.226686e-01 -2.116529e-02 4.394326e-02 8.161863e-02 1.193219e-01 1.064498e-02 -1.567485e-01 4.996033e-01 -6.326479e-01 -1.785234e-02 1.176909e+00 7.894289e-01 1.882209e-02 1.759363e-01 -9.884607e-04
<VARIANCE> 39
 2.935982e+00 2.221149e+01 8.789847e+00 4.986661e+01 1.087777e+01 6.233796e+01 1.256122e+02 1.456427e+01 1.937940e+01 1.768408e+01 1.727318e+01 7.695810e+01 5.000000e-02 2.299806e-01 3.539051e-01 7.990972e-01 5.970288e-01 1.578114e+00 1.023113e+00 2.644525e+00 7.433487e-01 4.334021e+00 3.166815e+00 2.635081e+00 1.429376e+00 5.000000e-02 5.000000e-02 1.448598e-01 1.312942e-01 5.573630e-01 3.194813e-01 3.410158e-01 4.519773e-01 5.502234e-01 8.033163e-01 7.538812e-01 7.024689e-02 4.579427e-01 5.000000e-02
<GCONST> 8.677345e+01
<STATE> 16
<MEAN> 39
 1.146082e+00 -1.287155e+01 -4.885723e+00 -3.203657e+01 2.321946e+00 -1.170351e+01 -7.616697e-01 -7.342774e-01 -4.416359e+00 1.083279e+01 -4.287561e-02 6.926917e+00 9.326330e-01 -5.751433e-01 -1.130794e+00 4.160589e-01 6.416358e-01 -2.010846e-01 2.198773e-01 1.363759e-01 -2.301472e-01 1.852223e+00 1.067808e+00 -1.369730e+00 -1.299082e+00 -1.003934e-02 -1.254508e-01 -1.970253e-01 -1.110270e-02 4.195005e-01 -2.603658e-01 -2.790331e-01 -3.029659e-01 4.198705e-01 3.604560e-01 -2.987804e-01 -1.281439e-01 1.524343e-04 -1.393131e-03
<VARIANCE> 39
 3.535684e+00 1.262996e+01 8.578182e+00 3.401541e+01 1.102033e+01 3.125565e+01 8.241873e+01 4.228895e+00 1.493511e+01 2.861452e+01 6.545989e+01 4.457677e+01 5.000000e-02 2.392987e-01 1.153789e+00 1.648162e+00 2.964992e+00 5.647829e-01 2.007977e+00 1.232229e+00 1.209833e+00 5.491289e-01 1.247817e+00 5.687696e+00 1.997316e+00 5.000000e-02 5.000000e-02 7.951796e-02 1.898833e-01 3.493144e-01 2.565266e-01 4.518933e-01 2.417452e-01 3.360038e-01 3.055743e-01 5.254845e-01 9.685882e-01 3.474506e-01 5.000000e-02
<GCONST> 8.494973e+01
<STATE> 17
<MEAN> 39
 -2.293748e+00 -1.862920e+01 -4.521076e+00 -2.360614e+01 -1.516541e+00 -1.423621e+01 -3.302388e+00 1.371760e+00 1.373983e+00 1.078652e+01 -1.191820e+01 -1.564476e-01 8.781393e-01 -1.106560e+00 -1.045736e+00 1.647682e+00 2.000765e+00 -1.495248e+00 -1.360754e+00 8.954528e-01 4.566362e-01 7.259545e-01 -1.569470e+00 -5.457938e-01 -7.320534e-01 -1.814696e-02 9.150176e-02 5.044445e-01 1.501891e-01 -3.008309e-01 -2.372573e-01 1.795973e-01 7.233334e-01 -3.384448e-01 -5.727053e-01 -1.683846e-01 1.073713e+00 -1.703952e-02 -3.703411e-03
<VARIANCE> 39
 2.853276e+00 2.963250e+00 1.106124e+01 1.053469e+01 1.165654e+01 2.139544e+01 9.714256e+01 4.986226e+00 2.470999e+01 1.781151e+01 1.038866e+01 1.653593e+01 5.000000e-02 2.892476e-01 8.003190e-01 1.130957e+00 4.946879e+00 2.000999e+00 1.486902e+00 3.189839e+00 9.365391e-01 3.668964e+00 2.882113e+00 5.124882e+00 2.245750e+00 5.000000e-02 5.037584e-02 5.000000e-02 1.864815e-01 3.271369e-01 2.104815e-01 2.946212e-01 6.176246e-01 3.100596e-01 3.553562e-01 5.734986e-01 4.417893e-01 1.936992e-01 5.000000e-02
<GCONST> 8.249995e+01
<STATE> 18
<MEAN> 39
 -5.227771e+00 -1.913446e+01 3.246006e-01 -2.404783e+01 -2.836505e+00 -1.842777e+01 8.616504e+00 3.137026e-01 1.137395e+00 8.933963e+00 -6.603689e+00 -2.688170e+00 7.866442e-01 -4.961462e-01 7.004035e-01 1.552063e+00 5.165605e-01 -1.316422e+00 2.114843e-01 4.120788e-01 -1.610970e+00 6.802332e-01 -1.708431e-02 9.574777e-01 4.242162e-01 -4.605107e-02 5.905414e-01 2.101937e-01 -3.976811e-01 7.822505e-01 -3.960994e-01 6.513932e-01 -3.802092e-01 -6.163220e-01 -5.836436e-01 -1.969031e-01 2.401943e-04 9.306863e-02 -1.348849e-02
<VARIANCE> 39
 5.034899e+00 5.997769e+00 8.791630e+00 1.820612e+01 1.866524e+01 1.402721e+01 5.825827e+01 1.020260e+01 1.794161e+01 3.295149e+00 1.675380e+01 1.162514e+01 5.000000e-02 9.290507e-01 7.787207e-01 1.141633e+00 4.452766e+00 1.845087e+00 1.010590e+00 9.980353e+00 6.215236e-01 4.105756e+00 1.915602e+00 6.303036e-01 3.693220e+00 5.000000e-02 1.808944e-01 1.219686e-01 1.564790e-01 1.839747e+00 6.459951e-01 1.669378e-01 2.637218e-01 9.331163e-02 4.487031e-01 5.129527e-01 1.521521e-01 2.090180e-01 5.000000e-02
<GCONST> 8.322968e+01
<STATE> 19
<MEAN> 39
 -4.970443e+00 -1.735649e+01 7.982385e-01 -1.886227e+01 -7.968788e+00 -1.621272e+01 7.341951e+00 -4.266788e+00 -7.350779e-01 6.338109e+00 -8.993711e+00 -4.061184e+00 7.695720e-01 -3.090202e-01 4.818794e-01 1.101632e+00 4.907930e-01 -1.207732e+00 9.220141e-01 4.482466e-01 -2.110524e+00 -5.694243e-01 -3.236701e-01 3.196468e-01 -4.968193e-01 -4.304770e-02 -1.522876e-02 2.703979e-02 -1.257263e-01 -3.081057e-01 2.535512e-01 5.223065e-01 -9.219962e-01 3.345313e-01 6.121152e-01 3.576403e-01 5.279028e-02 3.403378e-01 -4.608395e-04
<VARIANCE> 39
 5.311252e+00 9.467745e+00 3.193187e+01 2.844724e+01 9.065654e+00 1.048899e+01 1.188984e+01 7.824407e+00 1.304494e+01 1.887011e+01 5.431394e+00 1.702988e+01 5.000000e-02 1.509791e+00 6.974292e-01 1.554056e+00 7.119785e+00 2.213589e+00 2.740535e+00 7.293705e+00 5.325022e-01 1.986386e+00 1.132306e+00 5.382861e-01 1.167230e+00 5.000000e-02 1.906369e-01 1.403908e-01 3.662066e-01 1.066947e+00 3.747106e-01 1.192623e-01 3.469640e-01 1.716322e-01 4.560444e-01 3.894106e-01 1.842268e-01 4.966640e-01 5.000000e-02
<GCONST> 8.389198e+01
<STATE> 20
<MEAN> 39
 -5.574469e+00 -1.796803e+01 4.449692e+00 -1.953266e+01 -1.075508e+01 -1.199283e+01 2.059453e+00 -8.702665e+00 -3.400730e-01 7.084701e+00 -7.333099e+00 -2.094375e+00 6.306283e-01 -1.428472e-02 3.664049e-01 7.359264e-01 1.126291e+00 -1.237400e+00 2.164270e+00 -1.134318e+00 -4.210408e-01 1.842659e+00 3.159243e-01 1.299941e+00 8.124461e-01 -4.523086e-02 4.373299e-01 2.251263e-01 -5.005256e-01 4.190006e-01 3.188293e-01 -1.149949e-01 2.365231e-01 7.292644e-01 1.369960e-01 -1.967839e-01 1.926718e-01 4.370460e-02 1.921673e-03
<VARIANCE> 39
 1.498958e+01 8.775263e+00 2.216506e+01 4.834300e+01 1.860171e+01 4.640590e+00 1.671209e+01 1.045311e+01 4.962753e+00 1.755427e+01 8.317593e+00 1.650686e+01 5.000000e-02 3.063584e+00 4.240076e-01 2.196522e+00 1.014327e+01 3.417570e+00 1.929227e+00 2.357701e+00 1.942895e-01 1.229721e+00 2.826174e+00 1.632737e+00 9.793042e-01 5.000000e-02 2.702921e-01 1.326158e-01 2.723835e-01 8.560590e-01 2.366723e-01 3.147751e-01 5.562447e-01 3.492375e-01 3.165382e-01 3.331892e-01 8.170022e-02 2.913310e-01 5.000000e-02
<GCONST> 8.473493e+01
<STATE> 21
<MEAN> 39
 -2.691230e+00 -1.607538e+01 2.288590e+00 -1.421308e+01 -1.050121e+01 -1.019200e+01 4.274972e+00 -3.777705e+00 5.024030e+00 5.741396e+00 -1.437789e+00 -1.954998e-01 4.820804e-01 1.093577e+00 1.221611e+00 -6.803593e-01 1.455888e+00 -1.552055e-01 4.067883e-01 -5.182472e-01 1.160719e+00 6.011609e-02 -1.078007e+00 1.066248e+00 2.210479e-01 -2.972244e-02 2.691767e-01 2.591958e-01 -2.539484e-01 -1.662160e-01 2.994848e-01 -4.077286e-01 1.206668e-01 3.831868e-02 -4.902191e-01 -1.537821e-01 -1.910909e-01 -1.358343e-01 5.891445e-03
<VARIANCE> 39
 3.658976e+01 3.832222e+00 2.811243e+01 8.175000e+01 2.147268e+01 1.510248e+01 1.586779e+01 1.474324e+01 1.228432e+01 3.551929e+01 3.421883e+01 4.887059e+00 5.000000e-02 8.092114e-01 6.212276e-01 1.758016e+00 3.393847e+00 4.043002e-01 2.243616e+00 1.683822e+00 2.823050e+00 3.080297e+00 2.800130e+00 6.472243e-01 5.573207e-01 5.000000e-02 6.386164e-01 7.134030e-02 5.888835e-01 1.576932e+00 6.964288e-01 7.496095e-01 5.085011e-01 4.237895e-01 3.722078e-01 8.184519e-01 3.993180e-01 1.551727e-01 5.000000e-02
<GCONST> 9.218491e+01
<STATE> 22
<MEAN> 39
 -9.855114e-01 -1.181389e+01 2.671026e+00 -1.334851e+01 -1.040815e+01 -8.208067e+00 2.479288e+00 -5.439128e+00 2.447243e+00 5.592977e+00 -3.404931e+00 -6.480053e-01 5.017529e-01 1.877057e+00 1.090858e+00 -1.446007e+00 1.810045e+00 -2.502137e-01 1.245671e+00 -1.075094e+00 -2.643360e-01 2.820221e-01 -1.018842e+00 8.624947e-01 -7.086655e-02 -4.914774e-02 -1.136083e-01 -4.506201e-01 -3.456039e-01 1.666529e-01 3.641614e-01 -1.929148e-01 -7.745552e-02 7.576472e-02 7.933825e-03 -1.075959e-01 1.328608e-01 -1.892654e-01 -5.242257e-03
<VARIANCE> 39
 4.585931e+01 1.135906e+01 1.483345e+01 3.613070e+01 6.403950e+00 9.325841e+00 9.211165e-01 2.372683e+01 2.401159e+01 2.286946e+01 2.854942e+01 6.580142e+00 5.000000e-02 3.367953e+00 1.172492e+00 3.394908e+00 3.172168e+00 2.013230e+00 1.302380e+00 1.917607e+00 1.650186e+00 1.957276e+00 4.779271e+00 1.469782e+00 1.710696e+00 5.000000e-02 8.012501e-01 1.036837e-01 3.148882e-01 7.042289e-01 1.164119e-01 3.232426e-01 1.432371e-01 4.196175e-01 4.300245e-01 7.365105e-01 2.389224e-01 1.720057e-01 5.000000e-02
<GCONST> 8.854427e+01
<STATE> 23
<MEAN> 39
 8.574575e-01 -1.318391e+01 -3.784212e-01 -1.115873e+01 -1.195307e+01 -7.831870e+00 -8.769914e-01 -4.874384e+00 6.379767e+00 3.019962e+00 -5.145822e-01 -4.747281e-01 3.913090e-01 7.540726e-01 -6.448607e-03 -9.457515e-01 2.197334e+00 1.256775e+00 3.700899e-01 -5.132158e-01 6.142483e-01 1.022109e-01 -1.093785e+00 1.333184e+00 -2.255278e-01 -4.726333e-02 -5.694483e-01 -6.891015e-02 1.590394e-01 -2.856674e-01 2.428516e-01 -4.225200e-01 4.396319e-01 1.502809e-01 -4.317765e-01 2.976425e-01 1.780401e-02 -1.297566e-01 8.328487e-03
<VARIANCE> 39
 5.694112e+00 7.072329e+00 6.447464e+00 1.239019e+01 1.827056e+01 2.716529e+01 6.630812e+00 2.719580e+01 1.731379e+01 1.563335e+01 3.731434e+00 7.561112e+00 5.000000e-02 4.828088e+00 1.537863e+00 1.697876e+00 2.149430e+00 9.161056e-01 1.790545e+00 4.945929e-01 1.592051e+00 1.218601e+00 1.066831e+00 1.245582e+00 9.870982e-01 5.000000e-02 4.775042e-01 3.264949e-01 1.325537e-01 4.632958e-01 6.733261e-01 8.014087e-01 2.939683e-01 4.802033e-01 1.961640e-01 6.685740e-01 1.341854e-01 3.504409e-01 5.000000e-02
<GCONST> 8.282139e+01
<STATE> 24
<MEAN> 39
 1.784614e+00 -1.142668e+01 -1.333881e+00 -5.546297e+00 -6.078885e+00 -7.226928e+00 7.167993e-01 -2.867743e+00 2.623088e+00 2.264291e+00 2.659541e+00 -2.615346e+00 3.133869e-01 -2.409806e-01 1.323589e-01 -8.445565e-01 2.382250e-01 5.640481e-01 -6.205972e-01 5.586588e-01 2.792220e-01 -9.837856e-01 3.304293e-01 8.007311e-01 -1.304163e-01 -2.012888e-02 -3.414841e-01 -1.316976e-01 9.582581e-02 -5.716428e-01 -4.005482e-01 2.144828e-03 1.688711e-01 -2.726514e-01 4.654188e-02 2.530489e-01 -2.354622e-01 2.606055e-01 -1.301681e-03
<VARIANCE> 39
 7.629783e+00 9.642256e+00 7.106246e+00 6.401407e+00 1.149028e+01 8.389422e+00 5.008114e+00 1.256902e+01 2.149805e+01 6.558167e+00 8.080807e+00 9.823997e+00 5.000000e-02 5.905540e-01 4.908231e-01 6.158149e-01 1.204133e+00 3.705699e+00 4.011586e+00 8.931681e-01 1.852522e+00 4.165999e-01 7.266018e-01 8.951136e-01 7.851367e-01 5.000000e-02 2.661198e-01 9.471001e-02 2.596101e-01 2.713712e-01 4.335372e-01 4.010597e-01 9.949562e-02 2.066572e-01 2.857669e-01 1.635507e-01 1.863473e-01 1.396423e-01 5.000000e-02
<GCONST> 7.027761e+01
<STATE> 25
<MEAN> 39
 5.736201e-01 -1.312746e+01 -5.422547e+00 -9.663618e+00 -9.965927e+00 -9.739671e+00 2.565494e+00 -4.346071e+00 -8.062796e-01 2.625175e+00 3.502562e+00 2.447093e-01 3.051680e-01 -1.067805e+00 3.822903e-01 -1.834686e-01 -3.852944e-01 -7.676100e-03 7.529723e-01 3.910732e-01 -2.932163e-01 -2.100738e-02 1.768305e-01 1.817615e-01 3.475330e-01 -4.789320e-02 -2.556246e-01 2.302797e-01 7.026884e-01 5.242340e-01 5.295313e-01 6.308899e-01 -2.288466e-01 6.842100e-02 4.349795e-01 -2.220838e-01 -2.488990e-01 -1.140634e-01 -1.337508e-02
<VARIANCE> 39
 1.249475e+00 9.213774e+00 5.272040e+00 1.833522e+01 1.325941e+01 1.288331e+01 6.254081e+00 1.306317e+01 1.426859e+01 1.513875e+01 4.546234e+00 9.950295e+00 5.000000e-02 2.495178e-01 7.876225e-01 1.027796e+00 9.938397e-01 2.082416e+00 4.215256e-01 9.118834e-01 3.512246e-01 2.091359e+00 7.032523e-01 3.351175e-01 1.518156e+00 5.000000e-02 5.000000e-02 1.475504e-01 1.277749e-01 2.961313e-01 3.261535e-01 5.174391e-01 1.786130e-01 3.221147e-01 1.308644e-01 1.597433e-01 5.000000e-02 1.648252e-01 5.000000e-02
<GCONST> 6.378613e+01
<STATE> 26
<MEAN> 39
 -2.081166e+00 -1.007087e+01 -1.799368e+00 -6.230319e+00 -5.410458e+00 -5.720091e+00 1.763533e+00 -4.148997e+00 1.937534e+00 2.746688e+00 3.310888e+00 -1.307961e+00 1.461862e-01 -1.444719e+00 4.150079e-01 1.178416e+00 1.432780e+00 1.482716e+00 6.635795e-01 -3.828479e-01 5.168270e-01 5.884417e-01 -2.977149e-01 -6.183502e-02 2.930650e-01 -6.818510e-02 7.040293e-02 -1.014278e-01 5.243322e-02 1.190816e-01 -1.703910e-02 -2.832811e-01 4.796631e-02 1.911811e-01 1.395834e-01 -3.629536e-02 -6.174681e-02 4.221102e-02 4.195306e-03
<VARIANCE> 39
 3.224180e+00 2.492444e+00 6.543511e+00 1.079787e+01 1.760967e+01 7.346785e+00 1.798306e+01 1.399288e+01 1.710356e+01 1.388220e+01 4.629773e+00 1.423669e+01 5.000000e-02 1.435725e-01 7.763615e-01 8.069435e-01 1.222723e+00 1.627834e+00 1.209984e+00 9.436630e-01 6.595557e-01 1.937114e+00 1.567062e+00 7.148558e-01 1.349027e+00 5.000000e-02 1.095525e-01 7.926841e-02 2.137311e-01 2.837584e-01 5.829887e-01 1.800625e-01 4.072742e-01 1.064029e-01 2.742599e-01 1.562575e-01 5.000000e-02 3.638174e-01 5.000000e-02
<GCONST> 6.805246e+01
<STATE> 27
<MEAN> 39
 -5.033275e+00 -1.092494e+01 -8.550826e-01 -4.002766e+00 -3.335258e+00 -6.124912e+00 1.784812e+00 -1.066185e+00 4.212146e+00 2.735508e+00 3.219808e+00 2.342447e-01 9.935698e-03 -7.753130e-01 -1.506285e-02 -1.300444e-01 2.692851e-01 1.978916e-01 -1.881731e-01 7.166482e-01 5.482549e-01 5.515491e-01 2.672628e-01 -1.778224e-01 4.710158e-01 -2.966835e-02 4.629016e-01 1.485386e-01 -2.257926e-01 -2.448150e-01 -4.586979e-02 -6.920129e-03 2.324551e-01 -2.187008e-01 -2.795053e-01 -8.173402e-02 -6.572980e-02 -4.560962e-01 2.259419e-02
<VARIANCE> 39
 3.873454e-01 3.056319e+00 3.700966e+00 1.542280e+00 7.943481e+00 4.129393e+00 3.680339e+00 1.114528e+01 2.813284e+01 3.149732e+01 6.335077e+00 2.397247e+00 5.000000e-02 2.894620e-01 4.420709e-01 7.071806e-01 1.089806e+00 1.837021e+00 6.945721e-01 1.386610e+00 4.103718e-01 2.614133e+00 8.953941e-01 2.696424e-01 1.425455e+00 5.000000e-02 5.000000e-02 9.405086e-02 7.297801e-02 1.051724e-01 2.996391e-01 1.565533e-01 1.348561e-01 1.009377e-01 7.630280e-01 9.282295e-01 2.578080e-01 1.938723e-01 5.000000e-02
<GCONST> 5.764326e+01
<TRANSP> 28
 0.000000e+00 1.000000e+00 0.000000e+00 0.000000e+00 0.000000e+00 0.000000e+00 0.000000e+00 0.000000e+00 0.000000e+00 0.000000e+00 0.000000e+00 0.000000e+00 0.000000e+00 0.000000e+00 0.000000e+00 0.000000e+00 0.000000e+00 0.000000e+00 0.000000e+00 0.000000e+00 0.000000e+00 0.000000e+00 0.000000e+00 0.000000e+00 0.000000e+00 0.000000e+00 0.000000e+00 0.000000e+00
 0.000000e+00 5.833315e-01 4.166686e-01 0.000000e+00 0.000000e+00 0.000000e+00 0.000000e+00 0.000000e+00 0.000000e+00 0.000000e+00 0.000000e+00 0.000000e+00 0.000000e+00 0.000000e+00 0.000000e+00 0.000000e+00 0.000000e+00 0.000000e+00 0.000000e+00 0.000000e+00 0.000000e+00 0.000000e+00 0.000000e+00 0.000000e+00 0.000000e+00 0.000000e+00 0.000000e+00 0.000000e+00
 0.000000e+00 0.000000e+00 5.833883e-01 4.166116e-01 0.000000e+00 0.000000e+00 0.000000e+00 0.000000e+00 0.000000e+00 0.000000e+00 0.000000e+00 0.000000e+00 0.000000e+00 0.000000e+00 0.000000e+00 0.000000e+00 0.000000e+00 0.000000e+00 0.000000e+00 0.000000e+00 0.000000e+00 0.000000e+00 0.000000e+00 0.000000e+00 0.000000e+00 0.000000e+00 0.000000e+00 0.000000e+00
 0.000000e+00 0.000000e+00 0.000000e+00 4.444345e-01 5.555655e-01 0.000000e+00 0.000000e+00 0.000000e+00 0.000000e+00 0.000000e+00 0.000000e+00 0.000000e+00 0.000000e+00 0.000000e+00 0.000000e+00 0.000000e+00 0.000000e+00 0.000000e+00 0.000000e+00 0.000000e+00 0.000000e+00 0.000000e+00 0.000000e+00 0.000000e+00 0.000000e+00 0.000000e+00 0.000000e+00 0.000000e+00
 0.000000e+00 0.000000e+00 0.000000e+00 0.000000e+00 6.153712e-01 3.846288e-01 0.000000e+00 0.000000e+00 0.000000e+00 0.000000e+00 0.000000e+00 0.000000e+00 0.000000e+00 0.000000e+00 0.000000e+00 0.000000e+00 0.000000e+00 0.000000e+00 0.000000e+00 0.000000e+00 0.000000e+00 0.000000e+00 0.000000e+00 0.000000e+00 0.000000e+00 0.000000e+00 0.000000e+00 0.000000e+00
 0.000000e+00 0.000000e+00 0.000000e+00 0.000000e+00 0.000000e+00 2.857061e-01 7.142938e-01 0.000000e+00 0.000000e+00 0.000000e+00 0.000000e+00 0.000000e+00 0.000000e+00 0.000000e+00 0.000000e+00 0.000000e+00 0.000000e+00 0.000000e+00 0.000000e+00 0.000000e+00 0.000000e+00 0.000000e+00 0.000000e+00 0.000000e+00 0.000000e+00 0.000000e+00 0.000000e+00 0.000000e+00
 0.000000e+00 0.000000e+00 0.000000e+00 0.000000e+00 0.000000e+00 0.000000e+00 3.749967e-01 6.250033e-01 0.000000e+00 0.000000e+00 0.000000e+00 0.000000e+00 0.000000e+00 0.000000e+00 0.000000e+00 0.000000e+00 0.000000e+00 0.000000e+00 0.000000e+00 0.000000e+00 0.000000e+00 0.000000e+00 0.000000e+00 0.000000e+00 0.000000e+00 0.000000e+00 0.000000e+00 0.000000e+00
 0.000000e+00 0.000000e+00 0.000000e+00 0.000000e+00 0.000000e+00 0.000000e+00 0.000000e+00 4.444547e-01 5.555453e-01 0.000000e+00 0.000000e+00 0.000000e+00 0.000000e+00 0.000000e+00 0.000000e+00 0.000000e+00 0.000000e+00 0.000000e+00 0.000000e+00 0.000000e+00 0.000000e+00 0.000000e+00 0.000000e+00 0.000000e+00 0.000000e+00 0.000000e+00 0.000000e+00 0.000000e+00
 0.000000e+00 0.000000e+00 0.000000e+00 0.000000e+00 0.000000e+00 0.000000e+00 0.000000e+00 0.000000e+00 5.000005e-01 4.999995e-01 0.000000e+00 0.000000e+00 0.000000e+00 0.000000e+00 0.000000e+00 0.000000e+00 0.000000e+00 0.000000e+00 0.000000e+00 0.000000e+00 0.000000e+00 0.000000e+00 0.000000e+00 0.000000e+00 0.000000e+00 0.000000e+00 0.000000e+00 0.000000e+00
 0.000000e+00 0.000000e+00 0.000000e+00 0.000000e+00 0.000000e+00 0.000000e+00 0.000000e+00 0.000000e+00 0.000000e+00 5.833098e-01 4.166902e-01 0.000000e+00 0.000000e+00 0.000000e+00 0.000000e+00 0.000000e+00 0.000000e+00 0.000000e+00 0.000000e+00 0.000000e+00 0.000000e+00 0.000000e+00 0.000000e+00 0.000000e+00 0.000000e+00 0.000000e+00 0.000000e+00 0.000000e+00
 0.000000e+00 0.000000e+00 0.000000e+00 0.000000e+00 0.000000e+00 0.000000e+00 0.000000e+00 0.000000e+00 0.000000e+00 0.000000e+00 2.858066e-01 7.141935e-01 0.000000e+00 0.000000e+00 0.000000e+00 0.000000e+00 0.000000e+00 0.000000e+00 0.000000e+00 0.000000e+00 0.000000e+00 0.000000e+00 0.000000e+00 0.000000e+00 0.000000e+00 0.000000e+00 0.000000e+00 0.000000e+00
 0.000000e+00 0.000000e+00 0.000000e+00 0.000000e+00 0.000000e+00 0.000000e+00 0.000000e+00 0.000000e+00 0.000000e+00 0.000000e+00 0.000000e+00 5.830718e-01 4.169282e-01 0.000000e+00 0.000000e+00 0.000000e+00 0.000000e+00 0.000000e+00 0.000000e+00 0.000000e+00 0.000000e+00 0.000000e+00 0.000000e+00 0.000000e+00 0.000000e+00 0.000000e+00 0.000000e+00 0.000000e+00
 0.000000e+00 0.000000e+00 0.000000e+00 0.000000e+00 0.000000e+00 0.000000e+00 0.000000e+00 0.000000e+00 0.000000e+00 0.000000e+00 0.000000e+00 0.000000e+00 5.830929e-01 4.169071e-01 0.000000e+00 0.000000e+00 0.000000e+00 0.000000e+00 0.000000e+00 0.000000e+00 0.000000e+00 0.000000e+00 0.000000e+00 0.000000e+00 0.000000e+00 0.000000e+00 0.000000e+00 0.000000e+00
 0.000000e+00 0.000000e+00 0.000000e+00 0.000000e+00 0.000000e+00 0.000000e+00 0.000000e+00 0.000000e+00 0.000000e+00 0.000000e+00 0.000000e+00 0.000000e+00 0.000000e+00 2.869298e-01 7.130702e-01 0.000000e+00 0.000000e+00 0.000000e+00 0.000000e+00 0.000000e+00 0.000000e+00 0.000000e+00 0.000000e+00 0.000000e+00 0.000000e+00 0.000000e+00 0.000000e+00 0.000000e+00
 0.000000e+00 0.000000e+00 0.000000e+00 0.000000e+00 0.000000e+00 0.000000e+00 0.000000e+00 0.000000e+00 0.000000e+00 0.000000e+00 0.000000e+00 0.000000e+00 0.000000e+00 0.000000e+00 4.999889e-01 5.000111e-01 0.000000e+00 0.000000e+00 0.000000e+00 0.000000e+00 0.000000e+00 0.000000e+00 0.000000e+00 0.000000e+00 0.000000e+00 0.000000e+00 0.000000e+00 0.000000e+00
 0.000000e+00 0.000000e+00 0.000000e+00 0.000000e+00 0.000000e+00 0.000000e+00 0.000000e+00 0.000000e+00 0.000000e+00 0.000000e+00 0.000000e+00 0.000000e+00 0.000000e+00 0.000000e+00 0.000000e+00 5.834478e-01 4.165523e-01 0.000000e+00 0.000000e+00 0.000000e+00 0.000000e+00 0.000000e+00 0.000000e+00 0.000000e+00 0.000000e+00 0.000000e+00 0.000000e+00 0.000000e+00
 0.000000e+00 0.000000e+00 0.000000e+00 0.000000e+00 0.000000e+00 0.000000e+00 0.000000e+00 0.000000e+00 0.000000e+00 0.000000e+00 0.000000e+00 0.000000e+00 0.000000e+00 0.000000e+00 0.000000e+00 0.000000e+00 5.453653e-01 4.546347e-01 0.000000e+00 0.000000e+00 0.000000e+00 0.000000e+00 0.000000e+00 0.000000e+00 0.000000e+00 0.000000e+00 0.000000e+00 0.000000e+00
 0.000000e+00 0.000000e+00 0.000000e+00 0.000000e+00 0.000000e+00 0.000000e+00 0.000000e+00 0.000000e+00 0.000000e+00 0.000000e+00 0.000000e+00 0.000000e+00 0.000000e+00 0.000000e+00 0.000000e+00 0.000000e+00 0.000000e+00 3.751782e-01 6.248218e-01 0.000000e+00 0.000000e+00 0.000000e+00 0.000000e+00 0.000000e+00 0.000000e+00 0.000000e+00 0.000000e+00 0.000000e+00
 0.000000e+00 0.000000e+00 0.000000e+00 0.000000e+00 0.000000e+00 0.000000e+00 0.000000e+00 0.000000e+00 0.000000e+00 0.000000e+00 0.000000e+00 0.000000e+00 0.000000e+00 0.000000e+00 0.000000e+00 0.000000e+00 0.000000e+00 0.000000e+00 5.454291e-01 4.545709e-01 0.000000e+00 0.000000e+00 0.000000e+00 0.000000e+00 0.000000e+00 0.000000e+00 0.000000e+00 0.000000e+00
 0.000000e+00 0.000000e+00 0.000000e+00 0.000000e+00 0.000000e+00 0.000000e+00 0.000000e+00 0.000000e+00 0.000000e+00 0.000000e+00 0.000000e+00 0.000000e+00 0.000000e+00 0.000000e+00 0.000000e+00 0.000000e+00 0.000000e+00 0.000000e+00 0.000000e+00 4.443981e-01 5.556019e-01 0.000000e+00 0.000000e+00 0.000000e+00 0.000000e+00 0.000000e+00 0.000000e+00 0.000000e+00
 0.000000e+00 0.000000e+00 0.000000e+00 0.000000e+00 0.000000e+00 0.000000e+00 0.000000e+00 0.000000e+00 0.000000e+00 0.000000e+00 0.000000e+00 0.000000e+00 0.000000e+00 0.000000e+00 0.000000e+00 0.000000e+00 0.000000e+00 0.000000e+00 0.000000e+00 0.000000e+00 5.000945e-01 4.999055e-01 0.000000e+00 0.000000e+00 0.000000e+00 0.000000e+00 0.000000e+00 0.000000e+00
 0.000000e+00 0.000000e+00 0.000000e+00 0.000000e+00 0.000000e+00 0.000000e+00 0.000000e+00 0.000000e+00 0.000000e+00 0.000000e+00 0.000000e+00 0.000000e+00 0.000000e+00 0.000000e+00 0.000000e+00 0.000000e+00 0.000000e+00 0.000000e+00 0.000000e+00 0.000000e+00 0.000000e+00 4.443638e-01 5.556362e-01 0.000000e+00 0.000000e+00 0.000000e+00 0.000000e+00 0.000000e+00
 0.000000e+00 0.000000e+00 0.000000e+00 0.000000e+00 0.000000e+00 0.000000e+00 0.000000e+00 0.000000e+00 0.000000e+00 0.000000e+00 0.000000e+00 0.000000e+00 0.000000e+00 0.000000e+00 0.000000e+00 0.000000e+00 0.000000e+00 0.000000e+00 0.000000e+00 0.000000e+00 0.000000e+00 0.000000e+00 4.447204e-01 5.552796e-01 0.000000e+00 0.000000e+00 0.000000e+00 0.000000e+00
 0.000000e+00 0.000000e+00 0.000000e+00 0.000000e+00 0.000000e+00 0.000000e+00 0.000000e+00 0.000000e+00 0.000000e+00 0.000000e+00 0.000000e+00 0.000000e+00 0.000000e+00 0.000000e+00 0.000000e+00 0.000000e+00 0.000000e+00 0.000000e+00 0.000000e+00 0.000000e+00 0.000000e+00 0.000000e+00 0.000000e+00 6.147046e-01 3.852954e-01 0.000000e+00 0.000000e+00 0.000000e+00
 0.000000e+00 0.000000e+00 0.000000e+00 0.000000e+00 0.000000e+00 0.000000e+00 0.000000e+00 0.000000e+00 0.000000e+00 0.000000e+00 0.000000e+00 0.000000e+00 0.000000e+00 0.000000e+00 0.000000e+00 0.000000e+00 0.000000e+00 0.000000e+00 0.000000e+00 0.000000e+00 0.000000e+00 0.000000e+00 0.000000e+00 0.000000e+00 3.948281e-01 6.051719e-01 0.000000e+00 0.000000e+00
 0.000000e+00 0.000000e+00 0.000000e+00 0.000000e+00 0.000000e+00 0.000000e+00 0.000000e+00 0.000000e+00 0.000000e+00 0.000000e+00 0.000000e+00 0.000000e+00 0.000000e+00 0.000000e+00 0.000000e+00 0.000000e+00 0.000000e+00 0.000000e+00 0.000000e+00 0.000000e+00 0.000000e+00 0.000000e+00 0.000000e+00 0.000000e+00 0.000000e+00 5.349447e-01 4.650554e-01 0.000000e+00
 0.000000e+00 0.000000e+00 0.000000e+00 0.000000e+00 0.000000e+00 0.000000e+00 0.000000e+00 0.000000e+00 0.000000e+00 0.000000e+00 0.000000e+00 0.000000e+00 0.000000e+00 0.000000e+00 0.000000e+00 0.000000e+00 0.000000e+00 0.000000e+00 0.000000e+00 0.000000e+00 0.000000e+00 0.000000e+00 0.000000e+00 0.000000e+00 0.000000e+00 0.000000e+00 2.863728e-01 7.136272e-01
 0.000000e+00 0.000000e+00 0.000000e+00 0.000000e+00 0.000000e+00 0.000000e+00 0.000000e+00 0.000000e+00 0.000000e+00 0.000000e+00 0.000000e+00 0.000000e+00 0.000000e+00 0.000000e+00 0.000000e+00 0.000000e+00 0.000000e+00 0.000000e+00 0.000000e+00 0.000000e+00 0.000000e+00 0.000000e+00 0.000000e+00 0.000000e+00 0.000000e+00 0.000000e+00 0.000000e+00 0.000000e+00
<ENDHMM>
