~o
<STREAMINFO> 1 39
<VECSIZE> 39<NULLD><MFCC_E_D_A><DIAGC>
~h "Du*ng"
<BEGINHMM>
<NUMSTATES> 25
<STATE> 2
<MEAN> 39
 -8.163053e+00 -9.255749e+00 -5.798178e-01 -4.634163e+00 1.841330e+00 -4.162955e+00 2.549861e+00 2.420551e-01 2.429908e-01 -8.597670e-01 2.374785e+00 -2.052410e+00 8.470841e-03 -3.484372e-02 7.136776e-02 -1.553046e-01 -2.500520e-01 -3.032409e-01 -3.338178e-01 -3.144389e-01 -7.237362e-02 -6.946692e-01 -1.637715e-01 -9.612159e-01 -3.875965e-01 4.741831e-03 7.145069e-01 5.091740e-01 1.446631e-02 -2.164737e-01 -2.375982e-01 -3.685701e-01 -5.576071e-01 -3.886691e-01 -3.793407e-01 -4.017732e-01 -7.512012e-01 -4.335841e-01 2.415465e-02
<VARIANCE> 39
 9.011175e+00 2.815414e+00 8.467726e+00 1.365288e+01 2.151058e+01 1.390799e+01 4.543416e+00 2.182129e+01 7.229618e+00 8.483138e+00 6.032917e+00 3.094894e+00 5.000000e-02 1.323195e+00 6.973695e-01 8.758435e-01 3.808329e-01 2.344113e+00 2.479995e+00 1.022104e+00 2.646141e+00 1.094518e+00 8.090134e-01 1.570801e+00 9.382329e-01 5.000000e-02 1.055584e-01 5.000000e-02 2.290798e-01 2.556585e-01 2.907464e-01 1.314259e-01 8.237232e-02 4.146976e-01 1.584984e-01 3.286082e-01 2.170409e-01 1.161107e-01 5.000000e-02
<GCONST> 6.849865e+01
<STATE> 3
<MEAN> 39
 -4.617581e+00 -7.048437e+00 -1.745292e+00 -4.579382e+00 8.188317e-01 -6.006471e+00 2.801218e-02 -2.879916e+00 -1.446866e+00 -2.205855e+00 -7.908293e-01 -3.974550e+00 9.272086e-02 2.156504e+00 1.221367e+00 -3.092034e-01 -1.477007e+00 -1.113644e+00 -1.214209e+00 -1.432243e+00 2.442444e-01 -1.426326e+00 -1.253084e+00 -2.245163e+00 -6.301122e-01 1.054748e-01 1.567181e-01 1.219858e-01 -7.571901e-02 -9.097881e-01 1.334706e-01 -1.419263e-01 -3.490739e-01 3.425176e-01 -3.551124e-01 -4.433928e-01 -4.598587e-01 3.473961e-02 3.248829e-02
<VARIANCE> 39
 3.995242e+00 1.515638e+00 9.369845e+00 1.012150e+01 4.060741e+00 1.280672e+01 4.875752e+00 5.186837e+00 2.899738e+00 1.113566e+01 1.977359e+01 9.335990e+00 5.000000e-02 5.223275e-01 3.445929e-01 9.548100e-01 1.152872e+00 7.265114e-01 6.383171e-01 6.035804e-01 1.703230e+00 1.369594e+00 2.887910e+00 1.323198e+00 1.071671e+00 5.000000e-02 1.758602e-01 1.389468e-01 2.495602e-01 2.350609e-01 5.519680e-01 4.549369e-01 5.000000e-02 2.149084e-01 3.411603e-01 6.585379e-01 2.842150e-01 1.285550e-01 5.000000e-02
<GCONST> 6.701714e+01
<STATE> 4
<MEAN> 39
 1.253841e+00 -2.912937e+00 -2.139791e+00 -1.129174e+01 -1.620836e+00 -9.453703e+00 -4.412981e+00 9.515318e-02 -7.061378e+00 -6.491462e+00 -7.644259e+00 -5.015351e+00 4.693665e-01 8.314682e-01 8.510633e-01 2.387469e-01 -3.622518e+00 4.632962e-01 -9.499050e-01 -1.897209e+00 8.007901e-01 -1.697366e+00 -1.536561e+00 -1.832420e+00 -4.504368e-01 1.368038e-01 -8.625690e-01 -6.897698e-01 4.320729e-01 -1.882733e-01 -2.771789e-01 2.749712e-01 6.884650e-02 -2.988431e-01 5.444384e-01 7.140430e-01 6.620767e-01 2.920352e-01 -1.365516e-02
<VARIANCE> 39
 2.216311e+01 6.791747e+00 2.091561e+00 1.015322e+01 1.246007e+01 1.499178e+01 7.341058e+00 1.596559e+01 1.252749e+01 3.044988e+01 1.659907e+01 5.090603e+00 5.000000e-02 1.642962e+00 1.501698e+00 1.193924e+00 1.366499e+00 1.831399e+00 4.951942e+00 1.656303e-01 8.921273e-01 3.552273e+00 5.642637e+00 1.912277e+00 4.496666e-01 5.000000e-02 2.027326e-01 1.752567e-01 2.242844e-01 5.665874e-01 6.008341e-01 2.839555e-01 7.645375e-02 4.415610e-01 2.438648e-01 6.979483e-01 2.974759e-01 9.250458e-02 5.000000e-02
<GCONST> 7.974593e+01
<STATE> 5
<MEAN> 39
 -6.855183e-01 -5.002026e+00 -3.298924e-01 -2.117355e+01 -1.734311e+00 -1.219650e+01 -8.084781e+00 -5.336098e-01 -9.296384e+00 -6.596212e+00 -9.504686e+00 -5.838780e+00 6.901391e-01 -1.427911e+00 -1.195818e+00 6.986481e-01 -1.358354e+00 -3.808071e+00 -8.520909e-02 -8.897369e-01 -1.197499e+00 1.063339e+00 2.478812e+00 1.291911e+00 6.799415e-01 6.372816e-02 -3.280955e-01 -4.312580e-01 -3.316010e-01 1.241022e+00 -1.353593e+00 1.156700e-01 6.773192e-01 -3.286543e-01 9.116871e-01 9.207304e-01 1.540503e+00 3.501389e-01 -8.561225e-03
<VARIANCE> 39
 1.353767e+01 1.354924e+01 1.345982e+01 1.333313e+01 5.950523e+01 4.945526e+01 1.577542e+01 1.491760e+01 3.362750e+01 4.157761e+01 1.347957e+01 7.250490e+00 5.000000e-02 8.048687e-01 1.170411e+00 2.327878e+00 5.760971e+00 5.186913e+00 1.698364e+00 1.469578e+00 1.600386e+00 1.963741e+00 2.244465e+00 6.631505e+00 8.231685e-01 5.000000e-02 2.847037e-01 2.078675e-01 2.670400e-01 4.302546e-01 1.114422e+00 6.766562e-01 1.509556e-01 4.638795e-01 3.965234e-01 1.149791e+00 4.235472e-01 6.451198e-02 5.000000e-02
<GCONST> 9.479548e+01
<STATE> 6
<MEAN> 39
 -5.046055e+00 -7.630758e+00 1.557398e-01 -1.817041e+01 -1.611366e+01 -1.066524e+01 -9.950487e+00 -4.860188e+00 -2.197981e+00 1.870417e+00 -1.003336e+00 -2.070443e+00 8.544794e-01 -1.124308e+00 -1.861388e+00 -7.902228e-01 7.090949e-01 -4.749179e+00 -1.047635e+00 1.540193e+00 -9.823321e-01 1.823801e+00 2.548520e+00 4.558617e+00 9.585561e-01 8.040781e-02 2.702293e-01 -2.130065e-01 -6.790472e-01 3.317546e-01 1.262429e+00 -6.525765e-01 1.436162e+00 8.924656e-01 -4.452687e-01 -6.431532e-01 -2.882064e-01 -3.483879e-01 -1.128217e-02
<VARIANCE> 39
 9.191358e-01 1.552651e+01 5.100628e+01 9.493648e+00 2.802826e+01 4.252583e+01 3.577073e+01 7.091412e+00 1.935232e+01 3.234737e+01 5.686430e+01 1.110782e+01 5.000000e-02 3.339325e-01 5.058193e-01 2.175218e+00 8.702053e-01 5.203282e+00 1.369920e+00 2.483422e+00 1.490230e+00 9.220831e-01 3.160363e+00 2.675057e+00 8.548883e-01 5.000000e-02 9.060525e-02 1.488257e-01 5.571670e-01 2.387346e-01 6.897947e-01 3.265961e-01 3.177348e-01 3.331155e-01 1.155260e-01 6.181098e-01 1.904178e+00 4.316805e-01 5.000000e-02
<GCONST> 8.817181e+01
<STATE> 7
<MEAN> 39
 -6.009722e+00 -1.293621e+01 -1.105379e+00 -1.904487e+01 -2.270415e+01 -1.302133e+01 -4.537941e+00 -4.589799e+00 4.004284e-01 5.094523e+00 7.517263e+00 2.046163e-01 9.798770e-01 -4.492785e-01 -2.281029e+00 -1.899658e+00 8.720480e-01 -2.772222e-01 -2.073527e+00 4.038710e+00 2.187366e+00 4.174696e-01 2.762374e-01 1.863937e+00 2.612492e-02 3.142607e-02 1.799680e-01 1.942250e-01 -2.793858e-01 2.126305e-01 2.112987e+00 2.556395e-01 -1.333635e-02 1.508655e+00 -4.291457e-01 -1.054100e+00 -2.288035e+00 -4.217824e-01 -2.535234e-02
<VARIANCE> 39
 1.559362e+00 1.206710e+01 2.044897e+01 2.858858e+00 1.183034e+01 2.452332e+01 2.550903e+01 1.184410e+01 1.865988e+01 1.104954e+01 2.787539e+01 1.498362e+01 5.000000e-02 5.000000e-02 3.070627e-01 1.663723e+00 4.891320e-01 3.864497e+00 1.107785e+00 1.218339e+00 1.865999e+00 1.437848e+00 3.462860e+00 4.494642e+00 2.193136e+00 5.000000e-02 5.000000e-02 9.892580e-02 1.456390e-01 6.530632e-02 2.601901e-01 1.750489e-01 6.644575e-01 1.995057e-01 2.298757e-01 2.552552e-01 4.921052e-01 6.398313e-02 5.000000e-02
<GCONST> 7.285611e+01
<STATE> 8
<MEAN> 39
 -6.289857e+00 -1.483280e+01 -6.715057e+00 -1.482807e+01 -1.693729e+01 -1.874549e+01 6.059754e+00 1.397502e+00 -2.220273e+00 3.944217e+00 3.475351e+00 -3.864066e+00 9.624560e-01 -2.626389e-01 -1.522251e+00 -1.534470e+00 1.618832e+00 2.354534e+00 3.475734e-02 1.873711e+00 4.153554e+00 4.960948e-01 -1.513743e+00 -3.639511e+00 -5.074888e-01 -3.493343e-03 9.562869e-02 4.853073e-01 -1.170657e-01 -4.805870e-02 9.774776e-01 1.030623e+00 -1.477021e+00 4.688299e-01 3.478099e-01 -8.687386e-01 -1.551081e+00 -1.071504e-01 -7.197247e-03
<VARIANCE> 39
 2.485644e+00 1.538007e+01 3.533284e+01 1.136604e+01 5.647718e+00 1.647496e+01 1.813209e+01 9.698151e+00 8.142542e+00 7.032663e+00 1.743339e+01 2.370754e+01 5.000000e-02 8.658247e-02 2.128326e-01 4.456954e-01 6.747347e-01 1.128659e+00 2.088189e+00 3.600593e+00 1.360529e+00 7.304233e-01 2.187885e+00 1.863468e+00 1.392949e+00 5.000000e-02 5.000000e-02 6.022314e-02 1.636852e-01 5.000000e-02 6.063976e-01 1.010009e-01 2.418076e-01 4.531669e-01 2.421585e-01 7.810878e-01 6.918267e-01 2.789220e-01 5.000000e-02
<GCONST> 7.185171e+01
<STATE> 9
<MEAN> 39
 -7.494851e+00 -1.716632e+01 -8.113874e+00 -1.395050e+01 -1.295371e+01 -1.437952e+01 6.236168e-01 1.067441e+01 2.319743e+00 -4.126147e-01 -4.951565e+00 -1.382155e+00 9.669433e-01 -2.752103e-01 5.518894e-02 -2.338361e+00 3.057811e-01 2.826227e+00 1.360245e+00 -1.095074e+00 2.217577e+00 2.160728e+00 -1.323580e+00 -3.820233e+00 -5.218993e-01 7.572096e-03 1.244679e-01 3.233889e-01 6.004811e-02 -5.039220e-01 3.373382e-01 6.859036e-01 -5.905325e-01 -1.155141e+00 3.415118e-01 3.246092e-01 6.115210e-02 -2.975847e-01 -6.698794e-04
<VARIANCE> 39
 4.799115e+00 6.941479e+00 1.777579e+01 1.222648e+01 5.219636e+00 1.563678e+01 2.297335e+01 1.460398e+01 1.828673e+01 7.549415e+00 1.223281e+01 2.301851e+01 5.000000e-02 1.384758e-01 3.651912e-01 2.022788e-01 8.665057e-01 6.551634e-01 1.450422e+00 4.043035e-01 3.913914e+00 1.228490e+00 7.783669e-01 7.212667e-01 6.428273e-01 5.000000e-02 5.000000e-02 5.376017e-02 8.122726e-02 6.952333e-02 8.663723e-02 1.092857e-01 2.644852e-01 1.986448e-01 2.556139e-01 5.000000e-02 3.275104e-01 1.238663e-01 5.000000e-02
<GCONST> 6.096572e+01
<STATE> 10
<MEAN> 39
 -6.856310e+00 -1.658642e+01 -1.510053e+01 -1.262394e+01 -3.189476e+00 -8.654698e+00 9.669213e-01 1.301632e+01 6.314435e+00 -4.397983e+00 -1.448547e+01 -6.996910e+00 9.769253e-01 2.020059e-01 -4.185959e-02 -1.210482e+00 -1.823380e-01 2.811212e+00 3.119152e+00 -1.980590e+00 -8.200034e-01 1.199730e+00 -3.374957e-01 -2.332686e+00 -1.796831e+00 -1.629579e-02 3.245889e-01 1.546708e-01 5.672199e-01 -5.191037e-02 -1.028305e+00 -4.012113e-02 -5.786272e-01 -1.124446e+00 -9.158148e-01 5.738989e-01 1.212257e+00 -3.510603e-02 -1.185818e-02
<VARIANCE> 39
 4.378751e+00 2.757234e+00 1.110527e+01 2.659511e+01 1.868796e+01 1.270638e+01 1.511822e+01 2.032759e+01 3.327901e+01 1.889153e+01 1.192390e+01 2.487354e+01 5.000000e-02 1.342988e-01 2.934664e-01 5.642846e-01 5.129803e-01 4.100185e+00 1.110749e+00 1.858851e+00 2.783229e+00 1.021178e+00 1.249237e+00 2.612033e+00 2.394661e-01 5.000000e-02 5.000000e-02 7.957046e-02 6.979340e-02 2.195298e-01 1.139882e+00 2.185453e-01 3.367403e-01 1.080546e+00 5.286043e-01 2.819786e-01 5.913154e-01 2.206999e-01 5.000000e-02
<GCONST> 7.661759e+01
<STATE> 11
<MEAN> 39
 -7.284321e+00 -1.593145e+01 -1.470611e+01 -1.575723e+01 1.124463e+00 -5.245122e+00 -6.258872e+00 7.922552e+00 8.718108e+00 -1.657233e+00 -1.609032e+01 -8.512150e+00 9.292805e-01 1.027636e+00 1.261481e-01 2.055320e-01 -5.170084e-01 9.262999e-01 1.460091e+00 -2.124279e+00 -1.727346e+00 -2.071753e+00 2.581173e-01 2.211943e-02 -1.083759e+00 -3.759497e-02 4.591969e-01 -1.870587e-01 9.099806e-01 1.438619e-02 -1.313017e+00 -5.967062e-01 8.485275e-02 -2.875784e-01 -1.088318e+00 3.039674e-01 1.205741e+00 7.354910e-01 -9.617268e-03
<VARIANCE> 39
 5.744343e+00 3.826872e+00 1.302542e+01 2.255706e+01 2.181293e+01 1.086224e+01 6.957225e+00 4.179686e+00 1.579713e+01 2.156339e+00 5.438404e+00 2.090894e+01 5.000000e-02 1.166085e-01 2.252639e-01 8.540805e-01 1.103357e+00 9.517836e+00 8.334894e-01 3.547267e+00 3.004278e+00 4.238924e+00 1.238520e+00 4.459407e+00 6.156288e-01 5.000000e-02 5.000000e-02 6.563486e-02 8.523004e-02 6.070277e-02 2.475343e-01 1.832528e-01 3.988653e-01 2.626749e-01 3.942956e-01 1.426595e-01 1.985768e-01 1.937518e-01 5.000000e-02
<GCONST> 6.950121e+01
<STATE> 12
<MEAN> 39
 -2.445944e+00 -1.701366e+01 -1.057240e+01 -1.565114e+01 -2.476304e+00 -3.903357e+00 -8.476267e+00 2.671588e+00 5.509508e-01 -2.316292e-01 -1.293632e+01 -8.637551e+00 8.050469e-01 2.315060e+00 -6.067431e-01 2.269900e+00 1.098920e-01 -2.212056e+00 7.881354e-01 -1.132143e+00 -2.230860e+00 -1.476453e+00 4.789885e-01 1.902766e+00 1.334116e+00 -4.332580e-02 1.660145e-01 -8.791736e-02 2.510764e-01 2.813410e-01 -6.049741e-01 -1.964371e-01 6.142181e-01 3.231242e-01 5.030557e-01 -5.922931e-01 3.242938e-01 2.986941e-01 3.860539e-03
<VARIANCE> 39
 1.129667e+01 7.533958e+00 3.955121e+01 7.506225e+01 9.484646e+01 2.103926e+01 6.232929e+00 2.165199e+01 1.217204e+01 1.441290e+01 2.094161e+01 1.731607e+01 5.000000e-02 3.428508e-01 6.510986e-01 1.916457e+00 2.534666e+00 4.567089e+00 1.560357e+00 4.639545e+00 2.295312e+00 3.252335e+00 1.694651e+00 1.814534e+00 2.294598e+00 5.000000e-02 8.222281e-02 1.006106e-01 3.265394e-01 8.037509e-01 1.468977e+00 4.859949e-01 4.300272e-01 1.988105e-01 1.083718e+00 3.609283e-01 7.623731e-01 5.031512e-01 5.000000e-02
<GCONST> 9.541194e+01
<STATE> 13
<MEAN> 39
 2.999022e+00 -1.962176e+01 -4.564122e+00 -1.522302e+01 -8.782223e+00 -1.519087e+00 -8.999851e+00 -1.016247e+00 3.267380e-01 -4.549434e+00 -7.612528e+00 -5.664823e+00 7.206943e-01 1.385305e+00 -9.507179e-02 5.966368e-01 3.472465e-01 -2.220376e+00 4.573115e-01 -2.104514e-01 -1.018773e+00 -4.251427e-01 -1.751518e+00 1.457030e+00 4.767726e-02 -2.076598e-02 -3.848622e-01 4.088430e-01 -5.051367e-01 1.929574e-01 2.992448e-01 -2.835025e-01 3.571393e-01 3.734306e-01 3.064058e-01 4.385885e-02 -1.696306e-01 -1.435906e-01 5.846835e-03
<VARIANCE> 39
 1.315450e+01 9.275509e+00 6.387231e+01 9.948556e+00 1.978333e+01 1.216299e+01 2.691222e+01 3.060833e+01 8.499855e+00 2.684151e+01 5.488217e+00 1.005751e+01 5.000000e-02 3.978422e-01 6.355160e-01 1.801602e+00 2.346713e+00 3.900476e+00 1.922126e+00 3.865928e+00 1.283201e+00 2.264239e+00 2.747505e+00 1.711421e+00 3.492232e-01 5.000000e-02 8.495270e-02 5.001150e-02 4.421727e-01 1.649492e-01 5.044252e-01 2.762220e-01 6.499032e-01 2.689825e-01 1.888933e-01 8.400123e-01 1.988617e-01 3.495120e-01 5.000000e-02
<GCONST> 8.428093e+01
<STATE> 14
<MEAN> 39
 1.785329e+00 -1.524088e+01 -1.186770e+01 -1.116246e+01 -1.152097e+01 -2.311723e-01 -1.196254e+01 2.330116e+00 -2.928062e-01 -5.034161e+00 -5.321619e+00 -7.423070e+00 7.596902e-01 1.275706e+00 6.579311e-01 5.435927e-01 1.322483e+00 -1.732339e+00 -2.158637e-01 4.693372e-01 -4.412816e-01 -3.640937e-01 -2.682223e-01 1.391527e+00 1.059335e+00 -2.055590e-02 4.103100e-02 -1.338814e-01 1.597921e-02 3.655583e-02 4.859745e-01 -3.855782e-01 8.896133e-01 -1.665635e-01 4.219677e-01 6.518393e-02 -7.865964e-01 1.799771e-01 3.955513e-03
<VARIANCE> 39
 2.012646e+01 1.880375e+01 6.519884e+01 2.487500e+01 2.967938e+01 1.457725e+01 5.046317e+01 1.101753e+02 8.414269e+00 2.366057e+01 1.197808e+01 1.038258e+01 5.000000e-02 4.459731e-01 1.953096e-01 2.003700e-01 7.879264e-01 1.398036e+00 9.223856e-01 2.028799e+00 6.238228e-01 2.029765e+00 1.217867e+00 2.305725e+00 1.092762e+00 5.000000e-02 1.898459e-01 1.201209e-01 1.901375e-01 1.925116e-01 4.879695e-01 3.687521e-01 1.140464e+00 1.306796e+00 9.656595e-02 3.699091e-01 7.328979e-01 1.340213e-01 5.000000e-02
<GCONST> 8.480285e+01
<STATE> 15
<MEAN> 39
 5.966190e+00 -1.513563e+01 -1.037604e+01 -9.067292e+00 -1.392750e+01 -7.462350e-01 -9.022013e+00 -6.003450e-01 -2.239744e-01 -4.028270e+00 -5.542128e+00 -3.341953e+00 7.258843e-01 1.526642e+00 -2.508556e-01 1.014802e+00 3.081614e-01 -7.337131e-02 -9.037363e-01 2.586255e+00 -2.173240e+00 8.496739e-01 -4.407539e-01 -5.256990e-02 3.072930e-01 -1.544803e-02 -3.281909e-01 -1.377625e-01 4.952203e-02 -4.191672e-01 7.117833e-01 -2.478452e-01 2.854893e-01 1.632663e-01 3.016904e-01 -9.300545e-02 -1.983418e-01 -2.551979e-01 1.843491e-03
<VARIANCE> 39
 1.149898e+01 7.757885e+00 3.409068e+01 1.373344e+01 2.034792e+01 6.441163e+00 5.515464e+01 5.465824e+01 2.477781e+01 7.596224e+00 1.450520e+01 5.607747e+00 5.000000e-02 1.126834e+00 6.853709e-01 4.778905e-01 1.963831e+00 1.933546e+00 1.690600e+00 5.328717e+00 6.002399e+00 1.016267e+00 1.683569e+00 4.261876e+00 1.065582e+00 5.000000e-02 1.179806e-01 5.000000e-02 1.380458e-01 9.863010e-02 8.321308e-02 2.043987e-01 9.113121e-01 6.091335e-01 8.483303e-02 6.158434e-02 4.107433e-01 2.863314e-01 5.000000e-02
<GCONST> 8.074419e+01
<STATE> 16
<MEAN> 39
 6.938814e+00 -1.776251e+01 -3.600391e+00 -1.229343e+01 -1.142150e+01 -3.499556e+00 -4.399808e+00 -3.136747e+00 3.924032e+00 -7.779700e+00 -7.439476e+00 -5.067081e+00 6.554536e-01 2.216350e-01 1.906426e-01 -2.293096e-01 4.220030e-01 3.627485e-01 -1.672548e+00 5.078170e-01 6.971918e-01 4.102932e-01 -8.937764e-01 -2.699324e-01 1.231178e-01 -1.246245e-02 -1.560640e-01 2.452267e-02 -2.090335e-01 7.298039e-02 7.889237e-02 -4.322795e-01 -1.487074e-01 2.096759e-01 -3.728363e-01 1.145940e-01 1.392429e-01 1.787234e-02 -1.565280e-03
<VARIANCE> 39
 6.229828e+00 4.937975e+00 2.585314e+01 4.787584e+00 1.000311e+01 7.193275e+00 3.722742e+00 8.015917e+00 2.348036e+01 3.146058e+00 1.649120e+01 3.954251e+00 5.000000e-02 5.000000e-02 3.577287e-01 1.605777e+00 1.283842e+00 4.856426e-01 1.250364e+00 2.229209e+00 1.477740e+00 1.167037e+00 2.446722e-01 5.891683e-01 6.015558e-01 5.000000e-02 7.317490e-02 5.000000e-02 8.535544e-02 1.441683e-01 1.505477e-01 4.073024e-01 4.870341e-01 3.525307e-01 1.091416e-01 1.801037e-01 2.735797e-01 5.000000e-02 5.000000e-02
<GCONST> 5.940573e+01
<STATE> 17
<MEAN> 39
 8.305154e+00 -1.526966e+01 -7.763433e+00 -9.537293e+00 -1.108652e+01 -1.107589e+01 -1.866475e+00 -1.567253e+00 6.631846e-01 -8.577515e+00 -6.622684e+00 -3.868922e+00 6.332016e-01 -6.437301e-02 4.409070e-01 5.001344e-02 1.527198e-01 7.358021e-01 -8.099714e-01 9.055832e-01 1.776144e-01 2.174345e-01 8.183149e-01 6.864064e-01 4.406400e-01 -1.843631e-02 -1.546022e-01 7.583665e-02 -3.086881e-02 -1.982951e-01 6.336147e-02 8.290337e-01 -2.979622e-01 -7.413063e-02 1.997559e-01 3.500910e-01 1.348166e-01 1.410892e-01 -1.962085e-03
<VARIANCE> 39
 6.413627e+00 7.561015e+00 1.219613e+01 4.340960e+00 5.187323e+00 1.569344e+01 9.727941e+00 1.442760e+01 3.137287e+01 8.754592e+00 1.468624e+01 9.233331e+00 5.000000e-02 5.126287e-02 4.302051e-01 1.323786e+00 9.101487e-01 2.783779e-01 2.601066e+00 1.408031e-01 4.620403e-01 3.928978e-01 9.655161e-01 7.465751e-01 2.699770e-01 5.000000e-02 5.000000e-02 5.000000e-02 1.529176e-01 2.118506e-01 9.208193e-02 1.764134e-01 6.329848e-01 3.337266e-01 7.363206e-02 1.963776e-01 2.200628e-01 1.132021e-01 5.000000e-02
<GCONST> 5.813049e+01
<STATE> 18
<MEAN> 39
 6.933769e+00 -1.628795e+01 -5.527494e+00 -1.006003e+01 -9.311303e+00 -6.480655e+00 -1.491572e+00 -2.550325e+00 4.419661e+00 -5.179909e+00 -3.806861e+00 -2.268840e+00 6.001315e-01 -3.192191e-01 2.364030e-01 -5.740722e-01 -6.820904e-02 4.581266e-01 2.455799e-01 -3.581857e-01 -1.426066e-01 4.093150e-01 -7.211895e-02 3.242871e-01 1.418383e-01 -2.389827e-02 -8.907835e-02 1.630732e-01 -2.370230e-01 9.282663e-02 -5.582014e-02 -1.450683e-01 -3.494385e-01 2.233420e-02 -3.545595e-01 -3.151226e-01 -1.992300e-01 -2.085362e-01 -2.373799e-03
<VARIANCE> 39
 2.366676e+00 2.808036e+00 1.266321e+01 4.259120e+00 7.283845e+00 8.271127e+00 1.408941e+01 1.098520e+01 1.874225e+01 5.768610e+00 1.060266e+01 1.040060e+01 5.000000e-02 5.000000e-02 2.116303e-01 7.420138e-01 6.920877e-01 3.504133e-01 6.572750e-01 1.090730e+00 4.662618e-01 9.160150e-01 1.029531e+00 1.472306e+00 1.709911e+00 5.000000e-02 5.000000e-02 6.862334e-02 2.313599e-01 1.362063e-01 1.314171e-01 8.753577e-02 2.057039e-01 1.485143e-01 6.074778e-02 1.746770e-01 5.000000e-02 2.018678e-01 5.000000e-02
<GCONST> 5.437603e+01
<STATE> 19
<MEAN> 39
 6.724669e+00 -1.448182e+01 -8.956540e+00 -1.037948e+01 -8.600492e+00 -8.320644e+00 -3.309835e+00 -3.623873e+00 3.338480e+00 -6.979966e+00 -4.885374e+00 -3.702441e+00 5.538566e-01 -2.389661e-01 1.056435e+00 -2.660303e-01 4.827119e-01 7.551140e-01 -8.523759e-01 -3.254342e-01 5.045258e-02 -8.277403e-01 -7.672646e-01 -5.477028e-02 -1.441896e-01 -2.759466e-02 -1.412701e-01 2.692066e-01 5.375941e-01 3.787181e-01 1.135367e-01 -8.145097e-02 4.466355e-01 2.550995e-01 -4.873231e-01 -2.676139e-02 -2.219498e-02 -1.976808e-02 -6.185453e-03
<VARIANCE> 39
 6.043502e+00 1.306855e+01 5.127687e+00 6.890416e+00 1.632861e-01 6.728461e+00 4.670012e+00 7.212999e+00 1.185496e+01 7.857474e+00 7.088835e+00 1.270903e+01 5.000000e-02 1.714343e-01 2.483268e-01 7.194065e-01 1.262856e+00 8.376827e-01 6.769890e-01 5.814666e-01 1.029772e+00 7.474406e-01 6.676481e-01 1.753336e-01 7.009374e-01 5.000000e-02 5.000000e-02 5.000000e-02 5.000000e-02 5.000000e-02 5.000000e-02 1.397118e-01 1.280829e-01 1.733150e-01 1.778152e-01 1.767295e-01 2.044377e-01 2.681514e-01 5.000000e-02
<GCONST> 4.902765e+01
<STATE> 20
<MEAN> 39
 5.740129e+00 -1.168977e+01 -7.086038e+00 -8.125844e+00 -6.814940e+00 -1.012305e+01 -1.863531e+00 -1.138055e+00 1.110538e+00 -7.592939e+00 -3.315402e+00 -2.590174e+00 4.611649e-01 -1.049043e+00 1.292251e+00 1.137632e+00 1.034902e+00 9.075907e-01 1.528354e-01 9.220575e-01 2.942128e-01 -1.243791e+00 -1.903968e-01 -4.013368e-02 -3.378341e-01 -5.012308e-02 -3.724467e-01 -7.851119e-02 3.866503e-01 1.826375e-01 1.163269e-01 2.796354e-01 8.912727e-02 -6.672587e-02 3.133909e-01 2.077263e-01 -6.394023e-02 -1.948491e-01 -9.461468e-03
<VARIANCE> 39
 8.995928e+00 1.021902e+01 9.152186e+00 1.862195e+01 4.951055e+00 8.698133e+00 6.005394e+00 1.990291e+01 1.058606e+01 1.131799e+01 7.797395e+00 8.293292e+00 5.000000e-02 3.485167e-01 1.584999e-01 1.389759e-01 7.774821e-01 5.017234e-01 1.489414e+00 5.213822e-01 1.288676e+00 9.272903e-01 7.885180e-01 1.040143e+00 7.215478e-01 5.000000e-02 7.493255e-02 5.760439e-02 1.365828e-01 2.542385e-01 1.732621e-01 2.232878e-01 1.153280e-01 1.813464e-01 1.393191e-01 2.299864e-01 2.265390e-01 2.481931e-01 5.000000e-02
<GCONST> 6.119617e+01
<STATE> 21
<MEAN> 39
 1.823445e+00 -9.424969e+00 -4.243204e+00 -6.146142e+00 -4.610700e+00 -8.638861e+00 -1.415197e-01 -2.457126e+00 -1.788246e+00 -8.803064e+00 -5.029361e+00 -4.010553e+00 3.302606e-01 -1.671214e+00 6.181242e-01 1.402213e+00 1.177859e+00 1.007824e+00 3.508418e-01 3.607017e-01 1.786437e-01 3.874752e-01 5.162750e-01 8.797780e-02 -6.574069e-01 -6.579137e-02 1.163363e-02 -2.624450e-01 -1.075323e-01 -7.848531e-02 1.756739e-01 2.464866e-01 -2.203599e-01 1.253472e-01 5.951383e-01 4.338782e-01 3.041760e-01 6.946870e-02 1.691238e-03
<VARIANCE> 39
 1.465828e+01 6.702345e+00 3.584143e+00 1.812030e+01 3.043167e+00 1.676396e+01 9.467432e+00 5.772271e+00 2.013032e+01 9.556044e+00 1.615628e+01 7.968383e+00 5.000000e-02 4.431764e-01 3.526961e-01 6.565235e-01 1.093486e+00 6.386683e-01 1.195010e+00 1.703272e-01 7.232710e-01 1.047817e+00 1.032723e+00 1.682451e+00 9.965509e-01 5.000000e-02 1.230087e-01 5.000000e-02 8.836713e-02 2.541888e-01 9.153275e-02 3.116226e-01 6.535340e-02 2.121441e-01 2.189834e-01 1.998212e-01 4.622023e-01 2.517046e-01 5.000000e-02
<GCONST> 6.354242e+01
<STATE> 22
<MEAN> 39
 -9.996562e-01 -9.353675e+00 -1.607211e+00 -2.321484e+00 -5.414595e-01 -7.555243e+00 2.509599e-01 7.046130e-01 2.826757e+00 -4.278466e+00 -2.283571e+00 -4.715095e+00 1.989967e-01 -9.997073e-01 3.657385e-01 7.493672e-01 9.306998e-01 1.428300e+00 1.090254e+00 -1.404196e-01 6.839350e-01 9.646395e-01 7.035611e-01 6.939400e-01 1.483109e-01 -3.844518e-02 8.454599e-02 -1.267579e-01 -2.605363e-01 -4.245080e-01 -4.243817e-01 2.830323e-02 -3.919463e-02 -4.340457e-02 -9.207989e-02 -1.994701e-01 4.687480e-02 3.103069e-01 2.170753e-03
<VARIANCE> 39
 4.978683e+00 9.311462e+00 3.466254e+00 4.290935e+00 1.568639e+01 3.656260e+00 6.251451e+00 8.481882e+00 1.077888e+01 6.490582e+00 1.120260e+01 1.980727e+01 5.000000e-02 5.930809e-01 3.513781e-01 7.846617e-01 1.160069e+00 1.152064e+00 8.450915e-01 5.660459e-01 5.307242e-01 8.871540e-01 2.921128e+00 2.946299e+00 6.465065e-01 5.000000e-02 5.000000e-02 1.260649e-01 2.492669e-01 9.153495e-02 2.958495e-01 1.180329e-01 6.905124e-02 1.858407e-01 2.024124e-01 2.910722e-01 3.056543e-01 1.849611e-01 5.000000e-02
<GCONST> 6.333906e+01
<STATE> 23
<MEAN> 39
 -2.282978e+00 -7.651406e+00 -7.754197e-01 -2.675442e+00 -2.229772e-01 -4.791061e+00 -1.863665e-01 -5.333852e-01 2.473716e+00 -4.641933e+00 -2.465827e+00 -5.195533e+00 1.403356e-01 -1.117933e+00 -3.190270e-01 -1.910692e-01 -4.655080e-01 8.514638e-02 5.264807e-01 5.430727e-01 5.047556e-01 2.255457e-01 5.541350e-01 8.969252e-01 9.122570e-01 -5.000795e-02 2.048866e-01 -2.685048e-01 -3.261509e-01 -7.878893e-02 -2.734841e-01 -2.896670e-01 2.198317e-01 -4.341481e-02 -3.583339e-01 -2.080449e-01 -3.114090e-02 2.817793e-01 7.986022e-03
<VARIANCE> 39
 8.898908e-01 1.162949e+00 4.962512e+00 6.859049e+00 2.478660e+00 5.110999e+00 8.012877e+00 5.538109e+00 3.199199e+01 9.873870e+00 2.176129e+01 3.947025e+00 5.000000e-02 2.629894e-01 6.247833e-01 9.023074e-01 2.258222e-01 1.316751e+00 7.673569e-01 6.879509e-01 1.325923e+00 1.747513e+00 1.053711e+00 1.019805e+00 1.025376e+00 5.000000e-02 7.391872e-02 5.000000e-02 8.445372e-02 1.338295e-01 6.180621e-02 6.925957e-02 1.363783e-01 5.213760e-02 5.509341e-01 3.655801e-01 4.760607e-01 8.800299e-02 5.000000e-02
<GCONST> 5.471080e+01
<STATE> 24
<MEAN> 39
 -4.874233e+00 -9.731774e+00 -2.173272e+00 -3.635115e+00 -5.678409e-01 -5.694387e+00 2.022652e+00 2.429000e+00 3.159637e+00 -3.926054e+00 1.382244e-01 -2.134994e+00 4.158398e-02 -6.293460e-01 -4.398849e-01 -7.495973e-02 2.806132e-01 3.116976e-02 1.478410e-01 4.299265e-01 1.148273e-01 -1.113404e-01 2.659673e-01 7.127270e-01 8.513301e-01 -2.677448e-02 3.382356e-01 1.145700e-01 1.171891e-01 2.553093e-01 1.194333e-01 -1.546264e-02 -8.824430e-02 -3.582191e-01 -1.082891e-01 -8.090553e-02 -2.582725e-01 -1.835950e-01 1.422346e-02
<VARIANCE> 39
 1.265872e+00 2.030558e+00 4.629097e+00 7.179716e+00 1.261368e+01 6.646697e+00 1.601511e+01 1.398195e+01 7.439308e+00 8.148001e+00 8.523040e+00 1.100589e+01 5.000000e-02 1.912316e-01 3.769948e-01 5.815148e-01 6.528611e-01 7.049644e-01 5.784844e-01 8.500710e-01 5.303840e-01 3.118910e+00 7.601697e-01 1.204713e+00 4.265581e-01 5.000000e-02 5.000000e-02 7.881262e-02 1.807494e-01 1.236085e-01 2.464731e-01 1.021292e-01 8.136902e-02 1.670676e-01 3.439471e-01 2.825847e-01 2.045398e-01 1.478320e-01 5.000000e-02
<GCONST> 5.738176e+01
<TRANSP> 25
 0.000000e+00 1.000000e+00 0.000000e+00 0.000000e+00 0.000000e+00 0.000000e+00 0.000000e+00 0.000000e+00 0.000000e+00 0.000000e+00 0.000000e+00 0.000000e+00 0.000000e+00 0.000000e+00 0.000000e+00 0.000000e+00 0.000000e+00 0.000000e+00 0.000000e+00 0.000000e+00 0.000000e+00 0.000000e+00 0.000000e+00 0.000000e+00 0.000000e+00
 0.000000e+00 5.005982e-01 4.994019e-01 0.000000e+00 0.000000e+00 0.000000e+00 0.000000e+00 0.000000e+00 0.000000e+00 0.000000e+00 0.000000e+00 0.000000e+00 0.000000e+00 0.000000e+00 0.000000e+00 0.000000e+00 0.000000e+00 0.000000e+00 0.000000e+00 0.000000e+00 0.000000e+00 0.000000e+00 0.000000e+00 0.000000e+00 0.000000e+00
 0.000000e+00 0.000000e+00 5.449687e-01 4.550313e-01 0.000000e+00 0.000000e+00 0.000000e+00 0.000000e+00 0.000000e+00 0.000000e+00 0.000000e+00 0.000000e+00 0.000000e+00 0.000000e+00 0.000000e+00 0.000000e+00 0.000000e+00 0.000000e+00 0.000000e+00 0.000000e+00 0.000000e+00 0.000000e+00 0.000000e+00 0.000000e+00 0.000000e+00
 0.000000e+00 0.000000e+00 0.000000e+00 5.833217e-01 4.166783e-01 0.000000e+00 0.000000e+00 0.000000e+00 0.000000e+00 0.000000e+00 0.000000e+00 0.000000e+00 0.000000e+00 0.000000e+00 0.000000e+00 0.000000e+00 0.000000e+00 0.000000e+00 0.000000e+00 0.000000e+00 0.000000e+00 0.000000e+00 0.000000e+00 0.000000e+00 0.000000e+00
 0.000000e+00 0.000000e+00 0.000000e+00 0.000000e+00 6.428772e-01 3.571227e-01 0.000000e+00 0.000000e+00 0.000000e+00 0.000000e+00 0.000000e+00 0.000000e+00 0.000000e+00 0.000000e+00 0.000000e+00 0.000000e+00 0.000000e+00 0.000000e+00 0.000000e+00 0.000000e+00 0.000000e+00 0.000000e+00 0.000000e+00 0.000000e+00 0.000000e+00
 0.000000e+00 0.000000e+00 0.000000e+00 0.000000e+00 0.000000e+00 4.444076e-01 5.555924e-01 0.000000e+00 0.000000e+00 0.000000e+00 0.000000e+00 0.000000e+00 0.000000e+00 0.000000e+00 0.000000e+00 0.000000e+00 0.000000e+00 0.000000e+00 0.000000e+00 0.000000e+00 0.000000e+00 0.000000e+00 0.000000e+00 0.000000e+00 0.000000e+00
 0.000000e+00 0.000000e+00 0.000000e+00 0.000000e+00 0.000000e+00 0.000000e+00 3.750264e-01 6.249735e-01 0.000000e+00 0.000000e+00 0.000000e+00 0.000000e+00 0.000000e+00 0.000000e+00 0.000000e+00 0.000000e+00 0.000000e+00 0.000000e+00 0.000000e+00 0.000000e+00 0.000000e+00 0.000000e+00 0.000000e+00 0.000000e+00 0.000000e+00
 0.000000e+00 0.000000e+00 0.000000e+00 0.000000e+00 0.000000e+00 0.000000e+00 0.000000e+00 4.444286e-01 5.555714e-01 0.000000e+00 0.000000e+00 0.000000e+00 0.000000e+00 0.000000e+00 0.000000e+00 0.000000e+00 0.000000e+00 0.000000e+00 0.000000e+00 0.000000e+00 0.000000e+00 0.000000e+00 0.000000e+00 0.000000e+00 0.000000e+00
 0.000000e+00 0.000000e+00 0.000000e+00 0.000000e+00 0.000000e+00 0.000000e+00 0.000000e+00 0.000000e+00 5.833340e-01 4.166661e-01 0.000000e+00 0.000000e+00 0.000000e+00 0.000000e+00 0.000000e+00 0.000000e+00 0.000000e+00 0.000000e+00 0.000000e+00 0.000000e+00 0.000000e+00 0.000000e+00 0.000000e+00 0.000000e+00 0.000000e+00
 0.000000e+00 0.000000e+00 0.000000e+00 0.000000e+00 0.000000e+00 0.000000e+00 0.000000e+00 0.000000e+00 0.000000e+00 5.454558e-01 4.545442e-01 0.000000e+00 0.000000e+00 0.000000e+00 0.000000e+00 0.000000e+00 0.000000e+00 0.000000e+00 0.000000e+00 0.000000e+00 0.000000e+00 0.000000e+00 0.000000e+00 0.000000e+00 0.000000e+00
 0.000000e+00 0.000000e+00 0.000000e+00 0.000000e+00 0.000000e+00 0.000000e+00 0.000000e+00 0.000000e+00 0.000000e+00 0.000000e+00 3.749928e-01 6.250072e-01 0.000000e+00 0.000000e+00 0.000000e+00 0.000000e+00 0.000000e+00 0.000000e+00 0.000000e+00 0.000000e+00 0.000000e+00 0.000000e+00 0.000000e+00 0.000000e+00 0.000000e+00
 0.000000e+00 0.000000e+00 0.000000e+00 0.000000e+00 0.000000e+00 0.000000e+00 0.000000e+00 0.000000e+00 0.000000e+00 0.000000e+00 0.000000e+00 5.454465e-01 4.545535e-01 0.000000e+00 0.000000e+00 0.000000e+00 0.000000e+00 0.000000e+00 0.000000e+00 0.000000e+00 0.000000e+00 0.000000e+00 0.000000e+00 0.000000e+00 0.000000e+00
 0.000000e+00 0.000000e+00 0.000000e+00 0.000000e+00 0.000000e+00 0.000000e+00 0.000000e+00 0.000000e+00 0.000000e+00 0.000000e+00 0.000000e+00 0.000000e+00 4.431839e-01 5.568161e-01 0.000000e+00 0.000000e+00 0.000000e+00 0.000000e+00 0.000000e+00 0.000000e+00 0.000000e+00 0.000000e+00 0.000000e+00 0.000000e+00 0.000000e+00
 0.000000e+00 0.000000e+00 0.000000e+00 0.000000e+00 0.000000e+00 0.000000e+00 0.000000e+00 0.000000e+00 0.000000e+00 0.000000e+00 0.000000e+00 0.000000e+00 0.000000e+00 3.748231e-01 6.251769e-01 0.000000e+00 0.000000e+00 0.000000e+00 0.000000e+00 0.000000e+00 0.000000e+00 0.000000e+00 0.000000e+00 0.000000e+00 0.000000e+00
 0.000000e+00 0.000000e+00 0.000000e+00 0.000000e+00 0.000000e+00 0.000000e+00 0.000000e+00 0.000000e+00 0.000000e+00 0.000000e+00 0.000000e+00 0.000000e+00 0.000000e+00 0.000000e+00 4.446583e-01 5.553417e-01 0.000000e+00 0.000000e+00 0.000000e+00 0.000000e+00 0.000000e+00 0.000000e+00 0.000000e+00 0.000000e+00 0.000000e+00
 0.000000e+00 0.000000e+00 0.000000e+00 0.000000e+00 0.000000e+00 0.000000e+00 0.000000e+00 0.000000e+00 0.000000e+00 0.000000e+00 0.000000e+00 0.000000e+00 0.000000e+00 0.000000e+00 0.000000e+00 5.836633e-01 4.163367e-01 0.000000e+00 0.000000e+00 0.000000e+00 0.000000e+00 0.000000e+00 0.000000e+00 0.000000e+00 0.000000e+00
 0.000000e+00 0.000000e+00 0.000000e+00 0.000000e+00 0.000000e+00 0.000000e+00 0.000000e+00 0.000000e+00 0.000000e+00 0.000000e+00 0.000000e+00 0.000000e+00 0.000000e+00 0.000000e+00 0.000000e+00 0.000000e+00 5.459065e-01 4.540935e-01 0.000000e+00 0.000000e+00 0.000000e+00 0.000000e+00 0.000000e+00 0.000000e+00 0.000000e+00
 0.000000e+00 0.000000e+00 0.000000e+00 0.000000e+00 0.000000e+00 0.000000e+00 0.000000e+00 0.000000e+00 0.000000e+00 0.000000e+00 0.000000e+00 0.000000e+00 0.000000e+00 0.000000e+00 0.000000e+00 0.000000e+00 0.000000e+00 5.832737e-01 4.167263e-01 0.000000e+00 0.000000e+00 0.000000e+00 0.000000e+00 0.000000e+00 0.000000e+00
 0.000000e+00 0.000000e+00 0.000000e+00 0.000000e+00 0.000000e+00 0.000000e+00 0.000000e+00 0.000000e+00 0.000000e+00 0.000000e+00 0.000000e+00 0.000000e+00 0.000000e+00 0.000000e+00 0.000000e+00 0.000000e+00 0.000000e+00 0.000000e+00 4.444490e-01 5.555511e-01 0.000000e+00 0.000000e+00 0.000000e+00 0.000000e+00 0.000000e+00
 0.000000e+00 0.000000e+00 0.000000e+00 0.000000e+00 0.000000e+00 0.000000e+00 0.000000e+00 0.000000e+00 0.000000e+00 0.000000e+00 0.000000e+00 0.000000e+00 0.000000e+00 0.000000e+00 0.000000e+00 0.000000e+00 0.000000e+00 0.000000e+00 0.000000e+00 5.385099e-01 4.614901e-01 0.000000e+00 0.000000e+00 0.000000e+00 0.000000e+00
 0.000000e+00 0.000000e+00 0.000000e+00 0.000000e+00 0.000000e+00 0.000000e+00 0.000000e+00 0.000000e+00 0.000000e+00 0.000000e+00 0.000000e+00 0.000000e+00 0.000000e+00 0.000000e+00 0.000000e+00 0.000000e+00 0.000000e+00 0.000000e+00 0.000000e+00 0.000000e+00 5.377157e-01 4.622844e-01 0.000000e+00 0.000000e+00 0.000000e+00
 0.000000e+00 0.000000e+00 0.000000e+00 0.000000e+00 0.000000e+00 0.000000e+00 0.000000e+00 0.000000e+00 0.000000e+00 0.000000e+00 0.000000e+00 0.000000e+00 0.000000e+00 0.000000e+00 0.000000e+00 0.000000e+00 0.000000e+00 0.000000e+00 0.000000e+00 0.000000e+00 0.000000e+00 5.189097e-01 4.810903e-01 0.000000e+00 0.000000e+00
 0.000000e+00 0.000000e+00 0.000000e+00 0.000000e+00 0.000000e+00 0.000000e+00 0.000000e+00 0.000000e+00 0.000000e+00 0.000000e+00 0.000000e+00 0.000000e+00 0.000000e+00 0.000000e+00 0.000000e+00 0.000000e+00 0.000000e+00 0.000000e+00 0.000000e+00 0.000000e+00 0.000000e+00 0.000000e+00 4.416443e-01 5.583556e-01 0.000000e+00
 0.000000e+00 0.000000e+00 0.000000e+00 0.000000e+00 0.000000e+00 0.000000e+00 0.000000e+00 0.000000e+00 0.000000e+00 0.000000e+00 0.000000e+00 0.000000e+00 0.000000e+00 0.000000e+00 0.000000e+00 0.000000e+00 0.000000e+00 0.000000e+00 0.000000e+00 0.000000e+00 0.000000e+00 0.000000e+00 0.000000e+00 4.445441e-01 5.554559e-01
 0.000000e+00 0.000000e+00 0.000000e+00 0.000000e+00 0.000000e+00 0.000000e+00 0.000000e+00 0.000000e+00 0.000000e+00 0.000000e+00 0.000000e+00 0.000000e+00 0.000000e+00 0.000000e+00 0.000000e+00 0.000000e+00 0.000000e+00 0.000000e+00 0.000000e+00 0.000000e+00 0.000000e+00 0.000000e+00 0.000000e+00 0.000000e+00 0.000000e+00
<ENDHMM>
