~o
<STREAMINFO> 1 39
<VECSIZE> 39<NULLD><MFCC_E_D_A><DIAGC>
~h "D~oc"
<BEGINHMM>
<NUMSTATES> 28
<STATE> 2
<MEAN> 39
 -5.304070e+00 -6.941104e+00 -1.007523e+00 -2.726451e+00 -1.920492e-01 -5.534842e+00 8.272129e-01 -9.922956e-01 4.888891e-01 -2.908909e+00 3.538771e+00 -7.420056e-01 -4.729147e-02 1.067081e+00 2.659556e-01 -1.026139e+00 -1.609767e+00 -1.503711e+00 -2.225901e-01 2.510698e-01 1.260259e-01 2.382393e-01 -4.760237e-01 -5.704595e-01 -3.714338e-01 4.493563e-02 7.267512e-01 -2.555890e-01 -2.599037e-01 -4.337280e-01 -4.492764e-01 -3.049885e-01 1.828061e-01 1.296260e-01 -6.834144e-02 -3.240385e-01 -4.343976e-01 -8.516386e-02 3.924648e-02
<VARIANCE> 39
 1.676089e+00 3.019149e+00 1.680270e+00 3.030260e+00 4.878187e+00 1.932460e+00 7.778807e+00 9.537753e+00 1.091610e+01 4.032053e+00 6.459419e+00 1.829704e+01 5.000000e-02 8.095927e-01 2.805116e-01 6.977115e-01 4.134009e-01 6.041430e-01 7.642539e-01 1.323767e+00 1.200818e+00 8.907564e-01 2.289149e-01 1.710899e-01 8.670943e-01 5.000000e-02 8.627734e-02 1.362909e-01 1.819763e-01 1.244028e-01 1.862375e-01 9.080999e-02 2.637974e-01 2.525561e-01 2.452864e-01 5.105945e-02 5.000000e-02 3.684816e-01 5.000000e-02
<GCONST> 5.111896e+01
<STATE> 3
<MEAN> 39
 -8.190078e-01 -6.583519e+00 -4.753356e+00 -8.244921e+00 -5.129877e+00 -6.833309e+00 2.890274e+00 4.228929e-01 6.301237e-01 -4.261679e+00 2.161228e+00 -1.529323e+00 1.441748e-01 3.007124e+00 -1.188088e+00 -1.227410e+00 -1.805450e+00 -2.405067e+00 -1.880873e+00 -1.084103e-01 4.737969e-01 -8.865676e-02 -1.447248e+00 -2.247834e+00 -5.174059e-01 1.578389e-01 -2.542509e-01 -8.714945e-01 4.976799e-01 1.566279e-01 8.055845e-02 -3.847207e-01 -3.877025e-01 -2.846000e-01 -1.576251e-01 1.684914e-02 -4.330935e-01 1.947890e-01 2.814257e-02
<VARIANCE> 39
 1.136661e+01 4.069591e+00 1.594975e+01 1.501502e+01 1.258788e+01 1.284579e+01 1.301319e+01 1.141414e+01 7.819441e+00 1.017583e+01 6.903360e+00 7.692976e+00 5.000000e-02 6.741907e-01 8.310700e-01 2.366243e+00 7.818661e-01 1.602246e+00 9.811662e-01 1.151136e+00 2.195183e+00 1.900548e+00 3.361354e-01 1.027325e+00 1.329475e+00 5.000000e-02 3.476926e-01 1.537290e-01 6.411425e-01 2.910494e-01 2.910088e-01 2.248820e-01 8.707290e-02 2.064483e-01 2.098166e-01 9.718877e-02 2.596397e-01 3.765439e-01 5.000000e-02
<GCONST> 7.414635e+01
<STATE> 4
<MEAN> 39
 5.007607e+00 -1.150262e+01 -4.362411e+00 -8.960582e+00 -8.844316e+00 -1.115847e+01 -6.679329e-01 -1.743151e+00 -8.070969e-01 -8.065187e+00 -5.380902e+00 -3.132364e+00 5.360171e-01 -7.142464e-02 -3.112063e+00 1.569202e-01 -1.199559e+00 -9.123834e-01 -1.488259e+00 2.505369e-01 6.059153e-02 -6.380084e-02 2.827307e-02 -1.449456e+00 4.544907e-01 1.481533e-01 -1.251792e+00 -3.903517e-01 -5.949079e-01 4.328974e-01 1.094810e+00 5.390558e-01 9.725608e-01 5.450157e-01 -1.488096e-01 5.051804e-01 4.529869e-01 4.785462e-01 -1.790117e-02
<VARIANCE> 39
 9.259541e+00 1.753488e+01 2.282804e+01 9.107556e+00 1.066163e+01 1.915752e+01 5.965295e+00 3.815199e+01 1.092717e+01 6.730831e+00 1.383807e+01 7.773037e+00 5.000000e-02 2.250992e+00 4.037414e+00 5.168819e+00 3.157036e+00 1.504602e+00 1.851294e+00 4.671879e+00 4.280859e+00 1.889623e+00 1.273088e+00 4.978380e+00 2.677192e+00 5.000000e-02 1.742928e-01 4.289417e-01 1.048998e+00 3.105231e-01 3.471379e-01 2.733594e-01 8.512685e-01 6.776707e-01 4.129877e-01 2.194164e-01 6.774315e-01 1.823464e-01 5.000000e-02
<GCONST> 9.421431e+01
<STATE> 5
<MEAN> 39
 1.137916e+00 -1.813581e+01 -6.668792e+00 -1.062506e+01 -1.091938e+01 -1.443096e+01 1.581739e+00 2.668595e+00 -2.651920e+00 -4.379161e+00 -6.851987e+00 -5.281694e-01 7.756414e-01 -1.252304e+00 -3.082763e+00 -2.689469e+00 2.474219e-01 2.093367e+00 1.309246e+00 2.022428e+00 3.102765e+00 -1.430788e+00 8.020425e-01 -7.271842e-01 1.012981e+00 7.597448e-02 -2.807802e-01 2.674304e-01 -9.847214e-01 6.054239e-01 1.260662e+00 7.492514e-01 3.855358e-01 2.378135e-02 -1.942323e-01 3.834485e-02 1.706419e-01 -3.020108e-01 -1.854044e-02
<VARIANCE> 39
 1.922619e+01 8.267062e+01 5.064107e+01 7.086618e+01 4.292997e+00 2.163101e+01 1.606741e+01 9.353174e+01 4.368310e+01 2.223314e+01 3.101406e+01 3.850386e+01 5.000000e-02 3.303618e+00 3.718509e+00 4.385736e+00 1.801225e+00 4.202119e+00 2.346677e+00 6.766916e+00 6.975083e+00 1.831177e+00 1.081996e+00 4.963960e+00 2.363834e+00 5.000000e-02 4.867912e-01 1.502221e+00 1.174538e+00 1.119497e+00 2.489774e-01 3.511486e-01 3.237503e-01 3.249382e+00 4.308275e-01 1.710637e-01 9.557930e-01 6.204324e-01 5.000000e-02
<GCONST> 1.123653e+02
<STATE> 6
<MEAN> 39
 -3.848688e+00 -2.393509e+01 -1.619532e+01 -9.876832e+00 9.007180e-01 -7.403348e+00 1.165481e+01 8.481654e+00 -4.549685e+00 -5.544230e+00 -7.755137e+00 2.100334e+00 9.157977e-01 -1.911572e+00 -8.532855e-01 -4.633207e+00 2.037117e+00 4.412004e+00 1.799600e+00 1.567787e+00 -6.859360e-01 -1.839528e+00 6.057075e-02 -9.212568e-01 -5.845190e-01 4.738032e-02 5.000458e-01 8.902797e-01 5.243292e-01 3.630619e-01 3.648850e-02 -2.716910e-02 -1.354550e+00 -1.688376e+00 6.399573e-02 4.387621e-01 5.693036e-02 -8.198125e-01 -2.253532e-02
<VARIANCE> 39
 5.677927e+00 9.999417e+00 1.115681e+01 8.653293e+00 2.068305e+01 6.197738e+01 5.320592e+01 9.864677e+00 3.629234e+01 5.077244e+00 3.864632e+01 2.001092e+01 5.000000e-02 6.552689e-01 7.747359e-01 1.492968e+00 3.430389e+00 3.000226e+00 2.582665e+00 5.155940e+00 4.518365e+00 6.168625e-01 5.299414e-01 2.468739e+00 3.026741e+00 5.000000e-02 5.435354e-02 1.017212e-01 4.837623e-01 3.870790e-01 3.251297e-01 3.485308e-01 3.749622e-01 4.458662e-01 3.735621e-01 1.780203e-01 8.129069e-01 5.416793e-01 5.000000e-02
<GCONST> 8.925980e+01
<STATE> 7
<MEAN> 39
 -5.432890e+00 -2.586859e+01 -2.079958e+01 -6.254248e+00 4.571226e+00 -3.702025e+00 5.974792e+00 2.987930e+00 -6.974627e+00 -3.512008e+00 -9.679040e+00 -1.119723e+00 9.520271e-01 -2.882496e-01 -1.382698e-01 -1.696676e+00 1.181175e+00 2.645839e+00 8.680611e-01 -1.037925e+00 -3.098013e+00 -6.040139e-01 2.074650e+00 -4.603278e-01 -1.785741e+00 1.682067e-02 6.038419e-01 3.468513e-01 1.019123e+00 -6.067060e-01 -8.747989e-01 -2.217989e-01 -4.451473e-01 -5.115812e-01 6.287822e-01 7.568631e-01 1.837188e-01 -1.672484e-01 -9.893140e-03
<VARIANCE> 39
 5.058808e+00 1.213037e+01 8.806748e+00 1.402559e+00 2.157986e+01 6.311471e+01 4.775612e+01 1.601752e+01 1.374655e+01 1.096273e+01 1.643190e+01 8.911608e+00 5.000000e-02 1.604572e-01 2.018543e-01 1.483397e-01 1.001307e+00 1.991743e+00 1.024983e+00 1.524248e+00 1.363217e+00 6.561436e-01 6.020300e-01 1.053607e+00 1.882128e+00 5.000000e-02 9.758612e-02 1.455131e-01 9.304246e-02 5.066217e-01 2.683607e-01 2.235953e-01 6.242217e-01 3.437771e-01 7.395015e-02 5.830830e-02 4.981179e-01 2.755846e-01 5.000000e-02
<GCONST> 6.994926e+01
<STATE> 8
<MEAN> 39
 -3.689930e+00 -2.487374e+01 -2.238596e+01 -4.396425e+00 9.557435e+00 -7.036840e+00 8.102204e+00 -1.888598e+00 -6.805057e+00 1.437056e+00 -8.923898e+00 -3.594490e+00 9.689364e-01 3.820788e-01 -1.037716e-01 -8.467463e-01 2.476951e-01 1.403648e+00 1.015955e+00 -4.541311e-01 -2.106758e+00 6.823944e-01 2.984768e+00 2.904705e-01 -1.218399e+00 1.126322e-02 2.869014e-01 8.441676e-02 3.879156e-01 -6.294518e-01 -1.149313e+00 4.429402e-01 -1.510249e-01 6.120871e-01 4.088608e-01 2.184581e-02 3.932478e-01 1.781499e-01 -5.272510e-03
<VARIANCE> 39
 3.382033e+00 6.498552e+00 5.612939e+00 9.054471e+00 2.229101e+01 6.732559e+01 4.816193e+01 1.288666e+01 1.973344e+01 9.451838e+00 1.009025e+01 2.035864e+01 5.000000e-02 2.937177e-01 3.609088e-01 5.000000e-02 9.542652e-01 8.556933e-01 1.048253e+00 4.445315e-01 5.167805e-01 7.107052e-01 8.610331e-02 1.560468e+00 1.218867e+00 5.000000e-02 5.236408e-02 8.152388e-02 6.781653e-02 9.864233e-02 2.340135e-01 1.848912e-01 2.120303e-01 1.204655e-01 2.811463e-01 1.808463e-01 1.818890e-01 2.011164e-01 5.000000e-02
<GCONST> 6.143068e+01
<STATE> 9
<MEAN> 39
 -4.503790e+00 -2.420631e+01 -2.549093e+01 -6.158456e+00 1.029764e+01 -4.124747e+00 6.799040e+00 -5.420938e+00 -4.403818e+00 5.651354e+00 -8.564548e+00 -5.285810e+00 9.900025e-01 1.104966e-01 1.941193e-01 -9.843388e-01 -1.169324e+00 -1.097541e+00 2.083044e+00 -7.921416e-01 -9.011669e-01 5.449937e-01 1.144852e+00 8.512878e-02 -5.779992e-01 1.360917e-03 1.333341e-01 2.298789e-01 2.018415e-01 -4.088329e-01 -6.678174e-01 2.691004e-01 1.765606e-01 4.088412e-01 -6.768749e-02 -5.066527e-01 1.827084e-01 4.133421e-01 -5.465861e-03
<VARIANCE> 39
 5.491043e+00 3.464773e+00 2.165377e+01 1.216021e+01 1.160686e+01 6.643919e+01 2.588801e+01 1.627065e+01 6.323179e+00 7.221739e+00 1.342058e+01 1.451964e+01 5.000000e-02 1.793922e-01 4.093469e-01 6.426069e-01 3.036150e-01 1.427999e+00 1.961489e+00 9.852142e-01 4.092321e-01 1.810304e+00 8.215941e-01 1.323356e+00 4.063204e-01 5.000000e-02 5.000000e-02 7.325535e-02 1.188313e-01 1.710985e-01 2.394476e-01 1.763577e-01 1.280448e-01 1.307522e-01 2.305212e-01 1.479570e-01 1.618715e-01 2.308046e-01 5.000000e-02
<GCONST> 6.522134e+01
<STATE> 10
<MEAN> 39
 -2.714304e+00 -2.408873e+01 -2.463401e+01 -1.011977e+01 5.074483e+00 5.733488e+00 4.180983e+00 -3.614396e+00 -3.918688e+00 8.494795e+00 -6.855526e+00 -6.335423e+00 9.743919e-01 9.799697e-01 8.004609e-01 3.666568e-01 -2.160025e+00 -1.476067e+00 2.265262e+00 2.082470e-01 1.100468e-01 -1.434015e-01 3.828389e-01 1.128388e+00 4.991199e-01 -1.205246e-02 2.963303e-01 6.575821e-02 7.648618e-01 -4.493968e-01 -2.049325e-01 -7.025779e-01 4.079536e-01 2.240463e-01 -2.692412e-01 -5.882585e-01 2.454460e-01 3.866537e-01 -7.467475e-03
<VARIANCE> 39
 9.419111e+00 8.876431e+00 1.171043e+01 2.174863e+01 1.558350e+01 3.122988e+01 2.130543e+01 1.027137e+01 1.032413e+01 2.735971e+00 8.887646e+00 7.139006e+00 5.000000e-02 1.021327e-01 7.798102e-01 7.308209e-01 1.054169e+00 2.646825e+00 4.739032e-01 6.675141e-01 1.867107e+00 6.719822e-01 9.690046e-01 5.213019e-01 8.400028e-01 5.000000e-02 8.366305e-02 1.289569e-01 9.041856e-02 1.710822e-01 2.550202e-01 2.542542e-01 3.089021e-01 3.727896e-01 3.906846e-01 2.278366e-01 2.669264e-01 8.015143e-02 5.000000e-02
<GCONST> 6.826524e+01
<STATE> 11
<MEAN> 39
 -1.329961e-01 -2.198414e+01 -2.322611e+01 -1.529077e+01 4.229630e+00 7.886812e+00 6.271675e+00 -5.849777e+00 -5.700869e+00 7.784339e+00 -5.045033e+00 -6.182876e+00 9.553176e-01 1.288165e+00 8.523409e-01 1.896181e+00 -2.940771e+00 -1.887789e+00 1.563208e-01 1.179780e+00 -3.155167e-01 6.513997e-02 -9.423838e-01 1.356416e+00 1.205125e+00 -2.733706e-02 1.474051e-01 -2.899796e-01 3.246750e-01 6.444729e-01 -5.653031e-01 -1.317414e+00 -3.589676e-01 4.329451e-01 6.354248e-01 -4.180498e-01 5.143040e-02 3.790525e-01 -1.475444e-02
<VARIANCE> 39
 7.339892e+00 1.372578e+01 2.447335e+01 1.248658e+01 2.294825e+01 2.284907e+01 2.908802e+01 3.134122e+01 5.547078e+00 4.266712e+00 1.455755e+01 9.919248e+00 5.000000e-02 2.969419e-01 8.360154e-01 6.238596e-01 1.000194e+00 2.710836e+00 5.075365e+00 2.498463e+00 2.949066e+00 1.540201e+00 8.092651e-01 1.867269e+00 7.161028e-01 5.000000e-02 1.015818e-01 1.822791e-01 4.486859e-01 4.874469e-01 3.998761e-01 2.572827e-01 4.932917e-01 4.470639e-01 1.754912e-01 1.894291e-01 1.427028e-01 1.433780e-01 5.000000e-02
<GCONST> 8.091545e+01
<STATE> 12
<MEAN> 39
 1.777511e+00 -2.122171e+01 -1.940226e+01 -1.927813e+01 -2.499955e+00 4.879794e+00 8.164416e+00 -4.096587e+00 -3.806098e+00 5.630167e+00 -2.390903e+00 -9.622818e-01 8.748552e-01 1.571365e+00 -2.025426e-01 1.789022e+00 1.012979e-01 -3.099586e+00 -2.317275e+00 -1.143353e+00 1.571189e+00 1.847355e+00 -1.028196e+00 1.325132e+00 1.480068e+00 -6.327750e-02 -6.429411e-02 -2.337431e-01 -8.729997e-02 1.943704e+00 9.500514e-01 -8.635715e-01 -8.224900e-01 -2.073281e-01 1.381465e-01 -3.084053e-01 -2.350761e-01 -7.148341e-01 -1.939533e-02
<VARIANCE> 39
 6.036902e+00 4.939772e+00 4.643137e+01 3.776934e+01 2.055153e+01 2.567607e+01 2.429847e+01 6.721227e+01 1.562886e+01 5.054026e+00 1.853779e+01 1.468454e+01 5.000000e-02 8.838723e-01 6.958113e-01 3.129332e+00 4.385087e+00 2.434851e+00 5.391635e+00 3.133837e+00 2.698980e+00 1.578881e+00 1.109998e+00 1.251697e+00 1.906086e+00 5.000000e-02 6.939544e-02 8.828812e-02 5.053771e-01 7.966145e-01 5.677539e-01 1.188924e+00 4.361892e-01 1.446181e+00 4.918243e-01 3.169735e-01 5.880100e-01 2.845504e-01 5.000000e-02
<GCONST> 9.496565e+01
<STATE> 13
<MEAN> 39
 5.174004e+00 -2.251183e+01 -1.643703e+01 -1.203191e+01 -6.497750e+00 -1.922414e+00 1.386662e+00 -1.487473e+00 2.118219e+00 2.979213e+00 -3.824061e-01 -1.427202e+00 6.815488e-01 8.767309e-01 -2.461385e-01 1.000774e+00 4.602635e+00 1.648030e+00 -2.557129e+00 -1.729855e+00 -1.174217e+00 2.893344e-01 -1.680944e+00 6.131911e-01 -1.404493e+00 -9.681018e-02 -5.524250e-01 -1.060363e-01 -6.605520e-01 3.518240e-01 1.307940e+00 5.774083e-01 5.420138e-01 -3.736347e-01 -6.165047e-01 2.476416e-01 -1.280298e-01 -5.107765e-01 4.174134e-03
<VARIANCE> 39
 4.489460e+00 3.873107e+00 1.400662e+01 4.470974e+01 2.324441e+01 8.898499e+00 4.173055e+00 1.381443e+01 1.359961e+01 1.699063e+01 5.053721e+00 1.681573e+01 5.000000e-02 5.162962e-01 4.879833e-01 2.245452e+00 4.528145e+00 2.500833e+00 3.825163e+00 1.391644e+00 6.068487e+00 2.065212e+00 1.541748e+00 2.729204e+00 2.208106e+00 5.000000e-02 9.894697e-02 1.202014e-01 2.755760e-01 1.331262e+00 8.737279e-01 8.467615e-01 3.804707e-01 7.181804e-01 2.424726e-01 2.442814e-01 1.069314e-01 6.526726e-01 5.000000e-02
<GCONST> 8.702199e+01
<STATE> 14
<MEAN> 39
 5.156965e+00 -2.219244e+01 -1.470325e+01 -2.668391e+00 1.488056e+00 -5.926502e+00 4.067902e-01 -6.726124e+00 -2.151514e+00 -8.597243e-01 -6.635507e-01 -5.916515e+00 5.018624e-01 -5.221823e-01 -8.759924e-01 -7.213266e-01 2.434034e+00 2.279559e+00 -7.957339e-01 8.177844e-01 -3.575386e-01 -3.017947e-01 -1.823410e-01 5.399544e-01 -9.351728e-01 -5.426105e-02 -3.969949e-01 -4.675650e-02 -4.735627e-01 -1.545655e+00 -3.942337e-01 7.635452e-01 8.680432e-01 4.639451e-01 2.695611e-01 7.766291e-01 -8.560576e-02 5.092745e-01 2.329175e-02
<VARIANCE> 39
 1.026030e+00 4.745229e+00 6.130356e+00 7.448109e+00 8.001424e+00 1.921095e+01 6.423470e+00 1.604104e+01 3.196872e+00 1.903915e+01 5.008271e+00 1.274481e+01 5.000000e-02 1.083577e-01 4.473761e-01 3.655168e-01 2.386615e+00 1.812237e+00 2.068744e+00 3.327738e-01 4.273083e-01 7.369484e-01 7.695155e-01 4.078878e-01 2.282358e+00 5.000000e-02 5.000000e-02 1.244700e-01 3.327650e-01 9.007853e-01 6.225088e-01 8.596730e-01 1.018597e-01 4.779316e-01 2.616576e-01 1.563963e-01 3.224255e-01 3.586451e-01 5.000000e-02
<GCONST> 6.631279e+01
<STATE> 15
<MEAN> 39
 3.889669e+00 -2.470263e+01 -1.946406e+01 -3.497212e+00 2.403581e+00 -5.322088e+00 3.581646e+00 -3.573135e+00 -8.954917e-01 4.942660e-01 1.475250e+00 -4.834219e+00 4.832272e-01 -4.603067e-01 -3.208329e-01 -8.216903e-01 -1.784367e-02 6.730229e-01 4.890644e-01 1.029962e+00 1.110730e+00 6.355449e-01 7.446847e-01 6.921717e-01 2.091914e-01 -2.180926e-02 4.073726e-02 4.540738e-01 2.836086e-01 -8.474358e-01 -6.227492e-01 6.291392e-01 -6.928155e-02 2.951410e-01 1.331147e-01 -5.919924e-02 -2.366087e-01 2.728473e-01 1.455995e-02
<VARIANCE> 39
 9.468564e-01 5.675110e+00 7.824372e+00 1.975134e+00 4.267399e+00 6.609027e+00 8.334853e+00 9.159643e+00 9.220395e+00 3.810201e+00 1.018581e+01 2.887682e+01 5.000000e-02 1.474387e-01 3.436517e-01 7.721773e-01 1.894770e+00 4.019309e+00 1.632267e+00 3.504782e-01 3.041827e-01 1.034072e+00 5.623270e-01 3.446647e-01 1.288735e+00 5.000000e-02 5.000000e-02 1.385814e-01 2.673899e-01 1.507591e-01 2.162548e-01 3.131209e-01 1.839879e-01 1.589709e-01 2.420487e-01 2.196310e-01 2.310232e-01 5.983967e-01 5.000000e-02
<GCONST> 6.039341e+01
<STATE> 16
<MEAN> 39
 3.406175e+00 -2.406573e+01 -1.659482e+01 -3.873313e+00 1.574466e+00 -2.228541e+00 3.946114e+00 -2.367841e+00 4.513695e+00 4.950729e+00 1.844155e+00 -4.522699e+00 4.519784e-01 -1.211436e-01 9.133336e-01 2.232944e-01 -2.438822e-01 2.187781e-01 1.051126e+00 1.378727e-01 5.052885e-01 1.727364e-01 -6.667038e-01 -3.383898e-01 -4.928670e-01 -1.340514e-02 1.122591e-01 2.626048e-01 2.523792e-01 8.978626e-02 2.095619e-01 1.277700e-01 -1.776496e-01 -2.163293e-01 -7.951906e-01 -1.002507e+00 -3.151518e-01 1.326670e-01 5.012635e-03
<VARIANCE> 39
 3.753410e+00 2.050906e+00 1.963343e+01 4.537102e+00 1.467468e+01 1.038730e+01 4.444063e+00 2.703089e+01 1.060392e+01 1.486296e+01 9.412127e+00 9.486185e+00 5.000000e-02 7.098532e-02 4.329654e-01 1.909967e+00 9.223206e-01 1.210198e+00 5.092278e-01 7.315550e-01 2.652994e-01 2.580461e+00 1.832637e+00 6.724469e-01 2.066813e+00 5.000000e-02 5.000000e-02 6.084667e-02 2.663058e-01 2.100168e-01 4.859651e-01 3.007900e-01 5.000000e-02 2.693908e-01 3.148333e-01 3.366593e-01 7.499754e-02 2.548689e-01 5.000000e-02
<GCONST> 6.432005e+01
<STATE> 17
<MEAN> 39
 3.489160e+00 -2.145362e+01 -1.797852e+01 -3.990144e+00 4.249541e+00 -2.196028e+00 3.525753e+00 -2.922799e+00 -8.766156e-01 -1.868156e+00 6.906816e-01 -5.843883e+00 4.249332e-01 -1.224021e-01 8.162329e-01 1.032463e+00 3.596805e-01 8.401867e-01 8.334098e-01 1.163213e-01 -1.083285e-01 -1.311299e+00 -2.492539e+00 -6.666425e-01 5.383043e-01 -1.246461e-02 3.176300e-02 -1.163486e-01 2.922596e-01 1.157820e-01 -2.455855e-01 -1.023026e-01 -1.980844e-02 1.580961e-01 2.850858e-02 -8.177156e-02 -1.099028e-01 3.243297e-01 6.104167e-04
<VARIANCE> 39
 1.435314e+00 2.044550e+00 1.718408e+01 1.327826e+01 6.255313e+00 1.259284e+01 8.707036e+00 2.026727e+00 1.730415e+01 9.445212e+00 6.271598e+00 4.902420e+00 5.000000e-02 9.494279e-02 2.296177e-01 1.673408e+00 5.347083e-01 7.878503e-01 8.981988e-01 6.402785e-01 1.229906e+00 2.234698e+00 3.186466e+00 5.163350e-01 1.502175e+00 5.000000e-02 5.000000e-02 1.207412e-01 3.363288e-01 1.719558e-01 1.842834e-01 2.072425e-01 1.392693e-01 1.158537e-01 2.940786e-01 2.679993e-01 5.100191e-02 1.974581e-01 5.000000e-02
<GCONST> 5.965247e+01
<STATE> 18
<MEAN> 39
 3.135298e+00 -2.078800e+01 -1.475530e+01 -3.114219e+00 4.445909e+00 6.407068e-01 4.937217e+00 -1.366334e+00 -3.403006e+00 -7.537829e+00 -1.311061e+00 -1.194134e+00 4.325370e-01 -1.555753e-01 2.449428e-01 9.710311e-01 4.344643e-01 1.367539e-01 2.598626e-01 -2.323803e-01 1.052621e+00 2.099268e-01 -4.488826e-01 -4.755881e-01 6.845888e-01 -1.594847e-02 -3.523631e-02 -6.255769e-02 -1.641765e-01 -4.183532e-02 -2.204448e-01 -3.778741e-01 -3.595288e-01 -2.728757e-01 7.652192e-01 1.162975e+00 3.258759e-01 -5.941105e-01 -5.033254e-03
<VARIANCE> 39
 4.103363e+00 6.237641e+00 5.067711e+00 6.486516e+00 8.896727e+00 1.065362e+01 1.155285e+01 6.845536e+00 1.670737e+01 1.778096e+01 8.788104e+00 6.048012e+00 5.000000e-02 2.109401e-01 4.261824e-01 6.946246e-01 9.449943e-01 8.663564e-01 1.050606e+00 7.153782e-01 1.043727e+00 9.414629e-01 2.380024e+00 9.142296e-01 1.485401e+00 5.000000e-02 5.000000e-02 6.793930e-02 1.950798e-01 3.135205e-01 2.785706e-01 1.823661e-01 2.423269e-01 4.299287e-01 2.421009e-01 5.344717e-01 1.478326e-01 2.664215e-01 5.000000e-02
<GCONST> 6.691100e+01
<STATE> 19
<MEAN> 39
 2.699426e+00 -2.045124e+01 -1.257292e+01 -2.012009e+00 4.051781e+00 -4.561417e-01 2.885406e+00 -1.466993e+00 -1.103235e+00 -3.470620e+00 -4.022214e-01 -4.128146e+00 3.632628e-01 -2.737063e-01 1.618768e-01 1.590265e-01 2.722899e-01 -1.140794e-01 -7.044981e-01 -1.270774e+00 -6.797463e-01 1.171524e+00 1.071673e+00 2.295384e-01 -7.275330e-01 -2.087378e-02 -4.776613e-02 -5.121389e-02 -5.237312e-01 -1.915406e-01 9.969988e-02 -2.766252e-01 -8.306062e-02 -2.412041e-01 -1.187482e-01 -2.658874e-02 1.028987e-01 -1.301956e-01 1.591766e-03
<VARIANCE> 39
 1.855084e+00 4.616669e+00 1.155073e+01 7.202567e+00 9.452590e+00 8.005143e+00 4.060721e+00 1.454208e+01 6.669706e+00 7.348683e+00 1.330089e+01 7.129668e+00 5.000000e-02 3.652999e-01 7.378282e-01 6.777375e-01 9.961267e-01 1.316113e+00 1.768255e+00 2.079197e+00 1.707404e+00 4.744261e-01 1.797453e+00 1.435250e+00 7.336546e-01 5.000000e-02 5.000000e-02 6.161632e-02 5.000000e-02 2.643593e-01 2.230348e-01 1.256588e-01 1.372181e-01 2.977614e-01 9.934967e-02 3.388589e-01 4.143278e-01 1.922919e-01 5.000000e-02
<GCONST> 6.360565e+01
<STATE> 20
<MEAN> 39
 2.585732e+00 -1.962998e+01 -1.351942e+01 -1.228004e+00 4.873315e+00 -3.071007e+00 -3.643935e-01 -2.882805e+00 1.210022e+00 -3.897214e+00 -8.143129e-01 -5.279246e+00 3.391996e-01 -3.218348e-01 3.710591e-01 -4.323650e-01 -2.186800e-02 2.940780e-01 -5.103565e-01 -1.989539e-01 -4.023198e-01 -5.611023e-01 -2.492874e-01 3.497705e-01 3.179243e-02 -1.822518e-02 -1.433712e-01 2.287367e-03 -1.559724e-02 -1.679532e-01 1.815941e-02 2.882054e-01 6.231942e-01 1.496650e-01 -4.041708e-01 -1.962585e-01 6.004971e-02 3.950127e-01 -3.795634e-03
<VARIANCE> 39
 2.833132e+00 8.916220e+00 7.487777e+00 8.897331e+00 7.325791e+00 1.626831e+01 3.015279e+01 1.832661e+01 3.859373e+00 1.019104e+01 9.298252e+00 4.444424e+00 5.000000e-02 2.460254e-01 4.994856e-01 1.038152e+00 1.954000e+00 1.475879e+00 1.302577e+00 2.370754e+00 8.877904e-01 8.203707e-01 1.528275e+00 1.742473e+00 6.535393e-01 5.000000e-02 1.158390e-01 1.671454e-01 2.401956e-01 2.086549e-01 2.990413e-01 6.950822e-01 6.347394e-01 3.724180e-01 1.266610e-01 3.339748e-01 2.092710e-01 1.406109e-01 5.000000e-02
<GCONST> 7.233192e+01
<STATE> 21
<MEAN> 39
 1.673544e+00 -1.888558e+01 -1.452454e+01 -3.242786e+00 4.392351e+00 -1.590037e+00 2.803765e+00 -2.493642e+00 -2.692529e+00 -5.639013e+00 -5.740653e-01 -3.592485e+00 2.894795e-01 -6.813775e-01 4.280291e-01 9.628373e-02 -6.707672e-01 -2.479787e-01 2.512115e-01 9.324558e-01 3.817761e-01 1.920778e-01 2.341402e-01 3.253239e-01 8.687825e-01 -3.345922e-02 -1.084539e-01 1.391303e-01 2.352123e-01 7.074428e-02 7.382831e-02 7.906906e-02 -2.639228e-01 -1.036774e-01 3.980300e-01 4.687947e-01 2.528346e-01 1.649925e-01 -4.664164e-03
<VARIANCE> 39
 1.039186e+00 7.062137e+00 1.588908e+01 1.661548e+01 6.555287e+00 1.285186e+00 1.148684e+01 1.612575e+01 1.147650e+01 2.169695e+01 8.179972e+00 6.076632e+00 5.000000e-02 5.054999e-01 5.111624e-01 1.287317e+00 4.722940e-01 8.551113e-01 1.947696e+00 2.010476e+00 9.470025e-01 1.096162e+00 2.571273e+00 1.157199e+00 8.097757e-01 5.000000e-02 9.959474e-02 5.000000e-02 1.157924e-01 3.459881e-01 3.555772e-01 1.469435e-01 3.866884e-01 1.684699e-01 1.675043e-01 6.136821e-01 2.479007e-01 1.703082e-01 5.000000e-02
<GCONST> 6.766752e+01
<STATE> 22
<MEAN> 39
 -1.009688e+00 -1.921048e+01 -1.643672e+01 -3.986279e+00 5.875746e+00 -1.810085e+00 1.706921e+00 -2.140931e+00 1.036853e+00 -1.216988e+00 2.215822e+00 -1.822428e+00 2.197460e-01 -6.829967e-01 7.157653e-01 8.149788e-01 6.291970e-01 6.754922e-01 -1.595673e-02 -1.131998e+00 -6.514814e-01 1.886609e-01 8.352038e-01 6.172370e-01 5.183058e-01 -3.189904e-02 2.645194e-01 1.238195e-01 3.150220e-01 2.465158e-01 3.022537e-02 -7.426264e-03 -7.717320e-02 -2.299150e-03 -1.363477e-01 -3.967776e-01 -2.837974e-01 -1.858565e-01 8.522987e-03
<VARIANCE> 39
 1.398075e+00 1.311341e+00 8.062817e+00 5.869058e+00 9.407492e+00 1.618417e+01 7.971210e+00 6.966087e+00 9.993573e+00 6.042705e+00 8.962764e+00 7.964824e+00 5.000000e-02 6.316268e-01 2.583498e-01 6.793884e-01 1.134597e+00 8.425765e-01 1.255068e+00 1.641097e+00 1.311061e+00 1.104968e+00 2.181900e+00 5.480295e-01 1.197024e+00 5.000000e-02 1.894909e-01 7.037905e-02 2.528253e-01 1.856781e-01 1.984785e-01 2.606074e-01 3.574727e-01 1.469575e-01 2.068579e-01 2.401752e-01 7.475424e-02 1.471865e-01 5.000000e-02
<GCONST> 6.297589e+01
<STATE> 23
<MEAN> 39
 -1.403601e+00 -1.519933e+01 -1.040522e+01 -1.663310e+00 6.430178e+00 -1.342335e+00 1.350969e+00 -2.442654e+00 1.369977e+00 -1.964044e+00 2.312642e+00 -4.914214e-02 1.537455e-01 1.332481e-01 6.557235e-01 5.419744e-01 -6.486589e-02 5.147465e-01 9.309297e-01 5.873190e-01 -3.631314e-01 -2.950917e-01 -6.791293e-01 -5.971810e-01 -2.302777e-01 -3.451662e-04 1.866222e-01 -2.003958e-01 -2.181366e-01 -1.153923e-01 -1.682694e-02 1.361399e-01 2.256534e-01 1.406334e-02 -3.549021e-01 -2.294755e-01 -3.003151e-01 -4.344972e-01 9.507057e-03
<VARIANCE> 39
 4.403367e+00 5.802567e+00 1.138108e+01 6.743237e+00 1.029327e+01 6.625065e+00 1.405783e+01 4.379578e+00 1.448513e+01 5.004377e+00 2.711534e+00 1.015322e+01 5.000000e-02 8.307827e-01 7.065149e-01 8.012829e-01 5.071579e-01 1.192835e+00 5.214536e-01 1.379729e+00 6.213307e-01 1.039594e+00 4.733248e-01 1.612172e+00 1.743600e+00 5.000000e-02 5.000000e-02 7.317428e-02 2.274604e-01 3.020403e-01 1.636638e-01 3.112144e-01 3.877808e-01 8.092689e-02 1.357561e-01 2.631987e-01 1.260931e-01 4.306699e-01 5.000000e-02
<GCONST> 6.350245e+01
<STATE> 24
<MEAN> 39
 6.716919e-01 -1.584280e+01 -1.181124e+01 -2.898033e+00 6.477493e+00 2.662318e-01 1.666571e+00 -5.194484e+00 -2.008245e+00 -3.770564e+00 1.570372e+00 -2.213373e+00 2.108960e-01 -3.228058e-01 1.110189e-02 3.707274e-01 1.623358e-01 5.849413e-02 -1.113195e-01 2.829787e-02 4.928478e-01 1.728368e-01 -6.194891e-02 -4.145888e-01 -5.501692e-01 -1.027074e-02 -4.853234e-01 6.700484e-02 1.389607e-01 4.916602e-02 -1.072538e-01 -3.091136e-01 -2.218652e-02 3.618477e-01 3.413334e-01 3.580510e-01 7.067579e-02 8.128567e-02 -1.631592e-02
<VARIANCE> 39
 7.204746e+00 8.489590e+00 1.337031e+01 4.513006e+00 7.901009e+00 8.989757e+00 2.070738e+01 1.621315e+01 9.308296e+00 3.105666e+00 8.341931e+00 6.199371e+00 5.000000e-02 6.428897e-01 1.900898e-01 1.049856e+00 9.288903e-01 4.377643e-01 1.243046e+00 1.572029e+00 1.100594e+00 1.247847e+00 7.162230e-01 2.519147e-01 1.067003e+00 5.000000e-02 1.748014e-01 2.121115e-01 1.798757e-01 1.176419e-01 2.477043e-01 7.236258e-02 2.944539e-01 1.856413e-01 1.415044e-01 5.000000e-02 3.512137e-01 1.964175e-01 5.000000e-02
<GCONST> 6.297572e+01
<STATE> 25
<MEAN> 39
 -2.444520e+00 -1.466173e+01 -1.049990e+01 -2.352775e+00 7.559836e+00 -9.969821e-02 3.320565e+00 -1.676392e+00 1.484325e-01 -2.594856e+00 -2.257226e-01 -2.782031e+00 1.330229e-01 -1.033219e+00 1.585676e+00 1.931900e+00 -1.169599e-03 -4.777516e-01 -4.616256e-01 -1.805298e-01 2.341725e-01 1.478146e-01 6.879933e-01 7.176231e-01 1.449955e-01 -4.543773e-02 -1.039704e-01 3.220928e-01 4.919334e-01 5.789619e-02 -3.607912e-01 -2.821065e-01 -3.942760e-01 -3.762997e-01 1.916668e-02 -2.126824e-02 3.686785e-01 6.648591e-02 -8.469494e-03
<VARIANCE> 39
 3.178244e+00 1.060143e+01 1.981376e+01 6.238047e+00 7.173333e+00 9.754330e+00 4.735641e+00 2.456155e+00 1.239474e+01 1.273964e+01 1.584942e+01 1.033537e+01 5.000000e-02 6.263896e-01 1.174197e+00 1.440394e+00 9.168996e-01 1.279507e+00 6.537149e-01 8.309581e-01 5.849793e-01 1.157822e+00 1.676483e-01 1.827529e+00 8.248290e-01 5.000000e-02 5.000000e-02 2.349139e-01 3.422108e-01 2.001095e-01 1.335892e-01 2.835730e-01 3.471705e-01 5.000000e-02 1.935050e-01 1.902415e-01 4.496476e-01 3.688028e-01 5.000000e-02
<GCONST> 6.617775e+01
<STATE> 26
<MEAN> 39
 -4.312824e+00 -1.050397e+01 -4.707688e+00 -2.183961e+00 4.941866e+00 -1.683257e+00 2.088741e+00 -2.153818e+00 -1.510725e-01 -2.236552e+00 2.382181e+00 -2.235864e+00 1.163061e-02 -9.492138e-01 9.268378e-01 1.244177e+00 1.285959e-02 -8.515774e-01 -6.342455e-01 -5.253768e-01 -7.403714e-01 1.758777e-03 -2.047146e-01 7.129914e-01 -7.519237e-03 -4.613743e-02 2.795615e-01 -2.817253e-01 -4.345101e-01 3.965739e-02 5.043446e-02 1.303674e-01 1.414618e-01 -1.588906e-01 -1.545477e-01 -2.532377e-01 -1.906246e-01 -1.111080e-01 9.977535e-03
<VARIANCE> 39
 1.110136e+00 4.951447e+00 4.333889e+00 4.398423e+00 1.021614e+01 2.362630e+01 1.002466e+01 5.285408e+00 1.658800e+01 5.601265e+00 1.750393e+01 3.460572e+00 5.000000e-02 4.849384e-01 7.007347e-01 1.207837e+00 6.822361e-01 7.212440e-01 1.010632e+00 1.477717e+00 3.407664e-01 5.901035e-01 9.385028e-01 2.461447e+00 1.502422e+00 5.000000e-02 5.000000e-02 1.979980e-01 9.345744e-02 1.110659e-01 2.721295e-01 2.049880e-01 5.000000e-02 7.237509e-02 1.490773e-01 5.000000e-02 4.319802e-01 7.067423e-02 5.000000e-02
<GCONST> 5.779637e+01
<STATE> 27
<MEAN> 39
 -5.084367e+00 -1.117605e+01 -4.328964e+00 -1.909746e+00 4.030139e+00 -3.942473e+00 -1.342258e+00 -5.651713e+00 -5.726881e-02 -2.362310e+00 1.425154e+00 -3.428815e+00 -2.745723e-02 -1.654146e-01 6.709230e-01 6.399705e-01 2.148197e-01 -8.122554e-01 -5.093728e-01 1.102070e-01 -1.846673e-01 -1.331203e-01 -2.757310e-01 3.205232e-01 -5.064103e-01 -1.886757e-02 2.501625e-01 -2.194049e-01 -4.015022e-01 -1.233411e-03 3.455458e-01 4.442890e-01 5.243878e-01 4.201741e-01 -3.829691e-02 -6.097573e-02 -5.275474e-02 1.267168e-01 1.436141e-02
<VARIANCE> 39
 1.613424e+00 6.170695e+00 6.059793e+00 1.894206e+00 4.475108e+00 4.545299e+00 4.905434e+00 3.601089e+00 4.914413e+00 1.579195e+01 1.234466e+01 9.178738e+00 5.000000e-02 1.235115e-01 7.423500e-01 7.466525e-01 2.422703e-01 1.058671e+00 2.027225e+00 9.818207e-01 1.346519e+00 2.879376e-01 1.968314e-01 7.812446e-01 1.337022e-01 5.000000e-02 6.926735e-02 9.158213e-02 1.850965e-01 1.001705e-01 7.231101e-02 5.932681e-02 2.080338e-01 5.000000e-02 5.000000e-02 1.441011e-01 4.532453e-01 1.661658e-01 5.000000e-02
<GCONST> 4.762447e+01
<TRANSP> 28
 0.000000e+00 1.000000e+00 0.000000e+00 0.000000e+00 0.000000e+00 0.000000e+00 0.000000e+00 0.000000e+00 0.000000e+00 0.000000e+00 0.000000e+00 0.000000e+00 0.000000e+00 0.000000e+00 0.000000e+00 0.000000e+00 0.000000e+00 0.000000e+00 0.000000e+00 0.000000e+00 0.000000e+00 0.000000e+00 0.000000e+00 0.000000e+00 0.000000e+00 0.000000e+00 0.000000e+00 0.000000e+00
 0.000000e+00 5.454539e-01 4.545461e-01 0.000000e+00 0.000000e+00 0.000000e+00 0.000000e+00 0.000000e+00 0.000000e+00 0.000000e+00 0.000000e+00 0.000000e+00 0.000000e+00 0.000000e+00 0.000000e+00 0.000000e+00 0.000000e+00 0.000000e+00 0.000000e+00 0.000000e+00 0.000000e+00 0.000000e+00 0.000000e+00 0.000000e+00 0.000000e+00 0.000000e+00 0.000000e+00 0.000000e+00
 0.000000e+00 0.000000e+00 4.444152e-01 5.555849e-01 0.000000e+00 0.000000e+00 0.000000e+00 0.000000e+00 0.000000e+00 0.000000e+00 0.000000e+00 0.000000e+00 0.000000e+00 0.000000e+00 0.000000e+00 0.000000e+00 0.000000e+00 0.000000e+00 0.000000e+00 0.000000e+00 0.000000e+00 0.000000e+00 0.000000e+00 0.000000e+00 0.000000e+00 0.000000e+00 0.000000e+00 0.000000e+00
 0.000000e+00 0.000000e+00 0.000000e+00 5.833457e-01 4.166544e-01 0.000000e+00 0.000000e+00 0.000000e+00 0.000000e+00 0.000000e+00 0.000000e+00 0.000000e+00 0.000000e+00 0.000000e+00 0.000000e+00 0.000000e+00 0.000000e+00 0.000000e+00 0.000000e+00 0.000000e+00 0.000000e+00 0.000000e+00 0.000000e+00 0.000000e+00 0.000000e+00 0.000000e+00 0.000000e+00 0.000000e+00
 0.000000e+00 0.000000e+00 0.000000e+00 0.000000e+00 5.454654e-01 4.545346e-01 0.000000e+00 0.000000e+00 0.000000e+00 0.000000e+00 0.000000e+00 0.000000e+00 0.000000e+00 0.000000e+00 0.000000e+00 0.000000e+00 0.000000e+00 0.000000e+00 0.000000e+00 0.000000e+00 0.000000e+00 0.000000e+00 0.000000e+00 0.000000e+00 0.000000e+00 0.000000e+00 0.000000e+00 0.000000e+00
 0.000000e+00 0.000000e+00 0.000000e+00 0.000000e+00 0.000000e+00 4.444421e-01 5.555579e-01 0.000000e+00 0.000000e+00 0.000000e+00 0.000000e+00 0.000000e+00 0.000000e+00 0.000000e+00 0.000000e+00 0.000000e+00 0.000000e+00 0.000000e+00 0.000000e+00 0.000000e+00 0.000000e+00 0.000000e+00 0.000000e+00 0.000000e+00 0.000000e+00 0.000000e+00 0.000000e+00 0.000000e+00
 0.000000e+00 0.000000e+00 0.000000e+00 0.000000e+00 0.000000e+00 0.000000e+00 2.857102e-01 7.142898e-01 0.000000e+00 0.000000e+00 0.000000e+00 0.000000e+00 0.000000e+00 0.000000e+00 0.000000e+00 0.000000e+00 0.000000e+00 0.000000e+00 0.000000e+00 0.000000e+00 0.000000e+00 0.000000e+00 0.000000e+00 0.000000e+00 0.000000e+00 0.000000e+00 0.000000e+00 0.000000e+00
 0.000000e+00 0.000000e+00 0.000000e+00 0.000000e+00 0.000000e+00 0.000000e+00 0.000000e+00 4.443212e-01 5.556788e-01 0.000000e+00 0.000000e+00 0.000000e+00 0.000000e+00 0.000000e+00 0.000000e+00 0.000000e+00 0.000000e+00 0.000000e+00 0.000000e+00 0.000000e+00 0.000000e+00 0.000000e+00 0.000000e+00 0.000000e+00 0.000000e+00 0.000000e+00 0.000000e+00 0.000000e+00
 0.000000e+00 0.000000e+00 0.000000e+00 0.000000e+00 0.000000e+00 0.000000e+00 0.000000e+00 0.000000e+00 6.428651e-01 3.571350e-01 0.000000e+00 0.000000e+00 0.000000e+00 0.000000e+00 0.000000e+00 0.000000e+00 0.000000e+00 0.000000e+00 0.000000e+00 0.000000e+00 0.000000e+00 0.000000e+00 0.000000e+00 0.000000e+00 0.000000e+00 0.000000e+00 0.000000e+00 0.000000e+00
 0.000000e+00 0.000000e+00 0.000000e+00 0.000000e+00 0.000000e+00 0.000000e+00 0.000000e+00 0.000000e+00 0.000000e+00 4.445639e-01 5.554361e-01 0.000000e+00 0.000000e+00 0.000000e+00 0.000000e+00 0.000000e+00 0.000000e+00 0.000000e+00 0.000000e+00 0.000000e+00 0.000000e+00 0.000000e+00 0.000000e+00 0.000000e+00 0.000000e+00 0.000000e+00 0.000000e+00 0.000000e+00
 0.000000e+00 0.000000e+00 0.000000e+00 0.000000e+00 0.000000e+00 0.000000e+00 0.000000e+00 0.000000e+00 0.000000e+00 0.000000e+00 3.749956e-01 6.250044e-01 0.000000e+00 0.000000e+00 0.000000e+00 0.000000e+00 0.000000e+00 0.000000e+00 0.000000e+00 0.000000e+00 0.000000e+00 0.000000e+00 0.000000e+00 0.000000e+00 0.000000e+00 0.000000e+00 0.000000e+00 0.000000e+00
 0.000000e+00 0.000000e+00 0.000000e+00 0.000000e+00 0.000000e+00 0.000000e+00 0.000000e+00 0.000000e+00 0.000000e+00 0.000000e+00 0.000000e+00 5.000995e-01 4.999005e-01 0.000000e+00 0.000000e+00 0.000000e+00 0.000000e+00 0.000000e+00 0.000000e+00 0.000000e+00 0.000000e+00 0.000000e+00 0.000000e+00 0.000000e+00 0.000000e+00 0.000000e+00 0.000000e+00 0.000000e+00
 0.000000e+00 0.000000e+00 0.000000e+00 0.000000e+00 0.000000e+00 0.000000e+00 0.000000e+00 0.000000e+00 0.000000e+00 0.000000e+00 0.000000e+00 0.000000e+00 5.453653e-01 4.546348e-01 0.000000e+00 0.000000e+00 0.000000e+00 0.000000e+00 0.000000e+00 0.000000e+00 0.000000e+00 0.000000e+00 0.000000e+00 0.000000e+00 0.000000e+00 0.000000e+00 0.000000e+00 0.000000e+00
 0.000000e+00 0.000000e+00 0.000000e+00 0.000000e+00 0.000000e+00 0.000000e+00 0.000000e+00 0.000000e+00 0.000000e+00 0.000000e+00 0.000000e+00 0.000000e+00 0.000000e+00 1.666729e-01 8.333271e-01 0.000000e+00 0.000000e+00 0.000000e+00 0.000000e+00 0.000000e+00 0.000000e+00 0.000000e+00 0.000000e+00 0.000000e+00 0.000000e+00 0.000000e+00 0.000000e+00 0.000000e+00
 0.000000e+00 0.000000e+00 0.000000e+00 0.000000e+00 0.000000e+00 0.000000e+00 0.000000e+00 0.000000e+00 0.000000e+00 0.000000e+00 0.000000e+00 0.000000e+00 0.000000e+00 0.000000e+00 4.443057e-01 5.556943e-01 0.000000e+00 0.000000e+00 0.000000e+00 0.000000e+00 0.000000e+00 0.000000e+00 0.000000e+00 0.000000e+00 0.000000e+00 0.000000e+00 0.000000e+00 0.000000e+00
 0.000000e+00 0.000000e+00 0.000000e+00 0.000000e+00 0.000000e+00 0.000000e+00 0.000000e+00 0.000000e+00 0.000000e+00 0.000000e+00 0.000000e+00 0.000000e+00 0.000000e+00 0.000000e+00 0.000000e+00 3.752476e-01 6.247524e-01 0.000000e+00 0.000000e+00 0.000000e+00 0.000000e+00 0.000000e+00 0.000000e+00 0.000000e+00 0.000000e+00 0.000000e+00 0.000000e+00 0.000000e+00
 0.000000e+00 0.000000e+00 0.000000e+00 0.000000e+00 0.000000e+00 0.000000e+00 0.000000e+00 0.000000e+00 0.000000e+00 0.000000e+00 0.000000e+00 0.000000e+00 0.000000e+00 0.000000e+00 0.000000e+00 0.000000e+00 5.454493e-01 4.545508e-01 0.000000e+00 0.000000e+00 0.000000e+00 0.000000e+00 0.000000e+00 0.000000e+00 0.000000e+00 0.000000e+00 0.000000e+00 0.000000e+00
 0.000000e+00 0.000000e+00 0.000000e+00 0.000000e+00 0.000000e+00 0.000000e+00 0.000000e+00 0.000000e+00 0.000000e+00 0.000000e+00 0.000000e+00 0.000000e+00 0.000000e+00 0.000000e+00 0.000000e+00 0.000000e+00 0.000000e+00 4.444892e-01 5.555108e-01 0.000000e+00 0.000000e+00 0.000000e+00 0.000000e+00 0.000000e+00 0.000000e+00 0.000000e+00 0.000000e+00 0.000000e+00
 0.000000e+00 0.000000e+00 0.000000e+00 0.000000e+00 0.000000e+00 0.000000e+00 0.000000e+00 0.000000e+00 0.000000e+00 0.000000e+00 0.000000e+00 0.000000e+00 0.000000e+00 0.000000e+00 0.000000e+00 0.000000e+00 0.000000e+00 0.000000e+00 4.437730e-01 5.562270e-01 0.000000e+00 0.000000e+00 0.000000e+00 0.000000e+00 0.000000e+00 0.000000e+00 0.000000e+00 0.000000e+00
 0.000000e+00 0.000000e+00 0.000000e+00 0.000000e+00 0.000000e+00 0.000000e+00 0.000000e+00 0.000000e+00 0.000000e+00 0.000000e+00 0.000000e+00 0.000000e+00 0.000000e+00 0.000000e+00 0.000000e+00 0.000000e+00 0.000000e+00 0.000000e+00 0.000000e+00 5.049187e-01 4.950813e-01 0.000000e+00 0.000000e+00 0.000000e+00 0.000000e+00 0.000000e+00 0.000000e+00 0.000000e+00
 0.000000e+00 0.000000e+00 0.000000e+00 0.000000e+00 0.000000e+00 0.000000e+00 0.000000e+00 0.000000e+00 0.000000e+00 0.000000e+00 0.000000e+00 0.000000e+00 0.000000e+00 0.000000e+00 0.000000e+00 0.000000e+00 0.000000e+00 0.000000e+00 0.000000e+00 0.000000e+00 5.415449e-01 4.584551e-01 0.000000e+00 0.000000e+00 0.000000e+00 0.000000e+00 0.000000e+00 0.000000e+00
 0.000000e+00 0.000000e+00 0.000000e+00 0.000000e+00 0.000000e+00 0.000000e+00 0.000000e+00 0.000000e+00 0.000000e+00 0.000000e+00 0.000000e+00 0.000000e+00 0.000000e+00 0.000000e+00 0.000000e+00 0.000000e+00 0.000000e+00 0.000000e+00 0.000000e+00 0.000000e+00 0.000000e+00 5.004386e-01 4.995614e-01 0.000000e+00 0.000000e+00 0.000000e+00 0.000000e+00 0.000000e+00
 0.000000e+00 0.000000e+00 0.000000e+00 0.000000e+00 0.000000e+00 0.000000e+00 0.000000e+00 0.000000e+00 0.000000e+00 0.000000e+00 0.000000e+00 0.000000e+00 0.000000e+00 0.000000e+00 0.000000e+00 0.000000e+00 0.000000e+00 0.000000e+00 0.000000e+00 0.000000e+00 0.000000e+00 0.000000e+00 4.996881e-01 5.003119e-01 0.000000e+00 0.000000e+00 0.000000e+00 0.000000e+00
 0.000000e+00 0.000000e+00 0.000000e+00 0.000000e+00 0.000000e+00 0.000000e+00 0.000000e+00 0.000000e+00 0.000000e+00 0.000000e+00 0.000000e+00 0.000000e+00 0.000000e+00 0.000000e+00 0.000000e+00 0.000000e+00 0.000000e+00 0.000000e+00 0.000000e+00 0.000000e+00 0.000000e+00 0.000000e+00 0.000000e+00 5.000837e-01 4.999163e-01 0.000000e+00 0.000000e+00 0.000000e+00
 0.000000e+00 0.000000e+00 0.000000e+00 0.000000e+00 0.000000e+00 0.000000e+00 0.000000e+00 0.000000e+00 0.000000e+00 0.000000e+00 0.000000e+00 0.000000e+00 0.000000e+00 0.000000e+00 0.000000e+00 0.000000e+00 0.000000e+00 0.000000e+00 0.000000e+00 0.000000e+00 0.000000e+00 0.000000e+00 0.000000e+00 0.000000e+00 4.999626e-01 5.000374e-01 0.000000e+00 0.000000e+00
 0.000000e+00 0.000000e+00 0.000000e+00 0.000000e+00 0.000000e+00 0.000000e+00 0.000000e+00 0.000000e+00 0.000000e+00 0.000000e+00 0.000000e+00 0.000000e+00 0.000000e+00 0.000000e+00 0.000000e+00 0.000000e+00 0.000000e+00 0.000000e+00 0.000000e+00 0.000000e+00 0.000000e+00 0.000000e+00 0.000000e+00 0.000000e+00 0.000000e+00 3.750223e-01 6.249778e-01 0.000000e+00
 0.000000e+00 0.000000e+00 0.000000e+00 0.000000e+00 0.000000e+00 0.000000e+00 0.000000e+00 0.000000e+00 0.000000e+00 0.000000e+00 0.000000e+00 0.000000e+00 0.000000e+00 0.000000e+00 0.000000e+00 0.000000e+00 0.000000e+00 0.000000e+00 0.000000e+00 0.000000e+00 0.000000e+00 0.000000e+00 0.000000e+00 0.000000e+00 0.000000e+00 0.000000e+00 2.857132e-01 7.142867e-01
 0.000000e+00 0.000000e+00 0.000000e+00 0.000000e+00 0.000000e+00 0.000000e+00 0.000000e+00 0.000000e+00 0.000000e+00 0.000000e+00 0.000000e+00 0.000000e+00 0.000000e+00 0.000000e+00 0.000000e+00 0.000000e+00 0.000000e+00 0.000000e+00 0.000000e+00 0.000000e+00 0.000000e+00 0.000000e+00 0.000000e+00 0.000000e+00 0.000000e+00 0.000000e+00 0.000000e+00 0.000000e+00
<ENDHMM>
