~o
<STREAMINFO> 1 39
<VECSIZE> 39<NULLD><MFCC_E_D_A><DIAGC>
~h "Giam"
<BEGINHMM>
<NUMSTATES> 37
<STATE> 2
<MEAN> 39
 -5.678569e+00 -8.575341e+00 1.122748e+00 -1.244597e+00 2.125632e+00 -1.373318e+00 2.639311e+00 -1.320286e+00 2.306928e+00 -3.086488e+00 1.953520e+00 -6.456490e-01 3.352349e-02 4.962514e-01 -9.930728e-02 -1.570068e-01 -7.694003e-01 -4.674881e-01 -1.440913e-03 -8.117445e-01 -4.954957e-01 -3.993647e-01 -4.950818e-02 -7.644519e-01 -5.277870e-01 3.234610e-02 5.932721e-01 8.409588e-02 -3.269144e-01 -7.613691e-01 -7.809540e-01 -5.299846e-01 -3.223610e-01 -2.283293e-01 -2.046692e-01 -3.831353e-01 -7.334810e-01 -3.617617e-01 2.539504e-02
<VARIANCE> 39
 3.646322e+00 3.540688e+00 3.382081e+00 2.198439e+01 1.718242e+01 9.145159e+00 2.722595e+00 2.005322e+00 1.961354e+01 1.125380e+01 5.462625e+00 5.808473e+00 5.000000e-02 1.242199e+00 3.705130e-01 1.179296e+00 1.295639e+00 1.093356e+00 1.770897e+00 1.326567e+00 1.214041e+00 2.248754e+00 1.876243e+00 1.833179e+00 6.223617e-01 5.000000e-02 1.233846e-01 6.550207e-02 2.713143e-01 8.578522e-01 5.330126e-01 1.524992e-01 2.311216e-01 1.685368e-01 1.260894e-01 1.940943e-01 1.548422e-01 6.213334e-02 5.000000e-02
<GCONST> 6.713709e+01
<STATE> 3
<MEAN> 39
 -5.138817e+00 -8.297772e+00 5.628139e-01 -7.035313e+00 -4.398499e+00 -1.657271e+00 -1.344897e+00 -3.957102e+00 2.715969e+00 -3.535882e+00 -2.406164e+00 -1.404188e+00 8.003985e-02 1.077182e+00 5.183218e-01 -4.758009e-01 -3.003565e+00 -2.466798e+00 -1.738736e+00 -1.662524e+00 -5.757695e-01 -6.021988e-01 -1.363788e+00 -2.209874e+00 -5.232615e-01 8.975344e-02 -5.766124e-02 7.409971e-02 -1.309173e-01 -6.978506e-01 -1.517278e-01 -5.014688e-01 -1.493929e-01 1.465206e-01 1.192476e-01 -1.948385e-01 1.683032e-01 1.474412e-01 2.966359e-02
<VARIANCE> 39
 7.046780e+00 4.741359e+00 4.774017e+00 2.936089e+01 1.832032e+01 3.210733e+01 1.384772e+01 4.654650e+00 2.424693e+01 1.716396e+01 1.090021e+01 1.293557e+01 5.000000e-02 2.318764e+00 3.708775e-01 1.422384e+00 8.192142e+00 3.770076e+00 1.419913e+00 9.345233e-01 7.508365e-01 1.651721e+00 1.833439e+00 3.430196e-01 1.219328e+00 5.000000e-02 1.404982e-01 1.278005e-01 1.247785e-01 9.799985e-01 3.785805e-01 3.713505e-01 6.129891e-01 1.839533e-01 4.037872e-01 6.488196e-01 4.182606e-01 6.131871e-02 5.000000e-02
<GCONST> 8.126061e+01
<STATE> 4
<MEAN> 39
 2.323967e+00 -6.765555e+00 -2.544800e+00 -1.058670e+01 -6.905860e+00 -9.112253e+00 -2.539946e+00 -4.928571e+00 -3.934261e+00 -1.060996e+01 -6.931814e+00 -4.782382e+00 4.120305e-01 5.078675e-01 1.717916e-01 -8.806884e-01 -3.497823e+00 -1.314889e+00 -2.296795e+00 -9.419447e-01 -1.969889e-01 3.059199e-01 -2.001764e-01 -5.385142e-02 3.364526e-01 1.281369e-01 -1.224659e+00 -3.377323e-01 9.553086e-02 -1.350685e-01 -3.643258e-02 2.896434e-01 9.685601e-02 1.331274e-01 1.112659e+00 1.530311e+00 1.430547e+00 6.734837e-01 -1.597744e-03
<VARIANCE> 39
 5.195915e+01 3.071906e+00 1.764618e+01 5.571008e+01 1.305061e+01 2.609131e+01 1.864682e+01 7.256232e+00 3.014812e+01 1.205674e+01 9.737188e+00 9.966702e+00 5.000000e-02 4.328628e+00 8.083879e-01 5.139182e-01 3.316597e+00 1.941850e+00 9.734134e-01 4.443456e+00 1.207455e+00 3.331851e+00 5.272032e+00 2.313659e+00 1.213476e+00 5.000000e-02 7.064200e-01 1.085559e-01 2.420501e-01 1.136959e+00 2.240595e-01 1.053942e-01 3.866234e-01 1.180231e-01 2.121985e-01 3.564087e-01 2.033723e-01 9.341766e-02 5.000000e-02
<GCONST> 8.662640e+01
<STATE> 5
<MEAN> 39
 -2.864735e+00 -7.144644e+00 -2.722716e+00 -2.095065e+01 -6.850963e+00 -9.290979e+00 -7.536496e+00 -2.569790e+00 3.100490e+00 -5.730773e+00 -3.805886e+00 -2.059727e+00 5.745133e-01 -1.668819e+00 -6.372779e-01 -1.821267e-02 -2.636723e+00 -2.189311e+00 -6.661726e-01 -1.667202e+00 -3.306558e-01 2.343070e+00 3.137923e+00 2.525591e+00 1.463722e+00 1.310350e-01 -7.743251e-01 -4.044620e-01 1.294462e-01 1.345575e+00 -2.827558e-01 7.375613e-01 1.083585e+00 -1.278367e-01 2.544232e-01 7.627234e-01 4.708151e-01 -1.306589e-01 -1.464316e-02
<VARIANCE> 39
 1.971978e+01 7.310283e+00 1.147817e+01 1.607928e+01 2.175288e+01 2.469814e+01 3.376480e+01 1.379479e+01 2.539538e+01 1.751070e+01 7.864405e+00 2.965044e+00 5.000000e-02 2.928631e+00 4.359251e-01 7.214993e-01 2.829120e+00 2.170147e-01 8.322263e-01 2.250589e+00 4.866795e-01 1.121478e+00 2.303169e+00 1.656414e+00 3.035478e-01 5.000000e-02 1.592883e-01 1.036392e-01 3.031344e-01 3.137165e-01 4.292826e-01 1.842413e-01 3.703712e-01 4.832363e-01 3.120992e-01 4.794945e-01 1.836580e-01 2.352216e-01 5.000000e-02
<GCONST> 7.839873e+01
<STATE> 6
<MEAN> 39
 -6.215149e+00 -7.954823e+00 -8.790792e-01 -2.150523e+01 -1.501907e+01 -9.383773e+00 -8.018637e+00 -6.817951e+00 6.904498e+00 6.414005e-01 1.027736e+00 1.195667e+00 7.565053e-01 -2.710171e+00 -8.983274e-01 -4.985231e-01 -5.430728e-01 -2.988968e+00 -1.917790e-01 1.483190e+00 -5.244648e-01 1.553806e+00 2.860850e+00 2.043113e+00 3.813994e-01 7.988159e-02 -1.474318e-01 -5.277644e-01 -5.139804e-01 1.015153e+00 4.023084e-01 6.977441e-01 1.671336e+00 8.384637e-01 -6.909928e-01 -6.580492e-01 -9.026966e-01 -1.173844e+00 -2.447477e-02
<VARIANCE> 39
 1.755308e+01 9.839637e+00 1.532454e+01 5.550485e+00 1.468845e+01 5.669870e+01 1.904488e+01 7.792007e+00 1.094502e+01 1.724579e+01 4.263203e+00 1.647079e+01 5.000000e-02 9.290257e-01 2.204508e-01 1.162757e+00 3.156067e+00 2.771539e-01 1.728153e+00 1.751884e+00 1.401513e+00 1.508166e+00 1.798767e+00 1.088408e+00 1.553582e+00 5.000000e-02 1.695026e-01 1.872520e-01 8.856082e-02 2.149001e-01 1.391716e-01 1.751377e-01 1.675629e-01 2.561403e-01 8.225375e-02 3.600056e-01 2.030001e-01 2.693535e-01 5.000000e-02
<GCONST> 7.420124e+01
<STATE> 7
<MEAN> 39
 -9.494657e+00 -1.068318e+01 -5.057490e+00 -2.054645e+01 -1.707881e+01 -1.111916e+01 -2.560969e+00 -4.289013e+00 6.733551e+00 4.700091e+00 4.407124e+00 4.555068e-01 8.401284e-01 -1.858256e+00 -2.506316e+00 -1.583625e+00 7.834618e-01 -1.025669e+00 1.698989e+00 4.270362e+00 2.468367e+00 3.218846e-01 7.448742e-01 -1.146359e+00 -2.791030e+00 5.258400e-02 4.706779e-01 -5.207412e-01 -1.218920e-01 6.300493e-01 1.326854e+00 7.260569e-01 1.075310e+00 6.172741e-01 -9.934553e-01 -1.447013e+00 -1.217465e+00 -7.782925e-01 -1.361936e-02
<VARIANCE> 39
 1.511738e+01 4.507389e+00 1.736898e+01 8.573093e+00 1.136779e+01 5.631872e+01 2.099574e+01 1.138512e+01 8.359264e+00 1.217247e+01 1.148729e+01 3.079419e+01 5.000000e-02 2.264091e-01 5.329446e-01 6.836820e-01 6.512071e-01 1.207296e+00 8.101211e-01 9.198050e-01 1.200762e+00 7.909330e-01 2.260962e+00 2.147730e+00 3.322812e+00 5.000000e-02 7.825124e-02 9.590285e-02 1.729361e-01 4.194689e-01 6.909823e-02 2.245821e-01 1.626539e-01 2.015607e-01 1.244507e-01 1.138251e-01 3.139729e-01 5.594258e-01 5.000000e-02
<GCONST> 7.294851e+01
<STATE> 8
<MEAN> 39
 -1.259565e+01 -1.658391e+01 -7.013186e+00 -1.824261e+01 -1.648651e+01 -3.629360e+00 8.993256e+00 1.803126e+00 6.174153e+00 1.569418e+00 -4.151713e+00 -8.724160e+00 9.258897e-01 -1.217076e+00 -2.743979e+00 -1.213647e+00 1.376668e+00 2.074728e+00 2.121802e+00 4.869119e+00 1.736887e+00 -1.729226e+00 -2.207801e+00 -1.641902e+00 -1.621573e+00 3.142824e-02 3.391961e-01 8.136266e-02 1.770227e-01 3.925599e-01 1.177827e+00 -2.370025e-01 -7.307841e-01 -7.825625e-01 -7.212723e-01 -8.956546e-01 5.898056e-01 1.149613e+00 -1.064595e-02
<VARIANCE> 39
 1.774741e+01 6.630253e+00 8.010860e+00 8.313677e+00 1.216281e+01 3.592681e+01 2.181235e+01 8.790060e+00 9.316680e+00 1.066340e+01 6.345490e+00 2.479973e+01 5.000000e-02 1.183770e-01 6.238136e-01 5.922359e-01 3.179252e-01 6.685849e-01 5.232356e-01 7.701471e-01 7.074124e-01 4.058818e-01 1.020253e+00 1.140024e+00 2.389246e+00 5.000000e-02 5.516442e-02 5.000000e-02 5.165297e-02 6.338909e-02 1.126718e-01 1.042055e-01 2.352546e-01 1.514679e-01 1.176102e-01 1.567900e-01 3.017088e-01 3.069315e-01 5.000000e-02
<GCONST> 6.107028e+01
<STATE> 9
<MEAN> 39
 -1.348151e+01 -1.977774e+01 -9.047165e+00 -1.623365e+01 -1.135262e+01 -4.953092e+00 1.468900e+01 3.379183e+00 1.639058e+00 -2.157459e+00 -2.629308e+00 -8.192416e+00 9.594732e-01 -8.196629e-01 -2.280319e+00 -1.055315e+00 1.764633e+00 3.290741e+00 1.003861e+00 2.413425e+00 -3.294632e-01 -2.436790e+00 -2.453358e+00 5.575928e-01 9.516199e-01 1.564403e-02 2.687046e-01 2.429223e-01 7.384383e-03 2.984475e-01 4.274516e-01 -5.495207e-01 -1.331287e+00 -1.023924e+00 -1.170253e-01 2.771612e-02 1.076119e+00 1.310672e+00 -8.059996e-03
<VARIANCE> 39
 1.110962e+01 3.314636e+00 3.795812e+00 3.023308e+00 6.398521e+00 6.737780e+01 4.721349e+00 1.182839e+01 7.325170e+00 5.766062e+00 3.380409e+00 2.131392e+01 5.000000e-02 2.756169e-01 9.555936e-02 1.637586e-01 1.808366e-01 4.644276e-01 1.103251e-01 4.829037e-01 2.536256e-01 5.457067e-01 1.345934e+00 8.174241e-01 1.074790e+00 5.000000e-02 5.089801e-02 7.314786e-02 8.606585e-02 5.000000e-02 7.834221e-02 9.779219e-02 1.641382e-01 1.099741e-01 5.885685e-02 1.287287e-01 8.483714e-02 2.017220e-01 5.000000e-02
<GCONST> 4.530233e+01
<STATE> 10
<MEAN> 39
 -1.392415e+01 -2.252307e+01 -1.011747e+01 -1.184859e+01 -4.329545e+00 -3.187750e+00 1.689470e+01 8.989476e-01 -2.178207e+00 -7.662870e+00 -1.378555e+00 -5.623531e+00 9.699913e-01 -4.325244e-01 -1.849463e+00 -9.642508e-01 2.445737e+00 3.296361e+00 6.720839e-01 6.073723e-01 -1.097693e+00 -1.992117e+00 -2.102258e+00 1.567217e+00 2.061863e+00 7.543072e-03 2.367673e-01 3.805960e-01 -1.147309e-01 3.039144e-02 -4.124266e-01 -2.437520e-01 -1.016106e+00 -2.853597e-01 4.651642e-01 5.097651e-01 2.403328e-01 2.549010e-01 -6.876250e-03
<VARIANCE> 39
 6.890751e+00 3.681392e+00 5.680731e+00 6.892735e+00 2.080214e+01 4.147440e+01 1.832540e+01 6.405759e+00 1.191562e+01 1.692559e+01 4.965506e+00 1.102561e+01 5.000000e-02 7.026069e-01 2.129404e-01 3.068329e-01 3.027078e-01 2.124153e-01 2.775443e-01 6.360645e-01 4.914565e-01 1.019848e+00 6.286722e-01 3.679560e-01 2.238201e-01 5.000000e-02 5.000000e-02 5.950469e-02 1.084705e-01 5.000000e-02 5.612169e-02 6.572839e-02 1.667099e-01 5.000000e-02 7.113761e-02 3.586940e-01 1.683372e-01 1.228277e-01 5.000000e-02
<GCONST> 5.024360e+01
<STATE> 11
<MEAN> 39
 -1.586468e+01 -2.659993e+01 -1.116499e+01 -9.870054e+00 -3.817331e+00 -5.992275e-01 1.425023e+01 -1.472062e+00 -3.948498e+00 -6.540119e+00 1.523264e+00 -8.045965e-01 9.808285e-01 1.325753e-01 -1.226867e+00 -1.153680e+00 2.313606e+00 1.882582e+00 -1.340653e-01 -7.383222e-01 -9.796084e-01 -6.810278e-01 -6.939942e-01 1.329192e+00 1.477863e+00 -3.730119e-03 2.312759e-01 6.045946e-01 -2.323654e-02 -7.071583e-02 -5.191104e-01 -3.111250e-02 -5.988150e-01 2.301765e-01 8.324071e-01 5.889640e-01 -2.815229e-01 -4.322357e-01 -6.854567e-03
<VARIANCE> 39
 5.165997e+00 5.271322e+00 6.959164e+00 1.297418e+01 2.089726e+01 2.567692e+01 1.908011e+01 5.041767e+00 9.725666e+00 1.432868e+01 3.327554e+00 8.545338e+00 5.000000e-02 4.713404e-01 4.694881e-01 5.775946e-01 4.459437e-01 1.508296e-01 6.821517e-01 4.421059e-01 2.333927e-01 7.384388e-01 1.323426e+00 7.393069e-01 1.107945e+00 5.000000e-02 5.804710e-02 5.000000e-02 9.846869e-02 1.004734e-01 5.365936e-02 5.000000e-02 1.075067e-01 5.895744e-02 5.000000e-02 1.177744e-01 5.442997e-02 8.926956e-02 5.000000e-02
<GCONST> 5.009933e+01
<STATE> 12
<MEAN> 39
 -1.416704e+01 -2.643907e+01 -1.455391e+01 -5.528814e+00 1.123186e+00 -2.644985e+00 1.442790e+01 -2.044913e+00 -5.482903e+00 -9.384103e+00 3.571227e+00 7.280580e-01 9.587482e-01 3.787715e-01 1.544351e-01 -8.602352e-01 1.669523e+00 1.171506e+00 4.261526e-01 -1.395030e+00 -3.133176e-01 4.298422e-01 -6.843443e-02 4.776483e-01 5.044184e-01 -1.486142e-02 -3.595355e-02 2.270278e-01 1.112066e-01 -3.765114e-01 -3.569102e-01 -3.342944e-02 -1.521080e-01 3.211302e-01 5.985950e-01 3.660592e-01 -3.803645e-01 -6.639771e-01 -5.209383e-04
<VARIANCE> 39
 2.427445e+00 5.144170e+00 3.196833e+00 3.233995e+00 2.113141e+01 2.273776e+01 3.041241e+01 1.990068e+00 1.756626e+01 1.401408e+01 4.203672e+00 7.022052e+00 5.000000e-02 1.157951e-01 1.521894e-01 5.635806e-01 6.302712e-01 2.238575e-01 1.531811e-01 2.917733e-01 3.632860e-01 4.185968e-01 2.563635e-01 4.984275e-01 1.085567e+00 5.000000e-02 1.347995e-01 8.877642e-02 5.000000e-02 1.372092e-01 7.018322e-02 6.754478e-02 1.360533e-01 8.652885e-02 7.654728e-02 1.882296e-01 1.354096e-01 5.846478e-02 5.000000e-02
<GCONST> 4.490251e+01
<STATE> 13
<MEAN> 39
 -1.345141e+01 -2.488768e+01 -1.524541e+01 -2.413456e+00 3.719812e+00 -9.075899e-01 1.256232e+01 -1.307791e+00 -2.185664e+00 -8.864066e+00 2.685710e+00 -1.267742e+00 9.202464e-01 -2.157441e-01 -1.582579e-01 -1.009788e+00 7.567431e-01 4.384235e-01 8.548601e-02 -1.269670e+00 5.617166e-02 1.212407e+00 5.043543e-02 -1.475630e-01 -6.258078e-01 -6.827780e-03 -2.508544e-01 -5.742101e-03 7.675002e-02 -5.687063e-01 -4.145441e-01 -3.800707e-01 -2.179701e-01 -5.871075e-02 -8.622459e-02 -2.531254e-01 -1.875760e-01 -2.012573e-01 6.325334e-03
<VARIANCE> 39
 2.006875e+00 1.638791e+00 5.476067e+00 2.597944e+00 1.750687e+01 1.950971e+01 1.299396e+01 9.214784e+00 2.376113e+01 7.697063e+00 7.364210e+00 4.897117e+00 5.000000e-02 1.422099e-01 1.906893e-01 5.066999e-01 4.186520e-01 2.158994e-01 3.019131e-01 5.592966e-01 4.720107e-01 3.190548e-01 4.717060e-01 3.249677e-01 2.592196e-01 5.000000e-02 5.000000e-02 5.000000e-02 1.787530e-01 6.801409e-02 5.928326e-02 9.468473e-02 8.241258e-02 6.198897e-02 6.126437e-02 5.000000e-02 1.046562e-01 9.048803e-02 5.000000e-02
<GCONST> 4.105159e+01
<STATE> 14
<MEAN> 39
 -1.496005e+01 -2.734343e+01 -1.775455e+01 -3.640753e+00 9.344312e-01 -1.981864e+00 6.692371e+00 -3.483373e+00 1.322887e+00 -8.838984e+00 2.992218e+00 -1.401463e+00 9.414786e-01 -7.121998e-01 2.950050e-02 -4.429123e-01 -3.891648e-01 -1.382757e-02 -1.039224e+00 -1.832708e+00 -1.874639e-01 6.391442e-01 -4.676642e-01 -3.773516e-01 -5.033606e-01 1.083231e-02 6.958625e-02 2.812859e-01 3.777386e-01 -8.298706e-02 -2.729924e-02 -3.070007e-02 1.786659e-01 2.094606e-01 -1.871368e-01 -1.400726e-01 -1.762780e-01 4.871103e-02 2.634227e-03
<VARIANCE> 39
 5.000813e+00 7.031029e+00 3.276246e+00 3.674346e+00 1.173939e+01 2.552022e+01 1.259281e+01 7.479015e+00 3.037679e+01 1.801641e+01 2.896353e+00 2.334472e+00 5.000000e-02 2.362185e-01 2.834513e-01 7.345006e-01 2.216187e-01 6.928551e-01 1.135946e+00 1.024814e+00 3.694765e-01 4.181879e-01 2.914029e-01 5.440654e-01 8.595282e-01 5.000000e-02 8.772363e-02 5.000000e-02 1.133971e-01 9.539580e-02 5.998901e-02 1.252233e-01 9.270312e-02 6.626377e-02 7.435846e-02 5.000000e-02 5.794742e-02 7.129583e-02 5.000000e-02
<GCONST> 4.758392e+01
<STATE> 15
<MEAN> 39
 -1.653412e+01 -2.530265e+01 -1.733344e+01 -3.092467e+00 2.011890e+00 -2.610284e+00 3.716805e+00 -3.059918e+00 2.096784e+00 -1.066435e+01 8.305966e-01 -2.721227e+00 9.568389e-01 -6.991690e-02 5.247411e-01 6.460633e-02 2.402911e-01 3.063402e-01 1.670586e-01 -8.208373e-01 4.308149e-01 5.467613e-02 -9.503216e-01 -5.793530e-01 -5.764406e-01 9.207525e-03 5.155472e-01 -1.179735e-01 2.527207e-01 -5.149277e-02 9.879116e-02 4.181988e-01 4.202356e-01 2.840003e-01 -7.230611e-02 1.235761e-02 1.568124e-01 2.514614e-01 -3.644160e-04
<VARIANCE> 39
 3.888970e+00 3.912934e+00 2.982080e+00 1.761452e+00 5.689806e+00 4.970854e+01 8.031204e+00 4.402457e+00 3.357542e+01 1.394514e+01 9.665585e+00 1.573082e+01 5.000000e-02 7.812139e-01 2.405845e-01 5.505789e-01 1.071463e-01 2.833267e-01 9.350379e-01 2.552532e-01 6.142139e-01 6.756528e-01 2.632209e-01 1.715903e-01 5.653396e-01 5.000000e-02 1.145266e-01 5.000000e-02 7.167576e-02 6.172156e-02 7.978290e-02 4.132820e-01 1.187089e-01 6.234620e-02 1.010072e-01 8.213102e-02 6.069195e-02 1.494824e-01 5.000000e-02
<GCONST> 4.731555e+01
<STATE> 16
<MEAN> 39
 -1.590663e+01 -2.491759e+01 -1.671225e+01 -2.720637e+00 2.706292e+00 -2.003569e+00 5.405399e+00 -1.047405e+00 4.662499e-02 -1.034089e+01 9.635802e-01 -2.961727e+00 9.665184e-01 1.080959e+00 -1.172206e-01 4.332433e-01 -2.917270e-01 7.911906e-02 2.502141e-02 -3.812025e-01 9.263287e-01 5.627006e-01 -7.774011e-02 1.282973e-01 4.980513e-01 5.360967e-03 5.447062e-01 -3.533718e-01 7.942700e-02 -2.792786e-01 -1.121656e-01 1.846462e-01 5.268793e-02 1.844571e-01 1.583733e-01 1.136172e-02 2.271290e-02 1.189075e-01 -4.435216e-03
<VARIANCE> 39
 7.706885e+00 1.065798e+00 1.138840e+01 2.499224e+00 1.384723e+01 4.703833e+01 1.320761e+01 1.244694e+01 2.983566e+01 2.603018e+01 4.606707e+00 1.075585e+01 5.000000e-02 6.241738e-01 3.988048e-01 4.985590e-01 2.915449e-01 5.747518e-01 1.181030e+00 3.837345e-01 4.301028e-01 6.937537e-01 9.155983e-01 2.496009e-01 3.943705e-01 5.000000e-02 5.000000e-02 5.041672e-02 3.142433e-01 1.025640e-01 5.000000e-02 1.428169e-01 6.588402e-02 9.942714e-02 1.451874e-01 1.104404e-01 5.569493e-02 6.508394e-02 5.000000e-02
<GCONST> 5.286222e+01
<STATE> 17
<MEAN> 39
 -1.117881e+01 -2.564544e+01 -1.676471e+01 -3.546117e+00 4.129467e+00 -3.861633e+00 4.886796e+00 1.233460e+00 -9.716433e-03 -1.340038e+01 1.693210e+00 -1.602138e+00 9.701517e-01 1.706012e+00 -6.768544e-01 1.941041e-01 -2.666781e-01 -9.158478e-02 1.152755e+00 -5.197443e-01 7.834759e-01 6.998291e-01 -9.046833e-01 -1.978628e-01 8.669044e-02 -2.559441e-03 1.842314e-01 4.075929e-02 1.476849e-02 -3.264852e-02 -3.417143e-01 1.060073e-02 -1.960490e-01 -3.616501e-01 2.881709e-01 -3.145982e-02 -1.491114e-01 -4.854362e-01 -1.147340e-02
<VARIANCE> 39
 1.932563e+01 4.259458e+00 1.936467e+00 5.823165e+00 2.070696e+01 2.449534e+01 1.275828e+01 7.890814e+00 2.026416e+01 3.729303e+01 9.635375e+00 9.632200e+00 5.000000e-02 1.784208e-01 3.165305e-01 1.572235e+00 9.116606e-01 1.100800e+00 1.140155e+00 7.333995e-01 5.445783e-01 1.165660e+00 9.999708e-01 2.451504e-01 4.768037e-01 5.000000e-02 1.402682e-01 5.000000e-02 6.695809e-02 1.448552e-01 8.088390e-02 3.445368e-01 5.000000e-02 1.599541e-01 6.973024e-02 2.063879e-01 5.160171e-02 1.133462e-01 5.000000e-02
<GCONST> 5.893734e+01
<STATE> 18
<MEAN> 39
 -1.031638e+01 -2.766890e+01 -1.475974e+01 -5.210354e+00 1.824330e+00 1.547248e+00 2.339487e+00 1.945392e+00 3.291434e+00 -1.121832e+01 -3.749465e-02 -1.291241e+00 9.586676e-01 1.959867e+00 8.442239e-03 1.507442e-01 -6.487926e-01 -5.198353e-01 -1.981315e-02 -1.019913e+00 2.304637e-02 1.146928e+00 -1.146267e+00 -8.950008e-01 -1.899805e+00 -3.086155e-02 2.559385e-01 3.613482e-01 2.267538e-01 1.505023e-02 -7.329450e-01 -7.882369e-01 -3.221837e-01 -8.978031e-01 1.705132e-02 1.528044e-03 -3.057103e-01 -5.503670e-01 -1.612747e-02
<VARIANCE> 39
 8.171134e+00 5.977026e+00 1.251635e+01 4.944673e+00 2.497537e+01 1.588920e+01 9.283333e+00 4.482911e+00 1.097446e+01 3.374968e+01 4.699804e+00 1.390412e+01 5.000000e-02 4.074750e-01 5.415065e-01 1.176159e+00 1.658493e+00 4.381933e-01 1.538327e+00 4.511879e-01 9.651196e-01 4.316816e-01 8.509146e-01 3.187559e-01 1.334146e+00 5.000000e-02 1.574423e-01 6.699220e-02 5.850971e-01 2.280445e-01 3.809311e-01 2.310688e-01 1.959402e-01 5.000000e-02 5.000000e-02 4.556377e-01 1.408033e-01 3.237140e-01 5.000000e-02
<GCONST> 6.609283e+01
<STATE> 19
<MEAN> 39
 -6.842605e+00 -2.604787e+01 -1.685090e+01 -3.745879e+00 -5.760556e-01 -9.388713e-01 3.832493e-01 7.915518e-02 7.325297e+00 -1.693851e+01 -2.131272e+00 -8.704675e+00 8.913037e-01 2.367213e+00 5.253136e-01 1.482396e+00 -7.836780e-01 -2.486977e+00 -1.810749e+00 -1.393350e+00 -1.933810e+00 1.077487e+00 5.788013e-02 -1.135793e+00 -1.501624e+00 -6.418592e-02 3.635868e-01 3.204495e-02 9.813762e-01 -2.796155e-01 -6.499830e-01 -6.558677e-01 -2.084822e-02 -4.445003e-01 -8.649581e-01 7.793215e-01 -6.886062e-02 8.916785e-01 -9.465267e-03
<VARIANCE> 39
 8.122909e+00 3.401670e+00 6.152398e+00 2.551503e+01 2.728771e+01 1.314644e+01 1.221988e+01 7.422342e+00 8.049461e+00 3.299510e+01 1.240907e+01 6.740942e+00 5.000000e-02 8.381422e-01 3.438752e-01 1.510113e+00 9.295739e-01 1.856971e+00 2.347768e+00 9.235515e-01 2.592871e-01 1.013552e+00 2.154192e+00 9.284765e-01 2.912176e+00 5.000000e-02 5.000000e-02 7.724036e-02 1.989536e-01 6.648214e-01 3.583101e-01 1.823125e-01 2.590681e-01 3.881408e-01 2.194902e-01 2.977839e-01 2.924371e-01 2.698263e-01 5.000000e-02
<GCONST> 7.450529e+01
<STATE> 20
<MEAN> 39
 -1.995945e+00 -2.484266e+01 -1.202086e+01 -7.448064e+00 -2.843665e+00 -5.186603e+00 -1.969514e+00 -3.322493e+00 6.872030e+00 -1.469355e+01 -3.257223e+00 -8.689485e+00 7.686861e-01 3.219727e+00 3.048637e-01 2.787463e+00 -9.434481e-01 -3.751336e+00 -2.397657e+00 -1.481586e+00 -2.632847e+00 -1.064971e+00 8.853303e-01 -1.486212e+00 5.959361e-01 -6.212875e-02 -1.894196e-01 -1.798947e-01 1.340250e-01 1.965759e-01 -1.977412e-01 1.075798e-01 3.796957e-01 3.626022e-02 -8.844735e-01 -1.695733e-02 8.877084e-02 1.040983e+00 7.569308e-03
<VARIANCE> 39
 7.337953e+00 1.572242e+00 4.403463e+00 1.408498e+01 2.856729e+01 1.393555e+01 1.374434e+01 1.263082e+01 3.037500e+01 1.293406e+01 1.519530e+01 1.928413e+01 5.000000e-02 4.702608e-01 6.893538e-01 1.025541e+00 2.940995e+00 2.747995e+00 6.148308e-01 2.517476e+00 1.119680e+00 6.782470e-01 2.374341e+00 2.374839e+00 1.232419e+00 5.000000e-02 1.259319e-01 7.966878e-02 9.154674e-02 3.035856e-01 5.870542e-01 7.614493e-01 2.464260e-01 3.618917e-01 1.995836e-01 2.796724e-01 2.295619e-01 2.373437e-01 5.000000e-02
<GCONST> 7.794630e+01
<STATE> 21
<MEAN> 39
 2.532253e+00 -2.550764e+01 -5.986028e+00 -7.663264e+00 -1.015713e+01 -8.218350e+00 -3.030873e+00 -7.517785e+00 2.986921e+00 -1.165179e+01 -4.673967e+00 -4.585750e+00 6.711424e-01 1.592319e+00 -3.940491e-01 1.727726e+00 -2.698683e-01 -2.224291e+00 -7.197571e-01 -4.332133e-01 -9.168473e-01 -1.984531e+00 -2.010939e-01 -1.052138e+00 1.749515e+00 -3.117693e-02 -7.007492e-01 -8.666629e-02 -7.040554e-01 3.128775e-01 6.668807e-01 6.521487e-01 3.399825e-01 6.036708e-01 -1.048253e-01 -2.985475e-01 1.641917e-01 2.465857e-01 1.515337e-02
<VARIANCE> 39
 3.989656e+00 5.134576e+00 2.808275e+00 6.538150e+00 5.146765e+00 9.072482e+00 4.304694e+00 4.682863e+00 9.814286e+00 1.278876e+01 8.520917e+00 6.330162e+00 5.000000e-02 7.902111e-01 1.671813e-01 1.575767e+00 1.695044e+00 2.486007e+00 1.131657e+00 1.670444e+00 1.817197e+00 1.230327e+00 2.084512e+00 3.994029e-01 8.478436e-01 5.000000e-02 6.990460e-02 1.532559e-01 7.139280e-02 2.333390e-01 2.371478e-01 1.026941e-01 2.377170e-01 9.788954e-02 1.930141e-01 3.287725e-01 3.268815e-01 2.132236e-01 5.000000e-02
<GCONST> 6.372175e+01
<STATE> 22
<MEAN> 39
 4.515780e+00 -2.625503e+01 -6.413680e+00 -8.439453e+00 -1.337478e+01 -8.985034e+00 -4.307573e+00 -6.761867e+00 -1.096303e+00 -1.552270e+01 -7.355963e+00 -2.815592e+00 6.761211e-01 5.110489e-01 4.546996e-01 2.726503e-01 5.836582e-01 -8.511602e-01 1.592059e-01 3.326083e-01 -3.603227e-01 -1.098787e+00 -3.192085e-01 1.077489e-02 1.479895e+00 -1.487651e-02 -4.243732e-01 3.484714e-01 -3.565416e-01 5.318206e-01 1.035871e+00 4.559401e-01 3.050994e-01 1.166146e-01 4.795964e-01 2.689643e-01 5.491753e-01 -2.718383e-01 3.909701e-03
<VARIANCE> 39
 3.873048e+00 2.018251e+00 6.248412e+00 3.777591e+00 1.568907e+01 1.454296e+01 1.189438e+01 1.004135e+01 1.048709e+01 2.054249e+01 5.556611e+00 8.353399e+00 5.000000e-02 3.618314e-01 4.999985e-01 1.116796e-01 2.443802e-01 1.058983e+00 1.103857e+00 1.970093e+00 4.315888e-01 8.790362e-01 3.965272e-01 1.213948e+00 6.645500e-01 5.000000e-02 6.895293e-02 7.141371e-02 1.627035e-01 1.390926e-01 5.812146e-01 1.613981e-01 3.302932e-01 3.118783e-01 1.857422e-01 4.288895e-01 1.229530e-01 8.602668e-02 5.000000e-02
<GCONST> 5.992468e+01
<STATE> 23
<MEAN> 39
 3.984828e+00 -2.524308e+01 -5.578099e+00 -6.582184e+00 -1.311416e+01 -7.067548e+00 -2.312757e+00 -8.208871e+00 -1.539943e+00 -1.423393e+01 -6.050783e+00 1.137630e+00 6.387916e-01 4.176757e-01 4.917242e-01 5.575870e-01 1.121946e+00 5.240276e-01 2.925691e-01 1.766817e-01 -5.262889e-01 -6.256151e-01 1.049791e+00 5.021461e-01 1.048177e+00 -1.447217e-02 -1.229574e-01 1.548238e-01 -1.351530e-01 2.080490e-01 4.810266e-01 -1.879722e-01 -7.522293e-02 2.689342e-01 2.457710e-01 2.747221e-01 1.654778e-01 -7.207801e-01 -1.571936e-03
<VARIANCE> 39
 1.919592e+00 4.952724e+00 4.042445e+00 7.191320e+00 5.506720e+00 8.284290e+00 2.344543e+01 5.993846e+00 1.493109e+01 1.173899e+01 9.979887e+00 4.431039e+00 5.000000e-02 2.776023e-01 3.540226e-01 5.234432e-01 2.186529e-01 8.402230e-01 2.138734e-01 1.204213e+00 2.930314e-01 5.850557e-01 1.617167e+00 2.996068e-01 6.316835e-01 5.000000e-02 5.000000e-02 7.347050e-02 1.006459e-01 9.347695e-02 1.186254e-01 1.548195e-01 4.955561e-01 2.680321e-01 1.935716e-01 2.097972e-01 1.330410e-01 5.000000e-02 5.000000e-02
<GCONST> 5.256207e+01
<STATE> 24
<MEAN> 39
 5.070078e+00 -2.408330e+01 -3.805999e+00 -3.650848e+00 -1.017626e+01 -6.448452e+00 -2.918468e+00 -8.924457e+00 -1.923480e+00 -1.057064e+01 -5.023178e+00 -4.008724e-01 6.091744e-01 4.906842e-02 6.988661e-01 -5.637337e-02 9.383312e-01 8.155133e-01 -3.293441e-01 -1.303817e-01 4.464742e-01 -1.481909e-01 5.028427e-01 2.980364e-01 -9.268703e-01 -1.955756e-02 -1.714978e-01 -1.484259e-01 -3.894158e-01 -7.024398e-02 4.088994e-02 -1.969098e-01 2.625462e-01 4.670602e-01 3.066292e-01 -3.910461e-01 -2.046467e-01 -2.864693e-01 -3.271224e-03
<VARIANCE> 39
 2.169561e+00 2.048754e+00 9.019057e+00 1.730922e+00 6.753426e+00 6.563752e+00 9.989535e+00 3.259000e+00 1.040143e+01 6.825867e+00 2.526878e+00 8.043800e+00 5.000000e-02 7.060102e-02 4.461441e-01 5.636398e-01 9.839647e-01 6.912796e-01 6.312221e-01 2.168845e+00 2.657060e+00 6.779836e-01 5.420404e-01 2.632197e-01 3.197289e-01 5.000000e-02 5.000000e-02 6.404731e-02 1.404448e-01 8.131174e-02 1.090601e-01 5.000000e-02 3.036015e-01 1.314026e-01 1.719546e-01 1.513632e-01 1.009670e-01 2.564811e-01 5.000000e-02
<GCONST> 4.892591e+01
<STATE> 25
<MEAN> 39
 5.050338e+00 -2.232989e+01 -5.858619e+00 -3.479924e+00 -1.118692e+01 -9.008545e+00 -2.434758e+00 -6.447182e+00 -4.055270e+00 -1.320502e+01 -4.705542e+00 -1.317671e+00 5.801321e-01 -1.239995e-01 2.624452e-01 -3.754654e-01 1.066388e+00 7.250094e-01 -3.445286e-01 1.371636e+00 1.443129e+00 -3.565194e-03 -3.187547e-01 -1.208852e-01 -5.688556e-01 -2.936050e-02 -1.921210e-01 -1.788735e-01 -9.267522e-02 8.426797e-02 2.793066e-01 3.507136e-01 5.531142e-01 1.790300e-01 4.679040e-01 3.689675e-01 2.458032e-02 2.532235e-01 -6.176842e-03
<VARIANCE> 39
 2.779821e+00 3.895198e+00 2.523546e+00 6.621980e+00 8.402748e+00 1.378297e+01 7.847203e+00 1.595196e+01 9.571450e+00 2.756825e+01 4.132435e+00 8.168980e+00 5.000000e-02 9.553218e-02 1.387259e-01 1.038782e+00 8.682870e-01 6.846898e-01 8.058119e-01 5.885373e-01 5.718434e-01 1.053126e+00 5.645084e-01 6.374996e-01 8.924628e-01 5.000000e-02 5.000000e-02 7.918435e-02 5.000000e-02 1.945385e-01 2.402946e-01 1.252518e-01 2.342684e-01 2.587818e-01 1.902023e-01 3.130844e-01 1.207592e-01 1.279484e-01 5.000000e-02
<GCONST> 5.590816e+01
<STATE> 26
<MEAN> 39
 4.512589e+00 -2.315198e+01 -6.645940e+00 -6.228544e-01 -7.917354e+00 -8.863668e+00 1.596441e+00 -4.001452e+00 -1.321784e+00 -1.136346e+01 -5.996800e+00 -2.637916e+00 5.127270e-01 -5.510237e-01 -7.340880e-02 -6.823561e-01 9.634548e-01 1.534131e+00 7.908956e-01 1.821323e+00 1.105703e+00 1.835429e+00 1.151659e+00 2.280158e-01 4.679022e-01 -3.505236e-02 -3.232852e-01 -2.858731e-01 5.064670e-03 -2.231887e-01 4.470850e-02 2.891659e-01 -2.572178e-01 -3.611027e-01 6.504376e-02 2.028466e-01 3.564380e-01 5.712357e-01 -1.751987e-03
<VARIANCE> 39
 1.170462e+00 3.660330e+00 3.835428e+00 6.011600e+00 9.286169e+00 8.294531e+00 4.350704e+00 1.437967e+01 2.158038e+01 5.636048e+00 8.099729e+00 1.586268e+00 5.000000e-02 2.090418e-01 4.317325e-01 6.872699e-01 7.778467e-01 6.291254e-01 8.082404e-01 7.379912e-01 3.783473e-01 1.221689e+00 2.326986e+00 1.501921e+00 7.573777e-01 5.000000e-02 5.000000e-02 5.000000e-02 5.000000e-02 1.310931e-01 1.655210e-01 1.833125e-01 1.829323e-01 2.921491e-01 4.231057e-01 1.033359e-01 1.067507e-01 7.705031e-02 5.000000e-02
<GCONST> 5.393366e+01
<STATE> 27
<MEAN> 39
 2.365473e+00 -2.373882e+01 -7.664075e+00 7.113055e-01 -5.220455e+00 -5.810822e+00 2.431147e+00 -3.910787e+00 2.715867e+00 -8.523062e+00 -3.529680e+00 -1.456318e-01 4.608033e-01 -1.223112e+00 -7.520904e-01 -6.890918e-01 1.280352e-01 8.646283e-01 4.447311e-01 4.785321e-01 1.069305e-01 -1.176411e-01 7.756033e-01 7.607715e-01 7.110639e-01 -3.343555e-02 -2.235942e-02 -5.154643e-03 6.943010e-02 -1.917801e-01 -1.284249e-01 -1.736492e-01 -1.971506e-01 -4.272300e-02 -7.614226e-01 -2.700385e-01 1.686568e-02 -1.141799e-01 2.769618e-03
<VARIANCE> 39
 2.297929e+00 7.913919e+00 8.191341e+00 9.189093e+00 1.270683e+01 1.594182e+01 6.380310e+00 1.231023e+01 1.088094e+01 5.396035e+00 1.279018e+01 8.217190e+00 5.000000e-02 5.000000e-02 2.175814e-01 2.637841e-01 1.000734e+00 1.208857e+00 7.458692e-01 8.959789e-01 1.388675e+00 1.582533e+00 6.091612e-01 1.287375e+00 7.164766e-01 5.000000e-02 5.000000e-02 7.238305e-02 7.782572e-02 2.168314e-01 5.000000e-02 1.167068e-01 1.659529e-01 9.891097e-02 2.580312e-01 2.084833e-01 3.182574e-01 1.901117e-01 5.000000e-02
<GCONST> 5.777429e+01
<STATE> 28
<MEAN> 39
 2.790338e-01 -2.510049e+01 -8.552594e+00 2.190538e-01 -3.587602e+00 -6.104097e+00 4.503182e+00 -2.955271e+00 -5.244419e-01 -8.825610e+00 -2.559073e+00 1.394340e+00 3.902661e-01 -7.174420e-01 -1.349566e-01 -4.714674e-01 6.805961e-01 1.049201e+00 -5.285547e-02 4.613316e-01 8.592603e-01 -1.187279e+00 -6.223811e-02 9.322265e-01 6.377101e-01 -2.674132e-02 2.826107e-01 2.415196e-01 1.086182e-01 -1.179889e-01 -2.534892e-01 -2.053501e-01 -1.455009e-01 1.286965e-01 -1.221664e-01 -2.437960e-01 -1.619655e-01 -3.164035e-01 6.099869e-03
<VARIANCE> 39
 4.796531e+00 1.240607e+01 1.267793e+01 4.767658e+00 7.474808e+00 4.540119e+00 2.771837e+01 2.842110e+01 3.742524e+00 2.871249e+00 4.435388e+00 2.479920e+00 5.000000e-02 7.968511e-02 1.107276e-01 1.687791e-01 6.680171e-01 1.219227e+00 5.997050e-01 6.239000e-01 9.872209e-01 1.446548e+00 3.281416e-01 8.962899e-01 9.607192e-01 5.000000e-02 5.000000e-02 1.243301e-01 1.997351e-01 2.418584e-01 3.223685e-01 1.327708e-01 3.776074e-01 2.820318e-01 1.287627e-01 9.831618e-02 1.634181e-01 1.464837e-01 5.000000e-02
<GCONST> 5.563533e+01
<STATE> 29
<MEAN> 39
 3.639556e-01 -2.447281e+01 -8.959743e+00 1.716103e+00 -3.395403e+00 -5.581185e+00 3.849761e+00 -1.753815e+00 -2.229431e+00 -8.824305e+00 -8.885558e-01 1.477929e+00 3.733477e-01 -3.977554e-01 5.111160e-02 -4.002600e-01 1.505832e-01 3.786851e-01 1.250183e-01 6.448998e-01 5.872733e-01 -4.757143e-01 -1.727756e-02 2.851374e-01 -8.241827e-03 -1.660996e-02 6.285816e-02 2.452822e-01 2.163138e-01 -3.151009e-02 4.473801e-02 2.820344e-02 1.233638e-01 1.327188e-01 3.600694e-01 -1.241170e-01 -3.089998e-01 -6.336053e-02 3.442084e-04
<VARIANCE> 39
 1.931231e+00 7.179037e+00 6.229463e+00 1.227330e+01 1.004756e+01 6.281180e+00 3.757089e+00 3.323373e+01 3.665743e+00 6.244959e+00 1.456758e+01 1.430794e+01 5.000000e-02 1.927786e-01 4.421914e-01 7.071305e-01 6.673821e-01 6.378824e-01 9.364509e-01 1.248764e+00 1.421367e+00 1.093586e+00 3.900713e-01 6.566607e-01 9.748739e-01 5.000000e-02 5.000000e-02 5.000000e-02 5.000000e-02 2.115491e-01 2.466957e-01 8.189987e-02 1.628983e-01 3.842367e-01 2.551721e-01 5.000000e-02 2.097693e-01 2.030905e-01 5.000000e-02
<GCONST> 5.791502e+01
<STATE> 30
<MEAN> 39
 -9.385487e-01 -2.421193e+01 -9.509559e+00 1.887497e+00 -1.534539e+00 -6.871193e+00 6.183924e+00 -4.978355e-01 -1.379231e+00 -8.179341e+00 -1.813961e+00 9.895679e-01 3.473156e-01 -3.767906e-01 7.040929e-01 5.135108e-01 2.663168e-01 1.284932e+00 1.171914e-01 6.818767e-01 1.452672e+00 3.646375e-01 -3.833449e-01 -3.928795e-01 -3.525848e-02 -2.179056e-02 6.499811e-02 2.042664e-01 2.165226e-01 -2.299636e-01 -1.474629e-01 -7.939840e-02 -5.763397e-01 -1.916253e-01 1.414884e-01 -5.494279e-02 -1.455370e-02 -6.240561e-02 -7.830905e-04
<VARIANCE> 39
 1.825858e+00 1.507691e+00 9.570762e+00 4.591796e+00 1.056816e+01 2.888977e+00 1.647840e+01 1.759505e+01 1.082940e+01 8.935990e+00 1.367076e+01 1.499168e+01 5.000000e-02 2.714186e-01 4.036290e-01 2.791933e-01 6.808732e-01 9.047656e-01 3.747562e-01 1.542934e+00 1.990173e+00 4.466330e-01 5.544894e-01 3.744013e-01 6.068891e-01 5.000000e-02 5.000000e-02 1.206224e-01 1.352549e-01 6.129412e-02 6.734944e-02 1.085573e-01 2.673638e-01 3.501883e-01 2.037572e-01 1.036290e-01 1.205006e-01 2.596429e-01 5.000000e-02
<GCONST> 5.524777e+01
<STATE> 31
<MEAN> 39
 -1.413940e+00 -2.362295e+01 -8.817202e+00 9.803401e-01 -1.666664e-01 -5.194053e+00 5.346733e+00 1.023189e+00 -1.157719e+00 -1.063765e+01 -2.867207e+00 9.900839e-01 3.044873e-01 -3.345255e-01 8.683847e-01 4.727297e-01 -1.882348e-01 2.629627e-01 -1.191987e-01 -9.213491e-01 -4.998038e-01 -1.851556e-01 1.548342e-01 4.348080e-01 -1.613751e-01 -2.401815e-02 -4.605100e-02 1.003528e-01 1.798531e-01 2.577441e-01 -1.693001e-02 -4.639341e-02 -3.075299e-01 -6.364555e-01 -7.868651e-02 3.317282e-01 3.244906e-01 6.061538e-02 -1.832372e-03
<VARIANCE> 39
 8.313721e-01 1.796966e+00 3.728783e+00 6.386213e+00 9.218950e+00 1.971833e+00 6.265684e+00 1.136211e+01 9.740348e+00 2.350064e+00 5.854598e+00 1.115089e+01 5.000000e-02 3.399665e-01 7.115435e-01 1.013856e+00 5.388877e-01 3.786433e-01 4.143159e-01 7.094758e-01 1.251594e+00 1.046501e+00 5.752893e-01 6.795042e-01 1.159097e+00 5.000000e-02 5.000000e-02 8.629327e-02 5.819011e-02 1.279623e-01 1.657073e-01 7.459299e-02 2.240967e-01 2.255052e-01 1.034638e-01 8.319061e-02 1.005149e-01 2.377043e-01 5.000000e-02
<GCONST> 4.978226e+01
<STATE> 32
<MEAN> 39
 -1.522187e+00 -1.985545e+01 -7.356412e+00 -3.684773e-02 -1.337797e+00 -6.807724e+00 3.103423e+00 -3.355390e-01 -2.398029e+00 -7.416952e+00 9.759046e-02 -5.764043e-01 2.331736e-01 -3.327993e-01 7.016962e-01 5.660284e-01 4.722983e-01 4.892960e-01 -5.296218e-01 -1.211536e+00 -1.156076e+00 -2.758621e-02 3.990282e-01 5.093890e-01 1.383067e-01 -2.081548e-02 -7.661147e-03 2.618288e-02 -2.728034e-03 5.465024e-02 1.750633e-01 1.117030e-01 2.165990e-01 2.959745e-03 2.550708e-01 9.531564e-02 5.034027e-02 9.302708e-02 6.918657e-04
<VARIANCE> 39
 3.111910e+00 5.984164e+00 3.613068e+00 3.931956e+00 7.318525e+00 9.509791e+00 1.908404e+01 2.524797e+01 2.176384e+01 4.186874e+00 8.750082e-01 2.538694e+00 5.000000e-02 1.800023e-01 5.975333e-01 4.729257e-01 8.112490e-01 5.002427e-01 3.238254e-01 4.776030e-01 2.665502e-01 3.488714e-01 8.857055e-01 1.110066e+00 1.561488e+00 5.000000e-02 1.542928e-01 1.295893e-01 1.471785e-01 5.000000e-02 1.226768e-01 1.398785e-01 2.418783e-01 2.426958e-01 1.841033e-01 9.002469e-02 7.582195e-02 2.462151e-01 5.000000e-02
<GCONST> 5.249980e+01
<STATE> 33
<MEAN> 39
 -2.605850e+00 -2.033994e+01 -5.983233e+00 4.259497e+00 1.713153e+00 -6.812280e+00 2.080838e+00 -2.600326e+00 -1.093500e+00 -8.865210e+00 -1.210198e+00 1.664388e+00 2.392197e-01 -7.248592e-01 9.610512e-01 5.223831e-01 2.667810e-01 1.278205e+00 5.113106e-01 1.642015e-01 -2.697262e-01 4.498860e-01 4.665284e-01 7.793641e-01 2.968037e-01 -3.708948e-02 -9.122130e-02 2.811840e-01 -3.131483e-02 -5.286820e-01 -2.222176e-01 3.063960e-01 4.151287e-01 4.393854e-01 1.357260e-01 4.609828e-02 4.540066e-02 -1.321123e-01 -7.256459e-03
<VARIANCE> 39
 2.083496e+00 4.699585e+00 5.673686e+00 5.319070e+00 1.061875e+01 6.800261e+00 4.111983e+00 1.169748e+01 1.192773e+01 1.173262e+01 2.908618e+00 5.900128e+00 5.000000e-02 6.654341e-01 3.046866e-01 3.624601e-01 8.347351e-01 5.759976e-01 7.737934e-01 1.005311e+00 1.092657e+00 1.279332e+00 6.082611e-01 5.190395e-01 2.260173e+00 5.000000e-02 5.813365e-02 1.410176e-01 1.302087e-01 9.930520e-02 1.033580e-01 7.379127e-02 7.206593e-02 1.361981e-01 5.000000e-02 2.129167e-01 1.928937e-01 2.947220e-01 5.000000e-02
<GCONST> 5.465694e+01
<STATE> 34
<MEAN> 39
 -3.036241e+00 -1.851170e+01 -5.306167e+00 1.839042e+00 2.550261e+00 -5.561116e+00 3.237122e+00 -2.053853e+00 -6.781269e-01 -6.718027e+00 2.388093e+00 1.590136e+00 1.716283e-01 -3.766183e-01 2.141736e+00 9.264651e-01 -1.176972e+00 -7.244601e-02 5.657718e-01 3.239037e-01 6.411878e-01 5.144078e-01 8.934205e-01 4.730095e-01 -7.255027e-01 -3.702087e-02 -8.749957e-02 2.562367e-01 7.218920e-02 -3.582240e-01 -2.294404e-01 3.034146e-02 -1.076140e-01 1.945294e-01 -8.132396e-02 6.063004e-02 -4.769807e-01 -2.723140e-01 -5.203384e-03
<VARIANCE> 39
 4.320181e+00 8.825126e+00 2.690587e+00 4.312004e+00 7.305531e+00 6.712051e+00 2.475515e+00 2.006703e+00 8.019685e+00 8.118616e+00 2.808766e+00 1.594520e+01 5.000000e-02 2.964784e-01 4.571917e-01 4.121549e-01 3.683064e-01 3.025036e-01 6.293933e-01 3.023843e-01 9.126839e-01 2.992440e-01 5.268651e-01 1.003663e+00 5.186772e-01 5.000000e-02 5.000000e-02 1.091686e-01 5.000000e-02 8.185518e-02 1.581166e-01 1.957273e-01 1.439496e-01 1.502721e-01 1.100518e-01 1.571193e-01 5.000000e-02 3.681952e-01 5.000000e-02
<GCONST> 4.685506e+01
<STATE> 35
<MEAN> 39
 -4.811198e+00 -1.304738e+01 -3.458489e+00 -8.462731e-01 1.735259e+00 -4.432916e+00 3.128059e+00 -8.220289e-02 -7.159375e-02 -5.882679e+00 8.412236e-01 -8.435108e-01 6.798901e-02 -7.812083e-01 1.470740e+00 7.362953e-01 -8.130679e-01 -1.892535e-01 3.835695e-01 -4.383277e-01 2.569162e-01 3.046535e-01 6.110793e-01 -5.488899e-01 -3.062649e-01 -4.263925e-02 1.222423e-01 -4.894613e-01 -1.505626e-01 3.041776e-01 -1.148662e-01 -2.727382e-01 -1.737095e-01 -2.163132e-01 -1.158922e-01 -2.164807e-01 -2.246665e-01 2.604597e-01 9.893479e-03
<VARIANCE> 39
 2.650134e+00 1.849447e+00 7.215592e+00 2.043555e+00 6.926698e+00 8.342750e+00 4.047180e+00 5.718051e+00 1.158592e+01 6.299395e+00 9.629162e+00 7.717631e+00 5.000000e-02 7.705417e-02 8.208951e-01 2.185548e-01 3.639682e-01 8.584169e-01 8.789405e-01 7.476615e-01 5.490696e-01 1.421638e+00 8.685864e-01 5.359814e-01 1.058125e+00 5.000000e-02 5.000000e-02 7.002215e-02 8.125249e-02 5.182452e-02 9.079255e-02 1.839099e-01 7.956672e-02 1.785353e-01 1.311833e-01 9.781551e-02 3.160179e-01 2.112536e-01 5.000000e-02
<GCONST> 4.941325e+01
<STATE> 36
<MEAN> 39
 -6.529264e+00 -1.320813e+01 -2.900989e+00 -9.623118e-01 3.505124e+00 -3.411162e+00 1.284868e+00 -1.418967e+00 1.402940e+00 -4.421026e+00 9.611918e-01 2.506638e-01 1.884426e-02 -1.640663e-01 4.503414e-01 4.381391e-01 -8.534454e-02 -2.456556e-01 -3.773464e-01 -4.713521e-01 -3.732775e-01 1.163472e-02 1.546799e-02 -6.877187e-01 2.173915e-01 -1.424681e-02 1.810933e-01 -4.365169e-01 -1.925368e-01 2.959315e-01 5.746915e-02 -2.516704e-01 9.642184e-02 -1.019178e-01 -6.754477e-02 -2.253477e-01 1.943108e-01 1.219366e-01 1.133978e-02
<VARIANCE> 39
 1.015596e+00 1.800226e+00 3.254585e+00 1.270066e+00 1.542695e+00 1.346877e+01 1.210856e+01 4.210763e+00 2.631823e+01 6.610378e+00 4.093673e+00 2.929524e+00 5.000000e-02 1.576386e-01 1.737045e-01 4.440856e-01 3.181750e-01 6.100342e-01 1.229331e+00 9.162545e-01 2.361986e-01 3.304098e-01 2.084228e-01 1.599455e+00 5.102722e-01 5.000000e-02 5.000000e-02 1.661148e-01 1.047826e-01 5.000000e-02 1.752764e-01 1.198433e-01 1.192634e-01 8.962411e-02 4.448695e-01 1.715433e-01 5.000000e-02 3.326724e-01 5.000000e-02
<GCONST> 4.395620e+01
<TRANSP> 37
 0.000000e+00 1.000000e+00 0.000000e+00 0.000000e+00 0.000000e+00 0.000000e+00 0.000000e+00 0.000000e+00 0.000000e+00 0.000000e+00 0.000000e+00 0.000000e+00 0.000000e+00 0.000000e+00 0.000000e+00 0.000000e+00 0.000000e+00 0.000000e+00 0.000000e+00 0.000000e+00 0.000000e+00 0.000000e+00 0.000000e+00 0.000000e+00 0.000000e+00 0.000000e+00 0.000000e+00 0.000000e+00 0.000000e+00 0.000000e+00 0.000000e+00 0.000000e+00 0.000000e+00 0.000000e+00 0.000000e+00 0.000000e+00 0.000000e+00
 0.000000e+00 5.000795e-01 4.999205e-01 0.000000e+00 0.000000e+00 0.000000e+00 0.000000e+00 0.000000e+00 0.000000e+00 0.000000e+00 0.000000e+00 0.000000e+00 0.000000e+00 0.000000e+00 0.000000e+00 0.000000e+00 0.000000e+00 0.000000e+00 0.000000e+00 0.000000e+00 0.000000e+00 0.000000e+00 0.000000e+00 0.000000e+00 0.000000e+00 0.000000e+00 0.000000e+00 0.000000e+00 0.000000e+00 0.000000e+00 0.000000e+00 0.000000e+00 0.000000e+00 0.000000e+00 0.000000e+00 0.000000e+00 0.000000e+00
 0.000000e+00 0.000000e+00 4.998151e-01 5.001849e-01 0.000000e+00 0.000000e+00 0.000000e+00 0.000000e+00 0.000000e+00 0.000000e+00 0.000000e+00 0.000000e+00 0.000000e+00 0.000000e+00 0.000000e+00 0.000000e+00 0.000000e+00 0.000000e+00 0.000000e+00 0.000000e+00 0.000000e+00 0.000000e+00 0.000000e+00 0.000000e+00 0.000000e+00 0.000000e+00 0.000000e+00 0.000000e+00 0.000000e+00 0.000000e+00 0.000000e+00 0.000000e+00 0.000000e+00 0.000000e+00 0.000000e+00 0.000000e+00 0.000000e+00
 0.000000e+00 0.000000e+00 0.000000e+00 4.445336e-01 5.554664e-01 0.000000e+00 0.000000e+00 0.000000e+00 0.000000e+00 0.000000e+00 0.000000e+00 0.000000e+00 0.000000e+00 0.000000e+00 0.000000e+00 0.000000e+00 0.000000e+00 0.000000e+00 0.000000e+00 0.000000e+00 0.000000e+00 0.000000e+00 0.000000e+00 0.000000e+00 0.000000e+00 0.000000e+00 0.000000e+00 0.000000e+00 0.000000e+00 0.000000e+00 0.000000e+00 0.000000e+00 0.000000e+00 0.000000e+00 0.000000e+00 0.000000e+00 0.000000e+00
 0.000000e+00 0.000000e+00 0.000000e+00 0.000000e+00 2.857668e-01 7.142333e-01 0.000000e+00 0.000000e+00 0.000000e+00 0.000000e+00 0.000000e+00 0.000000e+00 0.000000e+00 0.000000e+00 0.000000e+00 0.000000e+00 0.000000e+00 0.000000e+00 0.000000e+00 0.000000e+00 0.000000e+00 0.000000e+00 0.000000e+00 0.000000e+00 0.000000e+00 0.000000e+00 0.000000e+00 0.000000e+00 0.000000e+00 0.000000e+00 0.000000e+00 0.000000e+00 0.000000e+00 0.000000e+00 0.000000e+00 0.000000e+00 0.000000e+00
 0.000000e+00 0.000000e+00 0.000000e+00 0.000000e+00 0.000000e+00 2.857122e-01 7.142878e-01 0.000000e+00 0.000000e+00 0.000000e+00 0.000000e+00 0.000000e+00 0.000000e+00 0.000000e+00 0.000000e+00 0.000000e+00 0.000000e+00 0.000000e+00 0.000000e+00 0.000000e+00 0.000000e+00 0.000000e+00 0.000000e+00 0.000000e+00 0.000000e+00 0.000000e+00 0.000000e+00 0.000000e+00 0.000000e+00 0.000000e+00 0.000000e+00 0.000000e+00 0.000000e+00 0.000000e+00 0.000000e+00 0.000000e+00 0.000000e+00
 0.000000e+00 0.000000e+00 0.000000e+00 0.000000e+00 0.000000e+00 0.000000e+00 4.444402e-01 5.555598e-01 0.000000e+00 0.000000e+00 0.000000e+00 0.000000e+00 0.000000e+00 0.000000e+00 0.000000e+00 0.000000e+00 0.000000e+00 0.000000e+00 0.000000e+00 0.000000e+00 0.000000e+00 0.000000e+00 0.000000e+00 0.000000e+00 0.000000e+00 0.000000e+00 0.000000e+00 0.000000e+00 0.000000e+00 0.000000e+00 0.000000e+00 0.000000e+00 0.000000e+00 0.000000e+00 0.000000e+00 0.000000e+00 0.000000e+00
 0.000000e+00 0.000000e+00 0.000000e+00 0.000000e+00 0.000000e+00 0.000000e+00 0.000000e+00 4.443730e-01 5.556269e-01 0.000000e+00 0.000000e+00 0.000000e+00 0.000000e+00 0.000000e+00 0.000000e+00 0.000000e+00 0.000000e+00 0.000000e+00 0.000000e+00 0.000000e+00 0.000000e+00 0.000000e+00 0.000000e+00 0.000000e+00 0.000000e+00 0.000000e+00 0.000000e+00 0.000000e+00 0.000000e+00 0.000000e+00 0.000000e+00 0.000000e+00 0.000000e+00 0.000000e+00 0.000000e+00 0.000000e+00 0.000000e+00
 0.000000e+00 0.000000e+00 0.000000e+00 0.000000e+00 0.000000e+00 0.000000e+00 0.000000e+00 0.000000e+00 1.668273e-01 8.331727e-01 0.000000e+00 0.000000e+00 0.000000e+00 0.000000e+00 0.000000e+00 0.000000e+00 0.000000e+00 0.000000e+00 0.000000e+00 0.000000e+00 0.000000e+00 0.000000e+00 0.000000e+00 0.000000e+00 0.000000e+00 0.000000e+00 0.000000e+00 0.000000e+00 0.000000e+00 0.000000e+00 0.000000e+00 0.000000e+00 0.000000e+00 0.000000e+00 0.000000e+00 0.000000e+00 0.000000e+00
 0.000000e+00 0.000000e+00 0.000000e+00 0.000000e+00 0.000000e+00 0.000000e+00 0.000000e+00 0.000000e+00 0.000000e+00 3.749901e-01 6.250098e-01 0.000000e+00 0.000000e+00 0.000000e+00 0.000000e+00 0.000000e+00 0.000000e+00 0.000000e+00 0.000000e+00 0.000000e+00 0.000000e+00 0.000000e+00 0.000000e+00 0.000000e+00 0.000000e+00 0.000000e+00 0.000000e+00 0.000000e+00 0.000000e+00 0.000000e+00 0.000000e+00 0.000000e+00 0.000000e+00 0.000000e+00 0.000000e+00 0.000000e+00 0.000000e+00
 0.000000e+00 0.000000e+00 0.000000e+00 0.000000e+00 0.000000e+00 0.000000e+00 0.000000e+00 0.000000e+00 0.000000e+00 0.000000e+00 3.751658e-01 6.248341e-01 0.000000e+00 0.000000e+00 0.000000e+00 0.000000e+00 0.000000e+00 0.000000e+00 0.000000e+00 0.000000e+00 0.000000e+00 0.000000e+00 0.000000e+00 0.000000e+00 0.000000e+00 0.000000e+00 0.000000e+00 0.000000e+00 0.000000e+00 0.000000e+00 0.000000e+00 0.000000e+00 0.000000e+00 0.000000e+00 0.000000e+00 0.000000e+00 0.000000e+00
 0.000000e+00 0.000000e+00 0.000000e+00 0.000000e+00 0.000000e+00 0.000000e+00 0.000000e+00 0.000000e+00 0.000000e+00 0.000000e+00 0.000000e+00 4.443868e-01 5.556132e-01 0.000000e+00 0.000000e+00 0.000000e+00 0.000000e+00 0.000000e+00 0.000000e+00 0.000000e+00 0.000000e+00 0.000000e+00 0.000000e+00 0.000000e+00 0.000000e+00 0.000000e+00 0.000000e+00 0.000000e+00 0.000000e+00 0.000000e+00 0.000000e+00 0.000000e+00 0.000000e+00 0.000000e+00 0.000000e+00 0.000000e+00 0.000000e+00
 0.000000e+00 0.000000e+00 0.000000e+00 0.000000e+00 0.000000e+00 0.000000e+00 0.000000e+00 0.000000e+00 0.000000e+00 0.000000e+00 0.000000e+00 0.000000e+00 4.999423e-01 5.000578e-01 0.000000e+00 0.000000e+00 0.000000e+00 0.000000e+00 0.000000e+00 0.000000e+00 0.000000e+00 0.000000e+00 0.000000e+00 0.000000e+00 0.000000e+00 0.000000e+00 0.000000e+00 0.000000e+00 0.000000e+00 0.000000e+00 0.000000e+00 0.000000e+00 0.000000e+00 0.000000e+00 0.000000e+00 0.000000e+00 0.000000e+00
 0.000000e+00 0.000000e+00 0.000000e+00 0.000000e+00 0.000000e+00 0.000000e+00 0.000000e+00 0.000000e+00 0.000000e+00 0.000000e+00 0.000000e+00 0.000000e+00 0.000000e+00 4.444849e-01 5.555151e-01 0.000000e+00 0.000000e+00 0.000000e+00 0.000000e+00 0.000000e+00 0.000000e+00 0.000000e+00 0.000000e+00 0.000000e+00 0.000000e+00 0.000000e+00 0.000000e+00 0.000000e+00 0.000000e+00 0.000000e+00 0.000000e+00 0.000000e+00 0.000000e+00 0.000000e+00 0.000000e+00 0.000000e+00 0.000000e+00
 0.000000e+00 0.000000e+00 0.000000e+00 0.000000e+00 0.000000e+00 0.000000e+00 0.000000e+00 0.000000e+00 0.000000e+00 0.000000e+00 0.000000e+00 0.000000e+00 0.000000e+00 0.000000e+00 4.443747e-01 5.556253e-01 0.000000e+00 0.000000e+00 0.000000e+00 0.000000e+00 0.000000e+00 0.000000e+00 0.000000e+00 0.000000e+00 0.000000e+00 0.000000e+00 0.000000e+00 0.000000e+00 0.000000e+00 0.000000e+00 0.000000e+00 0.000000e+00 0.000000e+00 0.000000e+00 0.000000e+00 0.000000e+00 0.000000e+00
 0.000000e+00 0.000000e+00 0.000000e+00 0.000000e+00 0.000000e+00 0.000000e+00 0.000000e+00 0.000000e+00 0.000000e+00 0.000000e+00 0.000000e+00 0.000000e+00 0.000000e+00 0.000000e+00 0.000000e+00 3.750237e-01 6.249763e-01 0.000000e+00 0.000000e+00 0.000000e+00 0.000000e+00 0.000000e+00 0.000000e+00 0.000000e+00 0.000000e+00 0.000000e+00 0.000000e+00 0.000000e+00 0.000000e+00 0.000000e+00 0.000000e+00 0.000000e+00 0.000000e+00 0.000000e+00 0.000000e+00 0.000000e+00 0.000000e+00
 0.000000e+00 0.000000e+00 0.000000e+00 0.000000e+00 0.000000e+00 0.000000e+00 0.000000e+00 0.000000e+00 0.000000e+00 0.000000e+00 0.000000e+00 0.000000e+00 0.000000e+00 0.000000e+00 0.000000e+00 0.000000e+00 3.750181e-01 6.249819e-01 0.000000e+00 0.000000e+00 0.000000e+00 0.000000e+00 0.000000e+00 0.000000e+00 0.000000e+00 0.000000e+00 0.000000e+00 0.000000e+00 0.000000e+00 0.000000e+00 0.000000e+00 0.000000e+00 0.000000e+00 0.000000e+00 0.000000e+00 0.000000e+00 0.000000e+00
 0.000000e+00 0.000000e+00 0.000000e+00 0.000000e+00 0.000000e+00 0.000000e+00 0.000000e+00 0.000000e+00 0.000000e+00 0.000000e+00 0.000000e+00 0.000000e+00 0.000000e+00 0.000000e+00 0.000000e+00 0.000000e+00 0.000000e+00 4.444388e-01 5.555612e-01 0.000000e+00 0.000000e+00 0.000000e+00 0.000000e+00 0.000000e+00 0.000000e+00 0.000000e+00 0.000000e+00 0.000000e+00 0.000000e+00 0.000000e+00 0.000000e+00 0.000000e+00 0.000000e+00 0.000000e+00 0.000000e+00 0.000000e+00 0.000000e+00
 0.000000e+00 0.000000e+00 0.000000e+00 0.000000e+00 0.000000e+00 0.000000e+00 0.000000e+00 0.000000e+00 0.000000e+00 0.000000e+00 0.000000e+00 0.000000e+00 0.000000e+00 0.000000e+00 0.000000e+00 0.000000e+00 0.000000e+00 0.000000e+00 2.857251e-01 7.142749e-01 0.000000e+00 0.000000e+00 0.000000e+00 0.000000e+00 0.000000e+00 0.000000e+00 0.000000e+00 0.000000e+00 0.000000e+00 0.000000e+00 0.000000e+00 0.000000e+00 0.000000e+00 0.000000e+00 0.000000e+00 0.000000e+00 0.000000e+00
 0.000000e+00 0.000000e+00 0.000000e+00 0.000000e+00 0.000000e+00 0.000000e+00 0.000000e+00 0.000000e+00 0.000000e+00 0.000000e+00 0.000000e+00 0.000000e+00 0.000000e+00 0.000000e+00 0.000000e+00 0.000000e+00 0.000000e+00 0.000000e+00 0.000000e+00 2.846357e-01 7.153643e-01 0.000000e+00 0.000000e+00 0.000000e+00 0.000000e+00 0.000000e+00 0.000000e+00 0.000000e+00 0.000000e+00 0.000000e+00 0.000000e+00 0.000000e+00 0.000000e+00 0.000000e+00 0.000000e+00 0.000000e+00 0.000000e+00
 0.000000e+00 0.000000e+00 0.000000e+00 0.000000e+00 0.000000e+00 0.000000e+00 0.000000e+00 0.000000e+00 0.000000e+00 0.000000e+00 0.000000e+00 0.000000e+00 0.000000e+00 0.000000e+00 0.000000e+00 0.000000e+00 0.000000e+00 0.000000e+00 0.000000e+00 0.000000e+00 5.005010e-01 4.994990e-01 0.000000e+00 0.000000e+00 0.000000e+00 0.000000e+00 0.000000e+00 0.000000e+00 0.000000e+00 0.000000e+00 0.000000e+00 0.000000e+00 0.000000e+00 0.000000e+00 0.000000e+00 0.000000e+00 0.000000e+00
 0.000000e+00 0.000000e+00 0.000000e+00 0.000000e+00 0.000000e+00 0.000000e+00 0.000000e+00 0.000000e+00 0.000000e+00 0.000000e+00 0.000000e+00 0.000000e+00 0.000000e+00 0.000000e+00 0.000000e+00 0.000000e+00 0.000000e+00 0.000000e+00 0.000000e+00 0.000000e+00 0.000000e+00 2.878158e-01 7.121841e-01 0.000000e+00 0.000000e+00 0.000000e+00 0.000000e+00 0.000000e+00 0.000000e+00 0.000000e+00 0.000000e+00 0.000000e+00 0.000000e+00 0.000000e+00 0.000000e+00 0.000000e+00 0.000000e+00
 0.000000e+00 0.000000e+00 0.000000e+00 0.000000e+00 0.000000e+00 0.000000e+00 0.000000e+00 0.000000e+00 0.000000e+00 0.000000e+00 0.000000e+00 0.000000e+00 0.000000e+00 0.000000e+00 0.000000e+00 0.000000e+00 0.000000e+00 0.000000e+00 0.000000e+00 0.000000e+00 0.000000e+00 0.000000e+00 4.419616e-01 5.580384e-01 0.000000e+00 0.000000e+00 0.000000e+00 0.000000e+00 0.000000e+00 0.000000e+00 0.000000e+00 0.000000e+00 0.000000e+00 0.000000e+00 0.000000e+00 0.000000e+00 0.000000e+00
 0.000000e+00 0.000000e+00 0.000000e+00 0.000000e+00 0.000000e+00 0.000000e+00 0.000000e+00 0.000000e+00 0.000000e+00 0.000000e+00 0.000000e+00 0.000000e+00 0.000000e+00 0.000000e+00 0.000000e+00 0.000000e+00 0.000000e+00 0.000000e+00 0.000000e+00 0.000000e+00 0.000000e+00 0.000000e+00 0.000000e+00 4.456891e-01 5.543110e-01 0.000000e+00 0.000000e+00 0.000000e+00 0.000000e+00 0.000000e+00 0.000000e+00 0.000000e+00 0.000000e+00 0.000000e+00 0.000000e+00 0.000000e+00 0.000000e+00
 0.000000e+00 0.000000e+00 0.000000e+00 0.000000e+00 0.000000e+00 0.000000e+00 0.000000e+00 0.000000e+00 0.000000e+00 0.000000e+00 0.000000e+00 0.000000e+00 0.000000e+00 0.000000e+00 0.000000e+00 0.000000e+00 0.000000e+00 0.000000e+00 0.000000e+00 0.000000e+00 0.000000e+00 0.000000e+00 0.000000e+00 0.000000e+00 3.757877e-01 6.242123e-01 0.000000e+00 0.000000e+00 0.000000e+00 0.000000e+00 0.000000e+00 0.000000e+00 0.000000e+00 0.000000e+00 0.000000e+00 0.000000e+00 0.000000e+00
 0.000000e+00 0.000000e+00 0.000000e+00 0.000000e+00 0.000000e+00 0.000000e+00 0.000000e+00 0.000000e+00 0.000000e+00 0.000000e+00 0.000000e+00 0.000000e+00 0.000000e+00 0.000000e+00 0.000000e+00 0.000000e+00 0.000000e+00 0.000000e+00 0.000000e+00 0.000000e+00 0.000000e+00 0.000000e+00 0.000000e+00 0.000000e+00 0.000000e+00 3.745476e-01 6.254525e-01 0.000000e+00 0.000000e+00 0.000000e+00 0.000000e+00 0.000000e+00 0.000000e+00 0.000000e+00 0.000000e+00 0.000000e+00 0.000000e+00
 0.000000e+00 0.000000e+00 0.000000e+00 0.000000e+00 0.000000e+00 0.000000e+00 0.000000e+00 0.000000e+00 0.000000e+00 0.000000e+00 0.000000e+00 0.000000e+00 0.000000e+00 0.000000e+00 0.000000e+00 0.000000e+00 0.000000e+00 0.000000e+00 0.000000e+00 0.000000e+00 0.000000e+00 0.000000e+00 0.000000e+00 0.000000e+00 0.000000e+00 0.000000e+00 4.999467e-01 5.000533e-01 0.000000e+00 0.000000e+00 0.000000e+00 0.000000e+00 0.000000e+00 0.000000e+00 0.000000e+00 0.000000e+00 0.000000e+00
 0.000000e+00 0.000000e+00 0.000000e+00 0.000000e+00 0.000000e+00 0.000000e+00 0.000000e+00 0.000000e+00 0.000000e+00 0.000000e+00 0.000000e+00 0.000000e+00 0.000000e+00 0.000000e+00 0.000000e+00 0.000000e+00 0.000000e+00 0.000000e+00 0.000000e+00 0.000000e+00 0.000000e+00 0.000000e+00 0.000000e+00 0.000000e+00 0.000000e+00 0.000000e+00 0.000000e+00 2.853489e-01 7.146512e-01 0.000000e+00 0.000000e+00 0.000000e+00 0.000000e+00 0.000000e+00 0.000000e+00 0.000000e+00 0.000000e+00
 0.000000e+00 0.000000e+00 0.000000e+00 0.000000e+00 0.000000e+00 0.000000e+00 0.000000e+00 0.000000e+00 0.000000e+00 0.000000e+00 0.000000e+00 0.000000e+00 0.000000e+00 0.000000e+00 0.000000e+00 0.000000e+00 0.000000e+00 0.000000e+00 0.000000e+00 0.000000e+00 0.000000e+00 0.000000e+00 0.000000e+00 0.000000e+00 0.000000e+00 0.000000e+00 0.000000e+00 0.000000e+00 3.785783e-01 6.214217e-01 0.000000e+00 0.000000e+00 0.000000e+00 0.000000e+00 0.000000e+00 0.000000e+00 0.000000e+00
 0.000000e+00 0.000000e+00 0.000000e+00 0.000000e+00 0.000000e+00 0.000000e+00 0.000000e+00 0.000000e+00 0.000000e+00 0.000000e+00 0.000000e+00 0.000000e+00 0.000000e+00 0.000000e+00 0.000000e+00 0.000000e+00 0.000000e+00 0.000000e+00 0.000000e+00 0.000000e+00 0.000000e+00 0.000000e+00 0.000000e+00 0.000000e+00 0.000000e+00 0.000000e+00 0.000000e+00 0.000000e+00 0.000000e+00 3.713939e-01 6.286060e-01 0.000000e+00 0.000000e+00 0.000000e+00 0.000000e+00 0.000000e+00 0.000000e+00
 0.000000e+00 0.000000e+00 0.000000e+00 0.000000e+00 0.000000e+00 0.000000e+00 0.000000e+00 0.000000e+00 0.000000e+00 0.000000e+00 0.000000e+00 0.000000e+00 0.000000e+00 0.000000e+00 0.000000e+00 0.000000e+00 0.000000e+00 0.000000e+00 0.000000e+00 0.000000e+00 0.000000e+00 0.000000e+00 0.000000e+00 0.000000e+00 0.000000e+00 0.000000e+00 0.000000e+00 0.000000e+00 0.000000e+00 0.000000e+00 4.999901e-01 5.000100e-01 0.000000e+00 0.000000e+00 0.000000e+00 0.000000e+00 0.000000e+00
 0.000000e+00 0.000000e+00 0.000000e+00 0.000000e+00 0.000000e+00 0.000000e+00 0.000000e+00 0.000000e+00 0.000000e+00 0.000000e+00 0.000000e+00 0.000000e+00 0.000000e+00 0.000000e+00 0.000000e+00 0.000000e+00 0.000000e+00 0.000000e+00 0.000000e+00 0.000000e+00 0.000000e+00 0.000000e+00 0.000000e+00 0.000000e+00 0.000000e+00 0.000000e+00 0.000000e+00 0.000000e+00 0.000000e+00 0.000000e+00 0.000000e+00 2.857110e-01 7.142889e-01 0.000000e+00 0.000000e+00 0.000000e+00 0.000000e+00
 0.000000e+00 0.000000e+00 0.000000e+00 0.000000e+00 0.000000e+00 0.000000e+00 0.000000e+00 0.000000e+00 0.000000e+00 0.000000e+00 0.000000e+00 0.000000e+00 0.000000e+00 0.000000e+00 0.000000e+00 0.000000e+00 0.000000e+00 0.000000e+00 0.000000e+00 0.000000e+00 0.000000e+00 0.000000e+00 0.000000e+00 0.000000e+00 0.000000e+00 0.000000e+00 0.000000e+00 0.000000e+00 0.000000e+00 0.000000e+00 0.000000e+00 0.000000e+00 3.754984e-01 6.245015e-01 0.000000e+00 0.000000e+00 0.000000e+00
 0.000000e+00 0.000000e+00 0.000000e+00 0.000000e+00 0.000000e+00 0.000000e+00 0.000000e+00 0.000000e+00 0.000000e+00 0.000000e+00 0.000000e+00 0.000000e+00 0.000000e+00 0.000000e+00 0.000000e+00 0.000000e+00 0.000000e+00 0.000000e+00 0.000000e+00 0.000000e+00 0.000000e+00 0.000000e+00 0.000000e+00 0.000000e+00 0.000000e+00 0.000000e+00 0.000000e+00 0.000000e+00 0.000000e+00 0.000000e+00 0.000000e+00 0.000000e+00 0.000000e+00 3.744963e-01 6.255037e-01 0.000000e+00 0.000000e+00
 0.000000e+00 0.000000e+00 0.000000e+00 0.000000e+00 0.000000e+00 0.000000e+00 0.000000e+00 0.000000e+00 0.000000e+00 0.000000e+00 0.000000e+00 0.000000e+00 0.000000e+00 0.000000e+00 0.000000e+00 0.000000e+00 0.000000e+00 0.000000e+00 0.000000e+00 0.000000e+00 0.000000e+00 0.000000e+00 0.000000e+00 0.000000e+00 0.000000e+00 0.000000e+00 0.000000e+00 0.000000e+00 0.000000e+00 0.000000e+00 0.000000e+00 0.000000e+00 0.000000e+00 0.000000e+00 5.000036e-01 4.999965e-01 0.000000e+00
 0.000000e+00 0.000000e+00 0.000000e+00 0.000000e+00 0.000000e+00 0.000000e+00 0.000000e+00 0.000000e+00 0.000000e+00 0.000000e+00 0.000000e+00 0.000000e+00 0.000000e+00 0.000000e+00 0.000000e+00 0.000000e+00 0.000000e+00 0.000000e+00 0.000000e+00 0.000000e+00 0.000000e+00 0.000000e+00 0.000000e+00 0.000000e+00 0.000000e+00 0.000000e+00 0.000000e+00 0.000000e+00 0.000000e+00 0.000000e+00 0.000000e+00 0.000000e+00 0.000000e+00 0.000000e+00 0.000000e+00 0.000000e+00 1.000000e+00
 0.000000e+00 0.000000e+00 0.000000e+00 0.000000e+00 0.000000e+00 0.000000e+00 0.000000e+00 0.000000e+00 0.000000e+00 0.000000e+00 0.000000e+00 0.000000e+00 0.000000e+00 0.000000e+00 0.000000e+00 0.000000e+00 0.000000e+00 0.000000e+00 0.000000e+00 0.000000e+00 0.000000e+00 0.000000e+00 0.000000e+00 0.000000e+00 0.000000e+00 0.000000e+00 0.000000e+00 0.000000e+00 0.000000e+00 0.000000e+00 0.000000e+00 0.000000e+00 0.000000e+00 0.000000e+00 0.000000e+00 0.000000e+00 0.000000e+00
<ENDHMM>
