~o
<STREAMINFO> 1 39
<VECSIZE> 39<NULLD><MFCC_E_D_A><DIAGC>
~h "Gio*"
<BEGINHMM>
<NUMSTATES> 25
<STATE> 2
<MEAN> 39
 -7.959525e+00 -1.132004e+01 -1.408041e+00 -1.899857e+00 2.582095e+00 -1.079639e+00 2.046121e+00 4.232976e-01 2.921864e+00 -2.332747e+00 3.315691e+00 -8.039585e-01 -4.499064e-02 2.091096e-01 6.263273e-01 -2.384588e-01 -1.215462e+00 -2.441361e-01 -6.855991e-01 -2.136740e-01 -1.583328e-02 -8.947609e-01 -5.803511e-01 -9.472550e-01 -8.126390e-01 2.566231e-02 5.709381e-01 6.332535e-01 -2.431891e-02 -1.010953e+00 -3.804021e-01 -9.007577e-01 -6.247853e-01 -4.281114e-01 -5.698081e-01 -4.021192e-01 -5.813025e-01 -2.903870e-01 3.059456e-02
<VARIANCE> 39
 1.052415e+00 2.760849e+00 9.023247e+00 1.109839e+01 7.562042e+00 8.862232e+00 5.143671e+00 7.491696e+00 1.828371e+01 1.242198e+01 1.697070e+01 1.269083e+01 5.000000e-02 9.222511e-01 1.448626e+00 1.253024e+00 1.435657e+00 2.346317e+00 1.979556e+00 5.741183e-01 1.117222e+00 2.196172e+00 1.718264e+00 1.394812e+00 1.202699e+00 5.000000e-02 2.725433e-01 1.025152e-01 6.158067e-02 3.730159e-01 3.387170e-01 1.456011e-01 1.409196e-01 1.740149e-01 5.244739e-01 3.527123e-01 3.635566e-01 2.105764e-01 5.000000e-02
<GCONST> 7.250536e+01
<STATE> 3
<MEAN> 39
 -5.336752e+00 -5.187457e+00 -3.348103e-01 -1.187261e+01 9.185560e-01 -6.986819e+00 -1.741638e+00 -2.765284e+00 -2.477321e+00 -7.326388e+00 -2.189070e+00 -3.181689e+00 1.714744e-01 2.080881e+00 1.627298e+00 -3.069266e-01 -3.973783e+00 -7.083257e-01 -2.020855e+00 -2.639480e+00 -7.481487e-01 -1.758279e+00 -1.437018e+00 -1.875288e+00 -1.027990e+00 1.374571e-01 2.976316e-01 -3.905827e-01 -1.283719e-03 1.344825e-01 -3.307184e-01 3.486919e-01 -1.018499e-01 9.605096e-02 4.339045e-02 4.133550e-01 1.005647e-01 1.851220e-01 1.373156e-02
<VARIANCE> 39
 1.096560e+01 5.141769e+00 6.239321e+00 6.374937e+01 5.412233e+01 2.569564e+01 3.504602e+01 5.305659e+00 1.865945e+01 1.177318e+01 1.816843e+01 1.679884e+00 5.000000e-02 2.484905e+00 8.290363e-01 1.463495e+00 3.023179e+00 2.185980e+00 3.136241e+00 1.001246e+00 1.386529e+00 4.989867e+00 3.606170e+00 3.001382e+00 1.420898e+00 5.000000e-02 3.928302e-01 1.864185e-01 4.478052e-01 8.177515e-01 1.094964e+00 3.027161e-01 4.142205e-01 1.291753e-01 3.958650e-01 6.668963e-01 2.666462e-01 2.792852e-01 5.000000e-02
<GCONST> 9.120496e+01
<STATE> 4
<MEAN> 39
 4.357957e+00 -2.919956e+00 -6.340683e+00 -1.511294e+01 -2.486579e+00 -1.381856e+01 -5.382686e+00 -4.114558e+00 -1.104068e+01 -1.156398e+01 -6.293956e+00 -8.159601e+00 5.502924e-01 7.087811e-01 3.009411e-01 1.553043e-01 -2.042738e+00 -2.928084e-01 -4.539592e-01 -1.433091e-01 9.913735e-02 -7.697760e-01 2.926781e-01 -1.540354e-01 -3.294933e-01 7.327286e-02 -9.555018e-01 -5.263698e-01 5.415637e-01 7.107797e-02 -1.182343e-01 4.782704e-01 4.250765e-01 9.697822e-02 9.350975e-01 1.186574e+00 9.116333e-01 7.013066e-01 -1.829115e-02
<VARIANCE> 39
 1.996125e+01 3.201922e+00 3.166620e+01 2.468600e+01 8.130191e+00 5.090000e+01 1.191584e+01 1.699183e+01 3.252849e+01 1.241019e+01 7.026343e+00 2.270428e+01 5.000000e-02 4.385598e+00 5.976821e-01 3.883498e+00 3.200606e+00 4.189927e+00 3.430854e+00 3.464618e+00 2.025230e+00 2.496573e+00 4.141098e+00 2.674067e+00 2.009842e+00 5.000000e-02 3.758119e-01 1.605947e-01 2.632193e-01 9.838273e-01 1.209620e+00 1.933823e-01 8.008949e-01 4.524393e-01 4.897892e-01 1.664927e-01 2.608077e-01 2.639918e-01 5.000000e-02
<GCONST> 9.622403e+01
<STATE> 5
<MEAN> 39
 -5.289777e-01 -4.862896e+00 1.554912e+00 -2.460719e+01 -5.397618e+00 -8.069073e+00 -8.276906e+00 -3.737348e+00 -5.357856e+00 -2.983940e+00 -4.029552e+00 -2.425416e+00 6.538315e-01 -8.136758e-01 -1.716127e+00 8.197843e-01 -9.867175e-01 -3.946696e+00 -5.092139e-01 -6.205304e-01 -1.495425e+00 1.692496e+00 3.627396e+00 1.812087e+00 2.093312e+00 8.157641e-02 -1.965389e-01 -5.267869e-01 -8.466647e-01 1.264813e+00 -6.768525e-01 -7.263107e-01 9.754929e-01 -3.119127e-01 3.169581e-01 -1.586951e-01 6.176752e-01 -1.571266e-02 -2.548922e-03
<VARIANCE> 39
 7.767802e+00 8.943671e+00 4.463500e+01 8.734402e+00 2.922145e+01 1.057737e+02 5.928364e+01 1.499348e+01 2.761771e+01 5.482975e+01 1.956762e+01 2.564583e+01 5.000000e-02 1.110906e+00 7.392976e-01 1.103641e+00 3.313377e+00 3.711003e+00 2.994341e+00 4.408293e+00 1.913001e+00 2.553226e+00 3.028938e+00 3.236209e+00 1.687239e+00 5.000000e-02 9.342741e-02 1.231395e-01 2.929488e-01 1.628486e-01 7.791891e-01 5.657395e-01 1.016400e+00 5.182728e-01 2.621490e-01 8.541953e-01 4.530923e-01 3.988207e-01 5.000000e-02
<GCONST> 9.847165e+01
<STATE> 6
<MEAN> 39
 -2.505013e+00 -1.088319e+01 -1.790488e+00 -2.211869e+01 -1.510907e+01 -1.651620e+01 -2.825298e+00 -8.398410e+00 -5.885105e-01 3.870284e+00 4.925555e+00 8.669039e-01 8.724948e-01 -1.071699e+00 -2.136258e+00 -1.974614e+00 1.964754e+00 -2.176477e+00 -1.767237e+00 3.808062e+00 3.824621e-01 1.041235e+00 7.631032e-01 1.339697e+00 -5.285393e-01 4.278672e-02 6.231533e-02 1.614828e-01 -6.096817e-01 8.320763e-01 1.132902e+00 3.815820e-01 6.543725e-01 1.345402e+00 -4.933840e-01 -1.160357e+00 -1.310406e+00 -1.069656e+00 -1.983251e-02
<VARIANCE> 39
 5.470392e+00 1.368603e+01 2.877752e+01 7.713809e+00 2.453169e+01 5.639920e+01 5.943298e+01 1.982231e+01 2.615870e+01 3.058882e+01 3.507752e+01 1.876682e+01 5.000000e-02 3.817896e-01 6.332771e-01 1.288731e+00 1.378959e+00 1.824600e+00 2.618404e+00 2.239879e+00 2.442906e+00 1.646032e+00 5.527325e+00 7.159194e+00 4.017843e+00 5.000000e-02 1.897672e-01 1.329716e-01 1.339464e-01 1.812044e-01 3.290906e-01 4.797640e-01 7.208523e-01 2.892109e-01 3.156443e-01 6.524877e-01 6.943342e-01 5.097229e-01 5.000000e-02
<GCONST> 9.444227e+01
<STATE> 7
<MEAN> 39
 -6.081487e+00 -1.474048e+01 -6.980130e+00 -1.443584e+01 -1.733858e+01 -1.453530e+01 5.426431e+00 -1.400441e+00 3.330333e-01 1.823822e+00 -4.957192e-02 -4.000732e+00 8.734021e-01 -4.319993e-01 -1.322494e+00 -2.368425e+00 2.664079e+00 7.359235e-01 5.370928e-01 1.896526e+00 4.247997e+00 2.097304e-01 -1.017164e+00 -2.607110e+00 -1.125426e+00 8.127966e-03 3.842674e-01 1.290573e-01 8.178003e-02 -3.367064e-01 6.134124e-01 6.296809e-01 -1.222695e+00 3.920682e-01 2.541244e-01 -2.573163e-01 -7.695726e-01 4.838654e-01 2.065858e-03
<VARIANCE> 39
 4.367097e+00 6.914447e+00 8.162430e+00 7.248154e+00 1.552622e+01 1.794597e+01 3.178376e+01 1.684491e+01 2.117491e+01 6.735655e+00 1.292424e+01 2.485741e+01 5.000000e-02 2.922192e-01 2.669023e-01 1.266431e+00 6.802942e-01 4.373274e-01 1.376321e+00 3.090864e+00 2.498786e-01 7.514644e-01 1.346637e+00 9.927634e-01 1.696270e+00 5.000000e-02 5.000000e-02 5.801554e-02 1.508964e-01 1.774566e-01 2.271936e-01 3.094700e-01 3.238620e-01 6.064473e-01 2.293551e-01 3.483042e-01 5.299429e-01 2.914399e-01 5.000000e-02
<GCONST> 7.174986e+01
<STATE> 8
<MEAN> 39
 -4.757308e+00 -1.873391e+01 -1.197552e+01 -1.020053e+01 -1.230381e+01 -1.271763e+01 5.344923e+00 1.028038e+01 3.698962e+00 -9.392025e-01 -6.988798e+00 -3.018357e+00 9.570085e-01 4.186772e-01 -9.334961e-01 -1.857043e+00 1.121047e+00 1.327428e+00 1.090140e+00 -6.394839e-01 1.849038e+00 1.397172e+00 -1.033086e+00 -1.869898e+00 2.445862e-01 2.533382e-02 -1.790189e-03 3.939320e-01 -6.130193e-02 -4.008593e-01 1.343364e-01 -1.306149e-01 -4.624024e-01 -1.268183e+00 5.516613e-02 -9.158695e-02 3.834205e-01 1.944460e-01 -4.329284e-03
<VARIANCE> 39
 5.332145e+00 6.414412e+00 4.202915e+00 2.221083e+00 1.267018e+01 2.162350e+01 3.148571e+01 6.558156e+00 3.376952e+01 1.463117e+01 1.256623e+01 2.514863e+01 5.000000e-02 1.310342e-01 4.291396e-01 7.953516e-01 1.650082e+00 2.068643e-01 1.213629e+00 2.030710e+00 2.739876e+00 1.391809e+00 1.149221e+00 5.727619e-01 7.220858e-01 5.000000e-02 5.086528e-02 5.260659e-02 1.386977e-01 1.390057e-01 8.373368e-02 1.654473e-01 2.759019e-01 1.169652e-01 2.466145e-01 3.981704e-01 1.471775e-01 2.060576e-01 5.000000e-02
<GCONST> 6.527097e+01
<STATE> 9
<MEAN> 39
 -2.988135e+00 -1.840272e+01 -1.911992e+01 -7.345623e+00 -8.661265e+00 -1.356273e+01 6.159497e+00 7.315161e+00 4.140288e+00 -4.163644e+00 -1.043681e+01 -5.399065e+00 9.777401e-01 8.497287e-02 1.632666e-01 -2.075238e+00 5.208272e-01 1.219903e+00 3.727402e-01 -1.473953e+00 -1.202275e+00 6.504167e-01 -8.045156e-01 -1.848757e+00 5.599962e-01 -3.809801e-03 -6.249414e-02 2.197224e-01 3.240111e-01 -2.892529e-01 -1.110824e-01 -1.290144e-01 -2.269416e-01 -2.958942e-01 -2.865802e-01 3.454671e-01 2.966038e-01 -8.603906e-03 -6.338031e-03
<VARIANCE> 39
 4.969143e+00 5.354408e+00 5.174438e+00 4.635960e+00 2.772125e+01 4.178256e+01 4.159269e+01 1.091838e+01 1.175724e+01 6.948611e+00 8.106661e+00 2.597779e+01 5.000000e-02 1.201605e-01 2.679548e-01 4.147658e-01 1.556753e-01 5.393677e-01 9.768743e-01 1.787670e-01 8.576167e-01 4.545547e-01 1.448247e+00 8.419105e-01 1.063083e+00 5.000000e-02 5.000000e-02 6.440846e-02 5.000000e-02 9.367935e-02 1.258322e-01 1.706309e-01 1.940390e-01 3.555646e-01 1.165365e-01 1.234200e-01 9.470819e-02 1.221342e-01 5.000000e-02
<GCONST> 5.653587e+01
<STATE> 10
<MEAN> 39
 -4.565644e+00 -1.807199e+01 -2.167932e+01 -8.455688e+00 -7.037860e+00 -9.643524e+00 -1.689644e+00 6.008339e+00 7.594204e+00 -5.145403e+00 -1.380091e+01 -1.134846e+00 9.613140e-01 4.440020e-02 6.315641e-01 -8.142523e-01 -8.648907e-02 7.906268e-01 4.216794e-01 -8.741826e-01 -4.444871e-01 4.212500e-01 4.062043e-01 2.101837e-01 -1.530916e-01 -6.506489e-03 7.530797e-02 3.598573e-03 4.895079e-01 -4.394487e-02 -2.228365e-01 2.733027e-01 2.539288e-01 4.010413e-01 -9.771113e-03 6.001139e-01 6.855850e-01 -1.956194e-01 -2.717883e-05
<VARIANCE> 39
 4.478739e+00 4.542787e+00 1.289058e+01 5.535811e+00 3.260375e+01 3.429774e+01 2.987096e+01 4.159368e+00 1.665788e+01 4.279560e+00 2.574090e+00 1.457979e+01 5.000000e-02 1.806301e-01 1.799242e-01 2.740066e-01 8.300420e-02 1.107910e+00 3.488857e-01 3.586136e-01 8.255960e-01 4.750992e-01 6.645950e-01 7.572869e-01 2.783086e-01 5.000000e-02 5.000000e-02 8.070359e-02 8.713198e-02 5.000000e-02 9.576419e-02 8.544414e-02 5.000000e-02 6.361803e-02 1.843760e-01 7.298891e-02 1.834754e-01 9.055013e-02 5.000000e-02
<GCONST> 4.770584e+01
<STATE> 11
<MEAN> 39
 -4.453560e+00 -1.644180e+01 -2.251616e+01 -8.287886e+00 -5.978533e+00 -7.290664e+00 -2.173102e+00 5.507630e+00 8.980707e+00 -2.761944e+00 -9.924771e+00 -4.234943e+00 9.487345e-01 1.977316e-01 -8.443350e-02 -1.790777e-01 2.812551e-01 -2.010149e-01 1.632989e+00 -9.138185e-01 -1.312791e-01 6.748801e-01 4.933411e-01 5.374364e-01 -4.227832e-01 -6.447398e-03 4.600238e-02 -1.964850e-01 1.547089e-01 -2.171179e-02 -2.807839e-01 -8.936474e-03 -1.833777e-02 8.251473e-02 -2.054627e-01 -9.785888e-03 -2.217673e-01 -5.883908e-02 -5.926185e-04
<VARIANCE> 39
 3.894431e+00 3.117731e+00 2.075161e+01 5.294773e+00 2.380107e+01 6.051440e+01 3.411939e+01 4.463593e+00 1.610734e+01 1.543007e+00 5.509167e+00 9.511904e+00 5.000000e-02 5.978979e-02 2.911846e-01 2.705985e-01 1.562126e-01 7.403710e-01 1.263805e+00 4.420739e-01 4.321023e-01 1.803549e+00 8.347607e-01 4.479952e-01 1.353389e-01 5.000000e-02 5.000000e-02 5.000000e-02 6.964655e-02 5.000000e-02 1.654461e-01 2.879013e-01 7.122838e-02 7.763688e-02 2.419846e-01 1.203141e-01 1.987772e-01 5.000000e-02 5.000000e-02
<GCONST> 4.998520e+01
<STATE> 12
<MEAN> 39
 -2.062785e+00 -1.790220e+01 -2.274185e+01 -6.470371e+00 -6.067971e+00 -5.875325e+00 -1.786366e+00 5.211026e+00 7.853957e+00 -1.994969e+00 -1.202427e+01 -6.241247e+00 9.126791e-01 2.431656e-01 -2.084292e-01 2.859010e-01 -5.560195e-01 -1.979685e-02 3.099699e-01 -9.407719e-01 7.243136e-03 -1.892144e-01 6.492248e-01 -2.082156e-02 -6.078851e-01 -9.794126e-03 1.154307e-01 1.546615e-01 -4.564151e-02 -1.392946e-01 8.874132e-02 -4.392959e-01 -3.692008e-02 1.509122e-01 -3.827697e-01 1.624567e-01 8.471047e-03 -8.651934e-02 -1.071782e-03
<VARIANCE> 39
 4.085163e+00 4.454726e+00 6.156057e+00 4.719908e+00 2.106505e+01 3.632536e+01 2.504613e+01 1.019478e+01 3.071869e+01 1.942971e+01 8.602963e+00 1.789799e+01 5.000000e-02 1.779540e-01 3.426148e-01 4.858165e-01 2.229844e-01 6.229329e-01 4.841343e-01 1.176334e+00 1.708342e+00 2.020568e+00 1.858707e+00 1.389601e+00 2.563734e-01 5.000000e-02 5.000000e-02 5.000000e-02 7.387293e-02 8.227275e-02 1.561356e-01 2.165182e-01 3.625268e-01 4.605167e-01 5.815439e-01 4.407251e-01 1.097411e-01 6.740904e-02 5.000000e-02
<GCONST> 6.480237e+01
<STATE> 13
<MEAN> 39
 -2.626960e+00 -1.674739e+01 -2.203492e+01 -9.647862e+00 -7.791856e+00 -3.616318e+00 -8.543708e+00 7.662846e+00 6.864202e+00 2.349591e+00 -1.093858e+01 -4.661141e+00 9.071460e-01 4.525083e-01 3.529072e-01 -4.598895e-01 -4.805398e-02 -9.701329e-02 -2.675921e-01 -4.458124e-01 8.624617e-01 -8.281913e-01 8.944452e-01 2.171792e-01 -7.224069e-01 -9.578097e-03 7.884204e-02 -5.869053e-02 -6.587495e-02 1.555231e-01 -7.497459e-03 -3.701210e-03 2.511014e-01 -1.050157e-01 2.901976e-01 -2.764977e-01 7.938323e-02 1.541663e-01 -1.513570e-03
<VARIANCE> 39
 2.702670e+00 7.162892e+00 5.707792e+00 3.972173e+00 9.621509e+00 1.729976e+01 9.943594e+00 6.615519e+00 5.385309e+00 8.492595e+00 9.350091e+00 1.032838e+01 5.000000e-02 2.308468e-01 1.982964e-01 1.011373e+00 8.984829e-01 5.556147e-01 1.809699e+00 1.182979e+00 4.035216e-01 1.459363e+00 1.020558e+00 1.007487e+00 4.650715e-01 5.000000e-02 5.000000e-02 5.000000e-02 1.734433e-01 5.000000e-02 1.297588e-01 1.185009e-01 1.145809e-01 6.545236e-02 7.518311e-02 1.944014e-01 1.817411e-01 5.000000e-02 5.000000e-02
<GCONST> 5.346150e+01
<STATE> 14
<MEAN> 39
 4.408870e-01 -1.829066e+01 -2.371103e+01 -8.327817e+00 -4.885422e+00 -7.121261e+00 -4.203793e+00 6.715880e+00 4.583773e+00 2.140498e+00 -8.862455e+00 -8.706584e+00 8.450983e-01 9.105562e-01 -1.563999e-01 9.294780e-02 3.487050e-01 -3.936277e-01 6.813988e-01 -4.213845e-01 4.513676e-03 2.279574e-01 -4.058887e-01 8.071128e-02 4.293309e-01 -1.930945e-02 -9.213543e-02 -2.355569e-02 1.557412e-01 8.233857e-02 -7.490104e-02 2.545754e-01 -1.148596e-01 -1.117744e-02 3.823978e-01 -2.013590e-01 -2.126678e-01 4.256830e-01 -2.598061e-03
<VARIANCE> 39
 6.360780e+00 1.137056e+01 9.993548e+00 1.115414e+01 3.650150e+01 2.921680e+01 1.351865e+01 1.115205e+01 6.352846e+00 6.362276e+00 4.569043e+00 1.134584e+01 5.000000e-02 1.233837e-01 1.160055e-01 1.464093e+00 1.078312e+00 1.874969e+00 8.388164e-01 4.086348e-01 2.195930e-01 2.713450e-01 6.640189e-01 5.073954e-01 1.305364e+00 5.000000e-02 5.000000e-02 8.787653e-02 2.735030e-01 2.705494e-01 1.806872e-01 1.825323e-01 5.431048e-02 1.021414e-01 8.074901e-02 8.108742e-02 9.742239e-02 6.408269e-02 5.000000e-02
<GCONST> 5.670386e+01
<STATE> 15
<MEAN> 39
 -2.335333e-01 -1.646854e+01 -2.304046e+01 -8.464979e+00 -1.003117e+01 -3.539091e+00 -1.120718e+01 9.224507e+00 7.877820e+00 2.091827e+00 -1.281887e+01 -4.750382e+00 8.234110e-01 4.081389e-01 1.582366e-01 4.472269e-01 2.280122e-01 2.666997e-01 -1.815824e-01 -4.795738e-01 3.882740e-01 2.497251e-01 2.635458e-01 -3.337005e-01 8.894451e-01 -2.603902e-02 -1.974805e-02 1.781253e-01 1.607991e-01 2.243434e-01 2.864936e-01 7.887127e-02 2.548814e-01 -8.212223e-02 -6.574435e-02 -1.641463e-01 2.360676e-01 -5.458532e-02 -4.819573e-03
<VARIANCE> 39
 4.789145e+00 4.809186e+00 1.161832e+01 1.477369e+01 3.650397e+01 3.584246e+01 8.841242e+00 1.619547e+01 3.116714e+01 1.661345e+01 1.505279e+01 3.775478e+01 5.000000e-02 1.615957e-01 3.625382e-01 6.826732e-01 8.736072e-01 1.199827e+00 1.874906e+00 3.841394e-01 7.786353e-01 2.017787e+00 1.485377e+00 1.963537e+00 6.484429e-01 5.000000e-02 8.302161e-02 5.000000e-02 1.504281e-01 1.930768e-01 3.171349e-01 4.719835e-01 1.375081e-01 1.404092e-01 2.902925e-01 2.348649e-01 3.274356e-01 2.870190e-01 5.000000e-02
<GCONST> 7.337401e+01
<STATE> 16
<MEAN> 39
 2.554429e+00 -1.531634e+01 -2.163882e+01 -5.075917e+00 -6.621285e+00 -2.107187e+00 -9.120518e+00 9.100640e+00 7.627922e+00 2.171577e+00 -1.113810e+01 -3.539430e+00 7.304807e-01 3.874074e-01 3.709769e-01 6.422769e-01 4.193172e-01 1.134145e+00 -5.167334e-02 1.401919e+00 -8.786494e-01 1.533273e-02 -8.795689e-01 7.567376e-01 -4.041250e-01 -3.983563e-02 -8.523449e-02 -1.676195e-01 1.140391e-01 -3.615618e-01 3.649517e-01 -7.823613e-01 6.856944e-01 -3.746098e-01 -4.735455e-01 -3.169605e-01 5.060132e-03 -6.762422e-01 -3.363241e-03
<VARIANCE> 39
 5.246509e+00 1.019833e+01 2.420888e+00 6.091184e+00 1.517937e+01 8.926404e+00 1.782824e+01 1.270736e+01 3.585402e+01 9.859185e+00 3.031485e+00 2.430801e+01 5.000000e-02 1.224119e+00 8.003696e-01 4.855119e-01 2.185623e+00 2.336912e+00 4.117352e+00 6.904991e-01 1.694995e+00 1.980428e+00 4.490412e-01 1.372746e+00 3.273412e+00 5.000000e-02 1.142005e-01 1.086508e-01 8.250559e-02 2.323927e-01 2.329212e-01 4.862652e-01 3.194195e-01 1.655857e-01 3.979580e-01 7.828578e-02 1.454510e-01 4.114856e-01 5.000000e-02
<GCONST> 7.396009e+01
<STATE> 17
<MEAN> 39
 1.641960e+00 -1.426270e+01 -2.046491e+01 -5.405556e+00 -5.244872e-01 -6.999605e+00 -1.944679e+00 5.202914e+00 5.368063e+00 -1.670768e+00 -7.670753e+00 -9.882283e+00 6.272053e-01 7.620184e-01 -2.852192e-01 1.041963e+00 4.525503e-01 1.013100e+00 -1.123124e+00 1.993282e+00 -7.597710e-01 -6.647993e-01 -1.195700e+00 -2.934614e-01 -7.025973e-01 -3.849521e-02 1.962611e-01 -4.981686e-01 2.807482e-01 -1.417978e-01 -5.106059e-01 2.170277e-01 -1.216733e-01 1.074988e-01 4.198193e-01 1.760622e-01 -1.072844e-01 8.003145e-01 -4.599366e-05
<VARIANCE> 39
 8.364839e+00 4.458703e+00 8.047767e+00 2.145343e+01 2.138083e+01 3.585150e+01 1.848772e+01 1.479847e+01 9.640842e+00 7.481354e+00 2.603053e+01 3.773084e+01 5.000000e-02 1.095931e+00 1.297118e+00 8.458315e-01 1.679837e+00 1.522241e+00 2.939546e+00 2.926411e+00 5.109082e-01 2.929480e+00 1.040985e+00 1.165970e+00 5.119219e+00 5.000000e-02 3.077435e-01 2.073235e-01 1.691946e-01 6.078859e-01 2.410294e-01 6.377475e-01 1.969230e-01 2.360285e-01 2.464014e-01 1.524235e-01 6.088697e-01 8.928187e-01 5.000000e-02
<GCONST> 8.652785e+01
<STATE> 18
<MEAN> 39
 5.675836e+00 -1.739653e+01 -1.734401e+01 -6.336855e+00 -3.122359e+00 -6.963835e+00 -3.434248e-02 4.843785e+00 5.736084e+00 -2.641497e+00 -9.223680e+00 -7.323103e+00 5.713096e-01 -4.840934e-02 -5.691528e-01 1.217324e+00 3.578576e-01 2.224371e-02 -5.036867e-01 8.220435e-01 -4.423246e-01 -8.005909e-02 -7.829294e-01 3.920184e-01 2.277771e-01 -4.175952e-02 -3.402811e-01 7.112029e-02 -5.719363e-02 4.715186e-02 8.082326e-02 -1.784823e-01 -2.459574e-01 7.558554e-02 -8.209442e-02 2.314428e-01 2.781679e-01 5.055360e-02 -1.141343e-03
<VARIANCE> 39
 3.090824e+00 4.231408e+00 7.821611e+00 5.493060e+00 6.832401e+00 6.249930e+00 9.011127e+00 7.909358e+00 1.250530e+01 7.901868e+00 5.397845e+00 4.907452e+00 5.000000e-02 6.287194e-01 5.723596e-01 1.134039e+00 1.160721e+00 1.507276e+00 2.707235e+00 1.242482e+00 8.477609e-01 1.268838e+00 6.328957e-01 8.418175e-01 1.951639e+00 5.000000e-02 9.816693e-02 6.582408e-02 1.751091e-01 2.553508e-01 2.229952e-01 2.177615e-01 1.989486e-01 8.101503e-02 3.848504e-01 2.422524e-01 1.830570e-01 3.070793e-01 5.000000e-02
<GCONST> 6.534679e+01
<STATE> 19
<MEAN> 39
 3.205745e+00 -1.948679e+01 -1.394700e+01 -4.845283e+00 -1.673431e+00 -1.068032e+01 9.002615e-01 3.312476e+00 6.198364e+00 -3.993903e+00 -7.062322e+00 -3.573709e+00 3.966390e-01 -5.573144e-01 -4.150002e-01 3.074168e-01 -2.763338e-01 5.947315e-01 -1.272438e+00 -9.755366e-02 -3.092736e-01 4.077215e-01 8.996528e-01 1.099068e+00 7.666035e-01 -3.485730e-02 -7.611901e-02 2.620623e-01 -2.988609e-01 2.957759e-02 4.013741e-02 4.757611e-01 -3.100807e-01 1.684498e-01 2.473745e-01 2.469819e-01 -6.825737e-02 4.842422e-02 5.307665e-03
<VARIANCE> 39
 8.120996e-01 2.133727e+00 3.544866e+00 6.236358e+00 9.710667e+00 9.575171e+00 7.700239e+00 1.013897e+01 1.076714e+01 1.583768e+01 9.596844e+00 1.866592e+01 5.000000e-02 1.433189e-01 2.688535e-01 1.016915e+00 1.279675e+00 5.651275e-01 5.579535e-01 1.236928e+00 7.214810e-01 8.749809e-01 9.841945e-01 1.560240e+00 7.999705e-01 5.000000e-02 5.000000e-02 5.000000e-02 1.446662e-01 3.244900e-01 2.313919e-01 1.970485e-01 4.758064e-01 2.224379e-01 2.026514e-01 2.999506e-01 1.626041e-01 1.583945e-01 5.000000e-02
<GCONST> 6.052038e+01
<STATE> 20
<MEAN> 39
 1.369952e+00 -1.860012e+01 -1.327208e+01 -5.240808e+00 6.501274e-01 -1.103385e+01 6.472495e-01 3.834330e+00 6.598113e+00 -1.743570e+00 -4.210429e+00 -1.842831e+00 3.352827e-01 -3.638543e-01 6.008266e-01 1.768434e-01 -4.324725e-02 7.626849e-01 7.360882e-01 2.163375e-01 2.745847e-02 -6.885619e-02 -3.674081e-01 3.702819e-01 5.136141e-01 -2.755294e-02 1.664370e-01 3.175243e-01 1.232623e-01 1.940617e-01 -2.667815e-01 3.513636e-01 1.567435e-02 -1.258317e-01 -2.776513e-01 -6.920373e-01 -3.967908e-01 -2.162280e-01 3.100684e-03
<VARIANCE> 39
 2.165794e+00 1.176420e+01 1.427010e+01 7.765603e+00 1.267875e+01 1.359785e+01 8.455505e+00 3.097866e+00 1.066534e+01 1.080848e+01 1.057888e+01 1.431217e+01 5.000000e-02 2.207606e-01 4.159467e-01 8.764039e-01 7.331138e-01 2.452784e+00 7.720338e-01 1.084663e+00 1.168062e+00 1.659496e-01 4.893692e-01 5.632117e-01 8.833893e-01 5.000000e-02 8.580327e-02 6.103910e-02 3.353600e-01 2.672081e-01 2.898125e-01 1.164792e-01 1.777157e-01 1.686257e-01 1.131689e-01 1.893123e-01 3.738543e-01 2.957503e-01 5.000000e-02
<GCONST> 6.304866e+01
<STATE> 21
<MEAN> 39
 1.944916e+00 -1.616723e+01 -1.234341e+01 -3.692179e+00 1.027614e+00 -9.407394e+00 3.208636e-01 2.285485e+00 7.076234e+00 -4.934247e+00 -5.630854e+00 -2.185395e+00 2.956674e-01 -8.302126e-02 1.225192e+00 1.627598e+00 9.358392e-01 -2.154297e-01 8.403005e-01 1.187019e-01 -6.209120e-01 -4.202504e-01 -1.632992e+00 -6.365522e-01 -3.403912e-01 -2.133078e-02 -2.612655e-01 -1.350872e-01 3.028668e-01 -7.402853e-02 -2.869276e-01 -1.173350e-02 6.421079e-02 1.330641e-01 -1.726717e-01 1.626479e-01 2.118978e-01 -3.051151e-02 -5.704384e-03
<VARIANCE> 39
 2.586759e+00 9.159042e+00 7.356692e+00 5.262740e+00 1.491342e+01 2.073024e+01 1.438595e+01 2.563828e+01 1.034488e+01 1.101073e+01 1.409884e+01 8.439283e+00 5.000000e-02 8.864449e-01 2.464141e-01 9.352112e-01 7.084122e-01 1.563117e+00 9.691682e-01 7.766066e-01 8.470818e-01 7.353374e-01 7.144178e-01 1.336962e+00 9.524305e-01 5.000000e-02 7.613742e-02 9.090123e-02 1.619229e-01 1.376867e-01 4.994032e-01 1.716279e-01 1.789944e-01 2.664139e-01 5.000000e-02 1.207492e-01 2.252111e-01 1.718054e-01 5.000000e-02
<GCONST> 6.569316e+01
<STATE> 22
<MEAN> 39
 4.502635e-02 -1.543245e+01 -8.414592e+00 -2.826899e+00 -9.393399e-02 -7.772426e+00 1.089000e+00 2.984955e+00 5.213845e+00 -7.184865e+00 -4.426819e+00 -1.511047e+00 2.098064e-01 -1.192724e+00 3.089068e-01 9.307623e-01 -4.840800e-01 -5.341401e-01 6.953015e-01 3.705141e-01 1.130848e-01 -7.174733e-01 5.622552e-02 7.885033e-01 -2.467474e-02 -4.532833e-02 -2.311164e-01 -9.002883e-02 -2.354346e-01 -2.087823e-01 6.746712e-02 -5.516186e-02 -2.720377e-02 5.729849e-02 3.388564e-01 4.232462e-01 -2.317358e-02 -7.548010e-02 -6.630647e-03
<VARIANCE> 39
 3.312762e+00 8.256747e+00 1.584250e+01 6.033237e+00 5.373642e+00 2.568295e+01 3.788680e+00 4.395739e+00 1.067124e+01 7.190598e+00 9.878245e+00 6.015785e+00 5.000000e-02 1.889186e-01 5.708578e-01 4.417815e-01 7.933393e-01 9.648865e-01 7.779546e-01 6.255349e-01 4.999187e-01 1.204319e+00 1.145350e+00 4.896454e-01 4.880641e-01 5.000000e-02 5.191456e-02 1.567404e-01 2.452914e-01 2.318614e-01 2.193869e-01 1.311262e-01 6.618715e-02 5.000000e-02 2.036199e-01 1.501278e-01 2.228764e-01 1.799458e-01 5.000000e-02
<GCONST> 5.724753e+01
<STATE> 23
<MEAN> 39
 -3.745331e+00 -1.333413e+01 -7.441308e+00 -4.313237e+00 -9.000186e-01 -6.366975e+00 2.259993e+00 2.761750e+00 4.274693e+00 -5.465366e+00 -3.706083e+00 -4.398768e+00 5.805640e-02 -1.020511e+00 4.064770e-01 3.096839e-01 -1.451855e-01 1.410969e-01 3.349961e-01 -1.121070e-01 1.779945e-01 1.473072e+00 8.615088e-01 6.751695e-01 -4.185149e-01 -3.995048e-02 2.074317e-01 5.735185e-02 -3.439613e-02 6.167714e-02 2.241854e-01 5.793768e-02 -1.063529e-01 -7.631059e-02 1.776494e-01 1.957510e-01 1.464180e-01 1.731340e-02 8.973581e-03
<VARIANCE> 39
 1.643763e+00 3.071088e+00 4.625949e+00 1.176738e+01 4.966599e+00 1.780488e+01 1.342789e+01 2.322355e+01 2.952037e+01 1.421867e+01 1.236592e+01 1.054611e+01 5.000000e-02 2.536025e-01 7.715808e-01 9.554040e-01 7.885828e-01 6.947294e-01 1.511754e+00 1.184485e+00 1.374115e+00 2.001557e+00 1.220333e+00 8.473417e-01 8.619488e-01 5.000000e-02 5.000000e-02 5.000000e-02 1.457509e-01 2.477351e-01 2.059198e-01 1.373502e-01 2.986954e-01 2.769532e-01 6.339357e-01 2.889366e-01 1.521470e-01 8.042413e-02 5.000000e-02
<GCONST> 6.717049e+01
<STATE> 24
<MEAN> 39
 -5.851939e+00 -1.283051e+01 -6.699189e+00 -5.252269e+00 5.770664e-01 -4.613295e+00 1.757488e+00 3.351086e+00 9.750766e+00 -1.433642e+00 1.527781e-02 -3.476200e+00 -2.874149e-03 -5.175075e-01 4.684412e-01 8.319952e-01 2.761010e-01 2.165622e-01 4.892083e-01 -1.447643e-01 -2.695573e-01 -2.538317e-01 3.361962e-01 5.812877e-01 -4.137515e-02 -2.216617e-02 2.699160e-01 3.347009e-02 1.692187e-01 1.294179e-01 -2.108701e-01 -1.276180e-01 -7.849679e-02 -3.900053e-01 -6.985152e-01 -4.485303e-01 -1.645799e-01 2.203847e-02 7.770204e-03
<VARIANCE> 39
 1.167694e+00 3.915973e+00 3.503474e+00 6.471626e+00 6.722405e+00 1.752185e+01 1.249195e+01 9.951219e+00 4.365077e+00 1.163706e+01 1.285260e+01 1.492327e+01 5.000000e-02 4.331092e-01 3.376229e-01 6.097431e-01 1.308803e+00 1.645490e+00 5.443847e-01 1.686429e+00 1.947451e+00 1.851988e+00 1.725971e+00 1.017728e+00 5.535411e-01 5.000000e-02 5.000000e-02 8.300797e-02 8.229872e-02 1.545413e-01 9.570902e-02 1.112445e-01 1.752429e-01 2.653095e-01 3.942810e-01 1.787289e-01 1.220899e-01 1.585003e-01 5.000000e-02
<GCONST> 6.156858e+01
<TRANSP> 25
 0.000000e+00 1.000000e+00 0.000000e+00 0.000000e+00 0.000000e+00 0.000000e+00 0.000000e+00 0.000000e+00 0.000000e+00 0.000000e+00 0.000000e+00 0.000000e+00 0.000000e+00 0.000000e+00 0.000000e+00 0.000000e+00 0.000000e+00 0.000000e+00 0.000000e+00 0.000000e+00 0.000000e+00 0.000000e+00 0.000000e+00 0.000000e+00 0.000000e+00
 0.000000e+00 6.428586e-01 3.571414e-01 0.000000e+00 0.000000e+00 0.000000e+00 0.000000e+00 0.000000e+00 0.000000e+00 0.000000e+00 0.000000e+00 0.000000e+00 0.000000e+00 0.000000e+00 0.000000e+00 0.000000e+00 0.000000e+00 0.000000e+00 0.000000e+00 0.000000e+00 0.000000e+00 0.000000e+00 0.000000e+00 0.000000e+00 0.000000e+00
 0.000000e+00 0.000000e+00 6.152516e-01 3.847484e-01 0.000000e+00 0.000000e+00 0.000000e+00 0.000000e+00 0.000000e+00 0.000000e+00 0.000000e+00 0.000000e+00 0.000000e+00 0.000000e+00 0.000000e+00 0.000000e+00 0.000000e+00 0.000000e+00 0.000000e+00 0.000000e+00 0.000000e+00 0.000000e+00 0.000000e+00 0.000000e+00 0.000000e+00
 0.000000e+00 0.000000e+00 0.000000e+00 6.430075e-01 3.569926e-01 0.000000e+00 0.000000e+00 0.000000e+00 0.000000e+00 0.000000e+00 0.000000e+00 0.000000e+00 0.000000e+00 0.000000e+00 0.000000e+00 0.000000e+00 0.000000e+00 0.000000e+00 0.000000e+00 0.000000e+00 0.000000e+00 0.000000e+00 0.000000e+00 0.000000e+00 0.000000e+00
 0.000000e+00 0.000000e+00 0.000000e+00 0.000000e+00 5.832948e-01 4.167052e-01 0.000000e+00 0.000000e+00 0.000000e+00 0.000000e+00 0.000000e+00 0.000000e+00 0.000000e+00 0.000000e+00 0.000000e+00 0.000000e+00 0.000000e+00 0.000000e+00 0.000000e+00 0.000000e+00 0.000000e+00 0.000000e+00 0.000000e+00 0.000000e+00 0.000000e+00
 0.000000e+00 0.000000e+00 0.000000e+00 0.000000e+00 0.000000e+00 6.153874e-01 3.846126e-01 0.000000e+00 0.000000e+00 0.000000e+00 0.000000e+00 0.000000e+00 0.000000e+00 0.000000e+00 0.000000e+00 0.000000e+00 0.000000e+00 0.000000e+00 0.000000e+00 0.000000e+00 0.000000e+00 0.000000e+00 0.000000e+00 0.000000e+00 0.000000e+00
 0.000000e+00 0.000000e+00 0.000000e+00 0.000000e+00 0.000000e+00 0.000000e+00 5.833266e-01 4.166733e-01 0.000000e+00 0.000000e+00 0.000000e+00 0.000000e+00 0.000000e+00 0.000000e+00 0.000000e+00 0.000000e+00 0.000000e+00 0.000000e+00 0.000000e+00 0.000000e+00 0.000000e+00 0.000000e+00 0.000000e+00 0.000000e+00 0.000000e+00
 0.000000e+00 0.000000e+00 0.000000e+00 0.000000e+00 0.000000e+00 0.000000e+00 0.000000e+00 6.435665e-01 3.564335e-01 0.000000e+00 0.000000e+00 0.000000e+00 0.000000e+00 0.000000e+00 0.000000e+00 0.000000e+00 0.000000e+00 0.000000e+00 0.000000e+00 0.000000e+00 0.000000e+00 0.000000e+00 0.000000e+00 0.000000e+00 0.000000e+00
 0.000000e+00 0.000000e+00 0.000000e+00 0.000000e+00 0.000000e+00 0.000000e+00 0.000000e+00 0.000000e+00 6.144724e-01 3.855276e-01 0.000000e+00 0.000000e+00 0.000000e+00 0.000000e+00 0.000000e+00 0.000000e+00 0.000000e+00 0.000000e+00 0.000000e+00 0.000000e+00 0.000000e+00 0.000000e+00 0.000000e+00 0.000000e+00 0.000000e+00
 0.000000e+00 0.000000e+00 0.000000e+00 0.000000e+00 0.000000e+00 0.000000e+00 0.000000e+00 0.000000e+00 0.000000e+00 5.441946e-01 4.558054e-01 0.000000e+00 0.000000e+00 0.000000e+00 0.000000e+00 0.000000e+00 0.000000e+00 0.000000e+00 0.000000e+00 0.000000e+00 0.000000e+00 0.000000e+00 0.000000e+00 0.000000e+00 0.000000e+00
 0.000000e+00 0.000000e+00 0.000000e+00 0.000000e+00 0.000000e+00 0.000000e+00 0.000000e+00 0.000000e+00 0.000000e+00 0.000000e+00 6.671048e-01 3.328952e-01 0.000000e+00 0.000000e+00 0.000000e+00 0.000000e+00 0.000000e+00 0.000000e+00 0.000000e+00 0.000000e+00 0.000000e+00 0.000000e+00 0.000000e+00 0.000000e+00 0.000000e+00
 0.000000e+00 0.000000e+00 0.000000e+00 0.000000e+00 0.000000e+00 0.000000e+00 0.000000e+00 0.000000e+00 0.000000e+00 0.000000e+00 0.000000e+00 5.838344e-01 4.161656e-01 0.000000e+00 0.000000e+00 0.000000e+00 0.000000e+00 0.000000e+00 0.000000e+00 0.000000e+00 0.000000e+00 0.000000e+00 0.000000e+00 0.000000e+00 0.000000e+00
 0.000000e+00 0.000000e+00 0.000000e+00 0.000000e+00 0.000000e+00 0.000000e+00 0.000000e+00 0.000000e+00 0.000000e+00 0.000000e+00 0.000000e+00 0.000000e+00 6.655209e-01 3.344791e-01 0.000000e+00 0.000000e+00 0.000000e+00 0.000000e+00 0.000000e+00 0.000000e+00 0.000000e+00 0.000000e+00 0.000000e+00 0.000000e+00 0.000000e+00
 0.000000e+00 0.000000e+00 0.000000e+00 0.000000e+00 0.000000e+00 0.000000e+00 0.000000e+00 0.000000e+00 0.000000e+00 0.000000e+00 0.000000e+00 0.000000e+00 0.000000e+00 5.022827e-01 4.977173e-01 0.000000e+00 0.000000e+00 0.000000e+00 0.000000e+00 0.000000e+00 0.000000e+00 0.000000e+00 0.000000e+00 0.000000e+00 0.000000e+00
 0.000000e+00 0.000000e+00 0.000000e+00 0.000000e+00 0.000000e+00 0.000000e+00 0.000000e+00 0.000000e+00 0.000000e+00 0.000000e+00 0.000000e+00 0.000000e+00 0.000000e+00 0.000000e+00 6.667628e-01 3.332372e-01 0.000000e+00 0.000000e+00 0.000000e+00 0.000000e+00 0.000000e+00 0.000000e+00 0.000000e+00 0.000000e+00 0.000000e+00
 0.000000e+00 0.000000e+00 0.000000e+00 0.000000e+00 0.000000e+00 0.000000e+00 0.000000e+00 0.000000e+00 0.000000e+00 0.000000e+00 0.000000e+00 0.000000e+00 0.000000e+00 0.000000e+00 0.000000e+00 5.841618e-01 4.158382e-01 0.000000e+00 0.000000e+00 0.000000e+00 0.000000e+00 0.000000e+00 0.000000e+00 0.000000e+00 0.000000e+00
 0.000000e+00 0.000000e+00 0.000000e+00 0.000000e+00 0.000000e+00 0.000000e+00 0.000000e+00 0.000000e+00 0.000000e+00 0.000000e+00 0.000000e+00 0.000000e+00 0.000000e+00 0.000000e+00 0.000000e+00 0.000000e+00 4.449991e-01 5.550009e-01 0.000000e+00 0.000000e+00 0.000000e+00 0.000000e+00 0.000000e+00 0.000000e+00 0.000000e+00
 0.000000e+00 0.000000e+00 0.000000e+00 0.000000e+00 0.000000e+00 0.000000e+00 0.000000e+00 0.000000e+00 0.000000e+00 0.000000e+00 0.000000e+00 0.000000e+00 0.000000e+00 0.000000e+00 0.000000e+00 0.000000e+00 0.000000e+00 6.660593e-01 3.339407e-01 0.000000e+00 0.000000e+00 0.000000e+00 0.000000e+00 0.000000e+00 0.000000e+00
 0.000000e+00 0.000000e+00 0.000000e+00 0.000000e+00 0.000000e+00 0.000000e+00 0.000000e+00 0.000000e+00 0.000000e+00 0.000000e+00 0.000000e+00 0.000000e+00 0.000000e+00 0.000000e+00 0.000000e+00 0.000000e+00 0.000000e+00 0.000000e+00 6.663134e-01 3.336866e-01 0.000000e+00 0.000000e+00 0.000000e+00 0.000000e+00 0.000000e+00
 0.000000e+00 0.000000e+00 0.000000e+00 0.000000e+00 0.000000e+00 0.000000e+00 0.000000e+00 0.000000e+00 0.000000e+00 0.000000e+00 0.000000e+00 0.000000e+00 0.000000e+00 0.000000e+00 0.000000e+00 0.000000e+00 0.000000e+00 0.000000e+00 0.000000e+00 5.833583e-01 4.166418e-01 0.000000e+00 0.000000e+00 0.000000e+00 0.000000e+00
 0.000000e+00 0.000000e+00 0.000000e+00 0.000000e+00 0.000000e+00 0.000000e+00 0.000000e+00 0.000000e+00 0.000000e+00 0.000000e+00 0.000000e+00 0.000000e+00 0.000000e+00 0.000000e+00 0.000000e+00 0.000000e+00 0.000000e+00 0.000000e+00 0.000000e+00 0.000000e+00 5.459232e-01 4.540768e-01 0.000000e+00 0.000000e+00 0.000000e+00
 0.000000e+00 0.000000e+00 0.000000e+00 0.000000e+00 0.000000e+00 0.000000e+00 0.000000e+00 0.000000e+00 0.000000e+00 0.000000e+00 0.000000e+00 0.000000e+00 0.000000e+00 0.000000e+00 0.000000e+00 0.000000e+00 0.000000e+00 0.000000e+00 0.000000e+00 0.000000e+00 0.000000e+00 6.421970e-01 3.578030e-01 0.000000e+00 0.000000e+00
 0.000000e+00 0.000000e+00 0.000000e+00 0.000000e+00 0.000000e+00 0.000000e+00 0.000000e+00 0.000000e+00 0.000000e+00 0.000000e+00 0.000000e+00 0.000000e+00 0.000000e+00 0.000000e+00 0.000000e+00 0.000000e+00 0.000000e+00 0.000000e+00 0.000000e+00 0.000000e+00 0.000000e+00 0.000000e+00 6.156115e-01 3.843885e-01 0.000000e+00
 0.000000e+00 0.000000e+00 0.000000e+00 0.000000e+00 0.000000e+00 0.000000e+00 0.000000e+00 0.000000e+00 0.000000e+00 0.000000e+00 0.000000e+00 0.000000e+00 0.000000e+00 0.000000e+00 0.000000e+00 0.000000e+00 0.000000e+00 0.000000e+00 0.000000e+00 0.000000e+00 0.000000e+00 0.000000e+00 0.000000e+00 5.008127e-01 4.991873e-01
 0.000000e+00 0.000000e+00 0.000000e+00 0.000000e+00 0.000000e+00 0.000000e+00 0.000000e+00 0.000000e+00 0.000000e+00 0.000000e+00 0.000000e+00 0.000000e+00 0.000000e+00 0.000000e+00 0.000000e+00 0.000000e+00 0.000000e+00 0.000000e+00 0.000000e+00 0.000000e+00 0.000000e+00 0.000000e+00 0.000000e+00 0.000000e+00 0.000000e+00
<ENDHMM>
