~o
<STREAMINFO> 1 39
<VECSIZE> 39<NULLD><MFCC_E_D_A><DIAGC>
~h "Giup"
<BEGINHMM>
<NUMSTATES> 25
<STATE> 2
<MEAN> 39
 -6.221118e+00 -1.004088e+01 -1.601671e+00 -3.014755e+00 1.386479e+00 -2.525826e+00 3.072186e+00 -2.439987e-01 1.213051e+00 -2.567992e+00 9.334344e-01 -1.697508e+00 2.846917e-02 7.200372e-01 7.394696e-01 -3.488036e-01 -1.701278e+00 -3.604803e-01 -1.535792e+00 -2.144455e-01 9.357793e-01 -1.715370e+00 -1.801539e-01 -1.143611e+00 -3.754915e-01 6.391968e-02 3.963745e-01 4.812956e-01 -1.821546e-01 -1.193212e+00 -8.187548e-02 -1.054009e+00 -4.817143e-01 1.340318e-02 -5.573933e-01 -5.269551e-01 -6.918824e-01 -3.659179e-01 3.647924e-02
<VARIANCE> 39
 4.256495e+00 8.605811e+00 1.428999e+01 1.109611e+01 9.514119e+00 1.973785e+01 1.712460e+01 1.148663e+01 6.207195e+00 9.185072e+00 1.151151e+01 5.880521e+00 5.000000e-02 1.019004e+00 8.912503e-01 1.352074e+00 2.239695e+00 1.400785e+00 4.782198e+00 1.514259e+00 1.196308e+00 2.530736e+00 2.249818e+00 2.134050e+00 2.123948e+00 5.000000e-02 1.519925e-01 2.092698e-01 4.070748e-01 1.223135e-01 4.231783e-01 9.901090e-01 2.574854e-01 2.159647e-01 3.304580e-01 7.028304e-01 2.009670e-01 1.619306e-01 5.000000e-02
<GCONST> 8.179833e+01
<STATE> 3
<MEAN> 39
 -1.251911e+00 -5.911932e+00 -4.486974e+00 -1.153744e+01 -1.295642e+00 -1.249402e+01 -9.291081e-01 2.190600e+00 -6.615581e+00 -5.413575e+00 -6.969703e+00 -4.463876e+00 3.732346e-01 1.240921e+00 2.125835e+00 -6.277823e-02 -5.008780e+00 6.998459e-01 -4.066319e+00 -1.792224e+00 -4.709162e-01 -1.722176e+00 -1.558884e+00 -2.414233e+00 -1.444943e+00 1.558599e-01 -5.473760e-01 -4.265177e-01 5.734312e-01 -2.864427e-01 2.084723e-01 4.961407e-01 -8.615829e-02 -7.327463e-01 1.112455e+00 6.954084e-02 4.758213e-01 -7.339168e-02 -1.440421e-03
<VARIANCE> 39
 2.055210e+01 4.994302e+00 3.769315e+00 4.517275e+01 1.560486e+01 5.180672e+01 4.269385e+00 9.778829e+00 3.961514e+01 2.000359e+01 4.247007e+01 1.380061e+01 5.000000e-02 1.683834e+00 8.726329e-01 1.149182e+00 7.860343e-01 4.795313e+00 1.052997e+01 2.241348e+00 2.097465e+00 2.017583e+00 4.544534e+00 1.567113e+00 9.274596e-01 5.000000e-02 2.220002e-01 2.573226e-01 2.565774e-01 5.356406e-01 1.775052e-01 9.769627e-01 3.392047e-01 2.175811e-01 5.170872e-01 4.162369e-01 7.602288e-01 5.394722e-01 5.000000e-02
<GCONST> 9.264378e+01
<STATE> 4
<MEAN> 39
 -1.412254e+00 -1.329779e+00 -2.742107e+00 -2.116887e+01 6.445837e+00 -2.234482e+01 -1.629379e+00 -2.369441e+00 -5.639187e+00 -1.009050e+01 -8.135666e+00 -7.967935e+00 6.188839e-01 -8.813802e-01 6.032816e-02 9.496290e-01 -3.482148e+00 5.448925e-01 -6.109961e-01 -7.563835e-01 -1.335552e+00 1.876033e+00 -9.575310e-01 4.448635e-01 -8.362833e-01 8.092716e-02 -7.511401e-01 -1.455162e+00 1.236799e-01 1.295673e+00 -1.450196e+00 1.763546e+00 8.320771e-01 3.334413e-01 1.643103e+00 1.338054e+00 1.085061e+00 4.693738e-01 -2.667994e-02
<VARIANCE> 39
 1.344844e+01 3.479660e+00 2.201488e+00 8.702456e+00 3.915025e+01 1.008463e+02 2.320573e+01 4.823547e+01 1.606546e+01 3.859862e+01 1.857088e+01 1.143933e+01 5.000000e-02 7.372966e-01 9.512521e-01 1.318524e+00 3.023319e+00 2.182471e+00 4.410072e+00 1.339200e+00 1.090728e+00 2.818729e+00 9.014993e-01 5.630416e+00 2.145665e+00 5.000000e-02 3.176657e-01 8.957541e-02 3.064003e-01 2.040676e-01 1.013956e+00 1.516351e+00 2.558261e-01 1.083460e+00 3.783714e-01 9.964601e-01 1.027875e+00 2.747133e-01 5.000000e-02
<GCONST> 9.424969e+01
<STATE> 5
<MEAN> 39
 -3.929460e+00 -6.036628e+00 -1.391028e-01 -2.435768e+01 1.183379e-01 -1.420416e+01 -4.128208e+00 -2.260297e+00 -8.582275e-01 -7.812526e+00 -6.547805e+00 -7.718845e+00 6.668568e-01 -1.161953e+00 -2.877916e+00 8.644312e-01 -8.897414e-01 -3.745137e+00 9.457058e-01 1.174217e+00 -2.960486e-01 3.539223e+00 2.608703e+00 4.892735e-01 -1.910065e-01 7.367855e-02 -8.089426e-02 -6.197243e-01 -5.559340e-01 1.430828e+00 -1.127912e+00 -1.453423e-02 1.395641e+00 4.989890e-01 2.332073e-01 1.240952e+00 2.358300e-01 2.708062e-01 -3.397018e-03
<VARIANCE> 39
 6.446050e+00 1.432798e+01 2.765443e+01 9.325619e+00 3.476834e+01 7.457996e+01 1.375954e+01 1.501229e+01 1.196938e+01 3.584518e+01 9.666286e+00 4.973307e+00 5.000000e-02 1.041229e+00 8.044445e-01 2.474540e+00 1.874239e+00 3.124831e+00 2.089072e+00 3.924305e+00 5.370410e+00 1.931386e+00 5.016750e+00 7.950363e+00 1.204108e+00 5.000000e-02 1.936419e-01 4.404963e-01 2.749703e-01 2.032152e-01 4.121796e-01 4.323942e-01 9.125160e-02 3.188905e-01 5.905697e-01 5.980509e-01 4.201255e-01 2.646684e-01 5.000000e-02
<GCONST> 9.285978e+01
<STATE> 6
<MEAN> 39
 -6.779521e+00 -1.224504e+01 -4.170318e-01 -2.243688e+01 -1.121498e+01 -1.411293e+01 3.007579e+00 -1.237800e+00 8.212952e+00 2.585994e+00 -5.280201e+00 -6.778153e+00 8.526756e-01 -9.294040e-01 -1.896068e+00 -1.416643e+00 1.643607e+00 -3.554391e+00 -6.196524e-01 3.893630e+00 1.006258e+00 1.816157e+00 3.740326e+00 1.221169e+00 -3.283518e-02 7.787152e-02 1.180992e-01 2.080221e-01 -8.761494e-01 7.157695e-01 1.179876e+00 -3.341695e-01 2.794531e-01 3.457632e-01 -1.553372e+00 -1.190389e+00 5.312920e-02 2.832345e-01 -1.237371e-02
<VARIANCE> 39
 4.170756e+00 5.399757e+00 2.053823e+01 7.325279e+00 1.251894e+01 4.947084e+01 5.177732e+01 2.333818e+01 1.355712e+01 2.420268e+01 6.358819e+01 8.446762e+00 5.000000e-02 2.635899e-01 1.800650e+00 8.318912e-01 7.454935e-01 1.956499e+00 1.116016e+00 7.368946e-01 9.550344e-01 2.909793e+00 3.260142e+00 2.008439e+00 5.885951e-01 5.000000e-02 1.303685e-01 2.440779e-01 3.264968e-01 3.299507e-01 7.793566e-01 2.627127e-01 6.285051e-01 6.610966e-01 8.533917e-01 2.015890e+00 1.352823e+00 3.588662e-01 5.000000e-02
<GCONST> 8.972703e+01
<STATE> 7
<MEAN> 39
 -7.667401e+00 -1.500195e+01 -4.956967e+00 -1.913194e+01 -1.590020e+01 -1.723090e+01 1.075113e+01 6.977327e-01 7.262133e+00 8.665234e+00 -2.298315e+00 -8.617253e+00 9.860582e-01 -6.583514e-01 -2.076640e+00 -2.700797e+00 2.261701e+00 3.991830e-01 -5.339897e-01 2.412399e+00 1.211417e+00 -2.675063e+00 -1.825834e+00 3.372384e-01 1.079819e+00 2.776795e-02 1.559017e-01 6.044108e-02 -1.957855e-01 3.439426e-01 2.102122e+00 4.450634e-01 -1.132704e+00 -1.822396e-01 -9.811728e-01 -2.501041e+00 -5.828980e-01 8.203492e-01 -2.473505e-02
<VARIANCE> 39
 6.533333e+00 7.477224e+00 1.794209e+01 3.387571e+00 1.238759e+01 3.635888e+01 3.722609e+01 8.895596e+00 1.177248e+01 1.208157e+01 1.386687e+01 3.358310e+00 5.000000e-02 1.641925e-01 3.827300e-01 4.904870e-01 1.034014e+00 2.752857e+00 7.686375e-01 8.971643e-01 1.480914e+00 4.925880e+00 6.358447e+00 2.212136e+00 1.660146e+00 5.000000e-02 5.000000e-02 1.320595e-01 1.557146e-01 6.344508e-02 1.349240e-01 5.000000e-02 1.730078e-01 1.178778e-01 5.433580e-01 2.737294e-01 1.313227e-01 5.000000e-02 5.000000e-02
<GCONST> 6.826959e+01
<STATE> 8
<MEAN> 39
 -9.285379e+00 -1.906581e+01 -1.039327e+01 -1.304294e+01 -9.083279e+00 -1.604836e+01 1.319602e+01 3.337289e+00 -8.663826e-01 -5.020395e+00 -3.268199e+00 -2.149439e+00 9.562191e-01 -2.438159e-01 -1.784205e+00 -2.189629e+00 2.647308e+00 3.972241e+00 7.987450e-01 1.330442e-01 4.904829e-01 -1.587921e+00 -4.835373e+00 -5.316969e-01 2.680965e+00 -6.864063e-03 4.369959e-01 3.417001e-01 3.090678e-01 -7.059831e-01 6.927300e-01 3.445889e-01 -1.509375e+00 -4.805904e-01 1.167008e+00 3.751933e-01 -3.823750e-01 -5.091295e-01 -5.209411e-03
<VARIANCE> 39
 2.739303e+00 2.505713e+00 1.358621e+01 8.186373e+00 2.057041e+01 4.525449e+01 1.450777e+01 3.545938e+00 2.032011e+01 2.483224e+01 1.011265e+01 2.091413e+01 5.000000e-02 3.930797e-01 2.432244e-01 6.754135e-01 2.015562e-01 5.939866e-01 2.790516e-01 1.844518e+00 6.389716e-01 2.634624e+00 1.222217e+00 2.824699e-01 1.069971e+00 5.000000e-02 5.000000e-02 6.563325e-02 7.560962e-02 2.478064e-01 5.679827e-01 8.877531e-02 9.060665e-02 8.797446e-02 7.115892e-01 1.255692e+00 2.797128e-01 5.012555e-01 5.000000e-02
<GCONST> 6.608757e+01
<STATE> 9
<MEAN> 39
 -8.173924e+00 -2.228773e+01 -1.346748e+01 -1.041599e+01 -4.009522e-01 -1.443864e+01 9.430106e+00 2.559477e+00 2.141128e+00 -8.656339e+00 -4.744500e+00 6.714597e-01 9.661146e-01 1.012518e+00 -6.318019e-01 -1.500102e+00 -5.499667e-01 2.705679e+00 8.474084e-01 -3.224961e+00 -5.798017e-01 2.038552e+00 2.427109e-01 -1.399616e+00 -1.356039e+00 6.211837e-03 6.539817e-01 4.852109e-01 7.203894e-01 -9.824169e-01 -1.189043e+00 5.540490e-02 -6.415530e-01 3.408232e-02 6.436477e-01 1.863718e+00 -1.678690e-01 -1.349391e+00 -4.340467e-03
<VARIANCE> 39
 1.256650e+00 2.649079e+00 9.110436e+00 4.162920e+00 8.015311e+00 2.181713e+01 2.384282e+01 4.732467e+00 1.593186e+01 4.462420e+00 1.551665e+01 2.077192e+01 5.000000e-02 3.084544e-01 3.239659e-01 1.328748e-01 1.033064e+00 1.730063e+00 9.384202e-01 9.398498e-01 1.921088e-01 1.242680e+00 2.744901e+00 1.363777e+00 2.492240e+00 5.000000e-02 5.000000e-02 5.000000e-02 9.669214e-02 2.059463e-01 3.140252e-01 5.946736e-02 3.935813e-01 1.897261e-01 4.971746e-01 2.869107e-01 2.282052e-01 3.615008e-01 5.000000e-02
<GCONST> 6.346654e+01
<STATE> 10
<MEAN> 39
 -3.411480e+00 -2.157973e+01 -1.547514e+01 -1.548876e+01 8.031741e-01 -1.163259e+01 5.986864e-01 2.518024e+00 7.224746e+00 -3.181537e+00 -8.330712e+00 -8.481018e+00 9.602131e-01 2.689096e+00 -5.341802e-03 1.783294e+00 -6.214243e-02 -1.271457e+00 5.322019e-01 -2.049289e+00 3.588819e-01 7.116853e-02 2.030233e+00 -7.242545e-01 -1.252802e+00 -5.047912e-02 1.685694e-01 8.200114e-03 9.760709e-01 1.211693e+00 -1.042463e+00 -3.965771e-01 9.037623e-01 -1.227215e-02 -8.755171e-01 -3.567271e-01 6.983380e-01 1.134385e+00 -2.987150e-02
<VARIANCE> 39
 1.061906e+01 5.444542e+00 1.389141e+01 6.796938e+00 1.733285e+01 1.612938e+01 3.439602e+01 1.455009e+01 1.656917e+01 2.294943e+01 1.123785e+01 1.738105e+01 5.000000e-02 3.428555e-01 2.881837e-01 2.118337e+00 3.773236e+00 2.465274e+00 2.207865e+00 2.310049e+00 1.081279e+00 2.238956e+00 1.750159e+00 1.769207e+00 3.986999e+00 5.000000e-02 2.340940e-01 9.510136e-02 2.572640e-01 3.637716e-01 5.877668e-01 2.451262e-01 5.057793e-01 3.376624e-01 2.651033e-01 5.084174e-01 2.394170e-01 3.431702e-01 5.000000e-02
<GCONST> 8.567061e+01
<STATE> 11
<MEAN> 39
 4.025268e+00 -2.246248e+01 -6.727414e+00 -9.033037e+00 -4.711611e+00 -1.319150e+01 -6.239278e-01 3.104976e+00 -4.040869e-02 -1.537123e+00 -8.193548e+00 -4.131036e+00 7.432584e-01 1.827965e+00 -2.819721e-01 2.249311e+00 3.579406e+00 -2.474777e+00 -8.042785e-01 -1.475935e-01 -8.189867e-01 -1.194458e+00 -3.787857e-01 1.561269e+00 2.152227e+00 -1.151175e-01 -9.686419e-01 -1.604301e-01 -8.195038e-01 2.359594e-01 1.420315e-01 2.704372e-01 8.380884e-01 -1.066203e-01 5.052946e-01 -8.621272e-01 4.366215e-01 3.344389e-01 1.387383e-03
<VARIANCE> 39
 2.741167e+00 2.332893e+00 2.377006e+00 2.464150e+01 3.728830e+01 2.932976e+01 9.450344e+00 1.644575e+01 1.948163e+01 3.709023e+01 2.620263e+01 1.934629e+01 5.000000e-02 5.526285e-01 4.671238e-01 2.358074e+00 3.696983e-01 1.901402e+00 2.485101e+00 2.946407e+00 2.024970e+00 1.501658e+00 1.389777e+00 1.613645e-01 1.275544e+00 5.000000e-02 5.000000e-02 8.341943e-02 7.611751e-02 7.446094e-01 5.956116e-01 5.226180e-01 4.088110e-01 5.591820e-01 3.307548e-01 5.219736e-01 5.571867e-01 4.775955e-01 5.000000e-02
<GCONST> 8.039974e+01
<STATE> 12
<MEAN> 39
 3.918264e+00 -2.276884e+01 -5.577290e+00 -5.242687e+00 -8.952950e+00 -1.190896e+01 3.140171e-01 2.802203e+00 6.069005e+00 -2.958214e+00 -4.443172e+00 -1.005286e+00 5.578937e-01 -1.709108e-01 -4.910099e-01 8.753374e-02 2.050896e+00 -1.363457e+00 8.029001e-01 1.881424e+00 4.474877e-01 6.640951e-01 -8.466587e-01 1.646018e+00 8.705273e-01 -6.802250e-02 -4.962535e-01 1.876486e-01 -9.672474e-01 -5.642230e-01 7.315412e-01 1.697953e-01 5.148023e-01 1.165545e-01 -2.089827e-01 -8.266599e-02 -1.919302e-01 -7.544851e-01 2.599390e-02
<VARIANCE> 39
 6.521320e-01 4.574397e+00 7.148031e+00 4.466521e+00 6.477846e+00 1.272777e+01 1.982539e+01 1.631062e+01 1.352241e+01 1.290681e+01 8.586600e+00 9.509821e+00 5.000000e-02 3.579389e-01 4.814503e-01 2.015903e+00 3.969525e+00 2.385633e+00 2.540294e+00 1.922068e+00 4.705320e+00 4.720328e+00 1.947145e+00 1.194316e+00 3.635356e+00 5.000000e-02 1.253915e-01 6.326392e-02 1.987742e-01 1.657677e-01 2.015134e-01 3.612349e-01 1.568581e-01 3.589366e-01 9.383628e-01 2.444631e-01 8.745939e-02 2.954251e-01 5.000000e-02
<GCONST> 7.613885e+01
<STATE> 13
<MEAN> 39
 2.881434e+00 -2.381884e+01 -9.336370e+00 -2.290722e+00 -8.544248e+00 -1.105492e+01 5.062984e+00 3.242815e+00 2.380087e+00 -4.515427e+00 -3.136501e+00 -3.150649e+00 5.235777e-01 1.999788e-02 3.643549e-01 -4.654897e-01 1.072623e+00 6.497170e-01 7.515420e-01 1.459465e+00 1.241832e-01 -1.116964e+00 -4.689508e-01 4.642015e-01 -3.199585e-02 -1.638895e-02 2.552086e-02 2.390609e-01 4.041364e-02 -5.205896e-01 3.846051e-01 -1.502583e-01 -4.979832e-01 7.299243e-02 6.549323e-02 2.841457e-01 -2.577089e-03 1.044835e-01 1.227421e-02
<VARIANCE> 39
 9.800768e-01 5.897425e+00 1.193875e+01 4.974883e+00 5.354426e+00 4.842556e+00 1.674188e+01 3.082191e+01 1.056467e+01 9.713635e+00 8.729580e+00 1.033539e+01 5.000000e-02 8.004045e-02 3.453058e-01 4.207690e-01 1.372160e+00 2.771720e+00 4.182364e-01 2.604448e-01 6.576732e-01 1.972666e+00 1.484739e+00 8.676154e-01 1.175174e+00 5.000000e-02 7.485601e-02 1.012603e-01 4.424601e-01 5.508434e-01 2.163631e-01 4.855306e-01 4.374162e-01 5.381634e-01 4.076906e-01 2.478867e-01 3.756922e-01 4.152762e-01 5.000000e-02
<GCONST> 6.835940e+01
<STATE> 14
<MEAN> 39
 3.494817e+00 -2.169398e+01 -8.523795e+00 -1.765881e+00 -5.556167e+00 -9.494501e+00 5.997927e+00 3.292102e+00 1.674302e+00 -3.767027e+00 -1.353922e+00 -1.968139e+00 5.112519e-01 4.201510e-03 2.699709e-01 -5.779163e-01 -6.840611e-01 -3.257053e-01 -3.244256e-01 -4.784281e-01 3.074623e-01 5.233104e-01 6.348637e-01 9.934570e-01 4.803493e-01 -1.067539e-02 -1.047913e-01 -2.352890e-02 7.336722e-02 -5.435708e-01 -1.673863e-01 -3.165386e-01 -7.437458e-01 -8.463508e-02 6.690545e-01 2.809261e-01 -2.759335e-01 -8.964615e-02 3.601560e-03
<VARIANCE> 39
 1.473788e+00 7.634907e+00 1.312636e+01 1.429635e+01 1.121926e+01 1.159486e+01 1.208841e+01 2.080057e+01 9.528387e+00 1.512482e+01 9.661819e+00 5.997614e+00 5.000000e-02 8.680544e-02 5.084034e-01 1.711080e+00 1.772558e+00 1.317388e+00 7.574475e-01 1.332158e+00 6.056099e-01 8.734962e-01 1.348432e+00 8.223727e-01 3.116090e-01 5.000000e-02 5.000000e-02 6.033072e-02 2.889970e-01 8.039041e-01 3.612889e-01 1.752705e-01 6.931174e-02 1.888137e-01 2.713893e-01 2.328487e-01 7.748575e-02 1.198571e-01 5.000000e-02
<GCONST> 6.454541e+01
<STATE> 15
<MEAN> 39
 3.866238e+00 -2.087744e+01 -8.474424e+00 -3.194615e+00 -8.057804e+00 -1.154921e+01 2.165944e+00 3.374285e+00 5.044030e+00 -1.385914e+00 2.729710e-01 -1.566352e+00 4.804640e-01 -1.094514e-01 6.014691e-01 8.983199e-02 -2.751530e-01 -4.605451e-01 -7.736862e-01 -1.048541e+00 -5.086024e-01 7.588676e-01 -1.488348e-01 -3.163419e-01 -8.540089e-02 -1.252285e-02 -1.475793e-01 -6.402184e-02 7.524003e-02 3.233247e-01 2.253935e-01 2.260998e-02 1.262461e-01 -8.304726e-03 -4.299011e-01 -5.230544e-01 -5.289613e-01 -5.460000e-02 -2.050279e-03
<VARIANCE> 39
 2.291912e+00 7.320868e+00 6.830637e+00 7.605456e+00 1.324888e+01 2.114966e+00 1.756413e+00 1.220632e+01 3.562747e+00 8.842092e+00 6.270070e+00 8.716652e+00 5.000000e-02 3.956113e-01 6.060338e-01 5.932407e-01 1.652207e+00 1.003729e+00 8.757883e-01 7.085774e-01 1.857469e+00 2.879349e+00 1.126402e+00 6.370742e-01 8.437157e-01 5.000000e-02 5.009144e-02 5.863519e-02 2.311355e-01 2.503455e-01 2.475331e-01 5.000000e-02 2.360800e-01 1.156971e-01 1.939160e-01 1.872201e-01 8.093333e-02 2.060773e-01 5.000000e-02
<GCONST> 5.848135e+01
<STATE> 16
<MEAN> 39
 2.499980e+00 -2.104464e+01 -9.409866e+00 -3.692437e+00 -8.199616e+00 -1.263509e+01 1.815772e+00 2.693865e+00 4.105454e+00 -4.723919e+00 -2.193848e+00 -1.177482e+00 4.586079e-01 -6.533740e-01 9.352472e-02 2.513570e-01 8.646688e-01 8.851077e-01 -8.812029e-02 -3.013304e-01 2.647142e-03 -3.331347e-01 -9.858847e-01 -6.942298e-01 4.617410e-01 -2.578052e-02 -2.024858e-01 9.229946e-02 2.438498e-01 3.061772e-01 5.055768e-01 3.798951e-01 3.609577e-01 2.927375e-01 -4.738414e-02 1.511679e-01 1.534609e-01 4.868780e-02 -9.740530e-03
<VARIANCE> 39
 7.506870e+00 1.364704e+01 3.441744e+00 1.274765e+01 1.892803e+01 7.625494e+00 1.038349e+01 1.111611e+01 3.858083e+01 2.368861e+01 5.678913e+00 9.371695e+00 5.000000e-02 4.084118e-01 1.137113e-01 3.853887e-01 3.903345e-01 9.790169e-01 4.588285e-01 1.111464e+00 8.214975e-01 1.945052e+00 7.551707e-01 4.657342e-01 1.513871e+00 5.000000e-02 1.522875e-01 8.438136e-02 1.181480e-01 2.896764e-01 3.621167e-01 3.289454e-01 2.858805e-01 2.765196e-01 8.926522e-01 2.651565e-01 1.543228e-01 2.121918e-01 5.000000e-02
<GCONST> 6.853909e+01
<STATE> 17
<MEAN> 39
 1.323031e+00 -2.070393e+01 -7.008920e+00 -1.034878e+00 -5.341810e+00 -1.207332e+01 -4.055108e-02 1.118458e+00 4.482594e+00 -6.627988e+00 -4.333594e+00 9.904259e-01 3.940795e-01 -1.142416e+00 6.371377e-01 7.349409e-01 7.431580e-01 1.557409e+00 1.225281e+00 9.543728e-01 1.394862e+00 1.051814e+00 4.904970e-01 4.018766e-01 -8.405335e-02 -5.420835e-02 -6.238774e-02 1.792995e-01 -2.631840e-01 -3.437631e-01 -3.205173e-01 2.517328e-01 5.392085e-01 2.904639e-01 1.217968e-01 5.869604e-01 6.102515e-01 -3.488936e-01 -8.037103e-03
<VARIANCE> 39
 7.470798e+00 8.385467e+00 6.113670e+00 1.902743e+00 9.564589e+00 9.038427e+00 1.944728e+01 1.513029e+01 2.618509e+01 2.041656e+01 4.125619e+00 1.455215e+01 5.000000e-02 1.155137e+00 1.594903e-01 4.276002e-01 8.210881e-01 1.735149e+00 2.426763e+00 1.759875e+00 1.324069e+00 3.657095e+00 1.540340e+00 1.205784e+00 1.148892e+00 5.000000e-02 1.359646e-01 8.240513e-02 2.147854e-01 5.000000e-02 3.707608e-01 2.506989e-01 3.715954e-01 2.433725e-01 1.090155e+00 3.451462e-01 2.082878e-01 4.864612e-01 5.000000e-02
<GCONST> 7.433070e+01
<STATE> 18
<MEAN> 39
 -1.066212e+00 -1.870485e+01 -7.172079e+00 -8.147560e-01 -3.478809e+00 -9.287070e+00 4.466779e+00 6.763933e+00 6.528476e+00 -2.135712e+00 -4.608917e-01 -1.612977e+00 2.814051e-01 -7.874210e-01 7.941443e-01 -4.669623e-01 -2.410271e-01 2.506196e-01 7.864476e-01 9.728802e-01 1.612818e-01 -4.649389e-01 6.049687e-01 8.627816e-01 -2.502048e-01 -5.073940e-02 1.513335e-01 -4.432835e-02 -2.243430e-01 -2.584535e-01 -1.859155e-01 -2.300342e-01 -2.670755e-01 -5.583103e-01 -5.613394e-01 -2.880623e-01 -4.266579e-02 1.067619e-01 4.772523e-03
<VARIANCE> 39
 6.788062e+00 9.659723e+00 4.134349e+00 5.277021e+00 1.181798e+01 9.243447e+00 2.254422e+00 3.316366e+00 4.456666e+00 7.300737e+00 9.038697e+00 1.412110e+01 5.000000e-02 7.887278e-01 8.365164e-01 1.163469e+00 9.862759e-01 1.500842e+00 1.138872e+00 1.345577e+00 1.629206e+00 4.270206e+00 1.962024e+00 1.566040e+00 1.952679e+00 5.000000e-02 1.295840e-01 8.249969e-02 9.471942e-02 1.053634e-01 2.504304e-01 3.105055e-01 1.603152e-01 1.551984e-01 1.773628e-01 1.395848e-01 1.889451e-01 1.983503e-01 5.000000e-02
<GCONST> 6.690276e+01
<STATE> 19
<MEAN> 39
 -2.772967e+00 -1.679592e+01 -8.566827e+00 -1.970594e+00 -3.191143e+00 -8.640797e+00 5.340883e+00 4.040642e+00 2.016763e+00 -4.460923e+00 -1.824112e-01 -1.357451e+00 1.609642e-01 -5.112709e-01 3.804918e-01 2.210161e-01 2.923181e-02 2.466361e-01 -1.698728e-01 -4.529690e-01 -6.138629e-01 -6.770773e-01 -2.269301e-01 4.017725e-01 1.960849e-03 -3.114133e-02 2.127544e-01 -3.577555e-02 3.854376e-01 9.891811e-02 -4.204831e-02 -2.462914e-01 -3.249451e-01 -1.046880e-01 3.639593e-01 2.284479e-01 -6.884244e-02 7.552674e-02 1.180377e-02
<VARIANCE> 39
 3.957692e+00 2.172686e+01 6.662623e+00 7.047754e+00 2.139891e+00 1.024319e+01 3.079076e+00 1.538044e+01 1.186108e+01 4.232482e+00 7.490513e+00 5.287632e+00 5.000000e-02 4.416855e-01 4.276478e-01 7.933939e-01 5.197751e-01 6.915947e-01 3.842590e-01 2.413259e-01 9.616991e-01 1.416421e+00 1.345231e+00 1.004924e+00 6.465375e-01 5.000000e-02 5.210295e-02 2.062959e-01 9.519828e-02 1.795802e-01 2.631496e-01 1.709260e-01 8.211078e-02 1.857626e-01 5.239372e-01 4.010892e-01 3.504096e-01 3.022758e-01 5.000000e-02
<GCONST> 6.071734e+01
<STATE> 20
<MEAN> 39
 -1.949420e+00 -1.672303e+01 -7.045506e+00 -1.603197e+00 -4.275311e+00 -1.121979e+01 2.805914e+00 2.722403e+00 3.531915e+00 -2.134771e+00 1.691323e+00 -9.527943e-01 1.854671e-01 -2.068906e-01 5.645100e-01 4.815263e-01 -3.488650e-01 2.527842e-01 -1.157381e-01 -4.533208e-01 -3.849312e-01 3.062138e-01 4.547371e-01 5.474470e-02 5.398355e-01 -1.319973e-02 -2.034380e-01 2.418616e-02 8.809484e-02 2.223004e-02 3.286519e-01 2.970031e-01 3.305187e-02 -9.459424e-03 1.016555e-02 -2.955473e-01 -3.277961e-01 4.224386e-02 -3.098447e-03
<VARIANCE> 39
 1.061739e+01 9.301845e+00 5.667681e+00 5.099172e+00 3.998233e+00 7.017945e+00 3.089925e+00 8.985208e+00 1.419192e+01 9.626410e+00 1.021579e+01 7.268725e+00 5.000000e-02 3.902032e-01 8.056452e-01 6.462196e-01 5.196832e-01 8.813975e-01 9.397749e-01 1.766287e-01 6.299653e-01 1.568761e+00 1.078106e+00 1.137834e+00 1.243851e+00 5.000000e-02 1.635673e-01 5.000000e-02 2.473190e-01 6.785377e-02 8.563075e-02 6.906941e-02 1.016669e-01 1.070696e-01 2.265909e-01 2.613782e-01 1.968855e-01 1.191092e-01 5.000000e-02
<GCONST> 5.764597e+01
<STATE> 21
<MEAN> 39
 -3.664340e+00 -1.551622e+01 -5.754585e+00 -2.289259e+00 -9.058689e-01 -8.446739e+00 2.813742e+00 2.018140e+00 2.650724e+00 -3.156778e+00 -1.492430e-01 6.964281e-01 1.315335e-01 -6.522399e-01 8.148913e-01 7.899827e-01 2.047943e-01 9.710296e-01 7.315820e-01 8.128164e-02 -6.728728e-01 -3.727914e-01 -4.700981e-01 -3.893813e-01 -3.384150e-01 -1.938698e-02 -8.890178e-02 6.434099e-02 -6.826100e-02 1.937806e-02 -1.573009e-01 1.055888e-01 1.399209e-01 1.121393e-01 1.965232e-01 5.013042e-02 1.171736e-01 -2.954054e-01 -4.667888e-03
<VARIANCE> 39
 3.126239e+00 1.985015e+01 1.196701e+01 3.131206e+00 1.363658e+01 6.597477e+00 8.203126e+00 1.461543e+01 2.302386e+01 4.723269e+00 9.044999e+00 5.073393e+00 5.000000e-02 7.534952e-01 7.439753e-01 9.624630e-01 8.642470e-01 9.310964e-01 6.947129e-01 8.586441e-01 4.842552e-01 7.276613e-01 6.639709e-01 6.741457e-01 1.182382e+00 5.000000e-02 5.000000e-02 1.280361e-01 2.248522e-01 2.156351e-01 2.382968e-01 1.756761e-01 6.912328e-02 2.320162e-01 4.428589e-01 9.896538e-02 2.240756e-01 2.527860e-01 5.000000e-02
<GCONST> 6.383026e+01
<STATE> 22
<MEAN> 39
 -5.424200e+00 -1.337957e+01 -4.712240e+00 -1.390380e+00 -2.337312e-01 -6.071059e+00 4.032657e+00 7.767550e-01 4.179739e+00 -4.198340e+00 -6.877598e-01 -3.903613e+00 4.617334e-02 -3.874620e-01 6.535563e-01 2.705923e-01 -1.380550e-01 1.162552e-01 2.585982e-01 -4.687577e-03 3.087404e-01 9.294431e-01 4.515891e-01 3.037224e-01 -1.358861e-01 -2.336358e-02 1.701327e-01 3.406722e-02 5.479307e-02 -9.389826e-02 -2.255169e-01 -3.194686e-01 -2.193426e-01 2.445864e-01 -4.406179e-03 3.393532e-01 3.393133e-01 4.588478e-01 4.356234e-03
<VARIANCE> 39
 1.421935e+00 5.714102e+00 2.632270e+00 6.582965e+00 2.273785e+00 9.936346e+00 7.531002e+00 3.019546e+00 9.112138e+00 5.654801e+00 3.926204e+00 5.281179e+00 5.000000e-02 5.282139e-01 2.708534e-01 1.015511e+00 1.855460e+00 1.131170e+00 4.953753e-01 6.795509e-01 1.888600e+00 1.877673e+00 4.827346e-01 1.462876e+00 1.577849e+00 5.000000e-02 5.000000e-02 9.907936e-02 1.139403e-01 2.271371e-01 1.689627e-01 1.215770e-01 3.018574e-01 1.459670e-01 2.566271e-01 9.487788e-02 8.988856e-02 1.943464e-01 5.000000e-02
<GCONST> 5.621874e+01
<STATE> 23
<MEAN> 39
 -5.712573e+00 -1.280991e+01 -4.375445e+00 -2.030547e+00 -2.040368e-01 -8.820217e+00 2.781298e+00 3.445419e+00 4.906602e+00 -2.235349e+00 2.006755e+00 6.132432e-01 1.794360e-02 -1.848881e-01 6.373506e-01 5.296830e-01 -7.031611e-02 1.643083e-01 -2.515995e-01 -7.945257e-01 -9.020263e-02 7.047141e-02 6.762187e-01 6.891585e-01 5.661862e-01 -9.552784e-03 2.357371e-01 -4.986111e-02 -1.147679e-02 3.847542e-02 1.407503e-01 1.411749e-01 -9.952570e-02 -3.719539e-01 -3.462684e-01 -1.571379e-01 -2.868766e-01 -1.400941e-01 1.154327e-02
<VARIANCE> 39
 2.304384e+00 1.200951e+01 5.048659e+00 1.377025e+01 1.123376e+01 2.597428e+00 8.895049e+00 1.024636e+01 9.965973e+00 4.007544e+00 9.762695e+00 9.040382e+00 5.000000e-02 3.410474e-01 2.769607e-01 7.026033e-01 5.756842e-01 4.394437e-01 9.714534e-01 1.148220e+00 6.289085e-01 2.102870e+00 1.180649e+00 5.848525e-01 1.122298e+00 5.000000e-02 8.464003e-02 5.000000e-02 2.990067e-01 3.712181e-01 2.683122e-01 1.501298e-01 1.782691e-01 2.512588e-01 5.529901e-01 1.755571e-01 1.821401e-01 2.386913e-01 5.000000e-02
<GCONST> 6.290375e+01
<STATE> 24
<MEAN> 39
 -5.578309e+00 -1.149923e+01 -2.441144e+00 -1.154721e+00 -6.647594e-01 -8.101142e+00 3.283428e-01 -3.877169e-03 4.492602e+00 -1.119397e+00 1.807371e+00 -1.028927e+00 6.583071e-02 -4.275950e-02 1.524490e-01 2.651694e-01 1.306636e-01 5.051208e-01 7.921581e-01 3.650196e-01 -6.855044e-01 -1.129863e+00 -7.119893e-01 -2.480323e-01 1.019900e-01 6.881492e-05 1.217930e-01 -1.451775e-02 -1.168207e-01 -4.197800e-02 9.019917e-02 3.679164e-01 2.961215e-01 -5.643225e-02 -6.526443e-02 -2.053958e-01 -9.537224e-02 -1.215284e-01 3.966298e-03
<VARIANCE> 39
 2.889581e+00 7.327350e+00 6.059782e+00 4.088501e+00 7.295800e+00 1.125125e+01 4.241884e+00 6.901676e+00 2.584122e+01 3.421183e+01 6.153904e+00 5.236183e+00 5.000000e-02 1.538144e-01 7.248441e-01 8.737258e-01 1.025025e+00 6.980885e-01 7.971816e-01 7.365436e-01 8.056216e-01 2.200185e+00 1.824355e+00 7.941497e-01 1.074239e+00 5.000000e-02 6.540466e-02 1.255960e-01 1.565011e-01 6.321000e-02 5.000000e-02 2.572013e-01 3.155921e-01 5.623412e-02 4.399812e-01 5.049590e-01 1.576549e-01 1.952266e-01 5.000000e-02
<GCONST> 6.202491e+01
<TRANSP> 25
 0.000000e+00 1.000000e+00 0.000000e+00 0.000000e+00 0.000000e+00 0.000000e+00 0.000000e+00 0.000000e+00 0.000000e+00 0.000000e+00 0.000000e+00 0.000000e+00 0.000000e+00 0.000000e+00 0.000000e+00 0.000000e+00 0.000000e+00 0.000000e+00 0.000000e+00 0.000000e+00 0.000000e+00 0.000000e+00 0.000000e+00 0.000000e+00 0.000000e+00
 0.000000e+00 6.460600e-01 3.539400e-01 0.000000e+00 0.000000e+00 0.000000e+00 0.000000e+00 0.000000e+00 0.000000e+00 0.000000e+00 0.000000e+00 0.000000e+00 0.000000e+00 0.000000e+00 0.000000e+00 0.000000e+00 0.000000e+00 0.000000e+00 0.000000e+00 0.000000e+00 0.000000e+00 0.000000e+00 0.000000e+00 0.000000e+00 0.000000e+00
 0.000000e+00 0.000000e+00 4.935838e-01 5.064163e-01 0.000000e+00 0.000000e+00 0.000000e+00 0.000000e+00 0.000000e+00 0.000000e+00 0.000000e+00 0.000000e+00 0.000000e+00 0.000000e+00 0.000000e+00 0.000000e+00 0.000000e+00 0.000000e+00 0.000000e+00 0.000000e+00 0.000000e+00 0.000000e+00 0.000000e+00 0.000000e+00 0.000000e+00
 0.000000e+00 0.000000e+00 0.000000e+00 2.857209e-01 7.142791e-01 0.000000e+00 0.000000e+00 0.000000e+00 0.000000e+00 0.000000e+00 0.000000e+00 0.000000e+00 0.000000e+00 0.000000e+00 0.000000e+00 0.000000e+00 0.000000e+00 0.000000e+00 0.000000e+00 0.000000e+00 0.000000e+00 0.000000e+00 0.000000e+00 0.000000e+00 0.000000e+00
 0.000000e+00 0.000000e+00 0.000000e+00 0.000000e+00 5.002160e-01 4.997840e-01 0.000000e+00 0.000000e+00 0.000000e+00 0.000000e+00 0.000000e+00 0.000000e+00 0.000000e+00 0.000000e+00 0.000000e+00 0.000000e+00 0.000000e+00 0.000000e+00 0.000000e+00 0.000000e+00 0.000000e+00 0.000000e+00 0.000000e+00 0.000000e+00 0.000000e+00
 0.000000e+00 0.000000e+00 0.000000e+00 0.000000e+00 0.000000e+00 5.480553e-01 4.519447e-01 0.000000e+00 0.000000e+00 0.000000e+00 0.000000e+00 0.000000e+00 0.000000e+00 0.000000e+00 0.000000e+00 0.000000e+00 0.000000e+00 0.000000e+00 0.000000e+00 0.000000e+00 0.000000e+00 0.000000e+00 0.000000e+00 0.000000e+00 0.000000e+00
 0.000000e+00 0.000000e+00 0.000000e+00 0.000000e+00 0.000000e+00 0.000000e+00 3.696724e-01 6.303276e-01 0.000000e+00 0.000000e+00 0.000000e+00 0.000000e+00 0.000000e+00 0.000000e+00 0.000000e+00 0.000000e+00 0.000000e+00 0.000000e+00 0.000000e+00 0.000000e+00 0.000000e+00 0.000000e+00 0.000000e+00 0.000000e+00 0.000000e+00
 0.000000e+00 0.000000e+00 0.000000e+00 0.000000e+00 0.000000e+00 0.000000e+00 0.000000e+00 5.000000e-01 5.000000e-01 0.000000e+00 0.000000e+00 0.000000e+00 0.000000e+00 0.000000e+00 0.000000e+00 0.000000e+00 0.000000e+00 0.000000e+00 0.000000e+00 0.000000e+00 0.000000e+00 0.000000e+00 0.000000e+00 0.000000e+00 0.000000e+00
 0.000000e+00 0.000000e+00 0.000000e+00 0.000000e+00 0.000000e+00 0.000000e+00 0.000000e+00 0.000000e+00 5.454444e-01 4.545557e-01 0.000000e+00 0.000000e+00 0.000000e+00 0.000000e+00 0.000000e+00 0.000000e+00 0.000000e+00 0.000000e+00 0.000000e+00 0.000000e+00 0.000000e+00 0.000000e+00 0.000000e+00 0.000000e+00 0.000000e+00
 0.000000e+00 0.000000e+00 0.000000e+00 0.000000e+00 0.000000e+00 0.000000e+00 0.000000e+00 0.000000e+00 0.000000e+00 6.428635e-01 3.571366e-01 0.000000e+00 0.000000e+00 0.000000e+00 0.000000e+00 0.000000e+00 0.000000e+00 0.000000e+00 0.000000e+00 0.000000e+00 0.000000e+00 0.000000e+00 0.000000e+00 0.000000e+00 0.000000e+00
 0.000000e+00 0.000000e+00 0.000000e+00 0.000000e+00 0.000000e+00 0.000000e+00 0.000000e+00 0.000000e+00 0.000000e+00 0.000000e+00 2.837846e-01 7.162154e-01 0.000000e+00 0.000000e+00 0.000000e+00 0.000000e+00 0.000000e+00 0.000000e+00 0.000000e+00 0.000000e+00 0.000000e+00 0.000000e+00 0.000000e+00 0.000000e+00 0.000000e+00
 0.000000e+00 0.000000e+00 0.000000e+00 0.000000e+00 0.000000e+00 0.000000e+00 0.000000e+00 0.000000e+00 0.000000e+00 0.000000e+00 0.000000e+00 4.455830e-01 5.544170e-01 0.000000e+00 0.000000e+00 0.000000e+00 0.000000e+00 0.000000e+00 0.000000e+00 0.000000e+00 0.000000e+00 0.000000e+00 0.000000e+00 0.000000e+00 0.000000e+00
 0.000000e+00 0.000000e+00 0.000000e+00 0.000000e+00 0.000000e+00 0.000000e+00 0.000000e+00 0.000000e+00 0.000000e+00 0.000000e+00 0.000000e+00 0.000000e+00 4.444656e-01 5.555344e-01 0.000000e+00 0.000000e+00 0.000000e+00 0.000000e+00 0.000000e+00 0.000000e+00 0.000000e+00 0.000000e+00 0.000000e+00 0.000000e+00 0.000000e+00
 0.000000e+00 0.000000e+00 0.000000e+00 0.000000e+00 0.000000e+00 0.000000e+00 0.000000e+00 0.000000e+00 0.000000e+00 0.000000e+00 0.000000e+00 0.000000e+00 0.000000e+00 4.999987e-01 5.000013e-01 0.000000e+00 0.000000e+00 0.000000e+00 0.000000e+00 0.000000e+00 0.000000e+00 0.000000e+00 0.000000e+00 0.000000e+00 0.000000e+00
 0.000000e+00 0.000000e+00 0.000000e+00 0.000000e+00 0.000000e+00 0.000000e+00 0.000000e+00 0.000000e+00 0.000000e+00 0.000000e+00 0.000000e+00 0.000000e+00 0.000000e+00 0.000000e+00 4.445916e-01 5.554084e-01 0.000000e+00 0.000000e+00 0.000000e+00 0.000000e+00 0.000000e+00 0.000000e+00 0.000000e+00 0.000000e+00 0.000000e+00
 0.000000e+00 0.000000e+00 0.000000e+00 0.000000e+00 0.000000e+00 0.000000e+00 0.000000e+00 0.000000e+00 0.000000e+00 0.000000e+00 0.000000e+00 0.000000e+00 0.000000e+00 0.000000e+00 0.000000e+00 4.998224e-01 5.001776e-01 0.000000e+00 0.000000e+00 0.000000e+00 0.000000e+00 0.000000e+00 0.000000e+00 0.000000e+00 0.000000e+00
 0.000000e+00 0.000000e+00 0.000000e+00 0.000000e+00 0.000000e+00 0.000000e+00 0.000000e+00 0.000000e+00 0.000000e+00 0.000000e+00 0.000000e+00 0.000000e+00 0.000000e+00 0.000000e+00 0.000000e+00 0.000000e+00 2.871765e-01 7.128235e-01 0.000000e+00 0.000000e+00 0.000000e+00 0.000000e+00 0.000000e+00 0.000000e+00 0.000000e+00
 0.000000e+00 0.000000e+00 0.000000e+00 0.000000e+00 0.000000e+00 0.000000e+00 0.000000e+00 0.000000e+00 0.000000e+00 0.000000e+00 0.000000e+00 0.000000e+00 0.000000e+00 0.000000e+00 0.000000e+00 0.000000e+00 0.000000e+00 5.449148e-01 4.550851e-01 0.000000e+00 0.000000e+00 0.000000e+00 0.000000e+00 0.000000e+00 0.000000e+00
 0.000000e+00 0.000000e+00 0.000000e+00 0.000000e+00 0.000000e+00 0.000000e+00 0.000000e+00 0.000000e+00 0.000000e+00 0.000000e+00 0.000000e+00 0.000000e+00 0.000000e+00 0.000000e+00 0.000000e+00 0.000000e+00 0.000000e+00 0.000000e+00 5.485961e-01 4.514040e-01 0.000000e+00 0.000000e+00 0.000000e+00 0.000000e+00 0.000000e+00
 0.000000e+00 0.000000e+00 0.000000e+00 0.000000e+00 0.000000e+00 0.000000e+00 0.000000e+00 0.000000e+00 0.000000e+00 0.000000e+00 0.000000e+00 0.000000e+00 0.000000e+00 0.000000e+00 0.000000e+00 0.000000e+00 0.000000e+00 0.000000e+00 0.000000e+00 4.985129e-01 5.014871e-01 0.000000e+00 0.000000e+00 0.000000e+00 0.000000e+00
 0.000000e+00 0.000000e+00 0.000000e+00 0.000000e+00 0.000000e+00 0.000000e+00 0.000000e+00 0.000000e+00 0.000000e+00 0.000000e+00 0.000000e+00 0.000000e+00 0.000000e+00 0.000000e+00 0.000000e+00 0.000000e+00 0.000000e+00 0.000000e+00 0.000000e+00 0.000000e+00 5.431820e-01 4.568180e-01 0.000000e+00 0.000000e+00 0.000000e+00
 0.000000e+00 0.000000e+00 0.000000e+00 0.000000e+00 0.000000e+00 0.000000e+00 0.000000e+00 0.000000e+00 0.000000e+00 0.000000e+00 0.000000e+00 0.000000e+00 0.000000e+00 0.000000e+00 0.000000e+00 0.000000e+00 0.000000e+00 0.000000e+00 0.000000e+00 0.000000e+00 0.000000e+00 4.448966e-01 5.551034e-01 0.000000e+00 0.000000e+00
 0.000000e+00 0.000000e+00 0.000000e+00 0.000000e+00 0.000000e+00 0.000000e+00 0.000000e+00 0.000000e+00 0.000000e+00 0.000000e+00 0.000000e+00 0.000000e+00 0.000000e+00 0.000000e+00 0.000000e+00 0.000000e+00 0.000000e+00 0.000000e+00 0.000000e+00 0.000000e+00 0.000000e+00 0.000000e+00 4.440026e-01 5.559974e-01 0.000000e+00
 0.000000e+00 0.000000e+00 0.000000e+00 0.000000e+00 0.000000e+00 0.000000e+00 0.000000e+00 0.000000e+00 0.000000e+00 0.000000e+00 0.000000e+00 0.000000e+00 0.000000e+00 0.000000e+00 0.000000e+00 0.000000e+00 0.000000e+00 0.000000e+00 0.000000e+00 0.000000e+00 0.000000e+00 0.000000e+00 0.000000e+00 3.755852e-01 6.244149e-01
 0.000000e+00 0.000000e+00 0.000000e+00 0.000000e+00 0.000000e+00 0.000000e+00 0.000000e+00 0.000000e+00 0.000000e+00 0.000000e+00 0.000000e+00 0.000000e+00 0.000000e+00 0.000000e+00 0.000000e+00 0.000000e+00 0.000000e+00 0.000000e+00 0.000000e+00 0.000000e+00 0.000000e+00 0.000000e+00 0.000000e+00 0.000000e+00 0.000000e+00
<ENDHMM>
