~o
<STREAMINFO> 1 39
<VECSIZE> 39<NULLD><MFCC_E_D_A><DIAGC>
~h "Hai"
<BEGINHMM>
<NUMSTATES> 28
<STATE> 2
<MEAN> 39
 -7.038900e+00 -1.046123e+01 -4.653550e-01 -1.925166e+00 3.287611e+00 -5.948213e+00 1.719583e+00 -2.066044e+00 -8.167108e-01 -6.172106e+00 1.515056e+00 -1.643311e+00 1.123959e-02 -1.100273e+00 -5.004111e-01 -7.407973e-01 -3.026328e-01 2.661443e-01 -1.441249e-01 2.424020e-01 5.692059e-01 6.024122e-02 -9.106630e-01 -2.368315e-01 -4.775236e-01 2.352115e-02 -3.483439e-01 -1.533155e-01 -3.963800e-01 1.004718e-02 1.051394e-01 3.253902e-01 2.242741e-01 2.635005e-01 1.344750e-01 -1.084999e-01 1.630852e-01 1.635431e-01 1.243225e-02
<VARIANCE> 39
 6.282006e+00 6.842337e+00 1.729862e+01 5.064878e+00 8.897037e+00 2.404838e+01 1.326634e+01 1.088214e+01 1.156034e+01 1.352288e+01 6.257207e+00 1.212259e+01 5.000000e-02 1.528921e+00 3.376642e+00 1.989023e+00 4.489323e-01 9.716059e-01 2.822230e+00 1.272151e+00 8.834160e-01 1.321158e+00 6.349577e-01 1.522236e+00 1.117924e+00 5.000000e-02 2.419047e-01 2.494840e-01 2.315816e-01 1.751822e-01 1.038328e-01 2.545246e-01 1.694439e-01 2.200466e-01 2.848045e-01 1.220783e-01 1.486292e-01 1.376711e-01 5.000000e-02
<GCONST> 7.346928e+01
<STATE> 3
<MEAN> 39
 -1.201947e+01 -9.497523e+00 -6.665202e+00 -1.327385e+00 4.771689e+00 -3.418575e+00 4.452671e+00 1.647906e+00 8.518807e-01 -9.883027e+00 1.032527e+00 -1.779516e+00 1.531651e-01 -8.136292e-01 -1.120402e+00 -5.800526e-01 3.835744e-01 2.190035e-01 2.695521e-01 4.332387e-01 3.687396e-01 -3.674329e-01 -1.344998e+00 -6.649312e-01 4.360373e-01 4.169339e-02 5.635737e-01 -4.671631e-01 6.090761e-01 -9.219206e-02 -5.584750e-02 -8.421934e-02 -3.840255e-01 -4.197462e-01 -7.654787e-02 4.468552e-01 -5.505415e-02 1.364492e-02 -8.196671e-03
<VARIANCE> 39
 3.694392e+01 1.035461e+02 5.000389e+01 2.776428e+01 1.595126e+01 4.269656e+01 1.125478e+01 6.960861e+00 6.308698e+00 1.858672e+01 2.856022e+01 1.233465e+01 5.000000e-02 2.805823e+00 4.576277e+00 3.702141e+00 2.272264e+00 5.150237e-01 8.361515e-01 7.445856e-01 6.050228e-01 4.381570e-01 1.072906e+00 1.289240e+00 6.956223e-01 5.000000e-02 7.189636e-01 1.085573e+00 8.430545e-01 4.431387e-01 9.350640e-02 2.933628e-01 2.063781e-01 6.211292e-02 1.733736e-01 4.318703e-01 4.695011e-01 2.408693e-01 5.000000e-02
<GCONST> 8.791062e+01
<STATE> 4
<MEAN> 39
 -9.370955e+00 -1.335997e+01 -3.197186e+00 -1.874553e+00 3.370590e+00 -3.233111e+00 2.761488e+00 -9.223459e-01 -4.187769e-01 -9.227257e+00 -7.560844e-01 -2.348869e+00 1.250201e-01 3.808985e-01 -1.663458e+00 4.050779e-01 -8.186003e-01 -1.393238e-01 -2.105336e-02 -8.854407e-01 -8.286757e-01 1.227575e-01 1.294477e+00 5.763144e-01 -2.416665e-02 5.190629e-03 -1.962882e-01 2.699645e-01 -3.530864e-01 -4.714985e-02 2.549954e-02 8.242663e-02 -1.841104e-01 9.394786e-02 2.269315e-01 1.236144e-01 1.577914e-01 7.322361e-02 -2.307257e-03
<VARIANCE> 39
 2.596442e+01 3.668037e+01 1.717131e+01 1.908998e+01 1.085491e+01 1.571382e+01 7.420414e+00 1.514753e+01 1.159312e+01 2.266566e+01 1.188858e+01 7.302536e+00 5.000000e-02 3.013705e+00 2.318792e+00 3.302063e+00 1.745970e+00 8.206791e-01 5.664757e-01 1.317097e-01 1.702308e+00 6.306964e-01 7.007672e-01 1.495811e+00 7.890765e-01 5.000000e-02 2.527341e-01 3.731430e-01 1.650041e-01 3.284052e-01 1.622105e-01 1.078665e-01 5.901344e-02 3.368939e-01 9.090313e-02 5.159000e-01 2.441957e-01 1.076163e-01 5.000000e-02
<GCONST> 7.608291e+01
<STATE> 5
<MEAN> 39
 -7.156544e+00 -1.502033e+01 -6.938530e+00 -2.902721e+00 6.623684e+00 -5.176923e-01 1.314011e+00 -1.683012e+00 7.904201e-01 -4.246459e+00 6.756395e-01 -2.563106e+00 3.558482e-02 -3.665008e-01 -3.333343e-01 1.365916e-01 -3.907131e-02 5.122174e-01 5.142743e-01 -8.355716e-02 3.041836e-02 3.141063e-01 -1.560081e-01 1.516389e-02 3.637520e-01 1.085396e-02 4.145954e-02 1.248516e-01 -3.926436e-02 1.925686e-01 -1.326265e-01 1.435496e-01 1.170342e-01 -8.084483e-02 -7.855744e-02 -1.592830e-01 -6.872458e-02 -1.555233e-02 2.989142e-03
<VARIANCE> 39
 1.852337e+01 1.390268e+01 2.235179e+01 5.822858e+00 1.445968e+01 2.215207e+01 1.045083e+01 1.056554e+01 1.116397e+01 1.624689e+01 1.394230e+01 7.130762e+00 5.000000e-02 4.301561e-01 4.184576e-01 1.413376e+00 3.809479e-01 5.943469e-01 1.306191e+00 1.313636e+00 1.707403e+00 6.314515e-01 9.639202e-01 1.316289e+00 6.990097e-01 5.000000e-02 1.673401e-01 8.913850e-02 1.436213e-01 1.708042e-01 1.826751e-01 2.306562e-01 2.507079e-01 3.987767e-01 2.066446e-01 2.126132e-01 3.367403e-01 7.360081e-02 5.000000e-02
<GCONST> 7.081889e+01
<STATE> 6
<MEAN> 39
 -1.536843e+01 -2.117166e+01 -5.930892e+00 -9.216655e-01 3.907511e+00 7.532129e-01 1.791324e+00 -4.010754e-01 1.067369e+00 -1.356119e+01 7.410800e-01 1.547010e+00 4.355250e-01 9.667217e-01 3.999514e-03 -2.805970e+00 1.477582e+00 -1.836991e+00 1.262701e+00 -3.189961e-01 -1.357630e+00 2.464241e-01 -1.674636e+00 -7.736980e-01 -7.619004e-01 4.807107e-02 5.134342e-01 1.674911e-01 -6.762694e-01 1.355134e-01 -4.710278e-01 -1.741345e-01 -2.501414e-02 -4.127542e-01 3.290762e-01 -8.728150e-02 5.489347e-02 -3.574429e-01 6.679563e-03
<VARIANCE> 39
 1.289922e+01 1.515466e+01 2.598236e+01 1.428091e+01 2.754449e+01 3.388481e+01 2.202705e+01 1.890173e+01 4.685834e+00 2.625717e+01 9.602499e+00 1.330046e+01 5.000000e-02 1.407667e+00 5.730832e-01 3.888252e+00 1.775135e+00 2.137029e+00 6.795465e-01 1.222645e+00 3.266319e+00 2.474992e+00 2.140925e+00 1.134088e+00 6.020576e-01 5.000000e-02 2.252179e-01 1.027854e-01 2.161707e-01 3.237603e-01 3.444214e-01 4.651853e-01 3.269372e-01 4.599229e-01 2.563990e-01 7.094305e-01 2.092116e-01 2.113439e-01 5.000000e-02
<GCONST> 8.620100e+01
<STATE> 7
<MEAN> 39
 -8.945767e+00 -2.041568e+01 -1.566591e+01 1.444732e+00 -2.274682e+00 3.399906e+00 -1.561709e+00 -6.886370e+00 3.094729e+00 -1.793490e+01 -1.477757e+00 -3.871504e+00 5.453621e-01 4.801078e-01 -1.343675e-01 -2.540067e+00 9.054601e-01 -1.036871e+00 1.071068e+00 3.855774e-01 -1.098730e+00 1.810434e+00 2.129647e-02 5.938034e-01 -1.044935e+00 7.443845e-02 -5.371534e-01 9.190914e-02 6.942539e-01 -2.044181e-02 7.296181e-01 -3.988509e-01 2.409626e-01 6.065832e-01 3.495359e-01 5.809487e-01 2.888934e-01 4.008918e-01 -4.557057e-03
<VARIANCE> 39
 7.466082e+00 2.288003e+01 1.592213e+02 1.834993e+01 3.596440e+01 8.888956e+01 2.348584e+01 1.956133e+01 2.130082e+01 5.705890e+01 8.207311e+00 1.752913e+01 6.336436e-02 2.452135e+00 2.011970e+00 2.794995e+00 2.226691e+00 1.947778e+00 4.681746e+00 1.777934e+00 1.911134e+00 1.390695e+00 3.343939e+00 7.323725e-01 3.353107e-01 5.000000e-02 1.338339e-01 1.815687e-01 1.305637e+00 6.991599e-01 4.033962e-01 5.004768e-01 2.852858e-01 5.378461e-01 5.337401e-01 6.276374e-01 2.632207e-01 1.007590e-01 5.000000e-02
<GCONST> 9.730339e+01
<STATE> 8
<MEAN> 39
 -1.209194e+01 -1.806375e+01 -1.683390e+01 4.752463e+00 -1.939063e+00 5.394171e+00 6.511202e-01 -6.776839e+00 7.604821e+00 -1.691162e+01 3.614722e-02 -1.030305e+00 6.376465e-01 5.602934e-01 8.691201e-02 -1.921187e+00 1.051909e+00 -4.150854e-01 -1.534931e-01 -7.888600e-02 -2.899901e-01 1.496212e+00 -3.133542e-01 7.877647e-01 3.039912e-01 6.062692e-02 -7.478159e-02 -2.869504e-01 6.409175e-01 -5.292259e-01 4.157186e-01 -3.697866e-01 -2.400318e-01 5.804285e-01 -4.474463e-01 1.343249e-01 2.467340e-03 1.631914e-01 -6.212538e-03
<VARIANCE> 39
 2.477302e+01 8.756952e+00 6.271238e+01 1.763186e+01 2.327744e+01 2.864159e+01 1.532700e+01 2.538348e+01 1.078643e+01 4.498400e+01 1.428421e+01 1.368457e+01 5.801174e-02 1.915335e+00 1.072355e+00 4.994565e+00 8.988115e-01 2.106880e+00 1.902152e+00 9.323339e-01 2.498719e+00 1.689505e+00 3.295118e+00 1.980222e+00 7.007002e-01 5.000000e-02 6.447417e-01 5.302758e-01 7.297567e-01 3.830623e-01 4.233634e-01 1.984797e-01 1.134898e-01 6.820961e-01 2.809158e-01 7.646700e-01 3.755179e-01 1.176089e-01 5.000000e-02
<GCONST> 9.361140e+01
<STATE> 9
<MEAN> 39
 -8.245183e+00 -1.998268e+01 -1.975805e+01 4.646739e+00 -1.357670e+00 8.907412e-01 8.415962e-01 -6.182065e+00 1.012885e+01 -1.302478e+01 3.343711e+00 -1.571515e+00 7.225884e-01 -5.593058e-01 -1.174718e+00 5.983829e-01 -1.303313e+00 7.294843e-01 -8.254015e-01 -8.700076e-01 1.232162e+00 -3.265544e-01 3.706754e-01 -2.186528e-01 2.999827e-01 2.291532e-02 -3.009541e-01 -1.134130e-01 3.938686e-01 -5.437264e-01 2.692850e-01 2.677941e-01 -6.809545e-02 3.447121e-01 -7.959492e-01 -2.496685e-01 -5.268737e-01 -9.890115e-02 -1.475220e-02
<VARIANCE> 39
 7.248114e+00 1.483408e+01 4.952512e+01 1.652314e+01 3.188588e+01 5.286630e+01 1.178214e+01 4.953618e+00 8.327613e+00 1.035469e+02 3.372968e+00 9.530965e+00 1.262288e-01 8.342490e-02 4.963364e-01 2.052444e+00 3.383282e-01 1.100731e+00 4.696050e-01 1.246139e-01 4.813239e-01 6.595146e-01 1.501159e+00 3.895519e-01 4.856400e-01 5.000000e-02 5.104624e-02 5.000000e-02 6.931589e-01 1.497939e-01 1.027324e-01 4.641846e-01 1.275319e-01 5.840062e-02 7.562369e-02 6.722470e-01 6.478752e-02 5.000000e-02 5.000000e-02
<GCONST> 6.313970e+01
<STATE> 10
<MEAN> 39
 -1.006223e+01 -2.120378e+01 -1.760218e+01 -3.017854e-01 4.923456e+00 1.259401e+00 6.583726e-01 -2.480157e+00 4.367912e+00 -1.487785e+01 4.815727e-01 -4.207617e+00 6.519699e-01 -3.253415e-01 -2.329250e-01 3.767266e-01 -2.570903e-01 7.476027e-01 1.964327e-01 1.476573e-02 5.048496e-01 -9.827306e-01 -3.078376e-01 -3.097104e-01 -1.336414e-01 6.125331e-03 1.511625e-01 1.241482e-01 9.323234e-02 3.134738e-01 -2.226636e-01 1.672530e-01 1.525056e-02 -2.303078e-01 -4.429061e-02 6.959509e-02 3.068212e-02 -4.815701e-02 -9.181791e-04
<VARIANCE> 39
 1.232500e+01 8.729688e+00 3.609074e+01 1.566440e+01 1.336884e+01 5.025560e+01 1.345077e+01 5.225152e+00 9.305352e+00 6.924165e+01 6.076360e+00 7.262070e+00 1.869290e-01 2.833235e-01 3.706924e-01 8.449178e-01 1.860544e+00 9.156982e-01 2.282453e+00 8.435639e-01 1.778502e+00 3.664721e-01 1.945660e+00 7.437366e-01 1.893173e-01 5.000000e-02 5.000000e-02 6.241239e-02 6.349094e-02 2.109742e-01 1.737399e-01 3.391452e-01 1.632004e-01 1.905507e-01 8.523655e-02 2.578660e-01 1.004650e-01 5.000000e-02 5.000000e-02
<GCONST> 6.758927e+01
<STATE> 11
<MEAN> 39
 -8.129254e+00 -1.949237e+01 -1.195745e+01 -1.066583e+00 3.924160e+00 4.101992e+00 -1.865926e+00 -3.135434e+00 4.075333e+00 -9.488228e+00 -2.079131e-02 -3.354717e+00 4.315062e-01 2.732114e-02 -2.009631e-01 6.144370e-01 -1.831216e-01 -1.828610e-01 1.857364e-01 -2.010621e-01 7.039407e-01 -2.357092e-01 3.596717e-01 2.698033e-01 2.869098e-01 6.124411e-03 -3.699307e-02 5.759308e-03 -1.323107e-01 -8.755623e-02 -1.278628e-02 9.017513e-02 2.805686e-01 2.514387e-02 -8.296990e-02 -3.714170e-02 3.975910e-02 6.966746e-02 -2.532893e-03
<VARIANCE> 39
 1.617307e+01 1.710862e+01 3.196681e+01 1.980656e+01 1.744409e+01 1.111992e+01 9.926295e+00 1.180623e+01 2.379883e+01 7.134639e+01 1.494807e+01 1.056163e+01 2.311963e-01 1.529943e-01 5.199329e-01 3.749126e-01 8.642902e-01 8.581709e-01 4.129747e-01 5.513151e-01 1.185278e+00 2.818434e+00 1.017408e+00 6.725532e-01 5.381203e-01 5.000000e-02 5.000000e-02 7.587169e-02 1.294168e-01 1.985122e-01 1.828734e-01 5.000000e-02 5.000000e-02 2.805348e-01 5.248410e-01 1.222092e-01 1.954635e-01 1.012991e-01 5.000000e-02
<GCONST> 6.887512e+01
<STATE> 12
<MEAN> 39
 -1.202718e+01 -2.478546e+01 -1.739397e+01 3.474891e-01 -1.769705e-01 4.888402e+00 -1.507712e+00 -4.447190e-01 5.011371e+00 -1.405623e+01 2.175284e+00 1.057142e-02 9.369501e-01 -1.939765e-01 -9.316251e-02 2.976247e-02 -3.386219e-01 -2.861403e-01 1.631188e-01 9.145057e-01 -1.554582e-01 -5.443997e-01 7.146251e-02 1.755094e-01 -7.759402e-02 -2.140668e-03 3.373470e-02 1.631997e-01 -5.352043e-02 7.321800e-02 -2.696491e-01 -8.072945e-02 2.876641e-01 -1.374927e-01 2.194210e-02 -2.151702e-01 4.740610e-02 -1.399059e-01 -3.397670e-03
<VARIANCE> 39
 8.016321e+00 9.201916e+00 1.727455e+01 7.158534e+00 1.394239e+01 2.325105e+01 2.720740e+01 1.024215e+01 1.331384e+01 1.670105e+01 1.133299e+01 1.167277e+01 5.000000e-02 1.963331e-01 3.828328e-01 6.914116e-01 5.801548e-01 5.518137e-01 6.000078e-01 5.573087e-01 3.581047e-01 8.023068e-01 4.952325e-01 3.513894e-01 2.385564e-01 5.000000e-02 5.000000e-02 7.197831e-02 1.320189e-01 1.326055e-01 5.830634e-02 9.860153e-02 5.245721e-02 1.825810e-01 1.170725e-01 7.852061e-02 5.347513e-02 6.286921e-02 5.000000e-02
<GCONST> 5.402454e+01
<STATE> 13
<MEAN> 39
 -1.161307e+01 -2.211206e+01 -1.769074e+01 7.498326e-01 -1.666451e+00 5.626758e-01 9.782968e+00 -2.305854e+00 -1.800278e+00 -1.871588e+01 4.399207e+00 -3.976238e+00 8.838637e-01 -8.157903e-02 4.508210e-01 3.562893e-01 -6.166468e-01 -1.654183e+00 -6.790434e-01 1.397138e+00 2.665934e-01 -6.272275e-01 3.800777e-01 -1.639156e-01 -9.774966e-01 -1.640296e-02 -2.951438e-02 -3.174836e-02 1.251453e-01 -3.779918e-01 -2.489258e-01 -3.828520e-01 -3.720489e-01 1.861293e-01 5.339904e-01 7.605798e-01 -3.504195e-01 -2.684546e-01 -3.330530e-03
<VARIANCE> 39
 1.006502e+01 9.204038e+00 3.892860e+01 1.135514e+01 1.843769e+01 6.360985e+01 4.841764e+01 4.763635e+00 4.568528e+01 3.552048e+01 3.830232e+01 2.264206e+01 5.798521e-02 1.085792e-01 2.753525e-01 2.357617e-01 4.590728e-01 8.229980e-01 9.739188e-01 9.959452e-01 5.461488e-01 1.426781e+00 2.626301e+00 1.146436e+00 4.117153e-01 5.000000e-02 5.000000e-02 5.140686e-02 6.808098e-02 6.121734e-02 1.150055e-01 2.486530e-01 1.167366e-01 6.360697e-02 4.360439e-01 2.165004e-01 1.373620e-01 7.773919e-02 5.000000e-02
<GCONST> 6.732899e+01
<STATE> 14
<MEAN> 39
 -9.546684e+00 -1.951339e+01 -9.523193e+00 -3.281310e+00 1.635387e+00 -3.086749e+00 4.937740e+00 1.757359e+00 1.132319e+00 -9.230529e+00 -1.190087e-01 -3.827651e+00 3.594640e-01 -9.326283e-01 -4.024187e-01 7.571826e-01 -4.752331e-01 -2.844020e-01 -1.901882e+00 1.068481e+00 7.247336e-01 6.610015e-03 4.859687e-01 8.910988e-02 -6.143730e-01 2.400565e-02 -1.316601e-01 9.113609e-02 2.138682e-01 3.364780e-03 1.841047e-01 -1.492043e-02 1.084871e-02 -1.950893e-01 8.569746e-02 1.021358e-01 2.098091e-01 4.026213e-02 6.000166e-03
<VARIANCE> 39
 1.657525e+01 2.018139e+01 4.359233e+01 3.446915e+00 4.938161e+01 6.151379e+01 3.401758e+01 1.529413e+01 2.723478e+01 3.338305e+01 1.420103e+01 1.157702e+01 1.618297e-01 2.071404e+00 7.317489e-01 5.030194e-01 1.444445e+00 2.691215e+00 1.981790e+00 9.246679e-01 6.310813e-01 2.142720e+00 3.550789e+00 2.150890e+00 1.412127e+00 5.000000e-02 2.112048e-01 2.655561e-01 1.398192e-01 6.619462e-02 9.240524e-02 3.260125e-01 1.025963e-01 2.388319e-01 2.148090e-01 4.081349e-01 2.436802e-01 1.064850e-01 5.000000e-02
<GCONST> 8.438914e+01
<STATE> 15
<MEAN> 39
 -1.532449e+01 -2.066767e+01 -1.015880e+01 -4.675030e+00 -3.389493e+00 -6.826128e+00 1.089477e+01 1.188247e-01 1.543649e+00 -9.404774e+00 1.662836e+00 -7.477160e+00 7.272638e-01 5.952311e-01 1.623508e-01 4.921140e-01 -1.400306e+00 -9.490232e-01 -3.745951e-01 -1.418812e-01 -4.516484e-01 6.905272e-01 1.387025e+00 -4.479699e-01 -3.237400e-01 -5.454173e-03 5.630468e-01 -1.296781e-01 -7.415965e-02 -8.994183e-02 1.966969e-01 1.747681e-01 -2.602594e-01 -1.496586e-01 -2.404965e-01 -2.633321e-01 -1.150600e-01 3.919506e-01 -2.798873e-03
<VARIANCE> 39
 1.948283e+01 5.261311e+00 4.439253e+01 3.216600e+01 1.302853e+02 4.709882e+01 3.078855e+01 7.830791e+00 1.261595e+01 1.896346e+01 2.674762e+01 4.522305e+01 5.000000e-02 1.733433e+00 1.057488e+00 4.699213e+00 2.603224e+00 2.354439e+00 1.603783e+00 3.165875e-01 1.517630e+00 2.406943e+00 4.364127e+00 1.611379e+00 3.526549e+00 5.000000e-02 1.445582e-01 1.738226e-01 2.729026e-01 2.262971e-01 5.133144e-01 2.846085e-01 7.014423e-02 1.035811e-01 2.223054e-01 1.647423e-01 1.929354e-01 6.753281e-01 5.000000e-02
<GCONST> 9.050011e+01
<STATE> 16
<MEAN> 39
 -9.935801e+00 -2.261142e+01 -8.394583e+00 -9.954241e+00 -6.973814e+00 -4.148201e+00 5.686291e+00 -1.417616e+00 -6.198959e-01 -7.675575e+00 -2.261230e+00 -6.127107e+00 7.749318e-01 1.513319e+00 6.733233e-02 8.864271e-02 -9.104678e-01 -5.995123e-01 -9.478915e-01 3.086402e-01 -5.223034e-01 1.531806e-02 7.763715e-02 -8.182347e-01 2.718013e-01 -5.406760e-03 -6.343205e-02 -1.647118e-01 -2.951930e-01 6.306335e-01 -3.420160e-02 1.166804e-01 8.068614e-02 1.521267e-01 3.778672e-01 -1.071680e-01 5.644355e-02 6.846543e-02 2.340638e-04
<VARIANCE> 39
 1.058928e+01 1.729202e+01 1.060999e+02 1.013576e+02 5.988675e+01 9.741837e+01 2.784751e+01 4.526201e+01 1.358773e+01 9.659351e+01 3.300473e+01 3.308829e+01 5.000000e-02 2.119944e+00 9.434895e-01 6.179269e+00 4.701598e+00 1.676719e+00 1.846402e+00 1.493680e+00 2.173369e+00 1.908123e+00 3.029006e+00 9.422972e-01 2.186038e+00 5.000000e-02 1.493029e-01 1.277526e-01 2.896208e-01 7.901282e-01 2.054481e-01 4.939655e-01 3.243589e-01 1.739821e-01 4.680712e-01 6.279060e-01 2.717618e-01 6.001799e-01 5.000000e-02
<GCONST> 1.023816e+02
<STATE> 17
<MEAN> 39
 -6.737903e+00 -2.252184e+01 -1.686193e+01 -3.518732e+00 -8.318845e+00 -5.904294e+00 1.012298e+01 -4.134601e+00 5.127078e+00 -1.024784e+01 -1.473384e-01 -6.411058e+00 8.082569e-01 7.829667e-01 -9.141103e-01 4.360130e-01 1.294529e-01 -7.869704e-01 6.754379e-02 -8.920262e-01 5.557383e-01 7.589279e-01 8.223552e-01 -6.225712e-01 5.685994e-02 -5.268743e-03 -1.190338e-01 -8.037494e-02 5.493858e-01 -1.409480e-02 5.440333e-01 2.955011e-01 -6.860139e-01 1.180674e-01 -5.622741e-01 -8.787897e-02 -1.805179e-01 -1.227119e-01 -7.885762e-03
<VARIANCE> 39
 2.617459e+01 1.141412e+01 1.450814e+02 1.551808e+02 7.289005e+01 2.778872e+01 7.823390e+00 7.709585e+01 1.938877e+01 7.121035e+01 7.541047e+00 1.274038e+01 5.000000e-02 9.846104e-01 4.459381e-01 1.625838e+00 2.968108e+00 1.500596e+00 2.034713e+00 2.510013e+00 5.110306e-01 2.408056e+00 1.037130e+00 1.651140e+00 1.094446e+00 5.000000e-02 4.824995e-01 1.461777e-01 4.246190e-01 1.120688e+00 2.873541e-01 9.952510e-02 2.475345e-01 4.738359e-01 2.488058e-01 1.562369e-01 2.038414e-01 1.636185e-01 5.000000e-02
<GCONST> 9.210589e+01
<STATE> 18
<MEAN> 39
 -2.648043e+00 -2.554771e+01 -3.853780e+00 -1.021173e+01 -1.207934e+01 -3.688082e+00 5.287036e+00 -9.592369e-01 2.075026e+00 -3.152765e+00 -6.819555e+00 -6.610304e+00 6.356849e-01 1.074377e+00 -2.141052e-01 9.263754e-01 9.245594e-01 9.990398e-01 4.865815e-01 -6.201590e-01 -7.110204e-01 -3.128783e-01 -6.643397e-01 -8.549968e-01 2.609082e-01 -3.383835e-02 -2.015379e-01 9.053185e-02 -1.972032e-01 2.948145e-01 1.181258e-01 -4.278487e-02 2.834423e-01 6.103263e-02 -1.055834e-01 -6.360685e-01 1.896115e-01 2.459870e-02 2.396048e-03
<VARIANCE> 39
 2.048774e+01 5.556868e+00 6.192536e+01 4.403506e+01 3.094626e+01 1.211128e+01 2.160058e+01 1.594068e+01 8.066675e+00 2.530307e+01 1.885186e+01 1.918205e+01 5.000000e-02 7.478278e-01 4.803739e-01 2.394800e+00 6.925438e+00 1.910413e+00 2.202133e+00 2.736138e+00 1.929961e+00 1.180029e+00 2.100137e+00 2.139536e+00 1.725553e+00 5.000000e-02 1.193024e-01 1.151769e-01 1.574191e-01 8.673727e-01 4.940543e-01 2.544135e-01 3.177207e-01 3.038885e-01 1.904115e-01 1.286210e-01 2.151348e-01 4.417882e-01 5.000000e-02
<GCONST> 8.865926e+01
<STATE> 19
<MEAN> 39
 -5.091978e+00 -2.451098e+01 -1.605554e+01 2.074351e-01 -5.846256e-01 -3.726249e+00 5.816627e+00 -4.045450e+00 3.770523e+00 -1.673978e+01 -2.111238e+00 -9.812251e+00 8.332090e-01 5.501299e-02 -2.708485e-01 6.760886e-01 3.389089e-01 2.873137e-01 3.769144e-01 -3.307276e-01 8.070057e-01 -1.227808e+00 -8.618131e-01 7.065608e-02 2.891202e-01 -7.918631e-03 1.223796e-02 3.018467e-02 -1.111277e-01 1.248530e-01 -1.990075e-01 -1.457902e-01 1.320167e-01 4.499567e-02 -2.215479e-01 2.562090e-01 3.030689e-01 2.227339e-01 -1.277745e-03
<VARIANCE> 39
 1.668242e+01 6.402519e+00 1.217326e+02 6.313909e+01 3.757596e+01 1.422015e+01 3.287649e+00 3.503089e+00 9.647243e+00 6.302855e+01 2.972243e+01 1.384391e+01 5.000000e-02 7.925729e-01 1.379429e-01 1.438283e+00 1.297584e+00 6.238909e-01 4.762729e-01 1.005278e+00 3.740377e-01 9.551578e-01 1.732757e+00 2.446907e+00 7.843700e-01 5.000000e-02 5.000000e-02 5.000000e-02 1.253621e-01 3.472069e-01 5.000000e-02 3.004318e-01 1.410806e-01 1.131645e-01 9.910221e-02 1.538431e-01 2.357753e-01 5.000000e-02 5.000000e-02
<GCONST> 6.875224e+01
<STATE> 20
<MEAN> 39
 -3.333692e+00 -2.428049e+01 -9.337591e+00 -1.868589e+00 -5.767916e+00 -4.644660e+00 7.736836e+00 1.147550e+00 -5.172048e+00 -1.334530e+01 -1.438502e+00 -9.331301e+00 6.826099e-01 1.667413e-01 8.847372e-02 1.693255e-01 3.838299e-01 -4.218075e-01 -5.128239e-01 3.279672e-01 6.466998e-01 -4.591298e-03 5.529610e-01 2.196986e-01 5.508368e-02 -2.610703e-02 -4.479171e-02 -2.620851e-02 -1.951703e-01 -2.691254e-01 -1.768594e-01 9.911543e-02 1.270392e-01 -1.243813e-01 6.793795e-01 4.650715e-01 1.530056e-01 1.609827e-01 3.166145e-04
<VARIANCE> 39
 1.776341e+01 8.988687e+00 5.211406e+01 2.905613e+01 3.414953e+01 1.546622e+01 2.443919e+01 6.125629e+00 2.583324e+01 1.572946e+01 7.464711e+01 3.912387e+01 6.335948e-02 5.605724e-01 6.548698e-01 4.001726e+00 3.758550e+00 2.546966e+00 9.803096e-01 1.037427e+00 3.179710e-01 4.967654e+00 1.603385e+00 4.219737e+00 5.446731e+00 5.000000e-02 5.000000e-02 5.938433e-02 2.303294e-01 2.106797e-01 1.406750e-01 2.872981e-01 3.829846e-01 9.927258e-02 3.608411e-01 2.411867e-01 7.313880e-01 6.280162e-01 5.000000e-02
<GCONST> 8.876903e+01
<STATE> 21
<MEAN> 39
 -2.257611e+00 -2.536413e+01 -5.144266e+00 -4.379675e+00 -8.748331e+00 -3.575343e+00 6.017548e+00 2.206564e-01 6.230072e-01 -8.253134e+00 -2.828115e+00 -3.099014e+00 5.160772e-01 3.624361e-01 -2.055468e-01 -8.851918e-01 2.387729e-01 -5.955885e-01 7.144917e-01 1.097597e+00 -7.783178e-01 9.687617e-01 8.069554e-01 1.527214e+00 9.531823e-01 -2.194389e-02 -3.420659e-02 1.556521e-01 -3.161055e-01 -1.298267e-01 2.192296e-01 -1.411271e-01 2.048761e-01 -3.967045e-01 -1.267615e-01 9.603089e-02 -1.264721e-02 -3.582211e-01 1.049499e-03
<VARIANCE> 39
 9.135428e+00 7.948001e+00 2.839307e+01 1.126859e+01 1.280955e+01 2.320030e+01 2.433317e+01 1.579262e+01 3.117810e+00 2.559564e+00 1.014925e+01 1.255385e+02 5.000000e-02 7.476451e-01 4.197682e-01 2.110220e+00 2.025544e+00 9.440621e-01 3.996207e+00 2.258266e+00 1.895053e+00 1.364354e+00 1.185873e+00 2.660394e+00 2.332256e+00 5.000000e-02 2.201167e-01 7.786952e-02 7.477401e-01 1.850561e-01 1.984960e-01 3.422154e-01 5.084746e-01 2.356583e-01 1.412632e-01 1.478475e-01 5.352965e-01 9.835905e-01 5.000000e-02
<GCONST> 8.363251e+01
<STATE> 22
<MEAN> 39
 2.466967e-01 -2.596287e+01 -7.286844e+00 -4.910110e+00 -1.185692e+01 -5.805631e+00 9.278861e+00 -3.203074e+00 3.482985e+00 -5.964794e+00 -2.506639e+00 -4.236039e+00 5.336641e-01 6.972207e-01 2.514311e-01 -2.124993e-01 7.046325e-01 9.870247e-01 -2.133821e-01 -2.597823e-01 -5.115858e-03 -5.523785e-01 1.461854e-01 -3.133803e-01 2.482232e-01 -2.434203e-02 -1.776388e-01 2.148636e-01 2.634905e-01 2.952312e-01 4.918026e-01 9.411711e-02 -1.866999e-01 4.148331e-01 -3.994406e-01 -1.194355e-01 -4.346849e-02 -2.409647e-01 -4.315339e-03
<VARIANCE> 39
 6.272295e+00 4.556853e+00 6.998120e+00 1.488717e+01 1.198691e+01 3.031082e+01 1.275092e+01 1.567102e+01 1.151870e+01 1.722637e+01 2.876077e+01 4.860042e+01 5.000000e-02 9.739743e-01 8.549343e-01 1.902636e+00 4.620055e-01 1.279614e+00 2.512850e+00 1.336903e+00 1.225368e+00 2.258082e+00 1.943890e+00 1.988669e+00 3.100070e+00 5.000000e-02 8.419544e-02 1.175951e-01 9.332450e-02 5.089398e-02 7.625712e-02 8.318244e-01 4.719667e-01 1.879391e-01 3.465123e-01 4.395815e-01 9.080319e-01 2.523682e-01 5.000000e-02
<GCONST> 8.056216e+01
<STATE> 23
<MEAN> 39
 -2.216160e-01 -2.272565e+01 -7.188207e+00 1.050897e+00 -2.322682e+00 -2.989171e+00 8.257215e+00 -7.668109e-01 -1.263443e+00 -5.708525e+00 -1.032936e-01 -3.613072e+00 3.337557e-01 -6.185884e-01 6.717541e-01 -2.967556e-02 8.759391e-01 1.232653e+00 -2.605375e-01 -1.244896e-01 4.124845e-01 -5.345174e-01 -1.867394e-01 5.145227e-01 -1.286913e-01 -3.954864e-02 -1.211248e-01 2.263272e-02 5.563487e-02 -3.053242e-01 -5.784028e-01 -4.933462e-01 -2.147675e-01 -1.451837e-02 3.547898e-01 -2.371123e-01 -9.182733e-02 2.512371e-01 -1.700533e-03
<VARIANCE> 39
 7.436540e+00 6.907252e+00 2.200604e+01 1.279394e+01 1.508426e+01 1.354274e+01 9.184049e+00 1.282170e+01 1.532950e+01 6.172489e+00 1.237209e+01 1.408272e+01 5.000000e-02 3.522972e-01 4.166995e-01 9.316419e-01 1.035896e+00 2.017968e+00 3.652961e+00 1.032773e+00 8.758902e-01 1.724673e+00 1.090820e+00 3.124985e+00 7.869168e-01 5.000000e-02 5.000000e-02 1.537963e-01 3.106776e-01 2.094876e-01 1.588721e-01 2.324842e-01 2.590880e-01 1.804219e-01 4.373020e-01 1.893466e-01 3.452361e-01 2.542579e-01 5.000000e-02
<GCONST> 7.465675e+01
<STATE> 24
<MEAN> 39
 -1.584365e+00 -2.223825e+01 -8.833865e+00 -1.059816e+00 -3.600545e+00 -5.283484e+00 6.181047e+00 -8.697487e-01 9.854369e-01 -5.170151e+00 -4.446700e-01 -4.249381e-01 2.519215e-01 -7.910596e-01 8.922713e-01 4.007477e-01 -1.424700e-02 3.136934e-01 -5.539317e-01 -8.019828e-01 1.928266e-01 3.523087e-01 6.319667e-02 6.890985e-01 5.018026e-01 -4.051539e-02 4.320508e-02 2.428735e-01 4.246530e-01 9.913626e-02 1.145281e-01 2.213403e-01 6.465451e-02 -1.049355e-01 -1.743728e-01 -2.227477e-02 9.925140e-02 -1.645412e-01 1.836028e-03
<VARIANCE> 39
 9.340200e+00 7.038882e+00 9.624437e+00 7.520406e+00 7.770835e+00 2.148644e+01 8.925097e+00 1.802920e+01 2.031386e+01 9.510369e+00 5.480873e+00 1.121159e+01 5.000000e-02 5.946773e-01 9.791639e-01 1.325760e+00 2.173359e+00 7.134118e-01 2.143543e+00 1.908895e+00 2.818855e+00 2.651643e+00 8.688838e-01 1.548412e+00 1.592744e+00 5.000000e-02 1.457836e-01 7.594061e-02 1.871532e-01 4.175305e-01 9.190488e-02 4.638934e-01 3.160160e-01 5.159889e-01 4.994301e-01 1.897030e-01 4.688861e-01 2.946649e-01 5.000000e-02
<GCONST> 7.874339e+01
<STATE> 25
<MEAN> 39
 -3.667786e+00 -1.726098e+01 -4.847080e+00 1.204488e+00 -5.105785e-01 -6.581161e+00 4.620267e+00 -7.238719e-01 -1.221405e+00 -6.486493e+00 2.607323e+00 -1.279774e+00 1.318572e-01 -7.985412e-02 1.196298e+00 9.369694e-01 3.320131e-01 9.964974e-01 2.596239e-02 -3.193397e-01 -5.338493e-01 -7.248832e-01 -2.229412e-01 2.492021e-01 3.281108e-01 -1.436935e-02 7.016318e-02 -4.809652e-02 -8.185256e-02 -9.887345e-02 -2.717998e-03 2.757817e-01 1.078007e-02 -8.151689e-02 1.521754e-01 1.461589e-01 -3.167258e-01 6.458139e-02 2.497613e-03
<VARIANCE> 39
 9.975572e+00 1.385942e+01 1.035866e+01 4.916003e+00 5.501027e+00 3.221445e+00 1.255137e+01 1.141093e+01 1.848533e+01 8.079457e+00 1.440706e+01 1.277801e+01 5.000000e-02 7.595311e-01 4.827619e-01 7.559614e-01 1.036873e+00 1.698142e+00 9.727599e-01 2.912301e-01 1.083644e+00 2.036197e+00 5.796244e-01 1.081835e+00 1.817583e+00 5.000000e-02 1.378990e-01 1.315210e-01 1.213397e-01 2.351877e-01 4.251201e-01 2.081153e-01 1.469654e-01 1.904832e-01 4.898027e-01 8.923651e-02 2.228947e-01 1.903290e-01 5.000000e-02
<GCONST> 6.869656e+01
<STATE> 26
<MEAN> 39
 -3.596675e+00 -1.456087e+01 -3.006375e+00 1.829251e+00 1.250854e+00 -4.970232e+00 3.975992e+00 -1.452572e+00 -1.484963e+00 -7.071806e+00 1.869366e+00 -3.125993e-01 9.272456e-02 -4.846244e-01 1.260596e+00 7.500300e-01 -4.944687e-01 -2.640918e-01 6.433170e-01 -8.161195e-02 7.590973e-02 7.066619e-01 4.005991e-01 -8.954918e-01 -6.124217e-01 -3.820885e-02 -1.142815e-01 -2.416800e-01 -2.137934e-01 -1.848667e-01 -1.920269e-01 1.460314e-01 1.003978e-01 4.612057e-02 9.154141e-02 1.835616e-01 -3.678153e-02 -6.345742e-02 -9.719292e-04
<VARIANCE> 39
 4.520231e+00 1.089498e+01 3.786851e+00 1.112237e+01 1.997183e+01 7.143789e+00 7.884799e+00 1.617669e+01 4.907896e+00 8.503927e+00 1.048341e+01 1.589459e+01 5.000000e-02 3.809724e-01 1.440247e+00 5.131063e-01 1.029257e+00 1.076851e+00 3.233389e-01 1.401730e+00 1.488025e+00 6.257666e-01 4.088736e-01 7.699316e-01 1.092828e+00 5.000000e-02 1.371551e-01 9.578223e-02 7.184014e-02 2.140852e-01 3.624076e-01 1.028081e-01 1.339169e-01 4.618835e-01 3.708154e-01 1.320394e-01 1.959397e-01 5.279974e-01 5.000000e-02
<GCONST> 6.602406e+01
<STATE> 27
<MEAN> 39
 -5.997601e+00 -1.372251e+01 -3.301815e+00 -1.073700e-01 7.382669e-01 -2.268339e+00 4.852617e+00 -1.012755e+00 6.152337e-01 -3.803393e+00 -9.519767e-02 -8.926984e-01 -7.211359e-03 -3.498855e-01 2.779363e-01 -9.583328e-02 -1.878337e-01 7.629018e-02 1.154899e-01 -2.324420e-01 -3.094810e-01 3.325082e-01 5.780428e-01 2.924179e-01 5.582142e-01 -1.700551e-02 1.744774e-01 -1.631410e-01 -1.112961e-01 1.506099e-01 -6.841954e-03 -3.948036e-01 -1.954757e-01 -7.711737e-02 -1.370701e-01 -8.016641e-02 3.317717e-01 2.465668e-01 7.349927e-03
<VARIANCE> 39
 9.204021e-01 6.821517e+00 8.763324e+00 3.334537e+00 7.364840e+00 1.170154e+01 5.714130e+00 1.031234e+01 1.568649e+00 7.107130e+00 8.838438e+00 2.926152e+00 5.000000e-02 3.636099e-01 4.517888e-01 4.016553e-01 3.609302e-01 8.960509e-01 3.599229e-01 1.062885e+00 2.234522e+00 5.967484e-01 8.644680e-01 6.296746e-01 1.267679e+00 5.000000e-02 5.000000e-02 1.633663e-01 6.792927e-02 9.320878e-02 2.062174e-01 5.000000e-02 1.838235e-01 2.768406e-01 5.168327e-02 7.998557e-02 1.742522e-01 1.804501e-01 5.000000e-02
<GCONST> 5.083714e+01
<TRANSP> 28
 0.000000e+00 1.000000e+00 0.000000e+00 0.000000e+00 0.000000e+00 0.000000e+00 0.000000e+00 0.000000e+00 0.000000e+00 0.000000e+00 0.000000e+00 0.000000e+00 0.000000e+00 0.000000e+00 0.000000e+00 0.000000e+00 0.000000e+00 0.000000e+00 0.000000e+00 0.000000e+00 0.000000e+00 0.000000e+00 0.000000e+00 0.000000e+00 0.000000e+00 0.000000e+00 0.000000e+00 0.000000e+00
 0.000000e+00 7.505115e-01 2.494885e-01 0.000000e+00 0.000000e+00 0.000000e+00 0.000000e+00 0.000000e+00 0.000000e+00 0.000000e+00 0.000000e+00 0.000000e+00 0.000000e+00 0.000000e+00 0.000000e+00 0.000000e+00 0.000000e+00 0.000000e+00 0.000000e+00 0.000000e+00 0.000000e+00 0.000000e+00 0.000000e+00 0.000000e+00 0.000000e+00 0.000000e+00 0.000000e+00 0.000000e+00
 0.000000e+00 0.000000e+00 6.141265e-01 3.858735e-01 0.000000e+00 0.000000e+00 0.000000e+00 0.000000e+00 0.000000e+00 0.000000e+00 0.000000e+00 0.000000e+00 0.000000e+00 0.000000e+00 0.000000e+00 0.000000e+00 0.000000e+00 0.000000e+00 0.000000e+00 0.000000e+00 0.000000e+00 0.000000e+00 0.000000e+00 0.000000e+00 0.000000e+00 0.000000e+00 0.000000e+00 0.000000e+00
 0.000000e+00 0.000000e+00 0.000000e+00 5.458668e-01 4.541332e-01 0.000000e+00 0.000000e+00 0.000000e+00 0.000000e+00 0.000000e+00 0.000000e+00 0.000000e+00 0.000000e+00 0.000000e+00 0.000000e+00 0.000000e+00 0.000000e+00 0.000000e+00 0.000000e+00 0.000000e+00 0.000000e+00 0.000000e+00 0.000000e+00 0.000000e+00 0.000000e+00 0.000000e+00 0.000000e+00 0.000000e+00
 0.000000e+00 0.000000e+00 0.000000e+00 0.000000e+00 7.999217e-01 2.000783e-01 0.000000e+00 0.000000e+00 0.000000e+00 0.000000e+00 0.000000e+00 0.000000e+00 0.000000e+00 0.000000e+00 0.000000e+00 0.000000e+00 0.000000e+00 0.000000e+00 0.000000e+00 0.000000e+00 0.000000e+00 0.000000e+00 0.000000e+00 0.000000e+00 0.000000e+00 0.000000e+00 0.000000e+00 0.000000e+00
 0.000000e+00 0.000000e+00 0.000000e+00 0.000000e+00 0.000000e+00 6.662558e-01 3.337442e-01 0.000000e+00 0.000000e+00 0.000000e+00 0.000000e+00 0.000000e+00 0.000000e+00 0.000000e+00 0.000000e+00 0.000000e+00 0.000000e+00 0.000000e+00 0.000000e+00 0.000000e+00 0.000000e+00 0.000000e+00 0.000000e+00 0.000000e+00 0.000000e+00 0.000000e+00 0.000000e+00 0.000000e+00
 0.000000e+00 0.000000e+00 0.000000e+00 0.000000e+00 0.000000e+00 0.000000e+00 4.452399e-01 5.547601e-01 0.000000e+00 0.000000e+00 0.000000e+00 0.000000e+00 0.000000e+00 0.000000e+00 0.000000e+00 0.000000e+00 0.000000e+00 0.000000e+00 0.000000e+00 0.000000e+00 0.000000e+00 0.000000e+00 0.000000e+00 0.000000e+00 0.000000e+00 0.000000e+00 0.000000e+00 0.000000e+00
 0.000000e+00 0.000000e+00 0.000000e+00 0.000000e+00 0.000000e+00 0.000000e+00 0.000000e+00 5.835524e-01 4.164477e-01 0.000000e+00 0.000000e+00 0.000000e+00 0.000000e+00 0.000000e+00 0.000000e+00 0.000000e+00 0.000000e+00 0.000000e+00 0.000000e+00 0.000000e+00 0.000000e+00 0.000000e+00 0.000000e+00 0.000000e+00 0.000000e+00 0.000000e+00 0.000000e+00 0.000000e+00
 0.000000e+00 0.000000e+00 0.000000e+00 0.000000e+00 0.000000e+00 0.000000e+00 0.000000e+00 0.000000e+00 4.444809e-01 5.555190e-01 0.000000e+00 0.000000e+00 0.000000e+00 0.000000e+00 0.000000e+00 0.000000e+00 0.000000e+00 0.000000e+00 0.000000e+00 0.000000e+00 0.000000e+00 0.000000e+00 0.000000e+00 0.000000e+00 0.000000e+00 0.000000e+00 0.000000e+00 0.000000e+00
 0.000000e+00 0.000000e+00 0.000000e+00 0.000000e+00 0.000000e+00 0.000000e+00 0.000000e+00 0.000000e+00 0.000000e+00 7.356324e-01 2.643676e-01 0.000000e+00 0.000000e+00 0.000000e+00 0.000000e+00 0.000000e+00 0.000000e+00 0.000000e+00 0.000000e+00 0.000000e+00 0.000000e+00 0.000000e+00 0.000000e+00 0.000000e+00 0.000000e+00 0.000000e+00 0.000000e+00 0.000000e+00
 0.000000e+00 0.000000e+00 0.000000e+00 0.000000e+00 0.000000e+00 0.000000e+00 0.000000e+00 0.000000e+00 0.000000e+00 0.000000e+00 6.517717e-01 3.482283e-01 0.000000e+00 0.000000e+00 0.000000e+00 0.000000e+00 0.000000e+00 0.000000e+00 0.000000e+00 0.000000e+00 0.000000e+00 0.000000e+00 0.000000e+00 0.000000e+00 0.000000e+00 0.000000e+00 0.000000e+00 0.000000e+00
 0.000000e+00 0.000000e+00 0.000000e+00 0.000000e+00 0.000000e+00 0.000000e+00 0.000000e+00 0.000000e+00 0.000000e+00 0.000000e+00 0.000000e+00 7.591061e-01 2.408939e-01 0.000000e+00 0.000000e+00 0.000000e+00 0.000000e+00 0.000000e+00 0.000000e+00 0.000000e+00 0.000000e+00 0.000000e+00 0.000000e+00 0.000000e+00 0.000000e+00 0.000000e+00 0.000000e+00 0.000000e+00
 0.000000e+00 0.000000e+00 0.000000e+00 0.000000e+00 0.000000e+00 0.000000e+00 0.000000e+00 0.000000e+00 0.000000e+00 0.000000e+00 0.000000e+00 0.000000e+00 6.427388e-01 3.572612e-01 0.000000e+00 0.000000e+00 0.000000e+00 0.000000e+00 0.000000e+00 0.000000e+00 0.000000e+00 0.000000e+00 0.000000e+00 0.000000e+00 0.000000e+00 0.000000e+00 0.000000e+00 0.000000e+00
 0.000000e+00 0.000000e+00 0.000000e+00 0.000000e+00 0.000000e+00 0.000000e+00 0.000000e+00 0.000000e+00 0.000000e+00 0.000000e+00 0.000000e+00 0.000000e+00 0.000000e+00 5.833867e-01 4.166134e-01 0.000000e+00 0.000000e+00 0.000000e+00 0.000000e+00 0.000000e+00 0.000000e+00 0.000000e+00 0.000000e+00 0.000000e+00 0.000000e+00 0.000000e+00 0.000000e+00 0.000000e+00
 0.000000e+00 0.000000e+00 0.000000e+00 0.000000e+00 0.000000e+00 0.000000e+00 0.000000e+00 0.000000e+00 0.000000e+00 0.000000e+00 0.000000e+00 0.000000e+00 0.000000e+00 0.000000e+00 7.058010e-01 2.941990e-01 0.000000e+00 0.000000e+00 0.000000e+00 0.000000e+00 0.000000e+00 0.000000e+00 0.000000e+00 0.000000e+00 0.000000e+00 0.000000e+00 0.000000e+00 0.000000e+00
 0.000000e+00 0.000000e+00 0.000000e+00 0.000000e+00 0.000000e+00 0.000000e+00 0.000000e+00 0.000000e+00 0.000000e+00 0.000000e+00 0.000000e+00 0.000000e+00 0.000000e+00 0.000000e+00 0.000000e+00 5.949038e-01 4.050963e-01 0.000000e+00 0.000000e+00 0.000000e+00 0.000000e+00 0.000000e+00 0.000000e+00 0.000000e+00 0.000000e+00 0.000000e+00 0.000000e+00 0.000000e+00
 0.000000e+00 0.000000e+00 0.000000e+00 0.000000e+00 0.000000e+00 0.000000e+00 0.000000e+00 0.000000e+00 0.000000e+00 0.000000e+00 0.000000e+00 0.000000e+00 0.000000e+00 0.000000e+00 0.000000e+00 0.000000e+00 4.811292e-01 5.188708e-01 0.000000e+00 0.000000e+00 0.000000e+00 0.000000e+00 0.000000e+00 0.000000e+00 0.000000e+00 0.000000e+00 0.000000e+00 0.000000e+00
 0.000000e+00 0.000000e+00 0.000000e+00 0.000000e+00 0.000000e+00 0.000000e+00 0.000000e+00 0.000000e+00 0.000000e+00 0.000000e+00 0.000000e+00 0.000000e+00 0.000000e+00 0.000000e+00 0.000000e+00 0.000000e+00 0.000000e+00 6.796846e-01 3.203155e-01 0.000000e+00 0.000000e+00 0.000000e+00 0.000000e+00 0.000000e+00 0.000000e+00 0.000000e+00 0.000000e+00 0.000000e+00
 0.000000e+00 0.000000e+00 0.000000e+00 0.000000e+00 0.000000e+00 0.000000e+00 0.000000e+00 0.000000e+00 0.000000e+00 0.000000e+00 0.000000e+00 0.000000e+00 0.000000e+00 0.000000e+00 0.000000e+00 0.000000e+00 0.000000e+00 0.000000e+00 5.962479e-01 4.037521e-01 0.000000e+00 0.000000e+00 0.000000e+00 0.000000e+00 0.000000e+00 0.000000e+00 0.000000e+00 0.000000e+00
 0.000000e+00 0.000000e+00 0.000000e+00 0.000000e+00 0.000000e+00 0.000000e+00 0.000000e+00 0.000000e+00 0.000000e+00 0.000000e+00 0.000000e+00 0.000000e+00 0.000000e+00 0.000000e+00 0.000000e+00 0.000000e+00 0.000000e+00 0.000000e+00 0.000000e+00 6.665352e-01 3.334648e-01 0.000000e+00 0.000000e+00 0.000000e+00 0.000000e+00 0.000000e+00 0.000000e+00 0.000000e+00
 0.000000e+00 0.000000e+00 0.000000e+00 0.000000e+00 0.000000e+00 0.000000e+00 0.000000e+00 0.000000e+00 0.000000e+00 0.000000e+00 0.000000e+00 0.000000e+00 0.000000e+00 0.000000e+00 0.000000e+00 0.000000e+00 0.000000e+00 0.000000e+00 0.000000e+00 0.000000e+00 6.157815e-01 3.842184e-01 0.000000e+00 0.000000e+00 0.000000e+00 0.000000e+00 0.000000e+00 0.000000e+00
 0.000000e+00 0.000000e+00 0.000000e+00 0.000000e+00 0.000000e+00 0.000000e+00 0.000000e+00 0.000000e+00 0.000000e+00 0.000000e+00 0.000000e+00 0.000000e+00 0.000000e+00 0.000000e+00 0.000000e+00 0.000000e+00 0.000000e+00 0.000000e+00 0.000000e+00 0.000000e+00 0.000000e+00 6.872891e-01 3.127109e-01 0.000000e+00 0.000000e+00 0.000000e+00 0.000000e+00 0.000000e+00
 0.000000e+00 0.000000e+00 0.000000e+00 0.000000e+00 0.000000e+00 0.000000e+00 0.000000e+00 0.000000e+00 0.000000e+00 0.000000e+00 0.000000e+00 0.000000e+00 0.000000e+00 0.000000e+00 0.000000e+00 0.000000e+00 0.000000e+00 0.000000e+00 0.000000e+00 0.000000e+00 0.000000e+00 0.000000e+00 6.649158e-01 3.350842e-01 0.000000e+00 0.000000e+00 0.000000e+00 0.000000e+00
 0.000000e+00 0.000000e+00 0.000000e+00 0.000000e+00 0.000000e+00 0.000000e+00 0.000000e+00 0.000000e+00 0.000000e+00 0.000000e+00 0.000000e+00 0.000000e+00 0.000000e+00 0.000000e+00 0.000000e+00 0.000000e+00 0.000000e+00 0.000000e+00 0.000000e+00 0.000000e+00 0.000000e+00 0.000000e+00 0.000000e+00 6.450757e-01 3.549244e-01 0.000000e+00 0.000000e+00 0.000000e+00
 0.000000e+00 0.000000e+00 0.000000e+00 0.000000e+00 0.000000e+00 0.000000e+00 0.000000e+00 0.000000e+00 0.000000e+00 0.000000e+00 0.000000e+00 0.000000e+00 0.000000e+00 0.000000e+00 0.000000e+00 0.000000e+00 0.000000e+00 0.000000e+00 0.000000e+00 0.000000e+00 0.000000e+00 0.000000e+00 0.000000e+00 0.000000e+00 6.640764e-01 3.359237e-01 0.000000e+00 0.000000e+00
 0.000000e+00 0.000000e+00 0.000000e+00 0.000000e+00 0.000000e+00 0.000000e+00 0.000000e+00 0.000000e+00 0.000000e+00 0.000000e+00 0.000000e+00 0.000000e+00 0.000000e+00 0.000000e+00 0.000000e+00 0.000000e+00 0.000000e+00 0.000000e+00 0.000000e+00 0.000000e+00 0.000000e+00 0.000000e+00 0.000000e+00 0.000000e+00 0.000000e+00 6.192099e-01 3.807901e-01 0.000000e+00
 0.000000e+00 0.000000e+00 0.000000e+00 0.000000e+00 0.000000e+00 0.000000e+00 0.000000e+00 0.000000e+00 0.000000e+00 0.000000e+00 0.000000e+00 0.000000e+00 0.000000e+00 0.000000e+00 0.000000e+00 0.000000e+00 0.000000e+00 0.000000e+00 0.000000e+00 0.000000e+00 0.000000e+00 0.000000e+00 0.000000e+00 0.000000e+00 0.000000e+00 0.000000e+00 6.149330e-01 3.850670e-01
 0.000000e+00 0.000000e+00 0.000000e+00 0.000000e+00 0.000000e+00 0.000000e+00 0.000000e+00 0.000000e+00 0.000000e+00 0.000000e+00 0.000000e+00 0.000000e+00 0.000000e+00 0.000000e+00 0.000000e+00 0.000000e+00 0.000000e+00 0.000000e+00 0.000000e+00 0.000000e+00 0.000000e+00 0.000000e+00 0.000000e+00 0.000000e+00 0.000000e+00 0.000000e+00 0.000000e+00 0.000000e+00
<ENDHMM>
