~o
<STREAMINFO> 1 39
<VECSIZE> 39<NULLD><MFCC_E_D_A><DIAGC>
~h "Huy"
<BEGINHMM>
<NUMSTATES> 26
<STATE> 2
<MEAN> 39
 -6.249709e+00 -9.752242e+00 -2.871864e+00 -3.451446e+00 2.226296e+00 -3.060715e+00 2.820818e+00 -1.976795e+00 -8.335018e-01 -2.110420e+00 2.885952e+00 -2.201027e+00 2.607633e-02 -4.377046e-01 -4.514388e-01 -5.805160e-01 -2.994578e-01 1.592939e+00 7.057976e-01 4.193756e-01 4.313942e-01 6.919636e-01 2.979265e-01 1.251141e-01 1.117140e-01 1.050158e-02 -1.225667e-01 -2.380662e-01 -1.905112e-01 -8.908578e-02 6.792372e-01 9.509812e-02 -3.944103e-02 1.470145e-01 1.469508e-01 -2.183414e-01 -3.184541e-01 1.030317e-01 1.553848e-02
<VARIANCE> 39
 1.091320e+00 1.387923e+00 4.987977e+00 5.272799e+00 1.207920e+01 7.808090e+00 8.754722e+00 8.020085e+00 5.033179e+00 1.433483e+01 9.615922e+00 8.268430e+00 5.000000e-02 1.535159e-01 9.738852e-01 6.944821e-01 8.646262e-01 1.987246e+00 8.774245e-01 9.584101e-01 1.395747e+00 9.922737e-01 1.430150e+00 8.954133e-01 9.876047e-01 5.000000e-02 5.158392e-02 2.265022e-01 1.729800e-01 1.842171e-01 2.009960e-01 2.065428e-01 1.011957e-01 3.324292e-01 2.540238e-01 2.962488e-01 4.296184e-01 2.061245e-01 5.000000e-02
<GCONST> 6.301061e+01
<STATE> 3
<MEAN> 39
 -8.295143e+00 -9.918960e+00 -4.029082e+00 -4.411429e+00 9.786640e+00 -2.822369e+00 3.962766e+00 -5.456592e-01 1.268429e+00 -3.272059e+00 4.617790e+00 -1.780555e-01 6.995615e-02 -4.908770e-01 -1.548160e+00 -1.381917e+00 -1.392376e+00 1.922871e+00 2.998949e-01 4.231644e-01 6.696786e-01 -2.366525e-01 -5.032925e-01 -1.236089e+00 -1.871915e-01 5.728739e-02 4.286751e-01 -4.120244e-01 -2.028643e-01 -7.665710e-02 -7.029698e-01 5.176288e-02 -2.642086e-01 -7.414685e-02 -5.485244e-01 -4.731255e-02 -6.243143e-01 -3.913605e-01 1.785876e-02
<VARIANCE> 39
 4.682838e+00 1.284305e+01 3.266160e+00 1.537256e+01 1.684608e+00 2.246662e+01 4.275386e+01 1.016723e+01 1.590691e+01 1.163597e+01 1.091620e+01 5.023416e+00 5.000000e-02 7.068098e-01 2.056327e+00 8.278165e-01 3.329380e-01 2.043578e+00 1.726013e+00 1.927976e+00 1.930560e+00 1.313441e+00 9.074168e-01 3.539934e+00 2.539109e+00 5.000000e-02 1.277164e-01 5.000000e-02 1.274211e-01 2.134619e-01 4.456468e-01 1.632475e-01 7.753301e-01 5.006378e-01 4.845596e-01 2.033567e-01 4.327604e-01 8.506051e-02 5.000000e-02
<GCONST> 7.582314e+01
<STATE> 4
<MEAN> 39
 -7.028945e+00 -1.841643e+01 -1.052464e+01 -8.206999e+00 1.294086e+01 1.282435e+00 3.100720e+00 1.503725e+00 -1.879170e+00 -4.561741e+00 -4.745012e+00 -3.451041e+00 3.923805e-01 8.321417e-01 -6.901566e-01 -1.790354e+00 -4.588083e-01 -9.323948e-01 2.281975e-01 -5.815891e-01 -3.806787e-01 1.433857e-01 -5.588511e-01 -1.926768e+00 -1.002424e+00 8.332477e-02 2.743139e-01 8.072070e-01 6.634773e-02 3.210636e-01 -1.023402e+00 -3.771297e-01 -5.752216e-02 -4.516913e-01 7.057117e-01 9.740172e-02 2.873938e-01 -1.082404e-01 -3.374459e-03
<VARIANCE> 39
 3.725320e+00 2.198286e+01 2.126209e+01 1.170133e+01 2.912109e+01 1.698833e+01 2.808440e+01 1.641929e+01 1.583115e+01 2.082168e+01 1.987985e+01 1.727302e+01 5.000000e-02 6.656608e-01 3.814842e+00 2.039688e+00 8.760854e-01 5.936268e+00 1.077110e+00 4.429825e+00 3.347869e+00 5.052841e+00 7.743596e-01 1.779572e+00 1.495820e+00 5.000000e-02 7.925860e-02 3.043053e-01 2.170381e-01 1.455169e-01 4.895721e-01 2.104753e-01 3.014567e-01 4.026967e-01 7.829482e-01 1.747816e-01 5.576560e-01 5.494158e-01 5.000000e-02
<GCONST> 9.026123e+01
<STATE> 5
<MEAN> 39
 -3.974092e+00 -1.275853e+01 -8.750942e+00 -4.819643e+00 3.833953e+00 -1.667985e+00 -9.741063e-01 -2.185225e+00 1.408028e-01 -6.119193e+00 -3.703328e+00 -4.088787e+00 3.778424e-01 3.677401e-01 4.604819e-01 -1.353500e+00 4.354895e-01 -1.117114e+00 -6.448734e-01 4.119376e-01 -1.234245e+00 1.597644e+00 -1.461675e-01 2.820876e-01 -4.326798e-01 5.840378e-02 -6.050923e-01 -2.636592e-01 -1.100896e-01 -3.064308e-01 3.149871e-01 -4.223809e-01 7.006440e-01 3.146292e-01 4.306706e-01 2.639667e-01 2.066424e-01 2.960658e-02 -8.283020e-04
<VARIANCE> 39
 5.694652e+00 2.351664e+01 5.836974e+01 1.505154e+01 3.103317e+01 2.550482e+01 3.787249e+01 1.294027e+01 1.227341e+01 1.355870e+01 3.260372e+01 1.257681e+01 9.943052e-02 1.340321e+00 6.847396e-01 3.422496e+00 7.009339e-01 4.243987e+00 3.263548e+00 1.563130e+00 1.031721e+00 4.861981e+00 6.504225e-01 2.833348e+00 1.681588e+00 5.000000e-02 1.187128e-01 3.788627e-01 5.729387e-01 1.705878e-01 4.451242e-01 3.975118e-01 4.069598e-01 6.009607e-01 4.770809e-01 1.505757e-01 5.907302e-01 2.990773e-01 5.000000e-02
<GCONST> 9.272604e+01
<STATE> 6
<MEAN> 39
 -4.732715e+00 -1.438772e+01 -1.798033e+01 -7.538559e+00 5.069327e+00 -3.984782e+00 4.843173e+00 -4.509329e+00 8.250380e+00 -3.800280e+00 -4.952084e+00 -6.205206e+00 5.983298e-01 -7.522957e-01 -9.974579e-01 -6.069728e-01 -1.459183e+00 -1.105073e+00 -1.479604e+00 3.999011e-01 1.527051e+00 2.060375e+00 1.331289e+00 -1.021245e+00 -8.069133e-01 6.135629e-02 -5.162446e-01 -4.440283e-01 1.249847e+00 -2.811642e-01 1.858839e-01 -1.631314e-01 -5.139039e-02 1.182422e+00 -9.832393e-01 9.677271e-02 1.795236e-01 2.225365e-01 -8.287407e-03
<VARIANCE> 39
 1.063403e+01 2.178561e+01 8.731096e+01 2.788309e+01 2.937097e+01 6.707417e+01 3.064047e+01 3.711766e+01 2.572348e+01 2.868897e+01 4.189618e+01 3.485124e+01 1.414039e-01 1.416824e+00 9.314401e-01 3.500045e+00 8.004290e-01 1.037160e+00 6.742799e+00 1.475778e+00 2.923300e+00 2.298357e+00 1.299340e+00 1.376807e+00 2.158390e+00 5.000000e-02 4.169284e-01 2.552514e-01 7.658391e-01 1.348584e-01 2.393994e-01 1.553762e+00 2.003098e-01 3.528292e-01 5.816107e-01 5.051112e-01 3.173206e-01 3.449592e-01 5.000000e-02
<GCONST> 1.007961e+02
<STATE> 7
<MEAN> 39
 -7.241198e+00 -1.881252e+01 -1.302181e+01 -1.101138e+01 7.010263e+00 -6.489240e+00 4.987985e+00 2.907257e+00 3.284825e+00 -3.707492e+00 -5.752439e+00 -6.988589e+00 6.109129e-01 -1.626827e+00 -1.876053e+00 9.047933e-01 -1.375978e+00 2.892244e-01 -1.404081e+00 1.186499e+00 1.467374e+00 -7.252661e-01 -1.439759e-01 -6.448881e-01 -4.283611e-01 6.702899e-02 -2.119437e-01 4.218265e-01 5.166389e-01 3.289478e-01 -3.288054e-01 -1.435873e-01 2.083262e-01 -4.587276e-01 -2.302225e-01 -1.028044e-02 2.346537e-01 1.238817e-01 -8.558455e-03
<VARIANCE> 39
 5.707359e+00 2.406946e+01 2.710989e+01 3.318395e+01 7.787135e+01 1.441273e+01 1.699614e+01 1.943234e+01 4.132790e+01 2.122150e+01 3.911549e+01 3.644625e+01 1.414246e-01 1.417198e+00 1.521993e+00 7.765906e+00 1.040280e+00 5.965068e+00 5.112525e+00 1.773216e+00 7.022583e+00 2.367408e+00 2.898401e+00 1.828738e+00 2.001343e+00 5.000000e-02 2.437929e-01 5.976125e-01 4.189280e-01 3.463823e-01 9.272747e-01 5.476218e-01 3.656579e-01 1.949487e-01 7.150705e-01 6.541272e-01 2.601955e-01 4.815061e-01 5.000000e-02
<GCONST> 1.043250e+02
<STATE> 8
<MEAN> 39
 -1.304066e+01 -1.985871e+01 -1.094857e+01 -1.383511e+01 -1.632032e+00 -1.256009e+01 9.755133e+00 7.449448e+00 6.922633e+00 -2.208511e+00 -7.325833e+00 -7.608724e+00 9.207864e-01 -1.532866e+00 8.541515e-01 2.261946e+00 -9.170345e-02 -2.932082e+00 -1.417641e+00 1.902331e+00 7.300155e-01 -1.051878e+00 9.441637e-01 1.521040e+00 1.513168e-01 -1.446470e-03 4.927787e-01 4.356212e-01 -3.059676e-01 6.812308e-02 -2.863159e-01 5.262555e-01 -2.033544e-01 -9.069105e-01 -1.768388e-01 3.899635e-01 3.733184e-01 -9.924004e-02 -1.129628e-02
<VARIANCE> 39
 5.027542e+00 3.910830e+00 7.151392e+00 2.587352e+00 5.814091e+01 3.175448e+01 1.305833e+01 5.239705e+01 1.444176e+01 3.366797e+00 1.062481e+01 1.590460e+01 5.000000e-02 8.185576e-01 2.656183e-01 4.976123e-01 5.459115e-01 1.559820e+00 1.415585e+00 1.561290e+00 2.849395e+00 1.352415e+00 2.125767e+00 1.470174e+00 1.857401e+00 5.000000e-02 1.585214e-01 2.005583e-01 5.679731e-02 1.685562e-01 5.164753e-01 1.070169e-01 2.429664e-01 2.264461e-01 3.878851e-01 2.923650e-01 9.347571e-02 2.350531e-01 5.000000e-02
<GCONST> 7.327821e+01
<STATE> 9
<MEAN> 39
 -1.166655e+01 -1.665685e+01 -8.019612e+00 -1.270744e+01 -3.614702e+00 -1.132948e+01 1.186885e+01 1.732175e+00 1.904558e+00 -7.482668e-01 -4.416461e+00 -8.592035e+00 8.235382e-01 7.224090e-01 1.048743e+00 -3.193685e-02 -3.875628e-01 -2.614098e+00 -1.007782e+00 2.778277e-03 -1.044248e+00 -4.593901e-01 1.323074e+00 7.903132e-01 2.744634e-01 1.345002e-02 9.334730e-02 -3.065912e-01 -4.271941e-01 -1.966361e-01 2.472559e-01 -3.905826e-01 -5.145047e-01 2.131620e-01 4.780185e-01 2.236076e-01 -1.239547e-01 1.910958e-01 3.901287e-03
<VARIANCE> 39
 4.725349e+01 7.480762e+00 3.155062e+01 8.045142e+00 1.088686e+02 4.942422e+01 2.663032e+01 8.020799e+01 2.073178e+01 2.333212e+01 3.089139e+01 9.771303e+00 5.000000e-02 4.372440e+00 3.820427e-01 4.752039e+00 2.766919e-01 7.649181e-01 9.897491e-01 8.445187e-01 3.738927e+00 1.269538e+00 2.590955e+00 3.918932e+00 7.001317e-01 5.000000e-02 7.048710e-01 1.350032e-01 4.303385e-01 5.000000e-02 3.417776e-01 3.203689e-01 6.923992e-01 1.660788e+00 7.262440e-02 2.226977e-01 1.554769e-01 3.051294e-01 5.000000e-02
<GCONST> 9.066561e+01
<STATE> 10
<MEAN> 39
 -1.067361e+01 -1.817270e+01 -1.127737e+01 -1.470596e+01 -5.523040e+00 -1.978183e+01 1.213456e+01 5.193024e+00 2.173233e+00 2.895254e+00 -3.700280e+00 -7.270558e+00 8.900785e-01 -9.207026e-01 -1.025329e-01 1.501445e+00 -9.344022e-01 -1.597941e+00 -1.969539e+00 5.873002e-01 -1.693345e-01 9.622975e-01 2.158433e+00 2.018812e+00 5.297655e-01 1.414347e-02 5.899134e-02 8.667137e-02 2.995822e-01 -1.247807e-01 7.648804e-02 3.371870e-01 -4.598367e-02 -2.527300e-01 2.582988e-01 -4.634166e-02 9.684537e-03 -1.830496e-01 3.555439e-04
<VARIANCE> 39
 4.084823e+01 5.472306e+00 5.086282e+01 1.552313e+01 9.594035e+01 3.900151e+01 1.882586e+01 1.557227e+01 1.085042e+01 2.649272e+01 7.872927e+01 1.057890e+01 5.000000e-02 1.636691e+00 3.662608e-01 1.923910e+00 4.501002e-01 1.407493e+00 1.684630e+00 3.803593e+00 7.531862e+00 9.771343e-01 5.555612e-01 4.419379e+00 1.893488e+00 5.000000e-02 6.834159e-01 1.006093e-01 5.726151e-01 5.000000e-02 3.574969e-01 1.944418e-01 4.152519e-01 5.316395e-01 3.522090e-01 1.225327e-01 1.299470e+00 3.619825e-01 5.000000e-02
<GCONST> 9.183686e+01
<STATE> 11
<MEAN> 39
 -1.647106e+01 -1.518247e+01 -1.149051e+00 -1.769916e+01 -1.780634e+01 -1.554650e+01 9.833838e+00 -1.708980e+00 6.688300e+00 1.026066e+01 1.589140e+00 -6.217416e+00 9.242942e-01 3.168668e-01 8.575497e-01 1.136916e+00 -9.982741e-01 -1.583000e+00 -1.919496e-01 -1.123915e+00 -1.269806e+00 4.785522e-01 1.705468e+00 1.919601e-01 1.996485e-01 1.937479e-02 2.542208e-01 -6.913757e-02 -1.562398e-01 2.957356e-02 4.813643e-01 2.018670e-01 -3.829982e-02 2.007706e-01 -1.056574e-01 -5.142426e-01 -4.794194e-01 8.480319e-02 -7.183856e-05
<VARIANCE> 39
 1.030077e+01 4.683647e+00 7.542409e+00 8.190293e+00 2.903843e+01 2.880842e+01 1.649381e+01 1.236808e+01 1.596611e+00 1.240954e+01 6.994006e+00 5.208305e+00 5.000000e-02 2.427571e-01 3.871162e-01 1.147017e+00 5.310587e-01 8.070006e-01 6.002331e-01 1.195881e+00 5.671606e-01 5.108138e-01 2.879156e-01 4.003675e-01 7.310423e-01 5.000000e-02 5.000000e-02 9.749438e-02 2.785723e-01 1.333996e-01 2.403629e-01 1.389233e-01 2.561292e-01 5.110028e-02 5.000000e-02 1.745820e-01 1.664046e-01 1.804340e-01 5.000000e-02
<GCONST> 5.760132e+01
<STATE> 12
<MEAN> 39
 -1.312171e+01 -1.356088e+01 -2.954247e-02 -2.148989e+01 -1.703885e+01 -1.808598e+01 8.995323e+00 -2.114477e+00 7.787206e+00 1.301070e+01 2.745403e+00 -4.924088e+00 9.572551e-01 5.621747e-01 -1.101347e-01 4.433877e-01 -8.360204e-01 1.048311e+00 7.763729e-01 2.614787e-01 -4.566680e-01 -3.510506e-01 -1.403998e+00 -1.230958e+00 -3.649791e-01 -1.519363e-02 2.665875e-03 -2.796918e-01 -1.192262e-01 1.690554e-01 3.849400e-01 1.959428e-01 1.023218e-01 8.056357e-02 -5.817661e-01 -7.925053e-01 -4.326849e-01 -4.517199e-02 -1.169311e-02
<VARIANCE> 39
 1.089651e+01 3.329119e+00 1.431184e+01 1.090206e+01 2.717686e+01 3.439644e+01 3.186038e+01 2.503369e+01 2.011557e+00 4.432023e+00 1.607886e+01 1.008319e+01 5.000000e-02 7.236779e-01 5.179884e-01 8.991753e-01 2.781319e-01 1.646803e+00 6.025652e-01 2.974473e-01 2.215274e-01 7.632517e-01 1.385134e+00 5.120009e-01 1.044387e+00 5.000000e-02 1.182466e-01 6.309073e-02 1.547293e-01 5.000000e-02 2.318886e-01 2.092846e-01 2.658654e-01 1.235460e-01 8.228027e-02 2.712626e-01 1.307423e-01 1.418412e-01 5.000000e-02
<GCONST> 6.247294e+01
<STATE> 13
<MEAN> 39
 -1.139283e+01 -1.527439e+01 1.711082e-02 -2.237472e+01 -1.184668e+01 -1.836226e+01 1.211772e+01 -1.670673e+00 3.585353e+00 5.125941e+00 -2.120886e+00 -7.750251e+00 8.689981e-01 5.850360e-01 -3.283094e-01 5.720366e-01 9.393266e-02 -9.019599e-02 9.798551e-01 -1.398029e+00 -7.856877e-01 -9.873460e-01 -6.108037e-01 -1.432911e+00 3.563406e-01 -2.202127e-02 1.092200e-01 1.267161e-01 -2.533877e-01 5.216972e-01 -4.420567e-01 1.708483e-01 -5.005853e-01 7.201980e-04 2.962538e-01 4.226892e-01 1.392065e-01 3.082712e-01 2.252379e-03
<VARIANCE> 39
 5.190583e+00 1.537785e+00 8.809689e+00 1.105655e+01 3.382357e+01 3.326083e+01 3.636391e+01 3.051490e+01 4.357890e+00 7.224458e+00 1.395302e+01 7.658874e+00 5.000000e-02 4.005499e-01 7.113010e-01 3.914663e-01 1.043284e+00 2.045979e+00 1.810857e+00 2.037962e+00 1.156950e+00 1.302533e+00 3.575227e+00 1.520118e+00 1.106313e+00 5.000000e-02 5.000000e-02 9.699954e-02 8.630016e-02 1.383242e-01 1.648221e-01 1.071674e-01 2.140091e-01 2.722248e-01 1.095036e-01 1.939251e-01 1.155197e-01 1.549809e-01 5.000000e-02
<GCONST> 6.906809e+01
<STATE> 14
<MEAN> 39
 -9.752390e+00 -1.501199e+01 1.052495e+00 -1.888106e+01 -1.799710e+01 -1.316562e+01 4.103393e+00 -4.967955e+00 4.194193e+00 6.923002e+00 -4.458408e+00 -4.270782e+00 8.749177e-01 7.205420e-01 7.953409e-01 -6.786832e-01 8.823970e-01 -6.896830e-01 1.048948e+00 -4.594644e-01 -4.860881e-01 4.493608e-01 -9.470734e-01 -5.324597e-01 3.991394e-01 -1.416120e-02 -1.980972e-01 1.530038e-01 -1.462782e-01 -3.135108e-01 3.629644e-01 -8.290903e-02 6.624640e-01 6.287386e-02 -4.851278e-02 -2.668342e-01 3.798984e-02 -1.524794e-01 -4.927369e-03
<VARIANCE> 39
 4.961833e+00 1.052290e+01 6.589775e+00 2.043285e+01 3.712991e+01 4.139357e+01 4.672097e+00 1.947751e+01 1.361699e+01 2.879116e+01 3.379263e+01 1.121918e+01 5.000000e-02 2.672192e-01 5.063248e-01 1.856641e-01 1.506413e+00 1.486302e+00 5.117695e-01 1.493517e+00 1.495796e+00 6.420124e-01 1.658074e+00 8.355858e-01 6.660091e-01 5.000000e-02 5.275602e-02 1.819779e-01 1.142761e-01 2.502827e-01 5.946780e-01 2.557771e-01 2.060353e-01 2.396448e-01 4.199064e-01 3.890874e-01 2.496137e-01 1.885643e-01 5.000000e-02
<GCONST> 7.407839e+01
<STATE> 15
<MEAN> 39
 -9.805924e+00 -1.276408e+01 -2.007334e+00 -1.955493e+01 -1.560402e+01 -1.275935e+01 8.835975e+00 -6.125226e+00 3.276663e+00 3.883059e+00 -6.189966e+00 -4.884840e+00 8.297793e-01 1.309793e-01 -3.236474e-02 -8.223529e-02 -3.155574e-01 1.285546e+00 3.074110e-01 7.862665e-01 -8.927617e-01 -1.005649e+00 -1.057127e+00 -1.183609e+00 -2.230448e-01 -3.441437e-02 1.882872e-01 -4.213916e-01 4.677373e-01 -1.515812e-01 -1.100498e-01 -2.628172e-01 -4.008438e-01 4.746998e-02 -1.012606e-01 3.057427e-01 6.935618e-02 1.333466e-01 -3.617386e-03
<VARIANCE> 39
 3.330717e+00 6.561704e+00 7.898906e+00 2.152321e+01 1.401763e+01 1.506436e+01 1.251618e+01 1.747862e+01 9.095950e+00 1.477000e+01 2.078366e+01 1.938394e+01 5.000000e-02 2.503716e-01 2.253451e-01 4.778206e-01 1.574228e+00 1.984357e+00 9.042155e-01 1.031713e+00 1.106707e+00 1.314113e+00 8.513988e-01 8.250551e-01 1.374460e+00 5.000000e-02 8.473756e-02 1.075289e-01 7.051286e-02 3.488457e-01 2.857991e-01 6.724449e-02 2.152979e-01 5.017476e-01 2.565970e-01 1.266012e-01 1.927777e-01 2.118293e-01 5.000000e-02
<GCONST> 6.913986e+01
<STATE> 16
<MEAN> 39
 -8.629083e+00 -1.338695e+01 2.665456e-01 -2.055129e+01 -1.259495e+01 -1.188714e+01 7.321480e+00 -8.909234e+00 9.414089e-01 1.346982e+00 -8.560498e+00 -5.363253e+00 7.184540e-01 1.397728e+00 -1.311716e+00 1.639357e+00 -5.205574e-01 -3.593233e-01 3.339837e-02 -1.260460e+00 2.317216e-01 -6.397776e-01 8.549628e-02 -7.591432e-01 9.781578e-01 -4.201102e-02 3.961505e-01 -1.881896e-01 3.428961e-01 6.156631e-01 -8.404324e-01 4.003597e-01 -2.440102e-01 6.220929e-01 2.856565e-01 1.876149e-01 3.427371e-01 1.604583e-01 -4.102962e-03
<VARIANCE> 39
 3.998527e+00 2.443938e+00 1.006126e+01 4.450295e+00 1.821857e+00 1.708800e+01 1.843639e+01 8.059730e+00 4.520368e+00 3.505174e+00 1.421348e+01 1.261253e+01 5.000000e-02 3.155364e-01 4.334541e-01 6.355531e-01 1.200768e+00 2.413022e+00 7.749915e-01 2.372290e-01 1.165062e+00 8.810138e-01 1.287992e+00 1.142219e+00 6.624742e-01 5.000000e-02 5.000000e-02 9.106310e-02 1.411236e-01 4.412764e-01 2.278118e-01 1.512746e-01 3.276169e-01 1.986332e-01 2.404520e-01 1.528585e-01 2.602825e-01 2.391728e-01 5.000000e-02
<GCONST> 6.174196e+01
<STATE> 17
<MEAN> 39
 -4.354125e+00 -1.806067e+01 3.306498e+00 -1.977111e+01 -1.711711e+01 -1.003616e+01 2.394056e+00 -5.705220e+00 1.754803e-01 2.169776e+00 -1.049077e+01 -2.745433e+00 5.926211e-01 1.615403e+00 -7.679750e-01 1.380815e+00 1.224236e+00 -2.492218e+00 1.110940e+00 -9.826149e-01 1.280472e+00 4.821627e-01 -1.848854e-01 4.858988e-01 4.114747e-01 -4.642440e-02 -1.197549e-01 4.512538e-01 -2.329854e-01 4.920574e-01 1.026990e-02 1.744245e-01 3.347522e-01 -2.707161e-02 2.430462e-01 -2.014207e-01 5.900574e-01 -1.222213e-01 4.398838e-04
<VARIANCE> 39
 2.411774e+00 1.804898e+00 1.263731e+01 1.359123e+01 1.241188e+01 9.067177e+00 1.214179e+01 3.364418e+01 6.349412e+00 1.507681e+01 1.173298e+01 1.263461e+01 5.000000e-02 3.491921e-01 5.099292e-01 9.261320e-01 1.140689e+00 1.031938e+00 7.628286e-01 2.668930e+00 1.838850e+00 1.276491e+00 6.666457e-01 2.535442e-01 6.295339e-01 5.000000e-02 5.000000e-02 1.105418e-01 1.285577e-01 2.472880e-01 7.422872e-01 5.000000e-02 1.817629e-01 3.237655e-01 1.145128e-01 1.132490e-01 2.230976e-01 6.800579e-02 5.000000e-02
<GCONST> 6.398079e+01
<STATE> 18
<MEAN> 39
 -1.463859e+00 -1.703524e+01 6.475107e+00 -1.552199e+01 -2.149024e+01 -6.824759e+00 3.511634e+00 -3.908876e+00 2.160062e+00 5.681927e-01 -6.607104e+00 -6.563142e-01 5.165643e-01 7.863433e-01 6.172183e-01 7.349039e-02 2.207015e+00 4.123995e-01 4.186170e-01 -3.581588e-01 -3.390292e-01 1.825825e-02 -3.563735e-01 1.913720e+00 2.494329e-01 -4.095956e-02 -2.772714e-01 3.391385e-01 -5.450098e-01 1.984266e-01 9.796885e-01 -4.444960e-01 -4.424128e-02 -6.841071e-01 -6.996890e-02 1.387599e-01 5.787761e-02 -2.185119e-01 3.385140e-03
<VARIANCE> 39
 1.511130e+00 5.804562e+00 6.292354e+00 1.318159e+01 1.402135e+01 1.902456e+01 1.437317e+01 1.329043e+01 2.397090e+01 1.251560e+01 7.065026e+00 1.447813e+01 5.000000e-02 3.172088e-01 6.492002e-01 6.541011e-01 2.158726e+00 4.552976e+00 2.115008e+00 1.092652e+00 2.107337e+00 1.315973e+00 8.242472e-01 5.533550e-01 1.123045e+00 5.000000e-02 5.000000e-02 5.931082e-02 1.147473e-01 2.742479e-01 4.285861e-01 2.155590e-01 2.866679e-01 3.051064e-01 3.506508e-01 1.722883e-01 2.102544e-01 2.937590e-01 5.000000e-02
<GCONST> 7.223049e+01
<STATE> 19
<MEAN> 39
 -2.940442e-01 -1.391044e+01 3.416095e+00 -9.256849e+00 -1.551951e+01 -8.312519e+00 1.140768e-01 -9.362632e+00 3.498011e+00 2.426008e+00 -2.632980e+00 -2.486740e+00 3.905911e-01 4.168704e-01 9.759045e-01 -5.682215e-01 1.201454e+00 1.118788e+00 -3.652665e-03 -3.938372e-02 -1.081650e+00 -2.940164e-01 7.527112e-02 5.193114e-01 2.371802e-01 -2.183221e-02 -1.404378e-01 -1.402086e-01 -6.944198e-02 -4.548938e-01 -1.665442e-01 5.067582e-02 3.893691e-01 4.924519e-01 -4.347756e-02 -4.419610e-02 -4.755177e-01 -4.522908e-02 2.745955e-03
<VARIANCE> 39
 7.669050e-01 6.451419e+00 5.773526e+00 1.347276e+01 2.027541e+01 1.542821e+01 3.541734e+00 1.459552e+01 8.943884e+00 1.818117e+01 2.144420e+00 1.247977e+01 5.000000e-02 6.328931e-02 7.738175e-01 4.316098e-01 1.766579e+00 1.368811e+00 2.721870e+00 1.209861e+00 9.647928e-01 8.269905e-01 5.338996e-01 6.095363e-01 1.706708e+00 5.000000e-02 5.000000e-02 9.455686e-02 1.018354e-01 3.387348e-01 2.979205e-01 4.215406e-01 1.084496e-01 2.706182e-01 1.733186e-01 1.931928e-01 1.132598e-01 2.850370e-01 5.000000e-02
<GCONST> 6.296202e+01
<STATE> 20
<MEAN> 39
 1.031771e+00 -1.333096e+01 3.237970e+00 -6.773157e+00 -1.395988e+01 -8.490564e+00 3.178473e+00 -6.352233e+00 1.938215e+00 4.841724e-02 -3.207933e+00 -7.671269e-01 3.796356e-01 -1.012009e-01 4.649263e-01 -6.922216e-01 9.135778e-02 5.126771e-01 6.365675e-02 4.658560e-01 5.866893e-01 5.907186e-01 5.609100e-01 -9.171804e-02 -6.409443e-01 -2.544009e-02 -3.671922e-01 2.545692e-03 9.034117e-03 -4.434751e-01 -3.864038e-02 1.406236e-01 4.267474e-02 1.710178e-01 -1.031080e-02 1.269322e-01 -8.921197e-02 -1.370002e-01 -8.291134e-03
<VARIANCE> 39
 3.452597e+00 1.147064e+01 4.110149e+00 1.343422e+01 2.186556e+01 9.548835e+00 3.595924e+00 1.371305e+01 1.362437e+01 9.149755e+00 8.038421e+00 1.025410e+01 5.000000e-02 1.858464e-01 4.131567e-01 8.216161e-01 1.420028e+00 2.278580e+00 1.039305e+00 6.587058e-01 7.729594e-01 2.098207e+00 1.280837e+00 1.565515e+00 5.473496e-01 5.000000e-02 6.014394e-02 1.800375e-01 1.410156e-01 2.523184e-01 4.544504e-01 3.288463e-01 5.000000e-02 1.887383e-01 2.686290e-01 1.094249e-01 4.101479e-01 1.562148e-01 5.000000e-02
<GCONST> 6.676562e+01
<STATE> 21
<MEAN> 39
 -6.805314e-01 -1.138784e+01 3.352250e-01 -9.526828e+00 -1.269964e+01 -6.001669e+00 4.172273e+00 -6.002107e+00 1.580572e+00 1.673996e+00 -3.926366e+00 -4.208517e+00 2.522737e-01 -1.413914e+00 1.342681e-01 -5.299659e-01 5.384813e-01 1.063964e+00 9.526231e-03 9.334967e-02 8.215399e-01 1.400231e-01 3.610094e-01 2.357663e-01 -1.771728e-01 -6.790521e-02 -2.485852e-01 -2.613687e-01 2.377985e-01 4.503957e-01 9.875149e-02 -4.018534e-01 -2.988442e-01 -2.446585e-02 2.197463e-01 2.759021e-01 4.817561e-01 4.017732e-01 -3.107254e-03
<VARIANCE> 39
 2.180723e+00 4.577686e+00 4.042337e+00 5.259120e+00 9.457794e+00 1.306493e+01 7.550981e+00 1.942434e+01 7.242081e+00 7.644008e+00 1.367962e+01 3.595069e+00 5.000000e-02 2.151887e-01 6.631717e-01 2.400912e-01 1.625879e+00 1.651055e+00 9.517139e-01 5.790322e-01 8.409629e-01 7.575697e-01 3.477689e-01 1.284180e+00 6.759995e-01 5.000000e-02 5.613882e-02 5.000000e-02 1.186856e-01 1.666791e-01 3.422670e-01 1.859161e-01 1.854028e-01 4.901144e-01 5.780861e-01 2.419685e-01 1.163803e-01 1.283175e-01 5.000000e-02
<GCONST> 6.000857e+01
<STATE> 22
<MEAN> 39
 -5.085277e+00 -1.169595e+01 1.571379e+00 -6.010985e+00 -1.005822e+01 -8.459730e+00 3.425308e+00 -5.131061e+00 3.096432e+00 3.842552e+00 -1.155423e+00 -2.576766e+00 1.172937e-01 -9.210635e-01 -2.385143e-02 3.391324e-02 5.354763e-01 7.281859e-01 -2.307515e-01 5.344148e-02 5.640711e-01 4.412605e-01 1.104199e+00 1.222009e+00 5.961084e-01 -3.590965e-02 3.038981e-01 2.382413e-02 -1.204705e-02 -9.305780e-02 -1.351477e-02 1.912033e-01 -2.973458e-02 -4.190125e-02 -7.071306e-02 -1.443954e-01 1.149720e-01 1.551518e-02 1.447161e-02
<VARIANCE> 39
 3.177279e+00 3.963130e+00 4.487780e+00 7.966918e+00 1.539175e+01 9.143250e+00 1.180378e+01 1.180943e+01 1.645938e+01 1.943906e+01 6.140508e+00 6.098711e+00 5.000000e-02 4.687325e-01 5.056205e-01 4.203067e-01 9.205105e-01 4.561578e-01 8.405409e-01 1.158187e+00 2.512963e+00 1.963153e+00 1.075297e+00 7.147887e-01 6.770546e-01 5.000000e-02 5.000000e-02 1.150657e-01 5.927178e-02 2.154963e-01 1.400988e-01 1.818978e-01 1.321876e-01 1.928439e-01 2.713781e-01 2.564529e-01 1.571870e-01 1.646685e-01 5.000000e-02
<GCONST> 6.264010e+01
<STATE> 23
<MEAN> 39
 -4.785225e+00 -1.134543e+01 1.236012e-01 -7.034486e+00 -1.090966e+01 -8.793844e+00 5.187351e+00 -2.865051e+00 4.828968e+00 7.988263e+00 4.053709e+00 -1.243557e-01 1.268663e-01 -6.089048e-01 -1.602600e-01 -2.025442e-01 7.235555e-01 1.326685e+00 8.169598e-02 -4.801461e-01 3.570750e-01 -1.537179e-02 -6.239798e-01 3.521802e-01 -1.676119e-01 -2.362337e-02 1.594960e-03 -8.992325e-03 1.682262e-01 1.482547e-01 2.292148e-01 2.237976e-01 -3.353041e-01 -2.906788e-01 -1.882212e-01 -7.307059e-01 -5.574434e-01 -2.538363e-01 -2.699559e-03
<VARIANCE> 39
 4.273035e+00 1.813678e+00 2.336803e+00 3.826855e+00 9.123401e+00 1.155242e+01 6.513609e+00 1.749750e+01 1.220068e+01 1.168707e+01 3.715047e+00 8.318227e+00 5.000000e-02 3.029876e-01 3.547740e-01 6.608602e-01 8.986206e-01 7.382503e-01 1.544542e+00 5.956676e-01 6.620999e-01 7.949670e-02 1.418797e+00 1.108013e+00 8.755552e-01 5.000000e-02 5.456647e-02 7.399637e-02 5.739287e-02 8.694208e-02 5.000000e-02 2.244742e-01 1.799946e-01 1.806865e-01 1.523151e-01 1.742116e-01 1.772165e-01 5.448921e-02 5.000000e-02
<GCONST> 5.195246e+01
<STATE> 24
<MEAN> 39
 -6.994112e+00 -1.224070e+01 3.345955e-01 -4.118216e+00 -5.878296e+00 -6.280297e+00 1.940895e+00 -3.953715e+00 3.944067e+00 3.223498e+00 3.564861e-01 -2.815496e+00 -9.684914e-03 -1.871033e-01 4.557276e-01 2.047740e-01 5.403050e-01 9.170913e-01 5.141855e-01 -8.301415e-01 -2.315142e-01 -5.541916e-02 -5.782862e-01 2.568588e-01 2.220828e-01 -1.395777e-02 2.413116e-01 2.016463e-01 3.425680e-02 -5.523921e-03 3.418588e-03 2.987769e-02 1.991805e-01 2.912373e-02 -1.030905e-01 8.678152e-02 1.850395e-01 1.390699e-01 1.216205e-02
<VARIANCE> 39
 7.125044e-01 3.147253e+00 4.197465e+00 3.188557e+00 7.981296e+00 1.896145e+01 8.435021e+00 1.250113e+01 9.544113e+00 1.143432e+01 7.454656e+00 3.445088e+00 5.000000e-02 3.302101e-01 4.995209e-01 6.208841e-02 2.392170e-01 8.247374e-01 1.582234e+00 9.872345e-01 3.954695e-01 8.558204e-01 1.997187e+00 1.768517e+00 4.179391e-01 5.000000e-02 5.000000e-02 5.675111e-02 5.000000e-02 5.000000e-02 1.375929e-01 3.277887e-01 1.586585e-01 5.000000e-02 1.321105e-01 1.759747e-01 2.221733e-01 1.041179e-01 5.000000e-02
<GCONST> 4.993544e+01
<STATE> 25
<MEAN> 39
 -6.464747e+00 -1.012428e+01 1.514161e+00 -1.911039e+00 -2.622414e+00 -5.451082e+00 2.122254e+00 -3.267109e+00 2.543697e+00 2.282398e+00 3.267549e+00 -1.191548e+00 5.688797e-02 -3.414254e-03 -5.951362e-02 -1.607154e-01 5.264362e-01 1.165671e+00 8.933375e-01 6.280930e-01 -1.084121e-01 -7.559781e-01 -8.191739e-01 -2.043206e-01 -4.890129e-01 2.776843e-03 -2.508735e-02 -1.666283e-01 -1.388918e-01 -1.729480e-01 -1.782060e-01 6.486600e-02 1.478942e-01 -1.038280e-02 -1.335305e-01 -4.911655e-02 -4.165199e-01 -2.147400e-01 -3.427184e-03
<VARIANCE> 39
 2.066510e+00 7.938978e-01 4.360578e+00 5.844864e+00 4.504687e+00 1.084542e+01 6.580217e+00 1.026473e+01 7.131894e+00 1.727794e+01 9.764945e+00 1.060186e+01 5.000000e-02 1.860194e-01 3.021034e-01 2.351764e-01 3.931836e-01 7.645833e-01 1.172458e+00 2.427177e-01 1.270448e+00 1.044587e+00 1.262120e+00 1.864650e+00 1.087983e+00 5.000000e-02 5.000000e-02 5.966764e-02 6.641866e-02 8.589206e-02 1.193179e-01 3.224543e-01 1.878143e-01 1.071029e-01 2.767252e-01 4.278382e-01 2.340239e-01 1.635164e-01 5.000000e-02
<GCONST> 5.487487e+01
<TRANSP> 26
 0.000000e+00 1.000000e+00 0.000000e+00 0.000000e+00 0.000000e+00 0.000000e+00 0.000000e+00 0.000000e+00 0.000000e+00 0.000000e+00 0.000000e+00 0.000000e+00 0.000000e+00 0.000000e+00 0.000000e+00 0.000000e+00 0.000000e+00 0.000000e+00 0.000000e+00 0.000000e+00 0.000000e+00 0.000000e+00 0.000000e+00 0.000000e+00 0.000000e+00 0.000000e+00
 0.000000e+00 6.666325e-01 3.333676e-01 0.000000e+00 0.000000e+00 0.000000e+00 0.000000e+00 0.000000e+00 0.000000e+00 0.000000e+00 0.000000e+00 0.000000e+00 0.000000e+00 0.000000e+00 0.000000e+00 0.000000e+00 0.000000e+00 0.000000e+00 0.000000e+00 0.000000e+00 0.000000e+00 0.000000e+00 0.000000e+00 0.000000e+00 0.000000e+00 0.000000e+00
 0.000000e+00 0.000000e+00 5.000806e-01 4.999194e-01 0.000000e+00 0.000000e+00 0.000000e+00 0.000000e+00 0.000000e+00 0.000000e+00 0.000000e+00 0.000000e+00 0.000000e+00 0.000000e+00 0.000000e+00 0.000000e+00 0.000000e+00 0.000000e+00 0.000000e+00 0.000000e+00 0.000000e+00 0.000000e+00 0.000000e+00 0.000000e+00 0.000000e+00 0.000000e+00
 0.000000e+00 0.000000e+00 0.000000e+00 6.660600e-01 3.339400e-01 0.000000e+00 0.000000e+00 0.000000e+00 0.000000e+00 0.000000e+00 0.000000e+00 0.000000e+00 0.000000e+00 0.000000e+00 0.000000e+00 0.000000e+00 0.000000e+00 0.000000e+00 0.000000e+00 0.000000e+00 0.000000e+00 0.000000e+00 0.000000e+00 0.000000e+00 0.000000e+00 0.000000e+00
 0.000000e+00 0.000000e+00 0.000000e+00 0.000000e+00 5.466801e-01 4.533199e-01 0.000000e+00 0.000000e+00 0.000000e+00 0.000000e+00 0.000000e+00 0.000000e+00 0.000000e+00 0.000000e+00 0.000000e+00 0.000000e+00 0.000000e+00 0.000000e+00 0.000000e+00 0.000000e+00 0.000000e+00 0.000000e+00 0.000000e+00 0.000000e+00 0.000000e+00 0.000000e+00
 0.000000e+00 0.000000e+00 0.000000e+00 0.000000e+00 0.000000e+00 5.453889e-01 4.546112e-01 0.000000e+00 0.000000e+00 0.000000e+00 0.000000e+00 0.000000e+00 0.000000e+00 0.000000e+00 0.000000e+00 0.000000e+00 0.000000e+00 0.000000e+00 0.000000e+00 0.000000e+00 0.000000e+00 0.000000e+00 0.000000e+00 0.000000e+00 0.000000e+00 0.000000e+00
 0.000000e+00 0.000000e+00 0.000000e+00 0.000000e+00 0.000000e+00 0.000000e+00 5.456094e-01 4.543907e-01 0.000000e+00 0.000000e+00 0.000000e+00 0.000000e+00 0.000000e+00 0.000000e+00 0.000000e+00 0.000000e+00 0.000000e+00 0.000000e+00 0.000000e+00 0.000000e+00 0.000000e+00 0.000000e+00 0.000000e+00 0.000000e+00 0.000000e+00 0.000000e+00
 0.000000e+00 0.000000e+00 0.000000e+00 0.000000e+00 0.000000e+00 0.000000e+00 0.000000e+00 6.428204e-01 3.571796e-01 0.000000e+00 0.000000e+00 0.000000e+00 0.000000e+00 0.000000e+00 0.000000e+00 0.000000e+00 0.000000e+00 0.000000e+00 0.000000e+00 0.000000e+00 0.000000e+00 0.000000e+00 0.000000e+00 0.000000e+00 0.000000e+00 0.000000e+00
 0.000000e+00 0.000000e+00 0.000000e+00 0.000000e+00 0.000000e+00 0.000000e+00 0.000000e+00 0.000000e+00 4.433652e-01 5.566348e-01 0.000000e+00 0.000000e+00 0.000000e+00 0.000000e+00 0.000000e+00 0.000000e+00 0.000000e+00 0.000000e+00 0.000000e+00 0.000000e+00 0.000000e+00 0.000000e+00 0.000000e+00 0.000000e+00 0.000000e+00 0.000000e+00
 0.000000e+00 0.000000e+00 0.000000e+00 0.000000e+00 0.000000e+00 0.000000e+00 0.000000e+00 0.000000e+00 0.000000e+00 5.836353e-01 4.163647e-01 0.000000e+00 0.000000e+00 0.000000e+00 0.000000e+00 0.000000e+00 0.000000e+00 0.000000e+00 0.000000e+00 0.000000e+00 0.000000e+00 0.000000e+00 0.000000e+00 0.000000e+00 0.000000e+00 0.000000e+00
 0.000000e+00 0.000000e+00 0.000000e+00 0.000000e+00 0.000000e+00 0.000000e+00 0.000000e+00 0.000000e+00 0.000000e+00 0.000000e+00 6.671670e-01 3.328330e-01 0.000000e+00 0.000000e+00 0.000000e+00 0.000000e+00 0.000000e+00 0.000000e+00 0.000000e+00 0.000000e+00 0.000000e+00 0.000000e+00 0.000000e+00 0.000000e+00 0.000000e+00 0.000000e+00
 0.000000e+00 0.000000e+00 0.000000e+00 0.000000e+00 0.000000e+00 0.000000e+00 0.000000e+00 0.000000e+00 0.000000e+00 0.000000e+00 0.000000e+00 5.827549e-01 4.172451e-01 0.000000e+00 0.000000e+00 0.000000e+00 0.000000e+00 0.000000e+00 0.000000e+00 0.000000e+00 0.000000e+00 0.000000e+00 0.000000e+00 0.000000e+00 0.000000e+00 0.000000e+00
 0.000000e+00 0.000000e+00 0.000000e+00 0.000000e+00 0.000000e+00 0.000000e+00 0.000000e+00 0.000000e+00 0.000000e+00 0.000000e+00 0.000000e+00 0.000000e+00 6.155195e-01 3.844805e-01 0.000000e+00 0.000000e+00 0.000000e+00 0.000000e+00 0.000000e+00 0.000000e+00 0.000000e+00 0.000000e+00 0.000000e+00 0.000000e+00 0.000000e+00 0.000000e+00
 0.000000e+00 0.000000e+00 0.000000e+00 0.000000e+00 0.000000e+00 0.000000e+00 0.000000e+00 0.000000e+00 0.000000e+00 0.000000e+00 0.000000e+00 0.000000e+00 0.000000e+00 6.427259e-01 3.572740e-01 0.000000e+00 0.000000e+00 0.000000e+00 0.000000e+00 0.000000e+00 0.000000e+00 0.000000e+00 0.000000e+00 0.000000e+00 0.000000e+00 0.000000e+00
 0.000000e+00 0.000000e+00 0.000000e+00 0.000000e+00 0.000000e+00 0.000000e+00 0.000000e+00 0.000000e+00 0.000000e+00 0.000000e+00 0.000000e+00 0.000000e+00 0.000000e+00 0.000000e+00 6.428640e-01 3.571360e-01 0.000000e+00 0.000000e+00 0.000000e+00 0.000000e+00 0.000000e+00 0.000000e+00 0.000000e+00 0.000000e+00 0.000000e+00 0.000000e+00
 0.000000e+00 0.000000e+00 0.000000e+00 0.000000e+00 0.000000e+00 0.000000e+00 0.000000e+00 0.000000e+00 0.000000e+00 0.000000e+00 0.000000e+00 0.000000e+00 0.000000e+00 0.000000e+00 0.000000e+00 4.444717e-01 5.555283e-01 0.000000e+00 0.000000e+00 0.000000e+00 0.000000e+00 0.000000e+00 0.000000e+00 0.000000e+00 0.000000e+00 0.000000e+00
 0.000000e+00 0.000000e+00 0.000000e+00 0.000000e+00 0.000000e+00 0.000000e+00 0.000000e+00 0.000000e+00 0.000000e+00 0.000000e+00 0.000000e+00 0.000000e+00 0.000000e+00 0.000000e+00 0.000000e+00 0.000000e+00 4.999846e-01 5.000154e-01 0.000000e+00 0.000000e+00 0.000000e+00 0.000000e+00 0.000000e+00 0.000000e+00 0.000000e+00 0.000000e+00
 0.000000e+00 0.000000e+00 0.000000e+00 0.000000e+00 0.000000e+00 0.000000e+00 0.000000e+00 0.000000e+00 0.000000e+00 0.000000e+00 0.000000e+00 0.000000e+00 0.000000e+00 0.000000e+00 0.000000e+00 0.000000e+00 0.000000e+00 6.428638e-01 3.571362e-01 0.000000e+00 0.000000e+00 0.000000e+00 0.000000e+00 0.000000e+00 0.000000e+00 0.000000e+00
 0.000000e+00 0.000000e+00 0.000000e+00 0.000000e+00 0.000000e+00 0.000000e+00 0.000000e+00 0.000000e+00 0.000000e+00 0.000000e+00 0.000000e+00 0.000000e+00 0.000000e+00 0.000000e+00 0.000000e+00 0.000000e+00 0.000000e+00 0.000000e+00 6.154075e-01 3.845925e-01 0.000000e+00 0.000000e+00 0.000000e+00 0.000000e+00 0.000000e+00 0.000000e+00
 0.000000e+00 0.000000e+00 0.000000e+00 0.000000e+00 0.000000e+00 0.000000e+00 0.000000e+00 0.000000e+00 0.000000e+00 0.000000e+00 0.000000e+00 0.000000e+00 0.000000e+00 0.000000e+00 0.000000e+00 0.000000e+00 0.000000e+00 0.000000e+00 0.000000e+00 6.427848e-01 3.572151e-01 0.000000e+00 0.000000e+00 0.000000e+00 0.000000e+00 0.000000e+00
 0.000000e+00 0.000000e+00 0.000000e+00 0.000000e+00 0.000000e+00 0.000000e+00 0.000000e+00 0.000000e+00 0.000000e+00 0.000000e+00 0.000000e+00 0.000000e+00 0.000000e+00 0.000000e+00 0.000000e+00 0.000000e+00 0.000000e+00 0.000000e+00 0.000000e+00 0.000000e+00 5.000068e-01 4.999933e-01 0.000000e+00 0.000000e+00 0.000000e+00 0.000000e+00
 0.000000e+00 0.000000e+00 0.000000e+00 0.000000e+00 0.000000e+00 0.000000e+00 0.000000e+00 0.000000e+00 0.000000e+00 0.000000e+00 0.000000e+00 0.000000e+00 0.000000e+00 0.000000e+00 0.000000e+00 0.000000e+00 0.000000e+00 0.000000e+00 0.000000e+00 0.000000e+00 0.000000e+00 6.154504e-01 3.845496e-01 0.000000e+00 0.000000e+00 0.000000e+00
 0.000000e+00 0.000000e+00 0.000000e+00 0.000000e+00 0.000000e+00 0.000000e+00 0.000000e+00 0.000000e+00 0.000000e+00 0.000000e+00 0.000000e+00 0.000000e+00 0.000000e+00 0.000000e+00 0.000000e+00 0.000000e+00 0.000000e+00 0.000000e+00 0.000000e+00 0.000000e+00 0.000000e+00 0.000000e+00 3.750094e-01 6.249905e-01 0.000000e+00 0.000000e+00
 0.000000e+00 0.000000e+00 0.000000e+00 0.000000e+00 0.000000e+00 0.000000e+00 0.000000e+00 0.000000e+00 0.000000e+00 0.000000e+00 0.000000e+00 0.000000e+00 0.000000e+00 0.000000e+00 0.000000e+00 0.000000e+00 0.000000e+00 0.000000e+00 0.000000e+00 0.000000e+00 0.000000e+00 0.000000e+00 0.000000e+00 6.113746e-01 3.886254e-01 0.000000e+00
 0.000000e+00 0.000000e+00 0.000000e+00 0.000000e+00 0.000000e+00 0.000000e+00 0.000000e+00 0.000000e+00 0.000000e+00 0.000000e+00 0.000000e+00 0.000000e+00 0.000000e+00 0.000000e+00 0.000000e+00 0.000000e+00 0.000000e+00 0.000000e+00 0.000000e+00 0.000000e+00 0.000000e+00 0.000000e+00 0.000000e+00 0.000000e+00 6.462492e-01 3.537508e-01
 0.000000e+00 0.000000e+00 0.000000e+00 0.000000e+00 0.000000e+00 0.000000e+00 0.000000e+00 0.000000e+00 0.000000e+00 0.000000e+00 0.000000e+00 0.000000e+00 0.000000e+00 0.000000e+00 0.000000e+00 0.000000e+00 0.000000e+00 0.000000e+00 0.000000e+00 0.000000e+00 0.000000e+00 0.000000e+00 0.000000e+00 0.000000e+00 0.000000e+00 0.000000e+00
<ENDHMM>
