~o
<STREAMINFO> 1 39
<VECSIZE> 39<NULLD><MFCC_E_D_A><DIAGC>
~h "Ke^"
<BEGINHMM>
<NUMSTATES> 26
<STATE> 2
<MEAN> 39
 -5.549346e+00 -8.233753e+00 -4.409243e-01 -4.902715e-01 3.362065e+00 -3.843999e+00 2.018246e+00 -2.109335e+00 1.093402e+00 -3.507565e+00 3.138587e+00 -1.876399e+00 6.340979e-02 -7.008457e-01 1.464812e-01 -2.934428e-02 -3.196573e-01 -3.123258e-02 -3.698524e-01 2.502546e-01 -1.272238e-01 -1.049436e-01 3.320432e-01 -9.273331e-01 -2.106422e-01 2.235191e-02 -3.445967e-01 1.355072e-01 -1.450299e-01 -8.486488e-01 -9.481694e-01 -5.163482e-01 1.513586e-01 -5.666326e-02 -1.699638e-01 5.963631e-01 -4.088983e-01 -1.173153e-01 3.732354e-02
<VARIANCE> 39
 3.666400e+00 1.036332e+00 3.404345e+00 4.302383e+00 5.418712e+00 6.920244e+00 1.509605e+01 7.608719e+00 2.015030e+01 7.371057e+00 1.340434e+01 7.600656e+00 5.000000e-02 1.006312e+00 6.974093e-01 5.698847e-01 1.305989e+00 1.351201e+00 1.509659e+00 2.641192e+00 1.345540e+00 1.085278e+00 1.729699e+00 9.344084e-01 9.544571e-01 5.000000e-02 2.338831e-01 8.490205e-02 1.930868e-01 4.249652e-01 4.990428e-01 4.919807e-01 6.071673e-01 4.087085e-01 3.354512e-01 3.951729e-01 2.453211e-01 2.098328e-01 5.000000e-02
<GCONST> 7.234356e+01
<STATE> 3
<MEAN> 39
 -9.448845e+00 -6.230624e+00 -7.809184e-01 -5.543714e+00 -6.281691e-01 -7.156314e+00 4.220940e+00 -2.762645e+00 -8.309022e-01 1.636316e+00 -8.722898e-02 -2.268842e+00 3.044626e-01 -1.450534e+00 -3.339544e-02 -1.801024e+00 -4.219543e+00 -4.351575e+00 -3.118520e+00 4.995323e-01 -7.208401e-01 -9.573106e-01 2.485070e+00 -1.502907e+00 -4.370020e-01 1.869084e-01 4.246074e-01 -7.748585e-01 -4.604807e-01 -6.834117e-01 -7.942669e-01 -5.441890e-01 -4.797385e-02 1.073997e-01 2.838674e-01 3.335016e-01 2.374366e-01 9.724300e-02 2.927303e-02
<VARIANCE> 39
 1.977361e+01 1.168390e+01 1.259393e+01 2.239712e+01 3.083164e+01 4.541280e+01 1.432827e+01 2.389413e+01 2.445730e+01 2.583458e+01 1.343725e+01 1.854859e+01 5.568155e-02 1.750505e+00 6.606085e-01 7.249942e-01 1.775005e+00 2.603394e+00 6.463475e+00 2.743034e+00 2.231845e+00 1.739110e+00 1.129869e+00 1.610289e+00 1.837440e+00 5.000000e-02 4.961430e-01 2.090675e-01 1.445684e-01 3.598720e-01 8.942246e-01 4.499781e-01 1.151050e-01 2.931957e-01 2.515358e-01 7.198136e-01 1.489610e-01 2.387477e-01 5.000000e-02
<GCONST> 9.115574e+01
<STATE> 4
<MEAN> 39
 -1.043858e+01 -8.535554e+00 -5.829675e+00 -1.627492e+01 -1.427654e+01 -1.405058e+01 1.662316e+00 -4.130457e+00 -1.563139e+00 6.140345e+00 -4.639682e+00 -3.142275e+00 7.983821e-01 2.407858e-01 -2.490288e+00 -8.565577e-01 -2.944923e+00 -3.772469e+00 -2.348614e+00 -6.901664e-02 2.835546e-01 1.040090e+00 2.517809e+00 -1.969638e-01 2.399725e-01 1.613755e-01 4.747894e-01 -6.686025e-01 6.751760e-01 1.169394e+00 1.324912e+00 9.955990e-01 2.610674e-01 4.092457e-01 3.476536e-01 -8.694139e-01 4.250067e-01 1.156531e-01 -4.427006e-02
<VARIANCE> 39
 9.261327e+00 7.875180e+00 1.890088e+01 2.070645e+01 2.192439e+01 5.260817e+01 2.679859e+01 1.110354e+01 8.056424e+00 2.023145e+01 8.907435e+00 2.189900e+01 5.000000e-02 1.854186e+00 1.349607e+00 3.578946e+00 2.305866e+00 4.453906e+00 2.249624e+00 1.337754e+00 1.392006e+00 6.964088e-01 2.648467e+00 1.337106e+00 8.174424e-01 5.000000e-02 1.376671e-01 1.623522e-01 1.263848e-01 2.204759e-01 3.082806e-01 5.893937e-01 1.722484e-01 2.610648e-01 3.314625e-01 5.098730e-01 1.467065e-01 2.868027e-01 5.000000e-02
<GCONST> 8.558289e+01
<STATE> 5
<MEAN> 39
 -8.034781e+00 -1.710429e+01 -7.711960e+00 -1.890226e+01 -1.335229e+01 -1.969104e+01 7.699179e+00 -2.028810e+00 1.685313e+00 9.472275e+00 -5.884466e-01 -3.381341e+00 9.572586e-01 2.070043e-01 -2.672026e+00 3.784670e-01 -4.295344e-01 -1.286776e-01 1.434670e+00 9.530680e-01 6.651574e-01 5.495802e-01 -1.325822e+00 -3.568479e-01 -2.946981e-01 3.550063e-02 -3.296804e-01 5.194086e-01 4.809922e-01 1.081236e+00 8.979575e-01 1.309412e+00 1.833856e-02 2.881073e-03 -3.824120e-01 -1.201589e+00 -1.766108e-01 -2.883639e-01 -3.878871e-02
<VARIANCE> 39
 8.661001e+00 3.868471e+00 2.445284e+01 4.042884e+00 4.726352e+01 8.871706e+01 5.403846e+01 7.915313e+00 1.256444e+01 1.812016e+01 1.359891e+01 8.311868e+00 5.000000e-02 5.679407e-01 7.146134e-01 7.723189e-01 9.127663e-01 8.763031e-01 1.720510e+00 9.399530e-01 4.012657e-01 2.682823e-01 4.208171e+00 2.556573e-01 1.355983e+00 5.000000e-02 1.716848e-01 1.237391e-01 3.054501e-01 1.218773e-01 5.193191e-01 5.637697e-01 2.934257e-01 1.004229e-01 1.209989e-01 4.327980e-01 2.435834e-01 1.015964e-01 5.000000e-02
<GCONST> 7.405299e+01
<STATE> 6
<MEAN> 39
 -9.568913e+00 -1.829576e+01 -2.998722e+00 -1.717106e+01 -1.695068e+01 -7.617499e+00 3.066173e+00 -9.883377e-01 7.251093e-01 5.352675e+00 -5.379543e+00 -2.565216e+00 9.561372e-01 8.829443e-02 -1.219728e+00 1.004768e-01 7.555929e-01 -2.519346e-02 1.646692e+00 7.249021e-01 4.723245e-01 -1.363174e-01 -1.719301e+00 -1.693025e-02 -7.095879e-01 4.202730e-03 -8.921762e-02 6.106225e-01 -2.504248e-01 1.251042e-01 1.564548e-01 -1.649949e-01 3.090980e-02 -1.090379e-01 7.993667e-02 -1.634418e-01 1.570468e-01 -1.813461e-01 -8.768240e-03
<VARIANCE> 39
 3.781879e+00 5.435544e+00 1.181065e+01 2.176051e+00 1.524976e+01 3.576730e+01 2.210719e+01 2.978754e+00 2.026034e+00 1.269188e+01 9.541829e+00 1.472152e+01 5.000000e-02 2.783648e-01 3.390048e-01 2.248726e-01 4.690506e-01 5.886688e-01 6.527074e-01 1.428139e-01 5.295301e-01 1.604510e+00 9.610840e-01 1.054188e+00 2.148603e-01 5.000000e-02 5.000000e-02 5.280176e-02 7.055452e-02 1.012630e-01 5.448486e-02 2.033419e-01 6.360027e-02 5.000000e-02 1.858443e-01 1.903296e-01 5.000000e-02 1.217619e-01 5.000000e-02
<GCONST> 4.886538e+01
<STATE> 7
<MEAN> 39
 -1.007803e+01 -1.941269e+01 -3.063204e+00 -1.549585e+01 -1.670591e+01 -5.893752e+00 6.155730e+00 3.306780e-01 2.595124e+00 2.297759e+00 -3.365938e+00 -4.650066e+00 9.729207e-01 -3.033331e-01 -7.601197e-02 -6.054245e-01 3.717415e-01 3.488531e-01 4.569720e-01 7.755257e-01 -2.053139e-02 1.905109e-01 -1.544250e+00 -1.350345e-02 -1.055636e+00 3.924072e-03 -3.944359e-02 2.769828e-01 -2.154495e-01 -6.011729e-02 4.142664e-02 -3.906415e-01 -4.914634e-02 -1.974780e-01 -1.610000e-01 1.482981e-01 -1.757655e-02 1.811133e-02 -1.895685e-03
<VARIANCE> 39
 4.024822e+00 2.276730e+00 8.069425e+00 5.694050e+00 2.766842e+01 3.958745e+01 1.847798e+01 3.555552e+00 6.251801e+00 8.653767e+00 5.805605e+00 6.579981e+00 5.000000e-02 5.000000e-02 3.435670e-01 3.012821e-01 4.147245e-01 4.926155e-01 1.083749e+00 2.732123e-01 7.458934e-01 2.175825e-01 2.293468e-01 2.801169e-01 2.553410e-01 5.000000e-02 5.000000e-02 5.000000e-02 5.926702e-02 5.000000e-02 1.699959e-01 5.062117e-02 1.093441e-01 6.714140e-02 9.392542e-02 1.127071e-01 1.901676e-01 8.993295e-02 5.000000e-02
<GCONST> 4.345346e+01
<STATE> 8
<MEAN> 39
 -9.838872e+00 -2.010156e+01 -7.954483e+00 -1.492909e+01 -1.052807e+01 -1.160160e+01 1.312302e+01 -5.310670e-01 -6.320304e-02 -3.593168e+00 -1.554769e+00 -8.968728e+00 9.673373e-01 -2.059658e-01 2.517731e-01 -2.046072e-01 4.304662e-01 2.145131e-01 4.762439e-01 6.235714e-01 -1.385770e-02 -4.287241e-01 -5.010058e-01 6.235626e-02 -2.233617e-01 -4.107820e-03 3.777438e-02 1.161436e-01 7.510693e-02 -1.207864e-01 -4.579151e-02 -6.318647e-02 -6.176502e-02 3.384067e-02 -1.644321e-01 3.354294e-01 -3.903949e-02 2.007743e-01 -1.520190e-03
<VARIANCE> 39
 3.098779e+00 5.143170e+00 8.283751e+00 7.676429e+00 4.674977e+01 3.949596e+01 4.302021e+01 5.400424e+00 6.543590e+00 9.054841e+00 2.679080e+01 4.248910e+00 5.000000e-02 5.000000e-02 2.335659e-01 4.188736e-01 3.485953e-01 7.016850e-01 4.854698e-01 6.773083e-01 3.634418e-01 4.458388e-01 9.027190e-01 1.455963e+00 3.670464e-01 5.000000e-02 5.000000e-02 7.521574e-02 5.000000e-02 7.554113e-02 1.333084e-01 1.449530e-01 1.013092e-01 1.343333e-01 5.309317e-02 1.469809e-01 2.594213e-01 5.000000e-02 5.000000e-02
<GCONST> 5.240376e+01
<STATE> 9
<MEAN> 39
 -1.033635e+01 -1.844442e+01 -6.568658e+00 -1.464075e+01 -1.301796e+01 -7.988249e+00 1.062616e+01 -8.692873e-01 -8.358752e-01 -2.090824e+00 -4.152498e+00 -7.517161e+00 9.536461e-01 -2.824690e-01 2.832023e-01 -2.451790e-01 -3.288671e-01 3.743959e-02 2.827342e-01 3.538184e-01 3.693756e-01 -8.003457e-01 1.868837e-02 -1.212259e-01 4.612326e-02 -3.844902e-03 -5.415881e-02 -1.035443e-01 -4.720020e-02 -1.188529e-01 -2.411020e-01 9.415881e-02 -5.863643e-02 1.168400e-01 2.731217e-02 3.109287e-01 3.679407e-02 1.624749e-01 2.988424e-04
<VARIANCE> 39
 2.333944e+00 1.869368e+00 1.406878e+01 2.888160e+00 3.534224e+01 4.934887e+01 2.831340e+01 2.218014e+00 1.422771e+01 9.755571e+00 1.284319e+01 4.185838e+00 5.000000e-02 1.531731e-01 2.548517e-01 5.591052e-01 3.253505e-01 3.568001e-01 5.021631e-01 4.765506e-01 7.162964e-01 2.855233e-01 5.555674e-02 5.397700e-01 2.365112e-01 5.000000e-02 5.000000e-02 5.000000e-02 1.698588e-01 5.033018e-02 5.000000e-02 1.594448e-01 5.000000e-02 1.024629e-01 1.674302e-01 1.296623e-01 3.702789e-01 6.376684e-02 5.000000e-02
<GCONST> 4.601010e+01
<STATE> 10
<MEAN> 39
 -1.065007e+01 -1.800815e+01 -9.927081e+00 -1.360841e+01 -1.127315e+01 -9.925108e+00 1.371926e+01 8.769426e-01 -3.294415e+00 -2.242759e+00 -1.172456e+00 -7.934887e+00 9.251577e-01 -2.373639e-01 3.343742e-02 -3.344386e-01 -7.397487e-02 -5.154827e-01 4.583887e-01 8.750789e-02 3.843454e-01 -1.960395e-01 7.336090e-01 -1.607168e-01 4.544639e-01 -5.296855e-03 6.947182e-02 -9.288483e-02 1.964204e-01 -8.028539e-02 1.442535e-01 -6.856213e-02 -8.978241e-02 -1.772182e-01 1.300584e-01 -8.298978e-03 -2.519509e-01 8.095143e-02 1.227957e-03
<VARIANCE> 39
 2.407674e+00 4.313023e+00 7.645469e+00 3.912518e+00 3.452153e+01 3.147034e+01 1.377090e+01 7.436333e+00 1.001526e+01 4.472214e+00 2.312119e+01 1.709142e+00 5.000000e-02 9.302693e-02 3.898136e-01 4.213390e-01 3.334970e-01 2.832591e-01 6.172917e-01 7.345222e-01 5.493374e-01 9.446840e-01 5.459017e-01 1.644582e+00 2.668960e-01 5.000000e-02 5.000000e-02 6.308608e-02 5.127277e-02 5.000000e-02 6.699138e-02 7.332223e-02 5.810913e-02 5.659863e-02 7.901770e-02 5.000000e-02 2.667884e-01 6.305012e-02 5.000000e-02
<GCONST> 4.573294e+01
<STATE> 11
<MEAN> 39
 -1.230295e+01 -1.802617e+01 -5.974801e+00 -1.646025e+01 -1.559865e+01 -4.099422e+00 1.149537e+01 3.134651e-01 -2.464315e+00 -2.195830e-01 -6.274258e+00 -5.386272e+00 9.466993e-01 -1.140274e-02 -4.400359e-02 1.734028e-01 2.903208e-02 2.149055e-01 8.058359e-02 -1.018077e-03 -2.931477e-01 9.884425e-02 -2.794941e-01 7.699610e-02 5.597053e-01 -3.871111e-03 1.743175e-01 2.975269e-02 -8.368082e-02 2.267381e-01 1.826791e-02 -5.518746e-02 -2.696937e-01 -3.154224e-01 3.962016e-01 -7.205497e-02 3.058049e-01 -2.186688e-01 7.853217e-04
<VARIANCE> 39
 2.194267e+00 2.487954e+00 1.106469e+01 3.834564e+00 1.283791e+01 3.521840e+01 8.398488e+00 2.340625e+00 5.788132e+00 1.499229e+01 1.438158e+01 6.373778e+00 5.000000e-02 1.045888e-01 1.274422e-01 1.947789e-01 6.127648e-01 1.879733e-01 1.143029e-01 5.335255e-01 3.756220e-01 1.422388e+00 8.075844e-01 1.549340e+00 2.445816e-01 5.000000e-02 5.000000e-02 6.785744e-02 5.000000e-02 1.108489e-01 6.222724e-02 6.257727e-02 6.389451e-02 7.179312e-02 2.190336e-01 2.280307e-01 1.869694e-01 9.147447e-02 5.000000e-02
<GCONST> 4.460653e+01
<STATE> 12
<MEAN> 39
 -1.150454e+01 -1.805200e+01 -7.514665e+00 -1.416667e+01 -1.495146e+01 -5.535616e+00 1.042375e+01 -2.394746e+00 -3.300039e-01 -2.768562e+00 -3.120664e+00 -5.999856e+00 9.246956e-01 4.426329e-01 2.702727e-01 -3.485397e-01 2.001060e-02 5.496734e-02 -3.217224e-02 -7.066428e-01 -1.257905e+00 6.139483e-01 5.969781e-01 -7.897014e-02 -5.726885e-01 2.445246e-03 9.002767e-02 8.211392e-02 -1.190888e-01 -3.432349e-01 3.569983e-02 3.169666e-02 -7.807960e-02 2.106648e-01 -2.295166e-01 3.970814e-01 -5.943788e-01 -2.541707e-01 3.149649e-03
<VARIANCE> 39
 3.374364e+00 2.769771e+00 7.024283e+00 8.412382e+00 2.926375e+01 4.477243e+01 1.412905e+01 5.421920e+00 1.116461e+01 2.453606e+00 4.116332e+00 3.135219e+00 5.000000e-02 6.847994e-02 3.888125e-01 9.608967e-02 7.980959e-01 3.654520e-01 3.165008e-01 1.030960e-01 7.729338e-01 4.716629e-01 8.817214e-01 1.081155e+00 1.054690e-01 5.000000e-02 5.000000e-02 5.000000e-02 5.000000e-02 5.000000e-02 5.942385e-02 6.135073e-02 8.947111e-02 2.176040e-01 6.587776e-02 1.611863e-01 1.446309e-01 5.000000e-02 5.000000e-02
<GCONST> 4.144890e+01
<STATE> 13
<MEAN> 39
 -1.041920e+01 -1.672469e+01 -7.891276e+00 -1.551105e+01 -1.485593e+01 -3.597623e+00 8.517116e+00 -3.431475e+00 6.672626e-01 1.815813e+00 -6.544227e+00 -6.982626e+00 9.412331e-01 3.970375e-01 3.811504e-01 -5.130233e-01 -6.207798e-01 3.966978e-01 3.033825e-01 -6.514367e-01 8.448339e-01 -9.131234e-02 3.084929e-01 -1.041249e+00 -7.548605e-01 4.934504e-04 -7.235510e-02 2.466649e-02 9.780925e-02 -7.523783e-02 -9.500123e-03 1.336376e-01 1.364944e-01 5.339134e-01 -1.506581e-01 -2.131833e-01 -2.407403e-02 2.543087e-02 -2.040436e-03
<VARIANCE> 39
 2.088230e+00 4.634716e+00 7.300025e+00 1.198380e+01 2.113745e+01 2.370769e+01 1.083325e+01 1.273295e+01 6.948506e+00 5.528046e+00 9.310750e+00 3.737343e+00 5.000000e-02 5.000000e-02 1.904910e-01 2.547507e-01 4.413440e-01 5.181122e-01 7.466618e-01 3.081069e-01 1.467924e+00 4.429457e-01 1.280139e+00 7.718773e-01 1.533158e-01 5.000000e-02 5.000000e-02 5.000000e-02 1.281990e-01 1.233170e-01 1.144890e-01 9.986973e-02 1.118780e-01 2.091454e-01 6.330284e-02 2.192937e-01 2.269365e-01 5.388653e-02 5.000000e-02
<GCONST> 4.944295e+01
<STATE> 14
<MEAN> 39
 -9.394921e+00 -1.638067e+01 -1.108131e+01 -1.613417e+01 -8.464905e+00 -7.824903e+00 1.366736e+01 4.247381e+00 -3.400528e+00 4.043300e-01 -5.955474e+00 -9.904405e+00 9.451690e-01 -1.381656e-01 1.794629e-01 6.584322e-01 -6.674213e-01 1.848459e-01 3.526590e-01 2.712261e-02 5.328784e-01 8.898733e-02 -2.451800e-02 -4.811801e-01 3.263803e-01 -1.915394e-02 8.469196e-03 -1.448447e-01 3.876639e-01 2.938901e-01 -6.614571e-02 -5.829623e-03 -9.971830e-02 -3.750909e-01 1.613749e-01 -1.774980e-02 3.447935e-01 3.399261e-01 -1.400355e-02
<VARIANCE> 39
 5.201378e+00 6.815342e+00 8.951403e+00 1.446243e+01 2.523384e+01 2.429392e+01 4.458315e+01 2.215508e+01 1.123234e+01 5.007819e+00 1.260848e+01 4.919181e+00 5.000000e-02 6.294752e-01 8.771435e-02 1.028725e+00 8.489906e-01 6.448155e-01 3.056484e-01 1.242331e+00 2.529103e+00 8.852425e-01 2.493338e-01 8.247164e-01 1.210632e+00 5.000000e-02 4.617851e-01 8.981883e-02 5.285216e-02 2.176615e-01 2.903898e-01 8.476744e-02 3.007590e-01 4.624439e-01 1.130030e-01 1.785705e-01 5.000000e-02 1.614421e-01 5.000000e-02
<GCONST> 6.552180e+01
<STATE> 15
<MEAN> 39
 -8.156449e+00 -1.778000e+01 -6.454574e+00 -1.799846e+01 -1.105911e+01 -5.408426e+00 8.983525e+00 5.825679e-01 -1.205183e+00 3.877035e-02 -6.228606e+00 -6.451541e+00 8.082677e-01 7.631055e-01 -3.516692e-01 9.403834e-01 1.269492e+00 -6.980745e-01 1.118773e+00 -3.591403e-01 -1.826993e-01 3.751878e-01 3.085413e-01 5.610077e-01 -6.452936e-03 -4.482001e-02 -5.302712e-02 1.676916e-01 4.945777e-02 5.013546e-01 -2.941156e-01 2.651971e-01 4.397981e-01 3.160118e-01 2.148705e-01 2.391982e-01 2.821948e-01 3.201792e-02 -4.589506e-03
<VARIANCE> 39
 1.690157e+01 1.326062e+01 1.800977e+01 2.543575e+01 2.690796e+01 4.033230e+01 1.554322e+01 1.669880e+01 1.258343e+01 7.095751e+00 1.487839e+01 9.187793e+00 5.000000e-02 4.711592e+00 1.373179e+00 1.054278e+00 1.041766e+00 1.593957e+00 7.999365e-01 2.006690e+00 3.776381e+00 1.516167e-01 1.079331e+00 6.521640e-01 4.703193e-01 5.000000e-02 3.560181e-01 1.564284e-01 2.692341e-01 2.518753e-01 2.115300e-01 2.516713e-01 1.415905e-01 5.730911e-01 3.255649e-01 5.000000e-02 1.092865e-01 2.881422e-01 5.000000e-02
<GCONST> 7.882530e+01
<STATE> 16
<MEAN> 39
 -1.014741e+01 -1.536776e+01 -6.102002e+00 -1.580300e+01 -1.432699e+01 -1.419728e+00 7.793364e+00 2.457751e+00 1.300688e-01 1.885486e+00 -7.298247e+00 -8.599796e+00 7.940607e-01 2.507879e-01 4.620478e-01 1.269446e+00 1.073620e+00 -1.212454e+00 9.380211e-01 4.543561e-01 8.877380e-01 6.158267e-01 6.371155e-01 4.542829e-01 7.760280e-01 -6.190096e-02 6.169535e-01 -4.770052e-01 2.319361e-01 -3.909777e-02 -3.181004e-01 -8.475851e-02 1.052421e-01 -2.730313e-01 1.231004e-01 -3.754046e-01 5.363011e-02 2.188854e-01 -1.027877e-02
<VARIANCE> 39
 2.744034e+01 1.093551e+01 1.324503e+01 1.485275e+01 7.791607e+00 2.150009e+01 1.473841e+01 3.538696e+00 3.807956e+00 1.963118e+00 1.866609e+01 6.604315e+00 5.000000e-02 1.765878e+00 9.824106e-01 5.297743e-01 8.807287e-01 1.137779e+00 1.504036e+00 5.635201e-01 6.400774e-01 3.214885e+00 1.019573e+00 1.728034e-01 7.901846e-01 5.000000e-02 5.915052e-01 2.958370e-01 1.918781e-01 1.479178e-01 1.796588e-01 1.638388e-01 2.908303e-01 1.760657e-01 1.202156e-01 1.591682e-01 1.997428e-01 9.899575e-02 5.000000e-02
<GCONST> 6.839723e+01
<STATE> 17
<MEAN> 39
 -8.173135e+00 -1.521599e+01 -2.720487e+00 -1.358927e+01 -1.629685e+01 6.311151e-01 1.052971e+01 3.969264e+00 2.831076e+00 3.471901e+00 -6.211412e+00 -4.539358e+00 6.336619e-01 2.453083e+00 -1.612204e+00 1.538238e+00 8.838961e-01 -1.148836e+00 7.927545e-01 1.144408e+00 -3.116207e-01 5.937593e-01 -1.011148e+00 8.290110e-01 8.417192e-01 -6.923947e-02 5.105562e-01 -4.699986e-01 -2.608259e-01 -1.028369e-01 1.274794e-01 -4.318781e-01 -1.709008e-01 -7.273350e-01 -3.162487e-01 -5.228015e-01 1.723152e-01 -3.012388e-01 6.499027e-03
<VARIANCE> 39
 2.126346e+01 8.405758e+00 6.185280e+00 1.454590e+01 2.658334e+01 5.497521e+00 2.850868e+01 9.844673e+00 1.615333e+01 1.580806e+01 2.096063e+01 6.708074e+00 5.000000e-02 2.053742e+00 1.717680e+00 1.074859e+00 2.746814e-01 2.054801e+00 1.307455e+00 2.488604e+00 1.330987e+00 6.722078e-01 8.986146e-01 1.525933e+00 1.209954e+00 5.000000e-02 3.778231e-01 2.692190e-01 1.004071e-01 2.264568e-01 7.293273e-01 2.709170e-01 7.456957e-01 2.383844e-01 5.445510e-01 2.063279e-01 2.053752e-01 1.361853e-01 5.000000e-02
<GCONST> 8.064051e+01
<STATE> 18
<MEAN> 39
 -7.142884e-01 -2.214221e+01 6.363959e-01 -1.224396e+01 -1.933573e+01 3.159106e-01 1.098325e+01 -5.788435e-01 1.810609e+00 -2.223690e+00 -3.690997e+00 -4.818830e+00 5.017254e-01 1.502233e+00 -5.104429e-01 1.908589e-01 7.860280e-01 5.046449e-01 -8.292488e-01 -3.674676e-01 -1.936173e+00 -4.766879e-01 -6.624687e-01 8.509966e-01 -6.850555e-02 -3.828432e-02 -7.051575e-01 8.482121e-01 -6.193543e-01 -2.874579e-02 7.164469e-01 -1.842331e-01 -2.295290e-01 -2.622583e-02 -5.321791e-02 5.909237e-01 -1.514210e-01 -2.929449e-02 8.470522e-03
<VARIANCE> 39
 1.524254e+00 2.533201e+00 5.903913e+00 7.330323e+00 1.103755e+01 1.159227e+01 1.787845e+01 1.430085e+01 2.959328e+00 7.948584e+00 1.277288e+01 7.460900e+00 5.000000e-02 9.711817e-01 2.833095e+00 1.375012e+00 1.791448e+00 4.311932e+00 1.014911e+00 3.150579e+00 1.737481e+00 9.897399e-01 1.154805e+00 8.034342e-01 5.183498e-01 5.000000e-02 6.251670e-02 2.086846e-01 1.259527e-01 1.742638e-01 5.423889e-01 3.498733e-01 6.273195e-01 4.704491e-01 1.482212e-01 1.474815e-01 1.421610e-01 1.701112e-01 5.000000e-02
<GCONST> 7.168079e+01
<STATE> 19
<MEAN> 39
 1.456272e+00 -1.882897e+01 -3.097453e+00 -8.683529e+00 -1.345366e+01 -2.859328e+00 8.960630e+00 -3.517977e+00 1.090127e-01 -1.519374e+00 -1.817042e+00 -4.922219e+00 4.261712e-01 -1.513046e-01 7.538261e-01 -9.130839e-01 8.686630e-02 9.539793e-01 1.768503e-01 -2.271026e-01 -5.120196e-01 2.277082e-01 7.981776e-01 1.519593e-01 1.939075e-01 -2.972516e-02 -2.623242e-01 3.834115e-02 3.130583e-02 -1.456596e-01 -4.373718e-02 2.599063e-01 1.640484e-01 5.081528e-01 1.436484e-01 2.398336e-02 -1.422270e-01 -1.377216e-02 -4.404649e-04
<VARIANCE> 39
 1.752464e+00 7.397259e+00 2.432132e+01 1.925712e+01 5.561285e+00 1.146536e+01 1.008630e+01 2.165531e+01 2.257305e+00 6.584537e+00 3.276884e+00 7.126016e+00 5.000000e-02 4.355367e-01 7.280719e-01 1.199784e+00 1.376868e+00 1.022171e+00 5.669627e-01 9.923894e-01 1.538005e+00 3.448937e-01 1.465833e+00 5.564191e-01 2.317258e-01 5.000000e-02 5.000000e-02 1.713871e-01 3.673294e-01 4.017838e-01 3.987521e-01 1.160958e-01 1.427812e-01 1.970417e-01 6.985987e-02 2.502059e-01 1.138201e-01 1.104889e-01 5.000000e-02
<GCONST> 6.155355e+01
<STATE> 20
<MEAN> 39
 -2.321921e-01 -1.787732e+01 -4.166051e+00 -1.024733e+01 -1.384924e+01 -1.068351e-01 1.065829e+01 -3.608607e+00 2.826936e+00 4.023745e-01 -2.653810e+00 -3.250420e+00 3.551938e-01 5.769761e-02 1.115013e+00 8.978602e-02 1.142722e+00 1.255834e+00 -3.497123e-01 8.483388e-03 6.900364e-01 -2.299439e-01 -5.594511e-01 5.717707e-03 -2.634497e-02 -1.934878e-02 -6.989141e-03 4.685454e-02 3.415554e-01 1.331505e-01 1.903429e-01 -1.179666e-01 2.379336e-02 1.807700e-01 -3.291558e-01 -2.685215e-01 2.069569e-01 -1.751701e-01 3.947575e-03
<VARIANCE> 39
 4.118377e+00 1.193043e+01 1.364188e+01 6.421746e+00 2.553742e+01 1.061432e+01 1.416582e+01 1.332881e+01 4.568204e+00 2.238455e+01 6.930914e+00 5.176045e+00 5.000000e-02 4.987491e-01 8.005894e-01 1.548897e+00 9.815943e-01 1.780458e+00 7.717651e-01 1.197736e+00 6.766864e-01 6.556857e-01 1.467016e+00 3.653528e-01 1.076911e+00 5.000000e-02 6.065658e-02 1.334505e-01 2.247065e-01 2.165736e-01 3.461866e-01 1.173651e-01 2.340155e-01 2.081911e-01 5.583017e-02 6.077927e-01 1.248711e-01 1.286311e-01 5.000000e-02
<GCONST> 6.716609e+01
<STATE> 21
<MEAN> 39
 -9.612023e-01 -1.502030e+01 -1.432244e+00 -5.574125e+00 -8.490041e+00 -1.956847e+00 9.747643e+00 -1.568955e+00 -2.547536e-01 -2.447349e+00 -8.857323e-01 -5.999762e+00 2.941399e-01 -5.473423e-01 2.783801e-01 -3.450206e-01 -7.276417e-02 8.966424e-01 9.317784e-02 9.103262e-01 7.232893e-01 -2.934447e-01 -2.444437e-01 5.462085e-01 -1.653710e-02 -2.067803e-02 -2.052179e-02 -4.262472e-02 -1.376045e-01 -2.944016e-01 -3.193415e-01 -6.701460e-02 -1.863022e-01 -3.698581e-02 3.693303e-01 6.843995e-02 -2.349310e-01 2.078903e-01 -1.671541e-03
<VARIANCE> 39
 6.680776e+00 9.845230e+00 1.650589e+01 1.660314e+00 1.573634e+01 6.488886e+00 1.657664e+01 3.056884e+01 1.057243e+01 1.144458e+01 5.970434e+00 7.410887e+00 5.000000e-02 1.361736e-01 4.349402e-01 1.192922e+00 1.000133e+00 1.552101e+00 8.193923e-01 7.281263e-01 1.675805e+00 8.351947e-01 2.176073e+00 1.189500e+00 9.557392e-01 5.000000e-02 5.357117e-02 1.314325e-01 1.220466e-01 1.299272e-01 2.667803e-01 1.058299e-01 2.683647e-01 2.131866e-01 1.529994e-01 2.591342e-01 1.715420e-01 1.758782e-01 5.000000e-02
<GCONST> 6.588480e+01
<STATE> 22
<MEAN> 39
 -1.853732e+00 -1.333550e+01 -5.017157e+00 -8.448963e+00 -7.087070e+00 -5.387953e-01 1.229818e+01 6.184797e-01 5.493513e-01 -1.105838e+00 -1.448665e-01 -4.184532e+00 2.046207e-01 2.357845e-03 1.159228e+00 6.101487e-01 2.570876e-01 5.206506e-01 -6.234456e-01 -1.133408e+00 1.904301e-01 5.402675e-01 2.029736e-01 8.581242e-02 2.922792e-01 -1.751255e-02 1.389395e-02 -1.016155e-02 3.777528e-01 4.340330e-01 1.107555e-01 -1.078883e-01 -3.313498e-01 -1.456324e-01 2.322437e-02 8.762560e-03 -7.766642e-02 9.483413e-02 1.379281e-03
<VARIANCE> 39
 5.271983e+00 1.603320e+00 5.893911e+00 5.962591e+00 8.582185e+00 5.632503e+00 5.909759e+00 1.265075e+01 2.781247e+00 2.037027e+01 3.462075e+00 2.240287e+00 5.000000e-02 2.460097e-01 2.480727e-01 5.625373e-01 7.014686e-01 7.416965e-01 3.702212e-01 9.804633e-01 6.792590e-01 7.283176e-01 9.182082e-01 7.937094e-01 1.152314e+00 5.000000e-02 5.000000e-02 9.772272e-02 1.370807e-01 7.012431e-02 1.289934e-01 8.668777e-02 9.760255e-02 1.558505e-01 1.423306e-01 3.661498e-01 2.061381e-01 1.162253e-01 5.000000e-02
<GCONST> 5.141415e+01
<STATE> 23
<MEAN> 39
 -8.567805e-01 -1.192022e+01 -1.099404e+00 -5.445833e+00 -8.324071e+00 -5.526556e+00 6.563691e+00 1.489630e-01 3.241292e+00 -1.509920e+00 -1.145948e+00 -2.597623e+00 2.203467e-01 -3.759405e-01 5.339939e-01 8.440351e-01 1.513388e+00 1.450340e+00 1.704496e-01 -7.612520e-01 1.168615e-01 3.347944e-01 -2.036201e-01 -5.397712e-01 -5.998647e-02 -2.495106e-02 -1.269471e-01 -5.709609e-02 -1.222170e-01 5.258994e-02 1.572161e-01 3.535600e-01 2.858948e-01 -1.357467e-01 -2.816055e-01 -6.772878e-02 -1.155143e-02 -1.348596e-01 -2.461984e-03
<VARIANCE> 39
 6.558568e+00 6.917083e+00 3.104458e+00 5.595421e+00 1.557371e+01 1.883564e+01 1.320387e+01 2.926153e+01 6.392843e+00 1.391166e+01 9.458522e+00 8.573490e+00 5.000000e-02 4.257568e-01 5.127277e-01 7.950835e-01 2.385600e-01 1.172956e+00 1.466273e+00 1.278483e+00 1.357320e+00 5.359852e-01 1.713895e+00 2.130905e-01 8.511438e-01 5.000000e-02 1.092604e-01 5.521584e-02 1.199840e-01 1.622923e-01 2.727396e-01 1.296719e-01 1.329804e-01 2.354796e-01 1.573200e-01 3.992524e-01 2.359284e-01 3.006960e-01 5.000000e-02
<GCONST> 6.472971e+01
<STATE> 24
<MEAN> 39
 -2.246134e+00 -9.926479e+00 8.509213e-01 -2.485274e+00 -3.359861e+00 -2.704071e+00 6.946071e+00 -6.034477e-01 9.272641e-01 -1.582883e+00 -1.930855e+00 -4.522005e+00 1.762454e-01 -9.122954e-01 2.830946e-01 1.430446e-01 2.815222e-01 3.568875e-01 5.543156e-02 -6.519662e-02 1.387416e-01 -2.106254e-01 -2.640989e-01 1.494824e-01 4.650941e-01 -3.333464e-02 -1.898934e-01 -2.631499e-01 -2.122896e-01 -4.295018e-01 -3.230189e-01 4.864736e-02 1.230904e-01 -1.152483e-01 -5.186298e-04 -5.743862e-02 3.137631e-01 2.590918e-01 -1.318544e-03
<VARIANCE> 39
 2.123250e+00 3.375855e+00 3.357410e+00 2.800165e+00 5.304116e+00 7.064000e+00 4.996670e+00 1.139337e+01 1.218220e+01 2.119187e+00 4.031209e+00 5.849239e+00 5.000000e-02 6.726098e-01 7.084536e-01 1.261366e+00 6.202653e-01 7.847260e-01 4.842225e-01 7.117181e-01 1.585549e+00 1.511558e+00 1.137280e+00 1.142797e+00 9.890091e-01 5.000000e-02 5.270154e-02 5.447415e-02 1.584169e-01 8.364618e-02 2.555309e-01 1.909520e-01 1.282192e-01 5.198007e-01 2.444489e-01 9.117831e-02 1.199344e-01 2.801276e-01 5.000000e-02
<GCONST> 5.670556e+01
<STATE> 25
<MEAN> 39
 -5.553288e+00 -1.110276e+01 -9.452949e-01 -4.478041e+00 -4.125587e+00 -1.590323e+00 7.756068e+00 -1.098667e+00 1.239636e+00 -2.581195e+00 3.017299e-01 -9.964303e-01 8.437188e-02 -6.347440e-01 1.250876e-01 1.396751e-01 -4.459936e-01 9.278309e-02 1.135981e-01 -3.262441e-01 -5.153292e-01 2.312220e-01 4.688305e-01 6.561185e-01 7.149017e-01 -1.423906e-02 3.066729e-01 1.414327e-02 4.508780e-02 1.418682e-02 6.540179e-02 -8.217133e-02 -1.221118e-01 3.631846e-02 2.138017e-01 2.524889e-01 -8.183333e-02 -3.734844e-01 1.038377e-02
<VARIANCE> 39
 1.651149e+00 2.841563e+00 1.020899e+01 3.862163e+00 1.041274e+01 6.796947e+00 7.465223e+00 2.188328e+01 7.003296e+00 1.213755e+01 6.344974e+00 5.564526e+00 5.000000e-02 2.175623e-01 1.384633e-01 5.026227e-01 5.135434e-01 1.512513e+00 1.294765e+00 8.425857e-01 2.464084e+00 1.334027e+00 1.235023e+00 1.206483e+00 1.803505e+00 5.000000e-02 5.000000e-02 5.022829e-02 1.243217e-01 8.031119e-02 3.325027e-01 1.127309e-01 7.914597e-02 2.925756e-01 3.290095e-01 3.154861e-01 2.260456e-01 2.036031e-01 5.000000e-02
<GCONST> 6.010829e+01
<TRANSP> 26
 0.000000e+00 1.000000e+00 0.000000e+00 0.000000e+00 0.000000e+00 0.000000e+00 0.000000e+00 0.000000e+00 0.000000e+00 0.000000e+00 0.000000e+00 0.000000e+00 0.000000e+00 0.000000e+00 0.000000e+00 0.000000e+00 0.000000e+00 0.000000e+00 0.000000e+00 0.000000e+00 0.000000e+00 0.000000e+00 0.000000e+00 0.000000e+00 0.000000e+00 0.000000e+00
 0.000000e+00 6.875082e-01 3.124918e-01 0.000000e+00 0.000000e+00 0.000000e+00 0.000000e+00 0.000000e+00 0.000000e+00 0.000000e+00 0.000000e+00 0.000000e+00 0.000000e+00 0.000000e+00 0.000000e+00 0.000000e+00 0.000000e+00 0.000000e+00 0.000000e+00 0.000000e+00 0.000000e+00 0.000000e+00 0.000000e+00 0.000000e+00 0.000000e+00 0.000000e+00
 0.000000e+00 0.000000e+00 5.454299e-01 4.545701e-01 0.000000e+00 0.000000e+00 0.000000e+00 0.000000e+00 0.000000e+00 0.000000e+00 0.000000e+00 0.000000e+00 0.000000e+00 0.000000e+00 0.000000e+00 0.000000e+00 0.000000e+00 0.000000e+00 0.000000e+00 0.000000e+00 0.000000e+00 0.000000e+00 0.000000e+00 0.000000e+00 0.000000e+00 0.000000e+00
 0.000000e+00 0.000000e+00 0.000000e+00 5.000023e-01 4.999977e-01 0.000000e+00 0.000000e+00 0.000000e+00 0.000000e+00 0.000000e+00 0.000000e+00 0.000000e+00 0.000000e+00 0.000000e+00 0.000000e+00 0.000000e+00 0.000000e+00 0.000000e+00 0.000000e+00 0.000000e+00 0.000000e+00 0.000000e+00 0.000000e+00 0.000000e+00 0.000000e+00 0.000000e+00
 0.000000e+00 0.000000e+00 0.000000e+00 0.000000e+00 4.444451e-01 5.555549e-01 0.000000e+00 0.000000e+00 0.000000e+00 0.000000e+00 0.000000e+00 0.000000e+00 0.000000e+00 0.000000e+00 0.000000e+00 0.000000e+00 0.000000e+00 0.000000e+00 0.000000e+00 0.000000e+00 0.000000e+00 0.000000e+00 0.000000e+00 0.000000e+00 0.000000e+00 0.000000e+00
 0.000000e+00 0.000000e+00 0.000000e+00 0.000000e+00 0.000000e+00 5.000579e-01 4.999421e-01 0.000000e+00 0.000000e+00 0.000000e+00 0.000000e+00 0.000000e+00 0.000000e+00 0.000000e+00 0.000000e+00 0.000000e+00 0.000000e+00 0.000000e+00 0.000000e+00 0.000000e+00 0.000000e+00 0.000000e+00 0.000000e+00 0.000000e+00 0.000000e+00 0.000000e+00
 0.000000e+00 0.000000e+00 0.000000e+00 0.000000e+00 0.000000e+00 0.000000e+00 5.454047e-01 4.545953e-01 0.000000e+00 0.000000e+00 0.000000e+00 0.000000e+00 0.000000e+00 0.000000e+00 0.000000e+00 0.000000e+00 0.000000e+00 0.000000e+00 0.000000e+00 0.000000e+00 0.000000e+00 0.000000e+00 0.000000e+00 0.000000e+00 0.000000e+00 0.000000e+00
 0.000000e+00 0.000000e+00 0.000000e+00 0.000000e+00 0.000000e+00 0.000000e+00 0.000000e+00 7.228051e-01 2.771949e-01 0.000000e+00 0.000000e+00 0.000000e+00 0.000000e+00 0.000000e+00 0.000000e+00 0.000000e+00 0.000000e+00 0.000000e+00 0.000000e+00 0.000000e+00 0.000000e+00 0.000000e+00 0.000000e+00 0.000000e+00 0.000000e+00 0.000000e+00
 0.000000e+00 0.000000e+00 0.000000e+00 0.000000e+00 0.000000e+00 0.000000e+00 0.000000e+00 0.000000e+00 4.978838e-01 5.021162e-01 0.000000e+00 0.000000e+00 0.000000e+00 0.000000e+00 0.000000e+00 0.000000e+00 0.000000e+00 0.000000e+00 0.000000e+00 0.000000e+00 0.000000e+00 0.000000e+00 0.000000e+00 0.000000e+00 0.000000e+00 0.000000e+00
 0.000000e+00 0.000000e+00 0.000000e+00 0.000000e+00 0.000000e+00 0.000000e+00 0.000000e+00 0.000000e+00 0.000000e+00 4.452544e-01 5.547456e-01 0.000000e+00 0.000000e+00 0.000000e+00 0.000000e+00 0.000000e+00 0.000000e+00 0.000000e+00 0.000000e+00 0.000000e+00 0.000000e+00 0.000000e+00 0.000000e+00 0.000000e+00 0.000000e+00 0.000000e+00
 0.000000e+00 0.000000e+00 0.000000e+00 0.000000e+00 0.000000e+00 0.000000e+00 0.000000e+00 0.000000e+00 0.000000e+00 0.000000e+00 6.143435e-01 3.856565e-01 0.000000e+00 0.000000e+00 0.000000e+00 0.000000e+00 0.000000e+00 0.000000e+00 0.000000e+00 0.000000e+00 0.000000e+00 0.000000e+00 0.000000e+00 0.000000e+00 0.000000e+00 0.000000e+00
 0.000000e+00 0.000000e+00 0.000000e+00 0.000000e+00 0.000000e+00 0.000000e+00 0.000000e+00 0.000000e+00 0.000000e+00 0.000000e+00 0.000000e+00 4.460508e-01 5.539492e-01 0.000000e+00 0.000000e+00 0.000000e+00 0.000000e+00 0.000000e+00 0.000000e+00 0.000000e+00 0.000000e+00 0.000000e+00 0.000000e+00 0.000000e+00 0.000000e+00 0.000000e+00
 0.000000e+00 0.000000e+00 0.000000e+00 0.000000e+00 0.000000e+00 0.000000e+00 0.000000e+00 0.000000e+00 0.000000e+00 0.000000e+00 0.000000e+00 0.000000e+00 6.666505e-01 3.333495e-01 0.000000e+00 0.000000e+00 0.000000e+00 0.000000e+00 0.000000e+00 0.000000e+00 0.000000e+00 0.000000e+00 0.000000e+00 0.000000e+00 0.000000e+00 0.000000e+00
 0.000000e+00 0.000000e+00 0.000000e+00 0.000000e+00 0.000000e+00 0.000000e+00 0.000000e+00 0.000000e+00 0.000000e+00 0.000000e+00 0.000000e+00 0.000000e+00 0.000000e+00 5.838262e-01 4.161738e-01 0.000000e+00 0.000000e+00 0.000000e+00 0.000000e+00 0.000000e+00 0.000000e+00 0.000000e+00 0.000000e+00 0.000000e+00 0.000000e+00 0.000000e+00
 0.000000e+00 0.000000e+00 0.000000e+00 0.000000e+00 0.000000e+00 0.000000e+00 0.000000e+00 0.000000e+00 0.000000e+00 0.000000e+00 0.000000e+00 0.000000e+00 0.000000e+00 0.000000e+00 4.413369e-01 5.586632e-01 0.000000e+00 0.000000e+00 0.000000e+00 0.000000e+00 0.000000e+00 0.000000e+00 0.000000e+00 0.000000e+00 0.000000e+00 0.000000e+00
 0.000000e+00 0.000000e+00 0.000000e+00 0.000000e+00 0.000000e+00 0.000000e+00 0.000000e+00 0.000000e+00 0.000000e+00 0.000000e+00 0.000000e+00 0.000000e+00 0.000000e+00 0.000000e+00 0.000000e+00 4.742540e-01 5.257460e-01 0.000000e+00 0.000000e+00 0.000000e+00 0.000000e+00 0.000000e+00 0.000000e+00 0.000000e+00 0.000000e+00 0.000000e+00
 0.000000e+00 0.000000e+00 0.000000e+00 0.000000e+00 0.000000e+00 0.000000e+00 0.000000e+00 0.000000e+00 0.000000e+00 0.000000e+00 0.000000e+00 0.000000e+00 0.000000e+00 0.000000e+00 0.000000e+00 0.000000e+00 4.751538e-01 5.248461e-01 0.000000e+00 0.000000e+00 0.000000e+00 0.000000e+00 0.000000e+00 0.000000e+00 0.000000e+00 0.000000e+00
 0.000000e+00 0.000000e+00 0.000000e+00 0.000000e+00 0.000000e+00 0.000000e+00 0.000000e+00 0.000000e+00 0.000000e+00 0.000000e+00 0.000000e+00 0.000000e+00 0.000000e+00 0.000000e+00 0.000000e+00 0.000000e+00 0.000000e+00 6.116842e-01 3.883158e-01 0.000000e+00 0.000000e+00 0.000000e+00 0.000000e+00 0.000000e+00 0.000000e+00 0.000000e+00
 0.000000e+00 0.000000e+00 0.000000e+00 0.000000e+00 0.000000e+00 0.000000e+00 0.000000e+00 0.000000e+00 0.000000e+00 0.000000e+00 0.000000e+00 0.000000e+00 0.000000e+00 0.000000e+00 0.000000e+00 0.000000e+00 0.000000e+00 0.000000e+00 6.186258e-01 3.813742e-01 0.000000e+00 0.000000e+00 0.000000e+00 0.000000e+00 0.000000e+00 0.000000e+00
 0.000000e+00 0.000000e+00 0.000000e+00 0.000000e+00 0.000000e+00 0.000000e+00 0.000000e+00 0.000000e+00 0.000000e+00 0.000000e+00 0.000000e+00 0.000000e+00 0.000000e+00 0.000000e+00 0.000000e+00 0.000000e+00 0.000000e+00 0.000000e+00 0.000000e+00 6.157268e-01 3.842731e-01 0.000000e+00 0.000000e+00 0.000000e+00 0.000000e+00 0.000000e+00
 0.000000e+00 0.000000e+00 0.000000e+00 0.000000e+00 0.000000e+00 0.000000e+00 0.000000e+00 0.000000e+00 0.000000e+00 0.000000e+00 0.000000e+00 0.000000e+00 0.000000e+00 0.000000e+00 0.000000e+00 0.000000e+00 0.000000e+00 0.000000e+00 0.000000e+00 0.000000e+00 5.833950e-01 4.166051e-01 0.000000e+00 0.000000e+00 0.000000e+00 0.000000e+00
 0.000000e+00 0.000000e+00 0.000000e+00 0.000000e+00 0.000000e+00 0.000000e+00 0.000000e+00 0.000000e+00 0.000000e+00 0.000000e+00 0.000000e+00 0.000000e+00 0.000000e+00 0.000000e+00 0.000000e+00 0.000000e+00 0.000000e+00 0.000000e+00 0.000000e+00 0.000000e+00 0.000000e+00 5.454478e-01 4.545522e-01 0.000000e+00 0.000000e+00 0.000000e+00
 0.000000e+00 0.000000e+00 0.000000e+00 0.000000e+00 0.000000e+00 0.000000e+00 0.000000e+00 0.000000e+00 0.000000e+00 0.000000e+00 0.000000e+00 0.000000e+00 0.000000e+00 0.000000e+00 0.000000e+00 0.000000e+00 0.000000e+00 0.000000e+00 0.000000e+00 0.000000e+00 0.000000e+00 0.000000e+00 4.444835e-01 5.555164e-01 0.000000e+00 0.000000e+00
 0.000000e+00 0.000000e+00 0.000000e+00 0.000000e+00 0.000000e+00 0.000000e+00 0.000000e+00 0.000000e+00 0.000000e+00 0.000000e+00 0.000000e+00 0.000000e+00 0.000000e+00 0.000000e+00 0.000000e+00 0.000000e+00 0.000000e+00 0.000000e+00 0.000000e+00 0.000000e+00 0.000000e+00 0.000000e+00 0.000000e+00 5.833568e-01 4.166433e-01 0.000000e+00
 0.000000e+00 0.000000e+00 0.000000e+00 0.000000e+00 0.000000e+00 0.000000e+00 0.000000e+00 0.000000e+00 0.000000e+00 0.000000e+00 0.000000e+00 0.000000e+00 0.000000e+00 0.000000e+00 0.000000e+00 0.000000e+00 0.000000e+00 0.000000e+00 0.000000e+00 0.000000e+00 0.000000e+00 0.000000e+00 0.000000e+00 0.000000e+00 5.453956e-01 4.546044e-01
 0.000000e+00 0.000000e+00 0.000000e+00 0.000000e+00 0.000000e+00 0.000000e+00 0.000000e+00 0.000000e+00 0.000000e+00 0.000000e+00 0.000000e+00 0.000000e+00 0.000000e+00 0.000000e+00 0.000000e+00 0.000000e+00 0.000000e+00 0.000000e+00 0.000000e+00 0.000000e+00 0.000000e+00 0.000000e+00 0.000000e+00 0.000000e+00 0.000000e+00 0.000000e+00
<ENDHMM>
