~o
<STREAMINFO> 1 39
<VECSIZE> 39<NULLD><MFCC_E_D_A><DIAGC>
~h "Kho^ng"
<BEGINHMM>
<NUMSTATES> 5
<STATE> 2
<MEAN> 39
 -6.303398e+00 -1.346778e+01 -9.996540e+00 -4.982407e+00 8.766883e+00 -9.719090e+00 2.149696e-02 2.813094e+00 3.815561e+00 1.607920e+00 -5.820460e+00 -1.504829e+00 1.622601e-01 1.327034e-01 -4.315845e-01 -8.603413e-01 -6.411449e-01 5.724109e-01 -4.456728e-01 2.335187e-01 6.285039e-02 1.771514e-01 2.139364e-01 -6.773535e-01 -2.847866e-01 4.145563e-02 4.413978e-02 -2.932212e-02 -2.292933e-03 -8.024443e-02 -3.535300e-02 8.231784e-02 1.411976e-01 -2.511721e-01 -9.655851e-02 -9.591947e-02 1.221489e-01 -1.849658e-01 6.116510e-03
<VARIANCE> 39
 8.747503e+00 1.913754e+01 4.668229e+01 1.677153e+01 3.786662e+01 4.149368e+01 3.144280e+01 1.632493e+01 2.175591e+01 1.512892e+01 4.390649e+01 8.512837e+00 7.172281e-02 9.837736e-01 1.451255e+00 2.028584e+00 1.591549e+00 2.697569e+00 2.685503e+00 2.596157e+00 2.804615e+00 2.347035e+00 1.545081e+00 3.176553e+00 1.824498e+00 5.000000e-02 1.912244e-01 3.045858e-01 3.857081e-01 2.095846e-01 4.894677e-01 4.288380e-01 4.616185e-01 3.142923e-01 4.827351e-01 2.265957e-01 7.329043e-01 3.098727e-01 5.000000e-02
<GCONST> 9.614864e+01
<STATE> 3
<MEAN> 39
 -7.382188e-01 -1.982186e+01 -1.486805e+01 -1.569153e+01 5.466613e+00 1.297605e+00 2.336929e+00 -9.917192e+00 -1.132742e+00 -2.643071e+00 -3.339453e+00 -1.079782e+01 7.704545e-01 3.954083e-01 2.770070e-02 1.445321e-01 1.473917e-01 -2.988273e-01 4.372701e-01 -2.914261e-01 -3.416376e-01 -2.749330e-01 -2.395036e-01 1.918061e-01 -1.286444e-01 -6.415133e-03 -2.357123e-02 5.655080e-02 1.130207e-02 8.887012e-02 7.002080e-02 -2.168846e-02 -6.890025e-02 1.482376e-01 2.329914e-02 2.288250e-02 -1.964174e-02 1.607158e-01 -5.054941e-03
<VARIANCE> 39
 3.829240e+01 9.105543e+00 3.579285e+01 5.571369e+01 5.443154e+01 6.268781e+01 7.397401e+01 2.937075e+01 3.313168e+01 2.677979e+01 1.849767e+01 2.283655e+01 5.000000e-02 9.585329e-01 1.036826e+00 2.183062e+00 3.107329e+00 2.875659e+00 3.921062e+00 4.211401e+00 4.312402e+00 2.314594e+00 2.114587e+00 2.436875e+00 2.130863e+00 5.000000e-02 1.314822e-01 1.661654e-01 2.976751e-01 4.559873e-01 4.525791e-01 4.416247e-01 6.751153e-01 7.901940e-01 4.989562e-01 4.270058e-01 3.564151e-01 2.857334e-01 5.000000e-02
<GCONST> 1.033710e+02
<STATE> 4
<MEAN> 39
 3.050064e-01 -1.394171e+01 -1.179526e+01 -6.957949e+00 4.374573e+00 -4.742057e-02 2.944016e-03 -6.698855e+00 -2.619547e+00 -3.676942e+00 -2.507019e-01 -5.939834e+00 1.833160e-01 -5.452051e-01 3.180432e-01 4.030977e-01 2.040723e-01 2.294347e-02 -8.918476e-02 1.230814e-01 3.046114e-01 2.443984e-01 1.920395e-01 4.222883e-01 4.175693e-01 -2.409370e-02 -1.140562e-02 -1.536292e-02 5.714985e-02 -2.594279e-02 -6.284557e-02 -2.405517e-02 -2.155262e-02 -4.593487e-03 3.130758e-02 5.166526e-02 -2.456684e-02 -2.342936e-02 7.427235e-04
<VARIANCE> 39
 1.576433e+01 1.018192e+01 2.064953e+01 8.100661e+00 7.206373e+00 7.739477e+00 1.190730e+01 1.165554e+01 1.273373e+01 1.423984e+01 2.907941e+01 2.183203e+01 5.000000e-02 5.437334e-01 6.841999e-01 1.188918e+00 7.843970e-01 7.923779e-01 8.758458e-01 1.210105e+00 1.308132e+00 1.155283e+00 1.490061e+00 2.790711e+00 1.568329e+00 5.000000e-02 1.312561e-01 1.276329e-01 1.646305e-01 1.589598e-01 1.506560e-01 1.802501e-01 2.229399e-01 2.753272e-01 2.413345e-01 2.904817e-01 5.944107e-01 3.476436e-01 5.000000e-02
<GCONST> 7.618713e+01
<TRANSP> 5
 0.000000e+00 1.000000e+00 0.000000e+00 0.000000e+00 0.000000e+00
 0.000000e+00 9.411763e-01 5.882370e-02 0.000000e+00 0.000000e+00
 0.000000e+00 0.000000e+00 9.604194e-01 3.958065e-02 0.000000e+00
 0.000000e+00 0.000000e+00 0.000000e+00 9.517716e-01 4.822840e-02
 0.000000e+00 0.000000e+00 0.000000e+00 0.000000e+00 0.000000e+00
<ENDHMM>
