~o
<STREAMINFO> 1 39
<VECSIZE> 39<NULLD><MFCC_E_D_A><DIAGC>
~h "Lai"
<BEGINHMM>
<NUMSTATES> 37
<STATE> 2
<MEAN> 39
 -6.048327e+00 -8.816877e+00 -9.721105e-01 -1.178681e+00 1.211768e+00 -4.438953e+00 1.355889e+00 -1.258091e+00 5.054496e-01 -1.186297e+00 4.099738e+00 8.287340e-01 -3.048334e-02 -2.809004e-01 -6.821864e-02 -3.663141e-01 1.636685e-01 -5.490464e-01 -2.159296e-01 -2.112296e-01 4.910273e-01 2.139987e-01 -4.731932e-01 -5.578574e-01 5.878175e-02 2.267890e-03 3.686045e-01 9.570598e-02 -8.485435e-01 -1.584697e-01 -5.470025e-01 -6.603965e-01 -1.544097e-01 2.557893e-01 1.894550e-01 -5.998178e-01 -3.613265e-01 -4.458939e-01 2.687283e-02
<VARIANCE> 39
 4.162898e+00 2.271820e+00 6.878715e+00 2.255191e+00 1.059478e+01 1.316471e+01 5.105484e+00 6.029241e+00 1.657333e+01 1.160293e+01 1.408486e+01 7.578793e+00 5.000000e-02 3.900584e-01 2.324968e-01 4.371653e-01 1.375664e+00 1.125470e+00 5.024877e-01 1.048839e+00 8.347685e-01 2.469655e+00 9.821912e-01 3.624429e-01 2.546683e+00 5.000000e-02 1.595322e-01 1.139209e-01 5.198942e-01 3.763501e-01 7.476981e-01 2.160035e-01 2.081294e-01 2.670726e-01 5.492492e-01 2.104672e-01 6.288885e-01 1.787917e-01 5.000000e-02
<GCONST> 6.847192e+01
<STATE> 3
<MEAN> 39
 -6.796965e+00 -8.614708e+00 -2.386473e+00 -3.749979e-01 1.282861e+00 -3.073055e+00 2.874061e+00 8.213975e-02 1.126328e-01 -3.170100e+00 3.104800e+00 -3.003179e-01 -3.219187e-02 1.106527e+00 9.406409e-02 -3.445314e+00 -5.569492e-01 -1.929276e+00 -2.779506e+00 -8.631919e-01 9.807295e-01 7.891476e-01 -1.846378e+00 -8.550981e-01 -5.355622e-01 9.528962e-02 4.850857e-01 -1.763540e-01 -6.802719e-01 -1.889320e-01 -3.786194e-01 -8.953948e-01 -1.097662e-01 -2.408400e-01 4.852864e-01 -8.400413e-02 -4.782692e-02 1.375339e-01 3.462523e-02
<VARIANCE> 39
 5.155566e+00 8.566338e-01 5.034613e+00 8.903600e+00 1.021991e+01 4.856377e+00 4.935785e+00 8.623448e+00 1.566369e+01 8.088099e+00 6.352985e+00 1.701985e+01 5.000000e-02 3.391375e+00 1.626537e+00 3.345384e+00 2.169997e+00 6.563916e+00 1.321271e+00 3.621156e+00 3.216373e+00 1.909209e+00 1.864598e+00 5.313334e+00 8.242912e-01 5.000000e-02 1.499324e-01 8.242220e-02 5.188401e-01 2.600922e-01 2.133150e-01 2.073424e-01 1.804533e-01 3.150967e-01 7.716339e-01 1.516786e-01 1.769145e-01 4.546634e-01 5.000000e-02
<GCONST> 7.916334e+01
<STATE> 4
<MEAN> 39
 -3.494865e+00 -7.488380e+00 -1.044516e+01 -2.243668e+00 -5.444098e+00 -1.327064e+01 -2.504191e+00 9.776566e-01 3.271856e+00 -6.606599e+00 1.250137e+00 -1.626075e+00 2.411933e-01 1.075478e+00 -6.529641e-01 -2.336883e+00 -6.415498e-02 -1.812935e+00 -2.609998e+00 -2.704570e-01 -4.110255e-01 2.166780e+00 -1.176683e+00 -6.673102e-01 5.630966e-01 1.325839e-01 -2.583804e-01 -6.170936e-01 3.847456e-01 9.161666e-02 4.333423e-01 9.174959e-01 7.055393e-01 -5.138519e-01 -6.401157e-02 5.696506e-02 -2.161167e-01 5.436250e-01 1.095909e-02
<VARIANCE> 39
 3.605092e+01 1.653143e+01 3.590765e+01 2.168633e+01 2.408711e+01 1.575194e+01 4.094450e+01 3.265240e+01 1.240335e+01 2.577394e+01 3.146873e+01 9.100603e+00 7.412073e-02 1.197126e+00 9.366952e-01 6.589366e+00 1.140396e+00 1.977991e+00 2.044123e+00 1.550421e+00 2.658814e+00 3.430599e+00 3.858460e-01 1.377182e+00 1.625053e+00 5.000000e-02 5.863296e-01 2.841029e-01 5.902767e-01 3.380044e-01 5.602926e-01 7.537623e-01 1.215640e+00 4.267720e-01 3.906409e-01 2.894648e-01 6.881215e-01 2.377613e-01 5.000000e-02
<GCONST> 9.781147e+01
<STATE> 5
<MEAN> 39
 -5.539648e-01 -1.103413e+01 -1.374605e+01 -2.635563e+00 -6.285595e+00 -1.673988e+01 -5.085336e-01 -6.075530e-01 9.192283e+00 -8.740870e+00 3.494669e-01 2.048022e+00 5.110959e-01 -1.015985e-01 -1.671540e+00 -1.225469e+00 2.783167e-02 -1.100293e-01 1.277197e+00 1.609352e+00 -7.861096e-01 6.604287e-02 -4.752259e-01 -1.696744e+00 1.292814e+00 9.598905e-02 -8.129300e-01 -2.253226e-01 4.198538e-01 9.783223e-02 9.561537e-01 1.957594e+00 8.116028e-01 1.665348e-02 -1.284059e+00 1.204436e-01 -1.261633e-01 -2.420360e-01 -2.300743e-02
<VARIANCE> 39
 3.664044e+01 3.788989e+00 6.246016e+01 9.883900e+00 6.712614e+01 3.958529e+00 6.009997e+00 2.222106e+01 2.479188e+01 1.390387e+01 1.001727e+01 8.957104e+00 9.754788e-02 5.023341e+00 1.567752e+00 5.877060e+00 9.673474e-01 1.132798e+00 6.882657e+00 7.946107e+00 1.706860e+00 4.813674e+00 1.509999e+00 1.615296e+00 2.584347e+00 5.000000e-02 4.290998e-01 2.299502e-01 8.049687e-01 3.633771e-01 9.299566e-01 3.521146e-01 1.620613e-01 2.674990e-01 6.896728e-01 2.290826e-01 2.664868e-01 1.870258e-01 5.000000e-02
<GCONST> 9.476434e+01
<STATE> 6
<MEAN> 39
 -2.827190e+00 -1.357905e+01 -1.376339e+01 -2.419553e+00 -4.972322e+00 -7.996912e+00 3.220181e+00 -8.686699e-01 2.157310e+00 -8.525718e+00 -4.298134e+00 1.786088e+00 5.547661e-01 -1.059153e+00 -1.766235e+00 -1.682417e+00 -2.062369e-01 8.661271e-01 2.893026e+00 2.143296e+00 1.273736e-02 -1.810466e+00 -1.282905e+00 -1.484488e+00 1.652055e-01 5.135067e-02 -1.957296e-01 3.595285e-02 9.238536e-02 1.345840e-01 8.083534e-01 -5.054925e-02 -1.620238e-01 1.768908e-01 -2.204717e-01 2.240061e-01 5.092062e-01 -2.642259e-01 -2.005961e-02
<VARIANCE> 39
 3.002475e+01 2.020981e+01 1.196551e+02 8.762875e+00 4.097606e+01 6.464745e+01 1.024829e+01 3.546266e+01 4.117464e+01 2.311454e+01 2.908691e+01 3.947417e+01 1.439756e-01 1.500993e+00 3.196452e+00 2.203919e+00 1.637540e+00 4.567552e+00 3.821590e+00 1.801068e+00 9.911358e-01 2.906404e+00 1.696227e+00 2.039587e+00 1.319680e+00 5.000000e-02 3.811924e-01 5.000000e-02 3.317222e-01 6.741118e-02 4.991637e-01 1.924818e+00 7.192045e-01 3.305044e-01 6.102204e-01 1.794389e-01 2.018700e-01 9.292836e-01 5.000000e-02
<GCONST> 1.005462e+02
<STATE> 7
<MEAN> 39
 -5.976569e+00 -1.979109e+01 -1.946222e+01 -2.172057e+00 -3.336013e+00 -2.185119e+00 9.268088e+00 -3.768751e+00 3.908341e+00 -1.402750e+01 -3.711453e+00 3.369965e+00 8.060995e-01 -9.831079e-01 -1.639919e+00 -6.995776e-01 1.380112e-01 3.379287e+00 2.881901e+00 9.105652e-01 -5.977737e-01 -1.607315e+00 5.769936e-01 7.686580e-01 1.877014e-01 4.107531e-02 1.530054e-01 7.075400e-01 5.487791e-01 -1.695529e-02 3.695558e-01 -8.939821e-01 -8.635964e-01 -3.290262e-01 2.189017e-01 1.002570e+00 2.186760e-01 -2.211674e-01 -1.859747e-02
<VARIANCE> 39
 9.416799e+00 2.160811e+01 4.260907e+01 4.385159e+00 2.104770e+01 2.500661e+01 1.624500e+01 1.114122e+01 2.704119e+01 1.567802e+01 1.107023e+01 8.100827e+00 9.455852e-02 2.264555e-01 1.596942e+00 1.000545e+00 1.179732e+00 2.211185e+00 6.553016e+00 2.934231e+00 1.274600e+00 4.019670e-01 2.016850e+00 9.157081e-01 2.284959e+00 5.000000e-02 8.956824e-02 2.554304e-01 1.553952e-01 8.520209e-02 4.592646e-01 6.987559e-01 2.449171e-01 2.129118e-01 6.975505e-01 2.051172e-01 5.863452e-01 1.568039e-01 5.000000e-02
<GCONST> 8.302962e+01
<STATE> 8
<MEAN> 39
 -5.800886e+00 -1.825803e+01 -1.833132e+01 -1.895076e+00 4.385807e+00 -4.306014e+00 6.679354e+00 -1.287118e+00 -1.263005e+00 -6.876558e+00 -3.636555e+00 3.090580e+00 7.095599e-01 -3.851902e-01 -4.211578e-01 4.848125e-03 3.005977e-01 2.238207e+00 -2.705676e-01 -8.578665e-02 -1.477517e+00 -7.335568e-02 1.979379e+00 -9.943938e-02 -7.885095e-01 1.337408e-02 1.628313e-01 2.618683e-01 1.452947e-01 -4.493149e-02 -6.917152e-01 -2.225507e-01 -1.849769e-01 -2.177172e-01 8.519068e-01 1.151738e-01 -8.401734e-02 -1.373455e-01 -6.629359e-03
<VARIANCE> 39
 1.995865e+01 3.845122e+01 1.161525e+02 1.435576e+01 4.773935e+00 3.081939e+01 1.941110e+01 4.378431e+01 3.315690e+01 1.217564e+01 1.783106e+01 6.962978e+00 1.924409e-01 1.317808e-01 7.284324e-01 2.904711e-01 1.057064e+00 1.950194e+00 1.935358e-01 8.686566e-01 2.079052e+00 4.125246e-01 1.208151e+00 4.700800e-01 1.525493e+00 5.000000e-02 5.000000e-02 1.932964e-01 1.005829e-01 9.640408e-02 1.809294e-01 3.194571e-01 1.631517e-01 2.231162e-01 1.984384e-01 4.191049e-01 2.271536e-01 2.575805e-01 5.000000e-02
<GCONST> 7.495752e+01
<STATE> 9
<MEAN> 39
 -6.518606e+00 -2.070579e+01 -2.092886e+01 -1.586458e+00 6.063323e+00 -3.183360e+00 8.362746e+00 -7.960831e+00 4.928470e-01 -6.780197e+00 -4.741974e+00 1.933505e+00 8.590863e-01 -6.192812e-01 -1.073403e-01 -2.816710e-01 1.647613e-01 6.617374e-01 5.849732e-01 -2.783545e-02 -1.025334e+00 1.712531e+00 8.034111e-01 -6.073093e-01 -1.497262e-02 6.998254e-03 -1.684717e-03 1.582749e-01 6.519996e-02 3.824964e-02 -7.480109e-01 2.486773e-01 -1.939464e-01 5.099584e-01 3.787909e-01 -5.626890e-01 3.089922e-02 1.154322e-01 -6.329078e-03
<VARIANCE> 39
 2.060351e+01 2.474408e+01 8.653435e+01 2.270843e+01 1.100104e+01 3.583091e+01 3.269927e+01 1.548934e+01 2.682581e+01 1.784123e+01 2.047987e+01 2.579898e+00 1.038993e-01 1.595089e-01 5.295461e-01 5.416124e-02 8.890623e-01 1.039757e+00 9.156569e-01 2.445272e-01 2.084920e+00 9.900494e-01 1.787093e+00 4.120178e-01 2.529880e-01 5.000000e-02 5.069122e-02 5.000000e-02 5.000000e-02 2.613633e-01 1.064015e-01 1.209529e-01 1.324547e-01 1.250521e-01 1.439904e-01 9.679411e-02 5.000000e-02 1.360291e-01 5.000000e-02
<GCONST> 6.363045e+01
<STATE> 10
<MEAN> 39
 -9.387833e+00 -1.897429e+01 -1.722042e+01 -2.759526e+00 5.925095e+00 5.677633e-01 5.576390e+00 -6.232486e+00 5.417798e+00 -5.455695e+00 -4.697021e+00 1.277912e+00 7.594662e-01 -1.249498e-02 8.577026e-02 3.337376e-02 3.426827e-01 1.598570e-02 3.829228e-01 -5.342162e-01 -3.478786e-02 7.732452e-01 1.345151e-02 1.220280e-01 2.369062e-01 1.130604e-03 2.482653e-01 -1.494939e-01 -1.918370e-01 -1.224108e-01 -2.122463e-01 -3.802165e-01 -1.496600e-01 4.948793e-02 -1.751943e-01 -2.461340e-01 1.197069e-01 2.057908e-01 7.451840e-03
<VARIANCE> 39
 1.236105e+01 3.579800e+01 6.634178e+01 8.856563e+00 9.946387e+00 1.839751e+01 9.445251e+00 2.126830e+01 1.292144e+01 1.328836e+01 1.793490e+01 9.120296e+00 1.685598e-01 1.005769e+00 1.728391e-01 6.045397e-01 5.473304e-01 4.678287e-01 1.267224e+00 6.073656e-01 1.231554e+00 4.750219e-01 5.321501e-01 1.058463e-01 4.034396e-01 5.000000e-02 1.924296e-01 6.929505e-02 1.923216e-01 2.356248e-01 7.410607e-02 2.314129e-01 5.589199e-02 2.092652e-01 1.143523e-01 1.878161e-01 5.000000e-02 9.267925e-02 5.000000e-02
<GCONST> 6.379045e+01
<STATE> 11
<MEAN> 39
 -4.739492e+00 -1.885900e+01 -1.844804e+01 1.258108e-01 5.286186e+00 -2.349913e+00 6.086324e+00 -4.764322e+00 3.950625e+00 -5.878973e+00 -4.142937e+00 2.752506e+00 7.640873e-01 5.287341e-01 -7.470795e-01 -1.062910e+00 -1.109320e+00 -4.045825e-01 -1.502847e+00 -1.228479e+00 -5.230764e-03 6.714007e-01 -5.305274e-01 8.196914e-02 1.476654e-01 5.267259e-02 -6.885061e-02 -3.779327e-02 -3.670042e-01 -1.159729e-01 1.082484e-01 -3.783803e-01 -1.249348e-02 6.357885e-02 -3.370855e-01 -1.773469e-01 -1.317777e-01 -2.666377e-01 4.293883e-03
<VARIANCE> 39
 3.508946e+01 4.089585e+01 1.081788e+02 1.523461e+01 3.197330e+01 5.462851e+01 1.299225e+01 6.479317e+01 1.475723e+01 5.338142e+00 2.801884e+01 2.766915e+00 1.224602e-01 4.874196e+00 7.679572e-01 4.677981e+00 1.867783e+00 2.390627e+00 6.021987e+00 2.673504e-01 1.318995e+00 6.253619e-01 5.127286e-01 1.711247e-01 9.117804e-01 5.000000e-02 1.633958e-01 1.790262e-01 4.278635e-01 1.460285e-01 2.332086e-01 3.139137e-01 7.923719e-02 5.017076e-01 2.361606e-01 2.853909e-01 1.160333e-01 5.224809e-02 5.000000e-02
<GCONST> 8.335037e+01
<STATE> 12
<MEAN> 39
 -4.486867e+00 -2.016717e+01 -2.174230e+01 -3.966114e+00 1.841795e+00 -7.925535e+00 2.564006e+00 -5.248622e+00 7.116019e+00 -7.692477e+00 -2.747942e+00 1.894576e+00 8.474679e-01 -1.002846e-01 -6.627893e-01 -2.073182e+00 3.868520e-02 1.450516e-01 -8.360586e-01 -4.104999e-01 -6.376396e-01 -3.093855e-01 -9.351524e-01 -5.812320e-01 -4.062184e-01 3.396391e-02 -2.982447e-01 5.420200e-02 2.247042e-01 4.253238e-01 2.255354e-01 1.062789e+00 5.287862e-01 -4.609426e-02 -5.478542e-01 6.201668e-02 -2.948467e-01 -1.444572e-01 -1.076762e-02
<VARIANCE> 39
 8.081058e+01 2.210377e+01 1.559184e+01 1.645317e+01 7.342059e+01 1.262550e+02 5.279551e+00 5.963995e+01 1.573387e+01 5.546233e+00 2.640744e+01 2.522443e+00 5.000000e-02 1.415767e+00 1.143205e+00 6.915562e+00 2.341113e+00 1.970263e+00 2.820674e+00 6.279575e-01 1.685442e+00 1.135745e+00 2.931170e+00 1.193917e+00 4.725068e-01 5.000000e-02 4.902322e-01 5.000000e-02 2.146155e-01 1.582503e-01 2.755602e-01 1.673639e+00 1.541653e-01 4.676423e-01 3.258528e-01 1.619967e-01 2.016030e-01 5.996386e-02 5.000000e-02
<GCONST> 8.709583e+01
<STATE> 13
<MEAN> 39
 -5.771184e+00 -2.054499e+01 -2.555091e+01 -1.270636e+00 3.737709e+00 -4.738478e+00 2.713390e+00 -7.191270e+00 3.718634e+00 -8.743360e+00 -6.830220e+00 2.178786e+00 8.917534e-01 -1.980251e-01 -6.606837e-01 -4.626065e-01 5.122128e-01 5.959804e-02 1.786284e+00 2.951343e-01 -1.938849e-01 -7.539366e-01 -2.199914e-01 -7.720535e-01 -4.780729e-02 1.967804e-02 1.785665e-02 -1.756028e-02 7.451437e-01 -2.311644e-03 2.330506e-01 3.983480e-01 4.148730e-01 2.789825e-01 -6.570911e-02 4.863070e-01 2.137775e-01 8.172431e-02 -1.680466e-03
<VARIANCE> 39
 6.562752e+01 1.880028e+01 1.441458e+01 2.714818e+01 4.907880e+01 6.967173e+01 1.614574e+01 5.435469e+01 2.258064e+01 3.465717e+01 2.249589e+01 1.602292e+01 5.000000e-02 2.244985e-01 1.307222e+00 1.849127e+00 8.928099e-01 1.552521e+00 5.405977e+00 2.108405e+00 2.541463e+00 2.360347e+00 1.658059e+00 2.833466e+00 1.236685e-01 5.000000e-02 1.646265e-01 1.454112e-01 5.660285e-01 5.042362e-01 3.306521e-01 5.263783e-01 8.182460e-02 2.713564e-01 1.005290e-01 4.355840e-01 1.713298e-01 2.051461e-01 5.000000e-02
<GCONST> 8.962041e+01
<STATE> 14
<MEAN> 39
 -5.049010e+00 -2.166674e+01 -2.426518e+01 1.938821e-02 8.047371e+00 -1.394701e+00 6.476464e+00 -6.051809e+00 2.353025e+00 -6.571443e+00 -5.624981e+00 1.232718e+00 9.492338e-01 4.444057e-02 -5.163660e-01 3.599457e-01 2.398596e-01 5.840796e-01 6.754241e-01 6.884705e-01 -2.235385e-01 -3.485750e-01 5.308772e-01 -3.060810e-02 -1.578390e-02 1.212245e-02 2.421038e-02 1.043655e-01 9.957014e-02 7.284254e-03 3.402795e-02 -4.767397e-01 2.572601e-01 4.369402e-02 5.216113e-02 -3.265287e-02 2.134908e-01 1.892718e-01 -1.136859e-03
<VARIANCE> 39
 3.576623e+01 3.738035e+00 1.204231e+01 1.172268e+01 6.999738e+01 2.288765e+01 1.751817e+01 1.721658e+01 3.640271e+01 3.630343e+01 7.351642e+00 5.387036e+00 5.000000e-02 7.191467e-02 1.423131e+00 3.870688e-01 2.368630e-01 3.895377e+00 1.195517e+00 9.432761e-01 2.387287e+00 2.037296e-01 1.417123e+00 3.892642e-01 8.916267e-01 5.000000e-02 9.119411e-02 1.251081e-01 1.580531e-01 1.831289e-01 4.974326e-01 6.878220e-01 8.510315e-02 9.880765e-02 1.757099e-01 5.657084e-01 1.869044e-01 6.197930e-02 5.000000e-02
<GCONST> 7.123647e+01
<STATE> 15
<MEAN> 39
 -6.559589e+00 -2.304713e+01 -2.244926e+01 -7.046890e-01 7.441592e+00 -4.363846e-01 4.882597e+00 -6.473389e+00 2.773328e+00 -4.741925e+00 -6.926527e+00 3.380336e+00 9.591120e-01 -6.311102e-01 2.815835e-01 5.948317e-01 -9.570605e-02 1.261360e+00 -6.744433e-01 1.298920e+00 2.708997e-01 -1.579810e-01 1.621044e-01 2.966567e-01 3.370444e-01 1.097995e-02 -1.878180e-01 3.118303e-01 -1.624220e-01 1.533051e-02 -4.147397e-01 -2.541501e-01 2.288247e-01 -1.740327e-01 1.603359e-01 -7.157524e-01 1.606440e-01 -4.963902e-02 -2.444074e-03
<VARIANCE> 39
 5.208857e+01 6.465095e+00 1.301168e+01 1.379450e+01 1.328115e+01 6.999256e+01 4.502493e+01 5.952375e+00 3.502480e+01 1.529276e+01 9.451900e+00 5.779017e+00 5.000000e-02 7.366878e-01 7.036802e-01 1.305612e+00 1.249847e+00 2.929707e+00 1.576442e+00 5.941051e-01 1.385421e+00 4.625063e-01 2.427799e+00 3.984072e-01 4.943206e-01 5.000000e-02 6.644516e-02 9.935658e-02 5.301112e-02 6.080275e-02 4.457898e-01 3.689363e-01 2.548261e-01 5.357630e-02 3.970844e-01 2.287688e-01 5.000000e-02 1.787192e-01 5.000000e-02
<GCONST> 7.209521e+01
<STATE> 16
<MEAN> 39
 -9.553457e+00 -2.225435e+01 -2.118392e+01 -1.412964e+00 7.065779e+00 5.410452e-02 7.932895e+00 -9.339588e+00 5.135983e+00 -8.455979e+00 -5.844529e+00 3.061083e+00 9.729242e-01 -6.285866e-01 -1.038931e-01 -8.490892e-02 -2.963311e-01 -1.040911e+00 -1.997182e-01 1.206270e+00 -1.663305e-01 -3.486569e-01 -1.305594e+00 6.023747e-01 2.701738e-01 3.759563e-03 -1.688275e-01 -2.559774e-01 8.019217e-02 -3.562159e-01 -5.600394e-01 -8.100034e-02 -4.223624e-02 2.859788e-01 -1.917271e-01 -9.881458e-02 2.465085e-01 -1.571833e-01 -4.516203e-03
<VARIANCE> 39
 4.261638e+01 1.168277e+01 1.490532e+01 1.178031e+01 7.079929e+00 2.168904e+01 2.252106e+01 7.485288e+00 1.651248e+01 9.460626e+00 1.310140e+01 2.601448e+00 5.000000e-02 4.814382e-01 5.829014e-01 1.241819e-01 4.234524e-01 4.171453e-01 5.251774e-01 7.395322e-01 1.574993e+00 3.662698e+00 8.157041e-01 8.906322e-01 7.257497e-01 5.000000e-02 7.996017e-02 1.825337e-01 5.000000e-02 5.618855e-02 1.643470e-01 1.042527e-01 2.963101e-01 1.101197e-01 1.477423e-01 1.584071e-01 1.284030e-01 1.118275e-01 5.000000e-02
<GCONST> 6.229694e+01
<STATE> 17
<MEAN> 39
 -8.784688e+00 -2.241060e+01 -2.385957e+01 -1.480558e+00 7.778975e+00 -3.998712e+00 1.168284e+01 -7.944927e+00 1.361072e+00 -1.160760e+01 -3.653525e+00 2.427855e+00 9.833562e-01 -1.157252e+00 -2.426967e-01 5.184717e-01 -1.019334e+00 -1.041509e+00 -6.219261e-01 7.353731e-01 1.236548e+00 -1.067394e+00 -7.092264e-01 1.260599e+00 -2.163154e-01 -6.860639e-03 7.617170e-02 -6.422722e-02 3.679082e-01 -3.077489e-01 -4.172252e-01 -2.625766e-02 -1.177232e-01 4.883718e-01 -1.382344e-01 7.024102e-01 -2.301485e-02 -2.955436e-01 -6.786839e-03
<VARIANCE> 39
 2.350108e+01 4.792977e+00 1.755658e+01 8.877005e+00 1.884829e+01 3.034413e+01 1.487295e+01 4.241356e+01 3.423639e+01 6.945670e+00 8.768732e+00 4.697695e+00 5.000000e-02 5.574767e-01 8.636636e-01 9.485866e-02 1.429064e-01 2.025466e+00 6.478418e-01 3.803545e+00 2.876968e-01 4.346709e-01 1.568676e+00 7.858840e-01 5.928692e-01 5.000000e-02 5.858622e-02 5.000000e-02 5.000000e-02 6.012653e-02 1.721654e-01 5.000000e-02 1.899818e-01 2.554041e-01 5.445095e-01 1.746092e-01 1.752978e-01 1.160640e-01 5.000000e-02
<GCONST> 6.296331e+01
<STATE> 18
<MEAN> 39
 -1.093150e+01 -2.383530e+01 -2.152387e+01 -3.993163e+00 4.768631e+00 -3.431944e+00 1.196060e+01 -5.175228e+00 -4.235650e-01 -1.065433e+01 -8.564971e-01 2.572185e+00 9.585130e-01 -5.250510e-01 -3.848872e-01 1.191025e+00 -1.129243e+00 -2.373579e+00 -5.074179e-01 9.089864e-01 1.282425e+00 -4.130205e-01 6.209761e-01 1.189771e+00 -9.328600e-01 -1.950978e-02 2.419785e-01 2.602811e-01 1.847206e-01 -6.734069e-02 -3.822696e-01 -7.164846e-02 -5.834782e-02 -1.596671e-01 3.943703e-01 4.545869e-01 -3.779915e-01 -4.147543e-01 -5.009805e-03
<VARIANCE> 39
 1.579466e+01 3.269944e+00 1.394734e+01 6.634010e+00 2.627433e+01 2.070220e+01 1.152746e+01 1.453660e+01 2.087491e+01 2.401844e+00 5.735997e+00 1.133890e+01 5.000000e-02 1.533398e-01 9.439349e-02 1.036855e-01 1.573667e-01 2.568336e+00 7.091969e-01 3.067850e+00 4.201868e-01 6.135181e-01 1.095493e+00 5.381262e-01 4.052203e-01 5.000000e-02 5.948851e-02 7.936263e-02 5.000000e-02 5.453769e-02 6.523751e-02 6.517791e-02 2.291916e-01 1.158618e-01 8.080980e-02 2.171101e-01 1.144463e-01 1.836186e-01 5.000000e-02
<GCONST> 5.299949e+01
<STATE> 19
<MEAN> 39
 -7.337153e+00 -2.365358e+01 -2.121334e+01 -4.199346e+00 5.685438e+00 -8.137291e+00 1.334636e+01 -6.396874e+00 9.459917e-02 -9.474046e+00 7.015435e-01 6.955876e-01 9.347220e-01 -9.260786e-02 1.678497e-01 1.102484e+00 -5.053006e-01 -1.731383e+00 -8.913078e-01 1.222302e+00 9.480245e-01 -1.372167e-01 2.263329e-01 1.273974e-01 -7.720951e-01 -1.960262e-02 2.192540e-03 1.882706e-01 1.597011e-01 -1.036936e-01 -9.428144e-02 -8.252497e-02 -3.716799e-02 -3.799270e-02 1.789859e-01 2.184368e-01 -2.334155e-01 -1.741388e-01 -2.987710e-03
<VARIANCE> 39
 1.974736e+01 9.101176e-01 1.634034e+01 3.614323e+00 4.786539e+01 1.889978e+01 1.602753e+01 2.068752e+01 7.436046e+00 3.215757e+00 6.138425e+00 3.501405e+00 5.000000e-02 1.699162e-01 6.078852e-02 4.746536e-01 5.558493e-01 2.556363e+00 1.984708e-01 3.302691e-01 1.545888e+00 7.476404e-01 6.751619e-01 5.421767e-01 1.116424e+00 5.000000e-02 5.000000e-02 7.740854e-02 5.000000e-02 8.209889e-02 2.050521e-01 5.000000e-02 2.636581e-01 3.252128e-01 1.923906e-01 2.267834e-01 9.864005e-02 7.780327e-02 5.000000e-02
<GCONST> 5.398083e+01
<STATE> 20
<MEAN> 39
 -1.246526e+01 -2.185908e+01 -1.388791e+01 -9.011210e+00 -6.977580e+00 -6.082322e+00 1.689089e+01 -1.218932e+00 1.095476e+00 -7.083384e+00 -1.891545e+00 -3.276456e+00 8.426792e-01 -3.571347e-01 1.081417e+00 1.880031e+00 -1.690078e+00 -2.259340e+00 -8.933215e-01 -5.612401e-01 1.715272e-01 1.210130e+00 2.956326e+00 -1.033206e-01 -1.204553e+00 -3.088570e-02 1.301984e-02 1.773420e-01 1.972930e-01 -1.344820e-01 1.961466e-01 -2.920438e-01 -9.741605e-01 -4.070561e-01 5.425398e-01 9.461505e-01 2.669618e-01 5.148996e-01 5.932276e-04
<VARIANCE> 39
 1.315794e+01 4.105507e+00 1.142347e+01 1.058867e+01 1.288276e+01 5.760676e+01 1.552378e+01 1.658584e+01 7.690563e+00 1.107620e+01 1.361765e+01 7.487205e+00 5.000000e-02 1.232316e-01 3.877361e-01 8.861919e-02 1.619615e-01 3.754788e-01 8.158137e-01 2.078297e+00 4.777921e-01 1.068278e+00 3.337132e+00 4.391130e-01 9.033642e-01 5.000000e-02 5.000000e-02 6.402041e-02 5.000000e-02 5.000000e-02 6.118771e-02 1.283991e-01 6.686456e-02 2.213091e-01 1.855093e-01 2.855775e-01 7.317910e-02 9.165201e-02 5.000000e-02
<GCONST> 5.583813e+01
<STATE> 21
<MEAN> 39
 -1.403057e+01 -1.941059e+01 -8.598158e+00 -1.304035e+01 -1.308760e+01 -1.071819e+01 1.067964e+01 -9.166173e-01 6.764318e+00 5.054666e+00 1.023235e-01 -4.476106e+00 7.629933e-01 -4.059779e-02 9.148202e-01 2.211618e+00 -1.987729e+00 -2.027968e+00 -2.237020e+00 -2.474300e+00 -7.467231e-01 2.058117e+00 3.705041e+00 7.549050e-01 3.861218e-01 -2.268125e-02 6.466436e-01 -4.209770e-01 -4.682634e-01 4.069528e-01 6.858037e-01 2.378051e-01 -3.547781e-02 -4.016436e-01 -3.366720e-01 -9.259496e-01 -9.583950e-02 6.403962e-01 -1.812940e-03
<VARIANCE> 39
 9.716578e+00 3.217369e+00 1.231642e+01 7.238385e+00 7.488979e+00 3.217863e+01 1.546304e+01 1.320226e+01 2.711257e+01 3.441009e+01 1.075948e+01 1.081444e+01 5.000000e-02 2.609727e-01 1.772042e-01 2.214918e-01 6.188840e-01 4.972098e-01 5.003107e-01 2.922728e-01 2.784786e+00 1.042182e+00 1.286082e+00 7.332237e-01 4.346469e-01 5.000000e-02 5.765314e-02 5.733947e-02 5.983737e-02 2.186675e-01 8.539049e-02 2.232956e-01 2.525853e-01 3.025611e-01 4.170997e-01 5.903057e-01 5.000000e-02 1.842129e-01 5.000000e-02
<GCONST> 6.284396e+01
<STATE> 22
<MEAN> 39
 -1.342887e+01 -1.714524e+01 -4.958558e+00 -1.715211e+01 -1.584125e+01 -1.279748e+01 7.417983e+00 -3.992862e+00 8.838810e+00 8.418589e+00 1.031480e+00 -1.787031e+00 7.444283e-01 1.858089e+00 -3.423017e-01 1.007775e-01 -4.441136e-01 3.277908e-01 -6.543178e-01 -1.388023e+00 -1.331249e+00 -8.980787e-02 4.146208e-01 4.324495e-02 1.536276e+00 -4.058122e-02 9.196198e-01 -8.647750e-01 -6.613948e-01 1.263543e+00 1.023638e+00 1.245718e+00 5.398554e-01 -3.802778e-03 -7.288693e-01 -1.713442e+00 -3.004571e-01 1.522499e-01 -1.289938e-02
<VARIANCE> 39
 4.736195e+00 2.307898e+00 7.690599e+00 9.476780e+00 6.364707e+00 3.508155e+01 7.967156e+00 2.264660e+01 2.830477e+01 1.093230e+01 1.936071e+01 7.219167e+00 5.000000e-02 4.098496e-01 3.261150e-01 4.644175e-01 9.076403e-01 8.456106e-01 1.258755e+00 1.136527e+00 2.019179e+00 2.516342e+00 2.273372e+00 5.106493e-01 1.383702e+00 5.000000e-02 5.000000e-02 5.681844e-02 5.880674e-02 2.867376e-01 5.000000e-02 1.499618e-01 7.177224e-02 5.744355e-01 1.801690e-01 1.535080e-01 2.669627e-01 2.045000e-01 5.000000e-02
<GCONST> 6.553870e+01
<STATE> 23
<MEAN> 39
 -8.628680e+00 -2.000596e+01 -7.915573e+00 -1.568356e+01 -1.293486e+01 -1.373596e+01 5.556330e+00 -6.285326e+00 7.639195e+00 7.912595e+00 1.213349e+00 3.710314e-01 6.288129e-01 3.303094e+00 -2.032983e+00 1.237622e-01 2.728053e+00 1.599995e+00 2.047389e+00 -9.356509e-01 -1.033758e+00 6.950920e-03 -2.291786e+00 -2.622259e-01 1.145678e+00 -6.414898e-02 2.276491e-01 -4.451301e-01 -2.759831e-02 1.086037e+00 5.920581e-01 1.044139e+00 4.066999e-01 3.919196e-01 -3.169148e-01 -1.035981e+00 -1.335878e-01 -3.875747e-01 -6.778407e-03
<VARIANCE> 39
 4.681534e+00 3.418555e+00 8.236962e+00 9.080884e+00 1.045560e+01 6.210946e+01 9.758182e+00 1.383968e+01 1.034707e+01 7.570419e+00 8.855842e+00 1.425034e+01 5.000000e-02 2.460156e-01 5.720053e-01 8.486189e-01 1.272679e+00 7.234216e-01 1.140930e+00 6.602603e-01 7.129887e-01 2.033954e+00 2.736834e+00 6.467193e-01 1.468334e+00 5.000000e-02 9.435405e-02 1.028868e-01 8.874054e-02 2.334234e-01 1.383138e-01 8.021480e-01 1.390423e-01 3.584656e-01 5.452554e-01 2.174847e-01 5.119865e-02 4.453888e-01 5.000000e-02
<GCONST> 6.957156e+01
<STATE> 24
<MEAN> 39
 -1.599214e+00 -2.400142e+01 -5.396873e+00 -7.411802e+00 -8.900186e+00 -7.663370e+00 5.617249e+00 -5.386361e+00 6.005336e+00 1.716332e-01 -3.718033e-01 9.458157e-01 5.172620e-01 2.435193e+00 -1.903023e+00 3.459323e-01 3.186291e+00 2.044623e+00 3.097334e+00 -1.130465e-02 2.438732e-01 -5.707985e-01 -2.621976e+00 -4.911781e-01 3.523203e-01 -6.232500e-02 -7.913329e-01 2.983577e-01 -2.396151e-01 -2.036575e-01 -2.259521e-01 4.853534e-03 4.169146e-01 3.390216e-01 -8.195270e-02 3.558310e-01 8.453234e-02 -3.149398e-01 5.086680e-03
<VARIANCE> 39
 9.582541e+00 6.075460e+00 1.460923e+00 3.213155e+01 9.637239e+00 3.431926e+01 4.414209e+00 1.036154e+01 2.259836e+01 1.564065e+01 1.103823e+01 3.035847e+00 5.000000e-02 6.073709e-01 5.410369e-01 1.003645e+00 1.024511e+00 9.184144e-01 3.577318e+00 1.115700e+00 2.419298e+00 9.382504e-01 1.276023e+00 7.037497e-01 1.609210e+00 5.000000e-02 1.558949e-01 1.518067e-01 7.025533e-02 3.418083e-01 1.908713e-01 4.774103e-01 1.014875e-01 2.127597e-01 6.980895e-01 3.139344e-01 1.990169e-01 2.177750e-01 5.000000e-02
<GCONST> 7.264842e+01
<STATE> 25
<MEAN> 39
 -1.065845e+00 -2.670379e+01 -6.659230e+00 -5.343444e+00 -7.351252e+00 -2.205677e+00 6.163381e+00 -5.935259e+00 7.107089e+00 -2.364132e+00 -9.329060e-01 1.965065e+00 4.349873e-01 4.607652e-01 -7.907612e-01 -7.280403e-01 1.424483e+00 4.318742e-01 1.354935e+00 4.958148e-01 4.689267e-02 -2.693838e-01 -8.707893e-01 1.834987e-01 7.567213e-02 -4.345072e-02 -5.521871e-01 6.227018e-01 -9.971472e-02 -4.750448e-01 -5.000871e-01 -9.123774e-01 -1.278886e-01 -1.344280e-01 -2.988249e-01 4.627770e-01 1.069180e-01 -1.924845e-01 1.203047e-02
<VARIANCE> 39
 1.955429e+00 3.009952e+00 5.995051e+00 8.883408e+00 1.142383e+01 6.040579e+00 1.068960e+01 1.343056e+01 1.441478e+01 2.124054e+01 8.102321e+00 6.462985e+00 5.000000e-02 1.277807e+00 7.256486e-01 1.571825e-01 2.454563e-01 1.117229e+00 4.934520e+00 1.453482e+00 7.313226e-01 1.758930e+00 4.940657e-01 7.428014e-01 8.517448e-01 5.000000e-02 5.000000e-02 1.334837e-01 3.570074e-01 2.125732e-01 3.415626e-01 1.593484e-01 2.770340e-01 4.366851e-01 3.374894e-01 1.808194e-01 1.182965e-01 2.106849e-01 5.000000e-02
<GCONST> 6.606107e+01
<STATE> 26
<MEAN> 39
 -7.591723e-01 -2.622714e+01 -7.551226e+00 -2.456281e+00 -6.431964e+00 -3.926018e+00 7.212991e+00 -5.849779e+00 5.311483e+00 -2.978451e+00 -3.151360e-03 9.714047e-01 3.866187e-01 3.751090e-01 1.376404e-01 -3.563103e-01 1.304748e+00 2.370679e-01 -2.279416e-01 -5.244714e-01 -1.971702e-01 -1.135855e+00 -7.965019e-01 -3.475978e-01 -3.417133e-01 -2.005852e-02 -1.712078e-01 4.117098e-01 7.581219e-02 -2.065526e-01 3.026738e-04 -5.981517e-01 -1.157836e-01 1.206311e-01 -2.990613e-01 9.763752e-02 -5.158868e-02 -2.101427e-01 8.356228e-03
<VARIANCE> 39
 1.294906e+00 2.451688e+00 4.789701e+00 1.617623e+01 7.898730e+00 1.685865e+01 7.788572e+00 7.434381e+00 9.144182e+00 2.250700e+01 9.725883e+00 1.160126e+01 5.000000e-02 4.651884e-01 4.492406e-01 1.918768e+00 8.708634e-01 1.668687e+00 3.238196e+00 8.271205e-01 1.435032e+00 2.487482e+00 9.508655e-01 1.172015e+00 9.235479e-01 5.000000e-02 8.629865e-02 1.632949e-01 2.064614e-01 7.485778e-02 2.132617e-01 4.892831e-01 3.818373e-01 1.378003e-01 2.516582e-01 7.498594e-02 5.000000e-02 2.317575e-01 5.000000e-02
<GCONST> 6.688020e+01
<STATE> 27
<MEAN> 39
 -3.291664e-01 -2.513272e+01 -7.096751e+00 -2.196338e+00 -6.780699e+00 -4.432884e+00 4.082962e+00 -6.250025e+00 3.558500e+00 -4.453977e+00 -9.635380e-01 4.428627e-01 3.870140e-01 2.021955e-01 3.928328e-01 -5.208611e-01 4.603105e-01 7.378855e-01 -5.850132e-01 -2.769724e-01 3.432119e-01 -1.454327e+00 -7.818744e-01 -9.247731e-02 -6.879774e-01 -1.640465e-02 -1.375042e-01 3.376303e-01 1.029645e-01 -2.121692e-01 2.772353e-01 -1.017755e-02 4.469747e-01 2.787794e-01 5.391620e-02 2.615474e-01 1.382384e-01 -1.228758e-01 1.534262e-03
<VARIANCE> 39
 1.749614e+00 1.336548e+00 9.102581e+00 2.160974e+01 5.634747e+00 8.690619e+00 7.848407e+00 2.085286e+01 1.918361e+01 4.425482e+01 7.775900e+00 2.092968e+01 5.000000e-02 3.324584e-01 4.183465e-01 5.586061e-01 1.221983e+00 9.139367e-01 1.186283e+00 1.286084e+00 4.886385e-01 1.149344e+00 4.187647e-01 3.355271e-01 7.063194e-01 5.000000e-02 8.026251e-02 8.565715e-02 4.275903e-01 1.119511e-01 1.987918e-01 4.342421e-01 1.311674e-01 1.888193e-01 4.723707e-01 5.551659e-01 1.432265e-01 2.387366e-01 5.000000e-02
<GCONST> 6.585595e+01
<STATE> 28
<MEAN> 39
 -4.548939e-01 -2.566055e+01 -8.527518e+00 -1.442854e+00 -6.262073e+00 -6.190448e+00 5.683352e+00 -5.167624e+00 7.732633e-01 -3.883973e+00 -1.408841e+00 -7.994596e-01 3.736100e-01 2.243299e-01 1.191060e+00 4.173838e-01 1.130436e+00 1.179802e+00 2.431799e-01 1.143568e+00 7.018852e-01 -1.550655e+00 -5.824243e-01 1.111699e-01 -6.322303e-01 -1.921019e-02 -4.189108e-02 3.241685e-01 2.752526e-01 -1.066175e-01 2.374302e-01 3.839664e-01 1.782356e-01 3.251239e-01 3.726147e-01 -1.491885e-01 4.708417e-02 1.416149e-01 1.512160e-03
<VARIANCE> 39
 4.161659e+00 3.215147e+00 4.165598e+00 6.825234e+00 8.370598e+00 6.761384e+00 9.692083e+00 2.458196e+00 1.196492e+01 2.388579e+01 4.433989e+00 1.085092e+01 5.000000e-02 1.672624e-01 2.727688e-01 9.970475e-01 7.272446e-01 2.649811e-01 6.920604e-01 7.373888e-01 5.778623e-01 1.030989e+00 1.922562e+00 1.057550e-01 1.220507e+00 5.000000e-02 1.409318e-01 1.288371e-01 1.838625e-01 1.043566e-01 2.205738e-01 4.182928e-01 5.000000e-02 1.493713e-01 4.311616e-01 5.359838e-01 5.000000e-02 1.350625e-01 5.000000e-02
<GCONST> 5.634055e+01
<STATE> 29
<MEAN> 39
 3.189905e-01 -2.193769e+01 -6.748471e+00 5.779216e-01 -2.799074e+00 -4.515095e+00 7.592591e+00 -3.216613e+00 2.190457e-01 -4.559197e+00 -1.781311e-01 -1.340952e+00 3.317863e-01 2.612348e-01 1.156373e+00 4.009775e-01 7.212475e-01 1.280808e+00 1.012493e+00 3.838817e-01 8.095225e-01 -3.726650e-01 -5.945322e-01 2.111228e-01 1.075865e-01 -1.599913e-02 -2.360996e-01 -3.334944e-01 -1.443999e-01 -1.301357e-01 -6.689031e-02 1.320658e-01 -2.376677e-01 -1.686629e-01 3.870211e-01 -1.925261e-02 4.208273e-02 4.025227e-01 -5.099658e-04
<VARIANCE> 39
 2.315223e+00 2.357452e+00 4.020413e+00 6.501510e+00 5.765858e+00 1.416156e+01 5.611801e+00 1.920061e+01 5.157908e+00 1.632805e+01 1.222050e+01 8.021457e+00 5.000000e-02 2.964247e-01 6.780333e-01 1.038858e+00 7.023894e-01 9.285395e-01 1.115552e+00 1.033074e-01 8.438021e-01 1.340122e+00 5.581645e+00 1.886420e-01 7.359527e-01 5.000000e-02 5.000000e-02 5.534580e-02 1.490491e-01 1.009169e-01 5.000000e-02 2.565001e-01 5.000000e-02 1.394341e-01 1.380711e-01 1.921784e-01 5.000000e-02 1.984096e-01 5.000000e-02
<GCONST> 5.381332e+01
<STATE> 30
<MEAN> 39
 8.137888e-01 -2.101926e+01 -7.050235e+00 1.755964e-01 -7.743639e-01 -1.838882e+00 6.815582e+00 -2.884012e+00 -2.560995e-01 -6.673883e+00 -4.975973e-02 -2.960455e-01 3.268257e-01 -5.730653e-01 -2.205870e-01 -5.195104e-01 -3.453605e-02 4.169998e-01 1.645181e-01 -2.539182e-02 2.371351e-01 -7.969779e-02 -5.093467e-01 2.627868e-01 4.657171e-01 -1.605497e-02 -2.356056e-01 -3.826000e-01 -2.958641e-01 -1.332651e-01 -4.428821e-01 -5.228127e-01 -1.869774e-01 -2.827361e-01 1.309110e-01 6.674820e-01 1.902033e-01 -8.549611e-02 -2.625316e-03
<VARIANCE> 39
 2.863087e+00 2.463386e+00 6.008139e+00 1.850924e+01 4.525517e+00 4.859997e+00 9.908600e+00 5.565143e+00 1.030410e+01 2.536127e+01 2.650950e+00 2.101664e+00 5.000000e-02 5.324433e-02 8.022412e-01 1.203977e+00 2.638852e-01 1.290211e+00 1.537982e+00 4.326029e-01 1.453777e+00 8.729709e-01 1.624419e+00 5.950367e-01 1.372892e+00 5.000000e-02 8.683485e-02 1.525330e-01 2.751476e-01 1.890556e-01 4.249825e-01 8.193287e-02 9.262112e-02 4.214621e-01 3.942651e-01 6.598291e-01 5.000000e-02 1.795580e-01 5.000000e-02
<GCONST> 5.986709e+01
<STATE> 31
<MEAN> 39
 -2.243657e+00 -2.194801e+01 -8.013602e+00 1.624563e+00 -1.507791e-01 -3.278419e+00 7.502301e+00 -3.060442e+00 2.669013e-01 -6.160910e+00 5.099407e-01 4.574284e-01 2.348872e-01 -7.756487e-01 -1.186143e-01 -3.821597e-01 2.776476e-01 3.034800e-01 -5.424154e-01 -3.805919e-01 -3.841287e-01 1.867712e-01 1.151039e+00 5.026784e-01 -1.651554e-01 -3.288110e-02 1.222911e-01 2.459039e-01 2.283720e-01 -1.821806e-01 -2.303105e-01 -1.771380e-01 8.320475e-03 1.097655e-01 6.201531e-03 2.604778e-01 -7.817149e-02 -2.171405e-01 -8.695722e-04
<VARIANCE> 39
 2.266032e+00 1.795147e+01 1.703281e+01 5.154117e+00 6.090699e+00 6.960750e+00 1.514927e+01 5.074944e+00 1.623546e+01 1.744280e+01 1.829074e+01 9.384928e+00 5.000000e-02 4.248747e-01 9.990800e-01 1.410923e+00 1.468695e+00 2.182789e+00 1.618305e+00 1.269438e+00 1.163127e+00 1.417095e+00 2.686551e+00 6.170486e-01 1.168697e+00 5.000000e-02 5.636454e-02 3.389979e-01 5.445119e-01 1.215197e-01 2.549118e-01 3.387952e-01 3.521700e-01 1.773725e-01 1.137768e-01 4.010251e-01 2.362242e-01 3.065312e-01 5.000000e-02
<GCONST> 7.467671e+01
<STATE> 32
<MEAN> 39
 -2.314764e+00 -2.305446e+01 -1.026620e+01 1.490685e+00 -5.522490e-01 -5.612309e+00 6.191566e+00 -2.964324e+00 -4.317775e-01 -1.011766e+00 2.538202e+00 -1.214864e+00 2.147222e-01 -9.748860e-02 6.445315e-01 -1.413536e-02 -3.466757e-01 1.437611e-01 -4.665676e-01 -1.030292e-01 7.412348e-01 -5.929423e-02 8.520271e-01 5.902168e-01 -6.755930e-01 -2.263196e-02 1.926963e-01 7.932801e-01 6.339146e-01 -1.032006e-01 7.707366e-02 2.803439e-01 -7.800831e-02 -1.452237e-01 -1.836139e-01 -5.513349e-01 -2.174370e-01 9.944290e-02 -1.480007e-03
<VARIANCE> 39
 1.214139e+00 1.334342e+01 1.031354e+01 8.304025e+00 2.765508e+01 1.424621e+01 1.007756e+00 2.192995e+01 1.779670e+01 1.830178e+01 6.431855e+00 4.347762e+00 5.000000e-02 4.329583e-01 1.702696e+00 2.930737e+00 6.721430e-01 1.598111e+00 9.903234e-01 2.534853e+00 6.572444e-01 1.059829e+00 2.459565e+00 1.724851e+00 1.256550e+00 5.000000e-02 5.694519e-02 1.803604e-01 1.525681e-01 1.480644e-01 3.835250e-01 1.552096e-01 5.000000e-02 7.404172e-01 7.928078e-01 5.125698e-01 5.000000e-02 1.833033e-01 5.000000e-02
<GCONST> 7.110912e+01
<STATE> 33
<MEAN> 39
 -1.738164e+00 -2.039594e+01 -7.958324e+00 -4.133164e-01 -1.495950e+00 -3.386770e+00 7.201285e+00 -1.745812e+00 -1.192069e+00 -4.296682e+00 1.924337e+00 -1.515058e+00 1.898701e-01 -1.365757e-01 2.130838e+00 1.350088e+00 -5.114414e-01 -1.765485e-01 -1.040234e-01 -3.806826e-01 -2.254169e-01 -1.291873e-01 -3.567625e-01 -1.539663e-01 3.376388e-01 -3.380408e-02 -1.460227e-01 4.029703e-01 3.092007e-01 8.754921e-02 4.005246e-01 1.372220e-01 -3.202239e-01 -2.487468e-01 1.776002e-01 -4.805642e-03 -9.412172e-02 3.068872e-01 -4.036145e-03
<VARIANCE> 39
 2.474634e+00 3.831935e+00 8.401680e+00 3.592765e+00 2.125262e+01 7.152105e+00 2.559539e+01 9.632780e+00 7.343216e+00 7.920429e+00 1.513340e+01 4.647254e+00 5.000000e-02 1.796787e-01 7.526135e-01 1.063748e+00 2.949188e-01 1.115718e+00 4.797141e-01 1.176315e+00 3.751935e+00 3.306304e+00 9.870983e-01 5.936630e-01 2.854140e-01 5.000000e-02 5.000000e-02 6.458053e-02 1.574375e-01 1.117729e-01 2.943696e-01 4.088961e-01 6.590832e-01 5.233680e-01 3.117948e-01 4.701672e-01 3.895471e-01 2.100191e-01 5.000000e-02
<GCONST> 6.692123e+01
<STATE> 34
<MEAN> 39
 -3.436459e+00 -1.675364e+01 -5.946550e+00 3.573329e-01 -2.655788e-01 -5.290993e+00 5.891066e+00 -1.583541e+00 1.385633e+00 -1.948405e+00 1.582857e+00 4.274357e-01 6.984206e-02 -5.606828e-01 1.707726e+00 9.554992e-01 2.586998e-01 1.238354e+00 2.473365e-01 -6.920224e-01 -3.679286e-01 -9.666622e-02 7.188865e-01 7.440547e-01 2.518585e-01 -3.252815e-02 -8.031172e-02 -1.611381e-01 -7.235943e-02 -4.406914e-02 5.345176e-02 2.868327e-01 -9.425788e-02 -1.875374e-01 -3.303415e-01 -2.255672e-01 1.181349e-01 8.752692e-02 3.353548e-03
<VARIANCE> 39
 5.946506e+00 2.371113e+00 1.772919e+00 1.856953e+00 1.396538e+01 1.314672e+01 4.797437e+00 2.408562e+01 2.531834e+01 1.260225e+01 8.769041e+00 5.936908e+00 5.000000e-02 1.396223e-01 8.184400e-01 5.110464e-01 5.000000e-02 8.615543e-01 1.209320e+00 2.169718e+00 2.970327e+00 1.794901e+00 1.883137e+00 1.104564e+00 4.461468e-01 5.000000e-02 7.753440e-02 1.064599e-01 1.362946e-01 5.208208e-02 2.643647e-01 2.030935e-01 2.545651e-01 4.175326e-01 7.433742e-01 4.592570e-01 4.683328e-01 7.056979e-02 5.000000e-02
<GCONST> 6.339093e+01
<STATE> 35
<MEAN> 39
 -3.700729e+00 -1.279436e+01 -3.338819e+00 -1.334709e-02 2.223409e+00 -3.524138e+00 3.565313e+00 -5.010392e+00 -1.458251e+00 -2.136512e+00 3.139832e+00 -5.688439e-01 9.096871e-02 -7.559454e-01 1.034413e+00 6.970637e-01 -7.120237e-01 -1.638444e-01 6.441599e-01 -8.220157e-01 -1.206738e-02 -1.828754e-02 -3.232333e-02 -2.850424e-01 3.817319e-01 -3.258017e-02 -5.364211e-02 -5.617181e-01 -4.046225e-01 -1.087262e-01 -4.066137e-01 -7.340281e-02 2.946461e-01 4.445031e-01 3.451336e-01 -2.272968e-02 -3.352973e-01 -9.376782e-02 8.101347e-04
<VARIANCE> 39
 1.795366e+00 8.830327e+00 7.492099e+00 3.073264e+00 1.803428e+01 9.765591e+00 4.899235e+00 1.237604e+01 6.468630e+00 1.223330e+01 1.276655e+01 8.044283e+00 5.000000e-02 3.476104e-01 3.604146e-01 5.291628e-01 3.619249e-01 1.422937e+00 9.168730e-01 7.247214e-01 1.081105e+00 2.572413e+00 1.713977e+00 2.307441e+00 7.679224e-01 5.000000e-02 5.000000e-02 1.286070e-01 8.066230e-02 8.572181e-02 1.738059e-01 1.035884e-01 2.398153e-01 3.576875e-01 1.578455e-01 1.110040e-01 3.112330e-01 1.473449e-01 5.000000e-02
<GCONST> 6.159611e+01
<STATE> 36
<MEAN> 39
 -5.441240e+00 -1.209694e+01 -2.812410e+00 -1.735872e+00 7.219752e-01 -2.605896e+00 1.394702e+00 -2.495244e+00 3.925537e-02 -3.911589e+00 1.959995e+00 1.832339e+00 1.078497e-02 -6.925241e-01 -1.145637e-01 -2.387762e-01 -1.863924e-01 -3.824272e-01 1.316528e-01 2.924313e-01 4.318088e-01 2.992665e-01 -3.444549e-01 -9.225028e-01 4.728455e-01 -2.382438e-02 2.419247e-01 -2.440222e-01 -3.350659e-01 8.512748e-02 -2.916127e-02 -1.895754e-01 4.024356e-01 1.073561e-01 1.536828e-01 -3.558093e-02 -3.035848e-01 -4.485903e-01 6.392359e-03
<VARIANCE> 39
 8.423480e-01 5.200314e+00 5.885026e+00 1.909878e+00 1.911399e+00 4.579525e+00 7.953468e+00 5.713496e+00 1.274842e+01 6.565228e+00 1.377910e+01 1.264974e+01 5.000000e-02 1.537927e-01 2.753771e-01 1.846510e-01 9.186529e-02 5.886282e-01 7.302802e-01 8.339946e-01 2.238317e+00 2.849965e+00 8.821604e-01 5.012562e-01 9.984025e-01 5.000000e-02 5.000000e-02 9.072932e-02 9.528381e-02 1.236791e-01 1.500773e-01 1.648903e-01 8.505907e-02 2.187188e-01 2.534924e-01 1.629777e-01 4.767691e-01 2.297213e-01 5.000000e-02
<GCONST> 5.201340e+01
<TRANSP> 37
 0.000000e+00 1.000000e+00 0.000000e+00 0.000000e+00 0.000000e+00 0.000000e+00 0.000000e+00 0.000000e+00 0.000000e+00 0.000000e+00 0.000000e+00 0.000000e+00 0.000000e+00 0.000000e+00 0.000000e+00 0.000000e+00 0.000000e+00 0.000000e+00 0.000000e+00 0.000000e+00 0.000000e+00 0.000000e+00 0.000000e+00 0.000000e+00 0.000000e+00 0.000000e+00 0.000000e+00 0.000000e+00 0.000000e+00 0.000000e+00 0.000000e+00 0.000000e+00 0.000000e+00 0.000000e+00 0.000000e+00 0.000000e+00 0.000000e+00
 0.000000e+00 4.999694e-01 5.000306e-01 0.000000e+00 0.000000e+00 0.000000e+00 0.000000e+00 0.000000e+00 0.000000e+00 0.000000e+00 0.000000e+00 0.000000e+00 0.000000e+00 0.000000e+00 0.000000e+00 0.000000e+00 0.000000e+00 0.000000e+00 0.000000e+00 0.000000e+00 0.000000e+00 0.000000e+00 0.000000e+00 0.000000e+00 0.000000e+00 0.000000e+00 0.000000e+00 0.000000e+00 0.000000e+00 0.000000e+00 0.000000e+00 0.000000e+00 0.000000e+00 0.000000e+00 0.000000e+00 0.000000e+00 0.000000e+00
 0.000000e+00 0.000000e+00 3.750514e-01 6.249486e-01 0.000000e+00 0.000000e+00 0.000000e+00 0.000000e+00 0.000000e+00 0.000000e+00 0.000000e+00 0.000000e+00 0.000000e+00 0.000000e+00 0.000000e+00 0.000000e+00 0.000000e+00 0.000000e+00 0.000000e+00 0.000000e+00 0.000000e+00 0.000000e+00 0.000000e+00 0.000000e+00 0.000000e+00 0.000000e+00 0.000000e+00 0.000000e+00 0.000000e+00 0.000000e+00 0.000000e+00 0.000000e+00 0.000000e+00 0.000000e+00 0.000000e+00 0.000000e+00 0.000000e+00
 0.000000e+00 0.000000e+00 0.000000e+00 5.454453e-01 4.545548e-01 0.000000e+00 0.000000e+00 0.000000e+00 0.000000e+00 0.000000e+00 0.000000e+00 0.000000e+00 0.000000e+00 0.000000e+00 0.000000e+00 0.000000e+00 0.000000e+00 0.000000e+00 0.000000e+00 0.000000e+00 0.000000e+00 0.000000e+00 0.000000e+00 0.000000e+00 0.000000e+00 0.000000e+00 0.000000e+00 0.000000e+00 0.000000e+00 0.000000e+00 0.000000e+00 0.000000e+00 0.000000e+00 0.000000e+00 0.000000e+00 0.000000e+00 0.000000e+00
 0.000000e+00 0.000000e+00 0.000000e+00 0.000000e+00 3.749973e-01 6.250027e-01 0.000000e+00 0.000000e+00 0.000000e+00 0.000000e+00 0.000000e+00 0.000000e+00 0.000000e+00 0.000000e+00 0.000000e+00 0.000000e+00 0.000000e+00 0.000000e+00 0.000000e+00 0.000000e+00 0.000000e+00 0.000000e+00 0.000000e+00 0.000000e+00 0.000000e+00 0.000000e+00 0.000000e+00 0.000000e+00 0.000000e+00 0.000000e+00 0.000000e+00 0.000000e+00 0.000000e+00 0.000000e+00 0.000000e+00 0.000000e+00 0.000000e+00
 0.000000e+00 0.000000e+00 0.000000e+00 0.000000e+00 0.000000e+00 4.444631e-01 5.555369e-01 0.000000e+00 0.000000e+00 0.000000e+00 0.000000e+00 0.000000e+00 0.000000e+00 0.000000e+00 0.000000e+00 0.000000e+00 0.000000e+00 0.000000e+00 0.000000e+00 0.000000e+00 0.000000e+00 0.000000e+00 0.000000e+00 0.000000e+00 0.000000e+00 0.000000e+00 0.000000e+00 0.000000e+00 0.000000e+00 0.000000e+00 0.000000e+00 0.000000e+00 0.000000e+00 0.000000e+00 0.000000e+00 0.000000e+00 0.000000e+00
 0.000000e+00 0.000000e+00 0.000000e+00 0.000000e+00 0.000000e+00 0.000000e+00 4.444349e-01 5.555652e-01 0.000000e+00 0.000000e+00 0.000000e+00 0.000000e+00 0.000000e+00 0.000000e+00 0.000000e+00 0.000000e+00 0.000000e+00 0.000000e+00 0.000000e+00 0.000000e+00 0.000000e+00 0.000000e+00 0.000000e+00 0.000000e+00 0.000000e+00 0.000000e+00 0.000000e+00 0.000000e+00 0.000000e+00 0.000000e+00 0.000000e+00 0.000000e+00 0.000000e+00 0.000000e+00 0.000000e+00 0.000000e+00 0.000000e+00
 0.000000e+00 0.000000e+00 0.000000e+00 0.000000e+00 0.000000e+00 0.000000e+00 0.000000e+00 3.750087e-01 6.249913e-01 0.000000e+00 0.000000e+00 0.000000e+00 0.000000e+00 0.000000e+00 0.000000e+00 0.000000e+00 0.000000e+00 0.000000e+00 0.000000e+00 0.000000e+00 0.000000e+00 0.000000e+00 0.000000e+00 0.000000e+00 0.000000e+00 0.000000e+00 0.000000e+00 0.000000e+00 0.000000e+00 0.000000e+00 0.000000e+00 0.000000e+00 0.000000e+00 0.000000e+00 0.000000e+00 0.000000e+00 0.000000e+00
 0.000000e+00 0.000000e+00 0.000000e+00 0.000000e+00 0.000000e+00 0.000000e+00 0.000000e+00 0.000000e+00 3.759831e-01 6.240169e-01 0.000000e+00 0.000000e+00 0.000000e+00 0.000000e+00 0.000000e+00 0.000000e+00 0.000000e+00 0.000000e+00 0.000000e+00 0.000000e+00 0.000000e+00 0.000000e+00 0.000000e+00 0.000000e+00 0.000000e+00 0.000000e+00 0.000000e+00 0.000000e+00 0.000000e+00 0.000000e+00 0.000000e+00 0.000000e+00 0.000000e+00 0.000000e+00 0.000000e+00 0.000000e+00 0.000000e+00
 0.000000e+00 0.000000e+00 0.000000e+00 0.000000e+00 0.000000e+00 0.000000e+00 0.000000e+00 0.000000e+00 0.000000e+00 6.425228e-01 3.574773e-01 0.000000e+00 0.000000e+00 0.000000e+00 0.000000e+00 0.000000e+00 0.000000e+00 0.000000e+00 0.000000e+00 0.000000e+00 0.000000e+00 0.000000e+00 0.000000e+00 0.000000e+00 0.000000e+00 0.000000e+00 0.000000e+00 0.000000e+00 0.000000e+00 0.000000e+00 0.000000e+00 0.000000e+00 0.000000e+00 0.000000e+00 0.000000e+00 0.000000e+00 0.000000e+00
 0.000000e+00 0.000000e+00 0.000000e+00 0.000000e+00 0.000000e+00 0.000000e+00 0.000000e+00 0.000000e+00 0.000000e+00 0.000000e+00 2.857480e-01 7.142519e-01 0.000000e+00 0.000000e+00 0.000000e+00 0.000000e+00 0.000000e+00 0.000000e+00 0.000000e+00 0.000000e+00 0.000000e+00 0.000000e+00 0.000000e+00 0.000000e+00 0.000000e+00 0.000000e+00 0.000000e+00 0.000000e+00 0.000000e+00 0.000000e+00 0.000000e+00 0.000000e+00 0.000000e+00 0.000000e+00 0.000000e+00 0.000000e+00 0.000000e+00
 0.000000e+00 0.000000e+00 0.000000e+00 0.000000e+00 0.000000e+00 0.000000e+00 0.000000e+00 0.000000e+00 0.000000e+00 0.000000e+00 0.000000e+00 1.666732e-01 8.333268e-01 0.000000e+00 0.000000e+00 0.000000e+00 0.000000e+00 0.000000e+00 0.000000e+00 0.000000e+00 0.000000e+00 0.000000e+00 0.000000e+00 0.000000e+00 0.000000e+00 0.000000e+00 0.000000e+00 0.000000e+00 0.000000e+00 0.000000e+00 0.000000e+00 0.000000e+00 0.000000e+00 0.000000e+00 0.000000e+00 0.000000e+00 0.000000e+00
 0.000000e+00 0.000000e+00 0.000000e+00 0.000000e+00 0.000000e+00 0.000000e+00 0.000000e+00 0.000000e+00 0.000000e+00 0.000000e+00 0.000000e+00 0.000000e+00 2.857235e-01 7.142765e-01 0.000000e+00 0.000000e+00 0.000000e+00 0.000000e+00 0.000000e+00 0.000000e+00 0.000000e+00 0.000000e+00 0.000000e+00 0.000000e+00 0.000000e+00 0.000000e+00 0.000000e+00 0.000000e+00 0.000000e+00 0.000000e+00 0.000000e+00 0.000000e+00 0.000000e+00 0.000000e+00 0.000000e+00 0.000000e+00 0.000000e+00
 0.000000e+00 0.000000e+00 0.000000e+00 0.000000e+00 0.000000e+00 0.000000e+00 0.000000e+00 0.000000e+00 0.000000e+00 0.000000e+00 0.000000e+00 0.000000e+00 0.000000e+00 4.444467e-01 5.555533e-01 0.000000e+00 0.000000e+00 0.000000e+00 0.000000e+00 0.000000e+00 0.000000e+00 0.000000e+00 0.000000e+00 0.000000e+00 0.000000e+00 0.000000e+00 0.000000e+00 0.000000e+00 0.000000e+00 0.000000e+00 0.000000e+00 0.000000e+00 0.000000e+00 0.000000e+00 0.000000e+00 0.000000e+00 0.000000e+00
 0.000000e+00 0.000000e+00 0.000000e+00 0.000000e+00 0.000000e+00 0.000000e+00 0.000000e+00 0.000000e+00 0.000000e+00 0.000000e+00 0.000000e+00 0.000000e+00 0.000000e+00 0.000000e+00 3.750265e-01 6.249735e-01 0.000000e+00 0.000000e+00 0.000000e+00 0.000000e+00 0.000000e+00 0.000000e+00 0.000000e+00 0.000000e+00 0.000000e+00 0.000000e+00 0.000000e+00 0.000000e+00 0.000000e+00 0.000000e+00 0.000000e+00 0.000000e+00 0.000000e+00 0.000000e+00 0.000000e+00 0.000000e+00 0.000000e+00
 0.000000e+00 0.000000e+00 0.000000e+00 0.000000e+00 0.000000e+00 0.000000e+00 0.000000e+00 0.000000e+00 0.000000e+00 0.000000e+00 0.000000e+00 0.000000e+00 0.000000e+00 0.000000e+00 0.000000e+00 5.452335e-01 4.547664e-01 0.000000e+00 0.000000e+00 0.000000e+00 0.000000e+00 0.000000e+00 0.000000e+00 0.000000e+00 0.000000e+00 0.000000e+00 0.000000e+00 0.000000e+00 0.000000e+00 0.000000e+00 0.000000e+00 0.000000e+00 0.000000e+00 0.000000e+00 0.000000e+00 0.000000e+00 0.000000e+00
 0.000000e+00 0.000000e+00 0.000000e+00 0.000000e+00 0.000000e+00 0.000000e+00 0.000000e+00 0.000000e+00 0.000000e+00 0.000000e+00 0.000000e+00 0.000000e+00 0.000000e+00 0.000000e+00 0.000000e+00 0.000000e+00 2.863447e-01 7.136554e-01 0.000000e+00 0.000000e+00 0.000000e+00 0.000000e+00 0.000000e+00 0.000000e+00 0.000000e+00 0.000000e+00 0.000000e+00 0.000000e+00 0.000000e+00 0.000000e+00 0.000000e+00 0.000000e+00 0.000000e+00 0.000000e+00 0.000000e+00 0.000000e+00 0.000000e+00
 0.000000e+00 0.000000e+00 0.000000e+00 0.000000e+00 0.000000e+00 0.000000e+00 0.000000e+00 0.000000e+00 0.000000e+00 0.000000e+00 0.000000e+00 0.000000e+00 0.000000e+00 0.000000e+00 0.000000e+00 0.000000e+00 0.000000e+00 3.747269e-01 6.252731e-01 0.000000e+00 0.000000e+00 0.000000e+00 0.000000e+00 0.000000e+00 0.000000e+00 0.000000e+00 0.000000e+00 0.000000e+00 0.000000e+00 0.000000e+00 0.000000e+00 0.000000e+00 0.000000e+00 0.000000e+00 0.000000e+00 0.000000e+00 0.000000e+00
 0.000000e+00 0.000000e+00 0.000000e+00 0.000000e+00 0.000000e+00 0.000000e+00 0.000000e+00 0.000000e+00 0.000000e+00 0.000000e+00 0.000000e+00 0.000000e+00 0.000000e+00 0.000000e+00 0.000000e+00 0.000000e+00 0.000000e+00 0.000000e+00 6.429313e-01 3.570687e-01 0.000000e+00 0.000000e+00 0.000000e+00 0.000000e+00 0.000000e+00 0.000000e+00 0.000000e+00 0.000000e+00 0.000000e+00 0.000000e+00 0.000000e+00 0.000000e+00 0.000000e+00 0.000000e+00 0.000000e+00 0.000000e+00 0.000000e+00
 0.000000e+00 0.000000e+00 0.000000e+00 0.000000e+00 0.000000e+00 0.000000e+00 0.000000e+00 0.000000e+00 0.000000e+00 0.000000e+00 0.000000e+00 0.000000e+00 0.000000e+00 0.000000e+00 0.000000e+00 0.000000e+00 0.000000e+00 0.000000e+00 0.000000e+00 6.428570e-01 3.571430e-01 0.000000e+00 0.000000e+00 0.000000e+00 0.000000e+00 0.000000e+00 0.000000e+00 0.000000e+00 0.000000e+00 0.000000e+00 0.000000e+00 0.000000e+00 0.000000e+00 0.000000e+00 0.000000e+00 0.000000e+00 0.000000e+00
 0.000000e+00 0.000000e+00 0.000000e+00 0.000000e+00 0.000000e+00 0.000000e+00 0.000000e+00 0.000000e+00 0.000000e+00 0.000000e+00 0.000000e+00 0.000000e+00 0.000000e+00 0.000000e+00 0.000000e+00 0.000000e+00 0.000000e+00 0.000000e+00 0.000000e+00 0.000000e+00 4.999995e-01 5.000005e-01 0.000000e+00 0.000000e+00 0.000000e+00 0.000000e+00 0.000000e+00 0.000000e+00 0.000000e+00 0.000000e+00 0.000000e+00 0.000000e+00 0.000000e+00 0.000000e+00 0.000000e+00 0.000000e+00 0.000000e+00
 0.000000e+00 0.000000e+00 0.000000e+00 0.000000e+00 0.000000e+00 0.000000e+00 0.000000e+00 0.000000e+00 0.000000e+00 0.000000e+00 0.000000e+00 0.000000e+00 0.000000e+00 0.000000e+00 0.000000e+00 0.000000e+00 0.000000e+00 0.000000e+00 0.000000e+00 0.000000e+00 0.000000e+00 3.749938e-01 6.250063e-01 0.000000e+00 0.000000e+00 0.000000e+00 0.000000e+00 0.000000e+00 0.000000e+00 0.000000e+00 0.000000e+00 0.000000e+00 0.000000e+00 0.000000e+00 0.000000e+00 0.000000e+00 0.000000e+00
 0.000000e+00 0.000000e+00 0.000000e+00 0.000000e+00 0.000000e+00 0.000000e+00 0.000000e+00 0.000000e+00 0.000000e+00 0.000000e+00 0.000000e+00 0.000000e+00 0.000000e+00 0.000000e+00 0.000000e+00 0.000000e+00 0.000000e+00 0.000000e+00 0.000000e+00 0.000000e+00 0.000000e+00 0.000000e+00 2.857882e-01 7.142118e-01 0.000000e+00 0.000000e+00 0.000000e+00 0.000000e+00 0.000000e+00 0.000000e+00 0.000000e+00 0.000000e+00 0.000000e+00 0.000000e+00 0.000000e+00 0.000000e+00 0.000000e+00
 0.000000e+00 0.000000e+00 0.000000e+00 0.000000e+00 0.000000e+00 0.000000e+00 0.000000e+00 0.000000e+00 0.000000e+00 0.000000e+00 0.000000e+00 0.000000e+00 0.000000e+00 0.000000e+00 0.000000e+00 0.000000e+00 0.000000e+00 0.000000e+00 0.000000e+00 0.000000e+00 0.000000e+00 0.000000e+00 0.000000e+00 3.750184e-01 6.249816e-01 0.000000e+00 0.000000e+00 0.000000e+00 0.000000e+00 0.000000e+00 0.000000e+00 0.000000e+00 0.000000e+00 0.000000e+00 0.000000e+00 0.000000e+00 0.000000e+00
 0.000000e+00 0.000000e+00 0.000000e+00 0.000000e+00 0.000000e+00 0.000000e+00 0.000000e+00 0.000000e+00 0.000000e+00 0.000000e+00 0.000000e+00 0.000000e+00 0.000000e+00 0.000000e+00 0.000000e+00 0.000000e+00 0.000000e+00 0.000000e+00 0.000000e+00 0.000000e+00 0.000000e+00 0.000000e+00 0.000000e+00 0.000000e+00 2.879398e-01 7.120603e-01 0.000000e+00 0.000000e+00 0.000000e+00 0.000000e+00 0.000000e+00 0.000000e+00 0.000000e+00 0.000000e+00 0.000000e+00 0.000000e+00 0.000000e+00
 0.000000e+00 0.000000e+00 0.000000e+00 0.000000e+00 0.000000e+00 0.000000e+00 0.000000e+00 0.000000e+00 0.000000e+00 0.000000e+00 0.000000e+00 0.000000e+00 0.000000e+00 0.000000e+00 0.000000e+00 0.000000e+00 0.000000e+00 0.000000e+00 0.000000e+00 0.000000e+00 0.000000e+00 0.000000e+00 0.000000e+00 0.000000e+00 0.000000e+00 3.752318e-01 6.247682e-01 0.000000e+00 0.000000e+00 0.000000e+00 0.000000e+00 0.000000e+00 0.000000e+00 0.000000e+00 0.000000e+00 0.000000e+00 0.000000e+00
 0.000000e+00 0.000000e+00 0.000000e+00 0.000000e+00 0.000000e+00 0.000000e+00 0.000000e+00 0.000000e+00 0.000000e+00 0.000000e+00 0.000000e+00 0.000000e+00 0.000000e+00 0.000000e+00 0.000000e+00 0.000000e+00 0.000000e+00 0.000000e+00 0.000000e+00 0.000000e+00 0.000000e+00 0.000000e+00 0.000000e+00 0.000000e+00 0.000000e+00 0.000000e+00 2.841952e-01 7.158048e-01 0.000000e+00 0.000000e+00 0.000000e+00 0.000000e+00 0.000000e+00 0.000000e+00 0.000000e+00 0.000000e+00 0.000000e+00
 0.000000e+00 0.000000e+00 0.000000e+00 0.000000e+00 0.000000e+00 0.000000e+00 0.000000e+00 0.000000e+00 0.000000e+00 0.000000e+00 0.000000e+00 0.000000e+00 0.000000e+00 0.000000e+00 0.000000e+00 0.000000e+00 0.000000e+00 0.000000e+00 0.000000e+00 0.000000e+00 0.000000e+00 0.000000e+00 0.000000e+00 0.000000e+00 0.000000e+00 0.000000e+00 0.000000e+00 2.847669e-01 7.152331e-01 0.000000e+00 0.000000e+00 0.000000e+00 0.000000e+00 0.000000e+00 0.000000e+00 0.000000e+00 0.000000e+00
 0.000000e+00 0.000000e+00 0.000000e+00 0.000000e+00 0.000000e+00 0.000000e+00 0.000000e+00 0.000000e+00 0.000000e+00 0.000000e+00 0.000000e+00 0.000000e+00 0.000000e+00 0.000000e+00 0.000000e+00 0.000000e+00 0.000000e+00 0.000000e+00 0.000000e+00 0.000000e+00 0.000000e+00 0.000000e+00 0.000000e+00 0.000000e+00 0.000000e+00 0.000000e+00 0.000000e+00 0.000000e+00 4.443211e-01 5.556789e-01 0.000000e+00 0.000000e+00 0.000000e+00 0.000000e+00 0.000000e+00 0.000000e+00 0.000000e+00
 0.000000e+00 0.000000e+00 0.000000e+00 0.000000e+00 0.000000e+00 0.000000e+00 0.000000e+00 0.000000e+00 0.000000e+00 0.000000e+00 0.000000e+00 0.000000e+00 0.000000e+00 0.000000e+00 0.000000e+00 0.000000e+00 0.000000e+00 0.000000e+00 0.000000e+00 0.000000e+00 0.000000e+00 0.000000e+00 0.000000e+00 0.000000e+00 0.000000e+00 0.000000e+00 0.000000e+00 0.000000e+00 0.000000e+00 4.441067e-01 5.558934e-01 0.000000e+00 0.000000e+00 0.000000e+00 0.000000e+00 0.000000e+00 0.000000e+00
 0.000000e+00 0.000000e+00 0.000000e+00 0.000000e+00 0.000000e+00 0.000000e+00 0.000000e+00 0.000000e+00 0.000000e+00 0.000000e+00 0.000000e+00 0.000000e+00 0.000000e+00 0.000000e+00 0.000000e+00 0.000000e+00 0.000000e+00 0.000000e+00 0.000000e+00 0.000000e+00 0.000000e+00 0.000000e+00 0.000000e+00 0.000000e+00 0.000000e+00 0.000000e+00 0.000000e+00 0.000000e+00 0.000000e+00 0.000000e+00 5.002834e-01 4.997166e-01 0.000000e+00 0.000000e+00 0.000000e+00 0.000000e+00 0.000000e+00
 0.000000e+00 0.000000e+00 0.000000e+00 0.000000e+00 0.000000e+00 0.000000e+00 0.000000e+00 0.000000e+00 0.000000e+00 0.000000e+00 0.000000e+00 0.000000e+00 0.000000e+00 0.000000e+00 0.000000e+00 0.000000e+00 0.000000e+00 0.000000e+00 0.000000e+00 0.000000e+00 0.000000e+00 0.000000e+00 0.000000e+00 0.000000e+00 0.000000e+00 0.000000e+00 0.000000e+00 0.000000e+00 0.000000e+00 0.000000e+00 0.000000e+00 1.666932e-01 8.333068e-01 0.000000e+00 0.000000e+00 0.000000e+00 0.000000e+00
 0.000000e+00 0.000000e+00 0.000000e+00 0.000000e+00 0.000000e+00 0.000000e+00 0.000000e+00 0.000000e+00 0.000000e+00 0.000000e+00 0.000000e+00 0.000000e+00 0.000000e+00 0.000000e+00 0.000000e+00 0.000000e+00 0.000000e+00 0.000000e+00 0.000000e+00 0.000000e+00 0.000000e+00 0.000000e+00 0.000000e+00 0.000000e+00 0.000000e+00 0.000000e+00 0.000000e+00 0.000000e+00 0.000000e+00 0.000000e+00 0.000000e+00 0.000000e+00 2.860173e-01 7.139827e-01 0.000000e+00 0.000000e+00 0.000000e+00
 0.000000e+00 0.000000e+00 0.000000e+00 0.000000e+00 0.000000e+00 0.000000e+00 0.000000e+00 0.000000e+00 0.000000e+00 0.000000e+00 0.000000e+00 0.000000e+00 0.000000e+00 0.000000e+00 0.000000e+00 0.000000e+00 0.000000e+00 0.000000e+00 0.000000e+00 0.000000e+00 0.000000e+00 0.000000e+00 0.000000e+00 0.000000e+00 0.000000e+00 0.000000e+00 0.000000e+00 0.000000e+00 0.000000e+00 0.000000e+00 0.000000e+00 0.000000e+00 0.000000e+00 4.998324e-01 5.001675e-01 0.000000e+00 0.000000e+00
 0.000000e+00 0.000000e+00 0.000000e+00 0.000000e+00 0.000000e+00 0.000000e+00 0.000000e+00 0.000000e+00 0.000000e+00 0.000000e+00 0.000000e+00 0.000000e+00 0.000000e+00 0.000000e+00 0.000000e+00 0.000000e+00 0.000000e+00 0.000000e+00 0.000000e+00 0.000000e+00 0.000000e+00 0.000000e+00 0.000000e+00 0.000000e+00 0.000000e+00 0.000000e+00 0.000000e+00 0.000000e+00 0.000000e+00 0.000000e+00 0.000000e+00 0.000000e+00 0.000000e+00 0.000000e+00 4.999989e-01 5.000011e-01 0.000000e+00
 0.000000e+00 0.000000e+00 0.000000e+00 0.000000e+00 0.000000e+00 0.000000e+00 0.000000e+00 0.000000e+00 0.000000e+00 0.000000e+00 0.000000e+00 0.000000e+00 0.000000e+00 0.000000e+00 0.000000e+00 0.000000e+00 0.000000e+00 0.000000e+00 0.000000e+00 0.000000e+00 0.000000e+00 0.000000e+00 0.000000e+00 0.000000e+00 0.000000e+00 0.000000e+00 0.000000e+00 0.000000e+00 0.000000e+00 0.000000e+00 0.000000e+00 0.000000e+00 0.000000e+00 0.000000e+00 0.000000e+00 0.000000e+00 1.000000e+00
 0.000000e+00 0.000000e+00 0.000000e+00 0.000000e+00 0.000000e+00 0.000000e+00 0.000000e+00 0.000000e+00 0.000000e+00 0.000000e+00 0.000000e+00 0.000000e+00 0.000000e+00 0.000000e+00 0.000000e+00 0.000000e+00 0.000000e+00 0.000000e+00 0.000000e+00 0.000000e+00 0.000000e+00 0.000000e+00 0.000000e+00 0.000000e+00 0.000000e+00 0.000000e+00 0.000000e+00 0.000000e+00 0.000000e+00 0.000000e+00 0.000000e+00 0.000000e+00 0.000000e+00 0.000000e+00 0.000000e+00 0.000000e+00 0.000000e+00
<ENDHMM>
