~o
<STREAMINFO> 1 39
<VECSIZE> 39<NULLD><MFCC_E_D_A><DIAGC>
~h "Lawp"
<BEGINHMM>
<NUMSTATES> 26
<STATE> 2
<MEAN> 39
 -7.451826e+00 -9.997593e+00 -2.454614e+00 -1.382586e+00 3.737572e-01 -4.295657e+00 1.065055e+00 -1.637411e+00 2.204565e+00 -1.924860e+00 2.038913e+00 1.742194e-01 -9.268331e-02 7.910426e-01 -1.360057e-01 -1.106055e+00 -6.281074e-01 -1.189144e+00 -1.202363e+00 -4.637778e-01 8.104516e-01 6.402655e-01 -7.455344e-01 -4.669996e-01 -4.290121e-01 4.547316e-02 8.575124e-01 -1.102833e-01 -6.986148e-01 -2.452913e-01 -6.585053e-01 -8.529299e-01 -1.496554e-01 1.733627e-01 1.153194e-01 -5.997559e-01 -2.613291e-01 -3.024868e-01 4.397204e-02
<VARIANCE> 39
 1.093987e+00 2.359271e+00 4.743191e+00 7.385977e+00 7.526858e+00 4.667987e+00 6.649106e+00 8.664033e+00 9.403002e+00 5.887895e+00 1.024817e+01 1.058948e+01 5.000000e-02 1.937745e+00 3.589650e-01 1.218385e+00 8.565374e-01 1.660581e+00 1.579877e+00 1.836998e+00 1.465424e+00 1.133189e+00 2.293429e+00 1.343383e+00 1.403743e+00 5.000000e-02 2.205743e-01 1.035651e-01 1.940762e-01 1.081955e-01 2.651266e-01 1.572537e-01 3.076435e-01 2.942363e-01 3.026699e-01 1.657010e-01 2.658693e-01 2.787977e-01 5.000000e-02
<GCONST> 6.791537e+01
<STATE> 3
<MEAN> 39
 -2.598542e+00 -8.918027e+00 -5.233783e+00 -4.783274e+00 -4.848604e+00 -8.772953e+00 1.289499e-01 1.180322e+00 4.194304e+00 -6.196467e+00 1.154960e+00 -3.462327e+00 1.480807e-01 3.653568e+00 -6.317169e-01 -3.301338e+00 -6.019119e-01 -2.708972e+00 -4.443212e+00 -8.451639e-01 1.184679e+00 1.453600e+00 -1.996430e+00 -6.888818e-01 -2.937404e-01 1.865240e-01 1.733051e-01 -2.742462e-01 -5.428492e-01 2.352914e-01 -2.930871e-01 -6.362862e-01 -4.953004e-02 -7.274321e-01 1.020875e-01 1.924436e-01 2.387036e-01 3.244862e-01 2.300836e-02
<VARIANCE> 39
 1.474409e+01 8.248100e+00 7.744627e+00 9.194159e+00 3.732029e+00 5.704631e+00 4.663678e+00 1.368727e+01 1.411245e+01 3.946556e+00 3.396500e+00 2.758674e+00 5.000000e-02 1.636389e+00 1.130089e+00 1.004513e+00 1.138610e+00 2.164095e+00 7.538725e-01 1.043027e+00 1.708671e+00 1.323159e+00 1.471985e+00 1.358574e+00 1.943604e+00 5.000000e-02 2.197762e-01 5.000000e-02 1.684790e-01 2.877310e-01 5.428692e-02 5.751234e-02 3.271244e-01 3.987829e-01 1.074687e-01 1.611705e-01 1.803271e-01 4.453377e-01 5.000000e-02
<GCONST> 6.676102e+01
<STATE> 4
<MEAN> 39
 5.422101e+00 -1.244965e+01 -1.428238e+01 -4.164286e+00 -9.779119e+00 -2.007244e+01 -2.758795e+00 3.051950e+00 5.722689e+00 -9.072253e+00 -1.355451e+00 -1.360991e+00 5.027441e-01 2.045892e+00 -7.146136e-01 -3.211241e+00 3.002799e-01 -2.389130e+00 -3.706293e+00 -8.315804e-01 -1.371082e+00 7.393909e-01 -1.382984e+00 7.183747e-01 1.152767e-01 1.495622e-01 -1.304065e+00 -9.915161e-03 1.940367e-01 3.513625e-01 6.651033e-01 1.258138e+00 8.934436e-01 -8.385387e-01 -3.365939e-02 4.730282e-01 1.772817e-01 3.133569e-01 -2.346045e-02
<VARIANCE> 39
 1.177267e+01 7.280337e+00 5.410204e+00 7.347223e+00 4.211074e+00 1.408587e+01 3.581640e+00 1.041828e+01 6.773638e+00 1.084462e+01 1.727665e+01 1.699483e+01 5.000000e-02 2.185790e+00 5.979713e-01 1.141370e+00 9.589766e-01 1.119376e+00 1.322693e+00 1.885796e+00 2.913985e+00 1.269600e+00 1.622243e+00 3.309622e+00 4.108403e+00 5.000000e-02 3.597170e-01 2.332010e-01 1.521770e-01 3.876911e-01 2.969612e-01 5.452831e-01 3.912185e-01 1.715209e-01 4.486076e-01 2.209732e-01 5.913515e-01 4.594284e-01 5.000000e-02
<GCONST> 8.084646e+01
<STATE> 5
<MEAN> 39
 3.179553e+00 -1.231152e+01 -1.780289e+01 -3.754838e+00 -1.287553e+01 -2.167638e+01 -1.959083e+00 -6.433153e+00 8.760652e+00 -1.029323e+01 2.915591e+00 -2.465394e+00 6.921421e-01 -1.415925e+00 -1.369055e+00 -2.413098e+00 8.512310e-02 9.530304e-03 1.808494e+00 2.518447e+00 -1.403241e+00 4.441212e-01 1.219247e-01 -1.500369e+00 1.401225e+00 8.308165e-02 -9.729462e-01 -5.312402e-01 2.043101e-01 1.402207e-01 1.385547e+00 1.955465e+00 1.058245e+00 6.362698e-01 -7.828747e-01 3.007276e-01 -9.886591e-01 6.772832e-01 -2.154395e-02
<VARIANCE> 39
 2.239387e+01 1.404379e+01 1.533147e+01 5.105770e+00 3.942717e+00 1.279514e+01 1.967490e+01 3.799461e+01 1.847649e+01 2.923603e+01 2.829220e+01 4.742653e+01 5.000000e-02 1.215055e+00 1.961923e+00 1.330430e+00 1.470735e+00 3.811733e+00 7.678104e+00 4.086510e+00 2.817104e+00 4.101045e+00 1.547332e+00 2.764520e+00 5.257728e+00 5.000000e-02 1.732244e-01 2.705722e-01 4.419573e-01 1.922363e-01 5.219659e-02 6.047484e-01 5.029154e-01 3.284222e-01 5.198488e-01 5.368569e-01 9.082489e-01 1.453586e+00 5.000000e-02
<GCONST> 9.693594e+01
<STATE> 6
<MEAN> 39
 -2.486960e+00 -1.772509e+01 -2.482992e+01 -2.673766e+00 -7.969582e+00 -1.154574e+01 9.477150e+00 -2.949442e+00 6.944414e+00 -9.781561e+00 -6.162790e+00 4.700443e+00 8.465360e-01 -2.576999e+00 -2.374559e+00 -2.000911e+00 8.848014e-01 3.340653e+00 3.875514e+00 3.447549e+00 -6.598576e-02 -2.173017e+00 -2.521593e-01 -2.714673e+00 2.009052e+00 6.058547e-02 2.540928e-01 4.425447e-02 7.115907e-01 1.884123e-01 6.734767e-01 -2.335109e-01 -1.010617e+00 -2.622823e-01 -3.283312e-01 1.534439e-01 4.692253e-01 -5.241444e-01 -9.723560e-03
<VARIANCE> 39
 8.017368e+00 8.858624e+00 1.525119e+01 5.423436e+00 3.801823e+01 8.635632e+01 4.405814e+01 1.737793e+01 6.451128e+01 1.491320e+01 1.755431e+01 2.368141e+01 5.000000e-02 2.535892e-01 1.325685e+00 3.266586e+00 4.184820e-01 6.087503e-01 2.795806e+00 2.730835e+00 1.036452e+00 1.918733e+00 2.238870e+00 4.760927e+00 4.965152e+00 5.000000e-02 1.316904e-01 2.430134e-01 1.519353e-01 1.456033e-01 5.979684e-01 9.956074e-01 6.693756e-01 2.377425e-01 1.253449e+00 4.639886e-01 4.362330e-01 1.170518e+00 5.000000e-02
<GCONST> 9.359609e+01
<STATE> 7
<MEAN> 39
 -5.518887e+00 -2.198252e+01 -2.648607e+01 -1.506860e-01 -7.264808e-01 -7.791599e+00 1.022462e+01 -5.794066e+00 -1.512475e-01 -1.016543e+01 -8.678457e+00 6.611794e+00 9.548925e-01 -8.659067e-01 -1.205496e+00 3.715269e-01 1.085020e+00 2.984068e+00 1.881388e+00 -6.100221e-01 -1.698367e+00 -4.542421e-01 9.341452e-01 -4.186529e-03 3.886234e-02 2.976292e-02 6.869523e-01 5.632843e-01 6.870794e-01 -1.612537e-01 -4.308718e-01 -5.054587e-01 -1.211384e+00 -1.307836e-01 8.100085e-01 5.965316e-01 8.495436e-01 -8.075160e-01 -1.316276e-02
<VARIANCE> 39
 1.351487e+01 6.036101e+00 2.405997e+01 6.827786e+00 9.103598e+00 5.352963e+01 3.627468e+01 2.264515e+01 2.148655e+01 3.620857e+00 1.266555e+01 1.560232e+01 5.000000e-02 2.463160e-01 4.281115e-01 7.659220e-01 5.917573e-01 1.197823e+00 1.166644e+00 9.709171e-01 7.352952e-01 4.830488e+00 2.209053e+00 1.121164e+00 1.936543e+00 5.000000e-02 5.000000e-02 1.355945e-01 4.044987e-01 6.522786e-02 1.792736e-01 3.710715e-01 4.404233e-01 2.676101e-01 3.658313e-01 1.999025e-01 5.344283e-01 4.403265e-01 5.000000e-02
<GCONST> 7.729356e+01
<STATE> 8
<MEAN> 39
 -6.306336e+00 -2.301206e+01 -2.285491e+01 7.619572e-01 4.923734e+00 -1.965030e+00 6.693903e+00 -1.049627e+01 4.395912e+00 -6.215483e+00 -6.058012e+00 3.404596e+00 9.753972e-01 2.928185e-01 -2.392818e-01 4.693797e-01 7.323855e-02 1.479734e+00 1.761746e+00 -1.245000e+00 -4.366605e-01 1.532801e-01 1.556727e+00 4.907122e-02 -7.878439e-01 1.181897e-02 1.890790e-01 1.302815e-01 -6.323483e-02 -5.166004e-01 -6.339603e-01 -2.673929e-01 1.303549e-01 6.034847e-01 -2.823176e-02 1.830448e-03 -1.909164e-01 7.484566e-03 -6.636665e-03
<VARIANCE> 39
 8.637097e+00 3.000875e+00 2.100773e+01 1.406203e+01 8.164186e+00 2.810113e+01 1.717936e+01 2.246929e+01 1.084237e+01 9.261657e+00 1.637816e+01 1.252449e+01 5.000000e-02 1.376640e-01 5.648018e-01 4.491629e-01 3.463389e-01 7.734688e-01 6.206721e-01 9.650948e-01 7.998744e-01 9.913005e-01 5.050120e-01 9.269394e-01 1.382259e+00 5.000000e-02 9.688622e-02 5.000000e-02 1.484162e-01 8.419856e-02 1.597163e-01 1.621373e-01 1.439429e-01 1.006208e-01 3.751071e-01 1.922721e-01 5.404348e-02 2.303202e-01 5.000000e-02
<GCONST> 6.248981e+01
<STATE> 9
<MEAN> 39
 -4.884158e+00 -2.330108e+01 -2.350026e+01 2.846078e-01 6.222727e+00 4.574590e-01 5.158743e+00 -7.810271e+00 2.288409e+00 -2.462426e+00 -7.413939e+00 3.232195e+00 9.945717e-01 9.953241e-02 -5.505186e-01 4.100395e-01 -1.571686e+00 4.251689e-01 3.003055e-01 -1.963441e-01 9.354940e-01 -4.203272e-02 1.142091e+00 -4.657462e-01 -9.561501e-01 -3.058508e-03 2.094373e-01 -3.776178e-02 1.024069e-01 -5.618488e-01 -5.234423e-01 -6.047837e-01 2.227923e-01 5.230596e-02 2.717300e-01 -3.790306e-01 -1.197175e-01 -5.498520e-01 -1.068432e-02
<VARIANCE> 39
 7.660474e+00 6.923569e+00 2.269719e+01 1.437454e+01 1.874369e+01 1.920949e+01 1.300026e+01 2.610680e+01 1.266121e+01 2.355911e+00 4.548543e+00 1.158895e+01 5.000000e-02 2.153803e-01 2.092945e-01 1.201035e+00 4.948729e-01 6.524864e-01 1.220579e+00 1.052107e+00 2.834457e-01 4.392433e-01 1.189734e+00 5.605059e-01 1.296843e+00 5.000000e-02 5.000000e-02 5.000000e-02 1.133543e-01 1.591077e-01 1.143666e-01 1.592272e-01 7.066896e-02 1.587611e-01 1.307280e-01 8.753828e-02 5.222537e-02 1.711827e-01 5.000000e-02
<GCONST> 5.780703e+01
<STATE> 10
<MEAN> 39
 -4.963169e+00 -2.524670e+01 -2.199811e+01 -4.023876e+00 4.340854e+00 1.589569e+00 3.371049e+00 -5.305123e+00 4.118199e+00 -6.346150e-01 -9.704812e+00 2.275846e-01 9.710853e-01 1.303546e+00 -2.249740e-01 9.104126e-01 -1.938329e+00 -1.096967e+00 -6.304489e-01 -4.662968e-01 1.890673e-01 8.108596e-01 5.661181e-01 -1.556942e-01 -2.754871e+00 -3.786527e-02 4.953630e-01 9.137868e-02 6.105028e-01 5.181362e-01 -5.289785e-01 -3.077986e-01 -1.763760e-01 -2.540900e-01 6.626572e-02 -4.556268e-01 4.335037e-01 2.476064e-01 -2.612850e-02
<VARIANCE> 39
 8.449479e+00 5.156161e+00 9.586592e+00 1.334698e+01 4.738348e+01 3.643444e+01 4.122922e+01 2.866484e+01 1.470975e+01 5.552658e+00 1.739247e+01 1.864758e+01 5.000000e-02 4.943960e-01 5.785741e-01 8.550832e-01 2.095654e+00 3.621521e-01 2.119116e+00 8.350160e-01 9.677209e-01 1.232083e+00 1.661105e+00 1.760070e+00 1.086938e+00 5.000000e-02 7.078054e-02 1.242551e-01 1.251606e-01 3.292210e-01 4.149924e-01 4.374832e-01 2.808463e-01 2.182072e-01 1.017831e-01 4.923989e-01 2.204897e-01 6.002688e-01 5.000000e-02
<GCONST> 7.881101e+01
<STATE> 11
<MEAN> 39
 -2.908027e-01 -2.374730e+01 -1.918275e+01 -9.950027e+00 2.988297e+00 -3.142483e+00 4.305743e+00 -7.746057e+00 6.477025e+00 -9.559996e-01 -8.300253e+00 -8.848005e+00 8.346441e-01 2.132791e+00 -5.170833e-01 2.576288e+00 1.000107e+00 -2.406438e+00 -4.496754e-01 -1.277181e+00 1.919567e-01 4.198954e-01 -1.305538e+00 7.812827e-01 1.574512e-01 -1.149412e-01 -8.089931e-02 -2.962361e-01 -2.143349e-01 1.314802e+00 1.734190e-01 3.167783e-01 -2.588590e-02 3.193533e-01 -4.756852e-01 -1.878504e-01 4.104646e-01 1.556113e+00 -1.191855e-02
<VARIANCE> 39
 7.229596e+00 1.221835e+01 2.553449e+01 1.187083e+01 2.493195e+01 3.196385e+01 1.678776e+01 2.830577e+01 2.582511e+01 3.000702e+01 2.680700e+01 1.621684e+01 5.000000e-02 2.695967e-01 9.980000e-01 8.346102e-01 2.101516e+00 2.018971e+00 3.659126e+00 6.656284e-01 2.691000e+00 1.273682e+00 1.286601e+00 1.867959e+00 1.907439e+00 5.000000e-02 1.024757e-01 8.567089e-02 2.222975e-01 3.425162e-01 3.072771e-01 5.027041e-01 1.750410e-01 4.360026e-01 2.919074e-01 6.055259e-01 5.401636e-01 2.225737e-01 5.000000e-02
<GCONST> 8.645097e+01
<STATE> 12
<MEAN> 39
 3.352791e+00 -2.755730e+01 -1.316484e+01 -9.186884e-01 -2.000813e+00 -2.002404e+00 7.228522e-01 -5.480446e+00 4.399151e+00 -3.931984e+00 -5.500936e+00 -3.229349e-01 5.471240e-01 9.078727e-01 -1.079285e+00 3.575616e-01 2.035830e+00 -2.593362e-01 -1.312193e-01 -3.340164e-01 1.060855e+00 -7.855770e-01 -3.871187e-01 1.406865e+00 2.623038e+00 -8.332845e-02 -6.427886e-01 2.406888e-01 -8.582321e-01 -3.871929e-01 7.790663e-01 2.407813e-01 3.880707e-01 1.648962e-01 -8.551656e-02 3.575777e-01 -1.469745e-01 2.027833e-02 2.436836e-02
<VARIANCE> 39
 4.803448e+00 3.129894e+00 6.221906e+00 9.384099e+00 1.027041e+01 5.633700e+00 8.717870e+00 1.486327e+01 1.592843e+01 2.390685e+01 1.549312e+01 3.209545e+00 5.000000e-02 4.416881e-01 3.364435e-01 1.450977e+00 1.306721e+00 1.581020e+00 3.466130e+00 7.967972e-01 3.768063e+00 1.627598e+00 2.635703e+00 2.566347e+00 8.158159e-01 5.000000e-02 5.000000e-02 1.051070e-01 2.450125e-01 2.655112e-01 2.897099e-01 5.153208e-01 9.588679e-02 4.976167e-01 1.872271e-01 6.149563e-01 3.905054e-01 3.208866e-01 5.000000e-02
<GCONST> 7.480347e+01
<STATE> 13
<MEAN> 39
 2.922905e+00 -2.745485e+01 -1.761602e+01 -1.891970e+00 9.793503e-01 -2.369957e+00 2.373966e+00 -2.589797e+00 4.632710e+00 -1.834510e+00 -2.985095e+00 1.285030e+00 4.845680e-01 -2.351302e-01 5.158242e-01 -3.487282e-01 -4.782411e-01 3.658745e-01 3.339110e-01 2.958323e-01 3.725398e-01 2.350603e-01 1.477504e-01 -8.459108e-02 1.251331e-01 -2.409844e-02 -1.240171e-01 3.223336e-01 9.435224e-02 -3.474056e-01 4.664261e-02 1.587068e-02 1.848725e-01 -2.128118e-01 -6.948546e-02 -2.908856e-01 -4.427517e-01 -4.921960e-01 1.240007e-02
<VARIANCE> 39
 2.266918e+00 2.550289e+00 1.512644e+01 4.496663e+00 1.193029e+01 6.052225e+00 5.438537e+00 3.969504e+01 1.250329e+01 5.692708e+00 1.670981e+01 6.543737e+00 5.000000e-02 6.665251e-02 3.411340e-01 1.120889e+00 2.167245e-01 1.188341e+00 5.774454e-01 6.012802e-01 1.565921e+00 5.301350e-01 1.880799e+00 1.697317e+00 3.394646e-01 5.000000e-02 5.000000e-02 1.064866e-01 1.523142e-01 2.862549e-01 2.498873e-01 3.497066e-01 7.650545e-02 8.082364e-01 2.116736e-01 1.986440e-01 3.497750e-01 2.755583e-01 5.000000e-02
<GCONST> 6.199130e+01
<STATE> 14
<MEAN> 39
 2.888131e+00 -2.555879e+01 -1.504267e+01 -1.792727e+00 9.822097e-01 -1.089653e+00 2.726015e+00 -2.714217e+00 2.198884e+00 -4.998293e+00 -5.450405e+00 2.030474e+00 4.433517e-01 -1.308308e-01 2.481639e-01 -2.868598e-01 1.170093e-01 8.885671e-01 7.479263e-02 6.342848e-01 2.807256e-01 -8.135821e-01 -2.354135e-01 3.068420e-01 2.326685e-02 -1.124617e-02 -2.080673e-02 -5.509304e-02 2.497201e-02 1.537331e-01 1.635607e-01 -9.825096e-02 1.696739e-02 4.959769e-02 1.107568e-01 2.392488e-01 1.625958e-01 -2.985612e-01 2.357831e-03
<VARIANCE> 39
 1.196120e+00 2.132050e+00 9.852433e+00 7.290744e+00 1.489743e+01 4.916737e+00 7.056887e+00 1.666216e+01 5.289300e+00 9.228740e+00 2.640155e+00 1.180077e+01 5.000000e-02 2.196393e-01 7.588866e-01 1.280239e+00 9.183428e-01 1.689701e+00 5.166355e-01 3.848787e-01 2.101606e+00 1.150205e+00 5.558408e-01 5.045652e-01 1.580959e+00 5.000000e-02 5.000000e-02 1.369109e-01 9.467843e-02 3.423883e-01 3.121037e-01 1.216116e-01 6.123432e-02 2.967707e-01 1.715135e-01 2.450315e-01 5.704305e-02 2.858515e-01 5.000000e-02
<GCONST> 5.865920e+01
<STATE> 15
<MEAN> 39
 2.759288e+00 -2.480289e+01 -1.637906e+01 -1.284749e+00 3.758891e+00 -2.278155e+00 4.300183e+00 -2.242726e+00 2.736045e+00 -3.314070e+00 -3.508155e+00 -1.604233e-01 4.261481e-01 1.458132e-01 9.115065e-01 7.352718e-01 6.485631e-01 6.793898e-01 -8.543497e-02 9.173310e-02 5.596499e-01 -3.162841e-01 -8.573871e-02 -5.789917e-03 -5.738924e-01 -1.442961e-02 4.685526e-02 4.579695e-02 1.368589e-01 2.524590e-01 -2.240562e-01 -2.463676e-01 -5.242859e-01 -5.176162e-03 -1.715190e-01 -2.641805e-01 -2.695726e-03 1.743725e-01 -1.017338e-05
<VARIANCE> 39
 2.730539e+00 1.158693e+01 3.181319e+01 9.262991e+00 4.597397e+00 4.254672e+00 2.758101e+00 1.722599e+01 5.470057e+00 3.464824e+00 1.036615e+01 1.343453e+01 5.000000e-02 2.453874e-01 7.697076e-01 1.764960e+00 1.817375e+00 7.246936e-01 7.082038e-01 1.061274e+00 1.987096e+00 4.734684e-01 5.313362e-01 8.448774e-01 1.189419e+00 5.000000e-02 5.000000e-02 1.577277e-01 2.890589e-01 1.821633e-01 1.780651e-01 1.255559e-01 1.561028e-01 2.709410e-01 6.972377e-02 6.988011e-02 6.952824e-02 2.398907e-01 5.000000e-02
<GCONST> 6.057784e+01
<STATE> 16
<MEAN> 39
 2.170229e+00 -2.430073e+01 -1.594886e+01 -5.175940e-01 3.982785e+00 -2.495857e+00 3.511160e+00 1.783482e-01 2.066010e+00 -4.618283e+00 -3.057218e+00 1.019999e+00 3.922058e-01 -1.792447e-01 4.776975e-01 4.048538e-01 1.083923e+00 6.237723e-01 -8.598272e-01 -5.332330e-01 -3.364140e-03 -6.995199e-01 -1.017950e+00 2.161853e-01 -1.875726e-01 -1.595803e-02 -6.512328e-02 7.419598e-02 1.600126e-01 1.023087e-02 1.298140e-01 1.414980e-01 -1.631871e-01 -4.129083e-01 3.932770e-02 6.760024e-02 2.095301e-01 9.768667e-03 -1.495202e-03
<VARIANCE> 39
 3.053044e+00 7.034107e+00 2.582012e+01 9.060754e+00 1.287022e+01 1.023523e+01 9.501295e+00 9.136224e+00 3.403086e+00 5.374311e+00 4.707936e+00 6.157373e+00 5.000000e-02 1.879815e-01 2.599657e-01 7.194254e-01 6.304575e-01 4.217410e-01 6.735691e-01 1.052865e+00 2.106691e+00 1.142129e+00 1.289445e+00 2.560495e-01 7.319324e-01 5.000000e-02 7.492252e-02 2.085548e-01 4.751721e-01 3.138908e-01 1.824343e-01 1.772735e-01 9.229659e-02 1.459302e-01 5.832955e-02 1.650036e-01 2.338112e-01 2.287800e-01 5.000000e-02
<GCONST> 5.989909e+01
<STATE> 17
<MEAN> 39
 2.395911e+00 -2.298495e+01 -1.465092e+01 2.038933e+00 4.609442e+00 -3.797576e+00 1.768828e+00 -3.079504e+00 -1.731542e+00 -8.035536e+00 -3.565356e+00 -9.083010e-01 3.863369e-01 -7.348417e-02 7.096325e-01 4.872719e-01 1.434639e-01 3.864472e-01 -1.106276e-01 -6.472651e-01 -3.557825e-01 -2.985330e-02 1.678683e-01 1.084820e+00 -1.961993e-01 -1.512474e-02 -3.438131e-02 5.165135e-02 1.808393e-02 -3.983790e-01 -8.107431e-02 1.836513e-01 2.431149e-01 2.638586e-01 4.524219e-01 4.623455e-01 4.972475e-02 1.184801e-02 -3.013460e-03
<VARIANCE> 39
 2.043687e+00 2.191849e+00 5.317554e+00 2.297294e+00 4.056796e+00 6.408226e+00 1.396600e+01 1.534369e+01 1.944501e+01 9.941847e+00 9.560810e+00 6.186182e+00 5.000000e-02 3.201292e-01 9.948965e-01 3.688278e+00 1.195259e+00 1.508896e+00 6.358433e-01 1.229118e+00 6.760164e-01 1.746689e-01 9.278033e-01 8.057938e-01 6.374165e-01 5.000000e-02 5.000000e-02 8.603222e-02 2.652099e-01 9.898409e-02 5.000000e-02 2.358311e-01 5.374977e-01 2.228391e-01 2.851942e-01 2.725890e-01 1.321299e-01 1.451883e-01 5.000000e-02
<GCONST> 6.012915e+01
<STATE> 18
<MEAN> 39
 2.268916e+00 -2.048350e+01 -1.172513e+01 1.596990e+00 6.655986e+00 -2.545728e+00 1.718942e+00 -1.444952e+00 1.774141e+00 -4.171070e+00 -5.012611e-01 -5.003262e-01 3.355908e-01 -2.926720e-01 7.436714e-01 1.031081e+00 1.055132e-02 1.864371e-01 9.211216e-02 1.508456e-01 7.979589e-01 2.892646e-01 -2.037205e-01 -1.988613e-01 -1.525612e-01 -2.623324e-02 -1.294699e-01 -2.088877e-01 -2.782044e-01 -2.337193e-01 -2.452546e-01 -1.501012e-01 1.506723e-01 1.238639e-01 -9.593395e-02 -2.208372e-01 -3.839728e-01 4.504550e-02 6.692079e-05
<VARIANCE> 39
 6.508056e+00 4.189304e+00 9.042318e+00 9.195818e+00 7.759729e+00 3.607231e+00 1.202035e+01 8.247893e+00 5.229394e+00 4.653445e+00 6.511116e+00 1.108926e+01 5.000000e-02 3.263801e-01 5.165679e-01 1.152562e+00 8.711505e-01 5.234692e-01 1.085398e+00 1.856845e+00 8.569086e-01 9.891359e-01 1.375034e+00 1.270155e+00 6.956576e-01 5.000000e-02 9.749481e-02 1.451791e-01 6.001790e-01 2.873386e-01 2.128670e-01 8.828936e-02 2.604030e-01 2.236412e-01 5.000000e-02 1.660842e-01 1.768238e-01 1.644903e-01 5.000000e-02
<GCONST> 6.296148e+01
<STATE> 19
<MEAN> 39
 4.834913e-01 -2.030656e+01 -1.242070e+01 4.614412e-01 5.227668e+00 -4.195571e+00 2.624693e+00 4.159582e-01 9.785637e-01 -6.960308e+00 -2.391223e+00 -4.135078e-01 2.511196e-01 -3.121817e-01 1.286725e-02 -5.802007e-01 -1.011118e+00 3.652161e-02 -4.553208e-02 -3.438972e-01 -8.795709e-01 -4.215325e-01 8.537933e-02 1.634675e-01 -2.847127e-02 -6.563026e-03 2.520947e-01 8.830266e-02 -9.279480e-03 2.987014e-02 2.374699e-01 2.843659e-01 -3.046519e-01 -6.090549e-01 -2.661548e-01 2.339450e-01 2.812214e-01 -4.662817e-02 8.727008e-03
<VARIANCE> 39
 1.747897e+00 6.587255e+00 1.879489e+01 6.531413e+00 4.649694e+00 6.195265e+00 1.018204e+01 9.421255e+00 3.095469e+00 5.782351e+00 1.673326e+01 9.593717e+00 5.000000e-02 4.180483e-01 5.461383e-01 2.308577e+00 8.246519e-01 8.743745e-01 1.027641e+00 2.691653e+00 1.405980e+00 4.915999e-01 5.383579e-01 1.119451e+00 9.347172e-01 5.000000e-02 5.000000e-02 1.662023e-01 4.579019e-01 1.989768e-01 1.279262e-01 2.353555e-01 5.964231e-01 1.794523e-01 5.000000e-02 6.533575e-02 2.005319e-01 1.597672e-01 5.000000e-02
<GCONST> 6.284958e+01
<STATE> 20
<MEAN> 39
 6.709460e-01 -1.953722e+01 -1.385074e+01 -3.203179e+00 7.483423e+00 -2.248615e+00 1.653753e-01 -5.224673e+00 -1.119537e+00 -4.254684e+00 -5.130877e-01 -1.590376e+00 2.671808e-01 3.357954e-01 5.855823e-01 2.109881e-01 7.051734e-03 9.774998e-01 6.995682e-01 -7.767045e-01 -1.285854e+00 -9.141633e-01 2.242569e-01 4.241635e-01 -1.257910e-01 6.283426e-03 -1.448487e-01 9.981339e-02 3.823791e-01 4.971452e-01 -8.752594e-02 -1.291633e-01 2.624135e-01 5.161468e-01 1.002745e-01 -2.312857e-01 -4.341837e-02 2.279231e-01 -7.124234e-03
<VARIANCE> 39
 3.567492e+00 9.589015e+00 2.224361e+01 3.533670e+00 7.279401e+00 1.111444e+01 1.383398e+01 3.616433e+00 1.465626e+01 8.752633e+00 8.202885e+00 7.769626e+00 5.000000e-02 2.190370e-01 9.072807e-01 1.499567e+00 1.054077e+00 7.165832e-01 9.216411e-01 1.081047e+00 8.302597e-01 6.497015e-01 9.854890e-01 1.206496e+00 4.926178e-01 5.000000e-02 5.972555e-02 1.415900e-01 7.368445e-01 1.800768e-01 2.227104e-01 3.869177e-01 5.903086e-01 9.915105e-02 3.334259e-01 1.383844e-01 1.639062e-01 1.726273e-01 5.000000e-02
<GCONST> 6.653128e+01
<STATE> 21
<MEAN> 39
 1.594195e+00 -1.866488e+01 -1.161154e+01 6.986334e-01 8.480519e+00 -1.425376e+00 -8.971349e-02 -4.564191e+00 -2.173971e+00 -7.048418e+00 -1.336156e+00 -8.048810e-03 2.891229e-01 -5.328281e-01 4.935161e-01 7.663434e-01 7.402294e-01 -5.668347e-02 5.495310e-03 5.344393e-01 3.399112e-01 -4.677050e-01 -6.267669e-01 3.347359e-01 6.491041e-01 -2.382676e-02 -5.522386e-01 1.045282e-01 2.044718e-01 -1.498644e-01 -4.544897e-01 -2.907520e-01 2.036187e-01 3.544346e-01 3.614808e-01 1.447552e-01 1.973755e-02 -3.308139e-02 -2.142974e-02
<VARIANCE> 39
 6.069962e+00 1.026426e+01 2.735077e+01 9.360887e+00 9.753380e+00 6.465060e+00 5.721119e+00 3.752515e+00 1.146274e+01 1.275435e+01 1.448801e+01 9.071842e+00 5.000000e-02 4.929627e-01 9.093379e-01 2.801173e+00 7.170433e-01 1.078855e+00 1.454597e+00 1.539662e+00 7.007306e-01 2.274395e+00 1.545208e+00 1.877169e-01 3.430077e-01 5.000000e-02 9.441004e-02 5.061030e-02 2.423292e-01 2.790339e-01 1.749195e-01 2.073720e-01 3.061742e-01 1.631700e-01 2.544085e-01 1.532387e-01 1.304208e-01 1.073935e-01 5.000000e-02
<GCONST> 6.651344e+01
<STATE> 22
<MEAN> 39
 -1.022782e+00 -1.717310e+01 -1.019350e+01 -4.706295e-01 6.851949e+00 -3.594959e+00 -4.366667e-01 -3.507670e+00 -1.342554e+00 -5.497934e+00 9.489928e-01 -6.649532e-01 1.708504e-01 -1.545138e+00 1.082408e+00 1.181628e+00 -2.300867e-01 -9.325319e-01 -7.465614e-01 -6.511431e-02 5.238490e-01 9.010692e-01 9.018846e-01 -2.174009e-01 -5.833518e-01 -6.888037e-02 -1.501104e-01 1.994203e-01 1.039905e-01 -1.308447e-01 -2.914845e-02 2.289419e-01 2.138898e-01 3.633070e-02 9.120582e-02 1.981061e-01 -7.252949e-02 -8.323982e-02 -8.648393e-03
<VARIANCE> 39
 3.766249e+00 1.255526e+01 1.628039e+01 4.317603e+00 1.206168e+01 1.050884e+01 1.241361e+01 1.460189e+01 1.784424e+01 1.351809e+01 1.138507e+01 5.693212e+00 5.000000e-02 4.998789e-01 4.379200e-01 1.901577e+00 1.090648e+00 8.722042e-01 6.045217e-01 1.178522e+00 6.232483e-01 1.948417e+00 4.931065e-01 8.121139e-01 6.814823e-01 5.000000e-02 8.877320e-02 2.996190e-01 5.504060e-01 2.174753e-01 2.062462e-01 1.833721e-01 3.441179e-01 1.643570e-01 3.440349e-01 3.989689e-01 1.571474e-01 1.526215e-01 5.000000e-02
<GCONST> 7.051516e+01
<STATE> 23
<MEAN> 39
 -4.750038e+00 -1.391360e+01 -6.784481e+00 -4.433881e-01 5.748070e+00 -2.522221e+00 1.404180e+00 -3.932783e+00 -7.150626e-01 -4.968184e+00 -8.148782e-01 -1.570492e+00 3.119463e-03 -9.537308e-01 1.050700e+00 8.282462e-01 -5.344063e-01 -4.817627e-01 5.533886e-01 8.019299e-01 2.904299e-01 3.029673e-01 3.577232e-01 4.665022e-01 2.467751e-01 -5.283742e-02 3.277867e-01 -2.741099e-01 -4.125865e-01 -2.086843e-01 1.146704e-01 1.250191e-01 -1.227098e-01 7.317276e-02 2.386454e-02 6.598955e-02 2.342182e-01 1.999787e-01 1.237167e-02
<VARIANCE> 39
 5.465511e-01 1.347122e+01 9.308199e+00 3.548043e+00 4.534981e+00 9.617819e+00 7.716717e+00 6.902139e+00 1.366572e+01 8.330462e+00 1.162253e+01 4.243412e+00 5.000000e-02 5.335840e-01 1.906751e+00 2.727049e+00 1.027836e+00 2.763042e-01 3.101341e-01 1.249304e+00 7.392754e-01 1.343780e-01 1.069200e+00 1.308774e+00 7.692295e-01 5.000000e-02 5.000000e-02 1.668904e-01 2.497647e-01 1.311262e-01 1.138263e-01 9.813945e-02 3.258604e-01 1.286257e-01 2.353844e-01 1.147782e-01 1.065874e-01 1.368269e-01 5.000000e-02
<GCONST> 5.743479e+01
<STATE> 24
<MEAN> 39
 -5.744262e+00 -1.390655e+01 -7.705364e+00 -2.940917e+00 4.320067e+00 -1.608243e+00 2.604670e+00 -5.382508e-01 1.203352e+00 -1.783523e+00 1.951210e+00 8.574654e-01 -6.208708e-02 -3.260951e-01 3.886980e-01 8.112895e-02 -5.423645e-01 1.097603e-01 2.478774e-01 -2.293217e-01 2.756125e-01 -1.728103e-01 2.969679e-01 6.789799e-01 3.189149e-01 -2.103562e-02 1.752194e-01 -4.268624e-02 1.130649e-01 3.417323e-01 1.164210e-01 -1.990656e-01 -1.704524e-01 -2.988565e-01 -3.782986e-01 -4.306744e-01 -3.061202e-01 -4.208231e-01 9.499470e-03
<VARIANCE> 39
 2.932809e-01 2.960271e+00 1.862166e+00 4.312620e+00 2.853148e+00 3.252436e+00 8.565783e+00 5.390174e+00 7.465960e+00 7.288406e+00 1.082395e+01 9.207863e+00 5.000000e-02 6.242357e-02 2.652182e-01 2.820866e-01 2.227533e-01 5.039577e-01 7.839496e-01 4.386845e-01 1.020034e+00 7.322654e-01 1.662091e+00 9.042563e-01 5.859537e-01 5.000000e-02 5.000000e-02 1.558428e-01 1.768711e-01 1.365123e-01 5.000000e-02 1.029927e-01 2.029501e-01 8.925790e-02 7.609091e-02 2.534405e-01 1.611596e-01 1.575988e-01 5.000000e-02
<GCONST> 4.477116e+01
<STATE> 25
<MEAN> 39
 -5.943350e+00 -1.149675e+01 -5.523440e+00 -2.330980e+00 5.279369e+00 -2.056013e+00 8.087686e-01 -2.970105e+00 -9.609326e-01 -4.117736e+00 1.453860e+00 -4.767462e-01 -7.977053e-02 -2.972529e-01 2.000877e-01 5.294847e-01 5.340357e-01 -2.427366e-02 -1.619851e-01 -2.011849e-01 -3.807486e-01 -7.368740e-01 -5.078248e-01 -2.222452e-01 -9.081932e-01 -1.270857e-02 8.793085e-02 -1.293766e-01 -3.083254e-02 1.335160e-01 -4.186962e-02 -1.491953e-01 2.118563e-02 -4.915984e-02 -1.390706e-02 -3.283187e-02 -8.986610e-02 -3.505765e-02 6.885963e-03
<VARIANCE> 39
 1.406264e+00 4.549176e+00 7.146320e+00 5.414464e+00 3.302245e+00 1.091749e+01 1.289851e+01 7.021680e+00 3.312170e+00 1.086294e+01 3.446643e+00 1.264985e+00 5.000000e-02 5.000000e-02 4.128472e-01 4.434144e-01 6.366816e-01 3.907421e-01 9.960854e-01 1.088123e+00 4.898414e-01 4.449152e-01 1.203841e+00 3.213855e-01 9.683665e-01 5.000000e-02 5.000000e-02 7.137718e-02 1.673564e-01 1.360183e-01 5.789447e-02 1.185446e-01 1.937687e-01 7.320954e-02 5.000000e-02 2.991262e-01 5.932413e-02 9.963311e-02 5.000000e-02
<GCONST> 4.484963e+01
<TRANSP> 26
 0.000000e+00 1.000000e+00 0.000000e+00 0.000000e+00 0.000000e+00 0.000000e+00 0.000000e+00 0.000000e+00 0.000000e+00 0.000000e+00 0.000000e+00 0.000000e+00 0.000000e+00 0.000000e+00 0.000000e+00 0.000000e+00 0.000000e+00 0.000000e+00 0.000000e+00 0.000000e+00 0.000000e+00 0.000000e+00 0.000000e+00 0.000000e+00 0.000000e+00 0.000000e+00
 0.000000e+00 6.666667e-01 3.333333e-01 0.000000e+00 0.000000e+00 0.000000e+00 0.000000e+00 0.000000e+00 0.000000e+00 0.000000e+00 0.000000e+00 0.000000e+00 0.000000e+00 0.000000e+00 0.000000e+00 0.000000e+00 0.000000e+00 0.000000e+00 0.000000e+00 0.000000e+00 0.000000e+00 0.000000e+00 0.000000e+00 0.000000e+00 0.000000e+00 0.000000e+00
 0.000000e+00 0.000000e+00 1.666554e-01 8.333446e-01 0.000000e+00 0.000000e+00 0.000000e+00 0.000000e+00 0.000000e+00 0.000000e+00 0.000000e+00 0.000000e+00 0.000000e+00 0.000000e+00 0.000000e+00 0.000000e+00 0.000000e+00 0.000000e+00 0.000000e+00 0.000000e+00 0.000000e+00 0.000000e+00 0.000000e+00 0.000000e+00 0.000000e+00 0.000000e+00
 0.000000e+00 0.000000e+00 0.000000e+00 4.999684e-01 5.000316e-01 0.000000e+00 0.000000e+00 0.000000e+00 0.000000e+00 0.000000e+00 0.000000e+00 0.000000e+00 0.000000e+00 0.000000e+00 0.000000e+00 0.000000e+00 0.000000e+00 0.000000e+00 0.000000e+00 0.000000e+00 0.000000e+00 0.000000e+00 0.000000e+00 0.000000e+00 0.000000e+00 0.000000e+00
 0.000000e+00 0.000000e+00 0.000000e+00 0.000000e+00 5.833579e-01 4.166421e-01 0.000000e+00 0.000000e+00 0.000000e+00 0.000000e+00 0.000000e+00 0.000000e+00 0.000000e+00 0.000000e+00 0.000000e+00 0.000000e+00 0.000000e+00 0.000000e+00 0.000000e+00 0.000000e+00 0.000000e+00 0.000000e+00 0.000000e+00 0.000000e+00 0.000000e+00 0.000000e+00
 0.000000e+00 0.000000e+00 0.000000e+00 0.000000e+00 0.000000e+00 5.001958e-01 4.998042e-01 0.000000e+00 0.000000e+00 0.000000e+00 0.000000e+00 0.000000e+00 0.000000e+00 0.000000e+00 0.000000e+00 0.000000e+00 0.000000e+00 0.000000e+00 0.000000e+00 0.000000e+00 0.000000e+00 0.000000e+00 0.000000e+00 0.000000e+00 0.000000e+00 0.000000e+00
 0.000000e+00 0.000000e+00 0.000000e+00 0.000000e+00 0.000000e+00 0.000000e+00 4.998014e-01 5.001986e-01 0.000000e+00 0.000000e+00 0.000000e+00 0.000000e+00 0.000000e+00 0.000000e+00 0.000000e+00 0.000000e+00 0.000000e+00 0.000000e+00 0.000000e+00 0.000000e+00 0.000000e+00 0.000000e+00 0.000000e+00 0.000000e+00 0.000000e+00 0.000000e+00
 0.000000e+00 0.000000e+00 0.000000e+00 0.000000e+00 0.000000e+00 0.000000e+00 0.000000e+00 6.155174e-01 3.844825e-01 0.000000e+00 0.000000e+00 0.000000e+00 0.000000e+00 0.000000e+00 0.000000e+00 0.000000e+00 0.000000e+00 0.000000e+00 0.000000e+00 0.000000e+00 0.000000e+00 0.000000e+00 0.000000e+00 0.000000e+00 0.000000e+00 0.000000e+00
 0.000000e+00 0.000000e+00 0.000000e+00 0.000000e+00 0.000000e+00 0.000000e+00 0.000000e+00 0.000000e+00 5.455704e-01 4.544296e-01 0.000000e+00 0.000000e+00 0.000000e+00 0.000000e+00 0.000000e+00 0.000000e+00 0.000000e+00 0.000000e+00 0.000000e+00 0.000000e+00 0.000000e+00 0.000000e+00 0.000000e+00 0.000000e+00 0.000000e+00 0.000000e+00
 0.000000e+00 0.000000e+00 0.000000e+00 0.000000e+00 0.000000e+00 0.000000e+00 0.000000e+00 0.000000e+00 0.000000e+00 5.530226e-01 4.469774e-01 0.000000e+00 0.000000e+00 0.000000e+00 0.000000e+00 0.000000e+00 0.000000e+00 0.000000e+00 0.000000e+00 0.000000e+00 0.000000e+00 0.000000e+00 0.000000e+00 0.000000e+00 0.000000e+00 0.000000e+00
 0.000000e+00 0.000000e+00 0.000000e+00 0.000000e+00 0.000000e+00 0.000000e+00 0.000000e+00 0.000000e+00 0.000000e+00 0.000000e+00 4.322313e-01 5.677687e-01 0.000000e+00 0.000000e+00 0.000000e+00 0.000000e+00 0.000000e+00 0.000000e+00 0.000000e+00 0.000000e+00 0.000000e+00 0.000000e+00 0.000000e+00 0.000000e+00 0.000000e+00 0.000000e+00
 0.000000e+00 0.000000e+00 0.000000e+00 0.000000e+00 0.000000e+00 0.000000e+00 0.000000e+00 0.000000e+00 0.000000e+00 0.000000e+00 0.000000e+00 5.000001e-01 5.000000e-01 0.000000e+00 0.000000e+00 0.000000e+00 0.000000e+00 0.000000e+00 0.000000e+00 0.000000e+00 0.000000e+00 0.000000e+00 0.000000e+00 0.000000e+00 0.000000e+00 0.000000e+00
 0.000000e+00 0.000000e+00 0.000000e+00 0.000000e+00 0.000000e+00 0.000000e+00 0.000000e+00 0.000000e+00 0.000000e+00 0.000000e+00 0.000000e+00 0.000000e+00 6.161624e-01 3.838376e-01 0.000000e+00 0.000000e+00 0.000000e+00 0.000000e+00 0.000000e+00 0.000000e+00 0.000000e+00 0.000000e+00 0.000000e+00 0.000000e+00 0.000000e+00 0.000000e+00
 0.000000e+00 0.000000e+00 0.000000e+00 0.000000e+00 0.000000e+00 0.000000e+00 0.000000e+00 0.000000e+00 0.000000e+00 0.000000e+00 0.000000e+00 0.000000e+00 0.000000e+00 5.817887e-01 4.182114e-01 0.000000e+00 0.000000e+00 0.000000e+00 0.000000e+00 0.000000e+00 0.000000e+00 0.000000e+00 0.000000e+00 0.000000e+00 0.000000e+00 0.000000e+00
 0.000000e+00 0.000000e+00 0.000000e+00 0.000000e+00 0.000000e+00 0.000000e+00 0.000000e+00 0.000000e+00 0.000000e+00 0.000000e+00 0.000000e+00 0.000000e+00 0.000000e+00 0.000000e+00 4.455853e-01 5.544147e-01 0.000000e+00 0.000000e+00 0.000000e+00 0.000000e+00 0.000000e+00 0.000000e+00 0.000000e+00 0.000000e+00 0.000000e+00 0.000000e+00
 0.000000e+00 0.000000e+00 0.000000e+00 0.000000e+00 0.000000e+00 0.000000e+00 0.000000e+00 0.000000e+00 0.000000e+00 0.000000e+00 0.000000e+00 0.000000e+00 0.000000e+00 0.000000e+00 0.000000e+00 4.998885e-01 5.001115e-01 0.000000e+00 0.000000e+00 0.000000e+00 0.000000e+00 0.000000e+00 0.000000e+00 0.000000e+00 0.000000e+00 0.000000e+00
 0.000000e+00 0.000000e+00 0.000000e+00 0.000000e+00 0.000000e+00 0.000000e+00 0.000000e+00 0.000000e+00 0.000000e+00 0.000000e+00 0.000000e+00 0.000000e+00 0.000000e+00 0.000000e+00 0.000000e+00 0.000000e+00 3.925293e-01 6.074707e-01 0.000000e+00 0.000000e+00 0.000000e+00 0.000000e+00 0.000000e+00 0.000000e+00 0.000000e+00 0.000000e+00
 0.000000e+00 0.000000e+00 0.000000e+00 0.000000e+00 0.000000e+00 0.000000e+00 0.000000e+00 0.000000e+00 0.000000e+00 0.000000e+00 0.000000e+00 0.000000e+00 0.000000e+00 0.000000e+00 0.000000e+00 0.000000e+00 0.000000e+00 6.365710e-01 3.634289e-01 0.000000e+00 0.000000e+00 0.000000e+00 0.000000e+00 0.000000e+00 0.000000e+00 0.000000e+00
 0.000000e+00 0.000000e+00 0.000000e+00 0.000000e+00 0.000000e+00 0.000000e+00 0.000000e+00 0.000000e+00 0.000000e+00 0.000000e+00 0.000000e+00 0.000000e+00 0.000000e+00 0.000000e+00 0.000000e+00 0.000000e+00 0.000000e+00 0.000000e+00 6.429447e-01 3.570553e-01 0.000000e+00 0.000000e+00 0.000000e+00 0.000000e+00 0.000000e+00 0.000000e+00
 0.000000e+00 0.000000e+00 0.000000e+00 0.000000e+00 0.000000e+00 0.000000e+00 0.000000e+00 0.000000e+00 0.000000e+00 0.000000e+00 0.000000e+00 0.000000e+00 0.000000e+00 0.000000e+00 0.000000e+00 0.000000e+00 0.000000e+00 0.000000e+00 0.000000e+00 4.436135e-01 5.563865e-01 0.000000e+00 0.000000e+00 0.000000e+00 0.000000e+00 0.000000e+00
 0.000000e+00 0.000000e+00 0.000000e+00 0.000000e+00 0.000000e+00 0.000000e+00 0.000000e+00 0.000000e+00 0.000000e+00 0.000000e+00 0.000000e+00 0.000000e+00 0.000000e+00 0.000000e+00 0.000000e+00 0.000000e+00 0.000000e+00 0.000000e+00 0.000000e+00 0.000000e+00 4.457656e-01 5.542343e-01 0.000000e+00 0.000000e+00 0.000000e+00 0.000000e+00
 0.000000e+00 0.000000e+00 0.000000e+00 0.000000e+00 0.000000e+00 0.000000e+00 0.000000e+00 0.000000e+00 0.000000e+00 0.000000e+00 0.000000e+00 0.000000e+00 0.000000e+00 0.000000e+00 0.000000e+00 0.000000e+00 0.000000e+00 0.000000e+00 0.000000e+00 0.000000e+00 0.000000e+00 5.000601e-01 4.999398e-01 0.000000e+00 0.000000e+00 0.000000e+00
 0.000000e+00 0.000000e+00 0.000000e+00 0.000000e+00 0.000000e+00 0.000000e+00 0.000000e+00 0.000000e+00 0.000000e+00 0.000000e+00 0.000000e+00 0.000000e+00 0.000000e+00 0.000000e+00 0.000000e+00 0.000000e+00 0.000000e+00 0.000000e+00 0.000000e+00 0.000000e+00 0.000000e+00 0.000000e+00 5.833424e-01 4.166576e-01 0.000000e+00 0.000000e+00
 0.000000e+00 0.000000e+00 0.000000e+00 0.000000e+00 0.000000e+00 0.000000e+00 0.000000e+00 0.000000e+00 0.000000e+00 0.000000e+00 0.000000e+00 0.000000e+00 0.000000e+00 0.000000e+00 0.000000e+00 0.000000e+00 0.000000e+00 0.000000e+00 0.000000e+00 0.000000e+00 0.000000e+00 0.000000e+00 0.000000e+00 5.003812e-01 4.996189e-01 0.000000e+00
 0.000000e+00 0.000000e+00 0.000000e+00 0.000000e+00 0.000000e+00 0.000000e+00 0.000000e+00 0.000000e+00 0.000000e+00 0.000000e+00 0.000000e+00 0.000000e+00 0.000000e+00 0.000000e+00 0.000000e+00 0.000000e+00 0.000000e+00 0.000000e+00 0.000000e+00 0.000000e+00 0.000000e+00 0.000000e+00 0.000000e+00 0.000000e+00 4.439490e-01 5.560510e-01
 0.000000e+00 0.000000e+00 0.000000e+00 0.000000e+00 0.000000e+00 0.000000e+00 0.000000e+00 0.000000e+00 0.000000e+00 0.000000e+00 0.000000e+00 0.000000e+00 0.000000e+00 0.000000e+00 0.000000e+00 0.000000e+00 0.000000e+00 0.000000e+00 0.000000e+00 0.000000e+00 0.000000e+00 0.000000e+00 0.000000e+00 0.000000e+00 0.000000e+00 0.000000e+00
<ENDHMM>
