~o
<STREAMINFO> 1 39
<VECSIZE> 39<NULLD><MFCC_E_D_A><DIAGC>
~h "Lu*u"
<BEGINHMM>
<NUMSTATES> 37
<STATE> 2
<MEAN> 39
 -6.332236e+00 -8.360443e+00 -3.197825e-02 1.012781e-01 2.393242e+00 -3.357995e+00 1.749327e+00 -2.726729e+00 -6.982700e-01 -3.859845e+00 2.153374e+00 -4.120310e+00 -3.947451e-02 -4.886055e-02 -4.126912e-01 -9.244440e-01 -4.532486e-01 -8.951355e-01 -7.244214e-01 -3.239516e-01 -5.728505e-01 3.575606e-01 -4.800957e-02 -1.260180e-01 -2.330686e-01 1.117623e-02 6.951384e-01 2.760318e-02 -1.032653e+00 -7.084544e-01 -5.398794e-01 -5.934494e-01 -2.095886e-01 3.261344e-01 9.235171e-01 6.653350e-02 -3.131875e-01 8.365320e-03 3.501268e-02
<VARIANCE> 39
 2.089302e+00 3.404205e+00 8.711268e+00 6.458922e+00 6.451422e+00 5.794693e+00 1.469473e+00 6.788533e+00 5.675383e+00 8.283854e+00 2.756969e+00 4.185933e+00 5.000000e-02 5.299652e-01 2.204437e-01 4.167819e-01 5.566640e-01 5.101500e-01 2.595405e+00 4.669469e-01 1.596960e+00 1.261475e+00 1.217685e+00 1.287061e+00 1.022533e+00 5.000000e-02 9.884970e-02 5.000000e-02 2.265417e-01 1.991194e-01 1.436533e-01 2.806876e-01 2.010539e-01 2.636549e-01 3.530938e-01 3.728378e-01 1.620730e-01 8.641045e-02 5.000000e-02
<GCONST> 5.713001e+01
<STATE> 3
<MEAN> 39
 -7.071337e+00 -1.023829e+01 -3.550558e+00 -2.750927e+00 -1.391983e+00 -5.299917e+00 1.229570e+00 -1.354935e+00 3.418797e+00 -1.989861e+00 1.838127e+00 -5.599954e+00 -3.162489e-02 2.666647e+00 2.803826e-01 -3.741957e+00 -2.477963e+00 -2.423503e+00 -2.722418e+00 -9.192613e-01 4.126162e-01 2.404171e+00 -4.143576e-01 -1.238005e+00 -3.882376e-01 1.379407e-01 9.013625e-01 2.482297e-01 -7.441625e-01 -8.098797e-02 -3.931318e-01 -8.369946e-01 -3.599629e-01 -5.163273e-02 5.942060e-01 -1.416243e-01 -4.185925e-01 2.010816e-01 5.112323e-02
<VARIANCE> 39
 5.742646e+00 1.550050e+00 4.183477e+00 4.176928e+00 5.132943e-01 3.978153e+00 7.352615e+00 1.915085e+01 5.963008e+00 1.362996e+01 1.560035e+01 6.275582e+00 5.000000e-02 7.613267e-01 4.993979e-01 1.994119e+00 6.441661e-01 7.613929e-01 4.264231e+00 1.370753e+00 2.988903e+00 1.622357e+00 1.782824e+00 1.273336e+00 3.436083e-01 5.000000e-02 2.142978e-01 7.961266e-02 1.453781e-01 1.992754e-01 1.438214e-01 2.081342e-01 2.051134e-01 1.007860e+00 5.683071e-01 2.902148e-01 6.578431e-01 8.293500e-02 5.000000e-02
<GCONST> 6.707851e+01
<STATE> 4
<MEAN> 39
 2.125373e+00 -7.298014e+00 -1.270487e+01 -8.488747e+00 -4.639085e+00 -1.463729e+01 -4.470834e-01 -3.902206e+00 8.780866e+00 -5.493849e+00 -1.116597e+00 -5.731824e+00 4.205413e-01 2.924913e+00 4.970414e-01 -3.538893e+00 -7.165422e-01 -2.066910e+00 -3.740868e+00 -1.009932e+00 -1.069433e+00 3.560870e+00 -7.489209e-01 -1.021533e+00 2.762166e-01 1.813509e-01 -6.833077e-01 -1.475594e-01 8.268957e-01 6.712661e-01 3.288546e-01 5.815481e-01 -1.030955e-01 6.093001e-03 3.413419e-03 4.488912e-01 -4.037766e-02 3.964157e-01 -6.752698e-03
<VARIANCE> 39
 7.027853e+00 4.092237e+00 4.173803e+01 7.786952e+00 1.141729e+01 5.975233e+01 7.526634e+00 2.942046e+01 2.112898e+01 1.104714e+01 6.969878e+00 8.387581e+00 5.000000e-02 1.897127e+00 4.246405e-01 1.359668e+00 9.843423e-01 7.700287e-01 2.214401e+00 1.357706e+00 8.907518e+00 4.051201e+00 2.202299e+00 4.521370e+00 5.814279e-01 5.000000e-02 3.406931e-01 5.000000e-02 5.338660e-01 5.000000e-02 2.397348e-01 7.028592e-01 9.980343e-02 5.209811e-01 5.952804e-01 6.525522e-01 2.832201e-01 5.504116e-02 5.000000e-02
<GCONST> 8.199612e+01
<STATE> 5
<MEAN> 39
 4.633452e+00 -8.812016e+00 -1.449060e+01 -5.407932e+00 -8.199492e+00 -1.567364e+01 -4.732162e+00 -2.016629e+00 1.182583e+01 -5.847650e+00 -3.660302e+00 -3.116678e+00 6.030657e-01 4.683046e-01 -2.160964e-01 -1.239186e+00 1.577469e-01 -1.078226e+00 -1.428372e+00 -1.013648e+00 -6.493467e-01 1.832859e+00 5.255920e-01 -1.042209e+00 1.114919e+00 1.182750e-01 -1.500853e+00 -2.382031e-01 7.686759e-01 -8.943135e-02 5.051299e-01 5.950189e-01 2.900824e-01 1.121882e-01 -4.491799e-01 6.811170e-01 4.405218e-01 2.853867e-01 -2.944597e-02
<VARIANCE> 39
 1.123067e+01 6.839118e+00 1.167919e+01 8.438393e+00 1.624627e+01 3.608443e+01 1.493441e+01 5.403857e+01 6.336927e+01 1.378047e+01 1.789360e+01 1.507031e+01 5.000000e-02 4.913249e+00 2.936697e-01 9.275776e-01 4.127307e-01 1.998937e+00 1.610837e+00 2.438143e+00 2.339749e+00 3.764985e+00 2.849391e+00 3.340109e+00 4.239832e-01 5.000000e-02 1.770490e-01 1.298932e-01 3.619967e-01 4.766484e-01 5.565848e-01 4.836637e-01 2.543888e-01 2.101352e+00 1.280036e+00 1.806855e-01 5.067594e-01 1.456769e-01 5.000000e-02
<GCONST> 9.055807e+01
<STATE> 6
<MEAN> 39
 2.153271e-01 -8.139098e+00 -1.558807e+01 -7.451513e+00 -8.499738e+00 -1.736025e+01 -4.149770e+00 -4.750278e+00 1.677268e+01 -8.927547e-01 -5.458315e+00 -1.980636e+00 7.643495e-01 -2.169435e+00 -7.896659e-01 3.171474e-01 -1.726457e+00 1.780745e-01 -6.906154e-01 -8.643179e-01 1.388669e+00 4.853458e-01 2.197543e+00 -3.057291e-01 1.682084e+00 6.817346e-02 -4.709137e-01 -3.638623e-01 2.764667e-01 -4.478636e-01 4.393638e-01 3.981762e-01 2.383751e-01 8.878736e-01 -9.850805e-01 -3.331515e-01 2.324050e-01 -1.580002e-01 -1.903806e-02
<VARIANCE> 39
 3.073611e+01 7.173687e+00 7.243815e+00 1.214569e+01 1.886467e+01 2.779188e+01 3.928350e+01 3.357735e+01 6.127174e+01 3.351102e+01 3.955735e+01 9.645154e+00 5.000000e-02 5.637800e-01 1.125173e+00 1.504300e+00 1.736038e+00 2.139597e+00 1.562694e+00 2.486620e-01 8.361088e+00 5.837703e+00 1.532869e+00 5.688948e-01 8.495043e-01 5.000000e-02 7.096166e-01 8.457538e-02 2.393547e-01 3.441052e-01 6.312917e-01 2.411027e-01 4.255486e-01 6.692555e-01 1.295662e+00 6.497070e-01 7.075403e-01 1.382180e-01 5.000000e-02
<GCONST> 9.254378e+01
<STATE> 7
<MEAN> 39
 -1.103394e+00 -1.033845e+01 -1.637998e+01 -1.030001e+01 -8.038558e+00 -2.052615e+01 -5.166632e+00 -4.973987e-01 1.520738e+01 1.665527e+00 -2.871343e+00 5.877093e-01 8.438869e-01 -2.304985e+00 -1.055750e+00 -1.076176e+00 -9.126307e-01 -2.300486e-01 -3.754360e-01 -1.371866e-03 2.320177e+00 -2.756951e-01 -2.662045e-01 -7.222088e-02 7.357184e-01 4.759600e-02 7.055273e-02 -1.155672e-01 4.961196e-02 -4.124657e-02 3.501802e-01 6.329166e-01 1.746311e-01 1.323721e-01 -5.501827e-01 -8.620006e-01 -1.411480e-01 -6.530494e-01 -1.450671e-02
<VARIANCE> 39
 4.297146e+01 1.158889e+01 6.683302e+00 1.218979e+01 5.650775e+00 1.241809e+01 2.328926e+01 2.529595e+01 2.001638e+01 3.060488e+01 1.510768e+01 1.482322e+01 5.000000e-02 8.217531e-01 9.086760e-01 3.156446e+00 4.011422e+00 3.263552e+00 1.356085e+00 1.565494e+00 2.648462e+00 9.135155e+00 1.772807e+00 2.654815e+00 2.598948e-01 5.000000e-02 4.866244e-01 7.791675e-02 2.454914e-01 1.614220e-01 1.762705e-01 6.382249e-02 2.437299e-01 1.393391e+00 5.947276e-01 4.150572e-01 5.298249e-02 1.933412e-01 5.000000e-02
<GCONST> 8.528117e+01
<STATE> 8
<MEAN> 39
 -6.092378e+00 -1.213368e+01 -1.671474e+01 -1.155882e+01 -1.001369e+01 -1.864378e+01 -5.579156e+00 1.414176e+00 1.381489e+01 -9.075149e-01 -4.880637e+00 2.166467e+00 9.164336e-01 -1.434646e+00 -1.386912e+00 1.368283e-01 -1.475250e+00 9.908817e-01 8.914951e-01 -1.999929e-01 1.901659e+00 -1.330376e+00 -6.154490e-01 -7.469916e-01 -4.307977e-01 2.840420e-02 6.565493e-01 2.216698e-02 3.543328e-01 -1.856490e-02 7.056378e-01 6.077918e-01 -9.036403e-02 -3.243991e-01 -2.186230e-01 -9.959526e-02 -3.028085e-01 -7.515479e-01 -1.569520e-02
<VARIANCE> 39
 9.270557e+00 4.033254e+00 2.623681e+01 2.664665e+01 1.910606e+01 8.814261e+00 2.267270e+01 1.461265e+01 1.183609e+01 5.477739e+00 1.882414e+01 5.110909e+00 5.000000e-02 1.802621e+00 3.969144e-01 5.492859e-01 1.115164e+00 2.560920e+00 8.308886e-01 2.025829e+00 1.529509e+00 4.343759e-01 1.825058e+00 1.190964e+00 5.932938e-01 5.000000e-02 5.000000e-02 1.628385e-01 3.621071e-01 5.018854e-01 5.260299e-01 2.104628e-01 1.060115e-01 5.474959e-01 1.068988e+00 1.620016e-01 9.024301e-02 7.412262e-02 5.000000e-02
<GCONST> 7.468650e+01
<STATE> 9
<MEAN> 39
 -5.740738e+00 -1.342746e+01 -1.717011e+01 -1.161975e+01 -5.370701e+00 -1.616755e+01 -5.095343e+00 6.026034e+00 1.038900e+01 -2.531233e+00 -5.182378e+00 -1.060591e+00 8.991101e-01 -4.539826e-01 -9.303756e-01 8.501239e-01 -1.920753e+00 1.910361e+00 1.942013e+00 -9.034654e-01 2.498406e-01 -1.051733e+00 -8.622663e-02 -8.483121e-01 -1.796353e+00 3.966345e-03 5.628344e-01 1.942993e-01 1.643143e-01 -4.488301e-01 2.214510e-01 1.403960e-01 -4.167938e-01 -8.179280e-01 4.365004e-01 9.496958e-01 -1.276370e-01 -2.626218e-01 -5.023978e-03
<VARIANCE> 39
 4.552873e+00 6.237525e+00 1.390267e+01 1.809566e+01 2.357693e+00 3.659268e+00 1.589790e+01 3.571138e+01 6.629386e+00 2.886994e+00 2.309099e+01 7.373783e+00 5.000000e-02 7.626180e-01 2.130856e-01 9.174808e-01 1.242258e+00 9.772664e-01 1.316812e+00 1.847398e+00 1.106251e+00 2.509559e+00 1.663880e+00 6.708782e-01 4.214182e-01 5.000000e-02 1.818919e-01 1.361143e-01 2.737343e-01 4.373970e-01 9.547405e-02 1.644464e-01 2.906518e-01 3.663567e-01 3.234977e-01 6.186579e-01 3.491030e-01 1.832973e-01 5.000000e-02
<GCONST> 7.102372e+01
<STATE> 10
<MEAN> 39
 -5.362906e+00 -1.698414e+01 -1.353043e+01 -1.736708e+01 -2.600014e+00 -1.349096e+01 -7.677323e+00 2.270130e+00 1.287016e+01 -1.168818e+00 -8.395458e+00 -3.015730e+00 9.394815e-01 2.597918e-01 -4.729162e-01 2.823523e-01 -1.760051e+00 1.376936e+00 1.199965e+00 -7.446099e-01 -3.542583e-01 4.402412e-02 1.738352e+00 -7.230140e-01 -9.180219e-01 7.735786e-03 1.456835e-01 3.694877e-01 -2.420954e-01 1.697479e-01 -3.173709e-01 -7.289819e-02 -1.824038e-02 -1.484492e-01 5.407475e-02 4.383923e-01 3.587472e-01 2.229521e-01 -2.977592e-04
<VARIANCE> 39
 3.552512e+00 9.091954e+00 1.192335e+01 1.055547e+01 6.433748e+00 8.927274e+00 6.998280e+00 1.954810e+01 1.804539e+01 1.531122e+01 1.656758e+01 8.083364e+00 5.000000e-02 1.339854e-01 4.165543e-01 4.680714e-01 1.552602e+00 5.970702e-01 6.362625e-01 7.029456e-01 6.200557e-01 4.094013e-01 2.525589e+00 8.133922e-01 6.126206e-01 5.000000e-02 7.553697e-02 5.000000e-02 9.183504e-02 8.001924e-02 1.156310e-01 1.467659e-01 6.184364e-02 1.231085e-01 2.216723e-01 2.289302e-01 8.230474e-02 5.744066e-02 5.000000e-02
<GCONST> 5.704031e+01
<STATE> 11
<MEAN> 39
 -6.294708e+00 -1.549175e+01 -1.443682e+01 -2.167733e+01 1.171130e+00 -1.129098e+01 -9.742689e+00 2.640669e+00 1.187571e+01 4.008030e+00 -9.692929e+00 -5.460992e+00 9.463650e-01 4.666829e-01 3.494968e-01 -4.005631e-01 -1.373866e+00 3.472123e-01 1.164426e+00 -9.926356e-01 4.479297e-02 -6.026912e-01 1.920332e+00 5.242854e-01 -1.461771e-01 8.395787e-03 1.863079e-01 1.691727e-01 -1.956139e-02 2.284413e-01 -5.298132e-01 5.651230e-02 1.347145e-01 1.744239e-01 -8.453590e-03 -6.929387e-03 4.544830e-01 6.588444e-01 7.586629e-04
<VARIANCE> 39
 7.004199e+00 7.636286e+00 1.748334e+01 9.748031e+00 7.494302e+00 5.469877e+00 1.233459e+01 1.020227e+01 1.072697e+01 1.602922e+01 4.267972e+00 5.645494e+00 5.000000e-02 1.671852e-01 7.337011e-02 3.174950e-01 1.391866e-01 6.778549e-01 1.625717e-01 4.454506e-01 5.569784e-01 1.602952e+00 1.069470e+00 1.656685e-01 2.883532e-01 5.000000e-02 5.000000e-02 5.000000e-02 7.183539e-02 1.500117e-01 1.073172e-01 6.620641e-02 2.392698e-01 6.104837e-02 1.485152e-01 1.354682e-01 1.320790e-01 1.850091e-01 5.000000e-02
<GCONST> 4.775067e+01
<STATE> 12
<MEAN> 39
 -4.030860e+00 -1.452450e+01 -1.599054e+01 -2.349244e+01 -8.398426e-01 -8.094337e+00 -1.113130e+01 3.288998e+00 8.575301e+00 8.867366e+00 -5.754520e+00 -4.847037e+00 9.564614e-01 7.783573e-01 6.653465e-01 -3.715026e-02 -5.900423e-01 -5.685038e-01 1.740477e+00 -1.468747e-01 3.248370e-02 1.151679e-01 1.798644e+00 1.551452e+00 8.343458e-01 1.154388e-02 -1.139320e-02 1.573541e-01 6.697364e-02 4.442498e-01 -1.121630e-01 -8.779459e-02 3.231062e-01 -9.169104e-03 3.182743e-01 -2.511094e-01 1.194153e-01 1.408650e-01 -6.942358e-04
<VARIANCE> 39
 7.477543e+00 9.438924e+00 1.688302e+01 1.614432e+01 5.008321e+00 7.872581e+00 3.635127e+00 9.339544e+00 1.105075e+01 1.528638e+01 1.853141e+01 8.402201e+00 5.000000e-02 5.000000e-02 5.576452e-02 2.672983e-01 4.428615e-01 2.277654e-01 3.873656e-01 7.666060e-01 5.565504e-01 3.062855e-01 5.512891e-01 3.254232e-01 1.793709e+00 5.000000e-02 5.000000e-02 5.000000e-02 5.887053e-02 1.327929e-01 1.521425e-01 8.961111e-02 9.863220e-02 7.648160e-02 2.939112e-01 1.640129e-01 1.649779e-01 1.707865e-01 5.000000e-02
<GCONST> 4.969180e+01
<STATE> 13
<MEAN> 39
 -3.522015e+00 -1.256006e+01 -1.521721e+01 -2.385670e+01 -1.732994e+00 -4.632695e+00 -1.151138e+01 3.774142e+00 1.118498e+01 9.996916e+00 -4.298992e+00 -1.740256e+00 9.765120e-01 6.601799e-01 7.274624e-01 -2.624509e-02 -1.098760e-01 -2.475296e-01 7.687836e-01 -3.067936e-01 -1.288262e-01 2.131760e-01 1.649456e+00 5.788746e-01 8.070953e-01 8.366209e-03 -1.398910e-01 -1.627064e-02 -6.546662e-02 -3.294001e-02 2.436914e-01 -6.200816e-01 -1.288439e-01 -3.733070e-01 4.482985e-02 -1.828139e-01 -3.495308e-01 -3.941695e-01 -1.092820e-03
<VARIANCE> 39
 3.558515e+00 1.364517e+01 7.116692e+00 3.801142e+00 5.748802e+00 6.924959e+00 6.810606e+00 8.203499e+00 8.109632e+00 1.783971e+01 1.325555e+01 7.096061e+00 5.000000e-02 1.058687e-01 5.000000e-02 1.330984e-01 1.071174e+00 4.762635e-01 5.229570e-01 1.308505e+00 1.075844e+00 1.517158e+00 3.363548e-01 4.345717e-01 1.785503e+00 5.000000e-02 5.000000e-02 5.000000e-02 5.000000e-02 6.179380e-02 5.000000e-02 5.000000e-02 5.000000e-02 5.063430e-02 2.608443e-01 1.863302e-01 5.000000e-02 2.047152e-01 5.000000e-02
<GCONST> 4.658496e+01
<STATE> 14
<MEAN> 39
 -1.688220e+00 -1.164670e+01 -1.647307e+01 -2.256836e+01 -1.772327e+00 -5.672209e+00 -1.024611e+01 1.531002e+00 1.140721e+01 1.433310e+01 -2.377977e+00 -3.363513e+00 9.911602e-01 1.884048e-01 6.572731e-01 -2.498096e-01 -7.283543e-01 3.747531e-01 -4.617026e-01 -4.352587e-01 -9.202281e-01 4.672658e-01 8.368886e-01 5.119877e-01 -6.181167e-01 6.210977e-03 -8.174228e-02 -7.898264e-02 9.405208e-02 -6.764389e-02 1.208494e-01 -3.866670e-01 -2.162869e-01 1.794924e-01 -1.531482e-01 -3.469021e-01 -1.520629e-01 -1.356498e-01 -3.088244e-03
<VARIANCE> 39
 1.431318e+00 1.370115e+01 8.129130e+00 4.785434e+00 9.252801e+00 7.811277e+00 2.840771e+01 1.872701e+01 4.863443e+00 1.826304e+01 3.103956e+01 3.319720e+01 5.000000e-02 7.736766e-02 2.752782e-01 2.299375e-01 2.158772e-01 2.728516e-01 7.363113e-01 7.148705e-01 6.827862e-01 2.793369e+00 1.411437e+00 1.283440e+00 1.784176e+00 5.000000e-02 5.000000e-02 5.000000e-02 5.000000e-02 6.322840e-02 1.489418e-01 5.525389e-02 2.589597e-01 3.420227e-01 4.090921e-01 1.936804e-01 6.246198e-02 4.706523e-01 5.000000e-02
<GCONST> 5.930027e+01
<STATE> 15
<MEAN> 39
 -2.522369e+00 -1.060650e+01 -1.592944e+01 -2.581911e+01 -3.358830e-01 -7.533758e+00 -1.267938e+01 1.049689e+00 1.175630e+01 1.448738e+01 -4.392459e+00 -3.249880e+00 9.944497e-01 1.503390e-01 5.135079e-01 1.514041e-01 -4.423554e-01 2.822258e-01 -4.889325e-01 -4.404591e-01 -4.309455e-02 4.839362e-01 5.530348e-01 2.426046e-01 -1.980292e-01 -1.106924e-03 7.191765e-02 -8.772793e-02 1.865664e-01 4.053192e-01 -3.143053e-01 9.429116e-02 1.058479e-01 2.851298e-01 -9.459941e-02 -4.571556e-01 -6.644857e-04 1.137402e-01 -3.094029e-03
<VARIANCE> 39
 1.793153e+00 1.204272e+01 5.366910e+00 6.370504e+00 5.515320e+00 1.293655e+01 1.725862e+01 2.688420e+01 3.729780e+01 5.810880e+00 4.434208e+01 4.851177e+01 5.000000e-02 2.135844e-01 4.191695e-01 3.415502e-01 1.824839e-01 6.727983e-01 7.680681e-01 1.522968e+00 2.270903e+00 2.091059e+00 1.444700e+00 6.217743e-01 5.962574e-01 5.000000e-02 5.000000e-02 5.000000e-02 5.000000e-02 5.000000e-02 1.580387e-01 9.809075e-02 2.553477e-01 3.442638e-01 7.561218e-01 3.531671e-01 1.885327e-01 6.705752e-01 5.000000e-02
<GCONST> 6.628996e+01
<STATE> 16
<MEAN> 39
 -1.543775e+00 -1.062187e+01 -1.548306e+01 -2.539798e+01 -1.799095e+00 -5.157797e+00 -1.414742e+01 2.954109e+00 1.077035e+01 1.400695e+01 -1.893231e+00 -2.992971e+00 9.914505e-01 6.168581e-01 1.420406e-01 4.679295e-01 4.386200e-01 -6.444461e-01 -1.874212e-02 -8.494510e-01 3.714165e-01 -1.482667e-01 -1.412288e-02 8.829210e-02 4.093605e-01 -3.492211e-03 2.002964e-01 -1.994948e-01 2.733706e-01 2.796740e-01 -1.513649e-01 -1.902059e-01 1.815056e-01 1.121184e-01 -1.949749e-01 1.539576e-01 -1.878208e-01 3.529917e-01 -2.211027e-03
<VARIANCE> 39
 7.092229e+00 1.504049e+01 3.296822e+00 3.551705e+00 1.334543e+01 2.669998e+01 1.989319e+01 3.731446e+00 4.863589e+01 2.159488e+01 5.228191e+01 1.970927e+01 5.000000e-02 2.425694e-01 1.582752e-01 5.283861e-01 2.974110e-01 1.205618e+00 2.750404e-01 6.994894e-01 1.543817e+00 2.474386e+00 2.782701e+00 7.757707e-01 2.392247e+00 5.000000e-02 5.000000e-02 9.173603e-02 5.000000e-02 5.049731e-02 1.552573e-01 2.046770e-01 3.794781e-01 3.750368e-01 7.339602e-01 6.049047e-01 1.843006e-01 1.275948e-01 5.000000e-02
<GCONST> 6.898109e+01
<STATE> 17
<MEAN> 39
 -1.217436e-01 -1.019754e+01 -1.454335e+01 -2.318650e+01 -3.106130e+00 -6.591204e+00 -1.373805e+01 2.202786e+00 1.189082e+01 1.521466e+01 -2.248761e+00 -2.982184e+00 9.801970e-01 7.575772e-01 1.960146e-01 9.529325e-01 5.828999e-01 -4.690410e-01 -8.342823e-01 4.437891e-01 -1.013831e-01 -5.246438e-01 2.763648e-02 8.111736e-02 8.237401e-01 -7.908043e-03 8.665688e-02 -9.221034e-02 5.529698e-02 -1.455718e-01 1.101701e-01 -3.014690e-01 2.129876e-01 -1.439706e-01 -3.345864e-01 -3.436556e-01 2.434504e-01 1.868171e-01 -3.094862e-03
<VARIANCE> 39
 5.974702e+00 7.588768e+00 1.756138e+00 6.535357e+00 3.584917e+01 1.848598e+01 2.338535e+01 9.584949e+00 2.524903e+01 3.178539e+01 5.087127e+01 3.442845e+00 5.000000e-02 5.725586e-02 4.374171e-01 2.469679e-01 2.226638e-01 1.473600e+00 9.848855e-01 2.564851e+00 1.202916e+00 2.248366e+00 2.202064e+00 7.027102e-01 3.829314e-01 5.000000e-02 5.000000e-02 5.000000e-02 8.137161e-02 9.740503e-02 4.002345e-01 1.525367e-01 3.007024e-01 8.645303e-01 4.037625e-01 7.652601e-01 1.201404e-01 2.009392e-01 5.000000e-02
<GCONST> 6.803428e+01
<STATE> 18
<MEAN> 39
 7.116107e-01 -9.862421e+00 -1.200807e+01 -2.317191e+01 -2.722736e+00 -8.928086e+00 -1.243046e+01 2.020034e+00 1.018631e+01 1.405204e+01 -2.498692e+00 1.285383e-01 9.606665e-01 8.694029e-01 -9.242862e-02 8.275806e-01 -2.488012e-01 -2.046560e-01 -1.179948e+00 9.265429e-03 1.517990e-01 -1.578793e+00 -1.716575e-01 7.942868e-01 1.484192e+00 -1.213114e-02 9.150311e-02 -3.334181e-01 -2.048255e-01 -7.823466e-02 -7.207840e-02 -3.827932e-02 -1.172051e-01 1.126357e-01 -1.689350e-01 -2.663622e-01 2.669503e-01 1.671372e-01 -3.865880e-03
<VARIANCE> 39
 2.455797e+00 4.953180e+00 1.764357e+00 6.673425e+00 2.141945e+01 7.329844e+00 9.589760e+00 2.269094e+01 8.755742e+00 1.847659e+01 2.893521e+01 9.949745e+00 5.000000e-02 1.443179e-01 1.350180e-01 2.372522e-01 2.904471e-01 1.573580e+00 8.897250e-01 1.442012e+00 4.395214e+00 1.659483e+00 3.486365e+00 1.137008e+00 4.715085e-01 5.000000e-02 5.000000e-02 1.173714e-01 2.095954e-01 6.482196e-02 2.711957e-01 6.694742e-02 5.577943e-01 2.545293e-01 1.960107e-01 3.261767e-01 1.242447e-01 1.242024e-01 5.000000e-02
<GCONST> 6.322515e+01
<STATE> 19
<MEAN> 39
 2.953969e+00 -1.086679e+01 -1.166061e+01 -2.443292e+01 -2.031654e+00 -1.052527e+01 -1.285566e+01 3.967149e+00 7.150301e+00 1.470273e+01 -4.665422e-01 1.401251e+00 9.477356e-01 9.295049e-01 -7.983225e-01 -1.993044e-02 -1.541870e-01 -5.756233e-01 -1.319442e+00 2.741441e-01 5.119104e-01 -1.347085e+00 -1.441015e+00 8.411901e-01 1.207227e+00 -1.990530e-02 1.806486e-01 -2.859157e-01 -4.329900e-01 4.539382e-01 -4.060443e-01 3.049155e-01 2.241908e-01 -1.860800e-01 -7.244213e-02 -6.306558e-01 1.726847e-01 6.317557e-02 -5.538441e-03
<VARIANCE> 39
 6.659760e+00 8.540171e+00 1.389223e+00 9.696427e-01 2.388287e+01 6.464257e+00 4.442402e+00 4.594008e+01 6.808951e+00 1.377560e+01 3.797221e+01 9.440948e+00 5.000000e-02 1.310749e-01 2.181522e-01 1.383952e+00 2.279653e-01 1.201209e+00 1.573048e+00 3.008369e+00 1.294796e+00 9.648652e-01 1.992935e+00 9.220004e-01 5.626590e-01 5.000000e-02 5.000000e-02 7.457559e-02 1.591278e-01 1.336056e-01 4.980296e-01 1.385343e-01 2.964598e-01 7.256581e-01 5.577295e-01 3.992580e-01 5.000000e-02 2.098553e-01 5.000000e-02
<GCONST> 6.538335e+01
<STATE> 20
<MEAN> 39
 2.284040e+00 -1.223170e+01 -1.046132e+01 -2.456863e+01 -3.931268e+00 -1.321179e+01 -1.291406e+01 4.848813e+00 5.084989e+00 1.109129e+01 -1.029845e+00 4.066285e+00 9.087477e-01 1.533995e+00 -1.339114e+00 -5.643394e-01 1.370436e+00 -4.430127e-01 -2.052471e-01 4.479381e-01 -5.105271e-01 -6.312438e-01 -1.642433e+00 1.193124e+00 4.539513e-01 -2.969394e-02 2.695751e-01 6.104098e-02 -5.541324e-01 5.652142e-01 5.064373e-02 2.995777e-01 1.590109e-01 -5.182304e-01 2.758411e-01 -5.011886e-01 -6.592104e-02 -3.950253e-01 -4.994372e-03
<VARIANCE> 39
 4.409428e+00 1.003018e+01 7.985415e+00 1.737244e+00 2.102170e+01 5.158655e+00 1.767669e+01 4.888148e+01 1.332941e+01 1.129371e+01 3.671932e+01 7.444343e+00 5.000000e-02 3.576483e-01 6.097950e-01 1.440053e+00 3.348561e-01 2.715359e+00 9.080425e-01 2.513663e+00 1.389050e+00 1.467759e+00 1.249287e+00 7.702858e-01 2.027007e+00 5.000000e-02 5.000000e-02 8.172084e-02 2.371939e-01 7.766381e-02 3.322502e-01 1.890820e-01 3.190151e-01 6.608890e-01 3.638365e-01 1.955796e-01 2.038281e-01 3.516123e-01 5.000000e-02
<GCONST> 7.303748e+01
<STATE> 21
<MEAN> 39
 7.525148e+00 -1.496798e+01 -1.530914e+01 -1.936329e+01 -5.057044e+00 -1.143840e+01 -1.321551e+01 -2.729553e-01 4.598286e+00 8.395177e+00 4.412493e+00 4.402994e+00 8.453187e-01 1.587532e+00 -3.172483e-01 -9.550936e-01 1.503696e+00 -3.179291e-01 -1.133946e-01 6.106016e-01 -8.333724e-01 -1.204879e+00 -2.286962e+00 4.524589e-01 4.286534e-01 -3.572712e-02 -3.531326e-01 5.443997e-01 4.709171e-01 1.435672e-01 6.670404e-03 2.319910e-02 4.159874e-01 -1.202041e-01 5.565838e-02 -4.272923e-01 -4.780105e-01 -4.293984e-01 -5.829436e-03
<VARIANCE> 39
 5.831272e+00 6.174806e+00 4.487454e+00 8.655705e+00 1.141009e+01 4.575572e+00 1.068947e+01 3.621025e+01 2.075235e+01 6.227695e+00 5.212012e+01 1.364130e+01 5.000000e-02 2.973437e-01 4.050415e-01 1.735203e+00 1.203660e+00 1.577280e+00 7.426297e-01 9.915231e-01 2.411349e+00 3.958195e+00 1.500911e+00 1.287104e+00 2.895725e+00 5.000000e-02 7.645346e-02 5.000000e-02 1.649619e-01 1.125957e-01 1.497242e-01 2.025914e-01 4.840937e-01 4.797553e-01 4.301686e-01 9.942869e-02 3.283370e-01 3.649232e-01 5.000000e-02
<GCONST> 7.424056e+01
<STATE> 22
<MEAN> 39
 9.601458e+00 -1.378879e+01 -1.543698e+01 -1.743828e+01 -6.710817e+00 -1.263296e+01 -9.173532e+00 -1.050206e+00 2.247635e+00 3.073684e+00 2.307575e+00 4.074388e+00 7.888785e-01 7.110002e-01 4.617821e-01 1.691296e-01 1.853772e+00 -8.584768e-01 -2.053206e-01 9.698455e-01 -1.301880e+00 -1.516974e-01 -3.282324e+00 -4.331211e-01 -4.059160e-01 -4.617144e-02 -4.598916e-01 1.822450e-01 5.336840e-01 1.290231e-01 2.349655e-01 5.690189e-02 2.611931e-02 9.354467e-02 3.601319e-01 3.749249e-01 -2.779014e-01 -5.989400e-01 -5.464656e-03
<VARIANCE> 39
 3.870629e+00 2.077893e+00 1.103628e+01 1.133839e+01 1.822853e+01 8.145946e+00 2.334233e+01 2.773592e+01 2.628081e+01 1.735763e+01 1.664916e+01 1.092015e+01 5.000000e-02 3.904752e-01 1.655467e-01 1.049897e+00 7.807363e-01 2.370381e-01 5.006081e-01 1.383354e+00 4.037140e+00 1.312386e+00 1.149440e-01 3.249913e+00 4.333387e+00 5.000000e-02 5.666791e-02 5.000000e-02 4.476875e-01 3.045711e-01 2.199179e-01 2.416895e-01 3.851744e-01 1.386219e-01 6.367581e-01 1.959670e-01 5.000000e-02 4.065498e-01 5.000000e-02
<GCONST> 7.010747e+01
<STATE> 23
<MEAN> 39
 8.826242e+00 -1.316644e+01 -1.355439e+01 -1.670488e+01 -6.476707e+00 -1.369824e+01 -8.392178e+00 -1.192433e+00 3.385395e+00 -4.433380e-01 2.132416e+00 2.939716e+00 7.452468e-01 9.293642e-02 3.461540e-01 6.242862e-01 2.194861e+00 -3.327239e-01 -2.733804e-01 1.289485e+00 -8.953708e-01 -5.733505e-01 -1.700506e+00 -2.692662e-01 -1.308885e+00 -5.102547e-02 -4.207059e-01 -1.812346e-02 2.360549e-01 6.975548e-02 3.659230e-01 2.867850e-01 9.136276e-03 2.721746e-01 2.242820e-01 7.673429e-01 -2.182049e-01 -2.956193e-01 -4.287812e-03
<VARIANCE> 39
 5.479290e+00 3.075741e+00 7.197282e+00 2.749092e+01 2.645435e+01 1.152514e+01 1.068164e+01 9.403796e+00 8.563672e+00 1.743501e+01 8.850809e+00 2.128702e+01 5.000000e-02 4.940188e-01 1.549293e-01 2.029482e+00 1.772153e+00 7.372307e-01 2.414390e+00 1.759017e+00 1.950913e+00 2.340726e+00 8.088384e-01 1.960657e+00 1.311955e+00 5.000000e-02 6.253258e-02 7.379650e-02 2.719664e-01 4.058201e-01 9.075320e-02 2.475785e-01 2.519159e-01 3.522096e-01 3.048347e-01 3.120945e-01 2.510139e-01 5.455592e-01 5.000000e-02
<GCONST> 7.533815e+01
<STATE> 24
<MEAN> 39
 7.665331e+00 -1.385926e+01 -1.024918e+01 -1.071459e+01 -5.351572e+00 -1.143627e+01 -6.453686e+00 -3.035608e+00 2.425992e+00 -2.520427e+00 -5.789821e-01 5.273506e-01 5.958184e-01 -5.984052e-01 3.871744e-01 1.030964e+00 1.953386e+00 8.530428e-01 4.551700e-01 1.369621e+00 6.633751e-02 4.421231e-01 4.432618e-01 -1.950936e-01 -1.557389e+00 -5.400784e-02 -1.590572e-01 -7.430828e-02 -3.980842e-01 -2.227280e-01 4.759864e-01 3.913370e-02 -2.809122e-01 1.669929e-01 1.461588e-01 6.171349e-01 2.622057e-01 -1.234010e-01 9.276102e-04
<VARIANCE> 39
 4.639083e+00 6.327474e+00 1.126646e+01 5.498034e+00 8.248517e+00 2.012522e+01 1.219318e+01 5.015225e+00 1.196869e+01 9.381106e+00 1.264874e+01 5.775429e+00 5.000000e-02 4.471636e-01 6.829833e-01 1.935781e+00 1.551000e+00 1.296171e+00 1.133367e+00 1.018396e+00 4.184524e-01 7.319541e-01 2.963903e+00 1.247348e+00 1.449478e+00 5.000000e-02 5.692619e-02 5.000000e-02 5.156344e-01 1.931232e-01 5.000000e-02 4.754933e-01 1.802814e-01 8.687086e-02 2.982376e-01 3.456818e-01 2.469588e-01 1.315437e-01 5.000000e-02
<GCONST> 6.748151e+01
<STATE> 25
<MEAN> 39
 8.006068e+00 -1.119709e+01 -1.217564e+01 -9.734047e+00 -4.390386e+00 -1.113251e+01 -4.382628e+00 -2.819197e+00 4.052516e+00 6.502361e-02 1.135355e+00 -3.407512e+00 5.376490e-01 -8.521695e-01 -1.283870e-01 3.858543e-01 1.335001e+00 1.118970e+00 5.764151e-01 -6.534459e-02 -4.408338e-01 3.175530e-01 -2.485143e-01 -7.222370e-02 -1.378939e+00 -5.669381e-02 -2.118686e-01 -1.581519e-01 2.480447e-02 -3.468090e-01 -2.463807e-02 -1.254996e-01 -5.361148e-01 -1.747911e-01 -2.245706e-01 5.484927e-02 2.120072e-01 4.540085e-01 1.262048e-03
<VARIANCE> 39
 2.139542e+00 7.457229e+00 5.663029e+00 7.159514e+00 1.194635e+01 1.733231e+01 1.413025e+01 1.108516e+01 1.609442e+01 1.872421e+01 5.679713e+00 1.409582e+01 5.000000e-02 1.227454e-01 2.223852e-01 6.837947e-01 3.361873e-01 1.249102e+00 2.200620e+00 1.323943e+00 4.617105e-01 1.078094e+00 2.333632e+00 1.121593e+00 1.911940e+00 5.000000e-02 5.265871e-02 1.738624e-01 3.267374e-01 3.403789e-01 3.068960e-01 4.102661e-01 2.910595e-01 9.281553e-02 2.961898e-01 3.691678e-01 2.299756e-01 4.031762e-01 5.000000e-02
<GCONST> 6.960876e+01
<STATE> 26
<MEAN> 39
 5.035670e+00 -1.410510e+01 -1.016082e+01 -6.754831e+00 -8.427975e-01 -1.060283e+01 -6.094886e+00 -3.340835e+00 4.114865e+00 -2.226322e+00 1.822229e-01 -5.339409e+00 4.516707e-01 -9.774727e-01 -2.879469e-02 8.190390e-02 4.377896e-01 6.557165e-01 1.930376e-02 -4.885426e-01 -7.681981e-01 -7.725778e-01 -4.231798e-02 5.938799e-02 -4.619993e-01 -4.535184e-02 5.596150e-02 1.687024e-01 -5.154509e-03 -4.405030e-01 -4.214576e-01 -1.767159e-01 -1.918516e-01 7.669501e-02 5.527143e-02 2.895663e-01 4.318878e-02 4.579091e-01 8.323167e-03
<VARIANCE> 39
 2.376342e+00 6.857264e+00 1.793059e+00 6.164735e+00 1.169368e+01 7.010256e+00 1.046094e+01 1.198229e+01 1.875490e+01 2.087931e+01 2.216936e+01 1.708297e+01 5.000000e-02 1.431255e-01 6.940842e-01 2.972398e+00 2.897427e+00 1.550738e+00 1.325933e+00 6.158777e-01 2.371379e+00 1.522447e+00 1.234930e+00 1.069280e+00 1.474783e+00 5.000000e-02 5.000000e-02 6.601012e-02 5.128885e-02 1.544471e-01 2.212171e-01 4.182970e-01 3.332101e-01 8.648548e-02 1.447205e-01 7.392190e-01 2.802967e-01 2.879833e-01 5.000000e-02
<GCONST> 6.982790e+01
<STATE> 27
<MEAN> 39
 3.866743e+00 -1.173018e+01 -1.075747e+01 -7.004754e+00 -1.543947e+00 -1.155550e+01 -7.573732e+00 -5.393826e+00 1.456781e+00 -1.766007e-01 2.665473e+00 -2.801129e+00 3.666318e-01 -8.470066e-01 3.901149e-01 4.983064e-01 -2.014276e-01 -8.589128e-02 3.492215e-01 -4.508160e-02 -2.354046e-01 4.574351e-01 9.057931e-01 6.321871e-01 4.344952e-01 -3.869339e-02 9.579258e-02 7.772722e-02 -9.829585e-02 -4.505464e-01 -2.392315e-01 1.289651e-01 2.998273e-01 6.179929e-01 6.511519e-01 2.643473e-01 4.309096e-03 3.222951e-01 8.106445e-03
<VARIANCE> 39
 9.935133e-01 7.381949e+00 9.023267e+00 1.410478e+01 5.689467e+00 8.321943e+00 4.230081e+00 1.717522e+01 2.413620e+01 7.226191e+00 5.796014e+00 6.736036e+00 5.000000e-02 3.049776e-01 6.806297e-01 1.599203e+00 1.446247e+00 1.154370e+00 2.768105e+00 2.717833e+00 4.240785e-01 6.218277e-01 1.434563e+00 6.191751e-01 1.800646e+00 5.000000e-02 5.000000e-02 5.416573e-02 1.608889e-01 3.125917e-01 2.085428e-01 3.015742e-01 2.367453e-01 2.915034e-01 3.366103e-01 5.000000e-02 2.191236e-01 4.871375e-01 5.000000e-02
<GCONST> 6.639956e+01
<STATE> 28
<MEAN> 39
 2.817272e+00 -1.140781e+01 -8.186852e+00 -7.076591e+00 -2.448712e+00 -9.938984e+00 -5.274360e+00 -5.477867e+00 4.161986e+00 1.030659e+00 1.285714e+00 -4.210209e+00 3.082949e-01 -7.609510e-01 2.224831e-01 -5.423596e-03 -6.578642e-01 -1.712078e-01 4.471076e-01 3.006069e-01 1.413272e+00 1.582829e+00 8.980652e-01 5.193082e-01 9.373084e-01 -2.152608e-02 1.590245e-01 4.310784e-02 -2.268838e-01 -1.942131e-01 4.391308e-02 -6.961875e-02 1.566751e-01 4.464014e-01 4.088575e-02 9.132274e-02 2.037190e-01 1.711075e-01 8.752062e-03
<VARIANCE> 39
 4.449994e+00 7.952878e+00 1.483914e+01 9.530037e+00 1.022060e+01 1.286770e+01 5.734398e+00 6.997983e+00 1.090329e+01 1.355204e+01 1.979464e+01 1.619081e+01 5.000000e-02 3.868269e-01 3.045934e-01 3.461145e-01 1.009508e+00 7.141485e-01 2.596858e+00 1.634428e+00 6.499466e-01 1.515008e+00 1.759673e+00 3.476164e+00 2.005149e+00 5.000000e-02 5.000000e-02 1.917477e-01 1.877877e-01 4.393430e-01 2.623402e-01 5.545913e-01 3.565140e-01 1.751605e-01 1.894083e-01 1.627922e-01 3.196063e-01 4.426444e-01 5.000000e-02
<GCONST> 7.367696e+01
<STATE> 29
<MEAN> 39
 1.603116e+00 -1.209925e+01 -1.106096e+01 -9.056666e+00 -1.472672e+00 -1.060613e+01 -6.857578e+00 9.676074e-03 8.456968e+00 1.911728e+00 2.344948e+00 -2.008723e+00 3.279348e-01 -3.019654e-01 3.088658e-01 -3.217477e-01 -6.377915e-01 2.508605e-01 -4.577998e-01 5.806374e-02 1.182136e+00 6.548888e-01 1.118539e+00 1.178923e+00 8.243413e-01 -7.900097e-03 4.778096e-02 3.649555e-02 5.705301e-02 4.637818e-02 -1.643904e-02 8.043405e-02 2.192335e-01 -5.114990e-01 -7.309136e-01 -1.417758e-01 2.483878e-01 -1.067106e-01 -1.915617e-03
<VARIANCE> 39
 1.000831e+01 8.176535e+00 1.051240e+01 7.577440e+00 7.239976e+00 2.252448e+01 1.395725e+01 9.777906e+00 1.622246e+01 2.627209e+01 3.204105e+01 5.817204e+00 5.000000e-02 9.145202e-02 4.175881e-01 3.848582e-01 9.050654e-01 5.852949e-01 1.634703e+00 8.619079e-01 7.413538e-01 1.051437e+00 5.445122e-01 1.465464e+00 1.192405e+00 5.000000e-02 5.000000e-02 5.000000e-02 1.549911e-01 3.104881e-01 2.720861e-01 3.292724e-01 3.438739e-01 1.921442e-01 1.649591e-01 5.508407e-01 6.796008e-01 2.198857e-01 5.000000e-02
<GCONST> 6.949983e+01
<STATE> 30
<MEAN> 39
 1.734877e+00 -1.116511e+01 -1.135955e+01 -1.112212e+01 -1.208842e+00 -1.039989e+01 -5.034918e+00 -3.251368e-01 7.325862e+00 5.785627e+00 7.628542e+00 4.154645e-01 2.944006e-01 -5.370612e-01 5.520865e-01 6.535330e-01 1.267496e-01 2.434481e-01 6.491097e-01 8.618217e-01 -7.973740e-01 -1.197523e+00 2.864185e-01 4.890699e-01 -4.440136e-01 -2.998493e-02 -4.626595e-03 -1.242797e-02 5.013098e-01 7.465945e-01 -1.637106e-02 3.868245e-02 -3.627205e-02 -4.730307e-01 -2.564495e-01 -7.366921e-01 -8.555667e-01 -6.256474e-01 -3.910041e-03
<VARIANCE> 39
 3.556653e+00 5.889289e+00 1.861923e+01 7.342919e+00 4.528163e+00 1.437141e+01 7.919232e+00 3.902631e+00 2.629647e+01 1.675405e+01 2.141703e+01 1.043770e+01 5.000000e-02 1.488677e-01 2.645514e-01 1.781204e+00 2.100140e+00 6.230090e-01 8.740855e-01 6.856862e-01 5.119876e-01 1.258021e+00 1.723680e+00 3.668625e+00 9.186224e-01 5.000000e-02 6.905136e-02 6.041668e-02 2.646386e-01 1.417222e-01 1.705494e-01 3.640476e-01 1.102452e-01 1.867220e-01 3.623904e-01 2.321575e-01 3.679318e-01 2.099010e-01 5.000000e-02
<GCONST> 6.771193e+01
<STATE> 31
<MEAN> 39
 1.004377e-01 -9.984374e+00 -8.820072e+00 -8.715420e+00 -1.215484e+00 -8.099375e+00 -3.682388e+00 -2.310231e+00 4.317201e+00 4.196425e+00 5.203810e+00 -2.268015e+00 2.154393e-01 -6.553427e-01 2.314689e-01 1.027180e+00 1.246447e+00 -1.564839e-01 2.936409e-01 7.295720e-02 -9.151821e-01 -8.797622e-01 -1.302454e+00 -6.935443e-01 -5.682006e-01 -3.325044e-02 -9.138887e-02 -1.157176e-01 1.360569e-01 2.132171e-01 -1.371842e-01 -1.626453e-01 -8.322293e-02 2.485791e-01 3.972047e-01 -1.316972e-01 -1.465910e-01 1.261643e-01 -1.763888e-03
<VARIANCE> 39
 7.680522e+00 2.678376e+00 4.501223e+00 1.138154e+01 1.249163e+01 5.941882e+00 3.022195e+00 4.391312e+00 7.954168e+00 1.031447e+01 5.087339e+00 9.926281e+00 5.000000e-02 4.297629e-01 4.171179e-01 2.620588e+00 1.563926e+00 1.038855e+00 6.706060e-01 5.821177e-01 4.950608e-01 1.110726e+00 2.703173e+00 1.613924e+00 7.625122e-01 5.000000e-02 8.145803e-02 5.000000e-02 1.552814e-01 3.843883e-01 2.102100e-01 2.043859e-01 1.016498e-01 2.013504e-01 2.696208e-01 2.084359e-01 2.729013e-01 1.981133e-01 5.000000e-02
<GCONST> 6.311040e+01
<STATE> 32
<MEAN> 39
 3.529338e-01 -9.374452e+00 -6.663282e+00 -6.004670e+00 -1.934729e+00 -9.449945e+00 -4.535981e+00 -4.280152e+00 2.810464e+00 -6.180221e-01 3.511636e+00 -2.529434e+00 2.087767e-01 -3.874662e-01 1.281814e-01 9.149381e-01 1.083767e+00 -2.125886e-01 -3.194441e-01 1.345949e-01 4.447085e-01 7.907385e-01 4.717242e-04 -3.731383e-01 -2.761802e-01 -1.608551e-02 1.716867e-02 -1.462923e-01 -3.816955e-01 -5.826828e-01 -7.341522e-02 -1.261419e-01 1.188141e-02 4.593172e-01 5.656268e-01 5.801179e-01 2.672123e-01 1.995554e-01 3.878407e-03
<VARIANCE> 39
 9.375288e+00 2.226407e+00 1.259634e+01 9.702947e+00 1.035503e+01 5.468230e+00 7.729293e+00 7.762856e+00 1.680626e+00 2.374903e+00 4.090232e+00 4.792006e+00 5.000000e-02 8.702328e-01 5.729157e-01 1.863183e+00 1.073463e+00 4.670372e-01 6.638300e-01 5.126252e-01 3.729661e-01 1.426502e+00 1.488774e+00 1.033710e+00 1.166419e+00 5.000000e-02 1.179786e-01 1.019386e-01 5.453176e-01 6.006365e-01 1.513967e-01 8.935410e-02 1.453020e-01 1.148080e-01 5.000000e-02 2.810537e-01 2.145490e-01 1.513930e-01 5.000000e-02
<GCONST> 5.951141e+01
<STATE> 33
<MEAN> 39
 -2.023983e+00 -1.055454e+01 -5.761208e+00 -4.826322e+00 -2.134735e+00 -9.942101e+00 -2.601840e+00 -6.053820e-01 7.579364e+00 3.075112e+00 3.698720e+00 -2.856797e+00 1.385264e-01 -2.484961e-01 -6.361302e-02 -1.678903e-01 -8.586565e-01 -7.085906e-01 -8.306484e-01 1.938699e-01 9.873057e-01 1.072942e+00 5.265759e-01 2.961720e-01 3.065098e-01 -6.438893e-03 2.532650e-02 1.086421e-01 -1.388769e-01 -1.962010e-01 1.788276e-01 2.726337e-01 2.014591e-02 -7.449041e-02 -2.850559e-01 -8.662096e-02 5.448016e-02 1.464564e-01 -1.429974e-04
<VARIANCE> 39
 9.724038e+00 5.808591e+00 1.668128e+01 7.008094e-01 1.191725e+01 1.248091e+01 1.533313e+01 4.867030e+00 1.187502e+01 2.289696e+01 9.104549e+00 1.206368e+01 5.000000e-02 3.413571e-01 7.348758e-01 1.001347e+00 1.458388e+00 6.022372e-01 7.349212e-01 1.118204e+00 8.557860e-01 1.222811e+00 2.289946e+00 1.364371e+00 1.540080e+00 5.000000e-02 1.846127e-01 1.412273e-01 5.631262e-01 1.914425e-01 6.744596e-02 1.133746e-01 7.238968e-02 1.105158e-01 1.738707e-01 1.278140e+00 4.221001e-01 2.570251e-01 5.000000e-02
<GCONST> 6.940950e+01
<STATE> 34
<MEAN> 39
 -7.106808e-01 -9.932791e+00 -7.673934e+00 -9.398199e+00 -4.203631e+00 -1.151403e+01 -4.705651e+00 -1.206603e+00 6.302206e+00 3.877137e+00 5.163627e+00 -2.666998e+00 1.841470e-01 -7.609838e-01 1.472878e-01 2.614727e-01 1.716268e-01 3.464348e-01 8.917422e-01 6.092148e-01 1.583029e-01 -4.251254e-01 -3.427818e-01 -4.418841e-02 2.210529e-01 -3.624678e-02 -3.481128e-01 6.933931e-02 3.759532e-01 6.880210e-01 5.137625e-01 5.933960e-01 3.590675e-01 -2.568385e-01 -4.682723e-01 -3.408405e-01 -1.430358e-01 1.046706e-01 -1.625697e-02
<VARIANCE> 39
 4.589950e+00 7.605947e+00 4.604959e+00 4.874223e+00 7.031212e+00 8.077544e+00 1.357509e+01 1.337770e+01 1.951526e+01 1.865732e+01 1.367946e+01 1.610266e+01 5.000000e-02 7.400916e-01 5.458805e-01 9.269286e-01 8.606575e-01 5.525581e-01 8.389097e-01 6.783187e-01 3.927746e-01 1.410570e+00 5.394195e+00 2.342119e+00 1.071763e+00 5.000000e-02 5.000000e-02 1.110589e-01 1.280776e-01 1.488558e-01 6.070451e-02 1.020505e-01 1.167225e-01 1.472742e-01 2.164024e-01 2.363673e-01 3.362515e-01 2.697185e-01 5.000000e-02
<GCONST> 6.593938e+01
<STATE> 35
<MEAN> 39
 -3.070366e+00 -8.985899e+00 -4.234917e+00 -4.557903e+00 -7.008355e-01 -7.614738e+00 -1.605351e+00 -1.006816e+00 4.637814e+00 5.887001e-01 2.264307e+00 -2.295797e+00 6.471138e-02 -1.358444e+00 2.118856e-01 1.211639e+00 1.921345e+00 1.390859e+00 1.714599e+00 1.279608e+00 -2.927474e-02 -3.418191e-01 -4.315896e-01 -4.229229e-01 3.346250e-01 -5.455633e-02 1.251649e-02 -1.465104e-02 5.184223e-02 -2.408913e-02 9.630727e-03 -1.740565e-01 -2.212681e-01 -1.097432e-01 1.624109e-02 3.488562e-01 2.835163e-01 -1.247910e-01 1.971854e-03
<VARIANCE> 39
 3.013050e+00 3.297158e+00 9.288250e+00 4.058982e+00 9.731100e+00 3.237693e+00 1.308235e+01 4.880425e+00 7.841836e+00 3.697909e+01 2.245856e+01 6.449193e+00 5.000000e-02 8.147008e-01 4.983807e-01 3.745510e-01 4.552608e-01 5.160664e-01 2.874249e-01 6.538774e-01 7.553977e-01 4.547097e-01 1.771268e+00 1.304060e+00 9.249139e-01 5.000000e-02 5.000000e-02 7.718206e-02 6.562135e-02 2.102963e-01 1.290968e-01 1.478759e-01 1.654757e-01 1.609196e-01 2.432911e-01 7.195787e-01 3.928404e-01 8.247542e-02 5.000000e-02
<GCONST> 5.895801e+01
<STATE> 36
<MEAN> 39
 -5.805651e+00 -9.733941e+00 -5.167449e+00 -2.407951e+00 1.013054e+00 -5.761879e+00 1.114205e-01 -1.512679e+00 5.235298e+00 9.894663e-01 4.455963e+00 -9.135628e-01 -5.917963e-03 -7.475722e-01 2.367595e-02 5.956879e-01 2.670258e-01 1.519985e-01 8.607402e-02 3.251788e-01 -3.459658e-01 -8.916731e-01 -1.196493e-01 1.121460e-01 -2.995220e-01 -3.668424e-02 3.984016e-01 -1.061685e-01 -2.401234e-01 -5.889226e-01 -3.899605e-01 -3.906441e-01 -4.033342e-01 -1.089626e-01 -1.378326e-01 -1.158462e-02 -6.244925e-02 -2.873282e-01 1.287083e-02
<VARIANCE> 39
 4.050767e-01 2.204977e-01 4.315596e+00 8.082000e+00 9.394172e+00 1.930252e+01 1.369591e+01 1.660197e+00 1.016032e+01 2.322551e+00 9.385038e+00 1.731087e+01 5.000000e-02 3.751507e-01 1.352955e-01 9.005732e-02 4.017599e-01 3.446218e-01 3.285700e-01 4.409938e-01 4.782373e-01 1.985306e-01 9.246189e-01 1.298818e+00 8.104528e-01 5.000000e-02 5.000000e-02 5.000000e-02 7.276589e-02 1.626355e-01 1.508560e-01 2.336111e-01 1.356508e-01 5.000000e-02 8.395605e-02 2.403637e-01 3.236516e-01 2.258923e-01 5.000000e-02
<GCONST> 4.343777e+01
<TRANSP> 37
 0.000000e+00 1.000000e+00 0.000000e+00 0.000000e+00 0.000000e+00 0.000000e+00 0.000000e+00 0.000000e+00 0.000000e+00 0.000000e+00 0.000000e+00 0.000000e+00 0.000000e+00 0.000000e+00 0.000000e+00 0.000000e+00 0.000000e+00 0.000000e+00 0.000000e+00 0.000000e+00 0.000000e+00 0.000000e+00 0.000000e+00 0.000000e+00 0.000000e+00 0.000000e+00 0.000000e+00 0.000000e+00 0.000000e+00 0.000000e+00 0.000000e+00 0.000000e+00 0.000000e+00 0.000000e+00 0.000000e+00 0.000000e+00 0.000000e+00
 0.000000e+00 4.999999e-01 5.000001e-01 0.000000e+00 0.000000e+00 0.000000e+00 0.000000e+00 0.000000e+00 0.000000e+00 0.000000e+00 0.000000e+00 0.000000e+00 0.000000e+00 0.000000e+00 0.000000e+00 0.000000e+00 0.000000e+00 0.000000e+00 0.000000e+00 0.000000e+00 0.000000e+00 0.000000e+00 0.000000e+00 0.000000e+00 0.000000e+00 0.000000e+00 0.000000e+00 0.000000e+00 0.000000e+00 0.000000e+00 0.000000e+00 0.000000e+00 0.000000e+00 0.000000e+00 0.000000e+00 0.000000e+00 0.000000e+00
 0.000000e+00 0.000000e+00 3.749965e-01 6.250035e-01 0.000000e+00 0.000000e+00 0.000000e+00 0.000000e+00 0.000000e+00 0.000000e+00 0.000000e+00 0.000000e+00 0.000000e+00 0.000000e+00 0.000000e+00 0.000000e+00 0.000000e+00 0.000000e+00 0.000000e+00 0.000000e+00 0.000000e+00 0.000000e+00 0.000000e+00 0.000000e+00 0.000000e+00 0.000000e+00 0.000000e+00 0.000000e+00 0.000000e+00 0.000000e+00 0.000000e+00 0.000000e+00 0.000000e+00 0.000000e+00 0.000000e+00 0.000000e+00 0.000000e+00
 0.000000e+00 0.000000e+00 0.000000e+00 2.857620e-01 7.142380e-01 0.000000e+00 0.000000e+00 0.000000e+00 0.000000e+00 0.000000e+00 0.000000e+00 0.000000e+00 0.000000e+00 0.000000e+00 0.000000e+00 0.000000e+00 0.000000e+00 0.000000e+00 0.000000e+00 0.000000e+00 0.000000e+00 0.000000e+00 0.000000e+00 0.000000e+00 0.000000e+00 0.000000e+00 0.000000e+00 0.000000e+00 0.000000e+00 0.000000e+00 0.000000e+00 0.000000e+00 0.000000e+00 0.000000e+00 0.000000e+00 0.000000e+00 0.000000e+00
 0.000000e+00 0.000000e+00 0.000000e+00 0.000000e+00 4.983242e-01 5.016758e-01 0.000000e+00 0.000000e+00 0.000000e+00 0.000000e+00 0.000000e+00 0.000000e+00 0.000000e+00 0.000000e+00 0.000000e+00 0.000000e+00 0.000000e+00 0.000000e+00 0.000000e+00 0.000000e+00 0.000000e+00 0.000000e+00 0.000000e+00 0.000000e+00 0.000000e+00 0.000000e+00 0.000000e+00 0.000000e+00 0.000000e+00 0.000000e+00 0.000000e+00 0.000000e+00 0.000000e+00 0.000000e+00 0.000000e+00 0.000000e+00 0.000000e+00
 0.000000e+00 0.000000e+00 0.000000e+00 0.000000e+00 0.000000e+00 3.770242e-01 6.229758e-01 0.000000e+00 0.000000e+00 0.000000e+00 0.000000e+00 0.000000e+00 0.000000e+00 0.000000e+00 0.000000e+00 0.000000e+00 0.000000e+00 0.000000e+00 0.000000e+00 0.000000e+00 0.000000e+00 0.000000e+00 0.000000e+00 0.000000e+00 0.000000e+00 0.000000e+00 0.000000e+00 0.000000e+00 0.000000e+00 0.000000e+00 0.000000e+00 0.000000e+00 0.000000e+00 0.000000e+00 0.000000e+00 0.000000e+00 0.000000e+00
 0.000000e+00 0.000000e+00 0.000000e+00 0.000000e+00 0.000000e+00 0.000000e+00 2.864787e-01 7.135213e-01 0.000000e+00 0.000000e+00 0.000000e+00 0.000000e+00 0.000000e+00 0.000000e+00 0.000000e+00 0.000000e+00 0.000000e+00 0.000000e+00 0.000000e+00 0.000000e+00 0.000000e+00 0.000000e+00 0.000000e+00 0.000000e+00 0.000000e+00 0.000000e+00 0.000000e+00 0.000000e+00 0.000000e+00 0.000000e+00 0.000000e+00 0.000000e+00 0.000000e+00 0.000000e+00 0.000000e+00 0.000000e+00 0.000000e+00
 0.000000e+00 0.000000e+00 0.000000e+00 0.000000e+00 0.000000e+00 0.000000e+00 0.000000e+00 2.856093e-01 7.143908e-01 0.000000e+00 0.000000e+00 0.000000e+00 0.000000e+00 0.000000e+00 0.000000e+00 0.000000e+00 0.000000e+00 0.000000e+00 0.000000e+00 0.000000e+00 0.000000e+00 0.000000e+00 0.000000e+00 0.000000e+00 0.000000e+00 0.000000e+00 0.000000e+00 0.000000e+00 0.000000e+00 0.000000e+00 0.000000e+00 0.000000e+00 0.000000e+00 0.000000e+00 0.000000e+00 0.000000e+00 0.000000e+00
 0.000000e+00 0.000000e+00 0.000000e+00 0.000000e+00 0.000000e+00 0.000000e+00 0.000000e+00 0.000000e+00 2.862603e-01 7.137397e-01 0.000000e+00 0.000000e+00 0.000000e+00 0.000000e+00 0.000000e+00 0.000000e+00 0.000000e+00 0.000000e+00 0.000000e+00 0.000000e+00 0.000000e+00 0.000000e+00 0.000000e+00 0.000000e+00 0.000000e+00 0.000000e+00 0.000000e+00 0.000000e+00 0.000000e+00 0.000000e+00 0.000000e+00 0.000000e+00 0.000000e+00 0.000000e+00 0.000000e+00 0.000000e+00 0.000000e+00
 0.000000e+00 0.000000e+00 0.000000e+00 0.000000e+00 0.000000e+00 0.000000e+00 0.000000e+00 0.000000e+00 0.000000e+00 6.148866e-01 3.851134e-01 0.000000e+00 0.000000e+00 0.000000e+00 0.000000e+00 0.000000e+00 0.000000e+00 0.000000e+00 0.000000e+00 0.000000e+00 0.000000e+00 0.000000e+00 0.000000e+00 0.000000e+00 0.000000e+00 0.000000e+00 0.000000e+00 0.000000e+00 0.000000e+00 0.000000e+00 0.000000e+00 0.000000e+00 0.000000e+00 0.000000e+00 0.000000e+00 0.000000e+00 0.000000e+00
 0.000000e+00 0.000000e+00 0.000000e+00 0.000000e+00 0.000000e+00 0.000000e+00 0.000000e+00 0.000000e+00 0.000000e+00 0.000000e+00 5.005690e-01 4.994310e-01 0.000000e+00 0.000000e+00 0.000000e+00 0.000000e+00 0.000000e+00 0.000000e+00 0.000000e+00 0.000000e+00 0.000000e+00 0.000000e+00 0.000000e+00 0.000000e+00 0.000000e+00 0.000000e+00 0.000000e+00 0.000000e+00 0.000000e+00 0.000000e+00 0.000000e+00 0.000000e+00 0.000000e+00 0.000000e+00 0.000000e+00 0.000000e+00 0.000000e+00
 0.000000e+00 0.000000e+00 0.000000e+00 0.000000e+00 0.000000e+00 0.000000e+00 0.000000e+00 0.000000e+00 0.000000e+00 0.000000e+00 0.000000e+00 3.750772e-01 6.249228e-01 0.000000e+00 0.000000e+00 0.000000e+00 0.000000e+00 0.000000e+00 0.000000e+00 0.000000e+00 0.000000e+00 0.000000e+00 0.000000e+00 0.000000e+00 0.000000e+00 0.000000e+00 0.000000e+00 0.000000e+00 0.000000e+00 0.000000e+00 0.000000e+00 0.000000e+00 0.000000e+00 0.000000e+00 0.000000e+00 0.000000e+00 0.000000e+00
 0.000000e+00 0.000000e+00 0.000000e+00 0.000000e+00 0.000000e+00 0.000000e+00 0.000000e+00 0.000000e+00 0.000000e+00 0.000000e+00 0.000000e+00 0.000000e+00 4.002819e-01 5.997182e-01 0.000000e+00 0.000000e+00 0.000000e+00 0.000000e+00 0.000000e+00 0.000000e+00 0.000000e+00 0.000000e+00 0.000000e+00 0.000000e+00 0.000000e+00 0.000000e+00 0.000000e+00 0.000000e+00 0.000000e+00 0.000000e+00 0.000000e+00 0.000000e+00 0.000000e+00 0.000000e+00 0.000000e+00 0.000000e+00 0.000000e+00
 0.000000e+00 0.000000e+00 0.000000e+00 0.000000e+00 0.000000e+00 0.000000e+00 0.000000e+00 0.000000e+00 0.000000e+00 0.000000e+00 0.000000e+00 0.000000e+00 0.000000e+00 2.890896e-01 7.109104e-01 0.000000e+00 0.000000e+00 0.000000e+00 0.000000e+00 0.000000e+00 0.000000e+00 0.000000e+00 0.000000e+00 0.000000e+00 0.000000e+00 0.000000e+00 0.000000e+00 0.000000e+00 0.000000e+00 0.000000e+00 0.000000e+00 0.000000e+00 0.000000e+00 0.000000e+00 0.000000e+00 0.000000e+00 0.000000e+00
 0.000000e+00 0.000000e+00 0.000000e+00 0.000000e+00 0.000000e+00 0.000000e+00 0.000000e+00 0.000000e+00 0.000000e+00 0.000000e+00 0.000000e+00 0.000000e+00 0.000000e+00 0.000000e+00 3.441751e-01 6.558250e-01 0.000000e+00 0.000000e+00 0.000000e+00 0.000000e+00 0.000000e+00 0.000000e+00 0.000000e+00 0.000000e+00 0.000000e+00 0.000000e+00 0.000000e+00 0.000000e+00 0.000000e+00 0.000000e+00 0.000000e+00 0.000000e+00 0.000000e+00 0.000000e+00 0.000000e+00 0.000000e+00 0.000000e+00
 0.000000e+00 0.000000e+00 0.000000e+00 0.000000e+00 0.000000e+00 0.000000e+00 0.000000e+00 0.000000e+00 0.000000e+00 0.000000e+00 0.000000e+00 0.000000e+00 0.000000e+00 0.000000e+00 0.000000e+00 2.858500e-01 7.141500e-01 0.000000e+00 0.000000e+00 0.000000e+00 0.000000e+00 0.000000e+00 0.000000e+00 0.000000e+00 0.000000e+00 0.000000e+00 0.000000e+00 0.000000e+00 0.000000e+00 0.000000e+00 0.000000e+00 0.000000e+00 0.000000e+00 0.000000e+00 0.000000e+00 0.000000e+00 0.000000e+00
 0.000000e+00 0.000000e+00 0.000000e+00 0.000000e+00 0.000000e+00 0.000000e+00 0.000000e+00 0.000000e+00 0.000000e+00 0.000000e+00 0.000000e+00 0.000000e+00 0.000000e+00 0.000000e+00 0.000000e+00 0.000000e+00 3.752477e-01 6.247523e-01 0.000000e+00 0.000000e+00 0.000000e+00 0.000000e+00 0.000000e+00 0.000000e+00 0.000000e+00 0.000000e+00 0.000000e+00 0.000000e+00 0.000000e+00 0.000000e+00 0.000000e+00 0.000000e+00 0.000000e+00 0.000000e+00 0.000000e+00 0.000000e+00 0.000000e+00
 0.000000e+00 0.000000e+00 0.000000e+00 0.000000e+00 0.000000e+00 0.000000e+00 0.000000e+00 0.000000e+00 0.000000e+00 0.000000e+00 0.000000e+00 0.000000e+00 0.000000e+00 0.000000e+00 0.000000e+00 0.000000e+00 0.000000e+00 3.750320e-01 6.249681e-01 0.000000e+00 0.000000e+00 0.000000e+00 0.000000e+00 0.000000e+00 0.000000e+00 0.000000e+00 0.000000e+00 0.000000e+00 0.000000e+00 0.000000e+00 0.000000e+00 0.000000e+00 0.000000e+00 0.000000e+00 0.000000e+00 0.000000e+00 0.000000e+00
 0.000000e+00 0.000000e+00 0.000000e+00 0.000000e+00 0.000000e+00 0.000000e+00 0.000000e+00 0.000000e+00 0.000000e+00 0.000000e+00 0.000000e+00 0.000000e+00 0.000000e+00 0.000000e+00 0.000000e+00 0.000000e+00 0.000000e+00 0.000000e+00 1.676702e-01 8.323299e-01 0.000000e+00 0.000000e+00 0.000000e+00 0.000000e+00 0.000000e+00 0.000000e+00 0.000000e+00 0.000000e+00 0.000000e+00 0.000000e+00 0.000000e+00 0.000000e+00 0.000000e+00 0.000000e+00 0.000000e+00 0.000000e+00 0.000000e+00
 0.000000e+00 0.000000e+00 0.000000e+00 0.000000e+00 0.000000e+00 0.000000e+00 0.000000e+00 0.000000e+00 0.000000e+00 0.000000e+00 0.000000e+00 0.000000e+00 0.000000e+00 0.000000e+00 0.000000e+00 0.000000e+00 0.000000e+00 0.000000e+00 0.000000e+00 3.744125e-01 6.255875e-01 0.000000e+00 0.000000e+00 0.000000e+00 0.000000e+00 0.000000e+00 0.000000e+00 0.000000e+00 0.000000e+00 0.000000e+00 0.000000e+00 0.000000e+00 0.000000e+00 0.000000e+00 0.000000e+00 0.000000e+00 0.000000e+00
 0.000000e+00 0.000000e+00 0.000000e+00 0.000000e+00 0.000000e+00 0.000000e+00 0.000000e+00 0.000000e+00 0.000000e+00 0.000000e+00 0.000000e+00 0.000000e+00 0.000000e+00 0.000000e+00 0.000000e+00 0.000000e+00 0.000000e+00 0.000000e+00 0.000000e+00 0.000000e+00 3.749821e-01 6.250178e-01 0.000000e+00 0.000000e+00 0.000000e+00 0.000000e+00 0.000000e+00 0.000000e+00 0.000000e+00 0.000000e+00 0.000000e+00 0.000000e+00 0.000000e+00 0.000000e+00 0.000000e+00 0.000000e+00 0.000000e+00
 0.000000e+00 0.000000e+00 0.000000e+00 0.000000e+00 0.000000e+00 0.000000e+00 0.000000e+00 0.000000e+00 0.000000e+00 0.000000e+00 0.000000e+00 0.000000e+00 0.000000e+00 0.000000e+00 0.000000e+00 0.000000e+00 0.000000e+00 0.000000e+00 0.000000e+00 0.000000e+00 0.000000e+00 2.853276e-01 7.146724e-01 0.000000e+00 0.000000e+00 0.000000e+00 0.000000e+00 0.000000e+00 0.000000e+00 0.000000e+00 0.000000e+00 0.000000e+00 0.000000e+00 0.000000e+00 0.000000e+00 0.000000e+00 0.000000e+00
 0.000000e+00 0.000000e+00 0.000000e+00 0.000000e+00 0.000000e+00 0.000000e+00 0.000000e+00 0.000000e+00 0.000000e+00 0.000000e+00 0.000000e+00 0.000000e+00 0.000000e+00 0.000000e+00 0.000000e+00 0.000000e+00 0.000000e+00 0.000000e+00 0.000000e+00 0.000000e+00 0.000000e+00 0.000000e+00 3.913783e-01 6.086217e-01 0.000000e+00 0.000000e+00 0.000000e+00 0.000000e+00 0.000000e+00 0.000000e+00 0.000000e+00 0.000000e+00 0.000000e+00 0.000000e+00 0.000000e+00 0.000000e+00 0.000000e+00
 0.000000e+00 0.000000e+00 0.000000e+00 0.000000e+00 0.000000e+00 0.000000e+00 0.000000e+00 0.000000e+00 0.000000e+00 0.000000e+00 0.000000e+00 0.000000e+00 0.000000e+00 0.000000e+00 0.000000e+00 0.000000e+00 0.000000e+00 0.000000e+00 0.000000e+00 0.000000e+00 0.000000e+00 0.000000e+00 0.000000e+00 3.759703e-01 6.240298e-01 0.000000e+00 0.000000e+00 0.000000e+00 0.000000e+00 0.000000e+00 0.000000e+00 0.000000e+00 0.000000e+00 0.000000e+00 0.000000e+00 0.000000e+00 0.000000e+00
 0.000000e+00 0.000000e+00 0.000000e+00 0.000000e+00 0.000000e+00 0.000000e+00 0.000000e+00 0.000000e+00 0.000000e+00 0.000000e+00 0.000000e+00 0.000000e+00 0.000000e+00 0.000000e+00 0.000000e+00 0.000000e+00 0.000000e+00 0.000000e+00 0.000000e+00 0.000000e+00 0.000000e+00 0.000000e+00 0.000000e+00 0.000000e+00 4.871231e-01 5.128770e-01 0.000000e+00 0.000000e+00 0.000000e+00 0.000000e+00 0.000000e+00 0.000000e+00 0.000000e+00 0.000000e+00 0.000000e+00 0.000000e+00 0.000000e+00
 0.000000e+00 0.000000e+00 0.000000e+00 0.000000e+00 0.000000e+00 0.000000e+00 0.000000e+00 0.000000e+00 0.000000e+00 0.000000e+00 0.000000e+00 0.000000e+00 0.000000e+00 0.000000e+00 0.000000e+00 0.000000e+00 0.000000e+00 0.000000e+00 0.000000e+00 0.000000e+00 0.000000e+00 0.000000e+00 0.000000e+00 0.000000e+00 0.000000e+00 2.883399e-01 7.116601e-01 0.000000e+00 0.000000e+00 0.000000e+00 0.000000e+00 0.000000e+00 0.000000e+00 0.000000e+00 0.000000e+00 0.000000e+00 0.000000e+00
 0.000000e+00 0.000000e+00 0.000000e+00 0.000000e+00 0.000000e+00 0.000000e+00 0.000000e+00 0.000000e+00 0.000000e+00 0.000000e+00 0.000000e+00 0.000000e+00 0.000000e+00 0.000000e+00 0.000000e+00 0.000000e+00 0.000000e+00 0.000000e+00 0.000000e+00 0.000000e+00 0.000000e+00 0.000000e+00 0.000000e+00 0.000000e+00 0.000000e+00 0.000000e+00 2.909060e-01 7.090940e-01 0.000000e+00 0.000000e+00 0.000000e+00 0.000000e+00 0.000000e+00 0.000000e+00 0.000000e+00 0.000000e+00 0.000000e+00
 0.000000e+00 0.000000e+00 0.000000e+00 0.000000e+00 0.000000e+00 0.000000e+00 0.000000e+00 0.000000e+00 0.000000e+00 0.000000e+00 0.000000e+00 0.000000e+00 0.000000e+00 0.000000e+00 0.000000e+00 0.000000e+00 0.000000e+00 0.000000e+00 0.000000e+00 0.000000e+00 0.000000e+00 0.000000e+00 0.000000e+00 0.000000e+00 0.000000e+00 0.000000e+00 0.000000e+00 3.721843e-01 6.278157e-01 0.000000e+00 0.000000e+00 0.000000e+00 0.000000e+00 0.000000e+00 0.000000e+00 0.000000e+00 0.000000e+00
 0.000000e+00 0.000000e+00 0.000000e+00 0.000000e+00 0.000000e+00 0.000000e+00 0.000000e+00 0.000000e+00 0.000000e+00 0.000000e+00 0.000000e+00 0.000000e+00 0.000000e+00 0.000000e+00 0.000000e+00 0.000000e+00 0.000000e+00 0.000000e+00 0.000000e+00 0.000000e+00 0.000000e+00 0.000000e+00 0.000000e+00 0.000000e+00 0.000000e+00 0.000000e+00 0.000000e+00 0.000000e+00 4.435869e-01 5.564131e-01 0.000000e+00 0.000000e+00 0.000000e+00 0.000000e+00 0.000000e+00 0.000000e+00 0.000000e+00
 0.000000e+00 0.000000e+00 0.000000e+00 0.000000e+00 0.000000e+00 0.000000e+00 0.000000e+00 0.000000e+00 0.000000e+00 0.000000e+00 0.000000e+00 0.000000e+00 0.000000e+00 0.000000e+00 0.000000e+00 0.000000e+00 0.000000e+00 0.000000e+00 0.000000e+00 0.000000e+00 0.000000e+00 0.000000e+00 0.000000e+00 0.000000e+00 0.000000e+00 0.000000e+00 0.000000e+00 0.000000e+00 0.000000e+00 3.700185e-01 6.299815e-01 0.000000e+00 0.000000e+00 0.000000e+00 0.000000e+00 0.000000e+00 0.000000e+00
 0.000000e+00 0.000000e+00 0.000000e+00 0.000000e+00 0.000000e+00 0.000000e+00 0.000000e+00 0.000000e+00 0.000000e+00 0.000000e+00 0.000000e+00 0.000000e+00 0.000000e+00 0.000000e+00 0.000000e+00 0.000000e+00 0.000000e+00 0.000000e+00 0.000000e+00 0.000000e+00 0.000000e+00 0.000000e+00 0.000000e+00 0.000000e+00 0.000000e+00 0.000000e+00 0.000000e+00 0.000000e+00 0.000000e+00 0.000000e+00 3.795165e-01 6.204835e-01 0.000000e+00 0.000000e+00 0.000000e+00 0.000000e+00 0.000000e+00
 0.000000e+00 0.000000e+00 0.000000e+00 0.000000e+00 0.000000e+00 0.000000e+00 0.000000e+00 0.000000e+00 0.000000e+00 0.000000e+00 0.000000e+00 0.000000e+00 0.000000e+00 0.000000e+00 0.000000e+00 0.000000e+00 0.000000e+00 0.000000e+00 0.000000e+00 0.000000e+00 0.000000e+00 0.000000e+00 0.000000e+00 0.000000e+00 0.000000e+00 0.000000e+00 0.000000e+00 0.000000e+00 0.000000e+00 0.000000e+00 0.000000e+00 2.861841e-01 7.138159e-01 0.000000e+00 0.000000e+00 0.000000e+00 0.000000e+00
 0.000000e+00 0.000000e+00 0.000000e+00 0.000000e+00 0.000000e+00 0.000000e+00 0.000000e+00 0.000000e+00 0.000000e+00 0.000000e+00 0.000000e+00 0.000000e+00 0.000000e+00 0.000000e+00 0.000000e+00 0.000000e+00 0.000000e+00 0.000000e+00 0.000000e+00 0.000000e+00 0.000000e+00 0.000000e+00 0.000000e+00 0.000000e+00 0.000000e+00 0.000000e+00 0.000000e+00 0.000000e+00 0.000000e+00 0.000000e+00 0.000000e+00 0.000000e+00 2.857115e-01 7.142885e-01 0.000000e+00 0.000000e+00 0.000000e+00
 0.000000e+00 0.000000e+00 0.000000e+00 0.000000e+00 0.000000e+00 0.000000e+00 0.000000e+00 0.000000e+00 0.000000e+00 0.000000e+00 0.000000e+00 0.000000e+00 0.000000e+00 0.000000e+00 0.000000e+00 0.000000e+00 0.000000e+00 0.000000e+00 0.000000e+00 0.000000e+00 0.000000e+00 0.000000e+00 0.000000e+00 0.000000e+00 0.000000e+00 0.000000e+00 0.000000e+00 0.000000e+00 0.000000e+00 0.000000e+00 0.000000e+00 0.000000e+00 0.000000e+00 3.749965e-01 6.250035e-01 0.000000e+00 0.000000e+00
 0.000000e+00 0.000000e+00 0.000000e+00 0.000000e+00 0.000000e+00 0.000000e+00 0.000000e+00 0.000000e+00 0.000000e+00 0.000000e+00 0.000000e+00 0.000000e+00 0.000000e+00 0.000000e+00 0.000000e+00 0.000000e+00 0.000000e+00 0.000000e+00 0.000000e+00 0.000000e+00 0.000000e+00 0.000000e+00 0.000000e+00 0.000000e+00 0.000000e+00 0.000000e+00 0.000000e+00 0.000000e+00 0.000000e+00 0.000000e+00 0.000000e+00 0.000000e+00 0.000000e+00 0.000000e+00 3.749853e-01 6.250147e-01 0.000000e+00
 0.000000e+00 0.000000e+00 0.000000e+00 0.000000e+00 0.000000e+00 0.000000e+00 0.000000e+00 0.000000e+00 0.000000e+00 0.000000e+00 0.000000e+00 0.000000e+00 0.000000e+00 0.000000e+00 0.000000e+00 0.000000e+00 0.000000e+00 0.000000e+00 0.000000e+00 0.000000e+00 0.000000e+00 0.000000e+00 0.000000e+00 0.000000e+00 0.000000e+00 0.000000e+00 0.000000e+00 0.000000e+00 0.000000e+00 0.000000e+00 0.000000e+00 0.000000e+00 0.000000e+00 0.000000e+00 0.000000e+00 2.857359e-01 7.142642e-01
 0.000000e+00 0.000000e+00 0.000000e+00 0.000000e+00 0.000000e+00 0.000000e+00 0.000000e+00 0.000000e+00 0.000000e+00 0.000000e+00 0.000000e+00 0.000000e+00 0.000000e+00 0.000000e+00 0.000000e+00 0.000000e+00 0.000000e+00 0.000000e+00 0.000000e+00 0.000000e+00 0.000000e+00 0.000000e+00 0.000000e+00 0.000000e+00 0.000000e+00 0.000000e+00 0.000000e+00 0.000000e+00 0.000000e+00 0.000000e+00 0.000000e+00 0.000000e+00 0.000000e+00 0.000000e+00 0.000000e+00 0.000000e+00 0.000000e+00
<ENDHMM>
