~o
<STREAMINFO> 1 39
<VECSIZE> 39<NULLD><MFCC_E_D_A><DIAGC>
~h "Lui"
<BEGINHMM>
<NUMSTATES> 5
<STATE> 2
<MEAN> 39
 2.540810e-01 -7.521036e+00 -1.109562e+01 -5.089987e+00 -4.451582e+00 -1.013109e+01 -4.235515e+00 -5.440348e+00 5.613173e+00 -1.057662e+00 8.806382e-01 -5.028924e+00 3.852625e-01 8.602577e-01 -4.430263e-02 -1.996850e+00 -7.807562e-01 -1.114793e+00 -7.838389e-01 -1.265128e+00 -5.935931e-01 1.164599e+00 8.409148e-01 -2.921345e-01 -1.787273e-01 9.007514e-02 -6.312166e-02 -1.449043e-01 -1.375464e-02 -2.459054e-01 7.875986e-02 7.027048e-02 -6.657826e-02 7.579629e-02 2.647856e-02 2.267840e-01 -1.249272e-02 1.667843e-01 5.453938e-03
<VARIANCE> 39
 3.677664e+01 3.926820e+00 9.591077e+01 2.876446e+01 2.843289e+01 3.373513e+01 4.577393e+01 3.771249e+01 3.851914e+01 2.111157e+01 2.533979e+01 1.711878e+01 1.336493e-01 3.632860e+00 6.506957e-01 4.037265e+00 3.266969e+00 1.473828e+00 3.951696e+00 2.633656e+00 3.589262e+00 2.723201e+00 3.688397e+00 2.767761e+00 3.214859e+00 5.000000e-02 7.272784e-01 1.333598e-01 9.996424e-01 9.196897e-01 4.636517e-01 7.745992e-01 5.136945e-01 8.041863e-01 5.739888e-01 5.891687e-01 7.293561e-01 6.196243e-01 5.000000e-02
<GCONST> 1.093989e+02
<STATE> 3
<MEAN> 39
 1.248496e+00 -1.456131e+01 -7.906976e+00 -2.021488e+01 -7.957524e+00 -1.091905e+01 -7.454587e+00 1.107805e+00 3.974672e+00 1.235637e+01 -2.539752e+00 -2.378496e+00 8.758149e-01 8.649415e-02 -2.358816e-01 8.259327e-01 -1.499162e-01 -4.856247e-02 1.147060e-01 3.000798e-01 1.347597e-02 -4.361559e-01 2.642115e-02 -1.416923e-01 -9.407119e-02 -1.341201e-02 4.451984e-02 1.031210e-01 -6.140853e-02 1.687483e-01 3.676674e-02 -6.166634e-03 4.557876e-03 -6.502637e-02 -8.602449e-03 -1.664278e-01 3.579344e-02 -1.072485e-01 -4.234996e-03
<VARIANCE> 39
 1.719576e+01 1.729511e+01 9.320803e+01 5.024034e+01 5.680595e+01 5.363486e+01 6.919128e+01 5.497922e+01 3.274239e+01 3.412846e+01 4.051141e+01 2.330311e+01 5.000000e-02 4.155660e-01 1.585993e+00 1.967571e+00 4.585787e+00 4.027797e+00 3.755202e+00 4.200137e+00 4.718487e+00 3.273549e+00 4.881015e+00 3.375438e+00 3.336389e+00 5.000000e-02 8.861388e-02 2.210132e-01 3.302821e-01 4.414199e-01 6.489037e-01 5.798780e-01 7.312669e-01 6.827170e-01 6.852571e-01 8.957592e-01 6.817566e-01 7.225066e-01 5.000000e-02
<GCONST> 1.109231e+02
<STATE> 4
<MEAN> 39
 7.824476e-01 -1.010447e+01 -3.599380e+00 -5.919603e+00 -4.497421e+00 -8.756640e+00 -1.981572e+00 -4.337237e+00 2.673199e+00 3.398501e+00 2.440517e+00 -4.522447e+00 2.674997e-01 -6.039110e-01 2.978384e-01 -1.539180e-01 5.972410e-01 6.756989e-01 2.273401e-01 2.522743e-01 2.609315e-01 9.157574e-02 -2.595421e-01 5.453940e-01 1.621198e-01 -3.538267e-02 -5.327119e-02 -8.540279e-02 9.725512e-02 -1.581431e-01 -1.298655e-01 -5.649000e-02 1.990406e-02 4.592056e-02 -8.164881e-03 1.055762e-01 -7.263044e-02 8.025650e-02 1.803958e-03
<VARIANCE> 39
 1.497610e+01 7.888988e+00 9.424631e+00 1.448605e+01 2.095741e+01 1.682720e+01 1.225133e+01 1.623065e+01 2.150483e+01 1.583009e+01 2.014084e+01 1.557303e+01 5.000000e-02 6.241954e-01 7.577261e-01 1.318846e+00 1.833283e+00 1.676370e+00 2.438863e+00 1.132668e+00 1.924464e+00 2.371402e+00 1.899889e+00 1.810702e+00 1.949459e+00 5.000000e-02 1.301250e-01 1.166774e-01 2.291153e-01 3.226302e-01 2.615659e-01 4.860664e-01 2.403854e-01 4.413110e-01 5.005973e-01 4.015925e-01 3.303482e-01 4.808862e-01 5.000000e-02
<GCONST> 8.566060e+01
<TRANSP> 5
 0.000000e+00 1.000000e+00 0.000000e+00 0.000000e+00 0.000000e+00
 0.000000e+00 9.045289e-01 9.547109e-02 0.000000e+00 0.000000e+00
 0.000000e+00 0.000000e+00 9.598920e-01 4.010805e-02 0.000000e+00
 0.000000e+00 0.000000e+00 0.000000e+00 9.350355e-01 6.496456e-02
 0.000000e+00 0.000000e+00 0.000000e+00 0.000000e+00 0.000000e+00
<ENDHMM>
