~o
<STREAMINFO> 1 39
<VECSIZE> 39<NULLD><MFCC_E_D_A><DIAGC>
~h "Mo^t"
<BEGINHMM>
<NUMSTATES> 37
<STATE> 2
<MEAN> 39
 -6.956074e+00 -9.935740e+00 -1.595635e+00 -2.394332e+00 3.957861e-01 -4.365366e+00 2.147673e+00 -1.855111e+00 5.406172e-01 -1.549573e+00 2.933650e+00 -2.532904e-01 -5.715886e-02 -2.231165e-02 2.806639e-01 1.693674e-01 -5.037213e-02 -6.589312e-01 -4.355389e-01 -2.766651e-01 -1.982503e-01 3.265529e-01 8.332301e-01 -1.290686e-01 -1.639850e-01 6.773168e-03 6.051587e-01 3.859009e-01 -3.034693e-01 -4.403585e-01 -2.212905e-01 -2.688361e-01 -3.628971e-01 -3.623272e-01 -2.520444e-01 -2.851265e-01 -4.102100e-01 -5.391887e-01 2.561157e-02
<VARIANCE> 39
 2.679774e+00 4.123358e+00 1.109612e+01 6.572274e+00 1.907283e+00 3.741260e+00 1.447079e+01 1.605744e+01 3.562946e+00 1.224718e+01 9.014439e+00 1.545833e+01 5.000000e-02 5.015709e-01 3.247634e-01 3.327404e-01 8.504296e-01 8.172540e-01 7.204055e-01 1.256628e+00 1.061555e+00 7.385442e-01 2.279731e+00 1.815494e+00 1.535876e+00 5.000000e-02 7.118873e-02 5.000000e-02 1.638898e-01 1.396779e-01 6.422500e-02 2.677365e-01 1.349560e-01 2.612755e-01 1.113180e-01 2.816426e-01 2.024423e-01 3.100808e-01 5.000000e-02
<GCONST> 6.068199e+01
<STATE> 3
<MEAN> 39
 -6.726920e+00 -8.882490e+00 -1.868053e+00 -2.851288e+00 -6.220450e-01 -4.647473e+00 1.597536e+00 -1.039783e+00 1.483515e+00 1.094091e+00 1.811036e+00 -2.798302e+00 -3.844276e-02 2.002373e+00 1.203261e+00 -1.043417e+00 -1.905656e+00 -7.657667e-01 -7.858724e-01 -1.407040e+00 -1.227029e+00 -6.690850e-01 -6.302528e-01 -8.892006e-01 -1.290945e+00 8.007608e-02 9.988749e-01 8.902833e-02 -4.397023e-01 -4.948047e-01 -9.711652e-02 -1.852247e-01 -4.217502e-01 -5.382826e-01 -2.347259e-01 -4.866969e-01 -3.208352e-01 -2.318780e-01 4.019386e-02
<VARIANCE> 39
 2.313880e+00 3.178979e+00 4.056772e+00 5.294376e+00 2.795193e+00 6.591582e+00 1.512614e+01 8.354321e+00 2.342618e+00 1.313789e+01 1.107799e+01 2.644846e+00 5.000000e-02 1.124461e+00 1.006279e-01 7.984477e-01 8.041556e-01 2.992118e-01 9.750400e-01 5.244585e-01 5.565203e-01 6.918762e-01 1.218502e+00 9.645473e-01 9.999126e-01 5.000000e-02 1.150902e-01 6.027786e-02 7.838472e-02 2.473495e-01 1.474177e-01 1.346590e-01 2.246265e-01 1.133113e-01 1.897005e-01 4.016078e-01 5.825127e-01 5.714577e-01 5.000000e-02
<GCONST> 5.683859e+01
<STATE> 4
<MEAN> 39
 -6.358503e-01 -5.691234e+00 -4.600305e+00 -8.549665e+00 -2.662878e+00 -7.570612e+00 -3.194145e+00 -6.759551e+00 -1.552581e+00 -4.333341e+00 -1.438699e+00 -5.276808e+00 1.926554e-01 3.173783e+00 5.571796e-01 -1.602837e+00 -1.623755e+00 -1.086660e+00 -1.171613e+00 -1.985220e+00 -2.059717e+00 -7.330715e-01 -4.662812e-01 -1.156565e+00 -1.900313e+00 1.307654e-01 2.663377e-01 -4.260632e-01 -2.344647e-01 1.371459e-01 -8.078115e-02 1.581135e-01 2.188974e-02 1.550669e-02 -6.995839e-02 5.840445e-02 1.032823e-01 2.486020e-01 1.332517e-02
<VARIANCE> 39
 1.167317e+01 1.303616e+00 6.333874e+00 2.805906e+00 7.832904e+00 8.084473e+00 6.772737e+00 9.142053e+00 8.927899e+00 3.567208e+00 5.112666e+00 1.407281e+01 5.000000e-02 1.032600e+00 3.396870e-01 1.094407e+00 7.907789e-01 7.771425e-01 1.107811e+00 8.469432e-01 8.667483e-01 1.348518e+00 9.131051e-01 2.496187e+00 3.433865e+00 5.000000e-02 8.639711e-02 5.000000e-02 1.545232e-01 5.000000e-02 1.123154e-01 1.507241e-01 3.347179e-01 2.696255e-01 1.159414e-01 1.389447e-01 1.622005e-01 2.114920e-01 5.000000e-02
<GCONST> 6.071412e+01
<STATE> 5
<MEAN> 39
 6.301058e+00 -5.375145e+00 -8.463070e+00 -1.033245e+01 -5.268274e+00 -9.847657e+00 -4.938177e+00 -8.547760e+00 -2.379526e+00 -2.442493e+00 -3.519546e+00 -1.081509e+01 4.947486e-01 2.512517e+00 -1.203537e-01 -1.186039e+00 -7.470931e-01 -1.407452e+00 -8.449597e-01 -7.390708e-01 -1.361232e+00 -7.436613e-01 -7.195782e-01 -6.881610e-01 -4.440261e-01 1.088428e-01 -7.542254e-01 -4.610796e-01 -1.952047e-01 1.147871e-01 3.885394e-01 9.178525e-01 7.152970e-01 7.293529e-01 1.458736e-01 -1.059473e-02 4.490902e-01 8.870050e-01 -1.738402e-02
<VARIANCE> 39
 2.009871e+01 9.962656e-01 9.464690e+00 3.787873e+00 3.577594e+00 1.485517e+01 7.022628e+00 9.976663e+00 2.574759e+01 1.555578e+01 9.996067e+00 1.455026e+01 5.000000e-02 1.212288e+00 3.868336e-01 4.505827e-01 7.583523e-01 5.037184e-01 4.272513e-01 1.472219e+00 5.488354e-01 8.514465e-01 3.293215e-01 1.127235e+00 1.109231e+00 5.000000e-02 1.876927e-01 5.000000e-02 4.375228e-01 3.401015e-01 2.197280e-01 2.176117e-01 2.197584e-01 4.479373e-01 1.327217e-01 1.299850e-01 3.752590e-01 1.966620e-01 5.000000e-02
<GCONST> 6.523401e+01
<STATE> 6
<MEAN> 39
 7.459300e+00 -7.750486e+00 -7.988046e+00 -9.640041e+00 -6.008971e+00 -9.372546e+00 -6.671657e+00 -1.016846e+01 -2.810452e+00 -4.864192e+00 -2.601378e+00 -5.592104e+00 5.541689e-01 1.490067e+00 -9.146420e-01 -2.966122e+00 -2.239498e+00 -8.171027e-02 1.986533e+00 1.461171e-01 2.778272e-01 -4.097771e-01 -7.869738e-01 -6.917097e-01 9.801139e-01 1.055805e-01 -1.157500e+00 -2.204329e-01 -1.009133e+00 -7.248365e-01 1.150868e+00 1.573699e+00 1.111359e+00 1.036717e+00 1.146083e-01 -2.032623e-02 1.232793e-01 2.554803e-01 -1.106039e-02
<VARIANCE> 39
 5.417370e+00 1.010633e+01 5.521295e+00 1.028906e+01 1.050456e+01 1.106924e+01 2.949648e+01 1.406302e+01 1.633504e+01 9.861219e+00 5.224708e+00 1.300411e+01 5.000000e-02 1.138475e+00 3.957397e-01 3.706290e+00 1.826003e+00 8.910058e-01 3.683674e+00 6.274295e+00 5.046558e+00 8.548945e-01 1.267095e+00 1.055936e+00 3.199326e-01 5.000000e-02 1.227451e-01 8.193424e-02 1.765436e-01 3.954500e-01 2.725337e-01 2.828307e-01 3.056924e-01 3.034037e-01 3.546319e-01 3.225040e-01 8.855865e-02 6.330962e-02 5.000000e-02
<GCONST> 7.601580e+01
<STATE> 7
<MEAN> 39
 9.256285e+00 -8.226102e+00 -1.320834e+01 -1.722076e+01 -6.532361e+00 -1.881429e+00 -5.951180e+00 -1.023165e+01 -1.828911e+00 -4.406057e+00 -4.296715e+00 -4.041722e+00 7.069079e-01 -1.063063e+00 -8.229398e-01 -4.291913e+00 -3.450813e+00 2.706665e+00 4.384778e+00 2.192048e+00 2.334540e+00 -1.010758e-01 -6.701065e-01 4.317056e-01 9.686243e-01 8.735956e-02 -1.186477e+00 -7.685309e-02 -4.139557e-01 9.764689e-02 1.389181e+00 5.367798e-01 6.876048e-01 5.876342e-01 1.596181e-03 2.495893e-01 3.846385e-01 -1.253561e-01 -1.145296e-02
<VARIANCE> 39
 4.937077e+00 8.086128e+00 2.796167e+01 2.565400e+01 3.020672e+00 7.736758e+01 3.691188e+01 4.886150e+01 4.301553e+01 1.536381e+01 1.486016e+01 1.879812e+01 5.000000e-02 8.377794e-01 1.013487e-01 2.770798e+00 4.026782e+00 1.804142e+00 3.339867e+00 4.420341e+00 2.392733e+00 1.983491e+00 1.889341e+00 5.260091e-01 2.173650e-01 5.000000e-02 5.000000e-02 1.930161e-01 7.097810e-01 2.537068e-01 2.972143e-01 1.479141e+00 2.849564e-01 8.119483e-01 2.950925e-01 2.154603e-01 1.806123e-01 1.390859e-01 5.000000e-02
<GCONST> 8.620293e+01
<STATE> 8
<MEAN> 39
 6.362387e+00 -9.444551e+00 -2.305134e+01 -1.924545e+01 3.538296e-01 1.290607e+00 1.819639e+00 -4.561031e+00 -3.387525e+00 -6.428653e+00 -2.621919e+00 -4.668066e+00 8.072549e-01 -2.004581e+00 -1.476692e+00 -4.278065e+00 -2.001378e+00 4.127023e+00 4.555398e+00 2.553551e+00 1.982161e+00 -1.354515e-01 1.714729e-01 1.955290e-01 1.788682e-01 6.209014e-02 -3.521580e-01 5.807259e-02 8.176963e-01 4.379073e-01 1.139682e-01 -2.030838e-01 -5.193127e-01 -1.735360e-01 -1.061228e-01 3.634471e-01 4.971547e-02 -4.091143e-01 -1.296745e-02
<VARIANCE> 39
 2.164979e+01 1.339940e+01 3.747405e+01 3.699973e+01 2.348139e+01 1.004767e+02 1.052424e+02 4.041265e+01 1.324345e+01 2.279787e+01 3.609704e+00 1.553186e+01 5.000000e-02 8.016710e-01 8.389090e-01 1.427863e+00 2.999637e+00 2.397817e+00 3.813073e+00 3.564028e+00 2.838937e+00 2.512669e+00 9.685444e-01 7.742089e-01 1.601197e+00 5.000000e-02 1.286795e-01 1.748231e-01 1.080869e+00 4.397904e-01 2.508974e-01 1.462840e+00 2.264845e+00 8.835346e-01 5.659334e-01 3.521086e-01 5.000000e-02 7.995267e-02 5.000000e-02
<GCONST> 9.616058e+01
<STATE> 9
<MEAN> 39
 1.092260e+00 -1.228371e+01 -2.597712e+01 -2.122703e+01 7.820897e+00 9.181914e+00 2.459027e+00 -1.532956e+00 -3.972414e+00 -6.060768e+00 -2.642470e+00 -4.848388e+00 8.910896e-01 -1.943497e+00 -3.678652e-01 -1.488071e+00 -6.524875e-01 2.264640e+00 2.316924e+00 1.314009e+00 2.670662e-01 -1.220176e-01 3.722206e-01 5.596985e-01 5.907671e-03 3.718724e-02 4.412314e-01 4.657915e-01 1.287197e+00 4.417618e-01 -1.290053e+00 -1.332504e+00 -6.527903e-01 -6.876678e-01 -3.103065e-02 3.128992e-01 1.557615e-01 -2.328319e-03 -1.402282e-02
<VARIANCE> 39
 1.660761e+01 4.167444e+00 1.583956e+01 3.217146e+01 3.290377e+01 5.352672e+00 5.682471e+01 3.562588e+01 9.240066e+00 9.400416e+00 1.676083e+01 7.233095e+01 5.000000e-02 1.052891e+00 1.132116e+00 3.489238e+00 6.565520e-01 3.044012e+00 7.643125e+00 5.041761e+00 3.166379e+00 1.606341e+00 1.438849e+00 3.437638e-01 8.341852e-01 5.000000e-02 7.241289e-02 5.806784e-02 2.124117e-01 4.107195e-01 1.608964e-01 5.343746e-01 4.947860e-01 6.625521e-01 5.173365e-01 3.649203e-01 1.394343e-01 2.858789e-01 5.000000e-02
<GCONST> 8.765112e+01
<STATE> 10
<MEAN> 39
 -9.708278e-01 -1.096013e+01 -2.614425e+01 -2.323362e+01 8.329095e+00 1.131403e+01 2.568705e+00 -4.072997e+00 -2.858410e+00 -3.783636e+00 -4.112495e-01 -2.735044e+00 9.360414e-01 -5.561853e-01 4.493206e-01 -3.868419e-02 -1.108990e+00 -3.553278e-01 5.417216e-01 -1.888565e-01 1.892424e-01 -5.661408e-01 1.003385e+00 8.131980e-01 -3.860314e-02 2.014562e-02 4.863769e-01 1.512645e-01 4.288005e-01 -1.355048e-01 -8.386495e-01 -6.715788e-01 -5.053726e-01 3.154461e-01 -2.579475e-01 9.915352e-02 1.427579e-01 -1.571245e-02 -6.590363e-03
<VARIANCE> 39
 2.355777e+01 2.608686e+00 2.065813e+01 3.945249e+01 3.984636e+01 1.061778e+01 2.475550e+01 1.794636e+01 4.442111e+00 2.410293e+00 1.068035e+01 4.879951e+01 5.000000e-02 2.948877e-01 5.674633e-01 7.689782e-01 6.058931e-01 4.124236e-01 5.562994e-01 4.151894e+00 4.712695e+00 1.985311e+00 1.448150e+00 9.235719e-01 1.337759e+00 5.000000e-02 9.042116e-02 6.990246e-02 3.678828e-01 1.414051e-01 1.410825e-01 1.260767e+00 1.902856e-01 9.889572e-02 5.047582e-02 1.103789e-01 1.034028e-01 1.343287e-01 5.000000e-02
<GCONST> 7.131390e+01
<STATE> 11
<MEAN> 39
 5.664945e-01 -1.096767e+01 -2.614260e+01 -2.404963e+01 4.758549e+00 9.952606e+00 3.287441e+00 -3.834223e-01 -6.602946e+00 -1.397480e+00 -6.021584e-01 -4.968442e+00 9.545550e-01 -2.741933e-01 1.354645e-01 2.807202e-03 -1.127104e+00 -6.259406e-01 -8.996726e-01 -4.421428e-01 1.226146e+00 -1.042922e+00 7.590216e-01 1.302938e+00 3.669929e-01 1.524719e-02 1.278104e-01 1.658900e-01 -1.281487e-01 3.370931e-01 -3.809353e-01 -5.630452e-01 2.288131e-01 -1.288999e-01 4.203557e-01 -5.706156e-01 1.106818e-01 1.910362e-01 -5.134711e-03
<VARIANCE> 39
 1.978547e+01 2.295027e+00 9.396650e+00 3.981416e+01 4.811514e+01 8.099648e+00 3.915786e+01 1.726865e+01 2.337904e+01 7.616578e+00 5.261362e+00 3.228466e+01 5.000000e-02 1.202572e-01 1.632708e-01 1.109545e+00 9.464052e-01 4.180017e-01 1.536501e+00 4.341184e-01 1.306520e+00 1.865307e+00 9.992546e-01 4.554659e-01 3.869515e-01 5.000000e-02 1.167722e-01 1.299685e-01 2.417638e-01 6.923493e-01 1.366365e-01 3.589119e-01 1.164907e+00 9.057585e-01 4.893979e-01 2.973184e-01 1.194576e-01 2.160666e-01 5.000000e-02
<GCONST> 7.470328e+01
<STATE> 12
<MEAN> 39
 -1.758306e+00 -1.060418e+01 -2.445658e+01 -2.794730e+01 6.850855e+00 9.315030e+00 7.734455e-02 -1.385303e+00 -6.680727e+00 -2.878276e+00 2.497615e+00 -2.408137e+00 9.721377e-01 -8.713587e-02 2.410101e-01 -7.091203e-02 -4.704632e-01 -1.020072e+00 -6.476922e-01 1.250242e-01 1.042527e+00 -2.245097e-01 1.655438e-01 8.150463e-01 -1.079481e-02 5.560542e-03 1.457277e-01 -3.351729e-02 1.424603e-01 3.221200e-01 -2.009267e-01 1.012612e-01 2.086860e-01 1.028701e-01 3.839617e-01 2.957299e-02 -3.003964e-01 5.661633e-02 -2.580767e-03
<VARIANCE> 39
 1.457635e+01 5.043569e+00 1.178686e+01 1.722394e+01 2.903833e+01 1.892904e+01 3.120139e+01 2.154237e+01 1.595121e+01 3.957170e+00 6.785017e+00 3.806428e+01 5.000000e-02 5.265325e-01 4.958806e-01 1.345684e+00 3.465882e+00 5.723380e-01 1.580287e+00 1.935541e+00 1.248106e+00 8.325440e-01 7.247051e-01 6.154502e-01 7.437007e-01 5.000000e-02 5.000000e-02 5.882530e-02 9.448674e-02 1.385230e-01 2.196801e-01 3.413125e-01 1.820195e-01 2.618907e-01 2.381841e-01 2.022172e-01 1.252383e-01 7.888325e-02 5.000000e-02
<GCONST> 7.106206e+01
<STATE> 13
<MEAN> 39
 -2.583993e-01 -9.498474e+00 -2.890763e+01 -2.344290e+01 1.895920e+00 6.289781e+00 4.603520e+00 1.842481e+00 -5.302733e+00 -2.968610e+00 3.232321e+00 -3.756322e+00 9.808325e-01 2.480605e-01 2.984425e-01 5.543282e-01 4.998512e-01 -1.801998e+00 8.438010e-01 2.380314e-01 4.514407e-01 1.179111e+00 -1.209081e-01 -4.304074e-02 7.995137e-01 6.242236e-03 2.224253e-01 -1.810629e-01 6.900811e-01 -3.328623e-02 -3.145148e-01 6.147931e-01 -1.014505e-01 1.693195e-01 -1.604243e-02 3.768072e-01 -7.858562e-01 1.301525e-01 -2.761547e-03
<VARIANCE> 39
 4.848190e+00 5.228245e+00 3.063193e+01 1.934216e+01 5.249632e+01 3.718138e+01 2.378671e+01 2.226560e+01 1.564440e+01 1.484427e+01 2.495151e+00 1.608752e+01 5.000000e-02 4.366208e-01 5.000000e-02 8.190429e-01 1.943679e+00 1.241976e+00 2.905080e+00 1.316856e+00 1.429625e+00 1.264852e+00 2.156332e+00 1.628120e+00 8.974953e-01 5.000000e-02 5.000000e-02 6.695542e-02 4.348459e-01 5.382325e-01 2.500015e-01 4.599237e-01 3.870731e-01 3.457384e-01 1.481933e-01 2.176435e-01 6.785311e-02 8.830523e-02 5.000000e-02
<GCONST> 7.535748e+01
<STATE> 14
<MEAN> 39
 -3.061595e-01 -9.585099e+00 -2.525308e+01 -2.452714e+01 -6.248347e-01 1.016063e+01 3.944018e+00 9.640084e-01 -3.337491e+00 -2.184988e+00 3.457666e+00 -3.057199e+00 9.839050e-01 4.417191e-01 -2.363061e-01 1.583523e+00 -4.829650e-01 -1.725139e+00 6.189345e-01 1.407686e-01 1.283675e+00 3.102492e-01 1.284969e+00 -1.280913e+00 8.417302e-01 1.545929e-03 3.101799e-02 -2.477906e-01 2.439086e-01 -1.903883e-01 -1.379683e-01 -3.988420e-01 -2.925037e-01 2.887260e-01 -3.364967e-01 2.062643e-01 -7.290007e-01 8.775045e-02 -3.215067e-03
<VARIANCE> 39
 4.111132e+00 3.055590e+00 1.980461e+01 3.132483e+01 7.949052e+01 4.768139e+01 3.097460e+01 7.126132e+00 1.076507e+01 1.614310e+01 1.927932e+01 2.102399e+01 5.000000e-02 4.102590e-01 1.040080e-01 1.979656e+00 1.216625e+00 1.361364e+00 3.530790e+00 1.380054e+00 1.364052e+00 5.000000e-02 1.919602e-01 6.732264e-01 1.367716e+00 5.000000e-02 5.000000e-02 7.129958e-02 1.363420e-01 3.810356e-01 4.205580e-01 3.861009e-01 1.030360e-01 2.897569e-01 2.097397e-01 4.867198e-01 2.423485e-01 9.706569e-02 5.000000e-02
<GCONST> 7.169423e+01
<STATE> 15
<MEAN> 39
 9.670261e-01 -1.102339e+01 -2.328602e+01 -2.580530e+01 -2.923275e+00 1.024520e+01 3.382292e+00 5.826645e+00 -4.501326e+00 1.774472e-01 -5.129679e-01 -2.507765e+00 9.805244e-01 3.381799e-01 -5.588588e-01 1.544685e+00 -1.364012e-01 -2.308600e+00 -2.991803e-01 -5.134034e-01 1.799989e+00 -1.243850e-01 6.469100e-01 -1.871590e+00 5.108847e-01 -2.078847e-03 -4.335242e-02 -2.561125e-02 -2.843779e-02 3.756775e-02 1.301392e-01 -8.081887e-01 -1.036790e-01 9.289782e-02 -1.807015e-01 -1.072987e-01 -3.086048e-01 -2.468163e-02 -2.870453e-03
<VARIANCE> 39
 7.410881e+00 4.971433e+00 9.202060e+00 3.766065e+01 6.573495e+01 5.627722e+01 3.447182e+01 7.881114e+00 5.926421e+00 1.284215e+01 1.164640e+01 3.928178e+01 5.000000e-02 1.298128e-01 3.735999e-01 7.451315e-01 5.909646e-01 1.689947e+00 1.012790e+00 7.561986e-01 1.233684e+00 5.223320e-01 1.401852e+00 4.972332e-01 1.136339e+00 5.000000e-02 5.407895e-02 5.000000e-02 1.278676e-01 3.811817e-01 3.035547e-01 4.640481e-01 1.735642e-01 1.015675e-01 1.006019e-01 2.475734e-01 1.636011e-01 1.383819e-01 5.000000e-02
<GCONST> 6.974895e+01
<STATE> 16
<MEAN> 39
 5.904236e-01 -1.006502e+01 -2.060587e+01 -2.610629e+01 -3.902348e+00 8.411616e+00 2.939907e+00 6.225688e+00 -5.939670e+00 8.136072e-01 -1.923246e+00 3.753334e-01 9.769103e-01 1.450583e-01 -1.442094e-02 8.227347e-01 -4.362808e-01 -1.312946e+00 -2.083042e+00 -2.902564e-01 1.169721e+00 -1.851664e-01 8.242838e-01 -1.785400e+00 8.404733e-01 -9.272781e-03 -6.303627e-02 1.664327e-01 -3.196170e-01 -5.828092e-02 4.091983e-01 -8.606949e-01 -1.255318e-01 -9.209412e-02 -6.551681e-02 -1.304217e-01 1.981691e-02 -7.154373e-04 -4.365213e-03
<VARIANCE> 39
 3.416213e+00 3.811566e+00 5.732674e+00 2.362296e+01 4.910552e+01 2.117478e+01 2.112663e+01 6.877457e+00 1.635050e+01 4.505202e+00 7.329352e-01 3.830485e+01 5.000000e-02 1.899841e-01 2.405249e-01 4.211444e-01 1.289425e+00 1.200111e+00 7.882254e-01 2.364013e-01 1.142833e+00 7.537792e-01 2.577768e+00 8.807447e-01 1.433475e-01 5.000000e-02 5.000000e-02 7.146484e-02 1.217663e-01 9.490166e-02 1.981416e-01 3.194558e-01 2.740018e-01 5.000000e-02 1.694160e-01 1.465749e-01 8.556374e-02 1.597787e-01 5.000000e-02
<GCONST> 5.812592e+01
<STATE> 17
<MEAN> 39
 1.597356e+00 -1.189319e+01 -1.962976e+01 -2.546065e+01 -8.012175e+00 3.770781e+00 2.429456e+00 9.623693e+00 -4.197975e+00 8.519671e-01 -6.443095e+00 -5.516478e-01 9.618443e-01 3.232481e-01 2.793990e-01 8.044601e-01 2.547459e-03 -6.210131e-01 -3.074596e+00 -2.682718e-01 1.606986e+00 -6.003149e-01 4.791754e-01 -1.799758e+00 5.380479e-01 -1.217303e-02 4.316673e-02 2.200779e-01 -1.600104e-01 -6.041554e-03 6.902784e-01 -2.568535e-01 2.541601e-01 -4.958973e-02 -1.520398e-01 -7.439664e-02 5.013937e-01 9.481575e-02 -4.040255e-03
<VARIANCE> 39
 5.981481e+00 5.951488e+00 1.365416e+01 2.577391e+01 4.082148e+01 4.021174e+01 3.332784e+01 2.900600e+01 1.744926e+01 9.662010e+00 1.284545e+01 4.232449e+01 5.000000e-02 5.321968e-01 2.194657e-01 7.525213e-01 2.244533e+00 2.113208e+00 7.017125e-01 1.232236e+00 1.117446e+00 1.514389e+00 4.476831e-01 5.820450e-01 6.130884e-01 5.000000e-02 5.000000e-02 7.157970e-02 5.000000e-02 7.284644e-02 5.790268e-02 1.220380e-01 1.270472e-01 3.567236e-01 3.749441e-01 1.841827e-01 2.229218e-01 1.616383e-01 5.000000e-02
<GCONST> 7.021009e+01
<STATE> 18
<MEAN> 39
 9.010237e-01 -9.666707e+00 -1.941796e+01 -2.980700e+01 -4.564205e+00 -8.038393e-01 -8.069556e-01 9.258150e+00 -7.097305e+00 3.152866e+00 -7.268089e+00 3.124089e+00 9.182956e-01 6.672766e-02 5.349462e-01 4.530060e-01 -5.852513e-01 8.601112e-01 -3.011602e+00 7.797562e-01 1.522789e+00 -2.058522e-01 4.554525e-01 -5.468240e-01 9.629155e-01 -2.387420e-02 9.704242e-02 -1.525422e-01 2.767475e-02 4.188475e-01 3.678472e-01 9.324326e-02 9.422137e-01 -3.612414e-01 3.693763e-01 -2.867366e-01 5.445771e-01 -3.882921e-02 -6.164245e-03
<VARIANCE> 39
 3.947478e+00 6.383311e+00 7.451157e+00 4.455508e+01 3.715597e+01 3.503376e+01 5.238443e+01 2.996384e+01 3.304505e+00 4.283690e+00 1.639274e+01 3.541272e+01 5.000000e-02 6.755002e-01 1.741000e-01 2.302695e-01 3.006081e+00 5.539364e-01 9.627455e-01 2.972911e+00 6.473771e-01 2.121865e+00 3.310373e-01 3.125070e-01 8.983552e-01 5.000000e-02 1.394951e-01 1.673803e-01 5.000000e-02 4.306894e-01 2.497574e-01 2.357482e-01 3.996564e-01 4.615377e-01 5.966877e-02 1.603253e-01 8.767708e-02 1.965391e-01 5.000000e-02
<GCONST> 7.033170e+01
<STATE> 19
<MEAN> 39
 2.987106e+00 -9.700798e+00 -1.681332e+01 -2.495077e+01 -6.247598e+00 -5.843005e+00 5.253847e+00 1.524451e+01 -6.603293e+00 1.456985e+00 -7.945847e+00 1.963308e+00 9.086857e-01 3.869682e-01 -1.646005e-01 8.440889e-01 1.921163e-01 8.491746e-01 -2.468629e+00 1.880829e+00 -3.727589e-01 6.703086e-01 -2.461743e-01 -1.915836e-01 1.215626e+00 -2.967078e-02 1.319949e-01 -4.049035e-01 9.675452e-03 3.811064e-01 -2.771871e-01 5.300723e-01 2.910192e-02 -1.203721e+00 6.125619e-01 -3.330288e-01 3.567618e-01 -4.830308e-01 -1.286785e-02
<VARIANCE> 39
 5.512029e+00 4.322992e+00 1.688629e+01 6.348254e+01 3.545074e+01 2.988244e+01 1.472107e+01 1.353253e+01 1.654778e+01 7.050719e+00 2.120865e+01 2.814717e+01 5.000000e-02 3.116395e-01 8.667350e-01 2.304229e-01 6.592496e-01 2.666439e-01 6.185137e-01 2.596590e+00 2.737818e+00 2.575775e+00 1.864696e-01 1.402475e+00 9.300830e-01 5.000000e-02 1.310618e-01 7.307116e-02 7.221972e-02 8.679693e-01 3.208658e-01 2.242362e-01 3.118825e-01 7.852113e-02 4.939398e-01 1.350664e-01 2.176687e-01 3.085069e-01 5.000000e-02
<GCONST> 7.357977e+01
<STATE> 20
<MEAN> 39
 2.240999e+00 -1.068321e+01 -1.655449e+01 -2.803534e+01 -1.263625e+00 -1.049622e+01 1.003632e+01 1.075595e+01 -3.754059e+00 2.483923e+00 -7.872217e+00 6.536440e+00 8.068855e-01 1.261908e+00 -1.358954e+00 7.225066e-01 2.519691e+00 -8.609750e-01 -4.344799e-01 9.804747e-01 -2.765330e+00 1.377597e+00 -1.288601e+00 1.500322e+00 -1.509237e+00 -7.138097e-02 1.747663e-01 -1.080939e-01 -2.372332e-01 8.213953e-01 -5.348726e-01 1.203293e+00 -1.350140e+00 -8.442943e-01 -7.902808e-02 -4.558746e-01 7.334652e-01 -8.345585e-01 -1.387132e-02
<VARIANCE> 39
 3.221397e+00 4.811091e+00 2.792692e+01 1.617735e+01 4.165135e+01 1.885109e+01 1.257165e+01 1.244585e+01 1.444700e+01 8.547482e+00 4.150628e+01 1.100798e+01 5.000000e-02 4.732683e-01 5.512596e-01 1.029725e+00 4.641580e+00 7.299485e-01 1.701009e+00 2.283077e+00 3.593421e-01 2.013949e+00 1.431763e+00 2.365510e+00 1.316785e+00 5.000000e-02 1.339686e-01 2.358846e-01 1.142823e-01 2.417369e-01 3.768333e-01 1.139458e-01 1.092997e-01 1.761844e-01 3.243760e-01 1.038740e-01 4.522349e-01 9.097876e-02 5.000000e-02
<GCONST> 7.591510e+01
<STATE> 21
<MEAN> 39
 4.923510e+00 -1.331009e+01 -1.630397e+01 -2.177380e+01 -6.505649e+00 -7.783001e+00 7.676103e+00 4.664262e+00 -3.133922e-01 2.583224e-01 -5.009181e+00 9.792306e-02 6.936859e-01 8.245649e-01 -5.368839e-01 1.020040e-01 2.661886e+00 -5.034563e-01 8.517384e-01 -1.424776e+00 -3.248308e+00 8.510958e-01 -1.807145e+00 2.052431e+00 -2.072336e+00 -8.191438e-02 -1.868457e-01 4.556242e-01 -2.825945e-01 3.650104e-01 2.774490e-01 7.769779e-01 -7.809049e-01 1.473686e-01 -4.192424e-01 -3.059596e-02 3.465573e-01 -6.468596e-02 -1.837377e-03
<VARIANCE> 39
 1.183843e+00 2.640110e+00 1.730422e+01 1.603490e+01 1.640446e+01 3.680566e+01 4.504233e+00 2.579704e+01 1.980051e+01 7.034732e+00 5.506762e+01 1.213241e+00 5.000000e-02 4.131559e-01 1.038780e+00 3.835119e-01 3.176208e+00 3.504323e+00 8.958350e-01 9.437649e-01 2.285945e-01 2.562014e+00 1.013122e-01 2.669312e+00 8.269162e-01 5.000000e-02 1.001602e-01 1.036101e-01 1.297985e-01 5.010868e-01 1.395168e-01 2.151637e-01 3.076966e-01 1.623991e-01 5.144979e-01 3.240438e-01 4.172400e-01 3.072561e-01 5.000000e-02
<GCONST> 7.050823e+01
<STATE> 22
<MEAN> 39
 5.369937e+00 -1.341905e+01 -1.657701e+01 -1.782482e+01 -6.375816e+00 -6.116663e+00 4.432774e+00 1.968778e+00 -3.195112e+00 -3.134484e+00 5.199062e-01 -1.050846e+00 5.699065e-01 4.700976e-01 -1.080543e-01 -3.504171e-01 2.528802e+00 2.765872e-02 1.450438e+00 -1.586264e+00 -2.246396e+00 4.734217e-01 -9.335990e-01 1.985441e+00 -9.522516e-01 -6.337649e-02 -3.831613e-01 2.634377e-01 -1.743630e-01 -4.857626e-01 7.439417e-01 2.523634e-01 2.089439e-01 5.454298e-01 -1.257823e-01 4.942092e-01 -4.266618e-01 5.045191e-01 1.297142e-02
<VARIANCE> 39
 1.629465e+00 2.135322e+00 1.590016e+01 1.432729e+01 2.597732e+01 3.056463e+01 7.088291e+00 1.799012e+01 1.159129e+01 7.648350e+00 3.156631e+01 5.754450e+00 5.000000e-02 5.818003e-01 8.633139e-01 5.161117e-01 1.461471e+00 3.678946e+00 1.590485e-01 1.685044e+00 7.472643e-01 1.596822e+00 1.719582e+00 2.135025e+00 1.733697e+00 5.000000e-02 5.000000e-02 9.199079e-02 1.820844e-01 4.294023e-01 2.853712e-01 2.506865e-01 3.031930e-01 1.089784e-01 2.508012e-01 1.302913e-01 1.152664e+00 1.601554e-01 5.000000e-02
<GCONST> 7.253172e+01
<STATE> 23
<MEAN> 39
 6.524191e+00 -1.209700e+01 -1.661346e+01 -1.376341e+01 -5.064222e+00 -5.391733e+00 2.540175e+00 -1.353180e+00 3.134659e-01 -3.653739e+00 6.325098e-01 -1.215227e+00 5.056361e-01 -3.078361e-01 7.744148e-02 -5.631452e-01 1.096153e+00 1.285272e+00 1.490566e+00 -3.305551e-01 -1.394776e+00 5.602338e-01 -2.238770e-02 1.336455e+00 -3.088981e-01 -4.640695e-02 -3.921356e-01 -1.553765e-01 4.134768e-02 -8.005244e-01 1.829510e-01 -4.028376e-02 5.552696e-01 6.347695e-01 -1.314571e-01 4.861574e-01 -4.870912e-01 2.060891e-01 1.437431e-02
<VARIANCE> 39
 3.454360e+00 8.620258e+00 8.420142e+00 5.288039e+00 1.654261e+01 1.772742e+01 5.975243e+00 2.698337e+01 4.654182e+00 1.777415e+01 2.765969e+01 1.686289e+01 5.000000e-02 2.870620e-01 2.756874e-01 1.312744e+00 1.606253e+00 1.447241e+00 1.139638e+00 1.311372e+00 1.155141e+00 2.063138e+00 1.315150e+00 2.086082e+00 6.746730e-01 5.000000e-02 9.806947e-02 1.639212e-01 1.198352e-01 3.480852e-01 3.759432e-01 5.081217e-02 1.023409e-01 1.228786e-01 1.325179e-01 4.703668e-01 1.829940e-01 3.451204e-01 5.000000e-02
<GCONST> 7.049065e+01
<STATE> 24
<MEAN> 39
 4.787308e+00 -1.205728e+01 -1.725847e+01 -1.426736e+01 -1.453081e+00 -9.790731e-01 5.264395e+00 -9.292745e-01 -1.141406e+00 -4.398960e+00 1.540616e+00 -2.551470e+00 4.644212e-01 -7.870361e-01 -5.133554e-01 1.849134e-01 1.992163e-01 9.102765e-01 1.285264e+00 1.645660e-01 -3.161004e-01 2.433994e-02 4.823141e-01 1.306673e-01 -3.153100e-01 -2.227365e-02 -1.181574e-01 -4.866293e-02 1.673693e-01 -4.434240e-01 -3.949753e-01 -2.836133e-01 7.147187e-02 5.852224e-01 -2.047513e-01 8.576412e-02 -3.273487e-01 1.910776e-02 1.001189e-02
<VARIANCE> 39
 1.260668e+00 1.395843e+00 8.487339e+00 9.456891e-01 1.207936e+01 1.097067e+01 1.082644e+01 5.163816e+01 9.304891e+00 6.711532e+00 2.729400e+01 7.920972e+00 5.000000e-02 3.724288e-01 7.211925e-01 2.084925e+00 3.454316e+00 3.601048e-01 1.528499e-01 8.860420e-02 6.573768e-01 1.224020e+00 3.802513e+00 3.261118e+00 1.221326e+00 5.000000e-02 5.527673e-02 5.000000e-02 2.316430e-01 1.193652e-01 1.819737e-01 1.170341e-01 6.012377e-02 4.561029e-01 6.011997e-01 1.725741e-01 1.018003e-01 8.671229e-02 5.000000e-02
<GCONST> 5.997779e+01
<STATE> 25
<MEAN> 39
 3.459804e+00 -1.479253e+01 -1.685160e+01 -1.372379e+01 -3.792118e-01 -1.024532e-01 2.607342e+00 -3.522766e+00 -1.503483e+00 -2.187319e+00 2.412721e+00 -1.732022e+00 4.359399e-01 -5.750664e-01 -2.477242e-01 1.243956e-01 5.824740e-02 -7.208583e-02 4.555908e-01 6.660662e-02 4.956515e-01 5.945988e-01 2.870446e-01 -2.762591e-01 -1.108899e-01 -1.796658e-02 -4.388162e-02 3.358397e-01 -2.878293e-03 -3.907904e-01 -5.364079e-01 -3.842785e-01 1.007915e-01 5.568868e-01 -5.988609e-02 -2.992658e-02 -9.709664e-03 9.407400e-02 6.117919e-04
<VARIANCE> 39
 9.314103e-01 2.351194e+00 8.456958e+00 1.496824e+01 1.604807e+01 1.761622e+01 8.769360e+00 1.465515e+01 2.604067e+01 9.243088e+00 1.490026e+01 5.042059e+00 5.000000e-02 1.096983e-01 2.871216e-01 9.261613e-01 1.145653e+00 5.866666e-01 5.530696e-01 4.006176e-01 1.758350e+00 7.965924e-01 8.286908e-01 2.019214e+00 8.244559e-01 5.000000e-02 7.619382e-02 8.365341e-02 4.100799e-01 4.191164e-01 1.246092e-01 9.888921e-02 9.972566e-02 1.856041e-01 8.701946e-01 4.135285e-01 1.478526e-01 1.517847e-01 5.000000e-02
<GCONST> 6.381656e+01
<STATE> 26
<MEAN> 39
 3.598338e+00 -1.270381e+01 -1.750586e+01 -1.464419e+01 -3.956669e+00 -1.875838e+00 5.223498e+00 -5.919150e-01 1.973256e+00 -1.239347e+00 1.451902e+00 -3.299635e+00 4.275049e-01 -7.762229e-01 8.677346e-01 2.671191e-01 -6.924558e-01 -8.076140e-02 3.946410e-01 4.805744e-02 1.540240e+00 -1.671293e+00 -7.107481e-01 4.245007e-01 -4.735518e-01 -1.313473e-02 3.116574e-02 2.072143e-01 4.589700e-01 8.855320e-02 2.378640e-02 -3.545083e-01 -1.609523e-01 2.860342e-01 -3.597408e-01 -4.496279e-01 -3.522430e-01 -4.196988e-02 -7.529476e-04
<VARIANCE> 39
 3.018091e+00 7.725559e+00 9.750981e+00 7.532515e+00 1.517507e+01 2.025144e+01 9.380974e+00 1.205936e+01 1.042085e+01 4.843623e+00 1.273313e+01 7.797980e+00 5.000000e-02 1.063754e+00 5.000000e-02 1.933868e+00 3.614281e-01 1.892707e+00 5.511395e-01 2.296029e+00 3.261695e+00 5.243023e+00 2.191325e+00 1.193424e+00 2.428968e-01 5.000000e-02 7.365415e-02 1.210935e-01 4.501283e-01 3.431990e-01 8.793288e-02 5.000000e-02 1.315838e-01 1.963055e-01 5.326151e-01 3.000997e-01 2.847061e-01 1.186486e-01 5.000000e-02
<GCONST> 6.818653e+01
<STATE> 27
<MEAN> 39
 1.921568e+00 -1.182369e+01 -1.744103e+01 -1.668931e+01 -2.074173e+00 -5.237548e-01 5.503545e+00 4.646548e+00 -3.921395e+00 -4.325511e+00 2.783396e+00 -2.914742e+00 3.982557e-01 -7.732729e-01 3.471977e-01 5.947287e-01 -4.764358e-01 -2.195545e-01 -5.679709e-01 -1.765849e-01 1.064600e+00 -5.426453e-01 -5.176943e-01 -4.106071e-01 1.288510e-02 -2.418661e-02 1.021872e-01 -1.758460e-01 2.473577e-01 3.279240e-01 -3.785637e-02 -8.217207e-02 -9.770642e-03 -5.069945e-01 7.607594e-01 1.722337e-01 -2.267757e-01 8.307467e-02 -2.817216e-03
<VARIANCE> 39
 4.990785e+00 4.727372e+00 3.438342e+00 8.711841e+00 3.031147e+00 8.675619e-01 2.050238e+01 3.865161e+01 1.614348e+01 2.443689e+01 1.843404e+01 1.724385e+01 5.000000e-02 2.115860e-01 8.676453e-01 3.439582e+00 2.335533e+00 1.591522e+00 2.891000e-01 8.907995e-01 1.137080e+00 3.353868e+00 1.250572e+00 6.996396e-01 1.290217e+00 5.000000e-02 1.709700e-01 5.734055e-02 1.596162e-01 1.767788e-01 8.595774e-02 1.184472e-01 2.202597e-01 4.899474e-01 1.056234e+00 3.173768e-01 2.422244e-01 2.359878e-01 5.000000e-02
<GCONST> 7.062699e+01
<STATE> 28
<MEAN> 39
 5.003152e-01 -1.047192e+01 -1.249250e+01 -1.558439e+01 -4.001833e+00 -3.209543e+00 1.764339e+00 4.224375e+00 -3.268750e+00 -5.539124e+00 -5.454504e-01 -3.701655e+00 3.721569e-01 3.063215e-02 7.403212e-02 1.087102e+00 7.348621e-01 -3.379944e-01 -6.635202e-01 2.650342e-01 -6.886961e-01 2.204537e+00 4.585147e-01 -1.182977e+00 -3.453423e-01 -2.322268e-02 3.675583e-01 -1.929129e-01 -1.995452e-01 5.334694e-01 8.083669e-02 1.395302e-01 3.915350e-01 -7.712122e-01 6.316149e-01 1.998808e-01 1.891974e-01 1.047260e-01 1.170412e-05
<VARIANCE> 39
 5.525713e+00 2.930293e+00 2.639914e+01 1.138916e+01 2.507996e+00 1.055913e+01 2.669184e+01 5.752677e+01 2.613921e+01 1.929594e+01 5.653274e+00 1.012801e+01 5.000000e-02 9.138597e-01 9.858274e-01 1.041616e+00 1.537826e+00 7.336854e-01 4.879609e-01 7.372910e-01 2.457175e+00 5.680471e+00 7.404426e-01 8.463707e-01 2.253371e+00 5.000000e-02 2.123605e-01 1.004340e-01 7.833033e-01 4.275138e-01 2.148924e-01 1.011774e-01 2.544397e-01 7.449300e-01 1.290763e+00 5.095874e-01 9.125443e-02 5.954942e-02 5.000000e-02
<GCONST> 7.801309e+01
<STATE> 29
<MEAN> 39
 9.951355e-01 -1.181439e+01 -1.430513e+01 -1.525455e+01 -3.680580e+00 -9.726123e-01 5.556830e+00 1.189686e+00 2.362935e+00 -2.904358e+00 1.493134e-01 -2.529590e+00 3.003202e-01 -1.593202e-01 -8.094757e-02 5.592921e-01 8.432195e-01 1.582843e-01 3.848079e-01 6.333442e-01 -4.098093e-01 6.122727e-01 -2.611630e-01 2.088155e-01 1.007260e-01 -2.011196e-02 -2.357550e-02 -1.191807e-01 -6.467496e-02 3.674020e-01 3.448849e-01 1.441237e-01 -5.966485e-03 -1.939500e-01 -4.951701e-01 -7.465975e-02 3.545775e-01 -9.688262e-02 2.932600e-03
<VARIANCE> 39
 2.675372e+00 2.628577e+00 9.395709e+00 1.099909e+00 4.712972e+00 6.038271e+00 3.836657e+00 1.411690e+01 1.697971e+01 1.335386e+01 5.929838e+00 5.001808e+00 5.000000e-02 6.431633e-01 3.928759e-01 1.972055e+00 1.531531e+00 3.638303e-01 4.830557e-01 6.856560e-01 2.254735e+00 2.945109e+00 1.361058e+00 6.637843e-01 6.592487e-01 5.000000e-02 6.717188e-02 1.879792e-01 5.798899e-01 2.041959e-01 1.039387e-01 9.495581e-02 5.000000e-02 5.000000e-02 3.547159e-01 2.196590e-01 8.012315e-02 2.600451e-01 5.000000e-02
<GCONST> 5.858019e+01
<STATE> 30
<MEAN> 39
 1.434392e+00 -1.185914e+01 -1.306114e+01 -1.144070e+01 -1.919783e+00 -1.028689e+00 5.834757e+00 5.242575e-01 2.069482e+00 -3.763051e+00 1.145249e-01 -4.385215e+00 3.139258e-01 -2.335427e-01 2.281795e-01 6.427843e-01 1.278882e+00 3.709019e-01 4.201271e-01 6.784307e-01 -5.786397e-01 -8.507847e-01 -6.330597e-01 8.032575e-01 -1.138946e-01 -1.526183e-02 -2.643645e-01 1.491343e-01 2.245521e-01 -1.928340e-01 -4.888662e-02 -5.121851e-02 -1.654225e-01 2.469732e-01 -6.946924e-01 -1.982847e-01 -6.897201e-02 5.777535e-02 -4.602392e-03
<VARIANCE> 39
 4.787453e+00 6.461626e+00 7.300021e+00 1.071822e+01 1.217337e+00 2.908814e+01 8.477778e+00 3.054833e+00 2.806480e+01 2.425033e+00 9.622380e+00 2.197934e+01 5.000000e-02 3.820834e-01 5.432591e-01 3.312436e+00 1.174034e+00 3.306654e-01 3.776291e-01 8.723102e-01 7.315505e-01 1.378462e+00 6.388548e-01 1.804330e-01 8.596864e-01 5.000000e-02 1.519986e-01 1.388774e-01 1.644101e-01 5.429376e-01 5.000000e-02 3.962316e-01 6.471128e-02 2.399313e-01 1.070156e+00 2.168022e-01 2.171022e-01 1.438233e-01 5.000000e-02
<GCONST> 6.285446e+01
<STATE> 31
<MEAN> 39
 -8.363801e-02 -1.182102e+01 -1.130509e+01 -9.969107e+00 -2.194602e+00 -9.212685e-01 5.775794e+00 -1.369132e+00 -8.963103e-01 -4.478154e+00 2.456086e+00 -3.664360e+00 2.495345e-01 -5.335634e-01 2.674049e-01 1.204322e+00 1.531819e+00 4.669354e-01 -4.106911e-01 -1.530831e-02 -3.578274e-01 -5.205713e-01 2.840710e-02 -1.064046e-01 -7.880062e-02 -2.976522e-02 -7.956327e-02 2.036017e-01 1.570266e-01 -2.364427e-01 -1.213263e-01 -3.287178e-01 -2.036403e-01 1.845898e-01 1.816557e-01 2.586162e-02 -2.737123e-01 1.622201e-01 -6.248292e-03
<VARIANCE> 39
 3.448659e+00 6.930256e+00 1.829375e+01 1.146408e+01 6.833418e+00 4.212554e+00 8.956590e+00 1.665587e+01 8.038748e+00 4.043757e+00 7.872786e+00 7.745346e+00 5.000000e-02 1.170671e-01 2.591120e-01 4.393569e-01 2.479530e+00 6.737728e-01 1.753957e+00 1.769309e+00 3.783506e-01 1.550767e+00 7.718677e-01 9.147228e-01 8.448474e-01 5.000000e-02 5.000000e-02 2.574418e-01 6.547627e-01 3.017833e-01 9.128922e-02 7.255711e-02 1.357821e-01 1.558781e-01 1.557474e-01 7.436185e-02 9.622382e-02 1.308251e-01 5.000000e-02
<GCONST> 5.976450e+01
<STATE> 32
<MEAN> 39
 -1.140734e+00 -1.117321e+01 -1.000503e+01 -9.374804e+00 -1.654094e+00 -1.602483e+00 6.858024e+00 5.441730e-01 -4.336908e-01 -4.629894e+00 4.726673e-01 -3.406446e+00 2.033418e-01 -8.069322e-01 3.520405e-01 1.074154e+00 4.049670e-01 2.278138e-01 -4.001955e-01 -3.821368e-01 -1.829299e-01 -8.691960e-02 -3.708326e-01 -4.663736e-01 2.252541e-03 -4.208098e-02 -8.594589e-02 5.761168e-02 -5.369710e-02 -1.165821e-01 2.720031e-02 -1.061831e-01 -3.319291e-01 -1.081260e-01 1.418731e-01 1.694494e-01 2.122391e-01 1.661647e-01 -3.001623e-03
<VARIANCE> 39
 2.612728e+00 2.453591e+00 6.936554e+00 1.476264e+01 4.213634e+00 3.541861e+00 1.069062e+01 9.838913e+00 5.462802e+00 1.138444e+01 1.446284e+01 1.312163e+01 5.000000e-02 1.443944e-01 1.715349e+00 1.604411e+00 6.635613e-01 4.347117e-01 8.239970e-01 1.332463e+00 1.049603e+00 7.114547e-01 6.747612e-01 9.121445e-01 3.642427e-01 5.000000e-02 5.000000e-02 1.040449e-01 2.266008e-01 4.436646e-01 1.404971e-01 1.559799e-01 2.024541e-01 1.199652e-01 8.533203e-02 3.467038e-01 2.836318e-01 1.394200e-01 5.000000e-02
<GCONST> 6.020655e+01
<STATE> 33
<MEAN> 39
 -1.431764e+00 -1.038227e+01 -7.817794e+00 -8.192327e+00 -2.486941e+00 -3.729971e+00 5.113379e+00 -8.922356e-01 -4.883730e-01 -6.807144e+00 -1.260358e+00 -3.037596e+00 1.525147e-01 -8.633983e-01 7.279670e-01 1.172549e+00 5.268781e-01 9.665544e-02 -6.161267e-01 -8.193353e-01 -4.432746e-01 -7.347863e-02 1.089984e-01 6.503847e-01 7.464988e-01 -4.193600e-02 -7.323617e-02 4.993232e-02 -5.238268e-03 -1.448524e-02 2.545963e-01 3.329355e-01 6.133474e-02 1.135157e-01 1.886390e-01 3.854748e-01 5.515818e-01 8.353093e-02 -9.544870e-04
<VARIANCE> 39
 3.404791e+00 1.051465e+01 4.688082e+00 3.734880e+00 6.486934e+00 9.352369e+00 6.800606e+00 4.652499e+00 6.678284e+00 1.741734e+01 1.242537e+01 7.007904e+00 5.000000e-02 2.233078e-01 3.477682e-01 9.904087e-01 1.459713e+00 1.021171e+00 4.682302e-01 4.577329e-01 5.875962e-01 2.988476e-01 8.783005e-01 1.603204e+00 3.690234e-01 5.000000e-02 5.000000e-02 2.297409e-01 1.672141e-01 5.964278e-02 1.684438e-01 3.153741e-01 6.809337e-02 1.480352e-01 1.253005e-01 1.647460e-01 1.399634e-01 8.901701e-02 5.000000e-02
<GCONST> 5.494087e+01
<STATE> 34
<MEAN> 39
 -3.632616e+00 -8.849812e+00 -6.177716e+00 -7.161248e+00 3.493434e-01 -3.056093e+00 2.749923e+00 -2.778430e+00 -9.429886e-01 -3.157569e+00 4.565791e+00 -1.207535e+00 6.635161e-02 -7.946770e-01 4.400362e-01 9.219868e-01 7.129793e-01 9.857171e-01 1.169682e-01 -1.735709e-01 -3.584135e-02 1.514231e-01 9.127724e-01 1.583163e+00 4.256230e-01 -3.062701e-02 8.632139e-02 -2.905753e-01 -3.932410e-01 -2.285866e-01 -1.552259e-01 1.647335e-01 3.324540e-01 2.763763e-01 2.965086e-01 -4.911265e-02 -4.202800e-01 -2.077171e-01 8.091353e-03
<VARIANCE> 39
 1.359339e+00 2.209922e+00 2.539287e+00 8.462224e+00 4.991749e+00 1.022912e+01 1.036915e+01 7.057756e+00 6.230844e+00 5.356049e+00 1.196091e+01 4.559490e+00 5.000000e-02 3.693640e-01 7.581391e-01 5.116697e-01 6.044803e-01 1.031834e+00 9.334125e-01 3.614266e-01 7.546484e-01 7.921277e-01 1.865928e+00 8.041788e-01 1.057464e+00 5.000000e-02 5.000000e-02 5.090707e-02 1.219439e-01 3.700176e-01 1.853248e-01 2.089345e-01 1.200946e-01 1.448319e-01 7.553513e-02 1.608537e-01 3.039837e-01 1.463264e-01 5.000000e-02
<GCONST> 5.513757e+01
<STATE> 35
<MEAN> 39
 -4.451690e+00 -8.403654e+00 -5.019877e+00 -6.461701e+00 1.179130e+00 -1.176958e+00 4.810917e+00 -9.045029e-01 -7.145746e-02 -3.954600e+00 3.778312e+00 -2.270815e+00 4.657796e-02 -5.907050e-01 -2.765403e-01 2.577303e-02 -2.343066e-02 -2.038904e-02 3.017281e-02 -1.611758e-01 2.871896e-01 1.033786e+00 2.637003e-01 -6.257059e-01 1.889191e-01 -1.883226e-02 1.428352e-01 -2.640137e-01 -3.272516e-01 -1.156370e-01 -3.317161e-01 -2.359766e-02 7.878910e-02 -2.550463e-02 -5.368134e-02 7.152965e-03 -3.933079e-01 6.226655e-02 3.732141e-03
<VARIANCE> 39
 1.333523e+00 7.044931e+00 1.165616e+01 2.408945e+00 1.102304e+01 4.554466e+00 5.388564e+00 1.200870e+01 5.873559e+00 9.338508e+00 2.452087e+01 1.194678e+01 5.000000e-02 1.634418e-01 7.410503e-02 3.438866e-01 9.740769e-01 1.126094e+00 1.606737e+00 6.913610e-01 1.555285e+00 8.156347e-01 8.019859e-01 1.493430e+00 6.915249e-01 5.000000e-02 5.000000e-02 6.698192e-02 1.098314e-01 1.317224e-01 1.476884e-01 1.903861e-01 1.595429e-01 1.559820e-01 1.807268e-01 1.404832e-01 1.959913e-01 1.300307e-01 5.000000e-02
<GCONST> 5.625891e+01
<STATE> 36
<MEAN> 39
 -4.904310e+00 -9.834226e+00 -6.522623e+00 -7.347690e+00 -1.492785e+00 -4.235816e+00 4.351444e+00 1.010442e+00 2.195624e+00 -3.315938e+00 2.320632e+00 -7.342505e-01 2.064888e-02 -2.933469e-01 -4.287483e-01 1.533139e-01 2.146106e-01 -3.726973e-02 2.019148e-01 7.387200e-02 -2.177641e-01 3.100347e-01 2.339341e-01 -4.732543e-01 5.552261e-02 -1.888372e-02 1.847813e-01 -9.601562e-03 9.232893e-02 2.396770e-01 2.244824e-01 1.407360e-01 -1.686457e-02 -4.066393e-01 -4.372897e-01 -8.584743e-02 7.367241e-02 -9.097857e-02 7.403481e-03
<VARIANCE> 39
 5.681704e-01 5.520101e-01 5.342905e+00 1.352274e+01 1.125521e+01 2.008219e+00 1.655414e+01 1.225002e+01 5.296760e+00 5.497388e+00 1.011628e+01 1.245391e+01 5.000000e-02 6.630685e-02 1.455494e-01 4.953576e-01 6.770059e-01 7.944798e-01 6.555125e-01 1.348685e+00 1.375328e+00 5.714673e-01 3.939215e-01 5.709856e-01 1.156594e+00 5.000000e-02 5.000000e-02 6.139786e-02 2.918980e-01 1.960494e-01 3.758868e-01 1.179260e-01 2.446761e-01 3.120184e-01 1.430771e-01 1.163774e-01 2.171288e-01 2.166031e-01 5.000000e-02
<GCONST> 5.328673e+01
<TRANSP> 37
 0.000000e+00 1.000000e+00 0.000000e+00 0.000000e+00 0.000000e+00 0.000000e+00 0.000000e+00 0.000000e+00 0.000000e+00 0.000000e+00 0.000000e+00 0.000000e+00 0.000000e+00 0.000000e+00 0.000000e+00 0.000000e+00 0.000000e+00 0.000000e+00 0.000000e+00 0.000000e+00 0.000000e+00 0.000000e+00 0.000000e+00 0.000000e+00 0.000000e+00 0.000000e+00 0.000000e+00 0.000000e+00 0.000000e+00 0.000000e+00 0.000000e+00 0.000000e+00 0.000000e+00 0.000000e+00 0.000000e+00 0.000000e+00 0.000000e+00
 0.000000e+00 5.000772e-01 4.999227e-01 0.000000e+00 0.000000e+00 0.000000e+00 0.000000e+00 0.000000e+00 0.000000e+00 0.000000e+00 0.000000e+00 0.000000e+00 0.000000e+00 0.000000e+00 0.000000e+00 0.000000e+00 0.000000e+00 0.000000e+00 0.000000e+00 0.000000e+00 0.000000e+00 0.000000e+00 0.000000e+00 0.000000e+00 0.000000e+00 0.000000e+00 0.000000e+00 0.000000e+00 0.000000e+00 0.000000e+00 0.000000e+00 0.000000e+00 0.000000e+00 0.000000e+00 0.000000e+00 0.000000e+00 0.000000e+00
 0.000000e+00 0.000000e+00 3.748751e-01 6.251249e-01 0.000000e+00 0.000000e+00 0.000000e+00 0.000000e+00 0.000000e+00 0.000000e+00 0.000000e+00 0.000000e+00 0.000000e+00 0.000000e+00 0.000000e+00 0.000000e+00 0.000000e+00 0.000000e+00 0.000000e+00 0.000000e+00 0.000000e+00 0.000000e+00 0.000000e+00 0.000000e+00 0.000000e+00 0.000000e+00 0.000000e+00 0.000000e+00 0.000000e+00 0.000000e+00 0.000000e+00 0.000000e+00 0.000000e+00 0.000000e+00 0.000000e+00 0.000000e+00 0.000000e+00
 0.000000e+00 0.000000e+00 0.000000e+00 3.742647e-01 6.257353e-01 0.000000e+00 0.000000e+00 0.000000e+00 0.000000e+00 0.000000e+00 0.000000e+00 0.000000e+00 0.000000e+00 0.000000e+00 0.000000e+00 0.000000e+00 0.000000e+00 0.000000e+00 0.000000e+00 0.000000e+00 0.000000e+00 0.000000e+00 0.000000e+00 0.000000e+00 0.000000e+00 0.000000e+00 0.000000e+00 0.000000e+00 0.000000e+00 0.000000e+00 0.000000e+00 0.000000e+00 0.000000e+00 0.000000e+00 0.000000e+00 0.000000e+00 0.000000e+00
 0.000000e+00 0.000000e+00 0.000000e+00 0.000000e+00 3.757347e-01 6.242653e-01 0.000000e+00 0.000000e+00 0.000000e+00 0.000000e+00 0.000000e+00 0.000000e+00 0.000000e+00 0.000000e+00 0.000000e+00 0.000000e+00 0.000000e+00 0.000000e+00 0.000000e+00 0.000000e+00 0.000000e+00 0.000000e+00 0.000000e+00 0.000000e+00 0.000000e+00 0.000000e+00 0.000000e+00 0.000000e+00 0.000000e+00 0.000000e+00 0.000000e+00 0.000000e+00 0.000000e+00 0.000000e+00 0.000000e+00 0.000000e+00 0.000000e+00
 0.000000e+00 0.000000e+00 0.000000e+00 0.000000e+00 0.000000e+00 3.749986e-01 6.250014e-01 0.000000e+00 0.000000e+00 0.000000e+00 0.000000e+00 0.000000e+00 0.000000e+00 0.000000e+00 0.000000e+00 0.000000e+00 0.000000e+00 0.000000e+00 0.000000e+00 0.000000e+00 0.000000e+00 0.000000e+00 0.000000e+00 0.000000e+00 0.000000e+00 0.000000e+00 0.000000e+00 0.000000e+00 0.000000e+00 0.000000e+00 0.000000e+00 0.000000e+00 0.000000e+00 0.000000e+00 0.000000e+00 0.000000e+00 0.000000e+00
 0.000000e+00 0.000000e+00 0.000000e+00 0.000000e+00 0.000000e+00 0.000000e+00 1.666736e-01 8.333263e-01 0.000000e+00 0.000000e+00 0.000000e+00 0.000000e+00 0.000000e+00 0.000000e+00 0.000000e+00 0.000000e+00 0.000000e+00 0.000000e+00 0.000000e+00 0.000000e+00 0.000000e+00 0.000000e+00 0.000000e+00 0.000000e+00 0.000000e+00 0.000000e+00 0.000000e+00 0.000000e+00 0.000000e+00 0.000000e+00 0.000000e+00 0.000000e+00 0.000000e+00 0.000000e+00 0.000000e+00 0.000000e+00 0.000000e+00
 0.000000e+00 0.000000e+00 0.000000e+00 0.000000e+00 0.000000e+00 0.000000e+00 0.000000e+00 2.859381e-01 7.140619e-01 0.000000e+00 0.000000e+00 0.000000e+00 0.000000e+00 0.000000e+00 0.000000e+00 0.000000e+00 0.000000e+00 0.000000e+00 0.000000e+00 0.000000e+00 0.000000e+00 0.000000e+00 0.000000e+00 0.000000e+00 0.000000e+00 0.000000e+00 0.000000e+00 0.000000e+00 0.000000e+00 0.000000e+00 0.000000e+00 0.000000e+00 0.000000e+00 0.000000e+00 0.000000e+00 0.000000e+00 0.000000e+00
 0.000000e+00 0.000000e+00 0.000000e+00 0.000000e+00 0.000000e+00 0.000000e+00 0.000000e+00 0.000000e+00 4.443077e-01 5.556923e-01 0.000000e+00 0.000000e+00 0.000000e+00 0.000000e+00 0.000000e+00 0.000000e+00 0.000000e+00 0.000000e+00 0.000000e+00 0.000000e+00 0.000000e+00 0.000000e+00 0.000000e+00 0.000000e+00 0.000000e+00 0.000000e+00 0.000000e+00 0.000000e+00 0.000000e+00 0.000000e+00 0.000000e+00 0.000000e+00 0.000000e+00 0.000000e+00 0.000000e+00 0.000000e+00 0.000000e+00
 0.000000e+00 0.000000e+00 0.000000e+00 0.000000e+00 0.000000e+00 0.000000e+00 0.000000e+00 0.000000e+00 0.000000e+00 2.862200e-01 7.137800e-01 0.000000e+00 0.000000e+00 0.000000e+00 0.000000e+00 0.000000e+00 0.000000e+00 0.000000e+00 0.000000e+00 0.000000e+00 0.000000e+00 0.000000e+00 0.000000e+00 0.000000e+00 0.000000e+00 0.000000e+00 0.000000e+00 0.000000e+00 0.000000e+00 0.000000e+00 0.000000e+00 0.000000e+00 0.000000e+00 0.000000e+00 0.000000e+00 0.000000e+00 0.000000e+00
 0.000000e+00 0.000000e+00 0.000000e+00 0.000000e+00 0.000000e+00 0.000000e+00 0.000000e+00 0.000000e+00 0.000000e+00 0.000000e+00 2.861036e-01 7.138964e-01 0.000000e+00 0.000000e+00 0.000000e+00 0.000000e+00 0.000000e+00 0.000000e+00 0.000000e+00 0.000000e+00 0.000000e+00 0.000000e+00 0.000000e+00 0.000000e+00 0.000000e+00 0.000000e+00 0.000000e+00 0.000000e+00 0.000000e+00 0.000000e+00 0.000000e+00 0.000000e+00 0.000000e+00 0.000000e+00 0.000000e+00 0.000000e+00 0.000000e+00
 0.000000e+00 0.000000e+00 0.000000e+00 0.000000e+00 0.000000e+00 0.000000e+00 0.000000e+00 0.000000e+00 0.000000e+00 0.000000e+00 0.000000e+00 4.995601e-01 5.004399e-01 0.000000e+00 0.000000e+00 0.000000e+00 0.000000e+00 0.000000e+00 0.000000e+00 0.000000e+00 0.000000e+00 0.000000e+00 0.000000e+00 0.000000e+00 0.000000e+00 0.000000e+00 0.000000e+00 0.000000e+00 0.000000e+00 0.000000e+00 0.000000e+00 0.000000e+00 0.000000e+00 0.000000e+00 0.000000e+00 0.000000e+00 0.000000e+00
 0.000000e+00 0.000000e+00 0.000000e+00 0.000000e+00 0.000000e+00 0.000000e+00 0.000000e+00 0.000000e+00 0.000000e+00 0.000000e+00 0.000000e+00 0.000000e+00 2.857257e-01 7.142743e-01 0.000000e+00 0.000000e+00 0.000000e+00 0.000000e+00 0.000000e+00 0.000000e+00 0.000000e+00 0.000000e+00 0.000000e+00 0.000000e+00 0.000000e+00 0.000000e+00 0.000000e+00 0.000000e+00 0.000000e+00 0.000000e+00 0.000000e+00 0.000000e+00 0.000000e+00 0.000000e+00 0.000000e+00 0.000000e+00 0.000000e+00
 0.000000e+00 0.000000e+00 0.000000e+00 0.000000e+00 0.000000e+00 0.000000e+00 0.000000e+00 0.000000e+00 0.000000e+00 0.000000e+00 0.000000e+00 0.000000e+00 0.000000e+00 0.000000e+00 1.000000e+00 0.000000e+00 0.000000e+00 0.000000e+00 0.000000e+00 0.000000e+00 0.000000e+00 0.000000e+00 0.000000e+00 0.000000e+00 0.000000e+00 0.000000e+00 0.000000e+00 0.000000e+00 0.000000e+00 0.000000e+00 0.000000e+00 0.000000e+00 0.000000e+00 0.000000e+00 0.000000e+00 0.000000e+00 0.000000e+00
 0.000000e+00 0.000000e+00 0.000000e+00 0.000000e+00 0.000000e+00 0.000000e+00 0.000000e+00 0.000000e+00 0.000000e+00 0.000000e+00 0.000000e+00 0.000000e+00 0.000000e+00 0.000000e+00 3.749975e-01 6.250026e-01 0.000000e+00 0.000000e+00 0.000000e+00 0.000000e+00 0.000000e+00 0.000000e+00 0.000000e+00 0.000000e+00 0.000000e+00 0.000000e+00 0.000000e+00 0.000000e+00 0.000000e+00 0.000000e+00 0.000000e+00 0.000000e+00 0.000000e+00 0.000000e+00 0.000000e+00 0.000000e+00 0.000000e+00
 0.000000e+00 0.000000e+00 0.000000e+00 0.000000e+00 0.000000e+00 0.000000e+00 0.000000e+00 0.000000e+00 0.000000e+00 0.000000e+00 0.000000e+00 0.000000e+00 0.000000e+00 0.000000e+00 0.000000e+00 2.857164e-01 7.142836e-01 0.000000e+00 0.000000e+00 0.000000e+00 0.000000e+00 0.000000e+00 0.000000e+00 0.000000e+00 0.000000e+00 0.000000e+00 0.000000e+00 0.000000e+00 0.000000e+00 0.000000e+00 0.000000e+00 0.000000e+00 0.000000e+00 0.000000e+00 0.000000e+00 0.000000e+00 0.000000e+00
 0.000000e+00 0.000000e+00 0.000000e+00 0.000000e+00 0.000000e+00 0.000000e+00 0.000000e+00 0.000000e+00 0.000000e+00 0.000000e+00 0.000000e+00 0.000000e+00 0.000000e+00 0.000000e+00 0.000000e+00 0.000000e+00 3.753275e-01 6.246725e-01 0.000000e+00 0.000000e+00 0.000000e+00 0.000000e+00 0.000000e+00 0.000000e+00 0.000000e+00 0.000000e+00 0.000000e+00 0.000000e+00 0.000000e+00 0.000000e+00 0.000000e+00 0.000000e+00 0.000000e+00 0.000000e+00 0.000000e+00 0.000000e+00 0.000000e+00
 0.000000e+00 0.000000e+00 0.000000e+00 0.000000e+00 0.000000e+00 0.000000e+00 0.000000e+00 0.000000e+00 0.000000e+00 0.000000e+00 0.000000e+00 0.000000e+00 0.000000e+00 0.000000e+00 0.000000e+00 0.000000e+00 0.000000e+00 3.746253e-01 6.253747e-01 0.000000e+00 0.000000e+00 0.000000e+00 0.000000e+00 0.000000e+00 0.000000e+00 0.000000e+00 0.000000e+00 0.000000e+00 0.000000e+00 0.000000e+00 0.000000e+00 0.000000e+00 0.000000e+00 0.000000e+00 0.000000e+00 0.000000e+00 0.000000e+00
 0.000000e+00 0.000000e+00 0.000000e+00 0.000000e+00 0.000000e+00 0.000000e+00 0.000000e+00 0.000000e+00 0.000000e+00 0.000000e+00 0.000000e+00 0.000000e+00 0.000000e+00 0.000000e+00 0.000000e+00 0.000000e+00 0.000000e+00 0.000000e+00 5.000206e-01 4.999794e-01 0.000000e+00 0.000000e+00 0.000000e+00 0.000000e+00 0.000000e+00 0.000000e+00 0.000000e+00 0.000000e+00 0.000000e+00 0.000000e+00 0.000000e+00 0.000000e+00 0.000000e+00 0.000000e+00 0.000000e+00 0.000000e+00 0.000000e+00
 0.000000e+00 0.000000e+00 0.000000e+00 0.000000e+00 0.000000e+00 0.000000e+00 0.000000e+00 0.000000e+00 0.000000e+00 0.000000e+00 0.000000e+00 0.000000e+00 0.000000e+00 0.000000e+00 0.000000e+00 0.000000e+00 0.000000e+00 0.000000e+00 0.000000e+00 2.857782e-01 7.142218e-01 0.000000e+00 0.000000e+00 0.000000e+00 0.000000e+00 0.000000e+00 0.000000e+00 0.000000e+00 0.000000e+00 0.000000e+00 0.000000e+00 0.000000e+00 0.000000e+00 0.000000e+00 0.000000e+00 0.000000e+00 0.000000e+00
 0.000000e+00 0.000000e+00 0.000000e+00 0.000000e+00 0.000000e+00 0.000000e+00 0.000000e+00 0.000000e+00 0.000000e+00 0.000000e+00 0.000000e+00 0.000000e+00 0.000000e+00 0.000000e+00 0.000000e+00 0.000000e+00 0.000000e+00 0.000000e+00 0.000000e+00 0.000000e+00 1.666877e-01 8.333124e-01 0.000000e+00 0.000000e+00 0.000000e+00 0.000000e+00 0.000000e+00 0.000000e+00 0.000000e+00 0.000000e+00 0.000000e+00 0.000000e+00 0.000000e+00 0.000000e+00 0.000000e+00 0.000000e+00 0.000000e+00
 0.000000e+00 0.000000e+00 0.000000e+00 0.000000e+00 0.000000e+00 0.000000e+00 0.000000e+00 0.000000e+00 0.000000e+00 0.000000e+00 0.000000e+00 0.000000e+00 0.000000e+00 0.000000e+00 0.000000e+00 0.000000e+00 0.000000e+00 0.000000e+00 0.000000e+00 0.000000e+00 0.000000e+00 2.849516e-01 7.150484e-01 0.000000e+00 0.000000e+00 0.000000e+00 0.000000e+00 0.000000e+00 0.000000e+00 0.000000e+00 0.000000e+00 0.000000e+00 0.000000e+00 0.000000e+00 0.000000e+00 0.000000e+00 0.000000e+00
 0.000000e+00 0.000000e+00 0.000000e+00 0.000000e+00 0.000000e+00 0.000000e+00 0.000000e+00 0.000000e+00 0.000000e+00 0.000000e+00 0.000000e+00 0.000000e+00 0.000000e+00 0.000000e+00 0.000000e+00 0.000000e+00 0.000000e+00 0.000000e+00 0.000000e+00 0.000000e+00 0.000000e+00 0.000000e+00 4.448585e-01 5.551414e-01 0.000000e+00 0.000000e+00 0.000000e+00 0.000000e+00 0.000000e+00 0.000000e+00 0.000000e+00 0.000000e+00 0.000000e+00 0.000000e+00 0.000000e+00 0.000000e+00 0.000000e+00
 0.000000e+00 0.000000e+00 0.000000e+00 0.000000e+00 0.000000e+00 0.000000e+00 0.000000e+00 0.000000e+00 0.000000e+00 0.000000e+00 0.000000e+00 0.000000e+00 0.000000e+00 0.000000e+00 0.000000e+00 0.000000e+00 0.000000e+00 0.000000e+00 0.000000e+00 0.000000e+00 0.000000e+00 0.000000e+00 0.000000e+00 0.000000e+00 1.000000e+00 0.000000e+00 0.000000e+00 0.000000e+00 0.000000e+00 0.000000e+00 0.000000e+00 0.000000e+00 0.000000e+00 0.000000e+00 0.000000e+00 0.000000e+00 0.000000e+00
 0.000000e+00 0.000000e+00 0.000000e+00 0.000000e+00 0.000000e+00 0.000000e+00 0.000000e+00 0.000000e+00 0.000000e+00 0.000000e+00 0.000000e+00 0.000000e+00 0.000000e+00 0.000000e+00 0.000000e+00 0.000000e+00 0.000000e+00 0.000000e+00 0.000000e+00 0.000000e+00 0.000000e+00 0.000000e+00 0.000000e+00 0.000000e+00 4.444470e-01 5.555531e-01 0.000000e+00 0.000000e+00 0.000000e+00 0.000000e+00 0.000000e+00 0.000000e+00 0.000000e+00 0.000000e+00 0.000000e+00 0.000000e+00 0.000000e+00
 0.000000e+00 0.000000e+00 0.000000e+00 0.000000e+00 0.000000e+00 0.000000e+00 0.000000e+00 0.000000e+00 0.000000e+00 0.000000e+00 0.000000e+00 0.000000e+00 0.000000e+00 0.000000e+00 0.000000e+00 0.000000e+00 0.000000e+00 0.000000e+00 0.000000e+00 0.000000e+00 0.000000e+00 0.000000e+00 0.000000e+00 0.000000e+00 0.000000e+00 2.857111e-01 7.142888e-01 0.000000e+00 0.000000e+00 0.000000e+00 0.000000e+00 0.000000e+00 0.000000e+00 0.000000e+00 0.000000e+00 0.000000e+00 0.000000e+00
 0.000000e+00 0.000000e+00 0.000000e+00 0.000000e+00 0.000000e+00 0.000000e+00 0.000000e+00 0.000000e+00 0.000000e+00 0.000000e+00 0.000000e+00 0.000000e+00 0.000000e+00 0.000000e+00 0.000000e+00 0.000000e+00 0.000000e+00 0.000000e+00 0.000000e+00 0.000000e+00 0.000000e+00 0.000000e+00 0.000000e+00 0.000000e+00 0.000000e+00 0.000000e+00 2.857225e-01 7.142775e-01 0.000000e+00 0.000000e+00 0.000000e+00 0.000000e+00 0.000000e+00 0.000000e+00 0.000000e+00 0.000000e+00 0.000000e+00
 0.000000e+00 0.000000e+00 0.000000e+00 0.000000e+00 0.000000e+00 0.000000e+00 0.000000e+00 0.000000e+00 0.000000e+00 0.000000e+00 0.000000e+00 0.000000e+00 0.000000e+00 0.000000e+00 0.000000e+00 0.000000e+00 0.000000e+00 0.000000e+00 0.000000e+00 0.000000e+00 0.000000e+00 0.000000e+00 0.000000e+00 0.000000e+00 0.000000e+00 0.000000e+00 0.000000e+00 1.666653e-01 8.333347e-01 0.000000e+00 0.000000e+00 0.000000e+00 0.000000e+00 0.000000e+00 0.000000e+00 0.000000e+00 0.000000e+00
 0.000000e+00 0.000000e+00 0.000000e+00 0.000000e+00 0.000000e+00 0.000000e+00 0.000000e+00 0.000000e+00 0.000000e+00 0.000000e+00 0.000000e+00 0.000000e+00 0.000000e+00 0.000000e+00 0.000000e+00 0.000000e+00 0.000000e+00 0.000000e+00 0.000000e+00 0.000000e+00 0.000000e+00 0.000000e+00 0.000000e+00 0.000000e+00 0.000000e+00 0.000000e+00 0.000000e+00 0.000000e+00 5.023704e-01 4.976296e-01 0.000000e+00 0.000000e+00 0.000000e+00 0.000000e+00 0.000000e+00 0.000000e+00 0.000000e+00
 0.000000e+00 0.000000e+00 0.000000e+00 0.000000e+00 0.000000e+00 0.000000e+00 0.000000e+00 0.000000e+00 0.000000e+00 0.000000e+00 0.000000e+00 0.000000e+00 0.000000e+00 0.000000e+00 0.000000e+00 0.000000e+00 0.000000e+00 0.000000e+00 0.000000e+00 0.000000e+00 0.000000e+00 0.000000e+00 0.000000e+00 0.000000e+00 0.000000e+00 0.000000e+00 0.000000e+00 0.000000e+00 0.000000e+00 2.803883e-01 7.196117e-01 0.000000e+00 0.000000e+00 0.000000e+00 0.000000e+00 0.000000e+00 0.000000e+00
 0.000000e+00 0.000000e+00 0.000000e+00 0.000000e+00 0.000000e+00 0.000000e+00 0.000000e+00 0.000000e+00 0.000000e+00 0.000000e+00 0.000000e+00 0.000000e+00 0.000000e+00 0.000000e+00 0.000000e+00 0.000000e+00 0.000000e+00 0.000000e+00 0.000000e+00 0.000000e+00 0.000000e+00 0.000000e+00 0.000000e+00 0.000000e+00 0.000000e+00 0.000000e+00 0.000000e+00 0.000000e+00 0.000000e+00 0.000000e+00 2.857388e-01 7.142612e-01 0.000000e+00 0.000000e+00 0.000000e+00 0.000000e+00 0.000000e+00
 0.000000e+00 0.000000e+00 0.000000e+00 0.000000e+00 0.000000e+00 0.000000e+00 0.000000e+00 0.000000e+00 0.000000e+00 0.000000e+00 0.000000e+00 0.000000e+00 0.000000e+00 0.000000e+00 0.000000e+00 0.000000e+00 0.000000e+00 0.000000e+00 0.000000e+00 0.000000e+00 0.000000e+00 0.000000e+00 0.000000e+00 0.000000e+00 0.000000e+00 0.000000e+00 0.000000e+00 0.000000e+00 0.000000e+00 0.000000e+00 0.000000e+00 4.443100e-01 5.556900e-01 0.000000e+00 0.000000e+00 0.000000e+00 0.000000e+00
 0.000000e+00 0.000000e+00 0.000000e+00 0.000000e+00 0.000000e+00 0.000000e+00 0.000000e+00 0.000000e+00 0.000000e+00 0.000000e+00 0.000000e+00 0.000000e+00 0.000000e+00 0.000000e+00 0.000000e+00 0.000000e+00 0.000000e+00 0.000000e+00 0.000000e+00 0.000000e+00 0.000000e+00 0.000000e+00 0.000000e+00 0.000000e+00 0.000000e+00 0.000000e+00 0.000000e+00 0.000000e+00 0.000000e+00 0.000000e+00 0.000000e+00 0.000000e+00 2.863098e-01 7.136902e-01 0.000000e+00 0.000000e+00 0.000000e+00
 0.000000e+00 0.000000e+00 0.000000e+00 0.000000e+00 0.000000e+00 0.000000e+00 0.000000e+00 0.000000e+00 0.000000e+00 0.000000e+00 0.000000e+00 0.000000e+00 0.000000e+00 0.000000e+00 0.000000e+00 0.000000e+00 0.000000e+00 0.000000e+00 0.000000e+00 0.000000e+00 0.000000e+00 0.000000e+00 0.000000e+00 0.000000e+00 0.000000e+00 0.000000e+00 0.000000e+00 0.000000e+00 0.000000e+00 0.000000e+00 0.000000e+00 0.000000e+00 0.000000e+00 2.856991e-01 7.143009e-01 0.000000e+00 0.000000e+00
 0.000000e+00 0.000000e+00 0.000000e+00 0.000000e+00 0.000000e+00 0.000000e+00 0.000000e+00 0.000000e+00 0.000000e+00 0.000000e+00 0.000000e+00 0.000000e+00 0.000000e+00 0.000000e+00 0.000000e+00 0.000000e+00 0.000000e+00 0.000000e+00 0.000000e+00 0.000000e+00 0.000000e+00 0.000000e+00 0.000000e+00 0.000000e+00 0.000000e+00 0.000000e+00 0.000000e+00 0.000000e+00 0.000000e+00 0.000000e+00 0.000000e+00 0.000000e+00 0.000000e+00 0.000000e+00 2.857516e-01 7.142485e-01 0.000000e+00
 0.000000e+00 0.000000e+00 0.000000e+00 0.000000e+00 0.000000e+00 0.000000e+00 0.000000e+00 0.000000e+00 0.000000e+00 0.000000e+00 0.000000e+00 0.000000e+00 0.000000e+00 0.000000e+00 0.000000e+00 0.000000e+00 0.000000e+00 0.000000e+00 0.000000e+00 0.000000e+00 0.000000e+00 0.000000e+00 0.000000e+00 0.000000e+00 0.000000e+00 0.000000e+00 0.000000e+00 0.000000e+00 0.000000e+00 0.000000e+00 0.000000e+00 0.000000e+00 0.000000e+00 0.000000e+00 0.000000e+00 1.666637e-01 8.333363e-01
 0.000000e+00 0.000000e+00 0.000000e+00 0.000000e+00 0.000000e+00 0.000000e+00 0.000000e+00 0.000000e+00 0.000000e+00 0.000000e+00 0.000000e+00 0.000000e+00 0.000000e+00 0.000000e+00 0.000000e+00 0.000000e+00 0.000000e+00 0.000000e+00 0.000000e+00 0.000000e+00 0.000000e+00 0.000000e+00 0.000000e+00 0.000000e+00 0.000000e+00 0.000000e+00 0.000000e+00 0.000000e+00 0.000000e+00 0.000000e+00 0.000000e+00 0.000000e+00 0.000000e+00 0.000000e+00 0.000000e+00 0.000000e+00 0.000000e+00
<ENDHMM>
