~o
<STREAMINFO> 1 39
<VECSIZE> 39<NULLD><MFCC_E_D_A><DIAGC>
~h "Muc"
<BEGINHMM>
<NUMSTATES> 25
<STATE> 2
<MEAN> 39
 -5.552029e+00 -8.777171e+00 -5.028131e-01 -7.238953e-01 5.106820e-01 -5.260668e+00 1.523883e+00 -7.577234e-02 3.972415e-01 -4.261322e+00 5.064979e-01 -1.474140e+00 4.301603e-02 2.866930e-02 9.119916e-03 9.036318e-02 -2.865640e-03 5.667261e-02 1.850787e-01 -1.018517e+00 -2.079618e-01 -5.153147e-01 -4.903589e-02 1.128844e-01 -2.802123e-01 9.437153e-03 4.391664e-01 2.631550e-01 -2.930851e-01 -7.348489e-01 -4.687830e-01 -8.948559e-02 -5.441326e-01 -7.901630e-01 -2.383207e-01 2.076129e-02 -8.658567e-04 -2.393704e-01 1.950347e-02
<VARIANCE> 39
 2.412481e+00 8.492150e-01 1.826999e+00 4.431909e+00 6.748034e+00 5.712088e+00 1.013011e+01 8.349186e+00 1.848762e+01 1.651556e+01 4.564371e+00 9.497185e+00 5.000000e-02 2.844824e-01 1.165062e-01 2.524284e-01 9.792373e-01 1.647294e+00 3.843804e-01 3.201253e-01 1.286728e+00 9.024131e-01 3.056768e-01 1.313438e+00 2.001528e-01 5.000000e-02 9.921335e-02 5.000000e-02 5.000000e-02 9.711134e-02 9.800543e-02 8.592001e-02 1.116672e-01 8.108857e-02 3.408413e-01 2.100035e-01 2.383103e-01 9.724512e-02 5.000000e-02
<GCONST> 4.778950e+01
<STATE> 3
<MEAN> 39
 -5.344154e+00 -8.132433e+00 -1.844277e-01 -2.196590e+00 7.095126e-01 -4.365010e+00 -1.031032e+00 -2.523511e+00 1.786935e-01 -2.583122e+00 3.291435e+00 -1.142081e+00 5.784855e-02 1.866250e+00 1.003908e+00 -8.627559e-01 -2.441132e+00 -1.567423e+00 -6.885644e-01 -1.868801e+00 -1.971638e+00 -1.203067e+00 -3.032193e-01 -4.250501e-01 -1.320817e+00 8.882130e-02 9.273883e-01 1.912101e-01 -5.052528e-01 -6.932009e-01 -7.900523e-01 -6.248593e-01 -2.539813e-01 -3.630317e-01 -1.072672e-01 -1.257325e-01 -6.366336e-01 -5.485435e-01 3.708825e-02
<VARIANCE> 39
 4.799919e+00 2.346971e+00 2.944212e+00 9.839116e+00 1.787768e+01 7.847596e+00 2.483431e+00 4.793543e+00 8.864577e+00 9.701132e+00 6.248826e+00 3.035959e+00 5.000000e-02 1.230762e+00 4.587616e-01 5.556154e-01 9.739243e-01 1.647054e+00 4.951803e-01 1.372377e+00 8.707042e-01 1.278188e+00 1.605120e+00 9.606527e-01 1.455191e+00 5.000000e-02 9.845632e-02 1.633393e-01 1.122879e-01 1.974986e-01 1.980712e-01 9.128657e-02 5.000000e-02 1.108036e-01 4.337499e-01 2.087331e-01 3.070498e-01 1.642341e-01 5.000000e-02
<GCONST> 6.060141e+01
<STATE> 4
<MEAN> 39
 1.477950e+00 -5.444913e+00 -3.919350e+00 -1.005017e+01 -5.459563e+00 -8.151595e+00 -5.947239e+00 -7.620597e+00 -3.372764e+00 -4.818187e+00 -1.178638e+00 -6.334534e+00 3.780956e-01 3.396989e+00 6.824352e-01 -1.747194e+00 -2.274277e+00 -2.658506e+00 -1.972674e+00 -2.126880e+00 -1.826523e+00 -7.146387e-01 -7.253373e-01 -1.884602e+00 -1.938170e+00 1.453831e-01 7.641822e-03 -3.489231e-01 -2.453695e-01 4.360806e-01 1.630308e-01 2.532743e-01 2.502277e-01 4.688774e-01 2.456557e-01 -1.468875e-01 -2.357521e-01 3.446881e-01 3.265484e-04
<VARIANCE> 39
 1.618069e+01 5.677938e+00 1.016906e+01 1.081555e+01 2.009881e+01 1.155023e+01 7.755484e+00 2.228958e+01 2.089795e+01 7.854238e+00 4.918687e+00 2.177797e+01 5.000000e-02 6.216333e-01 1.140677e+00 9.045310e-01 8.428094e-01 6.580946e-01 1.399925e+00 9.313192e-01 6.823249e-01 2.497334e+00 1.364069e+00 1.383558e+00 2.170824e+00 5.000000e-02 2.056002e-01 7.632644e-02 1.040621e-01 1.071279e-01 2.826914e-01 3.763920e-01 1.040422e-01 3.637441e-01 1.992734e-01 2.224279e-01 1.702176e-01 3.464779e-01 5.000000e-02
<GCONST> 7.334753e+01
<STATE> 5
<MEAN> 39
 6.706925e+00 -4.899079e+00 -6.204815e+00 -1.097216e+01 -8.224940e+00 -1.114402e+01 -9.663628e+00 -1.020498e+01 -2.941543e+00 -6.076786e+00 -3.896172e+00 -8.925483e+00 5.805296e-01 2.055546e+00 -4.507615e-01 -2.161871e+00 -8.233942e-01 -1.091419e+00 1.069747e-01 -1.171514e+00 3.197197e-01 -3.456410e-01 -6.067494e-01 -1.809826e+00 -4.004280e-01 1.011160e-01 -1.004875e+00 -5.828355e-01 -7.154140e-01 9.951796e-02 1.118462e+00 1.655403e+00 1.078758e+00 1.226573e+00 -2.668493e-01 2.606049e-01 3.155667e-01 9.930561e-01 -1.653469e-02
<VARIANCE> 39
 5.392710e+00 7.830609e+00 4.410891e+00 1.217832e+01 1.574668e+01 1.709088e+01 2.159759e+01 1.622587e+01 2.217640e+01 9.243853e+00 3.572063e+00 1.611813e+01 5.000000e-02 6.026482e-01 5.354971e-01 1.073182e+00 8.552052e-01 1.166083e+00 4.009143e+00 5.159665e-01 3.091034e+00 6.748390e-01 4.030787e-01 9.772146e-02 3.503784e-01 5.000000e-02 5.722996e-02 2.037028e-01 3.154110e-01 1.420228e-01 5.535140e-02 4.334760e-01 1.903513e-01 4.290299e-01 3.175352e-01 4.997591e-01 3.241265e-01 2.793883e-01 5.000000e-02
<GCONST> 6.932817e+01
<STATE> 6
<MEAN> 39
 9.379602e+00 -6.050487e+00 -8.872467e+00 -1.203362e+01 -1.146923e+01 -1.088816e+01 -8.716067e+00 -9.012947e+00 -3.236665e+00 -7.181555e+00 -7.143141e+00 -7.279165e+00 6.932134e-01 3.507114e-01 -8.197460e-01 -3.084269e+00 -1.501697e+00 5.767234e-01 3.118204e+00 9.662046e-01 1.353698e+00 -9.252001e-01 -5.604684e-01 -3.461776e-01 1.495987e+00 7.000829e-02 -1.420578e+00 -2.721262e-01 -1.100844e+00 -2.813865e-01 1.524375e+00 1.883827e+00 1.167205e+00 7.524408e-01 -4.523742e-01 4.379251e-01 8.437445e-01 1.483296e-01 -1.088844e-02
<VARIANCE> 39
 7.021861e+00 1.061398e+01 8.945638e+00 1.322554e+01 6.701592e+00 4.064928e+01 1.160657e+01 2.688244e+00 1.797416e+01 3.039745e+00 3.618320e+00 2.145635e+01 5.000000e-02 7.107905e-01 9.957857e-01 3.797753e+00 1.513497e+00 1.521054e+00 8.265886e+00 1.972576e+00 3.572382e+00 1.778200e+00 3.576349e+00 9.116729e-01 9.296560e-01 5.000000e-02 1.517888e-01 2.185407e-01 3.068830e-01 1.711504e-01 9.333163e-02 8.608954e-01 7.648247e-02 1.359321e-01 2.961078e-01 1.887263e-01 1.005238e-01 5.430118e-01 5.000000e-02
<GCONST> 7.751422e+01
<STATE> 7
<MEAN> 39
 9.035044e+00 -9.162737e+00 -1.955957e+01 -1.365612e+01 -6.139107e+00 -1.884065e+00 -3.782650e+00 -2.737514e+00 -7.477788e+00 -7.096655e+00 -6.109549e+00 -3.884614e+00 8.265249e-01 -1.848511e+00 -1.576994e+00 -6.214226e+00 -1.582147e+00 3.237164e+00 6.368230e+00 3.071675e+00 2.395523e+00 -2.104752e+00 1.318073e+00 3.186763e-01 -6.828494e-02 7.107402e-02 -8.161225e-01 3.269967e-01 3.839078e-01 -3.731928e-01 7.639235e-01 -2.832488e-02 2.559362e-01 -2.018415e-01 1.683383e-01 4.605272e-01 5.186408e-01 -8.007966e-01 -6.777102e-03
<VARIANCE> 39
 1.000266e+01 8.122315e+00 8.980005e+01 1.729867e+01 3.105850e+01 9.979826e+01 3.991649e+01 1.106188e+01 3.156554e+01 1.086335e+01 4.653355e+00 9.001451e+00 5.000000e-02 1.421020e+00 1.161478e+00 1.987692e+00 1.817136e+00 5.366167e-01 2.461328e+00 1.012530e+00 6.468388e-01 8.765634e-01 1.374630e+00 1.071641e+00 5.560058e+00 5.000000e-02 2.023345e-01 1.962955e-01 1.830666e+00 8.496486e-02 3.143934e-01 2.288354e+00 3.986167e-01 4.788013e-01 4.627276e-01 4.925149e-01 2.204264e-01 4.177787e-01 5.000000e-02
<GCONST> 9.081285e+01
<STATE> 8
<MEAN> 39
 9.350769e-01 -1.026368e+01 -2.797906e+01 -2.005689e+01 1.843329e+00 1.146051e+01 -8.367278e-01 -6.930123e-01 -1.039223e+01 -3.643683e+00 -4.340924e+00 -7.374192e+00 9.441233e-01 -3.070200e+00 5.976500e-02 -2.575393e+00 -2.824275e+00 3.918160e+00 2.313336e+00 2.092691e+00 7.626735e-01 -7.026495e-01 6.224297e-01 1.497043e+00 -1.011497e+00 5.353394e-02 3.660928e-01 4.043437e-01 1.829523e+00 1.379040e-01 -9.665576e-01 -2.158394e+00 -3.690467e-01 -2.628045e-01 8.943188e-01 -1.810490e-01 1.914467e-01 3.235421e-01 -1.968962e-02
<VARIANCE> 39
 1.577852e+01 9.419899e+00 4.630804e+01 6.691470e+01 3.861860e+01 7.612350e+00 5.751951e+01 9.590926e+00 8.585109e+00 1.562889e+01 1.669731e+01 4.438276e+01 5.000000e-02 1.183107e+00 4.462685e-01 5.524632e+00 9.577439e-01 1.755485e+00 9.505848e+00 7.503684e-01 1.346142e+00 3.085960e+00 1.398779e+00 6.282345e-01 1.323312e+00 5.000000e-02 3.166835e-01 1.896666e-01 5.472577e-01 4.615526e-01 5.138929e-01 3.675947e-01 3.410112e-01 4.298342e-01 1.125462e-01 1.545406e-01 2.084000e-01 4.284681e-01 5.000000e-02
<GCONST> 9.012113e+01
<STATE> 9
<MEAN> 39
 -1.453832e+00 -9.492031e+00 -2.712537e+01 -2.321067e+01 5.474540e+00 8.873632e+00 2.926034e+00 -4.728316e-01 -9.546680e+00 -3.166646e+00 -8.009283e-01 -9.027959e+00 9.853050e-01 -3.285405e-01 2.175004e-01 1.624164e+00 -1.805181e+00 -5.922732e-01 -1.526138e+00 9.850273e-01 2.044272e+00 1.445393e+00 4.911354e-01 1.421488e+00 1.348535e+00 1.468546e-02 1.074164e+00 -8.665097e-03 1.392318e+00 4.548134e-01 -1.979084e+00 -1.750701e+00 -5.660739e-01 6.516288e-01 5.265209e-01 -2.105575e-01 -5.008591e-01 1.056828e+00 -1.608108e-02
<VARIANCE> 39
 2.071351e+01 1.069307e+01 1.951308e+01 2.192350e+01 1.324775e+01 1.651987e+01 2.242381e+01 6.579726e+00 5.301532e+00 2.428524e+01 8.562586e+00 4.062831e+01 5.000000e-02 9.745065e-01 6.336467e-01 1.691039e+00 2.112617e+00 3.068312e+00 1.634757e+00 1.568645e+00 3.207338e+00 5.782366e-01 3.215760e-01 1.006108e+00 1.337433e+00 5.000000e-02 1.757459e-01 5.000000e-02 4.469616e-01 1.925663e-01 2.427168e-01 1.107550e+00 9.407420e-02 6.268901e-02 1.743637e-01 2.433878e-01 2.119258e-01 6.723552e-01 5.000000e-02
<GCONST> 7.913307e+01
<STATE> 10
<MEAN> 39
 -1.178179e+00 -7.830733e+00 -2.327866e+01 -2.740551e+01 -4.609890e-01 4.593922e+00 1.911628e+00 6.144432e+00 -5.843387e+00 -3.479024e+00 -4.237202e-01 -2.056784e+00 9.902177e-01 8.573453e-01 -1.760233e-01 1.610361e+00 -5.462422e-01 -2.334733e+00 -2.373825e+00 1.280554e-01 2.842237e+00 9.643950e-01 5.818733e-01 -5.005434e-01 2.061253e+00 -9.565410e-03 4.844020e-01 -4.401318e-01 3.480275e-01 7.021411e-01 -3.012854e-01 -8.312525e-02 -4.966211e-01 -4.983639e-01 -1.442160e-01 -1.158086e-01 -7.035864e-01 -4.181775e-02 -1.516461e-02
<VARIANCE> 39
 2.029716e+01 9.660882e+00 3.013462e+01 2.994207e+01 4.983106e+01 9.461582e+00 3.050832e+01 5.464008e+01 2.399827e+00 1.227116e+01 3.148894e+01 3.486221e+01 5.000000e-02 5.364305e-01 3.687393e-01 8.271264e-01 1.476330e+00 1.570678e+00 2.407220e+00 1.108264e+00 2.017386e+00 3.040603e-01 5.358593e-01 1.231766e+00 2.118147e+00 5.000000e-02 7.158878e-02 5.000000e-02 6.854194e-02 1.505450e-01 7.937787e-01 3.308632e-01 3.118463e-01 1.882960e+00 1.350639e-01 2.891950e-01 4.743100e-01 3.683425e-01 5.000000e-02
<GCONST> 8.152722e+01
<STATE> 11
<MEAN> 39
 1.743867e+00 -1.100606e+01 -1.734630e+01 -2.732580e+01 -3.629262e+00 -2.061398e+00 2.738550e+00 1.015086e+01 -4.725268e+00 -1.226475e+00 -5.278223e+00 1.697179e+00 9.325113e-01 1.404389e+00 -1.221815e+00 2.818254e+00 1.660289e+00 -2.109531e+00 -1.658138e+00 -1.433669e+00 -6.969519e-01 -1.247562e-01 -1.928425e-01 -1.758205e+00 6.112443e-01 -5.745268e-02 7.259603e-02 -4.137206e-02 -2.582370e-01 1.427450e+00 6.710706e-01 7.935274e-01 -1.785200e-01 -1.819321e+00 -1.885225e-01 -4.621483e-01 4.590578e-01 -9.241257e-01 -2.376457e-02
<VARIANCE> 39
 5.538545e+00 1.188166e+01 4.319614e+01 3.491679e+01 2.294544e+01 1.900275e+01 1.676788e+01 3.138736e+01 1.166333e+01 2.780014e+00 3.648231e+01 2.440943e+01 5.000000e-02 5.387155e-01 7.746099e-01 1.708575e-01 5.255431e+00 2.226593e+00 4.502132e+00 1.487257e+00 1.268033e+01 1.627972e+00 1.688812e+00 4.581438e+00 2.520169e+00 5.000000e-02 5.000000e-02 1.744114e-01 3.971957e-01 6.755646e-01 2.709151e-01 7.589412e-01 2.834782e-01 7.947528e-01 3.494182e-01 2.696772e-01 1.521509e+00 2.265520e-01 5.000000e-02
<GCONST> 9.197100e+01
<STATE> 12
<MEAN> 39
 4.446186e+00 -1.269176e+01 -1.456114e+01 -2.162466e+01 -5.919666e+00 -1.344546e+00 -1.334654e+00 4.839240e+00 -5.400132e+00 -2.097055e+00 -4.395012e+00 6.475657e-01 7.836559e-01 1.246244e+00 -1.099678e+00 1.082970e+00 3.888277e+00 -3.885520e-01 -6.402267e-01 -2.274432e-01 -3.694657e+00 9.273457e-01 -1.335302e+00 5.213510e-01 -6.329033e-01 -9.525914e-02 -3.285176e-01 3.856077e-01 -9.609554e-01 9.658027e-02 8.966164e-01 4.595045e-01 7.604352e-01 -6.829413e-01 2.384891e-01 -3.451811e-01 5.609390e-01 -4.021639e-01 -5.848785e-03
<VARIANCE> 39
 6.378743e+00 6.726166e+00 4.578075e+01 1.879492e+01 2.935366e+01 1.446420e+01 2.010169e+01 1.143350e+02 1.878170e+01 1.135627e+01 3.183664e+01 1.355584e+01 5.000000e-02 3.858619e-01 1.232875e+00 4.641679e+00 4.335072e+00 2.174812e+00 2.714346e+00 1.471690e+00 2.935197e+00 1.680447e+00 1.773857e+00 6.596428e+00 9.890018e-01 5.000000e-02 5.837559e-02 9.337796e-02 5.851352e-01 4.847569e-01 2.682531e-01 2.354269e-01 1.956737e-01 3.612099e+00 1.479882e-01 3.619487e-01 9.272003e-01 3.386862e-01 5.000000e-02
<GCONST> 9.322647e+01
<STATE> 13
<MEAN> 39
 7.146789e+00 -1.494932e+01 -1.361653e+01 -1.400837e+01 -8.964038e+00 -4.315317e+00 1.050431e+00 1.114554e-01 -2.342308e+00 -5.940786e+00 -5.015056e+00 -1.660563e+00 6.952550e-01 6.326477e-01 2.907997e-01 6.263627e-01 2.920013e+00 1.574377e+00 4.227856e-02 5.915008e-01 -3.618476e+00 9.115053e-01 -1.713072e+00 5.081881e-01 -1.285876e+00 -8.847773e-02 -5.885975e-01 5.924327e-01 -7.634591e-01 -8.904662e-01 7.612707e-01 7.211362e-01 5.453148e-01 8.146500e-01 -2.549351e-01 7.233715e-01 9.265966e-01 -1.248070e-02 6.101320e-03
<VARIANCE> 39
 4.130063e+00 6.504100e+00 1.856759e+01 1.900638e+01 3.614634e+01 1.454414e+01 4.367318e+00 5.301687e+01 1.918849e+01 1.019741e+01 1.744409e+01 2.029100e+01 5.000000e-02 2.437746e-01 9.528204e-01 5.262906e+00 7.035784e-01 2.072857e+00 1.633384e+00 1.883812e+00 8.469230e+00 1.284671e+00 2.607191e+00 6.249854e+00 8.187764e-01 5.000000e-02 5.000000e-02 2.399634e-01 2.426359e-01 9.180042e-01 8.729780e-01 4.791761e-01 1.181642e-01 4.606376e-01 4.599411e-01 3.113148e-01 7.128483e-01 2.133277e-01 5.000000e-02
<GCONST> 8.784790e+01
<STATE> 14
<MEAN> 39
 7.003623e+00 -1.155515e+01 -1.465129e+01 -1.110064e+01 -1.605100e+00 -1.642892e+00 1.426484e+00 -5.546304e+00 -4.229792e+00 -6.539530e+00 -1.040516e+00 -3.725771e+00 5.196316e-01 -7.013214e-01 5.139351e-01 -1.585038e+00 -1.492427e-02 1.628628e+00 1.286213e+00 1.716691e+00 -6.160679e-01 5.833688e-01 9.582847e-01 2.005499e+00 -1.623767e-01 -5.875202e-02 -4.447466e-01 -1.849789e-01 -2.110025e-01 -1.005466e+00 -3.083431e-01 1.221442e-01 3.451552e-01 1.179139e+00 2.875528e-01 7.768366e-01 -2.331040e-01 3.162475e-01 1.914859e-02
<VARIANCE> 39
 5.585564e+00 5.017517e+00 1.033980e+01 1.045295e+01 7.768963e+00 1.476325e+01 2.278831e+00 1.761101e+01 3.016435e+01 2.245564e+01 2.750072e+01 2.690536e+01 5.000000e-02 2.157509e-01 1.512811e+00 2.086965e+00 1.340663e+00 1.911905e+00 1.170476e+00 1.092519e+00 2.601608e+00 1.135854e+00 1.259211e+00 2.567514e+00 7.207249e-01 5.000000e-02 6.174668e-02 1.769217e-01 5.792125e-01 5.435190e-01 1.847914e-01 2.444854e-01 2.678886e-01 6.106135e-01 5.997704e-01 1.003723e+00 1.220164e+00 9.900563e-02 5.000000e-02
<GCONST> 8.179663e+01
<STATE> 15
<MEAN> 39
 4.589795e+00 -1.252891e+01 -1.710912e+01 -1.328067e+01 -2.285875e+00 1.000306e+00 6.209703e+00 -2.781542e+00 -1.603737e+00 -3.510947e+00 1.442207e+00 -3.586709e+00 4.935272e-01 -7.388301e-01 -2.703498e-03 -3.909377e-01 -2.595285e-01 2.153661e-01 5.411063e-01 1.400834e+00 8.325343e-01 9.116842e-01 1.292279e+00 1.354795e+00 2.504282e-01 -2.420463e-02 2.021514e-02 -5.049024e-02 4.542812e-01 -1.460521e-01 -4.225879e-01 -5.365875e-01 -7.827604e-01 3.659551e-01 -1.164300e-01 -5.084069e-02 -3.253153e-01 8.663648e-02 1.096020e-02
<VARIANCE> 39
 1.222435e+00 4.968459e+00 8.059760e+00 9.137438e+00 1.010610e+01 1.154674e+01 8.395933e+00 1.983682e+01 1.371446e+01 1.493741e+01 7.559350e+00 5.442028e+00 5.000000e-02 4.008726e-01 5.000000e-02 2.188021e-01 8.925620e-01 2.083161e-01 1.388378e+00 1.248699e+00 1.182512e+00 2.101215e+00 3.802818e+00 2.521424e+00 3.660088e-01 5.000000e-02 5.000000e-02 2.211593e-01 3.722206e-01 1.652590e-01 1.945753e-01 1.155605e-01 1.931028e-01 6.555927e-01 4.220599e-01 4.276529e-01 1.776657e-01 1.499255e-01 5.000000e-02
<GCONST> 6.481910e+01
<STATE> 16
<MEAN> 39
 3.042423e+00 -1.287878e+01 -1.740212e+01 -1.500188e+01 -1.422559e+00 -2.327399e-01 5.780704e+00 -8.190228e-01 1.420744e+00 -5.219591e-01 2.688200e+00 -8.673512e-01 4.420269e-01 -5.061231e-01 -6.499936e-02 3.735898e-01 2.351679e-01 1.707228e-01 -5.487403e-02 -1.828198e-01 -1.346771e-01 1.228621e-02 2.245495e-01 9.105086e-02 -5.461589e-01 -2.454137e-02 9.526439e-02 3.199553e-02 4.064493e-01 2.709965e-01 5.646609e-02 -1.826210e-02 -3.650196e-01 -3.665798e-01 -5.955100e-01 -7.219881e-01 -4.583249e-01 -9.809117e-02 2.145398e-03
<VARIANCE> 39
 1.013976e+00 2.107229e+00 4.776102e+00 1.048030e+01 3.079568e+00 8.870182e+00 9.349445e+00 9.732862e+00 8.896079e+00 9.003759e+00 1.441885e+01 6.632866e+00 5.000000e-02 4.778724e-01 3.877089e-01 7.944953e-01 9.540006e-01 4.497727e-01 9.480457e-01 4.412698e-01 1.599305e+00 5.132443e+00 3.132135e+00 1.025697e+00 1.052575e+00 5.000000e-02 1.050165e-01 5.000000e-02 1.017810e-01 1.273717e-01 1.253801e-01 3.459573e-01 2.683409e-01 1.920416e-01 4.347832e-01 3.248861e-01 2.392222e-01 7.830849e-02 5.000000e-02
<GCONST> 6.218147e+01
<STATE> 17
<MEAN> 39
 3.372193e+00 -1.193740e+01 -1.564606e+01 -1.335598e+01 -1.428676e+00 -6.659517e-01 4.346673e+00 -2.937128e+00 -2.701610e+00 -5.181601e+00 2.474681e-01 -5.224194e+00 4.234964e-01 -2.918610e-01 1.168881e-01 1.160270e+00 5.374663e-01 4.234830e-01 -2.878968e-01 -9.260772e-01 -7.758796e-01 -9.050018e-01 -1.035092e+00 -9.609018e-02 1.040189e-01 -2.031035e-02 -3.473003e-02 -9.080824e-02 3.616453e-02 7.324132e-02 3.715890e-02 -1.589934e-02 1.969348e-01 2.382621e-01 9.304750e-02 1.304398e-01 7.296135e-02 3.816220e-01 5.002719e-04
<VARIANCE> 39
 3.331149e+00 1.772743e+00 5.209539e+00 7.619980e+00 1.926002e+01 6.982667e+00 1.339754e+01 1.062796e+01 1.658579e+01 1.257220e+01 7.311501e+00 1.044830e+01 5.000000e-02 6.449485e-01 1.652339e-01 6.617686e-01 1.759462e-01 3.009609e-01 1.195967e+00 1.387644e+00 3.686946e-01 6.592629e-01 1.809869e-01 4.072502e-01 2.845589e-01 5.000000e-02 5.000000e-02 5.000000e-02 1.292128e-01 5.000000e-02 1.336871e-01 1.210268e-01 2.601343e-01 2.986053e-01 4.823738e-01 2.797633e-01 5.000000e-02 1.617823e-01 5.000000e-02
<GCONST> 5.278778e+01
<STATE> 18
<MEAN> 39
 2.724338e+00 -1.191738e+01 -1.213337e+01 -1.092094e+01 6.779557e-01 2.661821e-01 2.420265e+00 -4.476891e+00 -2.619849e+00 -4.342104e+00 2.561127e+00 -2.004090e+00 3.647822e-01 -5.219095e-01 -1.966961e-01 4.403874e-01 5.264094e-01 2.549088e-01 -5.438714e-02 4.451837e-01 4.565764e-01 -2.081550e-02 8.224301e-02 3.248188e-01 8.626974e-01 -1.873932e-02 -1.150059e-01 -1.417908e-01 -6.072484e-01 -2.052495e-01 -7.965894e-02 1.794921e-01 6.556606e-01 4.949587e-01 2.113702e-01 3.070945e-01 7.226110e-02 2.422409e-02 1.852492e-03
<VARIANCE> 39
 9.695412e+00 3.637250e+00 6.112491e+00 5.564964e+00 1.116011e+01 1.860415e+01 1.144745e+01 7.687485e+00 8.086858e+00 1.837548e+01 4.228765e+00 5.542047e+00 5.000000e-02 3.316275e-01 4.048449e-01 1.099359e+00 4.658781e-01 6.135105e-01 1.310798e+00 9.203890e-01 1.180385e+00 1.064962e+00 3.576029e-01 6.476505e-01 5.401751e-01 5.000000e-02 1.760719e-01 5.000000e-02 1.678033e-01 5.000000e-02 5.000000e-02 8.538265e-02 5.000000e-02 1.400995e-01 1.970262e-01 2.067139e-01 2.645883e-01 5.000000e-02 5.000000e-02
<GCONST> 5.546362e+01
<STATE> 19
<MEAN> 39
 5.822043e-01 -1.303517e+01 -1.364616e+01 -1.103284e+01 4.933638e-02 -3.565017e-01 6.400562e+00 -1.186952e+00 -2.150364e+00 -4.405900e+00 1.707824e+00 -1.599457e+00 3.381458e-01 -4.511103e-01 -3.007661e-01 -7.239630e-01 -1.387341e-02 2.033658e-01 4.629493e-01 1.567873e+00 1.168150e+00 -6.910703e-02 1.150794e-02 -2.567598e-01 3.064755e-01 -6.381375e-03 9.565483e-02 1.733733e-01 -3.252793e-03 -2.005677e-01 -1.468143e-01 -1.273644e-01 -1.886493e-01 1.685402e-02 2.739496e-01 1.662956e-01 -3.803448e-02 -9.196570e-02 1.866086e-03
<VARIANCE> 39
 7.473198e+00 6.396823e+00 5.980580e+00 4.331849e+00 8.913451e+00 1.188937e+01 8.103801e+00 9.361175e+00 1.024408e+01 3.366277e+00 4.366959e+00 8.638195e+00 5.000000e-02 8.247147e-01 1.606227e-01 2.414845e-01 3.422800e-01 2.728407e-01 4.801950e-01 7.187248e-01 7.008068e-01 1.927940e+00 2.689239e+00 1.451442e+00 4.825732e-01 5.000000e-02 1.549580e-01 7.736500e-02 1.646133e-01 1.027715e-01 1.067896e-01 3.458594e-01 4.151672e-01 2.653485e-01 2.057377e-01 5.534651e-02 9.515287e-02 5.000000e-02 5.000000e-02
<GCONST> 5.620053e+01
<STATE> 20
<MEAN> 39
 8.424821e-01 -1.364523e+01 -1.548715e+01 -1.161174e+01 9.109023e-01 1.318798e+00 7.252066e+00 -1.760306e+00 -3.174483e+00 -3.738317e+00 1.758555e+00 -1.219537e+00 3.228914e-01 -5.989566e-01 2.788860e-01 3.153751e-01 -3.567964e-02 -2.270372e-01 1.324354e-02 4.471740e-01 7.537887e-01 7.439287e-01 3.122116e-01 1.027174e-01 4.320956e-01 -2.827360e-02 -1.936516e-01 4.815023e-01 8.798899e-01 3.174434e-01 -2.183324e-01 -4.212004e-01 -5.580229e-01 -7.090413e-02 4.594822e-01 1.486659e-01 3.149142e-01 -5.257650e-02 -1.318706e-02
<VARIANCE> 39
 2.421721e+00 2.334127e+00 1.393454e+00 2.827879e+00 6.613461e+00 7.509680e+00 1.139607e+01 2.276713e+01 1.458576e+01 3.391233e+00 2.730214e+01 3.290482e+00 5.000000e-02 7.860052e-01 5.842889e-01 9.784278e-01 6.590590e-01 4.232583e-01 6.548282e-01 1.261299e+00 1.314946e+00 4.259486e-01 7.419334e-01 1.743818e+00 4.150457e-01 5.000000e-02 5.000000e-02 5.000000e-02 7.060365e-02 5.000000e-02 5.000000e-02 7.867624e-02 2.124027e-01 2.162162e-01 2.374130e-01 2.329796e-01 5.553052e-01 1.935298e-01 5.000000e-02
<GCONST> 5.480513e+01
<STATE> 21
<MEAN> 39
 -4.083499e-01 -1.185945e+01 -1.316525e+01 -1.185499e+01 -9.834224e-01 -4.060946e-01 6.957347e+00 1.162390e+00 3.734183e-01 -3.497495e+00 2.174424e+00 6.405659e-01 2.844873e-01 -1.042071e+00 1.184597e+00 2.501303e+00 1.270725e+00 -2.817791e-01 -1.098772e+00 -7.109729e-01 4.115236e-01 1.695761e+00 7.549651e-01 9.046957e-01 1.282241e-02 -5.042829e-02 -1.691012e-01 1.439294e-01 5.416490e-01 4.373703e-01 8.411769e-02 -2.797225e-01 -2.533711e-01 -4.556023e-01 -1.432716e-01 -2.169380e-02 8.205426e-02 -3.015888e-01 -9.598083e-03
<VARIANCE> 39
 2.421089e+00 2.050240e+00 1.019046e+01 8.075548e+00 4.982992e+00 1.849995e+01 1.576008e+01 1.801277e+01 1.474213e+01 6.470948e+00 1.637942e+01 7.181575e+00 5.000000e-02 3.177415e-01 3.755036e-01 9.827281e-01 2.415406e-01 2.314166e-01 1.103151e+00 1.169530e+00 6.334164e-01 8.690583e-01 7.391410e-01 1.497434e+00 1.092946e+00 5.000000e-02 1.435095e-01 5.000000e-02 1.360130e-01 1.255271e-01 5.000000e-02 3.279231e-01 2.396153e-01 1.770599e-01 1.634859e-01 2.887593e-01 5.202678e-01 5.385590e-01 5.000000e-02
<GCONST> 6.241742e+01
<STATE> 22
<MEAN> 39
 -3.567002e+00 -9.579403e+00 -7.384620e+00 -7.945207e+00 -1.303457e+00 -1.829079e+00 7.146876e+00 2.134055e+00 4.331417e+00 -1.558141e+00 4.393911e+00 -1.630235e+00 1.676102e-01 -1.261483e+00 1.242261e+00 2.607550e+00 1.375953e+00 -2.784143e-01 -1.500725e+00 -9.585103e-01 -4.835824e-01 3.228247e-01 3.637619e-01 4.441845e-01 -6.816547e-01 -6.156448e-02 1.790370e-01 -2.757239e-01 -4.799732e-01 -1.441550e-01 2.064891e-01 1.860751e-01 -8.494756e-02 -5.271335e-01 -6.141308e-01 -3.124968e-01 -3.315375e-01 -8.746050e-02 5.890124e-03
<VARIANCE> 39
 3.469777e+00 2.549401e+00 9.795942e+00 1.089874e+00 2.465390e+00 1.040859e+01 1.247572e+01 2.752527e+01 7.096206e+00 6.290940e+00 1.161594e+01 1.211128e+01 5.000000e-02 4.676369e-01 1.709237e-01 4.869230e-01 3.906880e-01 5.003077e-01 2.305449e+00 9.921834e-01 9.971097e-01 1.068838e+00 1.219334e+00 2.470241e+00 4.734341e+00 5.000000e-02 5.000000e-02 5.000000e-02 7.954984e-02 5.000000e-02 8.030879e-02 1.280887e-01 1.369641e-01 1.504982e-01 5.734157e-02 7.626854e-02 1.781502e-01 2.302247e-01 5.000000e-02
<GCONST> 5.513357e+01
<STATE> 23
<MEAN> 39
 -3.776543e+00 -8.790319e+00 -6.018164e+00 -7.491271e+00 -9.780625e-01 -3.735493e+00 4.710648e+00 -7.759784e-01 7.125966e-01 -2.389236e+00 4.405922e+00 -2.118075e+00 9.850993e-02 -4.736519e-01 8.919191e-02 6.226705e-01 7.753003e-01 3.185299e-01 -2.664482e-01 -3.729390e-01 -8.547927e-01 -1.893900e-01 -3.821891e-01 -2.577809e-01 -2.164850e-01 -2.661688e-02 3.036515e-01 -3.668406e-01 -5.653343e-01 -1.262143e-01 1.398247e-01 2.749605e-01 1.849079e-01 4.422252e-02 -1.961284e-01 -2.830877e-01 -3.694872e-01 1.747362e-01 1.551353e-02
<VARIANCE> 39
 2.993539e+00 1.306717e+00 5.871040e+00 1.924699e+00 4.663737e+00 1.498391e+01 1.043727e+01 6.405123e+00 1.435374e+01 1.176118e+01 1.192179e+01 3.085083e+01 5.000000e-02 2.443113e-01 1.968669e-01 4.722485e-01 5.284985e-01 7.361175e-01 1.608371e+00 9.904821e-01 6.732708e-01 2.708382e-01 2.024310e-01 2.353198e+00 2.533481e+00 5.000000e-02 7.608514e-02 5.000000e-02 1.168948e-01 7.769798e-02 1.193047e-01 3.160304e-01 1.764938e-01 7.021351e-02 8.583974e-02 1.082417e-01 2.055513e-01 5.552924e-01 5.000000e-02
<GCONST> 5.539666e+01
<STATE> 24
<MEAN> 39
 -4.448907e+00 -9.206780e+00 -5.620930e+00 -5.242873e+00 9.711679e-01 -2.857006e+00 5.468824e+00 -2.794577e+00 2.352996e+00 -2.196203e+00 3.418404e+00 -1.131606e+00 7.892004e-02 -1.892941e-01 -2.909350e-01 2.881997e-01 7.803769e-01 1.866686e-01 -2.693819e-01 -3.718405e-01 -4.025628e-01 5.799303e-03 -4.966670e-01 -7.857231e-01 8.614275e-02 -6.824122e-03 1.531151e-01 7.000412e-02 3.861279e-02 -1.080956e-01 -3.784757e-02 1.672130e-01 -5.759158e-02 2.526873e-01 -2.015761e-01 -1.727468e-01 7.226167e-02 1.334123e-01 7.588461e-03
<VARIANCE> 39
 1.943237e+00 2.040841e+00 6.220820e+00 2.332424e+00 7.208506e+00 1.190900e+01 7.907777e+00 6.310562e+00 1.909278e+01 3.688420e+00 8.072246e+00 2.229790e+01 5.000000e-02 2.531746e-01 1.554158e-01 4.318787e-01 1.152824e-01 8.499829e-01 1.542525e-01 6.629173e-01 3.367871e-01 2.479560e-01 5.244660e-01 4.686781e-01 9.744315e-01 5.000000e-02 7.511786e-02 5.000000e-02 1.226914e-01 1.603526e-01 1.303451e-01 3.532446e-01 7.850499e-02 5.000000e-02 5.000000e-02 5.000000e-02 2.956550e-01 4.806920e-01 5.000000e-02
<GCONST> 4.588863e+01
<TRANSP> 25
 0.000000e+00 1.000000e+00 0.000000e+00 0.000000e+00 0.000000e+00 0.000000e+00 0.000000e+00 0.000000e+00 0.000000e+00 0.000000e+00 0.000000e+00 0.000000e+00 0.000000e+00 0.000000e+00 0.000000e+00 0.000000e+00 0.000000e+00 0.000000e+00 0.000000e+00 0.000000e+00 0.000000e+00 0.000000e+00 0.000000e+00 0.000000e+00 0.000000e+00
 0.000000e+00 4.444062e-01 5.555937e-01 0.000000e+00 0.000000e+00 0.000000e+00 0.000000e+00 0.000000e+00 0.000000e+00 0.000000e+00 0.000000e+00 0.000000e+00 0.000000e+00 0.000000e+00 0.000000e+00 0.000000e+00 0.000000e+00 0.000000e+00 0.000000e+00 0.000000e+00 0.000000e+00 0.000000e+00 0.000000e+00 0.000000e+00 0.000000e+00
 0.000000e+00 0.000000e+00 4.444511e-01 5.555488e-01 0.000000e+00 0.000000e+00 0.000000e+00 0.000000e+00 0.000000e+00 0.000000e+00 0.000000e+00 0.000000e+00 0.000000e+00 0.000000e+00 0.000000e+00 0.000000e+00 0.000000e+00 0.000000e+00 0.000000e+00 0.000000e+00 0.000000e+00 0.000000e+00 0.000000e+00 0.000000e+00 0.000000e+00
 0.000000e+00 0.000000e+00 0.000000e+00 5.000271e-01 4.999729e-01 0.000000e+00 0.000000e+00 0.000000e+00 0.000000e+00 0.000000e+00 0.000000e+00 0.000000e+00 0.000000e+00 0.000000e+00 0.000000e+00 0.000000e+00 0.000000e+00 0.000000e+00 0.000000e+00 0.000000e+00 0.000000e+00 0.000000e+00 0.000000e+00 0.000000e+00 0.000000e+00
 0.000000e+00 0.000000e+00 0.000000e+00 0.000000e+00 2.857153e-01 7.142847e-01 0.000000e+00 0.000000e+00 0.000000e+00 0.000000e+00 0.000000e+00 0.000000e+00 0.000000e+00 0.000000e+00 0.000000e+00 0.000000e+00 0.000000e+00 0.000000e+00 0.000000e+00 0.000000e+00 0.000000e+00 0.000000e+00 0.000000e+00 0.000000e+00 0.000000e+00
 0.000000e+00 0.000000e+00 0.000000e+00 0.000000e+00 0.000000e+00 3.750133e-01 6.249867e-01 0.000000e+00 0.000000e+00 0.000000e+00 0.000000e+00 0.000000e+00 0.000000e+00 0.000000e+00 0.000000e+00 0.000000e+00 0.000000e+00 0.000000e+00 0.000000e+00 0.000000e+00 0.000000e+00 0.000000e+00 0.000000e+00 0.000000e+00 0.000000e+00
 0.000000e+00 0.000000e+00 0.000000e+00 0.000000e+00 0.000000e+00 0.000000e+00 3.749727e-01 6.250274e-01 0.000000e+00 0.000000e+00 0.000000e+00 0.000000e+00 0.000000e+00 0.000000e+00 0.000000e+00 0.000000e+00 0.000000e+00 0.000000e+00 0.000000e+00 0.000000e+00 0.000000e+00 0.000000e+00 0.000000e+00 0.000000e+00 0.000000e+00
 0.000000e+00 0.000000e+00 0.000000e+00 0.000000e+00 0.000000e+00 0.000000e+00 0.000000e+00 4.444566e-01 5.555434e-01 0.000000e+00 0.000000e+00 0.000000e+00 0.000000e+00 0.000000e+00 0.000000e+00 0.000000e+00 0.000000e+00 0.000000e+00 0.000000e+00 0.000000e+00 0.000000e+00 0.000000e+00 0.000000e+00 0.000000e+00 0.000000e+00
 0.000000e+00 0.000000e+00 0.000000e+00 0.000000e+00 0.000000e+00 0.000000e+00 0.000000e+00 0.000000e+00 3.750033e-01 6.249967e-01 0.000000e+00 0.000000e+00 0.000000e+00 0.000000e+00 0.000000e+00 0.000000e+00 0.000000e+00 0.000000e+00 0.000000e+00 0.000000e+00 0.000000e+00 0.000000e+00 0.000000e+00 0.000000e+00 0.000000e+00
 0.000000e+00 0.000000e+00 0.000000e+00 0.000000e+00 0.000000e+00 0.000000e+00 0.000000e+00 0.000000e+00 0.000000e+00 5.833374e-01 4.166626e-01 0.000000e+00 0.000000e+00 0.000000e+00 0.000000e+00 0.000000e+00 0.000000e+00 0.000000e+00 0.000000e+00 0.000000e+00 0.000000e+00 0.000000e+00 0.000000e+00 0.000000e+00 0.000000e+00
 0.000000e+00 0.000000e+00 0.000000e+00 0.000000e+00 0.000000e+00 0.000000e+00 0.000000e+00 0.000000e+00 0.000000e+00 0.000000e+00 4.444606e-01 5.555394e-01 0.000000e+00 0.000000e+00 0.000000e+00 0.000000e+00 0.000000e+00 0.000000e+00 0.000000e+00 0.000000e+00 0.000000e+00 0.000000e+00 0.000000e+00 0.000000e+00 0.000000e+00
 0.000000e+00 0.000000e+00 0.000000e+00 0.000000e+00 0.000000e+00 0.000000e+00 0.000000e+00 0.000000e+00 0.000000e+00 0.000000e+00 0.000000e+00 2.856828e-01 7.143173e-01 0.000000e+00 0.000000e+00 0.000000e+00 0.000000e+00 0.000000e+00 0.000000e+00 0.000000e+00 0.000000e+00 0.000000e+00 0.000000e+00 0.000000e+00 0.000000e+00
 0.000000e+00 0.000000e+00 0.000000e+00 0.000000e+00 0.000000e+00 0.000000e+00 0.000000e+00 0.000000e+00 0.000000e+00 0.000000e+00 0.000000e+00 0.000000e+00 2.863122e-01 7.136878e-01 0.000000e+00 0.000000e+00 0.000000e+00 0.000000e+00 0.000000e+00 0.000000e+00 0.000000e+00 0.000000e+00 0.000000e+00 0.000000e+00 0.000000e+00
 0.000000e+00 0.000000e+00 0.000000e+00 0.000000e+00 0.000000e+00 0.000000e+00 0.000000e+00 0.000000e+00 0.000000e+00 0.000000e+00 0.000000e+00 0.000000e+00 0.000000e+00 3.743357e-01 6.256644e-01 0.000000e+00 0.000000e+00 0.000000e+00 0.000000e+00 0.000000e+00 0.000000e+00 0.000000e+00 0.000000e+00 0.000000e+00 0.000000e+00
 0.000000e+00 0.000000e+00 0.000000e+00 0.000000e+00 0.000000e+00 0.000000e+00 0.000000e+00 0.000000e+00 0.000000e+00 0.000000e+00 0.000000e+00 0.000000e+00 0.000000e+00 0.000000e+00 2.838161e-01 7.161839e-01 0.000000e+00 0.000000e+00 0.000000e+00 0.000000e+00 0.000000e+00 0.000000e+00 0.000000e+00 0.000000e+00 0.000000e+00
 0.000000e+00 0.000000e+00 0.000000e+00 0.000000e+00 0.000000e+00 0.000000e+00 0.000000e+00 0.000000e+00 0.000000e+00 0.000000e+00 0.000000e+00 0.000000e+00 0.000000e+00 0.000000e+00 0.000000e+00 5.835776e-01 4.164224e-01 0.000000e+00 0.000000e+00 0.000000e+00 0.000000e+00 0.000000e+00 0.000000e+00 0.000000e+00 0.000000e+00
 0.000000e+00 0.000000e+00 0.000000e+00 0.000000e+00 0.000000e+00 0.000000e+00 0.000000e+00 0.000000e+00 0.000000e+00 0.000000e+00 0.000000e+00 0.000000e+00 0.000000e+00 0.000000e+00 0.000000e+00 0.000000e+00 4.452704e-01 5.547296e-01 0.000000e+00 0.000000e+00 0.000000e+00 0.000000e+00 0.000000e+00 0.000000e+00 0.000000e+00
 0.000000e+00 0.000000e+00 0.000000e+00 0.000000e+00 0.000000e+00 0.000000e+00 0.000000e+00 0.000000e+00 0.000000e+00 0.000000e+00 0.000000e+00 0.000000e+00 0.000000e+00 0.000000e+00 0.000000e+00 0.000000e+00 0.000000e+00 4.041899e-01 5.958101e-01 0.000000e+00 0.000000e+00 0.000000e+00 0.000000e+00 0.000000e+00 0.000000e+00
 0.000000e+00 0.000000e+00 0.000000e+00 0.000000e+00 0.000000e+00 0.000000e+00 0.000000e+00 0.000000e+00 0.000000e+00 0.000000e+00 0.000000e+00 0.000000e+00 0.000000e+00 0.000000e+00 0.000000e+00 0.000000e+00 0.000000e+00 0.000000e+00 3.769787e-01 6.230213e-01 0.000000e+00 0.000000e+00 0.000000e+00 0.000000e+00 0.000000e+00
 0.000000e+00 0.000000e+00 0.000000e+00 0.000000e+00 0.000000e+00 0.000000e+00 0.000000e+00 0.000000e+00 0.000000e+00 0.000000e+00 0.000000e+00 0.000000e+00 0.000000e+00 0.000000e+00 0.000000e+00 0.000000e+00 0.000000e+00 0.000000e+00 0.000000e+00 4.179037e-01 5.820963e-01 0.000000e+00 0.000000e+00 0.000000e+00 0.000000e+00
 0.000000e+00 0.000000e+00 0.000000e+00 0.000000e+00 0.000000e+00 0.000000e+00 0.000000e+00 0.000000e+00 0.000000e+00 0.000000e+00 0.000000e+00 0.000000e+00 0.000000e+00 0.000000e+00 0.000000e+00 0.000000e+00 0.000000e+00 0.000000e+00 0.000000e+00 0.000000e+00 3.745011e-01 6.254990e-01 0.000000e+00 0.000000e+00 0.000000e+00
 0.000000e+00 0.000000e+00 0.000000e+00 0.000000e+00 0.000000e+00 0.000000e+00 0.000000e+00 0.000000e+00 0.000000e+00 0.000000e+00 0.000000e+00 0.000000e+00 0.000000e+00 0.000000e+00 0.000000e+00 0.000000e+00 0.000000e+00 0.000000e+00 0.000000e+00 0.000000e+00 0.000000e+00 7.233547e-22 1.000000e+00 0.000000e+00 0.000000e+00
 0.000000e+00 0.000000e+00 0.000000e+00 0.000000e+00 0.000000e+00 0.000000e+00 0.000000e+00 0.000000e+00 0.000000e+00 0.000000e+00 0.000000e+00 0.000000e+00 0.000000e+00 0.000000e+00 0.000000e+00 0.000000e+00 0.000000e+00 0.000000e+00 0.000000e+00 0.000000e+00 0.000000e+00 0.000000e+00 5.454554e-01 4.545446e-01 0.000000e+00
 0.000000e+00 0.000000e+00 0.000000e+00 0.000000e+00 0.000000e+00 0.000000e+00 0.000000e+00 0.000000e+00 0.000000e+00 0.000000e+00 0.000000e+00 0.000000e+00 0.000000e+00 0.000000e+00 0.000000e+00 0.000000e+00 0.000000e+00 0.000000e+00 0.000000e+00 0.000000e+00 0.000000e+00 0.000000e+00 0.000000e+00 0.000000e+00 1.000000e+00
 0.000000e+00 0.000000e+00 0.000000e+00 0.000000e+00 0.000000e+00 0.000000e+00 0.000000e+00 0.000000e+00 0.000000e+00 0.000000e+00 0.000000e+00 0.000000e+00 0.000000e+00 0.000000e+00 0.000000e+00 0.000000e+00 0.000000e+00 0.000000e+00 0.000000e+00 0.000000e+00 0.000000e+00 0.000000e+00 0.000000e+00 0.000000e+00 0.000000e+00
<ENDHMM>
