~o
<STREAMINFO> 1 39
<VECSIZE> 39<NULLD><MFCC_E_D_A><DIAGC>
~h "Nawm"
<BEGINHMM>
<NUMSTATES> 5
<STATE> 2
<MEAN> 39
 -4.311808e+00 -1.089873e+01 -6.675391e+00 -5.414333e+00 -2.127837e+00 -5.935679e+00 3.139843e+00 -2.641964e+00 -3.825481e-01 -8.181624e+00 -9.893335e-01 -3.323044e+00 2.762832e-01 -2.951338e-01 -8.819107e-01 -1.150674e+00 1.787226e-01 -2.549472e-01 -7.237556e-02 7.974578e-01 -7.624955e-02 5.294538e-02 -1.147864e+00 -1.151858e-01 6.898212e-02 6.394549e-02 -9.432577e-02 -7.142699e-02 -7.763036e-02 1.317610e-01 9.997061e-02 8.217144e-02 3.196884e-02 -5.855199e-03 1.089270e-01 -2.512110e-02 9.611852e-02 4.505062e-02 5.130377e-03
<VARIANCE> 39
 3.708995e+01 3.421521e+01 4.192533e+01 3.630092e+01 2.149196e+01 1.950620e+01 2.778448e+01 1.449530e+01 2.137793e+01 4.581198e+01 2.031483e+01 1.195386e+01 1.200760e-01 5.034408e+00 4.188487e+00 2.863649e+00 6.305547e+00 2.712967e+00 2.511312e+00 3.155259e+00 1.814204e+00 1.868168e+00 2.516175e+00 2.720705e+00 1.661810e+00 5.000000e-02 8.714431e-01 7.378517e-01 5.414565e-01 1.012457e+00 4.791224e-01 4.460166e-01 6.236663e-01 3.161697e-01 3.048300e-01 4.050290e-01 4.599013e-01 3.272450e-01 5.000000e-02
<GCONST> 1.069230e+02
<STATE> 3
<MEAN> 39
 -1.712024e+00 -2.355188e+01 -1.291516e+01 -2.168712e+00 -3.410884e+00 -6.988277e+00 2.505657e+00 -3.877135e+00 4.758816e+00 -1.513999e+01 -1.318035e+00 -4.654089e+00 7.890994e-01 5.778156e-01 -1.054415e-02 3.499626e-01 4.490809e-02 -4.828598e-02 -1.796902e-01 -5.026734e-01 9.109505e-02 -1.352274e-01 1.151105e-01 -3.142516e-01 -2.006087e-01 -1.571121e-02 4.410993e-02 6.251378e-02 4.546810e-02 -5.387869e-02 -3.922560e-03 -3.807665e-02 -2.077198e-02 3.296150e-02 -6.129360e-02 3.954335e-02 -4.111619e-02 1.173774e-02 -3.761086e-03
<VARIANCE> 39
 7.255932e+01 6.836694e+00 3.889001e+01 2.488621e+01 5.353928e+01 2.932610e+01 4.088187e+01 2.039221e+01 3.488499e+01 4.245673e+01 2.222005e+01 2.383062e+01 5.000000e-02 1.434393e+00 5.513293e-01 1.326898e+00 2.006141e+00 4.242215e+00 1.845603e+00 1.306645e+00 2.291387e+00 2.642691e+00 2.648544e+00 1.258214e+00 2.090467e+00 5.000000e-02 1.960180e-01 1.190799e-01 2.394275e-01 3.994485e-01 7.056945e-01 4.416985e-01 2.746811e-01 5.342927e-01 4.927571e-01 4.469000e-01 2.606663e-01 4.639341e-01 5.000000e-02
<GCONST> 9.742575e+01
<STATE> 4
<MEAN> 39
 -9.753134e-01 -1.974692e+01 -7.798320e+00 1.026140e+00 3.750288e-01 -6.664180e+00 1.088445e+00 -5.106721e-01 6.921397e-01 -8.918078e+00 -1.163761e+00 -6.751879e-01 2.476484e-01 -6.167457e-01 5.665441e-01 2.829518e-01 -1.551028e-01 3.070299e-01 2.087982e-01 5.089697e-03 1.267803e-01 3.693341e-01 6.746081e-01 4.830856e-01 3.705973e-01 -2.987918e-02 5.066808e-02 4.801012e-02 3.873828e-02 -7.056168e-02 -5.882447e-02 -3.742324e-02 -2.799111e-02 -5.102159e-02 -1.141296e-02 2.807503e-02 2.951845e-02 -6.758402e-02 2.632103e-03
<VARIANCE> 39
 1.186013e+01 1.324917e+01 1.332263e+01 6.248751e+00 1.048470e+01 1.215774e+01 1.236784e+01 9.499064e+00 1.277399e+01 1.966415e+01 1.624041e+01 1.171893e+01 5.000000e-02 4.657854e-01 9.927167e-01 1.349435e+00 9.503245e-01 1.076334e+00 1.209980e+00 1.386775e+00 1.056499e+00 9.947379e-01 1.528675e+00 1.626646e+00 1.389402e+00 5.000000e-02 1.044474e-01 1.695818e-01 2.105944e-01 2.226146e-01 1.916056e-01 2.484401e-01 2.842619e-01 2.261624e-01 2.165420e-01 3.408964e-01 3.862976e-01 2.547457e-01 5.000000e-02
<GCONST> 7.610841e+01
<TRANSP> 5
 0.000000e+00 1.000000e+00 0.000000e+00 0.000000e+00 0.000000e+00
 0.000000e+00 9.295425e-01 7.045746e-02 0.000000e+00 0.000000e+00
 0.000000e+00 0.000000e+00 9.603301e-01 3.966996e-02 0.000000e+00
 0.000000e+00 0.000000e+00 0.000000e+00 9.390207e-01 6.097928e-02
 0.000000e+00 0.000000e+00 0.000000e+00 0.000000e+00 0.000000e+00
<ENDHMM>
