~o
<STREAMINFO> 1 39
<VECSIZE> 39<NULLD><MFCC_E_D_A><DIAGC>
~h "Ngay"
<BEGINHMM>
<NUMSTATES> 5
<STATE> 2
<MEAN> 39
 -2.828322e+00 -1.067718e+01 -5.921514e+00 -8.487747e+00 -1.822744e+00 -7.097939e+00 7.317190e+00 -4.324309e+00 -2.492795e+00 -7.196628e+00 -5.109066e+00 -6.242035e+00 4.428501e-01 -2.864371e-01 -8.788394e-01 -1.055218e+00 1.129603e-02 2.330935e-02 -5.145740e-01 1.114884e+00 -4.791653e-01 -3.556817e-01 -9.050550e-01 -4.118392e-01 -6.884473e-02 6.451765e-02 -4.113608e-02 -1.618907e-01 -1.502691e-01 2.127291e-01 1.098542e-01 -8.419957e-02 -3.482114e-02 -6.086442e-02 9.089249e-02 -5.922702e-02 1.100271e-01 1.504677e-01 1.844587e-03
<VARIANCE> 39
 3.834278e+01 1.770276e+01 3.772645e+01 4.611135e+01 2.590556e+01 5.769551e+01 4.931684e+01 1.496094e+01 3.615968e+01 2.623587e+01 2.714815e+01 2.148924e+01 9.969141e-02 5.483250e+00 1.054205e+00 2.889861e+00 5.552538e+00 2.732709e+00 3.528616e+00 4.103703e+00 1.491448e+00 3.101291e+00 2.414698e+00 2.475682e+00 2.449676e+00 5.000000e-02 1.102583e+00 1.340731e-01 5.221845e-01 7.455585e-01 3.735142e-01 6.070257e-01 1.016773e+00 3.331122e-01 6.010960e-01 4.688854e-01 4.217566e-01 3.785985e-01 5.000000e-02
<GCONST> 1.084000e+02
<STATE> 3
<MEAN> 39
 -8.810444e+00 -2.262465e+01 -1.411906e+01 -3.047870e+00 -2.259676e+00 -8.457169e+00 1.309700e+01 -5.310635e+00 1.521509e+00 -9.906518e+00 -5.666728e+00 -2.646971e+00 9.164574e-01 5.646119e-02 6.625611e-03 4.426798e-01 -5.303671e-01 -6.978550e-01 2.937703e-02 -3.154391e-01 7.329316e-02 4.250999e-01 7.942433e-01 -2.411319e-01 1.080537e-01 -5.020508e-03 4.967849e-02 9.750447e-02 1.312159e-01 -1.545980e-01 -6.621477e-02 1.766588e-02 -8.789643e-02 3.314287e-02 -7.490322e-02 3.074997e-02 -3.965368e-02 -4.831621e-02 -3.437637e-03
<VARIANCE> 39
 9.186593e+00 1.229368e+01 3.952173e+01 4.539399e+01 7.039389e+01 4.155912e+01 1.508569e+01 2.270614e+01 2.722944e+01 5.668589e+01 1.194566e+01 1.942564e+01 5.000000e-02 3.227674e-01 9.458565e-01 1.180729e+00 2.039588e+00 1.611908e+00 1.229870e+00 1.887673e+00 1.264160e+00 1.704497e+00 3.141619e+00 8.230023e-01 1.098263e+00 5.000000e-02 5.000000e-02 9.119486e-02 1.349197e-01 2.147870e-01 1.664232e-01 2.211609e-01 2.928219e-01 2.387510e-01 3.604577e-01 6.765262e-01 1.499949e-01 1.985243e-01 5.000000e-02
<GCONST> 8.451941e+01
<STATE> 4
<MEAN> 39
 -2.293073e+00 -1.893174e+01 -3.299292e+00 -4.998384e+00 -7.220630e+00 -6.210352e+00 5.655396e+00 -2.129797e+00 -1.438107e-01 -4.579120e+00 -3.975184e+00 -1.827947e+00 3.691762e-01 2.692779e-02 2.697152e-01 1.445342e-01 5.370142e-01 5.627806e-01 2.704159e-01 -2.230294e-01 1.770230e-01 -2.964543e-01 -2.287033e-01 4.653330e-01 7.459547e-02 -3.105822e-02 -5.752156e-02 3.822153e-03 -4.138929e-02 3.439597e-02 7.262675e-03 1.863855e-02 6.690515e-02 -1.958502e-02 3.727105e-02 5.696198e-02 2.366422e-02 -2.881452e-02 2.194814e-04
<VARIANCE> 39
 2.001649e+01 2.179692e+01 1.728429e+01 5.045580e+01 4.132136e+01 1.555347e+01 1.173713e+01 1.844515e+01 1.279036e+01 1.673514e+01 2.434212e+01 1.771752e+01 5.658679e-02 1.334355e+00 1.301680e+00 1.060150e+00 1.726889e+00 1.482863e+00 1.237276e+00 1.528158e+00 1.744181e+00 1.395508e+00 2.025190e+00 1.660034e+00 1.536353e+00 5.000000e-02 1.429868e-01 1.901409e-01 1.828926e-01 2.560279e-01 3.181238e-01 2.422751e-01 2.634373e-01 3.397336e-01 2.571841e-01 4.277171e-01 3.548757e-01 2.877131e-01 5.000000e-02
<GCONST> 8.752654e+01
<TRANSP> 5
 0.000000e+00 1.000000e+00 0.000000e+00 0.000000e+00 0.000000e+00
 0.000000e+00 9.218158e-01 7.818425e-02 0.000000e+00 0.000000e+00
 0.000000e+00 0.000000e+00 9.519177e-01 4.808233e-02 0.000000e+00
 0.000000e+00 0.000000e+00 0.000000e+00 9.593694e-01 4.063058e-02
 0.000000e+00 0.000000e+00 0.000000e+00 0.000000e+00 0.000000e+00
<ENDHMM>
