~o
<STREAMINFO> 1 39
<VECSIZE> 39<NULLD><MFCC_E_D_A><DIAGC>
~h "Ngu*ng"
<BEGINHMM>
<NUMSTATES> 28
<STATE> 2
<MEAN> 39
 -6.473915e+00 -5.285196e+00 -2.282330e+00 1.937668e-01 2.378038e+00 -3.903236e+00 1.350377e+00 -3.789395e+00 3.351088e-01 -4.129790e+00 3.955370e+00 -2.432127e+00 1.803560e-01 -1.491027e+00 9.605504e-01 -1.129129e+00 1.314392e+00 4.309572e-02 1.248548e-01 7.756418e-01 6.862665e-01 2.561838e-01 -1.087228e-01 1.088123e-01 -2.826013e-01 6.445629e-03 4.212422e-02 -1.894174e-01 -1.079021e-01 -3.252166e-01 -3.470574e-01 -4.661419e-02 1.339473e-02 3.303723e-01 3.415994e-02 1.572537e-01 -1.609665e-03 -9.155178e-02 3.922276e-03
<VARIANCE> 39
 2.529303e+01 2.884043e+01 3.113384e+01 1.836060e+01 6.122241e+00 1.203093e+01 1.391950e+01 5.019146e+00 1.330019e+01 1.040616e+01 9.024632e+00 1.133629e+01 5.000000e-02 1.780615e+00 3.551153e+00 2.162307e+00 2.102786e+00 1.185835e+00 1.002308e+00 1.721976e+00 5.565597e-01 1.083947e+00 7.776162e-01 2.199954e+00 1.672792e+00 5.000000e-02 8.793985e-01 8.168952e-01 8.343480e-01 6.626404e-01 2.220537e-01 1.539232e-01 3.913758e-01 1.430996e-01 2.302580e-01 1.817209e-01 4.563280e-01 3.597354e-01 5.000000e-02
<GCONST> 8.619325e+01
<STATE> 3
<MEAN> 39
 -8.342461e+00 -6.454148e+00 -2.410648e+00 6.901786e-01 8.672382e-01 -2.800272e+00 4.124837e+00 9.135212e-01 1.663022e+00 -2.987440e+00 4.794255e+00 -1.552375e+00 1.527383e-01 1.250895e+00 -1.290031e+00 7.721103e-01 -1.850094e+00 -5.482243e-01 -2.736234e-01 -8.081330e-01 4.314105e-01 -5.649631e-01 -2.700399e-01 -1.599010e+00 -4.228800e-01 5.422227e-03 7.354504e-01 1.966582e-02 -1.640620e-01 -6.034075e-01 -1.949565e-01 -2.333255e-01 -5.805312e-01 -6.941218e-01 -1.266592e-01 -6.374688e-02 -6.408279e-01 -2.343982e-01 1.545425e-02
<VARIANCE> 39
 1.149895e+01 3.195150e+01 2.533006e+01 2.192833e+01 9.697121e+00 1.508257e+01 2.081985e+01 7.992217e+00 1.550089e+01 4.427777e+00 2.168533e+01 8.745008e+00 5.000000e-02 1.742250e+00 3.622331e+00 3.629380e+00 1.901991e+00 2.237048e+00 7.967128e-01 1.408306e+00 1.634709e+00 8.315630e-01 1.527709e+00 2.434964e+00 1.260152e+00 5.000000e-02 7.403948e-01 1.044843e+00 1.009938e+00 9.335190e-01 3.364349e-01 1.231353e-01 3.099812e-01 2.030262e-01 1.828181e-01 1.349646e-01 2.810130e-01 1.522302e-01 5.000000e-02
<GCONST> 8.791755e+01
<STATE> 4
<MEAN> 39
 -1.637009e+00 -7.265689e+00 -3.157302e+00 -5.815976e+00 -9.502919e-01 -4.215961e+00 -3.941851e-01 -3.189534e+00 -2.072755e-01 -4.341512e+00 -3.388369e+00 -5.744833e+00 3.026595e-01 2.209730e+00 -1.468792e-01 -1.372879e+00 -1.365488e+00 -9.710860e-01 -6.063502e-01 -7.064274e-01 -1.502286e+00 -5.776679e-01 -4.518127e-01 -1.309688e+00 -4.742902e-01 7.523635e-02 -2.131782e-01 -1.241648e-01 -9.035932e-02 3.903643e-01 7.505567e-02 -2.386501e-01 3.938238e-01 1.391759e-01 -1.434932e-01 -1.371281e-01 4.634337e-01 4.238577e-01 2.027350e-03
<VARIANCE> 39
 3.535359e+01 4.424722e+00 1.141120e+01 2.555800e+01 7.965144e+00 6.706209e+00 6.781488e+00 7.460557e+00 1.893394e+01 1.429901e+01 3.042466e+01 7.196408e+00 5.575198e-02 3.258698e+00 9.526883e-01 2.162276e+00 1.768620e+00 6.969820e-01 1.160584e+00 1.319002e+00 1.360238e+00 9.885947e-01 1.148604e+00 3.117227e+00 1.002394e+00 5.000000e-02 6.165171e-01 2.044836e-01 2.234091e-01 2.217589e-01 1.340674e-01 1.611367e-01 1.388767e-01 3.687787e-01 1.114412e-01 2.791888e-01 3.315151e-01 1.236184e-01 5.000000e-02
<GCONST> 7.798481e+01
<STATE> 5
<MEAN> 39
 6.349368e+00 -1.012257e+01 -8.726105e+00 -8.970188e+00 -6.947030e+00 -9.934055e+00 -1.090505e+00 -7.207596e+00 -5.779402e+00 -8.403007e+00 -5.871827e+00 -4.157327e+00 6.085072e-01 -6.476707e-01 -5.734459e-01 -7.456658e-01 3.411118e-01 -4.063286e-01 -2.725186e+00 7.271848e-01 7.972019e-01 -1.195125e+00 -5.003739e-01 -7.449666e-01 1.129128e+00 3.881131e-02 -1.509674e+00 9.890544e-02 4.329611e-01 3.238813e-01 6.877729e-01 -2.286101e-01 3.531282e-01 1.001211e+00 4.933195e-01 5.307068e-01 -1.649795e-01 5.261728e-02 -1.164869e-02
<VARIANCE> 39
 4.738729e+01 7.874326e+00 2.136252e+01 1.712751e+01 1.839382e+01 1.374564e+01 8.631650e+00 6.752654e+00 4.109211e+00 4.891561e+00 3.096527e+01 1.140615e+01 8.474194e-02 3.336574e+00 9.448615e-01 1.066314e+00 4.967923e-01 1.296531e+00 2.828151e+00 9.015571e-01 1.172277e+00 2.978123e-01 1.082800e+00 8.006954e-01 2.533927e-01 5.000000e-02 6.815554e-01 2.262863e-01 3.285596e-01 1.310129e-01 9.298354e-02 5.758719e-01 2.113026e-01 5.000000e-02 2.800123e-01 7.722217e-02 2.951482e-01 1.789589e-01 5.000000e-02
<GCONST> 7.338129e+01
<STATE> 6
<MEAN> 39
 -1.998474e+00 -8.599772e+00 -4.507721e+00 -4.018563e+00 -9.103031e-01 -1.058267e+01 1.084692e+00 -3.702038e+00 -3.090111e+00 -4.741772e+00 -2.220457e+00 -3.572764e+00 3.726027e-01 -1.867121e+00 -5.916109e-01 5.996111e-02 1.239254e-01 5.630401e-01 -1.305387e+00 6.878458e-01 1.586454e+00 6.037644e-01 8.372838e-01 -1.002282e+00 -4.525457e-02 1.362763e-02 -3.989203e-01 -4.029210e-02 1.199702e-01 -1.733465e-01 6.306805e-02 6.982806e-01 -8.139296e-02 2.843479e-01 5.731775e-01 2.310770e-01 -1.036036e-01 -7.178624e-02 -2.866656e-03
<VARIANCE> 39
 1.567676e+01 3.431718e+00 3.828898e+01 8.762435e+00 1.019246e+01 7.196075e+01 1.256440e+01 1.493983e+01 2.654047e+01 1.159811e+01 7.130308e+01 7.556502e+00 7.659363e-02 5.394565e+00 1.044390e+00 2.197569e+00 5.377406e-01 1.000489e+00 1.592268e+00 1.842959e+00 1.425665e+00 1.390402e+00 2.036728e+00 1.634891e+00 1.009410e+00 5.000000e-02 2.831193e-01 1.455130e-01 2.989209e-01 2.005243e-01 1.464274e-01 1.072125e+00 3.255500e-01 5.056982e-02 2.654607e-01 2.038907e-01 1.357816e-01 4.228026e-01 5.000000e-02
<GCONST> 8.390224e+01
<STATE> 7
<MEAN> 39
 -6.888058e+00 -1.217386e+01 -7.308915e+00 -9.507699e+00 -1.904501e+00 -1.377526e+01 3.441849e+00 2.930554e+00 -2.219229e+00 -3.501162e+00 -1.159819e+01 -2.615396e+00 6.766194e-01 -2.731490e+00 -4.417827e-01 -2.281748e-01 -8.125610e-01 7.648581e-01 2.067665e+00 -6.461229e-01 2.326297e+00 2.229713e+00 9.783978e-01 -1.027246e+00 5.404583e-02 4.344046e-02 7.455628e-01 2.000586e-01 -3.489339e-01 -5.574989e-03 7.785495e-02 1.207761e+00 -7.279053e-01 -4.450852e-01 3.997253e-01 -1.262185e-01 5.099168e-01 -2.061560e-01 -2.129559e-03
<VARIANCE> 39
 4.572223e+00 9.085733e+00 4.012935e+01 4.293752e+01 1.291413e+01 3.916568e+01 4.568228e+00 1.057612e+01 1.401183e+01 1.589456e+01 5.482548e+01 2.661429e+00 1.136362e-01 2.955495e+00 1.198187e+00 1.477589e+00 1.530425e+00 1.149612e+00 1.846415e+00 1.155986e+00 1.059225e+00 6.257979e-01 5.870793e-01 8.029009e-01 1.153115e+00 5.000000e-02 3.109588e-01 1.868695e-01 2.621288e-01 9.057541e-02 2.175512e-01 5.936601e-01 1.792817e-01 9.714872e-02 2.768615e-01 3.324068e-01 5.000000e-02 6.475117e-02 5.000000e-02
<GCONST> 7.633791e+01
<STATE> 8
<MEAN> 39
 -8.287232e+00 -1.082275e+01 -6.712020e+00 -7.007102e+00 -1.205369e-01 -6.982319e+00 6.524616e-02 2.929467e+00 3.731396e+00 -3.235323e+00 -6.842909e+00 -2.350505e+00 5.249742e-01 -2.331230e-01 -2.057979e-02 -7.864929e-01 -4.507402e-01 8.592577e-01 1.449714e+00 -7.914891e-01 2.861403e-01 1.149431e+00 -2.133788e-01 2.255127e-01 -1.843013e-01 1.475824e-02 3.808853e-01 2.979507e-02 1.811393e-02 -5.530830e-02 2.227306e-01 -6.293810e-02 -8.556744e-02 -4.324543e-01 -4.471401e-01 -2.090343e-01 2.094494e-01 -1.868262e-01 -7.596544e-03
<VARIANCE> 39
 9.431637e+00 9.116957e+00 5.108662e+01 4.374982e+01 2.084651e+00 8.138885e+00 5.518179e+00 2.665319e+01 7.327800e+00 1.598236e+01 8.404294e+01 3.905046e+00 1.776634e-01 8.214883e-01 3.197025e-01 8.500627e-01 4.645097e-01 1.292257e+00 1.788362e+00 8.961568e-01 7.762426e-01 1.224063e+00 8.070637e-01 3.351551e-01 8.612785e-01 5.000000e-02 2.970906e-01 9.903124e-02 1.921180e-01 1.004003e-01 8.999433e-02 1.082263e-01 1.643629e-01 1.734264e-01 6.817164e-02 2.809987e-01 1.325228e-01 1.480249e-01 5.000000e-02
<GCONST> 6.790693e+01
<STATE> 9
<MEAN> 39
 -7.811234e+00 -1.118648e+01 -6.915996e+00 -7.653090e+00 3.768025e+00 -2.800923e+00 -2.820846e+00 1.879208e+00 3.962269e+00 -5.150422e+00 -4.646953e+00 -3.691091e+00 4.734474e-01 2.946649e-02 -2.434667e-01 -2.937217e-02 -2.072015e-01 6.337409e-01 3.213671e-01 -6.631837e-01 -4.400739e-01 -5.666278e-02 -1.167382e-01 3.792773e-01 -9.486261e-02 -3.692119e-03 4.785560e-02 8.450357e-02 1.391868e-01 -3.951432e-03 -3.688285e-01 -4.835598e-01 1.795138e-01 -9.915400e-02 -1.261183e-01 2.232355e-01 1.043844e-01 1.602603e-01 -2.584961e-03
<VARIANCE> 39
 7.710915e+00 5.468480e+00 5.374910e+01 3.986079e+01 9.250732e+00 1.169616e+01 1.097434e+01 3.430836e+01 1.086972e+01 1.006361e+01 6.719279e+01 1.232866e+01 1.949363e-01 1.722008e-01 2.186818e-01 4.348339e-01 5.151170e-01 1.160196e+00 1.813859e+00 6.284637e-01 3.551198e-01 4.212894e-01 1.582419e+00 6.434711e-01 9.028642e-01 5.000000e-02 9.310825e-02 7.269777e-02 7.851502e-02 1.047410e-01 1.903651e-01 1.788397e-01 1.060935e-01 2.819787e-01 3.080674e-01 3.143740e-01 6.824992e-02 1.430522e-01 5.000000e-02
<GCONST> 6.736235e+01
<STATE> 10
<MEAN> 39
 -7.174120e+00 -1.095310e+01 -7.971525e+00 -7.200066e+00 3.401594e+00 -4.365026e+00 -2.632901e+00 1.158652e+00 3.731890e+00 -2.649840e+00 -2.405887e+00 -3.097610e+00 5.241252e-01 3.048946e-01 7.444940e-01 5.556748e-01 -4.724911e-01 -1.930367e-01 1.703348e-01 -2.223138e-01 -4.737692e-01 1.582633e-02 1.136561e+00 5.458228e-01 -6.675680e-01 7.711822e-03 1.389347e-01 1.541065e-01 2.336455e-01 -2.124401e-01 -2.643927e-01 1.107038e-01 4.648644e-02 -1.881090e-01 -2.930337e-01 1.130689e-01 -3.832295e-01 -2.704115e-01 -2.060016e-04
<VARIANCE> 39
 6.506679e+00 3.104774e+00 7.463319e+01 5.406950e+01 6.741781e+00 3.214502e+00 1.009713e+01 1.629298e+01 7.318702e+00 8.419662e+00 6.626200e+01 1.315581e+01 1.741140e-01 5.821802e-01 9.851515e-02 6.054290e-01 2.347689e+00 1.884562e+00 1.064791e+00 1.225610e+00 3.804976e+00 1.996961e+00 8.840047e-01 9.796078e-01 1.096817e+00 5.000000e-02 5.931985e-02 6.201713e-02 1.982604e-01 1.858511e-01 3.391667e-01 1.480894e-01 1.041074e-01 1.860021e-01 1.597555e-01 1.927943e-01 9.905359e-02 2.398138e-01 5.000000e-02
<GCONST> 7.162434e+01
<STATE> 11
<MEAN> 39
 -8.053129e+00 -9.947723e+00 -6.385852e+00 -1.063643e+01 4.437878e+00 -4.210724e+00 -3.824886e+00 4.923022e-01 3.965579e+00 -2.098944e+00 -5.614741e+00 -5.354851e+00 5.338252e-01 3.956548e-01 3.237069e-01 7.320776e-02 -1.067380e+00 -2.276528e-01 4.996308e-01 -7.218239e-02 -1.038672e+00 -8.061007e-01 7.392774e-02 -6.793562e-01 -5.097480e-01 -1.294791e-02 2.598887e-01 -1.328348e-01 1.692867e-01 5.173119e-02 -3.117240e-01 -8.459436e-03 -2.001989e-02 -2.198915e-01 4.302111e-03 -1.404472e-01 -2.473726e-01 3.322988e-01 -5.241269e-04
<VARIANCE> 39
 1.301285e+01 7.720128e+00 7.414883e+01 1.112267e+02 2.130284e+01 1.081550e+01 2.163506e+01 1.471463e+01 8.679490e+00 6.518254e+00 7.482323e+01 2.619410e+01 1.380696e-01 2.787754e-01 1.218956e-01 1.532786e+00 1.279146e+00 2.338101e+00 8.746158e-01 6.136817e-01 1.067739e+00 1.079572e+00 2.033609e+00 4.845064e-01 1.235555e+00 5.000000e-02 6.863169e-02 5.000000e-02 3.912471e-01 3.674823e-01 2.133845e-01 1.214315e-01 5.000000e-02 2.909564e-01 2.711689e-01 3.023725e-01 1.316115e-01 2.266919e-01 5.000000e-02
<GCONST> 7.649881e+01
<STATE> 12
<MEAN> 39
 -5.096895e+00 -8.474265e+00 -6.092456e+00 -1.233954e+01 1.911143e+00 -1.863087e+00 -3.602107e+00 -3.002865e+00 1.533812e+00 -2.055770e+00 -6.835113e+00 -5.873497e+00 5.358417e-01 1.577414e+00 5.044357e-02 8.954678e-01 -1.918514e-01 -1.204513e+00 -6.671577e-01 -6.115092e-01 -1.146461e+00 -4.141544e-01 4.932118e-01 -9.255484e-01 2.775264e-01 2.092177e-02 3.507919e-01 -3.185946e-01 2.326738e-01 2.386913e-01 -2.734273e-01 -5.655299e-01 2.885461e-01 3.890668e-01 -1.277765e-01 -4.061978e-02 2.036964e-01 3.641300e-01 1.232978e-02
<VARIANCE> 39
 1.701853e+01 8.260143e+00 3.732905e+01 7.016372e+01 3.590437e+01 4.846403e+00 3.120384e+01 9.392328e+00 1.101512e+01 2.588830e+01 5.627962e+01 2.146085e+01 1.256597e-01 6.928413e-01 4.549122e-01 4.054445e+00 8.547545e-01 1.247359e+00 8.026054e-01 4.365456e-01 1.645645e+00 7.502816e-01 1.749576e+00 1.666972e+00 1.805357e+00 5.000000e-02 2.273579e-01 1.780258e-01 1.980763e-01 4.298649e-01 2.308424e-01 2.376337e-01 3.797969e-01 2.849940e-01 4.819208e-01 7.112482e-01 1.797374e-01 5.037695e-01 5.000000e-02
<GCONST> 8.688007e+01
<STATE> 13
<MEAN> 39
 2.044445e+00 -8.624053e+00 -7.010677e+00 -1.382944e+01 -3.408222e+00 -7.523518e+00 -4.265515e+00 -4.792776e+00 -2.801816e+00 -2.628255e+00 -8.554496e+00 -6.931192e+00 6.806706e-01 2.191103e+00 -8.630159e-01 4.277803e-01 -7.157277e-01 -1.512331e+00 -1.416638e+00 9.157646e-01 -2.450357e-01 -1.446636e+00 -7.560983e-01 -5.687504e-01 9.004182e-01 5.622043e-02 -4.451309e-01 -3.273408e-01 4.801479e-02 2.298316e-01 2.135835e-01 -7.606640e-02 3.865495e-01 4.593694e-01 2.604079e-01 -4.099076e-01 3.314041e-01 2.686176e-01 -5.338229e-03
<VARIANCE> 39
 4.502731e+01 1.306847e+01 1.829887e+01 4.619617e+01 2.596267e+01 1.359089e+01 2.375119e+01 1.027013e+01 1.495549e+01 2.702923e+01 5.991027e+01 1.192101e+01 5.528302e-02 2.618748e+00 1.292751e+00 7.669755e+00 3.306486e+00 8.824745e-01 7.082810e-01 2.450040e+00 2.337260e+00 3.465981e+00 2.628688e+00 3.039068e+00 4.241721e+00 5.000000e-02 1.031926e+00 9.814165e-02 4.624384e-01 6.008714e-01 2.485496e-01 2.805221e-01 2.581324e-01 5.154724e-01 4.485712e-01 5.999563e-01 7.826657e-01 3.678554e-01 5.000000e-02
<GCONST> 9.952911e+01
<STATE> 14
<MEAN> 39
 -4.496932e-01 -1.351660e+01 -2.875316e+00 -1.416997e+01 -5.921247e+00 -9.522870e+00 -6.088319e-01 -1.174347e+00 -2.474419e+00 -4.277954e+00 -1.045621e+01 -2.043967e-03 8.212441e-01 -2.031633e-01 -1.343233e+00 8.858857e-01 1.757356e-02 -8.294597e-01 6.042498e-02 -3.013374e-01 1.116362e+00 1.723214e+00 -1.670712e+00 4.967428e-01 6.339275e-01 1.739531e-02 -9.974792e-02 1.319484e-01 -7.206517e-01 -2.062610e-01 9.327088e-01 5.995626e-01 -7.362579e-01 9.394310e-02 7.205738e-01 6.342462e-03 -8.626547e-02 -7.832581e-01 -1.946926e-03
<VARIANCE> 39
 3.433746e+01 5.489222e+00 2.717245e+01 3.036026e+01 2.552141e+01 2.384546e+01 1.704005e+01 3.141702e+01 6.869570e+01 4.426557e+01 5.595214e+00 1.560625e+01 5.000000e-02 7.128355e+00 1.029798e-01 2.431316e+00 7.040470e-01 2.430244e+00 5.312689e+00 6.354474e+00 1.451062e+00 6.563159e+00 2.345552e+00 2.664616e+00 1.940187e+00 5.000000e-02 9.349061e-01 5.000000e-02 2.230793e-01 5.000000e-02 2.833356e-01 3.867301e-01 6.926187e-01 6.212965e-01 1.282419e+00 1.098161e+00 1.859166e-01 1.720216e-01 5.000000e-02
<GCONST> 9.549904e+01
<STATE> 15
<MEAN> 39
 1.815629e+00 -1.372132e+01 -8.093620e+00 -1.484150e+01 -5.974008e-01 -1.463993e+01 9.336131e-01 3.356136e+00 -3.271060e+00 -4.837550e+00 -1.024017e+01 -3.050061e+00 8.696423e-01 -1.163887e+00 -9.909549e-01 -8.480550e-01 -7.892346e-02 2.041129e+00 3.505034e-01 2.083686e-01 1.813164e+00 1.354266e+00 3.190677e-01 -1.190590e+00 -7.984383e-01 1.299293e-02 -1.129154e-01 1.129233e-01 -3.629068e-01 4.289816e-02 -4.335769e-02 9.990073e-01 -6.106570e-01 -5.628024e-01 2.093521e-01 4.710989e-02 -3.923365e-01 -6.004517e-01 -1.101207e-03
<VARIANCE> 39
 3.031734e+01 9.623706e+00 7.739991e+01 1.898704e+01 5.768262e+01 1.596882e+02 4.511415e+01 6.530040e+01 1.043865e+02 1.059598e+01 2.539171e+01 9.396441e+00 5.000000e-02 6.248622e+00 3.800117e-01 1.410149e+00 9.749302e-01 4.383545e+00 1.048089e+01 4.462232e+00 6.338631e+00 2.500952e+00 4.260620e+00 4.846541e+00 1.439354e+00 5.000000e-02 6.429467e-01 5.000000e-02 4.585129e-01 1.059875e-01 1.041512e+00 1.904538e+00 8.416649e-01 8.853953e-01 1.166809e+00 9.893274e-01 3.941799e-01 2.299647e-01 5.000000e-02
<GCONST> 1.095918e+02
<STATE> 16
<MEAN> 39
 -2.682868e+00 -1.703312e+01 -9.301682e+00 -1.521399e+01 2.641546e+00 -6.262811e+00 -6.165496e+00 3.103526e+00 2.421180e+00 -4.872858e+00 -1.557560e+01 -5.779171e+00 9.154935e-01 2.145689e-01 -2.781147e-01 -2.141940e-01 -6.314710e-01 6.151060e-01 1.355129e+00 -1.525937e+00 -5.448981e-01 -3.350264e-01 4.759852e-01 -3.761359e-02 -2.169007e-01 -3.584503e-03 8.057887e-02 2.679531e-01 6.811737e-02 -6.705061e-02 -2.662903e-01 -3.116848e-01 2.263578e-02 -1.838738e-01 -5.992067e-01 2.684608e-01 4.470842e-01 1.874077e-01 -7.223542e-03
<VARIANCE> 39
 1.686243e+01 3.197725e+00 6.842326e+01 2.527004e+01 3.969691e+01 1.903030e+01 4.364218e+01 4.874811e+01 2.533413e+01 6.791514e+00 2.577897e+01 1.564512e+01 5.000000e-02 1.752995e-01 4.447232e-01 4.969202e-01 6.374367e-01 2.074230e+00 3.304171e+00 4.990352e-01 4.359357e-01 2.964976e+00 1.459415e+00 1.452579e+00 7.615302e-01 5.000000e-02 2.105338e-01 6.304576e-02 2.705368e-01 9.854066e-02 1.080453e-01 4.343453e-01 4.044420e-01 1.389514e-01 2.735401e-01 2.711354e-01 5.827292e-01 2.210159e-01 5.000000e-02
<GCONST> 7.929884e+01
<STATE> 17
<MEAN> 39
 -4.281045e-01 -1.635814e+01 -7.785242e+00 -1.809305e+01 3.319878e+00 -3.322963e+00 -8.974786e+00 1.472809e+00 -5.162973e-02 -2.206504e+00 -1.151732e+01 -5.165328e+00 8.484963e-01 1.076698e+00 -2.149864e-01 7.204743e-01 7.470714e-02 -1.461233e+00 5.210329e-01 -2.101721e-01 -1.123771e+00 3.521772e-01 3.470487e-01 1.689730e+00 -3.459661e-01 -2.307894e-02 1.552233e-01 -3.426544e-02 5.504301e-03 2.862838e-01 -6.860099e-01 -3.064254e-01 4.623438e-01 -3.565168e-01 2.684815e-01 -1.355878e-01 -4.430912e-02 -2.397884e-02 -1.715545e-04
<VARIANCE> 39
 1.268630e+01 2.356174e+00 5.418055e+01 3.270185e+01 3.440335e+01 1.168173e+01 2.916666e+01 4.086488e+01 2.073167e+01 3.734976e+00 1.556391e+01 1.121085e+01 5.000000e-02 5.015525e-01 2.750380e-01 9.861720e-01 1.872414e+00 2.407856e+00 7.874837e-01 1.459154e+00 1.076239e+00 1.204018e+00 1.340368e+00 1.241862e+00 4.453865e-01 5.000000e-02 8.417394e-02 6.558898e-02 1.593042e-01 2.673980e-01 2.438494e-01 3.557259e-01 9.396186e-02 1.314156e-01 5.246102e-01 9.369761e-02 4.283713e-01 1.436578e-01 5.000000e-02
<GCONST> 7.477291e+01
<STATE> 18
<MEAN> 39
 5.501062e+00 -1.816330e+01 -3.015214e+00 -1.672100e+01 -9.054092e+00 -1.887201e+00 -7.184119e+00 -7.462922e+00 3.694300e+00 -4.542504e+00 -8.076578e+00 -4.382155e+00 7.773193e-01 4.314516e-01 8.189176e-02 -6.951753e-01 5.756850e-01 -1.160312e+00 -4.215099e-01 3.763698e-01 -8.173057e-01 3.011290e-01 -8.411670e-02 1.686421e-01 1.653089e-01 -1.921461e-02 -5.822309e-02 2.358118e-01 -3.026255e-01 5.025712e-02 3.989691e-01 -3.031765e-01 2.603262e-02 2.378278e-01 -1.564079e-01 -6.860973e-03 -1.730420e-01 8.524202e-02 -1.168218e-03
<VARIANCE> 39
 7.306342e+00 1.679095e+00 1.445105e+01 6.304413e+00 2.293762e+01 5.536007e+00 9.551718e+00 1.679810e+01 3.187831e+01 1.138127e+01 3.216313e+00 9.366368e+00 5.000000e-02 5.570457e-01 2.599035e-01 9.852003e-01 1.092519e+00 1.994686e+00 1.922293e+00 8.354219e-01 1.914176e+00 1.775507e+00 1.000722e+00 7.639769e-01 4.056203e-01 5.000000e-02 5.000000e-02 5.000000e-02 1.348411e-01 2.383015e-01 2.789870e-01 1.063673e-01 2.202486e-01 5.400552e-02 3.413859e-01 1.960593e-01 2.046043e-01 1.249709e-01 5.000000e-02
<GCONST> 6.453916e+01
<STATE> 19
<MEAN> 39
 6.285591e+00 -1.660032e+01 -9.156186e+00 -1.463656e+01 -7.345686e+00 -5.653304e+00 -7.308967e+00 -7.226167e+00 4.652189e+00 -5.704194e+00 -8.761722e+00 -4.415057e+00 7.227321e-01 5.873555e-01 4.237039e-01 -4.697375e-01 7.440929e-01 -2.199405e-01 -1.171451e+00 2.483230e-01 1.942402e-01 2.941350e-01 -8.458123e-01 1.038321e-01 2.436771e-01 -1.932287e-02 -8.291318e-02 2.043208e-01 3.752319e-01 3.524570e-01 3.138672e-01 1.354669e-01 1.006191e-01 5.213062e-01 5.159621e-02 -2.224180e-01 2.271209e-01 2.021306e-01 -6.677720e-04
<VARIANCE> 39
 2.424887e+00 1.217228e+00 9.915681e+00 4.236831e+00 1.156984e+01 7.228040e+00 2.097209e+01 1.055441e+01 4.215097e+01 3.653938e+01 1.209987e+01 9.834369e+00 5.000000e-02 8.591983e-01 4.062911e-01 3.269840e+00 1.450615e+00 2.917130e+00 6.264957e-01 3.686091e-01 3.413676e+00 1.939654e+00 7.126309e-01 1.433664e+00 5.941605e-01 5.000000e-02 5.000000e-02 6.397974e-02 2.334893e-01 1.845300e-01 1.214001e-01 2.921150e-01 1.096983e-01 1.276174e-01 3.269823e-01 2.968811e-01 2.094322e-01 5.000000e-02 5.000000e-02
<GCONST> 6.756665e+01
<STATE> 20
<MEAN> 39
 6.912338e+00 -1.469750e+01 -7.284391e+00 -1.243462e+01 -7.660969e+00 -6.813312e+00 -5.738860e+00 -4.212985e+00 4.350393e+00 -6.623841e+00 -6.302238e+00 -2.768141e+00 6.634562e-01 3.971767e-01 1.388210e+00 1.187651e-01 1.975223e+00 6.529656e-01 -3.835259e-01 8.678703e-01 9.730167e-01 -2.843168e-01 -9.598308e-01 9.025981e-01 6.006601e-01 -2.468082e-02 -4.346163e-01 6.459736e-02 8.439565e-02 -2.689842e-03 3.247012e-01 7.166647e-02 -5.250762e-04 -2.010734e-02 -3.058986e-01 -6.369509e-02 -3.430304e-01 -3.873809e-01 -4.940999e-03
<VARIANCE> 39
 5.996384e+00 5.153524e+00 8.631014e+00 2.443872e+01 2.248686e+01 1.034599e+01 1.412480e+01 1.266378e+01 4.667439e+01 1.578272e+01 1.260558e+01 1.119905e+01 5.000000e-02 6.303816e-01 5.902251e-01 9.718176e-01 1.100675e+00 2.123923e+00 1.218334e+00 6.209776e-01 7.257149e-01 1.450775e+00 1.396697e+00 3.966739e-01 8.547075e-02 5.000000e-02 5.000000e-02 5.000000e-02 6.503860e-01 4.880956e-01 3.472922e-01 3.340565e-01 1.219027e-01 3.941406e-01 4.971447e-01 1.787699e-01 1.612144e-01 6.816824e-02 5.000000e-02
<GCONST> 7.095515e+01
<STATE> 21
<MEAN> 39
 8.350381e+00 -1.229013e+01 -8.725067e+00 -9.211595e+00 -7.402789e+00 -9.110566e+00 -2.926010e+00 -5.253848e+00 2.331350e-01 -7.958966e+00 -6.809078e+00 -5.147718e+00 6.847297e-01 -6.063854e-01 5.551586e-01 -4.158139e-02 8.589435e-01 8.151141e-01 -7.551202e-01 3.339202e-02 2.421051e-01 -5.346076e-01 -5.443617e-01 -5.509281e-01 -6.767268e-01 -3.058684e-02 -3.120118e-01 -3.581278e-01 1.002380e-02 -7.857296e-02 1.519309e-01 1.390683e-01 -1.245553e-01 -4.985230e-02 -1.467527e-03 2.477944e-01 -1.189732e-01 -2.291585e-01 -4.639439e-03
<VARIANCE> 39
 1.112693e+01 7.439798e+00 1.554914e+01 1.093062e+01 1.952320e+01 6.813982e+00 8.237301e+00 2.126730e+01 3.836599e+01 4.913194e+00 1.115087e+01 1.474457e+01 5.000000e-02 7.963558e-01 2.751449e-01 1.598134e+00 1.895748e+00 3.397278e-01 1.137944e+00 5.972891e-01 5.956711e-01 9.854864e-01 1.270560e+00 1.141369e+00 6.558166e-01 5.000000e-02 6.548525e-02 1.576763e-01 1.640579e-01 2.825029e-01 8.542795e-02 2.616314e-01 1.261673e-01 3.024797e-01 1.767673e-01 1.411109e-01 3.789750e-01 1.864084e-01 5.000000e-02
<GCONST> 6.912860e+01
<STATE> 22
<MEAN> 39
 1.930410e+00 -1.245067e+01 -6.473644e+00 -5.640434e+00 -1.218531e+00 -8.455770e+00 -5.508385e+00 -2.645646e+00 2.688569e+00 -9.716671e+00 -8.148693e+00 -5.945515e+00 4.249924e-01 -1.124042e+00 -5.621099e-01 -2.365743e-01 1.243641e+00 1.648399e+00 8.019319e-01 5.682498e-01 2.452804e-01 -1.228376e-01 1.809679e-01 1.567475e-01 -4.858817e-01 -4.711561e-02 2.068724e-01 -6.929743e-02 -1.369348e-02 -3.057402e-01 -2.302431e-01 3.582962e-01 3.973089e-01 -6.963002e-03 3.440132e-01 3.109827e-01 4.084411e-01 4.990796e-01 5.252427e-03
<VARIANCE> 39
 1.249327e+01 7.113521e+00 1.084686e+01 2.398275e+01 1.782130e+01 6.712409e+00 1.836151e+00 3.443213e+00 2.666020e+01 8.515667e+00 1.604287e+01 1.683392e+01 5.000000e-02 6.959639e-01 4.907093e-01 6.577876e-01 1.837205e+00 4.636776e-01 1.562770e+00 1.090688e+00 1.899213e+00 1.425138e+00 7.653000e-01 1.903959e+00 2.121936e+00 5.000000e-02 6.059466e-02 1.324160e-01 2.339388e-01 2.983714e-01 2.219340e-01 2.692280e-01 5.000000e-02 2.080684e-01 1.867273e-01 2.198188e-01 2.389799e-01 2.654248e-01 5.000000e-02
<GCONST> 7.057324e+01
<STATE> 23
<MEAN> 39
 4.552485e+00 -1.266810e+01 -8.393880e+00 -6.318104e+00 -2.808717e+00 -8.151126e+00 -3.262825e-02 -6.615645e-01 9.857153e-01 -9.198009e+00 -5.973850e+00 -5.276864e+00 5.218153e-01 -3.836055e-01 4.720320e-01 6.110439e-01 1.608132e-01 -3.826115e-02 4.561088e-01 4.364503e-01 2.698755e-01 6.145734e-01 1.397894e-01 8.067494e-01 8.660271e-01 -2.593626e-02 5.847220e-02 1.999701e-01 1.347628e-01 -2.358494e-01 -2.125689e-01 -1.945006e-02 -6.553512e-01 -4.751758e-01 7.259499e-02 1.356439e-01 6.538060e-02 2.742612e-01 2.702948e-03
<VARIANCE> 39
 3.416233e+01 8.712915e-01 1.605129e+01 1.738682e+01 4.311207e+01 4.715418e+01 3.356394e+00 6.905749e+00 2.854027e+01 5.279289e+00 1.179371e+01 8.908668e+00 5.385471e-02 1.532751e-01 3.947372e-01 7.466216e-01 4.944235e-01 3.114725e-01 1.028779e+00 2.684623e+00 9.857351e-01 1.037555e+00 6.817647e-01 2.694621e-01 5.045165e-01 5.000000e-02 5.000000e-02 6.152295e-02 8.724840e-02 2.615972e-01 3.283013e-01 4.239360e-01 4.203743e-01 2.025172e-01 2.719097e-01 5.037018e-02 2.469068e-01 2.661235e-01 5.000000e-02
<GCONST> 6.489834e+01
<STATE> 24
<MEAN> 39
 -1.102652e+00 -1.163744e+01 -3.423692e+00 -3.392277e+00 1.418547e+00 -3.456955e+00 -3.680899e+00 -4.025980e+00 6.293174e+00 -6.432945e+00 -2.561743e+00 -1.086512e+00 3.045311e-01 -6.147655e-01 2.870335e-01 3.858370e-01 -5.168924e-02 1.806862e-02 3.843606e-02 -6.493130e-02 -4.544046e-01 -2.702435e-01 8.055707e-01 6.443952e-01 6.888707e-01 -2.291368e-02 -6.809452e-04 1.143416e-01 6.205191e-02 -1.621916e-01 -2.110235e-01 -3.346985e-01 1.320407e-01 1.914499e-01 -4.684368e-01 -9.610612e-02 -8.191343e-02 -2.741707e-01 8.099569e-04
<VARIANCE> 39
 1.354537e+01 4.742957e+00 2.128150e+01 9.406579e+00 1.530403e+01 1.585937e+01 2.850866e+01 5.439373e+00 1.462860e+01 1.316693e+01 1.722100e+01 1.161157e+01 5.000000e-02 1.074804e-01 6.467173e-01 5.695441e-01 1.092423e+00 1.968572e+00 2.201055e+00 2.175075e+00 1.393069e+00 2.609102e+00 5.046750e-01 1.023471e+00 1.181872e+00 5.000000e-02 5.000000e-02 2.222264e-01 2.133592e-01 9.270664e-02 2.167882e-01 3.524988e-01 2.864687e-01 1.827299e-01 4.185733e-01 1.497591e-01 1.440066e-01 1.753313e-01 5.000000e-02
<GCONST> 7.275310e+01
<STATE> 25
<MEAN> 39
 1.358814e+00 -9.934255e+00 -5.893327e+00 -6.306310e+00 -2.295361e+00 -9.281841e+00 -2.236494e+00 -2.125896e+00 -1.080690e+00 -6.416154e+00 -2.949583e+00 -3.204583e+00 3.569504e-01 -9.469815e-01 8.393822e-01 1.545019e+00 4.542664e-01 3.483784e-01 -5.099491e-02 4.513859e-01 3.123825e-01 -5.514643e-01 -4.180678e-02 6.946633e-01 -3.660704e-01 -3.393280e-02 -9.371489e-02 -1.901710e-02 2.013546e-01 2.960973e-01 3.202467e-01 3.631963e-01 2.240186e-01 6.971948e-02 3.555309e-01 -1.202788e-01 -1.077420e-02 -1.210783e-01 2.924416e-04
<VARIANCE> 39
 3.284850e+01 4.489119e+00 1.788099e+01 6.229745e+00 1.730762e+01 2.108407e+01 1.365157e+01 2.132500e+00 1.520091e+01 3.545888e+00 6.173107e+00 1.088986e+01 5.248580e-02 1.067842e+00 3.245723e-01 9.283540e-01 8.225076e-01 6.956674e-01 9.327466e-01 9.464629e-01 2.614341e-01 1.038732e+00 1.410724e+00 2.024068e+00 3.949316e-01 5.000000e-02 1.037780e-01 8.278634e-02 2.702405e-01 1.193009e-01 5.405695e-02 6.383833e-02 1.263797e-01 5.000000e-02 8.658690e-02 1.581141e-01 2.272106e-01 2.105415e-01 5.000000e-02
<GCONST> 6.065501e+01
<STATE> 26
<MEAN> 39
 -3.458453e+00 -8.137603e+00 -3.157611e-01 -2.974682e+00 9.349611e-01 -4.462663e+00 1.445987e+00 -2.215395e+00 1.575642e+00 -4.390999e+00 -2.751455e-01 -2.675930e+00 2.109280e-01 -4.453956e-01 6.739713e-02 -1.500815e-02 1.680409e-01 -3.497053e-02 4.033429e-01 3.898114e-01 3.061121e-01 3.262314e-01 2.991057e-01 3.594620e-01 -2.314213e-02 -2.091665e-02 2.103300e-02 -2.441245e-01 -3.129074e-01 -1.682064e-02 -4.342280e-02 1.051121e-02 -1.603334e-01 9.693483e-02 1.276337e-01 3.902148e-02 -4.658839e-02 5.773788e-03 -1.179380e-03
<VARIANCE> 39
 1.537113e+00 2.172683e+00 5.152636e+00 3.553162e+00 3.862581e+00 7.071463e+00 1.055978e+01 1.358561e+01 9.998936e+00 1.294229e+01 1.475630e+01 1.703473e+01 5.000000e-02 5.522118e-01 6.661876e-01 1.280933e+00 4.335330e-01 6.045585e-01 8.662375e-01 1.658295e+00 1.394885e+00 5.169967e-01 1.299014e+00 9.187661e-01 1.057815e+00 5.000000e-02 9.998877e-02 7.892802e-02 1.377918e-01 5.313599e-02 6.558937e-02 1.231543e-01 3.182941e-01 3.024985e-01 1.379935e-01 4.123851e-01 2.304914e-01 2.404515e-01 5.000000e-02
<GCONST> 6.096644e+01
<STATE> 27
<MEAN> 39
 -5.553523e+00 -1.052626e+01 -2.474099e+00 -1.732306e+00 2.030253e-01 -4.471810e+00 -6.058520e-01 1.385234e-01 4.043394e+00 -4.376537e+00 -2.263858e-01 -3.230909e+00 1.080650e-01 -4.948677e-01 -1.860493e-01 -6.438328e-03 2.270386e-01 2.599254e-01 5.906850e-01 -1.070724e-01 2.614628e-01 4.522307e-01 6.572685e-01 4.215868e-01 1.688946e-01 -1.940863e-02 2.759960e-01 3.233410e-01 2.210889e-01 -1.730629e-01 6.105427e-02 -6.834979e-02 -8.862445e-02 -3.905763e-01 -1.925679e-01 -7.447457e-02 -1.444236e-01 1.832669e-01 1.139179e-02
<VARIANCE> 39
 3.695750e+00 4.452762e+00 5.642243e+00 1.204347e+01 7.933862e+00 3.738976e+00 1.255344e+01 6.287407e+00 1.083202e+01 9.372562e+00 6.872065e+00 6.322326e+00 5.000000e-02 9.644108e-02 4.885101e-01 3.586375e-01 8.965632e-01 5.591168e-01 4.789601e-01 4.496850e-01 8.962916e-01 4.481145e-01 4.412822e-01 6.284581e-01 7.766799e-01 5.000000e-02 5.000000e-02 8.687132e-02 1.446671e-01 1.929411e-01 1.577867e-01 1.728338e-01 1.957944e-01 7.976294e-02 1.134499e-01 1.600413e-01 5.000000e-02 5.000000e-02 5.000000e-02
<GCONST> 5.032652e+01
<TRANSP> 28
 0.000000e+00 1.000000e+00 0.000000e+00 0.000000e+00 0.000000e+00 0.000000e+00 0.000000e+00 0.000000e+00 0.000000e+00 0.000000e+00 0.000000e+00 0.000000e+00 0.000000e+00 0.000000e+00 0.000000e+00 0.000000e+00 0.000000e+00 0.000000e+00 0.000000e+00 0.000000e+00 0.000000e+00 0.000000e+00 0.000000e+00 0.000000e+00 0.000000e+00 0.000000e+00 0.000000e+00 0.000000e+00
 0.000000e+00 6.152625e-01 3.847376e-01 0.000000e+00 0.000000e+00 0.000000e+00 0.000000e+00 0.000000e+00 0.000000e+00 0.000000e+00 0.000000e+00 0.000000e+00 0.000000e+00 0.000000e+00 0.000000e+00 0.000000e+00 0.000000e+00 0.000000e+00 0.000000e+00 0.000000e+00 0.000000e+00 0.000000e+00 0.000000e+00 0.000000e+00 0.000000e+00 0.000000e+00 0.000000e+00 0.000000e+00
 0.000000e+00 0.000000e+00 5.834640e-01 4.165360e-01 0.000000e+00 0.000000e+00 0.000000e+00 0.000000e+00 0.000000e+00 0.000000e+00 0.000000e+00 0.000000e+00 0.000000e+00 0.000000e+00 0.000000e+00 0.000000e+00 0.000000e+00 0.000000e+00 0.000000e+00 0.000000e+00 0.000000e+00 0.000000e+00 0.000000e+00 0.000000e+00 0.000000e+00 0.000000e+00 0.000000e+00 0.000000e+00
 0.000000e+00 0.000000e+00 0.000000e+00 6.874713e-01 3.125287e-01 0.000000e+00 0.000000e+00 0.000000e+00 0.000000e+00 0.000000e+00 0.000000e+00 0.000000e+00 0.000000e+00 0.000000e+00 0.000000e+00 0.000000e+00 0.000000e+00 0.000000e+00 0.000000e+00 0.000000e+00 0.000000e+00 0.000000e+00 0.000000e+00 0.000000e+00 0.000000e+00 0.000000e+00 0.000000e+00 0.000000e+00
 0.000000e+00 0.000000e+00 0.000000e+00 0.000000e+00 4.445053e-01 5.554947e-01 0.000000e+00 0.000000e+00 0.000000e+00 0.000000e+00 0.000000e+00 0.000000e+00 0.000000e+00 0.000000e+00 0.000000e+00 0.000000e+00 0.000000e+00 0.000000e+00 0.000000e+00 0.000000e+00 0.000000e+00 0.000000e+00 0.000000e+00 0.000000e+00 0.000000e+00 0.000000e+00 0.000000e+00 0.000000e+00
 0.000000e+00 0.000000e+00 0.000000e+00 0.000000e+00 0.000000e+00 5.454808e-01 4.545191e-01 0.000000e+00 0.000000e+00 0.000000e+00 0.000000e+00 0.000000e+00 0.000000e+00 0.000000e+00 0.000000e+00 0.000000e+00 0.000000e+00 0.000000e+00 0.000000e+00 0.000000e+00 0.000000e+00 0.000000e+00 0.000000e+00 0.000000e+00 0.000000e+00 0.000000e+00 0.000000e+00 0.000000e+00
 0.000000e+00 0.000000e+00 0.000000e+00 0.000000e+00 0.000000e+00 0.000000e+00 3.773727e-01 6.226273e-01 0.000000e+00 0.000000e+00 0.000000e+00 0.000000e+00 0.000000e+00 0.000000e+00 0.000000e+00 0.000000e+00 0.000000e+00 0.000000e+00 0.000000e+00 0.000000e+00 0.000000e+00 0.000000e+00 0.000000e+00 0.000000e+00 0.000000e+00 0.000000e+00 0.000000e+00 0.000000e+00
 0.000000e+00 0.000000e+00 0.000000e+00 0.000000e+00 0.000000e+00 0.000000e+00 0.000000e+00 7.047698e-01 2.952302e-01 0.000000e+00 0.000000e+00 0.000000e+00 0.000000e+00 0.000000e+00 0.000000e+00 0.000000e+00 0.000000e+00 0.000000e+00 0.000000e+00 0.000000e+00 0.000000e+00 0.000000e+00 0.000000e+00 0.000000e+00 0.000000e+00 0.000000e+00 0.000000e+00 0.000000e+00
 0.000000e+00 0.000000e+00 0.000000e+00 0.000000e+00 0.000000e+00 0.000000e+00 0.000000e+00 0.000000e+00 7.064008e-01 2.935992e-01 0.000000e+00 0.000000e+00 0.000000e+00 0.000000e+00 0.000000e+00 0.000000e+00 0.000000e+00 0.000000e+00 0.000000e+00 0.000000e+00 0.000000e+00 0.000000e+00 0.000000e+00 0.000000e+00 0.000000e+00 0.000000e+00 0.000000e+00 0.000000e+00
 0.000000e+00 0.000000e+00 0.000000e+00 0.000000e+00 0.000000e+00 0.000000e+00 0.000000e+00 0.000000e+00 0.000000e+00 5.452233e-01 4.547767e-01 0.000000e+00 0.000000e+00 0.000000e+00 0.000000e+00 0.000000e+00 0.000000e+00 0.000000e+00 0.000000e+00 0.000000e+00 0.000000e+00 0.000000e+00 0.000000e+00 0.000000e+00 0.000000e+00 0.000000e+00 0.000000e+00 0.000000e+00
 0.000000e+00 0.000000e+00 0.000000e+00 0.000000e+00 0.000000e+00 0.000000e+00 0.000000e+00 0.000000e+00 0.000000e+00 0.000000e+00 6.156584e-01 3.843417e-01 0.000000e+00 0.000000e+00 0.000000e+00 0.000000e+00 0.000000e+00 0.000000e+00 0.000000e+00 0.000000e+00 0.000000e+00 0.000000e+00 0.000000e+00 0.000000e+00 0.000000e+00 0.000000e+00 0.000000e+00 0.000000e+00
 0.000000e+00 0.000000e+00 0.000000e+00 0.000000e+00 0.000000e+00 0.000000e+00 0.000000e+00 0.000000e+00 0.000000e+00 0.000000e+00 0.000000e+00 5.432422e-01 4.567578e-01 0.000000e+00 0.000000e+00 0.000000e+00 0.000000e+00 0.000000e+00 0.000000e+00 0.000000e+00 0.000000e+00 0.000000e+00 0.000000e+00 0.000000e+00 0.000000e+00 0.000000e+00 0.000000e+00 0.000000e+00
 0.000000e+00 0.000000e+00 0.000000e+00 0.000000e+00 0.000000e+00 0.000000e+00 0.000000e+00 0.000000e+00 0.000000e+00 0.000000e+00 0.000000e+00 0.000000e+00 6.168307e-01 3.831693e-01 0.000000e+00 0.000000e+00 0.000000e+00 0.000000e+00 0.000000e+00 0.000000e+00 0.000000e+00 0.000000e+00 0.000000e+00 0.000000e+00 0.000000e+00 0.000000e+00 0.000000e+00 0.000000e+00
 0.000000e+00 0.000000e+00 0.000000e+00 0.000000e+00 0.000000e+00 0.000000e+00 0.000000e+00 0.000000e+00 0.000000e+00 0.000000e+00 0.000000e+00 0.000000e+00 0.000000e+00 4.445666e-01 5.554334e-01 0.000000e+00 0.000000e+00 0.000000e+00 0.000000e+00 0.000000e+00 0.000000e+00 0.000000e+00 0.000000e+00 0.000000e+00 0.000000e+00 0.000000e+00 0.000000e+00 0.000000e+00
 0.000000e+00 0.000000e+00 0.000000e+00 0.000000e+00 0.000000e+00 0.000000e+00 0.000000e+00 0.000000e+00 0.000000e+00 0.000000e+00 0.000000e+00 0.000000e+00 0.000000e+00 0.000000e+00 3.754650e-01 6.245350e-01 0.000000e+00 0.000000e+00 0.000000e+00 0.000000e+00 0.000000e+00 0.000000e+00 0.000000e+00 0.000000e+00 0.000000e+00 0.000000e+00 0.000000e+00 0.000000e+00
 0.000000e+00 0.000000e+00 0.000000e+00 0.000000e+00 0.000000e+00 0.000000e+00 0.000000e+00 0.000000e+00 0.000000e+00 0.000000e+00 0.000000e+00 0.000000e+00 0.000000e+00 0.000000e+00 0.000000e+00 6.158564e-01 3.841436e-01 0.000000e+00 0.000000e+00 0.000000e+00 0.000000e+00 0.000000e+00 0.000000e+00 0.000000e+00 0.000000e+00 0.000000e+00 0.000000e+00 0.000000e+00
 0.000000e+00 0.000000e+00 0.000000e+00 0.000000e+00 0.000000e+00 0.000000e+00 0.000000e+00 0.000000e+00 0.000000e+00 0.000000e+00 0.000000e+00 0.000000e+00 0.000000e+00 0.000000e+00 0.000000e+00 0.000000e+00 5.826098e-01 4.173901e-01 0.000000e+00 0.000000e+00 0.000000e+00 0.000000e+00 0.000000e+00 0.000000e+00 0.000000e+00 0.000000e+00 0.000000e+00 0.000000e+00
 0.000000e+00 0.000000e+00 0.000000e+00 0.000000e+00 0.000000e+00 0.000000e+00 0.000000e+00 0.000000e+00 0.000000e+00 0.000000e+00 0.000000e+00 0.000000e+00 0.000000e+00 0.000000e+00 0.000000e+00 0.000000e+00 0.000000e+00 6.876426e-01 3.123574e-01 0.000000e+00 0.000000e+00 0.000000e+00 0.000000e+00 0.000000e+00 0.000000e+00 0.000000e+00 0.000000e+00 0.000000e+00
 0.000000e+00 0.000000e+00 0.000000e+00 0.000000e+00 0.000000e+00 0.000000e+00 0.000000e+00 0.000000e+00 0.000000e+00 0.000000e+00 0.000000e+00 0.000000e+00 0.000000e+00 0.000000e+00 0.000000e+00 0.000000e+00 0.000000e+00 0.000000e+00 6.150842e-01 3.849158e-01 0.000000e+00 0.000000e+00 0.000000e+00 0.000000e+00 0.000000e+00 0.000000e+00 0.000000e+00 0.000000e+00
 0.000000e+00 0.000000e+00 0.000000e+00 0.000000e+00 0.000000e+00 0.000000e+00 0.000000e+00 0.000000e+00 0.000000e+00 0.000000e+00 0.000000e+00 0.000000e+00 0.000000e+00 0.000000e+00 0.000000e+00 0.000000e+00 0.000000e+00 0.000000e+00 0.000000e+00 4.749738e-01 5.250263e-01 0.000000e+00 0.000000e+00 0.000000e+00 0.000000e+00 0.000000e+00 0.000000e+00 0.000000e+00
 0.000000e+00 0.000000e+00 0.000000e+00 0.000000e+00 0.000000e+00 0.000000e+00 0.000000e+00 0.000000e+00 0.000000e+00 0.000000e+00 0.000000e+00 0.000000e+00 0.000000e+00 0.000000e+00 0.000000e+00 0.000000e+00 0.000000e+00 0.000000e+00 0.000000e+00 0.000000e+00 6.290398e-01 3.709602e-01 0.000000e+00 0.000000e+00 0.000000e+00 0.000000e+00 0.000000e+00 0.000000e+00
 0.000000e+00 0.000000e+00 0.000000e+00 0.000000e+00 0.000000e+00 0.000000e+00 0.000000e+00 0.000000e+00 0.000000e+00 0.000000e+00 0.000000e+00 0.000000e+00 0.000000e+00 0.000000e+00 0.000000e+00 0.000000e+00 0.000000e+00 0.000000e+00 0.000000e+00 0.000000e+00 0.000000e+00 5.838101e-01 4.161899e-01 0.000000e+00 0.000000e+00 0.000000e+00 0.000000e+00 0.000000e+00
 0.000000e+00 0.000000e+00 0.000000e+00 0.000000e+00 0.000000e+00 0.000000e+00 0.000000e+00 0.000000e+00 0.000000e+00 0.000000e+00 0.000000e+00 0.000000e+00 0.000000e+00 0.000000e+00 0.000000e+00 0.000000e+00 0.000000e+00 0.000000e+00 0.000000e+00 0.000000e+00 0.000000e+00 0.000000e+00 5.001267e-01 4.998733e-01 0.000000e+00 0.000000e+00 0.000000e+00 0.000000e+00
 0.000000e+00 0.000000e+00 0.000000e+00 0.000000e+00 0.000000e+00 0.000000e+00 0.000000e+00 0.000000e+00 0.000000e+00 0.000000e+00 0.000000e+00 0.000000e+00 0.000000e+00 0.000000e+00 0.000000e+00 0.000000e+00 0.000000e+00 0.000000e+00 0.000000e+00 0.000000e+00 0.000000e+00 0.000000e+00 0.000000e+00 6.871557e-01 3.128443e-01 0.000000e+00 0.000000e+00 0.000000e+00
 0.000000e+00 0.000000e+00 0.000000e+00 0.000000e+00 0.000000e+00 0.000000e+00 0.000000e+00 0.000000e+00 0.000000e+00 0.000000e+00 0.000000e+00 0.000000e+00 0.000000e+00 0.000000e+00 0.000000e+00 0.000000e+00 0.000000e+00 0.000000e+00 0.000000e+00 0.000000e+00 0.000000e+00 0.000000e+00 0.000000e+00 0.000000e+00 5.841674e-01 4.158327e-01 0.000000e+00 0.000000e+00
 0.000000e+00 0.000000e+00 0.000000e+00 0.000000e+00 0.000000e+00 0.000000e+00 0.000000e+00 0.000000e+00 0.000000e+00 0.000000e+00 0.000000e+00 0.000000e+00 0.000000e+00 0.000000e+00 0.000000e+00 0.000000e+00 0.000000e+00 0.000000e+00 0.000000e+00 0.000000e+00 0.000000e+00 0.000000e+00 0.000000e+00 0.000000e+00 0.000000e+00 7.615907e-01 2.384093e-01 0.000000e+00
 0.000000e+00 0.000000e+00 0.000000e+00 0.000000e+00 0.000000e+00 0.000000e+00 0.000000e+00 0.000000e+00 0.000000e+00 0.000000e+00 0.000000e+00 0.000000e+00 0.000000e+00 0.000000e+00 0.000000e+00 0.000000e+00 0.000000e+00 0.000000e+00 0.000000e+00 0.000000e+00 0.000000e+00 0.000000e+00 0.000000e+00 0.000000e+00 0.000000e+00 0.000000e+00 5.001958e-01 4.998042e-01
 0.000000e+00 0.000000e+00 0.000000e+00 0.000000e+00 0.000000e+00 0.000000e+00 0.000000e+00 0.000000e+00 0.000000e+00 0.000000e+00 0.000000e+00 0.000000e+00 0.000000e+00 0.000000e+00 0.000000e+00 0.000000e+00 0.000000e+00 0.000000e+00 0.000000e+00 0.000000e+00 0.000000e+00 0.000000e+00 0.000000e+00 0.000000e+00 0.000000e+00 0.000000e+00 0.000000e+00 0.000000e+00
<ENDHMM>
