~o
<STREAMINFO> 1 39
<VECSIZE> 39<NULLD><MFCC_E_D_A><DIAGC>
~h "Nhanh"
<BEGINHMM>
<NUMSTATES> 25
<STATE> 2
<MEAN> 39
 -6.361044e+00 -9.841189e+00 -3.586959e-01 -1.520579e+00 -5.320998e-01 -2.662926e+00 1.171786e+00 -2.962504e+00 5.229403e+00 -1.494775e+00 2.254904e-01 4.538640e-01 5.284988e-02 9.865465e-01 5.060064e-01 -2.252174e-01 -8.647907e-01 -5.995014e-01 -9.407089e-01 -1.115981e+00 -9.470428e-01 -6.090963e-01 -5.965329e-01 -5.370030e-01 -5.427176e-01 4.866545e-02 5.803153e-01 1.480530e-01 -4.840747e-01 -6.854455e-01 -2.247240e-01 -9.688964e-02 2.100198e-02 5.936553e-02 -8.078433e-01 -5.940311e-01 -3.672362e-01 -5.155306e-01 1.611293e-02
<VARIANCE> 39
 3.256433e+00 3.891339e+00 1.119866e+01 3.601891e+00 4.118237e+00 1.657504e+01 8.787900e+00 1.659215e+01 3.767446e+01 9.645035e+00 1.175025e+01 3.257118e+01 5.000000e-02 1.251418e+00 4.140368e-01 7.729703e-01 2.230292e+00 1.283524e+00 7.583508e-01 5.515409e-01 1.215382e+00 5.315589e+00 1.633519e+00 1.501049e+00 2.022167e+00 5.000000e-02 1.488556e-01 6.996591e-02 1.796084e-01 1.403235e-01 2.831075e-01 3.187999e-01 2.283555e-01 1.886363e-01 4.983510e-01 2.233190e-01 3.104991e-01 2.046845e-01 5.000000e-02
<GCONST> 7.396017e+01
<STATE> 3
<MEAN> 39
 2.782820e+00 -6.597264e+00 -6.429766e+00 -1.034226e+01 -3.780369e+00 -6.894489e+00 -6.007773e-01 -4.312975e+00 -4.375368e+00 -7.316084e+00 -3.260168e+00 -5.071764e+00 3.813519e-01 2.860992e+00 -1.296919e-01 -2.279188e+00 -1.747243e+00 -1.192315e+00 -6.192688e-01 1.271377e-01 -8.921366e-01 -1.403100e+00 -1.155285e+00 -1.746580e+00 -9.198923e-01 1.006701e-01 -4.848956e-01 -4.954544e-01 1.088969e-01 5.425943e-01 1.540120e-01 5.842553e-02 2.912923e-01 1.472539e-01 6.542683e-01 5.447295e-01 -3.182563e-04 2.020983e-01 -1.021581e-02
<VARIANCE> 39
 3.241972e+01 3.657796e+00 2.455284e+01 1.765875e+01 1.701735e+01 2.292151e+01 6.119848e+00 8.287981e+00 1.981322e+01 6.176585e+00 1.401168e+01 6.570908e+00 5.000000e-02 1.609411e+00 1.041212e+00 1.138308e+00 1.850283e+00 1.380945e+00 1.142012e+00 5.229631e-01 1.539309e+00 1.798248e+00 2.037850e+00 5.840845e-01 5.971323e-01 5.000000e-02 4.217750e-01 1.838462e-01 3.971388e-01 5.539560e-01 3.570604e-01 4.959989e-01 1.141640e-01 1.642819e-01 1.590703e-01 2.509031e-01 2.712393e-01 1.260981e-01 5.000000e-02
<GCONST> 7.813022e+01
<STATE> 4
<MEAN> 39
 1.748104e+00 -9.671463e+00 -5.626168e+00 -8.470438e+00 -4.865032e+00 -4.825866e+00 4.008753e-01 -5.549541e+00 4.687835e-01 -5.619251e+00 -6.549776e+00 -3.045007e+00 3.679905e-01 -6.981589e-01 -6.810188e-01 -1.096603e-02 -6.109290e-01 -2.746658e-01 -5.238446e-01 7.986496e-02 2.867880e-01 4.529085e-01 1.809307e-02 -6.419309e-01 2.523796e-01 3.321156e-02 -1.094414e+00 -1.404467e-01 5.224390e-01 8.793657e-02 2.247627e-01 3.131979e-01 2.667582e-01 2.428950e-01 3.811053e-01 2.952395e-02 3.911676e-01 -1.054227e-01 -4.655096e-03
<VARIANCE> 39
 6.530719e+01 3.851169e+00 6.093162e+01 5.485476e+00 7.729378e+00 7.212305e+01 1.252675e+01 7.955452e+00 4.322876e+01 1.568852e+01 9.533586e+00 2.905988e+01 9.269944e-02 1.648092e+00 1.326989e+00 1.296917e+00 2.885799e+00 2.045321e+00 5.654779e+00 1.671740e+00 9.848445e-01 3.371449e+00 2.019681e+00 9.913611e-01 7.007558e-01 5.000000e-02 7.007784e-01 1.058152e-01 3.729922e-01 1.706498e-01 4.039479e-01 6.297384e-01 5.404058e-01 5.093736e-01 2.873800e-01 5.234510e-01 3.491791e-01 3.841639e-01 5.000000e-02
<GCONST> 9.240037e+01
<STATE> 5
<MEAN> 39
 -3.996583e+00 -1.116348e+01 -3.696088e+00 -9.717843e+00 -3.641289e+00 -4.835369e+00 1.973572e+00 -4.271775e+00 2.476498e+00 -4.698527e+00 -4.891788e+00 -2.357019e+00 4.111223e-01 -2.750996e+00 -7.258450e-01 7.108818e-01 -3.370717e-01 3.572971e-01 1.109687e+00 1.239623e+00 -2.225499e-02 5.433828e-02 -2.961110e-01 7.771165e-01 -1.583452e+00 2.849952e-02 -7.397329e-02 -1.955020e-01 -9.590818e-02 2.172209e-01 2.630376e-02 4.350500e-01 2.488166e-01 -6.888785e-02 -1.038664e-01 -2.942984e-01 1.611822e-01 -2.622887e-01 9.578832e-04
<VARIANCE> 39
 3.641549e+01 9.570043e+00 3.975046e+01 5.269026e+01 2.229465e+01 1.035642e+02 1.657544e+01 1.281187e+01 1.104842e+02 1.886239e+01 1.512729e+01 3.646385e+01 1.192598e-01 6.598649e+00 1.220639e+00 1.160331e+00 1.133206e+00 4.012077e+00 4.811862e+00 5.761904e+00 3.106863e+00 3.817086e+00 2.234173e+00 1.938443e+00 1.297731e+00 5.000000e-02 4.126624e-01 2.958706e-01 2.485168e-01 7.505543e-01 5.196584e-01 1.077669e+00 6.900287e-01 3.354684e-01 1.148766e+00 4.078789e-01 3.580654e-01 1.674360e-01 5.000000e-02
<GCONST> 1.059913e+02
<STATE> 6
<MEAN> 39
 -1.085797e+01 -1.545445e+01 -6.166260e+00 -1.187418e+01 -5.826801e+00 -1.138752e+00 7.441782e+00 -5.131252e+00 -6.723617e-01 -9.804760e+00 -5.910259e+00 -1.410399e+01 7.177060e-01 -1.551385e+00 -2.435713e+00 -3.783690e-01 1.258027e+00 6.713246e-01 1.730278e+00 2.100739e+00 1.069914e+00 7.316562e-02 -9.723247e-01 1.233158e+00 -7.917204e-01 4.993530e-02 1.136728e+00 -7.915872e-02 -4.191813e-01 5.036381e-01 4.735076e-01 -6.253257e-01 -3.023529e-01 2.959222e-01 -2.993539e-01 -9.917972e-02 3.755595e-01 1.258759e+00 -2.886837e-03
<VARIANCE> 39
 3.264860e+00 1.491070e+01 1.644551e+01 1.194698e+01 5.710174e+01 4.576418e+01 3.975667e+01 2.907609e+01 3.111575e+01 5.869199e+00 1.254890e+01 9.887345e+00 5.846914e-02 2.310443e+00 1.559891e+00 1.150940e+00 2.508243e+00 3.645502e+00 2.415756e+00 1.785542e+00 1.971651e+00 1.482622e+00 1.487612e+00 7.087173e-01 2.125460e+00 5.000000e-02 3.147668e-01 1.092638e-01 2.662349e-01 2.425651e-01 9.033107e-01 6.935713e-01 5.362145e-01 6.202036e-01 1.750084e-01 1.419881e-01 1.731635e-01 1.303253e-01 5.000000e-02
<GCONST> 8.877419e+01
<STATE> 7
<MEAN> 39
 -1.062853e+01 -2.105700e+01 -4.562087e+00 -8.792035e+00 -2.000712e+00 3.976201e-01 7.514879e+00 -1.877577e+00 9.038677e-01 -1.092693e+01 -5.721062e-01 -5.433739e+00 7.354255e-01 1.722676e-01 -1.001507e+00 -5.804448e-01 1.217501e+00 1.057508e+00 -5.408828e-01 5.143530e-01 7.420827e-01 -4.616306e-01 -1.514769e+00 1.054947e+00 1.920097e+00 2.440082e-02 1.503947e-01 4.098931e-01 -2.143515e-01 2.812218e-02 -3.661718e-01 -4.696235e-01 -3.608902e-01 5.065023e-02 -2.806802e-02 -2.058154e-03 -1.920084e-01 2.223103e-01 -8.393749e-03
<VARIANCE> 39
 8.107290e+00 5.403110e+01 2.646052e+01 9.890105e+00 2.461641e+01 2.886310e+01 4.971905e+01 1.166046e+01 3.494928e+01 2.401415e+01 5.206421e+00 3.993119e+01 1.360262e-01 1.379799e-01 1.073220e+00 6.631646e-01 9.345671e-01 1.873314e+00 1.272308e+00 1.247669e+00 1.598907e+00 3.651635e-01 6.194566e-01 9.072613e-01 1.420352e+00 5.000000e-02 2.179762e-01 1.705536e-01 9.356291e-02 2.170890e-01 3.820811e-01 4.738489e-01 4.748411e-01 5.180297e-01 1.099590e-01 2.679398e-01 8.669099e-02 4.750918e-01 5.000000e-02
<GCONST> 8.126209e+01
<STATE> 8
<MEAN> 39
 -9.481118e+00 -2.199988e+01 -1.320317e+01 -2.755679e+00 -1.297792e-01 -8.124804e+00 1.206370e+01 5.986146e-01 -4.774183e+00 -1.730557e+01 3.122538e+00 -4.261825e+00 9.246282e-01 -8.604721e-02 -3.604543e-01 -2.239636e-01 3.770677e-01 -1.073988e+00 -7.641003e-01 -6.667871e-01 7.018846e-01 2.034080e-01 -4.049354e-01 3.164123e-01 1.083083e+00 8.584319e-04 1.578115e-01 2.673191e-01 4.151007e-01 -5.163087e-01 -2.832648e-01 1.301626e-02 -2.692822e-01 -8.703866e-02 1.838702e-01 3.826402e-01 -4.322121e-01 -3.238581e-01 -1.066335e-02
<VARIANCE> 39
 3.108063e+00 1.253485e+01 2.879904e+01 5.123933e+00 1.829051e+01 3.158195e+01 1.470211e+01 3.281613e+01 1.912072e+01 1.182565e+01 1.046138e+01 2.484137e+01 5.053234e-02 1.656212e-01 2.119453e-01 1.716615e+00 1.384996e+00 1.031186e+00 1.368620e+00 1.175372e+00 9.357631e-01 1.899694e-01 5.680265e-01 2.122873e+00 1.387190e+00 5.000000e-02 1.290533e-01 5.000000e-02 1.100112e-01 1.632875e-01 9.106493e-02 2.283086e-01 1.695252e-01 2.945115e-01 7.762317e-02 5.838485e-02 1.880571e-01 2.810046e-01 5.000000e-02
<GCONST> 6.741621e+01
<STATE> 9
<MEAN> 39
 -9.065618e+00 -1.505901e+01 -5.020442e+00 -3.188307e+00 -3.123414e+00 -2.738043e+00 3.837923e+00 -9.056050e-01 4.101777e+00 -1.074405e+01 -5.128249e-01 -6.822180e-01 4.074832e-01 9.212077e-01 4.955196e-01 2.577126e-01 -8.937912e-01 -4.684972e-01 -8.576969e-01 -6.288610e-01 1.793236e-01 4.970382e-01 2.188687e-01 -3.133044e-01 1.371956e-01 4.001999e-03 5.153067e-01 9.066278e-02 2.334336e-01 -4.835051e-01 -1.331111e-01 -1.240418e-01 -3.229659e-01 -3.263565e-01 -2.354140e-01 1.566308e-01 -2.374041e-01 1.599550e-02 4.073942e-03
<VARIANCE> 39
 1.065136e+01 8.032702e+01 2.108194e+01 8.752393e+00 6.343050e+00 1.922788e+01 1.626317e+01 2.235004e+01 2.259841e+01 4.977760e+01 1.185987e+01 3.773695e+00 2.343525e-01 1.194728e+00 3.815420e-01 1.350899e+00 2.381998e+00 7.812852e-01 1.248983e+00 1.995587e+00 2.146765e+00 1.373972e+00 7.988099e-01 6.427883e-01 1.062747e+00 5.000000e-02 2.319104e-01 1.228529e-01 1.711565e-01 8.200192e-02 1.434931e-01 1.120796e-01 5.316952e-01 3.631313e-01 2.204245e-01 1.295780e-01 3.288222e-01 5.786134e-02 5.000000e-02
<GCONST> 7.813929e+01
<STATE> 10
<MEAN> 39
 -6.080270e+00 -2.062523e+01 -6.470852e+00 -9.830501e+00 -6.707474e+00 -1.042456e+01 4.264244e+00 2.803413e+00 -1.510107e-01 -1.506741e+01 -8.861844e-01 3.480527e-01 7.978256e-01 3.134958e+00 8.690156e-01 1.342159e+00 -1.849820e+00 -1.446795e+00 -8.503048e-01 -2.022167e+00 -1.248741e+00 -9.148459e-01 9.305121e-01 -1.584553e+00 -2.725723e-01 -2.855456e-02 3.087707e-01 -4.090912e-01 1.235250e-01 2.836220e-01 -1.920696e-01 6.977448e-01 -1.521963e-01 -4.461760e-01 -4.389609e-01 -1.543473e-01 9.443486e-02 -5.978157e-01 3.800374e-03
<VARIANCE> 39
 1.478841e+01 3.042217e+01 9.216857e+00 9.130084e+00 2.854468e+00 5.600352e+01 9.089053e+00 4.084276e+01 1.847944e+01 2.150607e+01 6.636257e+00 1.218493e+01 5.000000e-02 7.500411e-01 7.062221e-01 5.375041e-01 1.965757e+00 8.396143e-01 1.754231e+00 1.179547e+00 2.254232e+00 2.942405e+00 7.011161e-01 1.186811e+00 1.663080e+00 5.000000e-02 3.370725e-01 1.446851e-01 1.849564e-01 1.703979e-01 1.775946e-01 3.804350e-01 1.642591e-01 3.691952e-01 2.591735e-01 1.822609e-01 3.112372e-01 2.349484e-01 5.000000e-02
<GCONST> 7.914582e+01
<STATE> 11
<MEAN> 39
 2.389073e+00 -1.996816e+01 -2.592414e+00 -1.321959e+01 -9.971835e+00 -7.015349e+00 -2.198397e+00 -1.646238e+00 -3.553231e+00 -1.236316e+01 -3.903628e+00 -3.356503e+00 7.257262e-01 1.242082e+00 -1.138761e+00 1.298282e+00 -4.304597e-01 -1.558580e+00 1.164563e+00 -1.142125e+00 -5.388950e-01 -8.793604e-01 1.993443e-01 -7.713820e-01 -1.195694e+00 9.369889e-03 -7.958124e-01 -2.269026e-01 -2.468106e-01 6.048502e-01 1.248378e-01 9.034848e-02 7.356850e-01 2.531782e-01 3.036783e-01 -1.149834e-01 1.877038e-01 3.955027e-03 4.485288e-03
<VARIANCE> 39
 1.445561e+01 2.747943e+01 1.409792e+01 1.573133e+01 2.543974e+01 1.583582e+01 9.641772e+00 1.117053e+01 1.904326e+01 3.518893e+01 1.884815e+01 1.453692e+01 5.000000e-02 3.959884e+00 7.745920e-01 9.212676e-01 1.819335e+00 2.261932e+00 1.066935e+00 1.573750e+00 1.137838e+00 1.155504e+00 7.736394e-01 1.803678e+00 7.788213e-01 5.000000e-02 8.741573e-02 1.427263e-01 2.657065e-01 2.405328e-01 2.980436e-01 3.383302e-01 2.348867e-01 2.109352e-01 3.846607e-01 2.008513e-01 3.204451e-01 2.692454e-01 5.000000e-02
<GCONST> 8.275928e+01
<STATE> 12
<MEAN> 39
 1.675993e-01 -2.199495e+01 -3.880863e-01 -1.247442e+01 -1.294402e+01 -4.297399e+00 3.089290e-03 -2.928686e+00 -3.102857e+00 -1.070643e+01 -6.051937e+00 -5.547769e+00 7.709334e-01 -2.807200e-01 -2.559095e-01 -7.952347e-01 1.318642e+00 -4.910751e-01 -1.629706e-01 1.144130e+00 -1.358299e-01 2.120930e-01 -5.071860e-01 3.281050e-01 -5.693573e-01 9.434590e-03 -1.724459e-02 3.224275e-01 -5.960004e-01 2.629704e-01 5.292577e-01 -2.877244e-01 1.881508e-01 1.877319e-01 -5.963118e-02 -6.914145e-02 4.840746e-01 1.674830e-01 -4.538026e-03
<VARIANCE> 39
 7.316964e+01 4.587129e+00 1.854494e+01 1.757132e+01 2.387908e+01 3.134591e+01 8.074986e+00 9.817277e+00 4.641282e+00 3.490496e+01 2.323019e+01 9.700361e+00 5.000000e-02 1.117823e+00 1.379776e+00 1.242019e+00 8.099284e-01 2.234323e+00 7.409806e-01 1.023663e+00 6.570122e-01 8.368707e-01 2.973269e+00 1.387959e+00 4.783507e-01 5.000000e-02 1.696202e-01 5.000000e-02 1.738422e-01 2.010797e-01 4.853531e-01 1.348322e-01 1.782222e-01 5.000000e-02 7.541171e-02 4.336155e-01 1.248829e-01 9.638288e-02 5.000000e-02
<GCONST> 7.342661e+01
<STATE> 13
<MEAN> 39
 7.896084e-01 -2.171058e+01 -5.811900e+00 -6.641037e+00 -1.265109e+01 -6.881514e+00 3.102338e+00 -1.809716e+00 -4.508374e+00 -1.282749e+01 -2.809947e+00 -6.655309e+00 7.840159e-01 8.712448e-02 -8.684686e-02 -7.617882e-01 6.561038e-01 6.954166e-01 1.919050e-01 6.166599e-01 1.429862e-01 -1.641913e-01 5.557429e-01 7.900165e-01 2.375170e-01 -4.110620e-03 -4.752042e-02 -1.332800e-02 4.332365e-01 -5.208657e-01 2.886864e-01 3.249168e-01 -3.827246e-01 -1.946204e-02 1.030776e-01 1.856665e-01 -2.390140e-01 2.781149e-01 -2.937208e-03
<VARIANCE> 39
 1.023053e+02 1.301064e+01 1.699225e+01 2.014346e+00 4.463898e+01 2.266470e+01 1.406027e+01 3.810112e+00 6.747300e+00 6.766047e+00 1.554251e+01 1.389267e+01 5.000000e-02 1.435947e-01 6.537308e-01 6.535733e-01 1.120076e+00 1.000003e+00 5.985508e-01 8.517290e-01 1.227435e+00 1.754346e-01 2.082530e+00 5.092324e-01 6.629006e-01 5.000000e-02 5.941652e-02 8.597612e-02 2.216785e-01 9.136478e-02 2.761424e-01 5.302044e-02 9.936082e-02 1.458420e-01 5.000000e-02 3.346148e-01 2.155025e-01 7.263190e-02 5.000000e-02
<GCONST> 6.239173e+01
<STATE> 14
<MEAN> 39
 2.048756e+00 -2.311397e+01 -4.008930e+00 -8.375131e+00 -1.218007e+01 -5.012687e+00 2.353190e+00 -2.207114e+00 -3.840437e+00 -1.158061e+01 -2.489823e+00 -5.230933e+00 7.643056e-01 4.686971e-02 3.828085e-01 3.713968e-01 -3.645068e-01 8.458943e-01 6.572956e-01 -1.933809e-01 1.992241e-01 5.642742e-02 -2.697155e-01 -2.307559e-01 4.158105e-01 -1.252396e-02 -3.137722e-02 2.739209e-01 4.426692e-02 5.196002e-02 -5.259524e-03 -2.245257e-01 5.234828e-03 7.501237e-02 -4.932068e-02 -4.472484e-01 -2.569209e-01 -1.166918e-01 -4.307051e-03
<VARIANCE> 39
 8.524371e+01 1.087804e+01 7.635321e+00 4.629886e+00 4.745356e+01 1.667512e+01 1.020040e+01 1.204352e+01 8.358500e+00 3.405207e+01 8.792307e+00 1.959905e+01 5.000000e-02 1.034701e-01 3.846219e-01 9.251462e-01 4.509273e-01 5.310634e-01 3.162967e-01 7.708362e-01 4.515991e-01 8.173786e-01 1.222945e+00 7.652240e-01 7.043697e-01 5.000000e-02 5.000000e-02 5.000000e-02 1.385215e-01 1.641802e-01 6.462657e-02 8.011291e-02 1.299273e-01 1.197856e-01 1.442071e-01 3.136371e-01 1.121407e-01 1.653153e-01 5.000000e-02
<GCONST> 6.153169e+01
<STATE> 15
<MEAN> 39
 -1.174135e-01 -2.079572e+01 -3.782464e+00 -7.462686e+00 -6.156171e+00 -5.682384e+00 2.597373e+00 -6.659041e-01 -4.038599e+00 -1.419519e+01 -4.440331e+00 -5.162704e+00 6.935318e-01 2.581345e-01 4.972799e-01 3.081358e-01 2.928471e-01 7.292786e-02 -1.581412e+00 -3.655694e-02 2.969058e-01 -1.425742e-01 -5.524081e-01 -4.340381e-01 -5.765982e-01 -3.527849e-02 8.559502e-02 -1.327955e-01 -1.593072e-02 2.568550e-01 -3.044538e-01 -3.225550e-01 2.206179e-02 1.950023e-02 3.887963e-02 4.113942e-01 1.996742e-01 1.128834e-02 -7.420822e-03
<VARIANCE> 39
 8.283112e+01 1.487297e+01 2.721855e+00 4.030076e+01 5.973518e+01 1.584002e+01 1.725493e+01 1.535723e+01 1.657084e+01 8.018703e+00 1.069022e+01 2.387029e+01 5.000000e-02 1.987373e+00 6.037410e-01 6.688118e-01 2.452088e+00 1.732558e+00 2.250500e+00 1.605012e+00 1.824189e+00 1.977458e+00 3.843019e+00 3.060082e-01 5.378726e-01 5.000000e-02 1.957377e-01 1.231509e-01 1.463740e-01 4.689485e-01 4.454960e-01 4.440288e-01 2.112112e-01 2.737870e-01 4.247328e-01 3.621287e-01 1.852588e-01 2.437128e-01 5.000000e-02
<GCONST> 8.485855e+01
<STATE> 16
<MEAN> 39
 1.311983e+00 -2.198346e+01 -2.065561e+00 -6.642218e+00 -8.704700e+00 -8.535627e+00 1.477617e+00 1.636556e+00 -4.525857e+00 -1.440276e+01 -4.278887e+00 -4.765972e+00 5.568616e-01 -1.483888e-01 1.235963e-01 -1.200409e-01 4.539593e-01 -3.267818e-01 6.500298e-01 -3.158821e-02 5.082810e-01 1.583516e-01 4.567206e-01 2.501858e-01 4.840188e-01 -4.523936e-02 -2.057752e-01 1.988359e-01 -9.773821e-04 -1.106459e-01 3.074819e-01 4.782493e-01 3.687270e-02 -2.221426e-01 9.112521e-02 2.111711e-01 2.327113e-01 2.401767e-01 1.418316e-03
<VARIANCE> 39
 1.038575e+01 1.223633e+01 1.778422e+01 3.180246e+01 1.987117e+01 3.592442e+01 2.385259e+01 9.075693e+00 1.054750e+01 2.140725e+01 7.260281e+00 2.423629e+00 5.000000e-02 3.224553e+00 1.185389e+00 1.333541e+00 1.447529e+00 3.904425e+00 3.431035e+00 9.829198e-01 1.276831e+00 2.934265e+00 2.746440e+00 2.765188e+00 2.058762e+00 5.000000e-02 1.262112e-01 2.024961e-01 2.484699e-01 2.206001e-01 4.221005e-01 7.756817e-01 9.378927e-02 4.272999e-01 4.701078e-01 7.466110e-01 5.185906e-01 1.178356e-01 5.000000e-02
<GCONST> 8.800857e+01
<STATE> 17
<MEAN> 39
 2.913204e+00 -2.032656e+01 -1.189211e+00 -8.731481e+00 -1.092018e+01 -6.486690e+00 -2.307901e+00 -7.197278e-02 -1.962612e+00 -1.402614e+01 -5.568989e+00 -6.069549e+00 5.524981e-01 -1.208613e-01 7.453820e-01 -1.702350e-01 1.145216e+00 1.574409e+00 2.962100e-01 5.455896e-01 -8.968723e-03 -6.629397e-01 4.544177e-01 1.368410e+00 9.332062e-01 -2.954406e-02 -4.218648e-02 -1.502989e-01 8.299954e-02 4.005169e-01 4.559122e-01 -4.914318e-02 3.000714e-01 9.798901e-02 -4.519511e-01 -5.904493e-02 5.644463e-01 2.643915e-01 6.143933e-04
<VARIANCE> 39
 9.638044e+00 1.158743e+01 2.235300e+01 2.378523e+01 1.394156e+01 4.664911e+00 2.690641e+01 5.875000e+00 1.018519e+01 2.534007e+01 2.616578e+01 2.002615e+01 5.000000e-02 3.302683e-01 1.065441e-01 6.153836e-01 1.441163e+00 1.325082e+00 1.035706e+00 1.114297e+00 1.637102e+00 1.971291e+00 3.987484e-01 3.429986e+00 2.413194e+00 5.000000e-02 7.033752e-02 5.192161e-02 8.381243e-02 1.581651e-01 2.244829e-01 2.357816e-01 8.957453e-02 2.382977e-01 4.615981e-01 4.384052e-01 6.198770e-01 4.497491e-01 5.000000e-02
<GCONST> 7.446140e+01
<STATE> 18
<MEAN> 39
 1.391684e+00 -1.678439e+01 -3.908596e+00 -4.113872e-01 -4.558037e+00 -5.645273e+00 5.831251e+00 7.340778e-01 -5.705849e+00 -1.016552e+01 2.024687e+00 -1.507487e+00 3.560807e-01 -4.553315e-01 2.048082e-01 2.618347e-01 1.046982e+00 1.077866e+00 -2.993839e-01 7.823221e-01 6.602485e-01 2.555750e-01 6.272656e-02 5.005078e-01 8.377508e-02 -2.497223e-02 -1.138825e-01 -5.773412e-02 4.011373e-02 -2.262342e-01 -4.214242e-01 -1.818514e-01 -1.277764e-01 5.562740e-02 3.912405e-01 3.986711e-04 -4.727492e-01 -2.846394e-01 -7.154951e-04
<VARIANCE> 39
 2.845650e+01 8.728559e+00 5.274272e+00 4.588749e+00 1.924158e+01 1.796397e+01 1.996351e+01 9.995413e+00 1.664344e+01 1.118986e+01 1.871999e+01 3.434042e+01 5.000000e-02 1.923455e-01 3.245774e-01 1.973147e-01 1.208572e+00 2.709164e+00 1.673033e+00 3.100815e-01 9.761125e-01 2.692144e+00 2.145762e+00 3.193095e+00 2.375196e+00 5.000000e-02 1.408623e-01 9.366247e-02 5.000000e-02 1.375014e-01 3.192019e-01 5.241916e-01 1.342057e-01 4.244748e-01 4.893248e-01 4.154399e-01 5.345093e-01 4.661237e-01 5.000000e-02
<GCONST> 7.717086e+01
<STATE> 19
<MEAN> 39
 -2.560346e-01 -1.725139e+01 -1.984031e+00 -1.744207e+00 -3.899257e+00 -6.313657e+00 4.387598e+00 2.104135e+00 -4.859457e+00 -1.148032e+01 8.384025e-01 -1.773123e+00 3.238256e-01 -9.292030e-01 2.733902e-01 2.566589e-01 7.508101e-01 5.244468e-01 -5.884139e-02 3.119326e-01 -1.014644e+00 -6.497465e-03 8.483763e-01 -1.602058e-01 1.540770e-01 -3.850785e-02 -1.133043e-01 -2.140477e-01 -9.594407e-02 -4.046831e-02 -9.506316e-02 7.879861e-02 -2.149642e-01 -3.919536e-01 7.301868e-02 3.619248e-01 -5.490483e-02 -1.508650e-02 8.989942e-04
<VARIANCE> 39
 1.517839e+01 1.078517e+01 1.185905e+01 1.218563e+01 1.412032e+00 4.435992e+00 2.386643e+01 2.116828e+01 2.813547e+01 3.587974e+01 3.158819e+01 1.434998e+01 5.000000e-02 1.193648e+00 1.066841e+00 1.645916e+00 1.486258e+00 7.534848e-01 6.277378e-01 2.803473e+00 2.697345e+00 3.861773e+00 2.241542e+00 2.994095e+00 2.349242e+00 5.000000e-02 5.864312e-02 1.103835e-01 1.281110e-01 1.015408e-01 3.758788e-01 2.219279e-01 2.018039e-01 4.251086e-01 1.116218e+00 3.834687e-01 8.678679e-01 1.706925e-01 5.000000e-02
<GCONST> 8.329453e+01
<STATE> 20
<MEAN> 39
 -2.951407e+00 -1.680884e+01 -2.206787e+00 9.664319e-01 -1.432390e+00 -5.106093e+00 5.030531e+00 -9.399949e-01 -4.499507e+00 -7.533211e+00 1.066131e+00 -1.672933e+00 2.296634e-01 -8.813716e-01 -3.625882e-01 -2.404400e-01 2.014426e-01 1.916016e-01 1.936567e-01 -3.646865e-02 -1.592365e-01 2.357622e-01 1.359264e+00 7.789584e-01 5.577873e-01 -2.499482e-02 1.840297e-01 6.201870e-02 -8.590854e-02 -3.339814e-01 -3.948902e-01 -1.997108e-01 1.116676e-01 6.258662e-01 2.359980e-01 -2.328702e-01 -2.943574e-03 -5.753753e-02 3.580915e-03
<VARIANCE> 39
 4.681197e+00 2.089943e+01 6.704764e+00 1.302615e+01 1.476763e+01 1.506154e+01 2.198978e+01 1.911504e+01 9.204068e+00 9.100738e+00 8.864791e+00 1.314305e+01 5.000000e-02 1.143525e+00 9.596654e-01 5.144931e-01 6.042938e-01 8.334054e-01 1.400222e+00 1.137492e+00 1.842518e+00 1.967258e+00 1.916161e+00 3.564289e+00 8.441941e-01 5.000000e-02 1.599038e-01 1.717991e-01 2.435577e-01 1.867345e-01 1.837021e-01 2.013652e-01 4.982405e-01 4.592676e-01 3.757415e-01 1.990731e-01 6.449230e-01 3.989859e-01 5.000000e-02
<GCONST> 7.921491e+01
<STATE> 21
<MEAN> 39
 -3.680763e+00 -1.780544e+01 -2.705870e+00 5.041083e-01 -4.331624e+00 -6.970795e+00 5.246756e+00 5.437790e-01 -2.858562e+00 -5.829181e+00 4.029778e+00 -2.039338e-01 2.040856e-01 -1.726106e-01 6.932019e-01 1.858744e-01 -3.150277e-01 -2.673574e-01 -6.274304e-01 5.900110e-01 1.177790e+00 9.369690e-01 1.475426e-01 1.682399e-01 6.566756e-02 -1.901179e-02 1.445322e-01 3.178310e-01 7.177439e-02 -5.212069e-02 1.725574e-01 -9.373870e-02 -1.908070e-01 4.499640e-02 -2.938649e-02 -3.676481e-01 -5.517388e-01 -1.992324e-01 9.134201e-04
<VARIANCE> 39
 6.559584e+00 2.329783e+01 5.014471e+00 7.994823e+00 7.757963e+00 2.822557e+01 3.642439e+00 1.009666e+01 7.926375e+00 1.106991e+01 1.486648e+01 2.610876e+00 5.000000e-02 4.122167e-01 3.927442e-01 6.001593e-01 1.712247e-01 1.264848e+00 1.828779e+00 1.208614e+00 1.272132e+00 9.315554e-01 1.176884e+00 8.607606e-01 2.245722e-01 5.000000e-02 2.293997e-01 3.137933e-01 9.772615e-02 1.228976e-01 1.296235e-01 3.967268e-01 2.471752e-01 3.342954e-01 1.491328e-01 2.840898e-01 1.675643e-01 5.124462e-02 5.000000e-02
<GCONST> 6.372532e+01
<STATE> 22
<MEAN> 39
 -4.460692e+00 -1.536031e+01 -2.504123e+00 2.282210e-01 -2.625582e+00 -8.200565e+00 5.903563e+00 3.581823e+00 -7.256094e-01 -7.061833e+00 7.015063e-01 -6.337897e-01 1.365731e-01 -3.060463e-01 7.999439e-01 -2.257025e-02 -1.788233e-01 3.346188e-01 4.301627e-02 -1.095643e+00 -4.381430e-01 6.218055e-01 4.849760e-01 -3.621106e-01 -9.044918e-02 -2.567253e-02 6.113246e-02 9.299260e-02 -1.712139e-02 -1.371628e-01 7.271629e-02 4.127497e-01 -2.231167e-01 -5.435758e-01 -5.500441e-02 3.134968e-01 2.040804e-01 -1.624285e-02 2.715236e-04
<VARIANCE> 39
 2.006250e+00 2.052106e+01 9.522263e+00 6.434027e+00 9.943591e+00 1.539409e+01 1.349923e+01 1.280887e+01 1.278446e+01 5.069298e+00 8.492237e+00 7.847705e+00 5.000000e-02 6.251604e-01 7.822335e-01 3.701701e-01 7.116466e-01 9.436701e-01 1.871991e+00 9.198005e-01 1.949486e+00 7.698558e-01 1.265848e+00 8.750976e-01 7.276007e-01 5.000000e-02 5.124224e-02 1.122346e-01 1.216273e-01 1.658363e-01 2.085334e-01 2.119416e-01 2.704051e-01 1.893940e-01 2.073025e-01 1.668936e-01 1.178534e-01 1.489010e-01 5.000000e-02
<GCONST> 6.514436e+01
<STATE> 23
<MEAN> 39
 -4.949750e+00 -1.187574e+01 -2.863418e+00 -1.996947e+00 -2.525013e+00 -5.555159e+00 1.397667e+00 -1.479730e+00 9.401540e-01 -2.995189e+00 1.855964e+00 -1.866870e+00 6.382228e-02 -1.974231e-01 7.084007e-01 -1.231088e-01 -8.970376e-01 1.522800e-02 9.027410e-01 -1.983048e-01 -2.072881e-01 6.084737e-03 -1.339900e-02 -2.693395e-01 2.175014e-01 -2.426079e-02 -1.048171e-01 -3.131905e-01 5.829384e-02 2.336903e-01 -9.079210e-02 -8.547774e-02 5.221596e-01 5.892290e-01 -2.786471e-01 -5.180855e-01 3.508687e-02 1.993700e-01 -2.540123e-05
<VARIANCE> 39
 2.753585e+00 8.641610e+00 3.035819e+00 6.873571e+00 6.556165e+00 4.006176e+00 5.473445e+00 1.144446e+01 8.156857e+00 9.992748e+00 8.938938e+00 2.026302e+01 5.000000e-02 1.346111e-01 9.731672e-01 4.484043e-01 6.852397e-01 1.068200e+00 8.807883e-01 6.743393e-01 2.282730e+00 1.151968e+00 2.491178e+00 9.847378e-01 1.586127e+00 5.000000e-02 8.592102e-02 5.000000e-02 5.000000e-02 1.332363e-01 2.319979e-01 1.975815e-01 9.342630e-02 1.356864e-01 1.015084e-01 2.700607e-01 2.614104e-01 2.534840e-01 5.000000e-02
<GCONST> 6.033827e+01
<STATE> 24
<MEAN> 39
 -5.845684e+00 -1.227061e+01 -2.190789e+00 -2.007541e+00 -1.667008e+00 -4.485772e+00 3.139053e+00 9.961727e-01 -6.298994e-01 -5.586085e+00 7.189068e-01 8.635112e-01 9.736962e-03 -4.431172e-01 1.429303e-01 2.410610e-01 3.621073e-01 1.692349e-01 2.163610e-02 6.076179e-01 4.165199e-01 -4.274625e-01 1.336861e-01 7.903667e-01 9.322736e-02 -2.049337e-02 -2.359191e-02 -9.603198e-02 -6.826665e-03 1.968044e-01 5.128958e-02 -2.580942e-01 -3.056175e-02 -1.677026e-01 -4.600674e-02 1.000278e-01 1.018068e-01 -1.920901e-01 2.779278e-03
<VARIANCE> 39
 7.250845e-01 2.935162e+00 6.032608e+00 8.522105e+00 7.933184e+00 7.763955e+00 3.551424e+00 5.707180e+00 1.693026e+01 1.057528e+01 1.262166e+01 1.006832e+01 5.000000e-02 1.890406e-01 4.817585e-01 2.117450e-01 4.419373e-01 6.470708e-01 1.457439e+00 6.243910e-01 2.606576e-01 5.872034e-01 2.006583e+00 1.278160e+00 1.153725e+00 5.000000e-02 5.000000e-02 5.301210e-02 5.471811e-02 1.398630e-01 1.633733e-01 9.611472e-02 1.331146e-01 1.823108e-01 3.296408e-01 3.479840e-01 1.278052e-01 1.327784e-01 5.000000e-02
<GCONST> 5.354062e+01
<TRANSP> 25
 0.000000e+00 1.000000e+00 0.000000e+00 0.000000e+00 0.000000e+00 0.000000e+00 0.000000e+00 0.000000e+00 0.000000e+00 0.000000e+00 0.000000e+00 0.000000e+00 0.000000e+00 0.000000e+00 0.000000e+00 0.000000e+00 0.000000e+00 0.000000e+00 0.000000e+00 0.000000e+00 0.000000e+00 0.000000e+00 0.000000e+00 0.000000e+00 0.000000e+00
 0.000000e+00 6.754968e-01 3.245032e-01 0.000000e+00 0.000000e+00 0.000000e+00 0.000000e+00 0.000000e+00 0.000000e+00 0.000000e+00 0.000000e+00 0.000000e+00 0.000000e+00 0.000000e+00 0.000000e+00 0.000000e+00 0.000000e+00 0.000000e+00 0.000000e+00 0.000000e+00 0.000000e+00 0.000000e+00 0.000000e+00 0.000000e+00 0.000000e+00
 0.000000e+00 0.000000e+00 5.666791e-01 4.333209e-01 0.000000e+00 0.000000e+00 0.000000e+00 0.000000e+00 0.000000e+00 0.000000e+00 0.000000e+00 0.000000e+00 0.000000e+00 0.000000e+00 0.000000e+00 0.000000e+00 0.000000e+00 0.000000e+00 0.000000e+00 0.000000e+00 0.000000e+00 0.000000e+00 0.000000e+00 0.000000e+00 0.000000e+00
 0.000000e+00 0.000000e+00 0.000000e+00 6.884258e-01 3.115743e-01 0.000000e+00 0.000000e+00 0.000000e+00 0.000000e+00 0.000000e+00 0.000000e+00 0.000000e+00 0.000000e+00 0.000000e+00 0.000000e+00 0.000000e+00 0.000000e+00 0.000000e+00 0.000000e+00 0.000000e+00 0.000000e+00 0.000000e+00 0.000000e+00 0.000000e+00 0.000000e+00
 0.000000e+00 0.000000e+00 0.000000e+00 0.000000e+00 6.667013e-01 3.332988e-01 0.000000e+00 0.000000e+00 0.000000e+00 0.000000e+00 0.000000e+00 0.000000e+00 0.000000e+00 0.000000e+00 0.000000e+00 0.000000e+00 0.000000e+00 0.000000e+00 0.000000e+00 0.000000e+00 0.000000e+00 0.000000e+00 0.000000e+00 0.000000e+00 0.000000e+00
 0.000000e+00 0.000000e+00 0.000000e+00 0.000000e+00 0.000000e+00 5.021939e-01 4.978062e-01 0.000000e+00 0.000000e+00 0.000000e+00 0.000000e+00 0.000000e+00 0.000000e+00 0.000000e+00 0.000000e+00 0.000000e+00 0.000000e+00 0.000000e+00 0.000000e+00 0.000000e+00 0.000000e+00 0.000000e+00 0.000000e+00 0.000000e+00 0.000000e+00
 0.000000e+00 0.000000e+00 0.000000e+00 0.000000e+00 0.000000e+00 0.000000e+00 6.425287e-01 3.574713e-01 0.000000e+00 0.000000e+00 0.000000e+00 0.000000e+00 0.000000e+00 0.000000e+00 0.000000e+00 0.000000e+00 0.000000e+00 0.000000e+00 0.000000e+00 0.000000e+00 0.000000e+00 0.000000e+00 0.000000e+00 0.000000e+00 0.000000e+00
 0.000000e+00 0.000000e+00 0.000000e+00 0.000000e+00 0.000000e+00 0.000000e+00 0.000000e+00 7.217979e-01 2.782021e-01 0.000000e+00 0.000000e+00 0.000000e+00 0.000000e+00 0.000000e+00 0.000000e+00 0.000000e+00 0.000000e+00 0.000000e+00 0.000000e+00 0.000000e+00 0.000000e+00 0.000000e+00 0.000000e+00 0.000000e+00 0.000000e+00
 0.000000e+00 0.000000e+00 0.000000e+00 0.000000e+00 0.000000e+00 0.000000e+00 0.000000e+00 0.000000e+00 6.428037e-01 3.571963e-01 0.000000e+00 0.000000e+00 0.000000e+00 0.000000e+00 0.000000e+00 0.000000e+00 0.000000e+00 0.000000e+00 0.000000e+00 0.000000e+00 0.000000e+00 0.000000e+00 0.000000e+00 0.000000e+00 0.000000e+00
 0.000000e+00 0.000000e+00 0.000000e+00 0.000000e+00 0.000000e+00 0.000000e+00 0.000000e+00 0.000000e+00 0.000000e+00 5.001217e-01 4.998784e-01 0.000000e+00 0.000000e+00 0.000000e+00 0.000000e+00 0.000000e+00 0.000000e+00 0.000000e+00 0.000000e+00 0.000000e+00 0.000000e+00 0.000000e+00 0.000000e+00 0.000000e+00 0.000000e+00
 0.000000e+00 0.000000e+00 0.000000e+00 0.000000e+00 0.000000e+00 0.000000e+00 0.000000e+00 0.000000e+00 0.000000e+00 0.000000e+00 6.666641e-01 3.333360e-01 0.000000e+00 0.000000e+00 0.000000e+00 0.000000e+00 0.000000e+00 0.000000e+00 0.000000e+00 0.000000e+00 0.000000e+00 0.000000e+00 0.000000e+00 0.000000e+00 0.000000e+00
 0.000000e+00 0.000000e+00 0.000000e+00 0.000000e+00 0.000000e+00 0.000000e+00 0.000000e+00 0.000000e+00 0.000000e+00 0.000000e+00 0.000000e+00 6.163545e-01 3.836455e-01 0.000000e+00 0.000000e+00 0.000000e+00 0.000000e+00 0.000000e+00 0.000000e+00 0.000000e+00 0.000000e+00 0.000000e+00 0.000000e+00 0.000000e+00 0.000000e+00
 0.000000e+00 0.000000e+00 0.000000e+00 0.000000e+00 0.000000e+00 0.000000e+00 0.000000e+00 0.000000e+00 0.000000e+00 0.000000e+00 0.000000e+00 0.000000e+00 5.442284e-01 4.557717e-01 0.000000e+00 0.000000e+00 0.000000e+00 0.000000e+00 0.000000e+00 0.000000e+00 0.000000e+00 0.000000e+00 0.000000e+00 0.000000e+00 0.000000e+00
 0.000000e+00 0.000000e+00 0.000000e+00 0.000000e+00 0.000000e+00 0.000000e+00 0.000000e+00 0.000000e+00 0.000000e+00 0.000000e+00 0.000000e+00 0.000000e+00 0.000000e+00 6.432039e-01 3.567961e-01 0.000000e+00 0.000000e+00 0.000000e+00 0.000000e+00 0.000000e+00 0.000000e+00 0.000000e+00 0.000000e+00 0.000000e+00 0.000000e+00
 0.000000e+00 0.000000e+00 0.000000e+00 0.000000e+00 0.000000e+00 0.000000e+00 0.000000e+00 0.000000e+00 0.000000e+00 0.000000e+00 0.000000e+00 0.000000e+00 0.000000e+00 0.000000e+00 6.146407e-01 3.853593e-01 0.000000e+00 0.000000e+00 0.000000e+00 0.000000e+00 0.000000e+00 0.000000e+00 0.000000e+00 0.000000e+00 0.000000e+00
 0.000000e+00 0.000000e+00 0.000000e+00 0.000000e+00 0.000000e+00 0.000000e+00 0.000000e+00 0.000000e+00 0.000000e+00 0.000000e+00 0.000000e+00 0.000000e+00 0.000000e+00 0.000000e+00 0.000000e+00 6.430103e-01 3.569897e-01 0.000000e+00 0.000000e+00 0.000000e+00 0.000000e+00 0.000000e+00 0.000000e+00 0.000000e+00 0.000000e+00
 0.000000e+00 0.000000e+00 0.000000e+00 0.000000e+00 0.000000e+00 0.000000e+00 0.000000e+00 0.000000e+00 0.000000e+00 0.000000e+00 0.000000e+00 0.000000e+00 0.000000e+00 0.000000e+00 0.000000e+00 0.000000e+00 5.835444e-01 4.164556e-01 0.000000e+00 0.000000e+00 0.000000e+00 0.000000e+00 0.000000e+00 0.000000e+00 0.000000e+00
 0.000000e+00 0.000000e+00 0.000000e+00 0.000000e+00 0.000000e+00 0.000000e+00 0.000000e+00 0.000000e+00 0.000000e+00 0.000000e+00 0.000000e+00 0.000000e+00 0.000000e+00 0.000000e+00 0.000000e+00 0.000000e+00 0.000000e+00 5.827789e-01 4.172210e-01 0.000000e+00 0.000000e+00 0.000000e+00 0.000000e+00 0.000000e+00 0.000000e+00
 0.000000e+00 0.000000e+00 0.000000e+00 0.000000e+00 0.000000e+00 0.000000e+00 0.000000e+00 0.000000e+00 0.000000e+00 0.000000e+00 0.000000e+00 0.000000e+00 0.000000e+00 0.000000e+00 0.000000e+00 0.000000e+00 0.000000e+00 0.000000e+00 5.836294e-01 4.163706e-01 0.000000e+00 0.000000e+00 0.000000e+00 0.000000e+00 0.000000e+00
 0.000000e+00 0.000000e+00 0.000000e+00 0.000000e+00 0.000000e+00 0.000000e+00 0.000000e+00 0.000000e+00 0.000000e+00 0.000000e+00 0.000000e+00 0.000000e+00 0.000000e+00 0.000000e+00 0.000000e+00 0.000000e+00 0.000000e+00 0.000000e+00 0.000000e+00 5.839631e-01 4.160369e-01 0.000000e+00 0.000000e+00 0.000000e+00 0.000000e+00
 0.000000e+00 0.000000e+00 0.000000e+00 0.000000e+00 0.000000e+00 0.000000e+00 0.000000e+00 0.000000e+00 0.000000e+00 0.000000e+00 0.000000e+00 0.000000e+00 0.000000e+00 0.000000e+00 0.000000e+00 0.000000e+00 0.000000e+00 0.000000e+00 0.000000e+00 0.000000e+00 5.446013e-01 4.553987e-01 0.000000e+00 0.000000e+00 0.000000e+00
 0.000000e+00 0.000000e+00 0.000000e+00 0.000000e+00 0.000000e+00 0.000000e+00 0.000000e+00 0.000000e+00 0.000000e+00 0.000000e+00 0.000000e+00 0.000000e+00 0.000000e+00 0.000000e+00 0.000000e+00 0.000000e+00 0.000000e+00 0.000000e+00 0.000000e+00 0.000000e+00 0.000000e+00 7.057632e-01 2.942369e-01 0.000000e+00 0.000000e+00
 0.000000e+00 0.000000e+00 0.000000e+00 0.000000e+00 0.000000e+00 0.000000e+00 0.000000e+00 0.000000e+00 0.000000e+00 0.000000e+00 0.000000e+00 0.000000e+00 0.000000e+00 0.000000e+00 0.000000e+00 0.000000e+00 0.000000e+00 0.000000e+00 0.000000e+00 0.000000e+00 0.000000e+00 0.000000e+00 5.827751e-01 4.172249e-01 0.000000e+00
 0.000000e+00 0.000000e+00 0.000000e+00 0.000000e+00 0.000000e+00 0.000000e+00 0.000000e+00 0.000000e+00 0.000000e+00 0.000000e+00 0.000000e+00 0.000000e+00 0.000000e+00 0.000000e+00 0.000000e+00 0.000000e+00 0.000000e+00 0.000000e+00 0.000000e+00 0.000000e+00 0.000000e+00 0.000000e+00 0.000000e+00 5.464882e-01 4.535117e-01
 0.000000e+00 0.000000e+00 0.000000e+00 0.000000e+00 0.000000e+00 0.000000e+00 0.000000e+00 0.000000e+00 0.000000e+00 0.000000e+00 0.000000e+00 0.000000e+00 0.000000e+00 0.000000e+00 0.000000e+00 0.000000e+00 0.000000e+00 0.000000e+00 0.000000e+00 0.000000e+00 0.000000e+00 0.000000e+00 0.000000e+00 0.000000e+00 0.000000e+00
<ENDHMM>
