~o
<STREAMINFO> 1 39
<VECSIZE> 39<NULLD><MFCC_E_D_A><DIAGC>
~h "Nho"
<BEGINHMM>
<NUMSTATES> 37
<STATE> 2
<MEAN> 39
 -5.706615e+00 -8.512574e+00 -6.392583e-01 -2.304736e+00 6.484451e-01 -4.791987e+00 2.095930e+00 -1.984713e+00 2.634988e-01 -2.193697e+00 2.440351e+00 -1.492251e+00 3.167520e-02 3.408839e-01 1.888177e-01 -4.011730e-01 -1.038559e+00 -8.254693e-01 -1.434305e-01 -2.839194e-01 -5.852272e-01 -6.729451e-01 -5.859224e-01 -1.126335e+00 1.200001e-03 1.258917e-02 5.469700e-01 2.266602e-01 -3.045567e-01 -9.919339e-01 -2.753904e-01 9.368582e-02 -2.914198e-01 -2.324137e-01 -2.293283e-01 -2.456608e-01 -4.936199e-01 -4.946250e-01 3.202458e-02
<VARIANCE> 39
 1.737884e+00 3.059408e+00 2.215039e+00 8.429282e+00 3.032531e+00 1.093569e+01 4.533554e+00 1.695028e+01 6.067961e+00 7.792747e+00 7.766946e+00 4.080693e+00 5.000000e-02 4.396866e-01 8.472504e-02 6.010020e-01 1.362879e+00 8.642423e-01 6.455314e-01 1.664047e-01 1.120656e+00 3.945274e+00 1.411241e+00 1.532399e+00 7.867813e-01 5.000000e-02 9.972400e-02 5.000000e-02 2.407178e-01 1.553285e-01 6.679159e-02 4.356887e-01 5.651746e-02 3.690283e-01 4.763286e-01 2.918099e-01 3.853891e-01 1.745920e-01 5.000000e-02
<GCONST> 5.792825e+01
<STATE> 3
<MEAN> 39
 -4.189240e+00 -7.013077e+00 -1.063245e+00 -5.230611e+00 -1.230118e+00 -4.512557e+00 1.312646e+00 -3.679409e+00 -1.448226e+00 -4.637561e+00 -2.967216e-01 -3.102319e+00 1.341693e-01 2.549468e+00 9.578077e-01 -1.104988e+00 -3.526574e+00 -1.186163e+00 2.954266e-01 -9.934556e-01 -1.040674e+00 -1.948235e+00 -1.402939e+00 -1.842861e+00 -1.611790e+00 1.303396e-01 4.094101e-01 -2.382259e-01 -2.746545e-01 -6.469063e-01 -2.107816e-01 1.099005e-01 -2.899185e-01 1.160064e-01 8.338528e-03 -1.734175e-01 -3.147753e-01 -5.194178e-01 3.030211e-02
<VARIANCE> 39
 3.898661e+00 2.099819e+00 2.716534e+00 1.202206e+01 7.727239e+00 6.859771e+00 5.816884e+00 1.798767e+01 1.889315e+01 1.118814e+01 5.213446e+00 5.431479e+00 5.000000e-02 2.600666e+00 1.428016e-01 2.146773e+00 2.007105e+00 3.855439e-01 1.867970e+00 8.605602e-01 2.497805e+00 2.928530e+00 6.329040e-01 1.435526e+00 1.106362e+00 5.000000e-02 4.618523e-01 1.248576e-01 4.023887e-01 4.046032e-01 5.132799e-02 6.226151e-01 5.000000e-02 2.887120e-01 9.643381e-01 3.688956e-01 8.494379e-02 1.671743e-01 5.000000e-02
<GCONST> 6.994566e+01
<STATE> 4
<MEAN> 39
 4.944738e+00 -4.788681e+00 -7.386508e+00 -1.557142e+01 -3.101319e+00 -6.797137e+00 -1.602051e+00 -3.390482e+00 -6.666451e+00 -8.031490e+00 -4.908433e+00 -8.133064e+00 5.219964e-01 5.033863e-01 -7.603974e-01 -6.162651e-01 -3.452900e+00 -1.062277e+00 9.716865e-02 -9.498101e-01 8.651939e-02 -6.097006e-02 -9.707682e-01 -1.664018e+00 -1.570826e+00 1.023993e-01 -1.687011e+00 -8.787845e-01 6.454750e-01 8.939495e-01 -1.243396e-01 4.802949e-01 7.995500e-01 4.479974e-01 7.830424e-01 5.753038e-01 5.073634e-01 -4.732650e-03 -2.063628e-02
<VARIANCE> 39
 2.161698e+01 6.904015e+00 2.139448e+01 5.622554e+01 2.858991e+01 2.116924e+01 1.455795e+01 5.208095e+00 1.359489e+01 7.179983e+00 8.142214e+00 2.577467e+00 5.000000e-02 5.283678e+00 1.692670e+00 2.426422e+00 4.244843e+00 1.826366e+00 4.985178e+00 1.229154e+00 1.115128e+00 2.803965e+00 2.149949e+00 1.860111e+00 1.378727e+00 5.000000e-02 4.283579e-01 1.428366e-01 3.452908e-01 1.345462e+00 3.169966e-01 1.798707e-01 4.629427e-01 2.036032e-01 2.063308e-01 2.606939e-01 5.797295e-01 1.003400e-01 5.000000e-02
<GCONST> 8.837866e+01
<STATE> 5
<MEAN> 39
 -1.960276e+00 -1.093758e+01 -1.248035e+00 -2.169327e+01 -7.714516e+00 4.075367e-01 -4.751097e+00 -4.201494e+00 -2.386281e+00 -8.065188e+00 -8.906861e+00 -9.943330e+00 5.943722e-01 -3.401315e+00 -2.888938e+00 6.725830e-01 -8.510423e-02 -2.006480e+00 2.035950e+00 2.220217e+00 1.103038e+00 1.163464e+00 3.260865e-01 -3.894579e-01 -1.953262e+00 6.913050e-02 -4.848309e-01 -4.182810e-01 -6.061779e-01 1.893500e+00 3.697976e-01 -3.508232e-01 1.519075e+00 5.454154e-01 -4.528919e-02 -7.666231e-02 9.799988e-01 3.914987e-01 -9.971689e-03
<VARIANCE> 39
 2.577487e+01 2.273063e+01 1.717091e+01 2.693863e+01 3.502073e+01 6.129918e+01 1.076259e+01 1.683928e+01 2.187944e+01 3.525332e+00 7.964141e+00 1.872808e+01 5.000000e-02 2.480578e+00 1.230815e+00 2.515973e+00 5.723893e+00 6.778944e-01 1.410061e+00 3.800148e+00 4.977510e-01 5.511834e-01 1.426879e+00 3.283972e+00 2.555832e-01 5.000000e-02 3.907915e-01 3.989532e-01 5.764836e-01 1.018870e+00 6.141456e-01 6.848395e-01 1.553271e-01 2.363064e-01 4.849033e-01 2.561251e-01 3.765908e-01 3.584639e-01 5.000000e-02
<GCONST> 9.073230e+01
<STATE> 6
<MEAN> 39
 -6.766561e+00 -1.340357e+01 -6.324460e+00 -1.605156e+01 -9.818353e+00 -1.704876e+00 5.388668e+00 -1.916399e-01 -2.828930e+00 -5.581866e+00 -5.630596e+00 -1.463018e+01 7.168042e-01 -2.593711e+00 -2.897332e+00 -1.997075e+00 3.362877e+00 -8.224468e-01 -3.092453e-01 4.155503e+00 1.805225e+00 1.277969e-01 -6.928020e-01 1.337414e+00 -1.201593e+00 5.044345e-02 5.698836e-01 6.588554e-02 -5.304933e-01 6.618462e-01 1.145861e+00 -7.763349e-01 -1.948628e-01 -1.965374e-01 -2.049211e-01 -8.932926e-01 2.432103e-01 1.033814e+00 -3.673844e-03
<VARIANCE> 39
 1.471639e+01 2.433443e+01 2.482434e+01 1.009932e+01 9.065627e+00 5.686373e+01 2.922713e+01 1.369421e+01 3.409694e+01 1.058019e+01 2.136485e+01 3.468128e+00 5.000000e-02 1.365032e+00 2.034905e+00 4.001283e+00 4.887517e+00 3.844159e+00 2.866422e+00 1.562406e+00 5.816312e-01 6.231768e-01 2.687393e+00 3.042539e+00 1.274820e+00 5.000000e-02 2.451612e-01 2.150067e-01 4.128625e-01 6.320295e-01 3.201829e-01 1.381298e-01 4.616608e-01 2.162568e-01 1.610508e-01 2.752474e-01 5.786384e-01 1.735536e-01 5.000000e-02
<GCONST> 8.957244e+01
<STATE> 7
<MEAN> 39
 -9.298164e+00 -1.810537e+01 -9.047208e+00 -1.048939e+01 -8.583256e+00 -3.280742e+00 1.213553e+01 1.277833e+00 -3.420463e+00 -1.112317e+01 -5.223267e+00 -1.502712e+01 7.964506e-01 -7.027920e-01 -2.062252e+00 -1.925516e+00 2.489414e+00 2.024472e+00 -1.093357e+00 1.274074e+00 8.856483e-01 4.150757e-01 -2.601070e+00 1.279649e+00 2.038456e+00 4.757818e-02 6.848745e-01 4.165788e-01 8.670945e-03 -3.487156e-01 1.224060e+00 -4.088046e-01 -1.648159e+00 -4.415081e-01 3.683764e-01 -1.633078e-02 -1.761697e-01 1.175490e+00 -5.001082e-03
<VARIANCE> 39
 7.588772e+00 1.683447e+01 3.070998e+01 1.323957e+01 1.206624e+01 8.438200e+01 2.253862e+01 5.873701e+00 2.866538e+01 1.156203e+01 2.553638e+01 3.883603e+00 5.000000e-02 3.823930e-01 7.029987e-01 9.199611e-01 4.101694e-01 5.673405e-01 1.101182e+00 4.709311e+00 1.369273e+00 9.518493e-01 1.332139e+00 8.596245e-01 1.108875e+00 5.000000e-02 1.881441e-01 2.212486e-01 6.683667e-01 6.727189e-01 6.283240e-01 5.624606e-01 4.276373e-01 5.000000e-02 1.070297e-01 5.877948e-01 4.119413e-01 2.361234e-01 5.000000e-02
<GCONST> 8.109428e+01
<STATE> 8
<MEAN> 39
 -1.004266e+01 -2.254508e+01 -1.051050e+01 -8.173258e+00 -5.507023e+00 -2.073849e+00 8.558072e+00 3.111156e+00 -9.734960e-01 -1.414978e+01 -2.193879e+00 -7.181747e+00 8.570043e-01 -7.652644e-01 -1.442938e+00 -9.531244e-01 1.682201e+00 4.172264e+00 -1.292877e+00 -6.299047e-01 -1.805903e-02 1.115819e+00 -1.244414e+00 7.147048e-02 3.141948e+00 4.093203e-02 1.844677e-02 7.083528e-01 2.606143e-01 -7.563816e-01 9.098914e-01 -1.689209e-02 -8.505923e-01 -7.387616e-01 8.295571e-01 8.797555e-01 -5.507675e-01 -3.383770e-01 -8.792512e-03
<VARIANCE> 39
 5.518075e+00 1.338031e+01 3.049835e+01 2.128144e+01 1.362325e+01 6.554237e+01 1.437718e+01 1.608651e+01 1.450462e+01 1.743824e+01 7.163562e+00 7.000169e+00 5.000000e-02 4.224940e-01 1.289642e+00 1.068895e+00 6.122652e-01 6.728940e-01 5.902016e-01 2.407052e+00 9.332892e-01 1.713314e+00 1.521027e+00 3.704109e-01 5.713570e-01 5.000000e-02 5.000000e-02 2.969573e-01 5.005066e-01 2.995077e-01 4.146816e-01 3.495864e-01 1.581008e-01 3.759011e-01 1.160606e-01 4.329575e-01 9.320971e-02 2.677722e-01 5.000000e-02
<GCONST> 7.587005e+01
<STATE> 9
<MEAN> 39
 -1.124468e+01 -2.273644e+01 -1.181996e+01 -6.730789e+00 4.492510e+00 -6.733256e+00 7.229410e+00 2.024810e+00 2.113574e+00 -1.543430e+01 -3.298483e+00 -4.383406e+00 9.187608e-01 -8.694016e-01 -4.986730e-01 -1.118211e+00 1.124705e-01 4.207264e+00 -8.913286e-01 -1.425454e+00 -1.047195e+00 3.017471e+00 9.199436e-01 -5.582866e-01 5.727097e-01 2.419655e-02 1.924556e-02 3.887375e-01 -3.961879e-02 -5.811414e-01 -3.012700e-01 5.122054e-01 2.502522e-02 -5.350363e-01 3.464875e-01 1.004233e+00 -4.735253e-02 -1.174241e+00 -1.031922e-02
<VARIANCE> 39
 1.215064e+01 7.329966e+00 7.590868e+00 6.019791e+00 8.096196e+00 4.986646e+01 6.815366e+00 5.305032e+00 2.763825e+01 5.630558e+00 8.380591e+00 7.076305e+00 5.000000e-02 1.250075e-01 8.534240e-01 1.661164e+00 8.893449e-01 1.444459e+00 1.124956e+00 9.184285e-01 1.143318e+00 1.245285e-01 8.781246e-01 1.082845e-01 1.269868e+00 5.000000e-02 1.195513e-01 9.122104e-02 8.681849e-02 5.000000e-02 1.660574e-01 1.443372e-01 2.905024e-01 9.210294e-02 1.677939e-01 1.430130e-01 5.000000e-02 2.014118e-01 5.000000e-02
<GCONST> 5.857129e+01
<STATE> 10
<MEAN> 39
 -1.333071e+01 -2.304461e+01 -1.522885e+01 -7.008582e+00 1.063152e+01 -5.841366e+00 5.336313e+00 -2.928794e+00 8.608868e+00 -1.044227e+01 -4.014007e+00 -6.709682e+00 9.405235e-01 -6.103320e-01 3.008858e-01 -1.254411e+00 -4.521067e-01 2.543711e+00 6.801835e-01 -4.526520e-01 -1.983297e+00 2.255905e+00 1.643635e+00 2.569549e-01 -1.073784e+00 1.111364e-04 3.219674e-01 2.999326e-01 4.365540e-02 -1.225537e-01 -7.604671e-01 6.105250e-01 1.488885e-01 -1.824545e-01 -6.209888e-01 -4.763989e-02 4.353760e-01 -2.760723e-01 -1.062983e-02
<VARIANCE> 39
 7.230230e+00 6.935553e+00 4.385558e+00 6.449462e+00 1.775803e+01 4.159021e+01 4.040271e+00 2.467940e+01 1.410011e+01 6.877193e+00 4.065231e+00 5.670277e+00 5.000000e-02 3.336060e-01 3.238139e-01 4.370467e-01 2.707938e-01 6.439078e-01 9.801514e-01 3.411052e-01 3.201378e-01 3.897603e-01 7.887203e-01 4.407341e-01 7.737505e-01 5.000000e-02 6.399064e-02 6.271435e-02 1.402154e-01 5.249976e-02 1.123855e-01 5.446801e-02 6.124489e-02 1.248909e-01 6.139309e-02 9.703081e-02 5.000000e-02 1.869617e-01 5.000000e-02
<GCONST> 4.938202e+01
<STATE> 11
<MEAN> 39
 -1.351480e+01 -2.263330e+01 -1.719541e+01 -8.837391e+00 1.431004e+01 -4.441048e+00 5.303566e+00 -4.871465e+00 1.099675e+01 -7.365722e+00 -1.701649e+00 -8.641420e+00 9.087325e-01 5.429327e-01 5.286826e-01 -7.722601e-01 -2.048119e-01 1.159880e+00 1.464215e+00 -6.899641e-01 -1.850682e+00 3.573217e-01 1.126388e+00 1.243593e+00 -7.777730e-01 -1.507224e-02 2.424203e-01 1.326927e-02 2.802274e-01 1.468787e-03 -5.251150e-01 5.691950e-02 3.705675e-02 1.394969e-01 -7.556751e-01 -4.731071e-01 1.831691e-01 1.677863e-01 -8.654565e-04
<VARIANCE> 39
 7.360082e+00 2.720499e+00 3.127558e+00 7.985948e-01 1.968939e+01 2.269442e+01 1.169993e+01 1.120864e+01 2.297738e+01 3.016668e+00 7.110991e+00 7.008522e+00 5.000000e-02 4.922968e-01 1.220700e-01 2.023527e-01 5.788941e-01 8.058716e-01 4.516528e-01 1.558539e-01 3.858558e-01 1.834304e-01 3.968309e-01 2.723996e-01 2.652140e-01 5.000000e-02 5.058340e-02 5.000000e-02 7.032166e-02 5.000000e-02 1.142706e-01 2.813390e-01 1.059098e-01 5.000000e-02 6.197105e-02 1.150846e-01 1.046153e-01 9.758979e-02 5.000000e-02
<GCONST> 4.186609e+01
<STATE> 12
<MEAN> 39
 -1.143841e+01 -2.155937e+01 -1.736674e+01 -8.659885e+00 1.590441e+01 -1.326120e+00 3.346091e+00 -8.439973e+00 1.002696e+01 -7.117041e+00 1.013849e-01 -9.933383e+00 8.887110e-01 4.277962e-01 2.316612e-01 -3.742774e-01 -4.072831e-01 5.101208e-01 8.908521e-01 -5.556927e-01 -1.531677e+00 -5.644715e-01 -3.449302e-01 8.244885e-01 -4.570472e-01 -6.735533e-03 -3.054766e-01 -3.718650e-02 -6.997619e-02 -1.237217e-01 -3.823370e-01 -8.646306e-02 2.424683e-01 5.127966e-01 -6.329290e-02 -3.047041e-01 -7.396396e-02 2.518801e-01 4.834136e-03
<VARIANCE> 39
 4.378732e+00 5.874578e+00 5.146243e+00 7.244880e+00 1.507198e+01 2.346811e+01 1.124383e+01 9.589206e+00 1.158921e+01 2.234866e+00 7.239259e+00 1.090215e+01 5.000000e-02 5.150422e-01 2.029269e-01 2.320644e-01 3.901480e-01 7.498671e-01 5.974687e-01 1.998153e-01 2.108309e-01 3.613161e-01 2.158667e-01 6.290559e-01 6.647744e-01 5.000000e-02 7.385172e-02 5.000000e-02 5.000000e-02 1.069681e-01 2.094154e-01 7.328866e-02 5.000000e-02 1.020525e-01 1.353448e-01 8.004318e-02 5.000000e-02 1.643263e-01 5.000000e-02
<GCONST> 4.606041e+01
<STATE> 13
<MEAN> 39
 -1.229932e+01 -2.020781e+01 -1.905607e+01 -9.515562e+00 1.458082e+01 1.063393e+00 1.774137e+00 -1.185338e+01 9.938764e+00 -8.483627e+00 8.910037e-01 -9.219491e+00 8.792342e-01 -4.205017e-01 4.955380e-01 -8.954290e-01 -8.205767e-01 -1.225468e-01 1.027393e+00 9.202455e-02 2.134617e-02 9.360910e-02 1.084276e-01 1.187642e+00 2.933133e-01 -4.763974e-04 -1.230600e-01 4.863279e-02 5.897782e-02 -2.728454e-02 -8.053899e-02 -1.506589e-01 2.381667e-02 4.548243e-01 7.652519e-02 4.798112e-02 -1.504359e-01 6.723267e-02 6.800039e-03
<VARIANCE> 39
 3.049803e+00 6.753166e+00 3.538760e+00 5.632150e+00 3.084153e+00 3.512140e+01 4.060552e+00 9.427767e+00 1.648191e+01 2.437479e+00 3.752558e+00 1.022979e+01 5.000000e-02 1.191909e-01 3.025732e-01 2.185021e-01 1.787250e-01 7.178320e-01 1.097403e+00 8.876380e-01 9.094011e-01 6.109939e-01 1.587876e-01 3.114410e-01 7.954631e-01 5.000000e-02 1.307579e-01 9.901589e-02 5.000000e-02 5.000000e-02 6.832054e-02 7.933360e-02 5.000000e-02 5.000000e-02 7.569702e-02 1.165069e-01 5.982968e-02 1.394304e-01 5.000000e-02
<GCONST> 4.256738e+01
<STATE> 14
<MEAN> 39
 -1.332370e+01 -1.959922e+01 -2.042993e+01 -1.107964e+01 1.587493e+01 1.965061e+00 3.331258e+00 -8.830070e+00 1.096406e+01 -6.753592e+00 3.401611e+00 -9.634374e+00 9.025808e-01 -2.050616e-01 4.281802e-01 -3.801964e-01 -4.879744e-01 2.000777e-01 7.592812e-01 -3.656337e-01 4.810167e-02 -1.638467e-01 2.416609e-01 2.874709e-01 -3.440787e-01 1.711559e-02 3.327974e-01 -1.605563e-01 2.763637e-01 6.191505e-02 -2.835398e-02 -1.560804e-01 -2.352188e-01 -6.433278e-02 -2.838282e-01 -2.672997e-01 -3.507761e-01 -5.200845e-02 2.242276e-03
<VARIANCE> 39
 2.455294e+00 8.089282e+00 5.219536e+00 5.437588e+00 8.190935e+00 1.882805e+01 1.966416e+01 4.383326e+00 1.841126e+01 3.289549e+00 3.149519e+00 9.241508e+00 5.000000e-02 7.769496e-01 3.888773e-01 3.761767e-01 1.893162e-01 5.511909e-02 5.195720e-01 8.398949e-01 2.337943e-01 2.835329e-01 3.780621e-01 2.303849e-01 9.596797e-01 5.000000e-02 5.056163e-02 7.852142e-02 5.000000e-02 5.000000e-02 2.379369e-01 1.157983e-01 1.395628e-01 5.000000e-02 5.338561e-02 8.530070e-02 5.000000e-02 5.920655e-02 5.000000e-02
<GCONST> 4.194091e+01
<STATE> 15
<MEAN> 39
 -1.248096e+01 -1.934724e+01 -2.007378e+01 -1.181518e+01 1.551826e+01 2.973972e+00 4.545715e-01 -1.083817e+01 9.173461e+00 -7.278002e+00 2.573755e+00 -1.038215e+01 9.503895e-01 9.011179e-01 -2.192738e-01 2.733596e-01 -5.857043e-01 -1.105569e-01 4.253013e-01 -6.712320e-01 -2.351316e-01 -1.086454e+00 -1.191968e+00 -1.265059e-01 1.009362e-01 7.840008e-03 3.510543e-01 -2.472377e-01 2.414545e-01 3.014373e-01 -1.237497e-01 4.532218e-02 3.704356e-02 -2.005653e-03 1.157335e-02 -4.301365e-01 1.699033e-01 1.246805e-02 -5.138671e-03
<VARIANCE> 39
 6.274169e+00 3.616887e+00 2.628989e+00 3.931936e+00 3.922258e+00 1.943926e+01 2.484027e+01 5.215096e+00 1.523982e+01 5.445997e+00 6.503428e+00 1.724714e+01 5.000000e-02 8.838175e-01 6.038330e-01 2.669521e-01 2.577018e-01 1.306654e+00 2.757580e-01 7.083326e-01 5.896004e-01 5.000000e-02 4.478585e-01 3.710223e-01 8.714032e-01 5.000000e-02 7.377320e-02 5.775899e-02 1.948208e-01 5.000000e-02 9.914271e-02 1.864877e-01 3.304408e-01 5.000000e-02 5.934769e-02 1.166124e-01 8.144201e-02 9.124346e-02 5.000000e-02
<GCONST> 4.829926e+01
<STATE> 16
<MEAN> 39
 -1.008049e+01 -2.040131e+01 -1.902075e+01 -1.253248e+01 1.580523e+01 5.103559e+00 5.874948e-01 -9.038300e+00 7.966326e+00 -1.132504e+01 3.759077e+00 -8.832562e+00 9.345918e-01 1.102223e+00 -2.998753e-01 7.173897e-01 7.137455e-01 -9.015770e-02 6.395128e-01 -4.633014e-01 -3.537701e-01 7.298193e-03 -1.260071e+00 7.210059e-01 -5.681704e-01 3.290420e-03 -5.676289e-02 4.067893e-02 -3.854324e-02 1.844080e-01 -1.034485e-01 -9.893233e-02 -3.244137e-01 -2.317225e-01 3.681163e-01 2.437059e-01 -6.680959e-02 -4.545655e-01 2.524838e-03
<VARIANCE> 39
 1.333638e+01 5.380693e+00 4.966251e+00 5.329113e+00 2.304544e+01 1.847916e+01 1.388363e+01 2.885764e+00 1.691642e+01 7.104550e+00 1.954596e+00 1.595914e+01 5.000000e-02 3.758046e-01 4.437804e-01 1.443957e+00 4.710286e-01 1.185687e+00 1.310259e+00 1.368981e+00 7.147201e-01 4.591563e-01 7.032850e-01 2.507778e-01 5.820770e-01 5.000000e-02 1.565001e-01 8.122920e-02 1.372196e-01 1.210944e-01 3.305839e-01 2.024814e-01 1.763291e-01 1.227050e-01 5.000000e-02 1.306182e-01 1.298186e-01 9.009817e-02 5.000000e-02
<GCONST> 5.892091e+01
<STATE> 17
<MEAN> 39
 -9.119076e+00 -1.953242e+01 -1.793136e+01 -1.099774e+01 1.563820e+01 2.855051e+00 -2.487598e+00 -1.213829e+01 9.085472e+00 -1.276140e+01 4.220999e+00 -1.240135e+01 9.594847e-01 8.131618e-01 -4.814220e-01 -1.213177e-01 -6.033692e-03 -4.063331e-01 2.697120e-01 -1.419081e+00 -4.001755e-01 4.187705e-02 6.779042e-02 -2.728271e-01 -1.596197e+00 1.706701e-02 1.594179e-02 -5.817276e-02 -1.461071e-01 -2.521653e-01 -6.909605e-03 2.101166e-01 3.422845e-01 4.476946e-01 -3.459896e-01 9.258652e-03 -2.339698e-01 1.445438e-01 -4.737120e-03
<VARIANCE> 39
 7.722625e+00 6.995870e+00 1.780354e+01 7.099742e+00 1.307578e+01 1.941704e+01 1.186576e+01 2.783544e+00 2.443516e+01 1.320020e+01 3.724006e+00 5.292073e+00 5.000000e-02 6.110911e-01 3.186852e-01 5.450271e-01 6.864843e-01 1.330411e+00 2.058375e+00 6.141425e-01 6.631193e-01 4.708313e-01 8.816671e-01 3.862119e-01 1.876692e-01 5.000000e-02 8.761530e-02 5.589129e-02 2.320323e-01 1.337344e-01 7.134113e-02 4.398927e-01 1.664845e-01 1.024779e-01 1.140800e-01 1.973183e-01 1.083493e-01 1.183842e-01 5.000000e-02
<GCONST> 5.882236e+01
<STATE> 18
<MEAN> 39
 -6.335329e+00 -2.255205e+01 -1.881845e+01 -1.165174e+01 1.328996e+01 6.472877e+00 -4.058210e+00 -1.194662e+01 7.000368e+00 -1.188827e+01 3.477815e+00 -1.629817e+01 9.823084e-01 7.359083e-01 -1.015957e-01 2.368235e-01 -5.270956e-01 -1.838851e-01 1.249278e-01 -1.197303e-01 8.044569e-01 -8.547105e-01 -1.130833e+00 -9.426928e-01 -3.825029e-01 -1.252231e-02 5.737353e-02 7.868800e-02 2.329419e-01 -1.706373e-01 3.313195e-02 -6.305937e-01 3.921999e-01 4.161251e-01 -4.940188e-01 -4.346811e-01 -1.861652e-01 7.371246e-01 -1.062651e-02
<VARIANCE> 39
 8.490968e+00 4.933614e+00 1.047117e+01 1.180133e+01 6.064717e+00 1.243795e+01 1.223276e+01 4.059049e+00 2.410834e+01 1.906908e+01 7.326931e+00 8.065789e+00 5.000000e-02 3.174322e-01 6.595385e-02 3.866524e-01 8.015751e-01 8.357958e-01 2.348927e+00 8.211137e-01 3.454168e-01 9.395942e-01 2.146230e+00 5.263525e-01 3.168482e-01 5.000000e-02 5.382808e-02 5.000000e-02 1.155712e-01 2.402411e-01 2.276986e-01 1.368404e-01 5.000000e-02 1.533287e-01 1.720530e-01 1.333898e-01 3.660989e-01 8.219214e-02 5.000000e-02
<GCONST> 5.784788e+01
<STATE> 19
<MEAN> 39
 -4.918184e+00 -2.096498e+01 -1.910061e+01 -1.104849e+01 1.323078e+01 5.864927e+00 -1.215330e+00 -1.015763e+01 4.550825e+00 -1.493437e+01 1.649527e+00 -1.452095e+01 9.417774e-01 8.302158e-01 -1.303600e-01 3.228227e-01 -1.140374e-01 -7.374863e-01 -1.303071e+00 2.746795e-01 1.789206e-01 -1.380162e+00 -2.242573e+00 -6.015070e-02 5.679266e-01 -2.528114e-02 -1.120006e-01 1.044643e-01 1.450240e-01 -1.897911e-01 -5.681920e-02 -6.380144e-01 -2.280439e-01 -2.211840e-01 8.954556e-02 1.370529e-01 1.880964e-01 1.800855e-01 -6.708625e-03
<VARIANCE> 39
 3.504945e+00 3.217395e+00 4.873447e+00 1.163287e+01 6.131631e+00 1.012917e+01 7.228698e+00 8.502922e+00 1.834419e+01 5.164679e+01 7.024378e+00 6.377648e+00 5.000000e-02 4.305738e-01 2.455926e-01 1.478545e+00 1.354475e+00 1.980746e-01 3.016435e+00 3.557850e-01 2.837875e+00 1.504477e+00 2.619700e+00 2.130084e+00 1.648193e+00 5.000000e-02 1.548207e-01 5.000000e-02 2.555389e-01 1.731290e-01 1.273509e-01 5.002638e-01 1.835987e-01 1.926845e-01 3.123598e-01 5.366283e-01 1.175039e-01 5.657578e-01 5.000000e-02
<GCONST> 7.005199e+01
<STATE> 20
<MEAN> 39
 -3.781521e+00 -2.180037e+01 -1.645324e+01 -1.216002e+01 1.247853e+01 1.141877e+00 -2.391319e+00 -9.210314e+00 3.059938e+00 -1.897025e+01 2.222230e+00 -1.326766e+01 8.809700e-01 7.524658e-01 1.392521e-01 8.763788e-01 -8.697072e-01 -3.351353e-01 -1.181298e+00 -6.235698e-01 5.411220e-01 -9.626623e-01 -1.653275e-02 -8.808974e-02 1.057647e+00 -3.165783e-02 1.276742e-01 2.740192e-01 1.158238e-01 1.459918e-01 1.994596e-01 4.923809e-01 -4.186098e-01 -3.551466e-02 -8.567573e-02 8.719788e-01 2.175132e-02 1.620394e-02 -3.535888e-03
<VARIANCE> 39
 9.432322e+00 1.220626e+01 2.907807e+01 7.558737e+00 1.375733e+01 8.819747e+00 1.032473e+01 2.341888e+01 2.565404e+01 7.290642e+01 1.577995e+01 3.326496e+01 5.000000e-02 6.794893e-01 1.340000e-01 1.271818e+00 3.683826e-01 5.888717e-01 1.198191e+00 1.510597e+00 2.121268e+00 1.951664e+00 1.688173e+00 1.060466e+00 5.050784e+00 5.000000e-02 5.000000e-02 7.361180e-02 1.678739e-01 3.155313e-01 1.224432e-01 3.146301e-01 1.883382e-01 4.845815e-01 2.443253e-01 7.267242e-01 4.518058e-01 3.851164e-01 5.000000e-02
<GCONST> 7.977405e+01
<STATE> 21
<MEAN> 39
 -3.565123e+00 -1.985564e+01 -1.826543e+01 -1.498136e+01 1.273191e+01 -1.053891e+00 -3.261550e+00 -1.029022e+01 2.107429e+00 -1.735968e+01 2.663871e+00 -1.338424e+01 8.312126e-01 1.227856e+00 5.066915e-01 1.032990e+00 -1.643431e-01 2.194643e-01 -3.995693e-01 -1.293754e+00 6.335913e-01 -2.063256e+00 7.172626e-01 -6.261765e-01 9.014356e-01 -3.759418e-02 2.204664e-01 -1.107090e-01 2.081537e-01 4.375755e-01 -2.134930e-01 3.691412e-01 -2.136474e-01 3.159927e-01 -1.836320e-01 4.352151e-01 -1.642342e-01 1.704821e-01 -6.106220e-03
<VARIANCE> 39
 5.673799e+00 9.664148e+00 2.161435e+01 3.190351e+00 9.365462e+00 1.787280e+01 3.754800e+01 1.798065e+01 1.492325e+01 6.057187e+01 9.120020e+00 4.121022e+01 5.000000e-02 2.231506e-01 3.877369e-01 7.263796e-01 8.482609e-01 7.312949e-01 1.517684e+00 1.267727e+00 1.457521e+00 4.472712e-01 3.674033e+00 1.042361e+00 1.569328e+00 5.000000e-02 7.831996e-02 1.160744e-01 1.903186e-01 1.465541e-01 1.627834e-01 5.000000e-02 4.351842e-01 4.281384e-01 5.150359e-01 2.623404e-01 2.944253e-01 7.927076e-01 5.000000e-02
<GCONST> 7.584645e+01
<STATE> 22
<MEAN> 39
 2.220445e-01 -2.033123e+01 -1.357119e+01 -1.471654e+01 1.323032e+01 -6.711681e-01 -7.405455e+00 -8.078178e+00 -3.363637e+00 -1.540334e+01 6.327012e-01 -1.113552e+01 7.534921e-01 1.423431e+00 4.719412e-02 1.088331e+00 7.280845e-01 -8.069974e-01 7.067430e-01 -1.127489e+00 1.540576e+00 -1.278830e+00 1.550990e+00 -5.964933e-01 7.948728e-01 -5.110137e-02 -1.928069e-01 -1.229962e-01 -2.829157e-01 6.287761e-01 -3.228747e-01 1.882292e-01 5.805826e-01 -5.974314e-02 7.557465e-01 3.376364e-01 -9.094236e-02 -1.218380e-01 -4.464621e-03
<VARIANCE> 39
 6.359320e+00 3.435990e+00 1.585870e+01 8.916429e+00 5.216441e+00 2.716309e+01 3.262626e+01 1.416287e+01 2.025925e+01 2.102533e+01 7.323916e+00 1.409467e+01 5.000000e-02 1.837535e-01 1.481699e+00 1.048648e+00 2.825110e+00 5.597721e-01 9.790968e-01 3.108157e+00 2.478582e+00 2.342028e+00 1.633410e+00 1.083100e+00 1.382901e+00 5.000000e-02 6.139389e-02 1.099933e-01 2.154595e-01 2.636575e-01 9.575269e-02 2.551068e-01 4.857723e-01 2.765508e-01 1.221136e-01 3.242681e-01 2.579550e-01 3.436515e-01 5.000000e-02
<GCONST> 7.624029e+01
<STATE> 23
<MEAN> 39
 2.545497e+00 -2.079400e+01 -1.039015e+01 -9.540990e+00 8.163523e+00 3.397557e+00 -8.741648e+00 -3.185842e+00 -3.783965e+00 -1.320752e+01 -2.007064e+00 -7.950512e+00 6.418096e-01 5.221871e-01 -4.276976e-01 1.452680e-01 1.738916e+00 -1.690219e+00 -4.704944e-01 4.942530e-01 1.617717e-01 6.649945e-01 1.380812e+00 -8.940036e-01 1.208477e+00 -6.117427e-02 -4.710980e-01 -3.343971e-01 -6.854579e-01 2.232741e-02 1.448802e-01 -4.688800e-01 7.621650e-01 -5.347646e-01 5.528692e-01 2.113712e-01 3.338471e-01 9.617752e-02 2.954277e-03
<VARIANCE> 39
 2.903462e+00 8.139379e-01 1.389348e+01 2.319851e+01 2.220550e+01 2.574898e+01 1.773949e+01 1.206404e+01 1.251272e+01 4.833124e+01 1.329127e+01 1.225033e+01 5.000000e-02 3.606017e-01 9.057757e-01 1.874438e+00 2.078409e+00 5.352031e-01 2.050345e+00 3.279435e+00 1.525578e+00 1.298305e+00 2.803960e+00 6.557108e-01 9.010969e-01 5.000000e-02 5.000000e-02 2.470772e-01 1.824191e-01 3.889502e-01 2.791637e-01 4.915273e-01 2.010271e-01 3.949576e-01 3.286185e-01 3.770290e-01 2.221783e-01 2.749809e-01 5.000000e-02
<GCONST> 7.880498e+01
<STATE> 24
<MEAN> 39
 1.526069e+00 -2.208159e+01 -1.084649e+01 -8.977902e+00 8.486655e+00 1.479698e+00 -5.811281e+00 -4.095662e+00 3.728489e-02 -7.620502e+00 -8.555388e-01 -5.947368e+00 5.560897e-01 -3.285035e-01 -6.863488e-01 -1.196274e+00 1.549006e+00 -4.297357e-01 -3.501923e-01 9.247097e-01 -8.913219e-01 1.050067e+00 2.141006e+00 7.688941e-01 7.596289e-01 -3.911698e-02 -1.508752e-01 1.206485e-01 -7.310576e-01 -1.252926e-01 2.755792e-01 -2.460408e-01 1.923570e-01 -3.153670e-01 -4.512659e-02 -4.536473e-01 1.113779e-01 -2.794299e-01 1.154009e-02
<VARIANCE> 39
 6.698298e+00 5.906700e+00 2.932582e+01 3.522796e+01 1.910975e+01 6.458407e+00 2.000269e+01 2.797780e+01 2.133863e+01 1.307033e+01 8.629213e+00 1.486356e+01 5.000000e-02 4.308642e-01 5.465325e-01 1.594297e+00 9.013776e-01 4.101178e-01 2.091141e+00 2.032040e+00 2.347492e+00 8.208177e-01 2.219656e+00 1.393966e+00 4.618893e-01 5.000000e-02 9.958978e-02 1.895560e-01 3.821663e-01 4.904450e-01 2.611187e-01 2.135019e-01 6.922336e-01 6.117202e-01 5.128954e-01 4.603553e-01 2.637113e-01 2.286525e-01 5.000000e-02
<GCONST> 8.177870e+01
<STATE> 25
<MEAN> 39
 1.485231e+00 -2.231717e+01 -1.725080e+01 -4.937483e+00 7.963239e+00 -2.457541e-01 -4.925503e+00 -7.610592e+00 1.001548e+00 -6.785876e+00 -3.906677e-01 -5.789850e+00 5.142084e-01 1.295230e-01 1.435678e-01 -1.616563e+00 1.115119e+00 -1.103191e-01 -1.054695e+00 1.718953e+00 -3.628873e-02 3.092000e-02 4.855641e-01 -5.385907e-01 -5.588527e-02 -2.123035e-02 -4.157845e-02 1.647154e-01 5.299158e-01 -3.815903e-01 1.397431e-01 1.683754e-01 -6.267219e-02 5.165446e-01 -1.279375e-01 -2.978264e-01 -8.639551e-02 -4.073751e-02 3.145149e-03
<VARIANCE> 39
 5.098001e+00 8.735028e+00 1.388251e+01 9.055630e+00 7.741695e+00 1.034658e+01 1.354486e+01 7.959645e+00 1.289005e+01 1.780458e+01 2.439905e+01 7.052529e+00 5.000000e-02 2.051692e-01 1.168158e-01 3.195252e+00 1.834231e+00 1.449706e+00 4.330223e-01 3.170128e+00 8.530301e-01 1.499013e+00 1.811222e+00 9.715049e-01 9.304878e-01 5.000000e-02 1.298720e-01 1.358513e-01 1.587875e-01 5.621826e-02 8.550894e-02 3.923423e-01 5.173786e-01 5.000000e-02 4.394932e-01 5.129672e-01 5.135022e-01 1.187848e-01 5.000000e-02
<GCONST> 7.033980e+01
<STATE> 26
<MEAN> 39
 2.305033e+00 -2.156846e+01 -1.782710e+01 -4.837692e+00 8.463269e+00 -1.993198e+00 -3.285168e-01 -5.335368e+00 3.370900e-01 -4.590182e+00 -9.292610e-01 -5.732086e+00 4.744214e-01 -2.235820e-01 2.747407e-01 6.819027e-01 -2.037638e-02 -2.023231e-01 3.043027e-02 4.224313e-01 8.342891e-01 5.587459e-01 9.295359e-01 4.441164e-01 7.315992e-01 -1.923667e-02 -6.566399e-02 -8.176137e-03 6.558850e-01 -2.259151e-01 -1.594138e-01 5.999067e-01 -3.475236e-01 -8.162984e-02 -7.528675e-02 -2.683616e-01 1.325642e-02 6.455237e-02 2.060512e-03
<VARIANCE> 39
 3.206289e+00 3.497109e+00 4.194684e+00 2.356079e+00 4.870180e+00 1.059125e+01 2.126747e+01 1.450572e+01 5.591048e+00 1.373152e+01 9.757361e+00 6.958734e+00 5.000000e-02 4.372285e-01 6.273673e-01 2.912637e+00 1.137684e+00 8.785642e-01 2.046069e+00 2.276545e+00 1.169884e+00 2.302169e+00 1.536882e+00 2.204168e+00 8.140839e-01 5.000000e-02 5.277666e-02 9.063745e-02 3.322113e-01 1.663453e-01 2.381608e-01 4.162213e-01 3.766327e-01 2.352684e-01 1.420038e-01 1.805787e-01 1.311959e-01 9.405927e-02 5.000000e-02
<GCONST> 6.791898e+01
<STATE> 27
<MEAN> 39
 8.169240e-01 -2.212837e+01 -1.422080e+01 -7.040378e+00 5.223992e+00 7.589850e-01 -2.415786e+00 -4.632371e+00 2.321669e+00 -4.368438e+00 -3.802737e-02 -3.455265e+00 4.458888e-01 -2.222874e-01 -1.374180e-01 7.309466e-01 -8.348200e-02 -6.035943e-01 1.712222e+00 6.288090e-01 4.851331e-01 3.023836e-01 -7.087844e-01 -5.141246e-01 8.826823e-01 -1.655683e-02 1.601784e-02 -8.339390e-02 -2.272032e-01 2.141940e-01 2.611700e-01 -1.425003e-01 -2.981626e-01 -4.236182e-01 -1.958974e-01 -3.303915e-01 -3.637436e-02 -2.156408e-01 2.491150e-03
<VARIANCE> 39
 1.611994e+00 4.590005e+00 1.529244e+01 6.279559e+00 1.749557e+01 6.377304e+01 7.283959e+00 6.206629e+00 5.612928e+01 1.022634e+01 2.311295e+01 1.152282e+01 5.000000e-02 1.670844e-01 2.138534e-01 1.061170e+00 6.874603e-01 3.730004e-01 2.053593e+00 3.181774e-01 1.504917e+00 4.168589e-01 1.599391e+00 2.236948e-01 3.850534e-01 5.000000e-02 6.987195e-02 1.001039e-01 4.190556e-01 2.162561e-01 1.381517e-01 6.643428e-01 3.908747e-01 2.307422e-01 7.487864e-01 3.270153e-01 4.028464e-01 1.562069e-01 5.000000e-02
<GCONST> 6.818391e+01
<STATE> 28
<MEAN> 39
 1.387974e+00 -2.202362e+01 -1.545138e+01 -3.327625e+00 6.853058e+00 9.120362e-01 -1.144274e-01 -3.646003e+00 2.254743e-01 -5.354455e+00 -1.611467e+00 -4.440830e+00 4.145353e-01 -2.873922e-01 -2.776226e-01 -1.162275e-01 5.446026e-01 3.396249e-01 3.283032e-01 -1.542891e-01 -6.057513e-01 5.682099e-02 -1.805159e-01 -6.428432e-02 -1.740439e-01 -1.455570e-02 -2.518212e-03 1.658933e-01 -1.303765e-01 3.027881e-02 2.466097e-01 -4.546534e-01 -3.476081e-01 -2.307438e-01 -5.246481e-02 -5.986815e-02 5.095341e-02 -2.224200e-01 -4.514975e-04
<VARIANCE> 39
 4.744148e+00 1.065902e+01 1.001595e+01 3.989701e+00 1.503791e+00 2.202648e+01 9.590296e-01 6.126640e+00 5.071130e+00 1.030385e+01 5.540542e+00 2.673384e+00 5.000000e-02 1.075768e-01 1.792151e-01 8.042967e-01 1.887229e-01 2.829364e-01 9.982274e-01 3.910356e-01 9.031790e-01 1.441529e+00 6.709895e-01 1.282084e+00 4.153445e-01 5.000000e-02 5.659476e-02 2.319612e-01 4.509245e-01 9.715719e-02 5.648947e-02 3.334804e-01 6.566429e-02 1.440372e-01 1.986220e-01 1.733335e-01 1.420263e-01 1.087530e-01 5.000000e-02
<GCONST> 4.978827e+01
<STATE> 29
<MEAN> 39
 -5.016265e-02 -2.300087e+01 -1.590061e+01 -4.027088e+00 8.071651e+00 6.544419e-01 -1.982615e+00 -6.067783e+00 2.421628e+00 -6.340836e+00 -1.170375e+00 -3.531993e+00 3.970793e-01 -9.160263e-02 8.362069e-01 -6.303754e-02 7.668844e-01 6.532688e-01 -1.132685e+00 -6.640139e-01 -6.728148e-01 -2.074095e-01 4.353536e-02 2.047515e-02 -3.882888e-01 -1.904227e-02 3.242370e-02 3.289967e-01 5.183116e-02 -4.724869e-02 7.110508e-02 -7.375140e-02 1.167256e-01 2.316889e-01 6.092659e-02 1.470879e-01 1.974393e-01 -5.220475e-02 -1.993622e-03
<VARIANCE> 39
 6.934593e-02 2.763570e+00 1.449978e+01 4.086143e+00 5.114766e+00 9.908033e+00 1.805305e+01 1.101063e+01 1.112387e+01 1.085772e+01 7.396585e+00 2.238035e+01 5.000000e-02 3.276550e-01 1.390258e+00 1.610590e+00 3.709843e-01 1.866340e-01 5.267902e-01 9.244341e-01 3.920360e-01 9.043369e-01 2.677408e-01 1.372493e-01 7.758511e-01 5.000000e-02 5.000000e-02 5.000000e-02 1.001094e-01 5.000000e-02 9.654178e-02 1.818376e-01 1.145516e-01 1.500504e-01 3.328090e-01 1.051538e-01 7.907462e-02 1.519118e-01 5.000000e-02
<GCONST> 4.877762e+01
<STATE> 30
<MEAN> 39
 7.845548e-01 -1.989646e+01 -1.543601e+01 -2.057092e+00 8.504759e+00 -2.150057e+00 -2.356742e+00 -6.069937e+00 -1.162724e-01 -6.153211e+00 -5.715532e-01 -5.442318e+00 3.558391e-01 -1.644543e-01 8.443620e-01 3.741786e-01 2.410907e-01 5.958247e-01 4.609466e-01 3.532386e-01 5.117539e-01 1.763193e-01 -2.668469e-02 5.294383e-01 -6.537145e-02 -2.263372e-02 -1.062019e-01 -4.268746e-02 2.102532e-01 -1.204539e-01 -8.507258e-02 4.856903e-01 3.157188e-01 1.418169e-01 1.473831e-01 4.972944e-02 -5.873479e-02 2.495187e-01 -1.017011e-03
<VARIANCE> 39
 1.549663e+00 3.637068e+00 5.694995e+00 3.855864e+00 6.449805e+00 1.511339e+01 1.150259e+01 1.061205e+01 6.543101e+00 9.499146e+00 5.034392e+00 4.716140e+00 5.000000e-02 9.812711e-02 5.008456e-01 7.199370e-01 1.831314e-01 8.156187e-01 1.149012e+00 1.025896e+00 1.023734e+00 1.182490e+00 5.232432e-01 9.584955e-01 3.987843e-01 5.000000e-02 5.000000e-02 1.005450e-01 1.628444e-01 7.290033e-02 6.027459e-02 6.979688e-02 3.321299e-01 1.268193e-01 1.842862e-01 6.799962e-02 8.994774e-02 1.255981e-01 5.000000e-02
<GCONST> 5.046527e+01
<STATE> 31
<MEAN> 39
 -7.214302e-01 -1.922095e+01 -1.415364e+01 -2.767982e+00 9.802880e+00 2.780940e+00 -3.074936e-01 -5.525918e+00 2.012326e+00 -5.125497e+00 9.392834e-01 -4.187853e+00 3.160743e-01 -5.703753e-01 4.794219e-01 6.804319e-01 3.152383e-01 1.075332e-02 4.219444e-01 4.462766e-01 -1.770580e-01 5.053611e-01 1.498611e-01 -3.688826e-01 5.920661e-01 -2.251304e-02 -2.867240e-02 -9.226418e-02 4.576327e-02 1.782421e-02 -1.534105e-01 -4.084173e-01 -1.486225e-01 -1.812859e-01 -1.372832e-01 5.530835e-02 -2.373036e-01 -1.301173e-01 1.009004e-03
<VARIANCE> 39
 2.073088e+00 4.507645e+00 1.177939e+01 3.837086e+00 4.615928e+00 1.336586e+01 1.233106e+01 8.604801e+00 2.397640e+01 8.388900e+00 1.095006e+01 1.335970e+01 5.000000e-02 1.983733e-01 2.378134e-01 6.601194e-01 8.949857e-01 2.155187e-01 4.127508e-01 1.954830e+00 6.003349e-01 2.054401e-01 3.901820e-01 4.258757e-01 1.049803e+00 5.000000e-02 5.000000e-02 1.910222e-01 2.797363e-01 1.838871e-01 9.349207e-02 5.000000e-02 1.074785e-01 2.155420e-01 1.545825e-01 5.000000e-02 2.167581e-01 1.164811e-01 5.000000e-02
<GCONST> 5.335273e+01
<STATE> 32
<MEAN> 39
 -1.347795e+00 -1.742687e+01 -1.260209e+01 -1.744996e+00 8.639412e+00 -2.605576e-02 -7.383071e-01 -5.883394e+00 2.358956e+00 -6.788780e+00 -1.950898e+00 -1.800860e+00 2.583096e-01 -2.832776e-01 1.635756e-02 1.924217e-01 -1.270155e-01 -2.026150e-01 -4.872611e-01 9.655627e-02 -1.550834e-01 -2.703133e-01 3.292613e-01 -4.145593e-01 -4.020101e-01 -1.314773e-02 -3.052013e-02 -3.109871e-02 1.002253e-01 -7.559513e-02 -1.351547e-01 -1.100130e-01 -3.014598e-01 3.410204e-02 -1.327462e-01 4.102105e-01 3.019786e-01 -1.728663e-01 -3.160559e-03
<VARIANCE> 39
 1.377621e+00 4.973314e+00 5.369518e+00 1.464572e+01 5.706045e+00 2.785395e+01 2.247253e+01 2.076125e+01 1.580167e+01 1.506755e+01 3.888929e+00 1.554576e+01 5.000000e-02 1.503748e-01 8.795555e-01 1.559224e+00 1.203509e+00 4.359796e-01 2.773097e-01 7.630238e-01 1.128751e+00 8.060954e-01 2.936384e-01 8.799345e-01 1.226549e+00 5.000000e-02 5.400464e-02 1.134018e-01 2.516600e-01 2.851988e-01 9.966965e-02 7.892313e-02 3.950329e-01 9.821551e-02 5.000000e-02 1.027941e-01 6.188044e-02 2.475008e-01 5.000000e-02
<GCONST> 5.947351e+01
<STATE> 33
<MEAN> 39
 -1.335000e+00 -1.826915e+01 -1.243728e+01 -2.431955e+00 9.514318e+00 1.546387e+00 -4.560494e-01 -5.644463e+00 1.739856e+00 -4.661480e+00 -1.898246e+00 -6.145495e+00 2.533083e-01 -6.266068e-01 5.003822e-01 7.987190e-01 -1.125605e-01 -2.483218e-01 -9.470782e-03 -6.713908e-01 -1.682529e-01 -1.554527e-01 1.314960e+00 9.213094e-01 2.268170e-01 -3.147957e-02 -2.181880e-01 4.328966e-01 4.204386e-01 7.550424e-02 -1.181096e-01 5.511221e-02 -1.344575e-01 -7.709171e-03 1.464333e-02 3.404206e-02 2.418999e-01 3.835991e-01 -1.140537e-02
<VARIANCE> 39
 3.980661e+00 4.212254e+00 7.963960e+00 1.717688e+01 6.968395e+00 2.105623e+01 6.574416e+00 2.926724e+00 2.083899e+01 3.233895e+00 2.313788e+00 3.618894e+01 5.000000e-02 2.401786e-01 8.931710e-01 1.163449e+00 1.721189e+00 6.660901e-01 4.758075e-01 8.667175e-01 5.028078e-01 2.454549e-01 1.076200e+00 5.668336e-01 1.412342e+00 5.000000e-02 5.000000e-02 2.058966e-01 3.214281e-01 3.993613e-01 1.963446e-01 9.910945e-02 9.270927e-02 8.589083e-02 1.730085e-01 1.127330e-01 8.645069e-02 2.769090e-01 5.000000e-02
<GCONST> 5.956273e+01
<STATE> 34
<MEAN> 39
 -3.527555e+00 -1.648850e+01 -1.073738e+01 -2.245748e+00 8.174664e+00 -8.802414e-02 -2.888260e+00 -6.421905e+00 2.818065e+00 -8.540753e-01 2.015019e+00 -2.498845e+00 1.741103e-01 -1.033479e+00 1.745211e+00 1.821785e+00 4.106454e-01 -4.600967e-01 -2.555513e-01 1.131287e-02 -1.311468e-01 -8.664160e-02 5.473658e-01 3.280045e-01 5.205161e-01 -5.386731e-02 2.620522e-02 2.191627e-01 1.977446e-01 9.000654e-02 -5.803852e-02 2.150111e-02 3.943450e-01 1.515348e-02 -1.632678e-01 -5.067353e-01 -1.951864e-01 -1.230913e-01 -3.752199e-03
<VARIANCE> 39
 1.933706e+00 3.040249e+00 3.636090e+00 7.335598e+00 3.846171e+00 2.523311e+01 4.161035e+00 1.526332e+01 2.162844e+01 5.693401e+00 1.167465e+01 1.119216e+01 5.000000e-02 2.161189e-01 3.948245e-01 9.789765e-01 8.596420e-01 8.230067e-01 9.199004e-01 6.753970e-01 8.630221e-01 1.763696e+00 6.562277e-01 7.947977e-01 8.863051e-01 5.000000e-02 5.000000e-02 9.973188e-02 1.163944e-01 3.575515e-01 1.899066e-01 1.929261e-01 1.464159e-01 3.086346e-01 1.676730e-01 1.194272e-01 1.349547e-01 1.484593e-01 5.000000e-02
<GCONST> 5.979660e+01
<STATE> 35
<MEAN> 39
 -5.163782e+00 -1.183969e+01 -5.358276e+00 -1.132221e+00 6.988565e+00 2.941163e-01 -1.379787e-02 -6.715776e+00 -6.629156e-02 -3.005170e+00 2.356805e-01 -3.295468e+00 4.210540e-02 -4.224584e-01 1.194252e+00 1.483544e+00 1.487573e-01 -7.118708e-01 -8.915111e-02 6.260837e-01 -5.048539e-03 -5.392421e-01 -5.482443e-01 6.390183e-02 -1.562692e-01 -3.991715e-02 2.483596e-01 -4.411424e-01 -5.194071e-01 -1.250813e-01 -2.747872e-02 -5.708160e-02 3.573675e-02 2.190391e-01 1.217524e-01 -4.488025e-02 2.531230e-02 -6.309611e-02 1.250842e-02
<VARIANCE> 39
 1.112882e+00 1.962555e+00 3.583896e+00 5.379183e+00 1.031450e+01 4.637696e+00 9.414673e+00 6.457892e+00 2.102811e+01 1.463261e+01 1.749413e+01 1.125468e+01 5.000000e-02 2.264879e-01 3.487598e-01 7.437143e-01 9.371782e-01 1.228152e+00 1.788287e+00 7.598683e-01 2.117910e+00 9.854896e-01 4.813837e-01 6.020617e-01 6.193871e-01 5.000000e-02 5.000000e-02 5.000000e-02 8.506276e-02 9.637684e-02 2.187301e-01 1.002308e-01 7.593175e-02 1.970384e-01 3.372613e-01 1.709908e-01 2.987691e-01 1.551880e-01 5.000000e-02
<GCONST> 5.730629e+01
<STATE> 36
<MEAN> 39
 -5.319840e+00 -1.074978e+01 -4.344123e+00 -6.750624e-01 6.906633e+00 -1.998744e-01 4.495549e-01 -5.284754e+00 1.442618e+00 -3.344566e+00 1.962597e+00 -3.905691e+00 1.634857e-02 -2.346560e-01 -1.101898e-01 6.637035e-02 -4.572767e-02 -6.885095e-01 -3.016322e-01 1.399305e-01 5.814059e-01 3.414153e-02 1.281587e-01 6.258110e-01 3.283613e-01 -1.624759e-02 1.047097e-01 -3.238902e-01 -3.360601e-01 -1.179858e-01 2.090903e-02 -5.360264e-02 -2.582287e-01 5.822360e-02 2.898353e-01 2.721118e-01 -2.268575e-02 1.352900e-01 1.290508e-02
<VARIANCE> 39
 2.507558e-01 1.415379e+00 2.388445e+00 5.865180e+00 1.117339e+01 3.218471e+00 9.776741e+00 2.003622e+01 1.690552e+01 7.183290e+00 4.124938e+00 8.046642e+00 5.000000e-02 1.325421e-01 1.593198e-01 2.132853e-01 6.568635e-01 1.055874e+00 7.367417e-01 5.000000e-02 1.275724e+00 1.502663e+00 5.069159e-01 1.412416e+00 6.470959e-01 5.000000e-02 5.000000e-02 6.340311e-02 5.000000e-02 1.571504e-01 1.429976e-01 3.299048e-01 1.443274e-01 6.155295e-01 2.672697e-01 2.210770e-01 1.829385e-01 2.673249e-01 5.000000e-02
<GCONST> 5.034517e+01
<TRANSP> 37
 0.000000e+00 1.000000e+00 0.000000e+00 0.000000e+00 0.000000e+00 0.000000e+00 0.000000e+00 0.000000e+00 0.000000e+00 0.000000e+00 0.000000e+00 0.000000e+00 0.000000e+00 0.000000e+00 0.000000e+00 0.000000e+00 0.000000e+00 0.000000e+00 0.000000e+00 0.000000e+00 0.000000e+00 0.000000e+00 0.000000e+00 0.000000e+00 0.000000e+00 0.000000e+00 0.000000e+00 0.000000e+00 0.000000e+00 0.000000e+00 0.000000e+00 0.000000e+00 0.000000e+00 0.000000e+00 0.000000e+00 0.000000e+00 0.000000e+00
 0.000000e+00 4.996288e-01 5.003713e-01 0.000000e+00 0.000000e+00 0.000000e+00 0.000000e+00 0.000000e+00 0.000000e+00 0.000000e+00 0.000000e+00 0.000000e+00 0.000000e+00 0.000000e+00 0.000000e+00 0.000000e+00 0.000000e+00 0.000000e+00 0.000000e+00 0.000000e+00 0.000000e+00 0.000000e+00 0.000000e+00 0.000000e+00 0.000000e+00 0.000000e+00 0.000000e+00 0.000000e+00 0.000000e+00 0.000000e+00 0.000000e+00 0.000000e+00 0.000000e+00 0.000000e+00 0.000000e+00 0.000000e+00 0.000000e+00
 0.000000e+00 0.000000e+00 4.449038e-01 5.550963e-01 0.000000e+00 0.000000e+00 0.000000e+00 0.000000e+00 0.000000e+00 0.000000e+00 0.000000e+00 0.000000e+00 0.000000e+00 0.000000e+00 0.000000e+00 0.000000e+00 0.000000e+00 0.000000e+00 0.000000e+00 0.000000e+00 0.000000e+00 0.000000e+00 0.000000e+00 0.000000e+00 0.000000e+00 0.000000e+00 0.000000e+00 0.000000e+00 0.000000e+00 0.000000e+00 0.000000e+00 0.000000e+00 0.000000e+00 0.000000e+00 0.000000e+00 0.000000e+00 0.000000e+00
 0.000000e+00 0.000000e+00 0.000000e+00 5.833439e-01 4.166561e-01 0.000000e+00 0.000000e+00 0.000000e+00 0.000000e+00 0.000000e+00 0.000000e+00 0.000000e+00 0.000000e+00 0.000000e+00 0.000000e+00 0.000000e+00 0.000000e+00 0.000000e+00 0.000000e+00 0.000000e+00 0.000000e+00 0.000000e+00 0.000000e+00 0.000000e+00 0.000000e+00 0.000000e+00 0.000000e+00 0.000000e+00 0.000000e+00 0.000000e+00 0.000000e+00 0.000000e+00 0.000000e+00 0.000000e+00 0.000000e+00 0.000000e+00 0.000000e+00
 0.000000e+00 0.000000e+00 0.000000e+00 0.000000e+00 3.750483e-01 6.249518e-01 0.000000e+00 0.000000e+00 0.000000e+00 0.000000e+00 0.000000e+00 0.000000e+00 0.000000e+00 0.000000e+00 0.000000e+00 0.000000e+00 0.000000e+00 0.000000e+00 0.000000e+00 0.000000e+00 0.000000e+00 0.000000e+00 0.000000e+00 0.000000e+00 0.000000e+00 0.000000e+00 0.000000e+00 0.000000e+00 0.000000e+00 0.000000e+00 0.000000e+00 0.000000e+00 0.000000e+00 0.000000e+00 0.000000e+00 0.000000e+00 0.000000e+00
 0.000000e+00 0.000000e+00 0.000000e+00 0.000000e+00 0.000000e+00 3.749416e-01 6.250584e-01 0.000000e+00 0.000000e+00 0.000000e+00 0.000000e+00 0.000000e+00 0.000000e+00 0.000000e+00 0.000000e+00 0.000000e+00 0.000000e+00 0.000000e+00 0.000000e+00 0.000000e+00 0.000000e+00 0.000000e+00 0.000000e+00 0.000000e+00 0.000000e+00 0.000000e+00 0.000000e+00 0.000000e+00 0.000000e+00 0.000000e+00 0.000000e+00 0.000000e+00 0.000000e+00 0.000000e+00 0.000000e+00 0.000000e+00 0.000000e+00
 0.000000e+00 0.000000e+00 0.000000e+00 0.000000e+00 0.000000e+00 0.000000e+00 3.749990e-01 6.250010e-01 0.000000e+00 0.000000e+00 0.000000e+00 0.000000e+00 0.000000e+00 0.000000e+00 0.000000e+00 0.000000e+00 0.000000e+00 0.000000e+00 0.000000e+00 0.000000e+00 0.000000e+00 0.000000e+00 0.000000e+00 0.000000e+00 0.000000e+00 0.000000e+00 0.000000e+00 0.000000e+00 0.000000e+00 0.000000e+00 0.000000e+00 0.000000e+00 0.000000e+00 0.000000e+00 0.000000e+00 0.000000e+00 0.000000e+00
 0.000000e+00 0.000000e+00 0.000000e+00 0.000000e+00 0.000000e+00 0.000000e+00 0.000000e+00 2.855965e-01 7.144035e-01 0.000000e+00 0.000000e+00 0.000000e+00 0.000000e+00 0.000000e+00 0.000000e+00 0.000000e+00 0.000000e+00 0.000000e+00 0.000000e+00 0.000000e+00 0.000000e+00 0.000000e+00 0.000000e+00 0.000000e+00 0.000000e+00 0.000000e+00 0.000000e+00 0.000000e+00 0.000000e+00 0.000000e+00 0.000000e+00 0.000000e+00 0.000000e+00 0.000000e+00 0.000000e+00 0.000000e+00 0.000000e+00
 0.000000e+00 0.000000e+00 0.000000e+00 0.000000e+00 0.000000e+00 0.000000e+00 0.000000e+00 0.000000e+00 4.445189e-01 5.554811e-01 0.000000e+00 0.000000e+00 0.000000e+00 0.000000e+00 0.000000e+00 0.000000e+00 0.000000e+00 0.000000e+00 0.000000e+00 0.000000e+00 0.000000e+00 0.000000e+00 0.000000e+00 0.000000e+00 0.000000e+00 0.000000e+00 0.000000e+00 0.000000e+00 0.000000e+00 0.000000e+00 0.000000e+00 0.000000e+00 0.000000e+00 0.000000e+00 0.000000e+00 0.000000e+00 0.000000e+00
 0.000000e+00 0.000000e+00 0.000000e+00 0.000000e+00 0.000000e+00 0.000000e+00 0.000000e+00 0.000000e+00 0.000000e+00 5.454448e-01 4.545551e-01 0.000000e+00 0.000000e+00 0.000000e+00 0.000000e+00 0.000000e+00 0.000000e+00 0.000000e+00 0.000000e+00 0.000000e+00 0.000000e+00 0.000000e+00 0.000000e+00 0.000000e+00 0.000000e+00 0.000000e+00 0.000000e+00 0.000000e+00 0.000000e+00 0.000000e+00 0.000000e+00 0.000000e+00 0.000000e+00 0.000000e+00 0.000000e+00 0.000000e+00 0.000000e+00
 0.000000e+00 0.000000e+00 0.000000e+00 0.000000e+00 0.000000e+00 0.000000e+00 0.000000e+00 0.000000e+00 0.000000e+00 0.000000e+00 4.438083e-01 5.561917e-01 0.000000e+00 0.000000e+00 0.000000e+00 0.000000e+00 0.000000e+00 0.000000e+00 0.000000e+00 0.000000e+00 0.000000e+00 0.000000e+00 0.000000e+00 0.000000e+00 0.000000e+00 0.000000e+00 0.000000e+00 0.000000e+00 0.000000e+00 0.000000e+00 0.000000e+00 0.000000e+00 0.000000e+00 0.000000e+00 0.000000e+00 0.000000e+00 0.000000e+00
 0.000000e+00 0.000000e+00 0.000000e+00 0.000000e+00 0.000000e+00 0.000000e+00 0.000000e+00 0.000000e+00 0.000000e+00 0.000000e+00 0.000000e+00 3.756981e-01 6.243019e-01 0.000000e+00 0.000000e+00 0.000000e+00 0.000000e+00 0.000000e+00 0.000000e+00 0.000000e+00 0.000000e+00 0.000000e+00 0.000000e+00 0.000000e+00 0.000000e+00 0.000000e+00 0.000000e+00 0.000000e+00 0.000000e+00 0.000000e+00 0.000000e+00 0.000000e+00 0.000000e+00 0.000000e+00 0.000000e+00 0.000000e+00 0.000000e+00
 0.000000e+00 0.000000e+00 0.000000e+00 0.000000e+00 0.000000e+00 0.000000e+00 0.000000e+00 0.000000e+00 0.000000e+00 0.000000e+00 0.000000e+00 0.000000e+00 4.433216e-01 5.566785e-01 0.000000e+00 0.000000e+00 0.000000e+00 0.000000e+00 0.000000e+00 0.000000e+00 0.000000e+00 0.000000e+00 0.000000e+00 0.000000e+00 0.000000e+00 0.000000e+00 0.000000e+00 0.000000e+00 0.000000e+00 0.000000e+00 0.000000e+00 0.000000e+00 0.000000e+00 0.000000e+00 0.000000e+00 0.000000e+00 0.000000e+00
 0.000000e+00 0.000000e+00 0.000000e+00 0.000000e+00 0.000000e+00 0.000000e+00 0.000000e+00 0.000000e+00 0.000000e+00 0.000000e+00 0.000000e+00 0.000000e+00 0.000000e+00 5.007124e-01 4.992876e-01 0.000000e+00 0.000000e+00 0.000000e+00 0.000000e+00 0.000000e+00 0.000000e+00 0.000000e+00 0.000000e+00 0.000000e+00 0.000000e+00 0.000000e+00 0.000000e+00 0.000000e+00 0.000000e+00 0.000000e+00 0.000000e+00 0.000000e+00 0.000000e+00 0.000000e+00 0.000000e+00 0.000000e+00 0.000000e+00
 0.000000e+00 0.000000e+00 0.000000e+00 0.000000e+00 0.000000e+00 0.000000e+00 0.000000e+00 0.000000e+00 0.000000e+00 0.000000e+00 0.000000e+00 0.000000e+00 0.000000e+00 0.000000e+00 4.448107e-01 5.551893e-01 0.000000e+00 0.000000e+00 0.000000e+00 0.000000e+00 0.000000e+00 0.000000e+00 0.000000e+00 0.000000e+00 0.000000e+00 0.000000e+00 0.000000e+00 0.000000e+00 0.000000e+00 0.000000e+00 0.000000e+00 0.000000e+00 0.000000e+00 0.000000e+00 0.000000e+00 0.000000e+00 0.000000e+00
 0.000000e+00 0.000000e+00 0.000000e+00 0.000000e+00 0.000000e+00 0.000000e+00 0.000000e+00 0.000000e+00 0.000000e+00 0.000000e+00 0.000000e+00 0.000000e+00 0.000000e+00 0.000000e+00 0.000000e+00 5.454256e-01 4.545745e-01 0.000000e+00 0.000000e+00 0.000000e+00 0.000000e+00 0.000000e+00 0.000000e+00 0.000000e+00 0.000000e+00 0.000000e+00 0.000000e+00 0.000000e+00 0.000000e+00 0.000000e+00 0.000000e+00 0.000000e+00 0.000000e+00 0.000000e+00 0.000000e+00 0.000000e+00 0.000000e+00
 0.000000e+00 0.000000e+00 0.000000e+00 0.000000e+00 0.000000e+00 0.000000e+00 0.000000e+00 0.000000e+00 0.000000e+00 0.000000e+00 0.000000e+00 0.000000e+00 0.000000e+00 0.000000e+00 0.000000e+00 0.000000e+00 4.999811e-01 5.000189e-01 0.000000e+00 0.000000e+00 0.000000e+00 0.000000e+00 0.000000e+00 0.000000e+00 0.000000e+00 0.000000e+00 0.000000e+00 0.000000e+00 0.000000e+00 0.000000e+00 0.000000e+00 0.000000e+00 0.000000e+00 0.000000e+00 0.000000e+00 0.000000e+00 0.000000e+00
 0.000000e+00 0.000000e+00 0.000000e+00 0.000000e+00 0.000000e+00 0.000000e+00 0.000000e+00 0.000000e+00 0.000000e+00 0.000000e+00 0.000000e+00 0.000000e+00 0.000000e+00 0.000000e+00 0.000000e+00 0.000000e+00 0.000000e+00 4.444576e-01 5.555425e-01 0.000000e+00 0.000000e+00 0.000000e+00 0.000000e+00 0.000000e+00 0.000000e+00 0.000000e+00 0.000000e+00 0.000000e+00 0.000000e+00 0.000000e+00 0.000000e+00 0.000000e+00 0.000000e+00 0.000000e+00 0.000000e+00 0.000000e+00 0.000000e+00
 0.000000e+00 0.000000e+00 0.000000e+00 0.000000e+00 0.000000e+00 0.000000e+00 0.000000e+00 0.000000e+00 0.000000e+00 0.000000e+00 0.000000e+00 0.000000e+00 0.000000e+00 0.000000e+00 0.000000e+00 0.000000e+00 0.000000e+00 0.000000e+00 3.763666e-01 6.236334e-01 0.000000e+00 0.000000e+00 0.000000e+00 0.000000e+00 0.000000e+00 0.000000e+00 0.000000e+00 0.000000e+00 0.000000e+00 0.000000e+00 0.000000e+00 0.000000e+00 0.000000e+00 0.000000e+00 0.000000e+00 0.000000e+00 0.000000e+00
 0.000000e+00 0.000000e+00 0.000000e+00 0.000000e+00 0.000000e+00 0.000000e+00 0.000000e+00 0.000000e+00 0.000000e+00 0.000000e+00 0.000000e+00 0.000000e+00 0.000000e+00 0.000000e+00 0.000000e+00 0.000000e+00 0.000000e+00 0.000000e+00 0.000000e+00 4.438300e-01 5.561700e-01 0.000000e+00 0.000000e+00 0.000000e+00 0.000000e+00 0.000000e+00 0.000000e+00 0.000000e+00 0.000000e+00 0.000000e+00 0.000000e+00 0.000000e+00 0.000000e+00 0.000000e+00 0.000000e+00 0.000000e+00 0.000000e+00
 0.000000e+00 0.000000e+00 0.000000e+00 0.000000e+00 0.000000e+00 0.000000e+00 0.000000e+00 0.000000e+00 0.000000e+00 0.000000e+00 0.000000e+00 0.000000e+00 0.000000e+00 0.000000e+00 0.000000e+00 0.000000e+00 0.000000e+00 0.000000e+00 0.000000e+00 0.000000e+00 3.763414e-01 6.236586e-01 0.000000e+00 0.000000e+00 0.000000e+00 0.000000e+00 0.000000e+00 0.000000e+00 0.000000e+00 0.000000e+00 0.000000e+00 0.000000e+00 0.000000e+00 0.000000e+00 0.000000e+00 0.000000e+00 0.000000e+00
 0.000000e+00 0.000000e+00 0.000000e+00 0.000000e+00 0.000000e+00 0.000000e+00 0.000000e+00 0.000000e+00 0.000000e+00 0.000000e+00 0.000000e+00 0.000000e+00 0.000000e+00 0.000000e+00 0.000000e+00 0.000000e+00 0.000000e+00 0.000000e+00 0.000000e+00 0.000000e+00 0.000000e+00 4.831426e-01 5.168575e-01 0.000000e+00 0.000000e+00 0.000000e+00 0.000000e+00 0.000000e+00 0.000000e+00 0.000000e+00 0.000000e+00 0.000000e+00 0.000000e+00 0.000000e+00 0.000000e+00 0.000000e+00 0.000000e+00
 0.000000e+00 0.000000e+00 0.000000e+00 0.000000e+00 0.000000e+00 0.000000e+00 0.000000e+00 0.000000e+00 0.000000e+00 0.000000e+00 0.000000e+00 0.000000e+00 0.000000e+00 0.000000e+00 0.000000e+00 0.000000e+00 0.000000e+00 0.000000e+00 0.000000e+00 0.000000e+00 0.000000e+00 0.000000e+00 3.755855e-01 6.244145e-01 0.000000e+00 0.000000e+00 0.000000e+00 0.000000e+00 0.000000e+00 0.000000e+00 0.000000e+00 0.000000e+00 0.000000e+00 0.000000e+00 0.000000e+00 0.000000e+00 0.000000e+00
 0.000000e+00 0.000000e+00 0.000000e+00 0.000000e+00 0.000000e+00 0.000000e+00 0.000000e+00 0.000000e+00 0.000000e+00 0.000000e+00 0.000000e+00 0.000000e+00 0.000000e+00 0.000000e+00 0.000000e+00 0.000000e+00 0.000000e+00 0.000000e+00 0.000000e+00 0.000000e+00 0.000000e+00 0.000000e+00 0.000000e+00 4.444484e-01 5.555516e-01 0.000000e+00 0.000000e+00 0.000000e+00 0.000000e+00 0.000000e+00 0.000000e+00 0.000000e+00 0.000000e+00 0.000000e+00 0.000000e+00 0.000000e+00 0.000000e+00
 0.000000e+00 0.000000e+00 0.000000e+00 0.000000e+00 0.000000e+00 0.000000e+00 0.000000e+00 0.000000e+00 0.000000e+00 0.000000e+00 0.000000e+00 0.000000e+00 0.000000e+00 0.000000e+00 0.000000e+00 0.000000e+00 0.000000e+00 0.000000e+00 0.000000e+00 0.000000e+00 0.000000e+00 0.000000e+00 0.000000e+00 0.000000e+00 4.606993e-01 5.393008e-01 0.000000e+00 0.000000e+00 0.000000e+00 0.000000e+00 0.000000e+00 0.000000e+00 0.000000e+00 0.000000e+00 0.000000e+00 0.000000e+00 0.000000e+00
 0.000000e+00 0.000000e+00 0.000000e+00 0.000000e+00 0.000000e+00 0.000000e+00 0.000000e+00 0.000000e+00 0.000000e+00 0.000000e+00 0.000000e+00 0.000000e+00 0.000000e+00 0.000000e+00 0.000000e+00 0.000000e+00 0.000000e+00 0.000000e+00 0.000000e+00 0.000000e+00 0.000000e+00 0.000000e+00 0.000000e+00 0.000000e+00 0.000000e+00 4.458150e-01 5.541850e-01 0.000000e+00 0.000000e+00 0.000000e+00 0.000000e+00 0.000000e+00 0.000000e+00 0.000000e+00 0.000000e+00 0.000000e+00 0.000000e+00
 0.000000e+00 0.000000e+00 0.000000e+00 0.000000e+00 0.000000e+00 0.000000e+00 0.000000e+00 0.000000e+00 0.000000e+00 0.000000e+00 0.000000e+00 0.000000e+00 0.000000e+00 0.000000e+00 0.000000e+00 0.000000e+00 0.000000e+00 0.000000e+00 0.000000e+00 0.000000e+00 0.000000e+00 0.000000e+00 0.000000e+00 0.000000e+00 0.000000e+00 0.000000e+00 1.666544e-01 8.333456e-01 0.000000e+00 0.000000e+00 0.000000e+00 0.000000e+00 0.000000e+00 0.000000e+00 0.000000e+00 0.000000e+00 0.000000e+00
 0.000000e+00 0.000000e+00 0.000000e+00 0.000000e+00 0.000000e+00 0.000000e+00 0.000000e+00 0.000000e+00 0.000000e+00 0.000000e+00 0.000000e+00 0.000000e+00 0.000000e+00 0.000000e+00 0.000000e+00 0.000000e+00 0.000000e+00 0.000000e+00 0.000000e+00 0.000000e+00 0.000000e+00 0.000000e+00 0.000000e+00 0.000000e+00 0.000000e+00 0.000000e+00 0.000000e+00 4.444524e-01 5.555477e-01 0.000000e+00 0.000000e+00 0.000000e+00 0.000000e+00 0.000000e+00 0.000000e+00 0.000000e+00 0.000000e+00
 0.000000e+00 0.000000e+00 0.000000e+00 0.000000e+00 0.000000e+00 0.000000e+00 0.000000e+00 0.000000e+00 0.000000e+00 0.000000e+00 0.000000e+00 0.000000e+00 0.000000e+00 0.000000e+00 0.000000e+00 0.000000e+00 0.000000e+00 0.000000e+00 0.000000e+00 0.000000e+00 0.000000e+00 0.000000e+00 0.000000e+00 0.000000e+00 0.000000e+00 0.000000e+00 0.000000e+00 0.000000e+00 3.745617e-01 6.254383e-01 0.000000e+00 0.000000e+00 0.000000e+00 0.000000e+00 0.000000e+00 0.000000e+00 0.000000e+00
 0.000000e+00 0.000000e+00 0.000000e+00 0.000000e+00 0.000000e+00 0.000000e+00 0.000000e+00 0.000000e+00 0.000000e+00 0.000000e+00 0.000000e+00 0.000000e+00 0.000000e+00 0.000000e+00 0.000000e+00 0.000000e+00 0.000000e+00 0.000000e+00 0.000000e+00 0.000000e+00 0.000000e+00 0.000000e+00 0.000000e+00 0.000000e+00 0.000000e+00 0.000000e+00 0.000000e+00 0.000000e+00 0.000000e+00 5.860217e-01 4.139783e-01 0.000000e+00 0.000000e+00 0.000000e+00 0.000000e+00 0.000000e+00 0.000000e+00
 0.000000e+00 0.000000e+00 0.000000e+00 0.000000e+00 0.000000e+00 0.000000e+00 0.000000e+00 0.000000e+00 0.000000e+00 0.000000e+00 0.000000e+00 0.000000e+00 0.000000e+00 0.000000e+00 0.000000e+00 0.000000e+00 0.000000e+00 0.000000e+00 0.000000e+00 0.000000e+00 0.000000e+00 0.000000e+00 0.000000e+00 0.000000e+00 0.000000e+00 0.000000e+00 0.000000e+00 0.000000e+00 0.000000e+00 0.000000e+00 4.944469e-01 5.055531e-01 0.000000e+00 0.000000e+00 0.000000e+00 0.000000e+00 0.000000e+00
 0.000000e+00 0.000000e+00 0.000000e+00 0.000000e+00 0.000000e+00 0.000000e+00 0.000000e+00 0.000000e+00 0.000000e+00 0.000000e+00 0.000000e+00 0.000000e+00 0.000000e+00 0.000000e+00 0.000000e+00 0.000000e+00 0.000000e+00 0.000000e+00 0.000000e+00 0.000000e+00 0.000000e+00 0.000000e+00 0.000000e+00 0.000000e+00 0.000000e+00 0.000000e+00 0.000000e+00 0.000000e+00 0.000000e+00 0.000000e+00 0.000000e+00 3.747852e-01 6.252148e-01 0.000000e+00 0.000000e+00 0.000000e+00 0.000000e+00
 0.000000e+00 0.000000e+00 0.000000e+00 0.000000e+00 0.000000e+00 0.000000e+00 0.000000e+00 0.000000e+00 0.000000e+00 0.000000e+00 0.000000e+00 0.000000e+00 0.000000e+00 0.000000e+00 0.000000e+00 0.000000e+00 0.000000e+00 0.000000e+00 0.000000e+00 0.000000e+00 0.000000e+00 0.000000e+00 0.000000e+00 0.000000e+00 0.000000e+00 0.000000e+00 0.000000e+00 0.000000e+00 0.000000e+00 0.000000e+00 0.000000e+00 0.000000e+00 3.781346e-01 6.218655e-01 0.000000e+00 0.000000e+00 0.000000e+00
 0.000000e+00 0.000000e+00 0.000000e+00 0.000000e+00 0.000000e+00 0.000000e+00 0.000000e+00 0.000000e+00 0.000000e+00 0.000000e+00 0.000000e+00 0.000000e+00 0.000000e+00 0.000000e+00 0.000000e+00 0.000000e+00 0.000000e+00 0.000000e+00 0.000000e+00 0.000000e+00 0.000000e+00 0.000000e+00 0.000000e+00 0.000000e+00 0.000000e+00 0.000000e+00 0.000000e+00 0.000000e+00 0.000000e+00 0.000000e+00 0.000000e+00 0.000000e+00 0.000000e+00 4.493933e-01 5.506067e-01 0.000000e+00 0.000000e+00
 0.000000e+00 0.000000e+00 0.000000e+00 0.000000e+00 0.000000e+00 0.000000e+00 0.000000e+00 0.000000e+00 0.000000e+00 0.000000e+00 0.000000e+00 0.000000e+00 0.000000e+00 0.000000e+00 0.000000e+00 0.000000e+00 0.000000e+00 0.000000e+00 0.000000e+00 0.000000e+00 0.000000e+00 0.000000e+00 0.000000e+00 0.000000e+00 0.000000e+00 0.000000e+00 0.000000e+00 0.000000e+00 0.000000e+00 0.000000e+00 0.000000e+00 0.000000e+00 0.000000e+00 0.000000e+00 5.420836e-01 4.579164e-01 0.000000e+00
 0.000000e+00 0.000000e+00 0.000000e+00 0.000000e+00 0.000000e+00 0.000000e+00 0.000000e+00 0.000000e+00 0.000000e+00 0.000000e+00 0.000000e+00 0.000000e+00 0.000000e+00 0.000000e+00 0.000000e+00 0.000000e+00 0.000000e+00 0.000000e+00 0.000000e+00 0.000000e+00 0.000000e+00 0.000000e+00 0.000000e+00 0.000000e+00 0.000000e+00 0.000000e+00 0.000000e+00 0.000000e+00 0.000000e+00 0.000000e+00 0.000000e+00 0.000000e+00 0.000000e+00 0.000000e+00 0.000000e+00 0.000000e+00 1.000000e+00
 0.000000e+00 0.000000e+00 0.000000e+00 0.000000e+00 0.000000e+00 0.000000e+00 0.000000e+00 0.000000e+00 0.000000e+00 0.000000e+00 0.000000e+00 0.000000e+00 0.000000e+00 0.000000e+00 0.000000e+00 0.000000e+00 0.000000e+00 0.000000e+00 0.000000e+00 0.000000e+00 0.000000e+00 0.000000e+00 0.000000e+00 0.000000e+00 0.000000e+00 0.000000e+00 0.000000e+00 0.000000e+00 0.000000e+00 0.000000e+00 0.000000e+00 0.000000e+00 0.000000e+00 0.000000e+00 0.000000e+00 0.000000e+00 0.000000e+00
<ENDHMM>
