~o
<STREAMINFO> 1 39
<VECSIZE> 39<NULLD><MFCC_E_D_A><DIAGC>
~h "Sai"
<BEGINHMM>
<NUMSTATES> 25
<STATE> 2
<MEAN> 39
 -6.394027e+00 -5.405702e+00 -2.464285e+00 -1.677121e-01 -2.292140e+00 -3.484189e+00 1.582222e+00 -6.806108e-01 1.437655e+00 -3.640191e+00 2.808525e+00 -3.018128e+00 1.655217e-02 -1.108654e+00 1.160246e+00 -1.582571e+00 1.341861e+00 -1.210815e+00 3.559230e-01 -3.391286e-01 -5.891574e-01 4.141631e-01 -2.329264e-01 5.691698e-01 -3.763556e-01 1.464644e-02 -7.051812e-01 3.174099e-01 -7.612444e-01 2.548202e-01 -6.265249e-02 -8.630125e-02 -5.024841e-02 -2.719499e-01 8.756608e-02 -6.386535e-04 -1.245520e-01 4.890975e-02 -3.875784e-04
<VARIANCE> 39
 3.442401e+00 8.233424e+00 3.174929e+00 7.764372e+00 1.284456e+01 1.205000e+01 1.509481e+01 8.202404e+00 1.021923e+01 2.183553e+01 1.173889e+01 1.124498e+01 5.000000e-02 1.260034e+00 6.257262e-01 1.543510e+00 8.663794e-01 8.956310e-01 1.187864e+00 1.282611e+00 9.257052e-01 1.194154e+00 1.527640e+00 1.394611e+00 1.408927e+00 5.000000e-02 2.524391e-01 2.191995e-01 1.393622e-01 1.618529e-01 2.425123e-01 1.558477e-01 1.774482e-01 1.994337e-01 3.076360e-01 2.713628e-01 3.292681e-01 2.558647e-01 5.000000e-02
<GCONST> 7.269359e+01
<STATE> 3
<MEAN> 39
 -1.236204e+01 -2.395001e+00 -1.116392e+01 3.755062e+00 -4.847163e+00 -2.259864e+00 8.326346e-01 -2.541529e+00 2.031203e+00 -5.666868e+00 3.948917e+00 -2.615770e+00 -2.414746e-03 -2.496203e+00 1.817079e+00 -2.785014e+00 1.040429e+00 -2.753550e-01 2.413746e-01 4.147697e-02 -2.838418e-01 5.611398e-01 3.393884e-01 5.693407e-02 -1.202718e-01 2.554044e-02 6.111100e-03 1.186960e-01 5.557173e-02 -9.525007e-02 3.305769e-01 -5.154495e-02 2.989928e-01 1.983299e-01 3.177130e-02 3.373347e-01 -1.192886e-02 8.017290e-02 1.705462e-02
<VARIANCE> 39
 7.294697e+00 6.263127e+00 5.258232e+00 7.024317e+00 4.449975e+00 6.651236e+00 1.891349e+01 7.218667e+00 6.816947e+00 7.330083e+00 7.170665e+00 1.383303e+01 5.000000e-02 2.553061e+00 2.792693e+00 1.744103e+00 8.477278e-01 8.759146e-01 5.067112e-01 1.332160e+00 7.852859e-01 1.564906e+00 9.578528e-01 1.258900e+00 5.662057e-01 5.000000e-02 3.644519e-01 1.359013e-01 2.175761e-01 2.071738e-01 2.329712e-01 1.753583e-01 2.647555e-01 2.049664e-01 1.172213e-01 2.132450e-01 1.898742e-01 2.516122e-01 5.000000e-02
<GCONST> 6.964159e+01
<STATE> 4
<MEAN> 39
 -2.123100e+01 6.702172e+00 -1.940585e+01 7.584716e+00 -5.157630e+00 -2.060074e+00 3.266403e+00 -3.722912e+00 3.556967e+00 -1.933144e+00 3.441186e+00 -3.009451e+00 3.016367e-01 -1.299356e+00 3.193613e-01 -9.993539e-01 9.520260e-01 9.794740e-02 -1.215346e-01 5.441423e-01 3.668228e-01 -7.020341e-02 -7.434607e-02 4.096403e-01 6.726360e-01 4.985256e-02 1.026716e+00 -1.299093e+00 9.034956e-01 -7.555214e-01 9.228635e-02 -2.352856e-01 -2.184637e-01 3.436964e-01 -1.835414e-02 -6.331507e-01 -2.399280e-01 -4.321692e-02 -2.863978e-03
<VARIANCE> 39
 2.372882e+01 2.481756e+01 1.825896e+01 2.012159e+01 1.642457e+01 2.302349e+01 1.957475e+01 5.024621e+00 9.903330e+00 5.466446e+00 1.372655e+01 8.304189e+00 5.000000e-02 2.701055e+00 3.951109e+00 5.133340e+00 2.695443e+00 1.103415e+00 1.484136e+00 1.968165e+00 1.270219e+00 1.489545e+00 2.578461e+00 1.279419e+00 5.671468e-01 5.000000e-02 2.397687e-01 3.027764e-01 5.657306e-01 6.492936e-01 1.977758e-01 2.563672e-01 5.692286e-01 3.538792e-01 4.383036e-01 2.342725e-01 5.244040e-01 1.874854e-01 5.000000e-02
<GCONST> 8.885152e+01
<STATE> 5
<MEAN> 39
 -1.901319e+01 -2.223370e+00 -1.521034e+01 3.502783e+00 -5.109565e+00 -2.115850e+00 9.800081e-01 4.954419e-01 4.190083e+00 -7.063083e+00 4.028238e+00 -2.500439e+00 3.660429e-01 4.084972e+00 -4.963444e+00 7.136112e-02 -4.199894e+00 -1.794524e-01 -1.403576e+00 -8.984450e-02 1.305819e+00 1.114127e+00 -2.007415e+00 -2.363513e+00 -2.789255e-01 8.508287e-02 9.145572e-01 -8.223534e-01 -6.451270e-01 -3.503560e-01 3.824403e-01 -3.942183e-01 7.830569e-01 -5.105878e-01 -8.375924e-02 -2.927410e-02 -8.110127e-01 3.336003e-01 2.995170e-02
<VARIANCE> 39
 5.794751e+01 3.062396e+01 6.859173e+00 9.711091e+01 1.113410e+01 5.474621e+01 2.198402e+01 3.001999e+01 2.120054e+01 1.699067e+01 1.680186e+01 1.291705e+01 5.000000e-02 3.457817e+00 1.520577e+00 4.275550e+00 4.662312e+00 3.402802e+00 4.269543e+00 5.434254e+00 2.609809e+00 1.705222e+00 7.413568e-01 3.288300e+00 1.106097e+00 5.000000e-02 8.822381e-01 5.808120e-01 5.339682e-01 2.348396e+00 5.742410e-01 3.619502e-01 1.111669e+00 5.917093e-01 5.936075e-01 2.496338e-01 5.459595e-01 3.361339e-01 5.000000e-02
<GCONST> 1.063134e+02
<STATE> 6
<MEAN> 39
 -3.559342e+00 -1.781219e+01 -2.059002e+01 -6.918214e+00 -5.064278e+00 -9.833752e+00 7.031836e+00 1.505899e+00 6.275497e+00 -1.162895e+01 -7.232961e+00 -1.381945e-01 7.452566e-01 2.413298e+00 -4.652690e+00 -1.488090e+00 -1.016373e+00 2.983278e+00 -1.061468e+00 3.397424e+00 -1.906916e+00 -4.164128e-01 -1.253003e+00 -2.418764e+00 1.650784e+00 1.442671e-01 -1.528753e+00 9.667212e-01 3.202040e-01 1.500892e+00 8.570814e-01 1.015896e+00 -2.063115e-01 -1.069428e+00 -3.091267e-01 6.441511e-01 1.314290e+00 -7.784070e-02 -1.940282e-02
<VARIANCE> 39
 2.842548e+01 1.673673e+01 2.490657e+01 2.149006e+01 4.066298e+01 5.781594e+01 3.977651e+01 2.022384e+01 1.452309e+01 8.933729e+00 2.233402e+01 1.196273e+01 5.000000e-02 3.443978e+00 2.052593e+00 2.685739e+00 6.385611e+00 3.329580e+00 1.518692e+00 4.465082e+00 1.361924e+00 1.626095e+00 9.279538e-01 4.748702e+00 1.049181e+00 5.000000e-02 1.274338e-01 2.006136e-01 3.494162e-01 6.904205e-01 6.987553e-01 1.783653e-01 1.100665e+00 3.832048e-01 4.104265e-01 2.986155e-01 4.511722e-01 4.305079e-01 5.000000e-02
<GCONST> 9.851273e+01
<STATE> 7
<MEAN> 39
 -4.149515e+00 -2.364221e+01 -2.054039e+01 -3.397356e+00 7.326130e+00 -8.223356e+00 1.194060e+01 -6.909600e+00 3.003411e+00 -1.339071e+01 -5.645532e+00 2.096317e+00 9.222811e-01 -4.088437e-01 -1.521423e+00 2.946838e-01 1.560890e+00 2.425762e+00 1.420900e+00 -4.676979e-01 -2.886026e+00 -2.772724e-01 6.544564e-01 1.707846e+00 -5.941975e-01 4.322886e-02 -5.016559e-01 9.593908e-01 3.385869e-01 1.833190e-01 -1.061739e+00 3.294204e-01 -1.430665e+00 4.525936e-01 3.025063e-01 6.174466e-01 7.834700e-01 -8.993729e-01 -3.263460e-02
<VARIANCE> 39
 1.449208e+01 1.371785e+01 4.280857e+01 2.282877e+01 4.161698e+01 3.744086e+01 4.262710e+01 2.045195e+01 6.337756e+00 2.379109e+01 1.839102e+01 7.985662e+00 5.000000e-02 5.212242e-01 5.746912e-01 6.978384e-01 1.054734e+00 5.098395e+00 6.049306e-01 3.265320e+00 1.609571e+00 2.185268e+00 1.648553e+00 2.164885e+00 1.803219e+00 5.000000e-02 2.046285e-01 3.082602e-01 3.176486e-01 6.649195e-01 3.437737e-01 2.818380e-01 6.472065e-01 3.167070e-01 3.404712e-01 1.332719e-01 4.932188e-01 1.563904e-01 5.000000e-02
<GCONST> 8.901915e+01
<STATE> 8
<MEAN> 39
 -2.469926e+00 -2.663965e+01 -2.103318e+01 -1.547948e+00 9.337446e+00 -9.773730e+00 7.701154e+00 -1.032665e+01 1.608000e+00 -6.738281e+00 -5.749069e+00 -2.333949e+00 9.606382e-01 -1.297539e-02 -5.947245e-01 4.240844e-01 3.585912e-01 -2.471458e-01 1.070928e+00 -2.125919e+00 3.972281e-01 3.853004e-01 6.623417e-01 4.238119e-01 -6.281309e-01 1.051202e-02 1.069023e-01 2.052455e-01 1.120474e-02 -2.049428e-01 -2.332177e-01 4.572819e-02 9.403528e-02 6.621130e-01 2.265412e-01 -5.329965e-01 -3.344255e-01 1.950979e-01 -5.039921e-03
<VARIANCE> 39
 8.064213e+00 1.034039e+01 2.146851e+01 2.328975e+01 3.091592e+01 3.512205e+01 2.907220e+01 5.335742e+00 3.935323e+01 7.092930e+01 8.181660e+01 3.901970e+01 5.000000e-02 2.754942e-01 3.420721e-01 3.294671e-01 1.072187e+00 5.599728e-01 8.365009e-01 6.959615e-01 2.175988e+00 1.684574e+00 3.579608e+00 3.168315e+00 2.498783e+00 5.000000e-02 8.850972e-02 5.000000e-02 8.348476e-02 1.592607e-01 6.489314e-01 1.141485e-01 3.787869e-01 3.816861e-01 2.717672e-01 3.867157e-01 6.424705e-01 2.899930e-01 5.000000e-02
<GCONST> 8.327460e+01
<STATE> 9
<MEAN> 39
 -6.699896e+00 -2.686390e+01 -1.679598e+01 -2.214012e+00 4.184350e+00 1.272815e+00 -1.029470e+00 -8.238066e+00 9.782891e+00 -1.119957e+01 3.716967e-02 -2.343287e+00 9.774303e-01 9.367364e-02 -3.455991e-01 -2.259940e-03 -1.760408e-01 -7.203376e-02 3.396701e-01 -5.225471e-01 4.251578e-02 7.025810e-01 -6.099625e-01 1.084057e-01 -1.631659e-01 4.139814e-03 5.348200e-03 1.010134e-01 -4.443061e-02 -2.221603e-01 4.463262e-02 -2.983383e-01 3.809831e-01 5.978902e-02 -2.578517e-01 -1.262803e-01 -1.274974e-01 1.967675e-01 -1.715779e-03
<VARIANCE> 39
 9.761193e+00 5.623362e+00 2.637512e+01 6.529747e+00 2.199533e+01 8.733318e+00 1.126849e+01 3.857655e+00 1.954987e+01 9.739093e+00 1.638692e+01 6.596995e+00 5.000000e-02 2.047549e-01 1.959176e-01 2.720217e-01 3.383073e-01 5.289363e-01 6.303692e-01 1.299546e+00 1.105546e+00 1.177795e+00 1.031672e+00 1.254737e+00 8.846679e-01 5.000000e-02 5.000000e-02 5.000000e-02 6.799212e-02 1.494296e-01 1.360826e-01 1.037577e-01 1.503535e-01 1.492462e-01 2.190104e-01 1.989414e-01 3.179624e-01 1.371125e-01 5.000000e-02
<GCONST> 5.986391e+01
<STATE> 10
<MEAN> 39
 -3.237595e+00 -2.742472e+01 -2.013230e+01 -1.324296e+00 6.854458e+00 -4.110600e+00 3.627140e+00 -9.906410e+00 7.649765e+00 -1.456799e+01 -2.933013e+00 -4.999640e+00 9.891126e-01 1.364347e-01 -1.252839e-01 2.066954e-01 -3.348896e-01 3.069187e-01 2.039422e-01 2.640803e-01 6.053209e-01 -7.898167e-01 -6.523814e-02 -1.092270e+00 4.990315e-01 -1.167514e-03 1.101827e-01 -4.815643e-02 2.184659e-01 2.375199e-02 -5.679611e-02 6.652050e-02 6.735744e-02 3.029035e-01 -3.556401e-01 3.682725e-01 1.449034e-02 1.325337e-01 -2.578569e-03
<VARIANCE> 39
 1.564442e+01 8.534868e+00 1.996942e+01 1.974596e+01 1.970404e+01 1.029201e+01 2.533177e+01 2.621326e+01 2.544769e+01 9.805937e+00 2.741107e+01 3.475273e+01 5.000000e-02 8.147143e-01 1.460309e+00 7.571032e-01 5.310445e-01 7.027227e-01 2.847876e+00 1.709002e+00 2.921454e+00 9.572195e-01 1.306429e+00 3.179040e+00 9.514638e-01 5.000000e-02 5.070430e-02 1.301494e-01 6.174551e-02 5.000000e-02 1.008617e-01 1.686279e-01 2.279921e-01 2.731844e-01 1.408267e-01 1.468774e-01 3.138384e-01 1.259446e-01 5.000000e-02
<GCONST> 7.588490e+01
<STATE> 11
<MEAN> 39
 -4.016563e+00 -2.790078e+01 -1.757324e+01 -3.571538e+00 6.712615e+00 -1.419543e+00 3.171227e+00 -3.394520e+00 4.181083e+00 -1.128373e+01 -1.995240e+00 -7.525896e-01 9.797543e-01 1.009421e-01 3.968218e-02 4.430487e-01 -2.777749e-01 -2.884510e-01 -2.042276e-01 7.405322e-01 3.841328e-01 -6.607589e-01 -2.397994e-01 6.016971e-01 1.288231e-01 -6.487644e-03 -5.751570e-02 3.985767e-02 -1.154176e-01 -1.161483e-02 -3.865508e-01 -2.015927e-01 1.777575e-01 -2.016151e-01 6.640361e-02 -1.257192e-01 -4.601164e-03 -4.489708e-02 -2.157035e-03
<VARIANCE> 39
 2.661069e+01 1.087086e+01 6.423889e+00 1.607481e+01 2.698390e+01 1.189203e+01 4.226999e+00 3.235536e+01 8.929555e+01 1.196984e+01 4.589352e+01 1.115729e+01 5.000000e-02 8.365884e-02 4.752315e-01 2.844686e-01 5.382625e-01 6.230171e-01 7.350389e-01 7.190942e-01 3.623086e-01 6.685952e-01 6.363579e-01 9.912412e-01 3.738312e-01 5.000000e-02 5.000000e-02 5.504471e-02 6.469593e-02 6.331649e-02 7.811836e-02 1.191349e-01 6.782982e-02 1.366063e-01 1.841854e-01 1.858562e-01 2.942829e-01 1.209673e-01 5.000000e-02
<GCONST> 6.036045e+01
<STATE> 12
<MEAN> 39
 -4.069945e+00 -2.833374e+01 -1.882548e+01 -3.687980e+00 1.266659e+00 -2.669765e+00 5.919536e+00 -4.294421e+00 2.786211e+00 -1.438180e+01 -2.318740e+00 -1.379426e+00 9.504436e-01 -3.278135e-01 4.087555e-01 1.693835e-01 -8.784814e-01 -1.376031e+00 -1.120267e+00 1.502463e+00 8.321406e-01 -1.619199e+00 -4.138627e-01 1.620478e-01 2.747670e-01 -1.436153e-02 -3.888509e-03 1.035139e-01 4.017827e-01 -1.560499e-01 -2.583988e-01 -8.804506e-02 2.359970e-01 2.777909e-01 -1.978681e-02 3.876660e-01 -1.839405e-02 -3.345157e-01 -4.912021e-03
<VARIANCE> 39
 4.061094e+01 1.864188e+01 6.274908e+00 3.009031e+01 1.326690e+01 1.733144e+01 1.257720e+01 1.475152e+01 3.495087e+01 7.282847e+00 3.073422e+01 6.661261e+00 5.000000e-02 5.000000e-02 3.667369e-01 5.181934e-01 3.667359e-01 2.735285e-01 2.932329e-01 9.131870e-01 5.977255e-01 7.217681e-01 6.293361e-01 6.994172e-01 7.968998e-01 5.000000e-02 5.000000e-02 5.247222e-02 1.478372e-01 1.260075e-01 8.116913e-02 1.491499e-01 1.701858e-01 1.328959e-01 2.479348e-01 1.659702e-01 2.080602e-01 1.853857e-01 5.000000e-02
<GCONST> 6.134564e+01
<STATE> 13
<MEAN> 39
 -4.713333e+00 -2.602263e+01 -1.403663e+01 -7.599559e+00 -7.246289e-01 -6.820885e+00 1.136420e+01 -9.832550e-01 -1.802470e+00 -1.337597e+01 -1.845699e+00 -7.714420e-01 8.846698e-01 1.404989e-01 1.357142e-01 1.971186e+00 -1.065300e+00 -2.675001e+00 -7.328016e-01 8.914362e-01 1.113030e+00 -2.511192e-01 2.078018e+00 -6.577151e-01 -2.124988e+00 -3.509022e-02 1.235533e-01 -2.751136e-02 3.526772e-01 -2.510200e-01 -3.053506e-01 1.240057e-01 -6.739753e-01 -1.537037e-01 5.532947e-01 9.422746e-01 -3.106298e-01 -6.741161e-01 -3.585566e-03
<VARIANCE> 39
 2.848301e+01 1.066273e+01 1.048000e+01 3.149408e+01 3.122780e+01 9.874613e+00 6.074568e+00 4.097774e+01 3.509762e+01 1.907575e+01 1.829855e+01 1.236906e+01 5.000000e-02 1.658344e-01 2.577481e-01 6.742200e-01 1.108825e+00 7.493732e-01 7.115182e-01 1.002444e+00 1.843460e+00 6.256009e-01 2.016772e+00 1.031274e+00 1.248795e+00 5.000000e-02 5.000000e-02 5.595013e-02 6.386770e-02 1.524763e-01 1.563138e-01 1.609802e-01 9.984028e-02 2.108245e-01 5.000000e-02 1.873948e-01 1.727785e-01 2.629700e-01 5.000000e-02
<GCONST> 6.859379e+01
<STATE> 14
<MEAN> 39
 -2.729343e+00 -2.635224e+01 -7.482346e+00 -1.123354e+01 -1.036814e+01 -6.352137e+00 1.028112e+01 5.572749e-01 6.272212e-02 -3.737211e+00 -5.073667e+00 -1.046622e+01 7.801541e-01 2.245213e-01 5.861570e-01 1.932841e+00 -1.914415e+00 -1.652487e+00 -7.371076e-01 -6.264106e-01 -1.720092e-01 8.109679e-01 2.478658e+00 -4.997445e-01 -9.747033e-01 -3.304112e-02 -1.492742e-02 9.358687e-02 -3.832453e-02 -1.599748e-01 9.317590e-01 -2.923284e-01 -2.016773e-01 -3.720650e-01 -5.074001e-02 -3.049991e-01 4.663291e-02 1.216390e+00 -1.846730e-03
<VARIANCE> 39
 2.323667e+01 9.966594e+00 1.197598e+01 2.457697e+01 1.109918e+01 8.060855e+00 9.662461e+00 1.810505e+01 2.157069e+01 1.131111e+01 2.772704e+01 9.918921e+00 5.000000e-02 1.101591e-01 7.153267e-01 7.673385e-01 6.455514e-01 2.013281e+00 1.660827e+00 7.068356e-01 9.213825e-01 2.264366e+00 2.464176e+00 1.363633e+00 6.512782e+00 5.000000e-02 5.000000e-02 8.492013e-02 1.590479e-01 2.767820e-01 2.505032e-01 8.505750e-02 1.521057e-01 2.144899e-01 3.228903e-01 4.475496e-01 3.563435e-01 5.365784e-01 5.000000e-02
<GCONST> 7.658495e+01
<STATE> 15
<MEAN> 39
 -3.192260e+00 -2.357698e+01 -3.465101e+00 -1.707977e+01 -1.004866e+01 -1.260760e+01 1.040273e+01 -7.124431e-01 2.350289e+00 1.190982e+00 -4.663983e+00 -5.866541e+00 6.917934e-01 2.669052e-01 4.227641e-01 2.255323e+00 -2.186056e+00 1.862956e+00 -1.297671e+00 -6.623875e-01 -3.227992e-01 -4.643438e-01 1.687370e+00 -1.485540e+00 2.045741e+00 -4.066494e-02 5.322680e-02 -1.146584e-01 -2.938735e-01 6.206000e-01 8.251106e-01 6.395733e-01 -2.661410e-01 1.801557e-02 -5.519923e-01 -4.310479e-01 -2.815974e-01 3.178555e-01 6.879579e-05
<VARIANCE> 39
 2.687849e+01 6.943376e+00 9.456398e+00 2.078553e+01 2.728119e+01 1.357294e+01 1.496664e+01 1.352848e+01 1.839633e+01 1.718451e+01 2.999244e+01 1.745578e+01 5.000000e-02 9.143980e-01 3.655350e-01 1.030724e+00 1.784953e+00 1.747460e+00 9.707231e-01 6.497127e-01 6.510285e-01 9.225211e-01 6.167651e-01 3.501262e+00 3.473718e+00 5.000000e-02 5.339751e-02 7.925794e-02 1.012191e-01 4.567185e-01 2.948761e-01 2.387733e-01 1.688995e-01 1.400905e-01 3.225959e-01 1.095113e-01 5.555295e-01 1.287180e+00 5.000000e-02
<GCONST> 7.894295e+01
<STATE> 16
<MEAN> 39
 -2.128856e+00 -2.343935e+01 -1.043563e-01 -1.906135e+01 -3.338743e+00 -1.228687e+01 6.482852e+00 -1.905203e+00 -2.554325e+00 3.715559e+00 -1.054777e+01 -2.619026e+00 5.758451e-01 6.659284e-01 1.038122e-01 -1.132635e-01 1.774163e+00 1.062939e+00 1.643266e+00 -6.395701e-01 -8.845988e-01 -7.949933e-01 -8.289812e-01 -9.250097e-01 4.661252e-01 -3.541740e-02 2.052821e-01 -1.277166e-01 -7.717029e-01 1.188717e+00 -5.115694e-01 7.566442e-01 1.077329e-01 -8.705297e-02 1.703448e-01 -1.034572e+00 2.997025e-01 -6.078894e-01 1.639340e-03
<VARIANCE> 39
 5.987383e+00 1.542788e+00 1.240028e+01 6.325192e+00 7.277668e+00 2.677509e+01 1.331866e+01 1.729404e+01 2.605626e+01 9.263227e+00 1.734383e+01 1.950005e+01 5.000000e-02 4.509121e-01 2.333840e-01 8.446453e-01 2.515316e+00 1.282035e+00 2.257470e+00 1.222489e+00 9.983034e-01 1.239143e+00 3.471180e+00 8.919864e-01 2.063407e+00 5.000000e-02 5.000000e-02 5.000000e-02 1.573146e-01 1.696115e-01 2.157104e-01 3.582345e-01 4.749322e-01 1.806642e-01 1.722252e-01 8.777227e-02 3.727786e-01 4.870204e-01 5.000000e-02
<GCONST> 7.260066e+01
<STATE> 17
<MEAN> 39
 8.279926e-01 -2.319278e+01 -1.834792e+00 -8.340320e+00 -2.834235e+00 -2.395783e+00 4.799061e+00 -4.696548e+00 -2.135127e+00 -4.501068e+00 -1.118287e+01 -3.197223e+00 4.805981e-01 7.470959e-01 -3.055856e-01 -1.852600e+00 3.686110e+00 -1.441056e-01 1.703285e+00 -1.270703e+00 -5.281703e-01 6.477764e-01 -2.539298e+00 7.500730e-01 -7.587891e-01 -3.485276e-02 -3.823440e-01 -1.024631e-01 -4.214478e-01 -3.973428e-01 -1.597371e-01 -9.614164e-01 -8.972004e-02 3.185154e-01 2.204034e-01 4.029209e-01 8.382962e-01 2.858428e-01 2.055338e-03
<VARIANCE> 39
 4.825708e+00 1.386121e+00 9.785604e+00 1.434075e+01 1.461922e+01 2.831305e+01 6.803433e+00 1.245648e+01 3.301882e+01 2.767547e+01 1.642560e+01 1.268458e+01 5.000000e-02 2.809916e-01 3.602200e-01 6.724043e-01 4.649973e-01 1.321501e+00 3.453521e+00 3.499882e+00 1.757504e+00 9.498320e-01 2.602812e+00 2.076277e+00 2.137360e+00 5.000000e-02 5.000000e-02 5.000000e-02 1.024747e-01 2.879650e-01 3.770674e-01 2.703764e-01 3.386625e-01 4.474150e-01 4.339275e-01 5.267159e-01 2.172081e-01 5.886760e-01 5.000000e-02
<GCONST> 7.721609e+01
<STATE> 18
<MEAN> 39
 7.741858e-01 -2.489322e+01 -9.616355e+00 -2.358390e+00 -2.993418e+00 -5.769074e+00 -7.154458e-01 -5.372763e+00 -2.784161e+00 -7.290104e+00 -5.359938e+00 -1.543766e+00 3.923504e-01 -2.122958e-01 -2.974965e-01 -1.287675e+00 8.167792e-01 7.694103e-02 -6.199399e-01 2.731915e-01 1.159067e+00 3.640319e-01 4.264386e-01 1.879614e+00 1.214101e+00 -1.716652e-02 -6.571618e-02 1.547972e-01 4.196894e-01 -5.644968e-01 2.451691e-01 -8.071271e-02 5.855709e-01 5.009160e-01 8.212487e-02 4.235297e-01 -1.847716e-01 1.244158e-01 5.219510e-03
<VARIANCE> 39
 3.604189e+00 4.603644e+00 8.774278e+00 4.521739e+00 1.154521e+01 1.673762e+01 1.828444e+01 6.981745e+00 3.995851e+01 2.508392e+01 2.860571e+01 2.213447e+01 5.000000e-02 2.162492e-01 5.891923e-01 1.736669e+00 1.039410e+00 1.595133e+00 1.994030e+00 1.883342e+00 2.535468e+00 2.774767e+00 3.073068e+00 1.384859e+00 9.636654e-01 5.000000e-02 5.273141e-02 1.272887e-01 1.537852e-01 1.971133e-01 3.190759e-01 4.654451e-01 3.916081e-01 3.723914e-01 2.810740e-01 8.105993e-01 3.361154e-01 5.687929e-01 5.000000e-02
<GCONST> 8.087037e+01
<STATE> 19
<MEAN> 39
 1.282667e+00 -2.339232e+01 -9.698962e+00 -2.407190e+00 -2.276703e+00 -5.690723e+00 4.235801e+00 2.352379e+00 1.869449e+00 -4.820387e+00 -1.512909e+00 1.657141e-01 3.595964e-01 2.022237e-01 8.536732e-01 -1.573297e-01 1.748692e-01 6.254326e-01 2.691528e-01 3.519731e-01 3.842599e-01 1.065186e-01 -6.850687e-01 2.302030e-01 8.653694e-02 -6.375160e-03 -1.370708e-01 -3.347855e-03 -2.328035e-02 -6.967422e-02 1.100598e-01 2.806041e-03 -4.593291e-01 -8.378885e-01 -4.306122e-01 1.713306e-03 -1.696808e-01 -3.418303e-02 -2.124635e-03
<VARIANCE> 39
 3.677718e+00 9.861973e+00 7.097916e+00 5.372728e+00 1.147951e+01 1.913114e+01 1.040875e+01 5.629232e+00 3.328350e+00 9.060452e+00 4.324349e+00 9.702320e+00 5.000000e-02 2.289244e-01 7.211947e-01 1.149524e+00 5.924789e-01 7.088129e-01 1.545089e+00 1.335829e+00 2.907844e+00 1.495485e+00 1.142707e+00 1.084812e+00 1.804487e+00 5.000000e-02 9.434052e-02 2.860214e-01 2.068132e-01 2.329556e-01 2.618627e-01 5.212814e-01 1.772150e-01 2.533867e-01 1.354398e-01 4.279683e-01 2.417856e-01 1.515090e-01 5.000000e-02
<GCONST> 6.910300e+01
<STATE> 20
<MEAN> 39
 1.086148e-01 -2.168834e+01 -1.124067e+01 -1.917353e+00 -9.456683e-01 -4.520727e+00 4.014744e+00 -2.163158e+00 -1.504748e+00 -6.858824e+00 -1.160439e+00 1.246622e+00 3.020327e-01 -8.382246e-01 1.366924e-01 -2.534999e-01 6.128118e-01 9.442818e-01 -2.329228e-01 -8.469328e-01 -7.471086e-01 -9.590083e-02 6.545540e-01 1.888944e-01 6.026481e-03 -3.535545e-02 -1.153373e-01 8.301169e-02 2.985299e-01 7.809986e-02 1.043528e-01 1.104487e-01 9.865991e-02 9.408992e-02 2.510935e-01 1.282049e-01 -1.526901e-01 -9.039760e-02 -5.333556e-03
<VARIANCE> 39
 2.614325e+00 3.005322e+00 2.904949e+00 4.273985e+00 7.260262e+00 8.471919e+00 1.071276e+01 9.758067e+00 2.367248e+00 6.467325e+00 6.364613e+00 1.050998e+01 5.000000e-02 1.828739e-01 2.567062e-01 8.647510e-01 8.797216e-01 1.828265e+00 2.167003e+00 5.360841e-01 1.785704e+00 9.491374e-01 2.355246e-01 1.173844e+00 1.641471e+00 5.000000e-02 5.000000e-02 1.078737e-01 1.553238e-01 1.053241e-01 1.336683e-01 2.270954e-01 1.345730e-01 3.989245e-01 1.370831e-01 1.338714e-01 1.035083e-01 2.403363e-01 5.000000e-02
<GCONST> 5.668242e+01
<STATE> 21
<MEAN> 39
 -2.830609e+00 -2.292685e+01 -1.140668e+01 1.799072e+00 5.287247e+00 -3.653130e+00 2.199470e+00 -2.533390e+00 9.776914e-01 -6.187988e+00 -2.152731e+00 1.088285e-01 2.285630e-01 -2.862002e-01 9.695299e-01 5.605029e-01 -9.119666e-02 5.189425e-01 4.391255e-01 6.379981e-02 4.062124e-02 -2.436848e-01 -4.423002e-01 3.926777e-01 4.106231e-01 -2.833106e-02 1.489019e-01 3.343373e-01 3.483032e-01 -4.007080e-01 -5.016823e-01 4.701375e-05 5.616987e-02 1.702455e-01 -1.211220e-01 9.744261e-02 2.323593e-01 3.409423e-02 -4.604846e-04
<VARIANCE> 39
 2.510438e+00 4.756908e+00 5.145613e+00 6.357419e+00 3.400931e+00 7.916024e+00 7.894510e+00 7.790305e+00 1.672219e+01 2.291722e+01 7.078248e+00 1.259877e+01 5.000000e-02 1.021579e+00 1.664542e+00 1.114021e+00 1.065189e+00 1.178116e+00 1.090534e-01 7.046850e-01 1.662146e+00 2.468545e+00 2.678831e+00 7.025124e-01 1.281116e+00 5.000000e-02 7.581077e-02 9.746236e-02 1.426158e-01 8.364888e-02 1.582139e-01 2.181027e-01 1.463485e-01 2.738662e-01 7.068824e-01 5.446054e-01 3.256701e-01 4.343799e-01 5.000000e-02
<GCONST> 6.827054e+01
<STATE> 22
<MEAN> 39
 -3.861724e+00 -1.685306e+01 -7.806239e+00 -8.184165e-01 3.511914e+00 -3.119816e+00 1.617646e+00 -3.356232e+00 -2.044348e+00 -4.950134e+00 2.713568e+00 2.963398e+00 1.212183e-01 -7.144511e-01 6.817336e-01 5.629316e-01 4.735543e-02 4.035172e-02 2.280750e-01 2.187746e-01 2.117864e-02 -2.333339e-02 4.375942e-01 6.475043e-01 3.550377e-01 -3.340567e-02 -1.994446e-02 -6.567698e-02 -1.052117e-01 -1.655982e-02 -6.718142e-02 -5.159831e-02 5.057906e-02 9.510014e-02 1.063331e-01 -1.554101e-01 -3.435185e-01 -3.011521e-01 1.484749e-03
<VARIANCE> 39
 5.328534e+00 1.112439e+01 5.563208e+00 8.584894e+00 3.786991e+00 8.619308e+00 8.078382e+00 1.386261e+01 1.153549e+01 5.785733e+00 1.637097e+01 8.347561e+00 5.000000e-02 9.316702e-02 8.569835e-01 6.256431e-01 8.430852e-01 4.218483e-01 7.109888e-01 6.410668e-01 1.455383e+00 2.169407e+00 1.207234e+00 1.561528e+00 5.340657e-01 5.000000e-02 1.003071e-01 2.409726e-01 9.368185e-02 2.817542e-01 1.642613e-01 1.442392e-01 1.135525e-01 4.664826e-01 4.132127e-01 1.418600e-01 2.802130e-01 2.178647e-01 5.000000e-02
<GCONST> 6.463040e+01
<STATE> 23
<MEAN> 39
 -5.509056e+00 -1.483584e+01 -6.450051e+00 -5.701376e-01 2.918723e+00 -3.389062e+00 3.320807e+00 -1.442941e+00 3.126802e-01 -4.605413e+00 1.924541e-01 2.866824e-01 1.651566e-02 1.403405e-02 1.688774e+00 7.819792e-01 -1.050319e+00 -2.374959e-01 -1.005489e-01 -3.115263e-01 -3.389923e-01 -2.695302e-01 -2.315060e-01 7.828324e-02 -5.522538e-01 -1.314619e-02 1.444680e-01 -6.838122e-02 -4.395622e-03 -1.438255e-01 -4.472654e-02 5.755209e-02 -1.059217e-01 -3.719902e-01 -2.096396e-01 3.042854e-02 1.844102e-01 1.074338e-01 6.591094e-03
<VARIANCE> 39
 1.956059e+00 8.605953e+00 9.672359e+00 2.233093e+00 5.843886e+00 3.488809e+00 1.246612e+01 1.274217e+01 9.673756e+00 2.348908e+01 5.690523e+00 1.241897e+01 5.000000e-02 3.570647e-01 4.526224e-01 4.392568e-01 7.007158e-01 5.852376e-01 7.015663e-01 1.736715e+00 2.229671e+00 1.527406e+00 2.686248e+00 2.112968e+00 1.875687e+00 5.000000e-02 5.000000e-02 2.541657e-01 8.645330e-02 9.754184e-02 6.395017e-02 1.219489e-01 2.634940e-01 2.177121e-01 2.453554e-01 5.002841e-01 1.663492e-01 3.098758e-01 5.000000e-02
<GCONST> 6.468839e+01
<STATE> 24
<MEAN> 39
 -5.144958e+00 -1.193143e+01 -4.715641e+00 -4.854965e+00 2.916996e+00 -2.490039e+00 1.799065e+00 -5.190608e+00 -1.364602e+00 -3.985216e+00 2.533117e+00 1.194610e+00 1.895767e-02 -4.497221e-01 -1.295423e-01 1.797208e-01 -1.285840e-01 7.368848e-02 7.396504e-01 6.782617e-01 2.964177e-01 3.578517e-01 3.990240e-01 -3.903512e-01 -4.263266e-01 -1.617069e-02 -7.450148e-02 -3.295726e-01 -2.183153e-01 4.521236e-01 1.012319e-01 -2.273221e-02 1.389473e-01 6.495753e-01 2.642574e-01 -1.092534e-01 -1.895107e-01 9.760074e-02 -1.836667e-04
<VARIANCE> 39
 3.021727e+00 5.060741e+00 4.182446e+00 1.622640e+01 1.161618e+01 7.865154e+00 8.618818e+00 9.385911e+00 5.462203e+00 1.518155e+01 1.477685e+01 2.626791e+00 5.000000e-02 4.686446e-01 3.192819e-01 3.007352e-01 1.150806e+00 4.738332e-01 8.292313e-01 4.585701e-01 1.178015e+00 6.937382e-01 1.064791e+00 1.433377e+00 8.776195e-01 5.000000e-02 1.178018e-01 1.030206e-01 8.514602e-02 3.246748e-01 1.273334e-01 2.481483e-01 2.965485e-01 9.583474e-02 1.198151e-01 3.420793e-01 4.882949e-01 8.767561e-02 5.000000e-02
<GCONST> 6.067491e+01
<TRANSP> 25
 0.000000e+00 1.000000e+00 0.000000e+00 0.000000e+00 0.000000e+00 0.000000e+00 0.000000e+00 0.000000e+00 0.000000e+00 0.000000e+00 0.000000e+00 0.000000e+00 0.000000e+00 0.000000e+00 0.000000e+00 0.000000e+00 0.000000e+00 0.000000e+00 0.000000e+00 0.000000e+00 0.000000e+00 0.000000e+00 0.000000e+00 0.000000e+00 0.000000e+00
 0.000000e+00 6.873081e-01 3.126920e-01 0.000000e+00 0.000000e+00 0.000000e+00 0.000000e+00 0.000000e+00 0.000000e+00 0.000000e+00 0.000000e+00 0.000000e+00 0.000000e+00 0.000000e+00 0.000000e+00 0.000000e+00 0.000000e+00 0.000000e+00 0.000000e+00 0.000000e+00 0.000000e+00 0.000000e+00 0.000000e+00 0.000000e+00 0.000000e+00
 0.000000e+00 0.000000e+00 6.162206e-01 3.837795e-01 0.000000e+00 0.000000e+00 0.000000e+00 0.000000e+00 0.000000e+00 0.000000e+00 0.000000e+00 0.000000e+00 0.000000e+00 0.000000e+00 0.000000e+00 0.000000e+00 0.000000e+00 0.000000e+00 0.000000e+00 0.000000e+00 0.000000e+00 0.000000e+00 0.000000e+00 0.000000e+00 0.000000e+00
 0.000000e+00 0.000000e+00 0.000000e+00 7.368659e-01 2.631341e-01 0.000000e+00 0.000000e+00 0.000000e+00 0.000000e+00 0.000000e+00 0.000000e+00 0.000000e+00 0.000000e+00 0.000000e+00 0.000000e+00 0.000000e+00 0.000000e+00 0.000000e+00 0.000000e+00 0.000000e+00 0.000000e+00 0.000000e+00 0.000000e+00 0.000000e+00 0.000000e+00
 0.000000e+00 0.000000e+00 0.000000e+00 0.000000e+00 6.424090e-01 3.575910e-01 0.000000e+00 0.000000e+00 0.000000e+00 0.000000e+00 0.000000e+00 0.000000e+00 0.000000e+00 0.000000e+00 0.000000e+00 0.000000e+00 0.000000e+00 0.000000e+00 0.000000e+00 0.000000e+00 0.000000e+00 0.000000e+00 0.000000e+00 0.000000e+00 0.000000e+00
 0.000000e+00 0.000000e+00 0.000000e+00 0.000000e+00 0.000000e+00 5.453418e-01 4.546581e-01 0.000000e+00 0.000000e+00 0.000000e+00 0.000000e+00 0.000000e+00 0.000000e+00 0.000000e+00 0.000000e+00 0.000000e+00 0.000000e+00 0.000000e+00 0.000000e+00 0.000000e+00 0.000000e+00 0.000000e+00 0.000000e+00 0.000000e+00 0.000000e+00
 0.000000e+00 0.000000e+00 0.000000e+00 0.000000e+00 0.000000e+00 0.000000e+00 5.454465e-01 4.545536e-01 0.000000e+00 0.000000e+00 0.000000e+00 0.000000e+00 0.000000e+00 0.000000e+00 0.000000e+00 0.000000e+00 0.000000e+00 0.000000e+00 0.000000e+00 0.000000e+00 0.000000e+00 0.000000e+00 0.000000e+00 0.000000e+00 0.000000e+00
 0.000000e+00 0.000000e+00 0.000000e+00 0.000000e+00 0.000000e+00 0.000000e+00 0.000000e+00 6.153919e-01 3.846081e-01 0.000000e+00 0.000000e+00 0.000000e+00 0.000000e+00 0.000000e+00 0.000000e+00 0.000000e+00 0.000000e+00 0.000000e+00 0.000000e+00 0.000000e+00 0.000000e+00 0.000000e+00 0.000000e+00 0.000000e+00 0.000000e+00
 0.000000e+00 0.000000e+00 0.000000e+00 0.000000e+00 0.000000e+00 0.000000e+00 0.000000e+00 0.000000e+00 7.619042e-01 2.380958e-01 0.000000e+00 0.000000e+00 0.000000e+00 0.000000e+00 0.000000e+00 0.000000e+00 0.000000e+00 0.000000e+00 0.000000e+00 0.000000e+00 0.000000e+00 0.000000e+00 0.000000e+00 0.000000e+00 0.000000e+00
 0.000000e+00 0.000000e+00 0.000000e+00 0.000000e+00 0.000000e+00 0.000000e+00 0.000000e+00 0.000000e+00 0.000000e+00 5.457659e-01 4.542340e-01 0.000000e+00 0.000000e+00 0.000000e+00 0.000000e+00 0.000000e+00 0.000000e+00 0.000000e+00 0.000000e+00 0.000000e+00 0.000000e+00 0.000000e+00 0.000000e+00 0.000000e+00 0.000000e+00
 0.000000e+00 0.000000e+00 0.000000e+00 0.000000e+00 0.000000e+00 0.000000e+00 0.000000e+00 0.000000e+00 0.000000e+00 0.000000e+00 7.367974e-01 2.632026e-01 0.000000e+00 0.000000e+00 0.000000e+00 0.000000e+00 0.000000e+00 0.000000e+00 0.000000e+00 0.000000e+00 0.000000e+00 0.000000e+00 0.000000e+00 0.000000e+00 0.000000e+00
 0.000000e+00 0.000000e+00 0.000000e+00 0.000000e+00 0.000000e+00 0.000000e+00 0.000000e+00 0.000000e+00 0.000000e+00 0.000000e+00 0.000000e+00 6.427326e-01 3.572674e-01 0.000000e+00 0.000000e+00 0.000000e+00 0.000000e+00 0.000000e+00 0.000000e+00 0.000000e+00 0.000000e+00 0.000000e+00 0.000000e+00 0.000000e+00 0.000000e+00
 0.000000e+00 0.000000e+00 0.000000e+00 0.000000e+00 0.000000e+00 0.000000e+00 0.000000e+00 0.000000e+00 0.000000e+00 0.000000e+00 0.000000e+00 0.000000e+00 6.162066e-01 3.837934e-01 0.000000e+00 0.000000e+00 0.000000e+00 0.000000e+00 0.000000e+00 0.000000e+00 0.000000e+00 0.000000e+00 0.000000e+00 0.000000e+00 0.000000e+00
 0.000000e+00 0.000000e+00 0.000000e+00 0.000000e+00 0.000000e+00 0.000000e+00 0.000000e+00 0.000000e+00 0.000000e+00 0.000000e+00 0.000000e+00 0.000000e+00 0.000000e+00 6.659830e-01 3.340171e-01 0.000000e+00 0.000000e+00 0.000000e+00 0.000000e+00 0.000000e+00 0.000000e+00 0.000000e+00 0.000000e+00 0.000000e+00 0.000000e+00
 0.000000e+00 0.000000e+00 0.000000e+00 0.000000e+00 0.000000e+00 0.000000e+00 0.000000e+00 0.000000e+00 0.000000e+00 0.000000e+00 0.000000e+00 0.000000e+00 0.000000e+00 0.000000e+00 5.457879e-01 4.542121e-01 0.000000e+00 0.000000e+00 0.000000e+00 0.000000e+00 0.000000e+00 0.000000e+00 0.000000e+00 0.000000e+00 0.000000e+00
 0.000000e+00 0.000000e+00 0.000000e+00 0.000000e+00 0.000000e+00 0.000000e+00 0.000000e+00 0.000000e+00 0.000000e+00 0.000000e+00 0.000000e+00 0.000000e+00 0.000000e+00 0.000000e+00 0.000000e+00 7.059172e-01 2.940828e-01 0.000000e+00 0.000000e+00 0.000000e+00 0.000000e+00 0.000000e+00 0.000000e+00 0.000000e+00 0.000000e+00
 0.000000e+00 0.000000e+00 0.000000e+00 0.000000e+00 0.000000e+00 0.000000e+00 0.000000e+00 0.000000e+00 0.000000e+00 0.000000e+00 0.000000e+00 0.000000e+00 0.000000e+00 0.000000e+00 0.000000e+00 0.000000e+00 5.831051e-01 4.168949e-01 0.000000e+00 0.000000e+00 0.000000e+00 0.000000e+00 0.000000e+00 0.000000e+00 0.000000e+00
 0.000000e+00 0.000000e+00 0.000000e+00 0.000000e+00 0.000000e+00 0.000000e+00 0.000000e+00 0.000000e+00 0.000000e+00 0.000000e+00 0.000000e+00 0.000000e+00 0.000000e+00 0.000000e+00 0.000000e+00 0.000000e+00 0.000000e+00 6.875153e-01 3.124847e-01 0.000000e+00 0.000000e+00 0.000000e+00 0.000000e+00 0.000000e+00 0.000000e+00
 0.000000e+00 0.000000e+00 0.000000e+00 0.000000e+00 0.000000e+00 0.000000e+00 0.000000e+00 0.000000e+00 0.000000e+00 0.000000e+00 0.000000e+00 0.000000e+00 0.000000e+00 0.000000e+00 0.000000e+00 0.000000e+00 0.000000e+00 0.000000e+00 6.437386e-01 3.562614e-01 0.000000e+00 0.000000e+00 0.000000e+00 0.000000e+00 0.000000e+00
 0.000000e+00 0.000000e+00 0.000000e+00 0.000000e+00 0.000000e+00 0.000000e+00 0.000000e+00 0.000000e+00 0.000000e+00 0.000000e+00 0.000000e+00 0.000000e+00 0.000000e+00 0.000000e+00 0.000000e+00 0.000000e+00 0.000000e+00 0.000000e+00 0.000000e+00 7.052133e-01 2.947867e-01 0.000000e+00 0.000000e+00 0.000000e+00 0.000000e+00
 0.000000e+00 0.000000e+00 0.000000e+00 0.000000e+00 0.000000e+00 0.000000e+00 0.000000e+00 0.000000e+00 0.000000e+00 0.000000e+00 0.000000e+00 0.000000e+00 0.000000e+00 0.000000e+00 0.000000e+00 0.000000e+00 0.000000e+00 0.000000e+00 0.000000e+00 0.000000e+00 5.833417e-01 4.166583e-01 0.000000e+00 0.000000e+00 0.000000e+00
 0.000000e+00 0.000000e+00 0.000000e+00 0.000000e+00 0.000000e+00 0.000000e+00 0.000000e+00 0.000000e+00 0.000000e+00 0.000000e+00 0.000000e+00 0.000000e+00 0.000000e+00 0.000000e+00 0.000000e+00 0.000000e+00 0.000000e+00 0.000000e+00 0.000000e+00 0.000000e+00 0.000000e+00 7.066026e-01 2.933975e-01 0.000000e+00 0.000000e+00
 0.000000e+00 0.000000e+00 0.000000e+00 0.000000e+00 0.000000e+00 0.000000e+00 0.000000e+00 0.000000e+00 0.000000e+00 0.000000e+00 0.000000e+00 0.000000e+00 0.000000e+00 0.000000e+00 0.000000e+00 0.000000e+00 0.000000e+00 0.000000e+00 0.000000e+00 0.000000e+00 0.000000e+00 0.000000e+00 6.657974e-01 3.342026e-01 0.000000e+00
 0.000000e+00 0.000000e+00 0.000000e+00 0.000000e+00 0.000000e+00 0.000000e+00 0.000000e+00 0.000000e+00 0.000000e+00 0.000000e+00 0.000000e+00 0.000000e+00 0.000000e+00 0.000000e+00 0.000000e+00 0.000000e+00 0.000000e+00 0.000000e+00 0.000000e+00 0.000000e+00 0.000000e+00 0.000000e+00 0.000000e+00 5.833611e-01 4.166389e-01
 0.000000e+00 0.000000e+00 0.000000e+00 0.000000e+00 0.000000e+00 0.000000e+00 0.000000e+00 0.000000e+00 0.000000e+00 0.000000e+00 0.000000e+00 0.000000e+00 0.000000e+00 0.000000e+00 0.000000e+00 0.000000e+00 0.000000e+00 0.000000e+00 0.000000e+00 0.000000e+00 0.000000e+00 0.000000e+00 0.000000e+00 0.000000e+00 0.000000e+00
<ENDHMM>
