~o
<STREAMINFO> 1 39
<VECSIZE> 39<NULLD><MFCC_E_D_A><DIAGC>
~h "Sau"
<BEGINHMM>
<NUMSTATES> 37
<STATE> 2
<MEAN> 39
 -8.250856e+00 -8.385738e+00 -3.601033e+00 -2.124023e+00 -1.218044e+00 -3.705612e+00 3.735235e+00 -1.648640e+00 -1.900854e-01 -3.855601e+00 4.415599e+00 -2.353031e+00 -1.016641e-01 -1.034861e+00 1.237068e+00 -9.117331e-01 5.275751e-01 -9.354599e-01 6.219342e-01 6.232453e-01 7.156886e-01 8.726555e-01 -1.441576e-01 7.583556e-01 -7.710342e-01 9.733840e-03 -2.931751e-01 5.885795e-01 -4.159175e-01 2.960165e-01 1.088186e-01 1.402906e-01 -8.289613e-02 2.457210e-01 1.638069e-01 -4.509142e-02 -2.371368e-01 -1.018067e-01 1.603924e-02
<VARIANCE> 39
 5.005251e+00 3.778891e+00 5.748033e+00 5.432001e+00 1.595882e+01 3.955332e+00 5.929649e+00 7.759105e+00 7.084676e+00 1.372847e+01 6.498416e+00 8.243438e+00 5.000000e-02 4.808733e-01 5.488711e-01 1.051200e+00 9.478457e-01 1.551226e+00 6.800512e-01 6.140392e-01 2.414284e+00 6.549091e-01 6.898643e-01 8.175452e-01 3.880379e-01 5.000000e-02 2.452312e-01 7.010029e-02 1.745811e-01 3.907118e-01 3.889188e-01 5.784355e-02 1.819740e-01 3.694627e-01 2.064053e-01 1.287348e-01 4.665775e-01 6.856159e-02 5.000000e-02
<GCONST> 6.245945e+01
<STATE> 3
<MEAN> 39
 -1.103327e+01 -2.501142e+00 -6.423152e+00 9.782904e-01 -1.194258e+00 -1.809456e+00 3.254134e+00 2.161914e-01 1.542484e+00 -5.553702e+00 3.980463e+00 -4.928102e+00 -1.955835e-02 -1.974170e+00 2.354840e+00 -2.662615e+00 8.806385e-01 -3.252869e-01 6.796705e-01 1.186683e-01 2.975616e-01 1.753992e-01 -3.579803e-01 -5.379263e-01 2.367431e-01 6.367214e-02 -3.865737e-01 9.335565e-02 -5.801476e-01 -2.651333e-02 -7.460701e-02 -2.940525e-01 3.626352e-02 -3.935660e-01 -7.579208e-02 1.079863e-01 -1.852968e-01 4.660620e-01 1.765026e-02
<VARIANCE> 39
 1.004386e+01 3.316233e+00 1.405974e+01 3.677434e+01 1.949795e+01 1.544454e+01 1.802961e+01 3.545432e+01 5.135001e+00 1.095900e+01 9.404750e+00 6.226613e+00 5.000000e-02 2.636622e+00 1.027214e+00 2.621786e+00 6.035685e+00 2.640832e+00 6.581582e-01 1.418025e+00 1.975273e+00 9.919085e-01 9.660710e-01 2.955721e+00 7.889807e-01 5.000000e-02 9.105628e-02 1.712034e-01 1.444851e-01 2.483408e-01 3.852396e-01 1.565374e-01 2.607430e-01 3.416214e-01 9.524529e-02 5.000000e-02 2.161052e-01 1.083264e-01 5.000000e-02
<GCONST> 7.703979e+01
<STATE> 4
<MEAN> 39
 -1.813568e+01 3.918813e+00 -1.695091e+01 1.704757e+00 -1.659707e+00 -1.551895e+00 5.306754e+00 -9.062431e-01 2.467416e+00 -5.416626e+00 2.014947e+00 -2.279084e+00 2.191452e-01 -2.753517e+00 2.106288e+00 -2.718346e+00 8.936281e-01 -1.907507e-01 -4.959970e-01 6.043018e-01 -9.757598e-01 6.690089e-01 6.124672e-01 6.660250e-02 5.720690e-01 9.598592e-02 3.032079e-01 -7.913862e-01 9.739496e-01 2.912095e-01 -1.684178e-04 -2.787051e-01 -1.773864e-01 -5.699396e-02 -1.832422e-01 3.234440e-01 3.851234e-01 -4.114269e-02 -1.399424e-02
<VARIANCE> 39
 3.343248e+01 1.153080e+01 6.321678e+01 1.286577e+02 2.628941e+01 2.287367e+01 1.340002e+01 4.631597e+01 1.977331e+01 1.339096e+01 2.481699e+01 4.296624e+00 5.000000e-02 7.746823e-01 1.088573e+00 3.145264e+00 3.365613e+00 2.840681e+00 1.180746e+00 3.080012e+00 1.750054e+00 9.728508e-02 4.309915e-01 1.059511e+00 1.166185e+00 5.000000e-02 5.403276e-01 1.577427e-01 5.284733e-01 7.998505e-01 1.880178e-01 1.572270e-01 2.086121e-01 9.324597e-01 9.756840e-02 3.375893e-01 5.440909e-01 2.711986e-01 5.000000e-02
<GCONST> 8.904144e+01
<STATE> 5
<MEAN> 39
 -2.193689e+01 4.908482e+00 -1.639128e+01 3.992585e+00 -3.310718e+00 -4.057105e+00 4.944503e+00 -1.680746e+00 3.225293e+00 -3.242651e+00 4.705762e+00 -2.137261e+00 3.278652e-01 -1.046377e+00 -6.440667e-01 1.024133e-01 1.526417e+00 -5.174219e-01 -5.486063e-01 -5.550458e-01 -2.831148e-01 -6.392513e-01 6.487209e-01 6.540975e-01 5.866586e-01 1.805504e-02 1.362674e+00 -1.155915e+00 7.723101e-01 -3.040358e-01 1.974558e-02 1.197682e-01 -3.729776e-01 5.174560e-01 -2.852451e-01 -2.427912e-01 -3.401138e-01 -1.054621e-01 -2.304286e-02
<VARIANCE> 39
 3.895090e+01 2.455551e+01 6.957098e+01 1.129829e+02 6.800356e+01 1.392059e+01 3.477347e+01 3.017011e+01 2.673780e+00 8.658389e+00 1.485510e+01 2.423087e+01 5.000000e-02 1.752791e+00 7.700636e-01 3.119257e+00 1.031062e+00 2.025865e+00 1.427191e+00 1.001584e+00 4.055233e+00 7.293862e-01 2.976531e+00 2.218990e+00 1.401746e+00 5.000000e-02 9.313809e-01 5.260069e-01 9.107075e-01 9.203081e-01 1.237255e+00 5.244037e-01 7.421339e-01 5.676020e-01 8.907758e-02 3.543920e-01 3.487449e-01 3.160847e-01 5.000000e-02
<GCONST> 9.935278e+01
<STATE> 6
<MEAN> 39
 -2.017724e+01 1.952881e+00 -1.632052e+01 9.362348e+00 -5.549231e+00 -1.315740e+00 1.220531e+00 -1.976536e+00 1.236008e+00 -3.235646e+00 3.820981e+00 -1.601149e+00 2.571927e-01 2.119320e+00 -2.373768e+00 1.647472e+00 -1.253671e+00 1.782559e-02 6.358001e-01 -1.495999e+00 8.150765e-01 -1.352694e-01 -7.705449e-01 -6.888447e-01 1.541564e-01 -9.331346e-03 1.255800e+00 -1.041802e+00 -8.619504e-02 -1.461774e+00 3.828122e-01 -1.377609e-01 3.611432e-01 1.214550e-01 2.362384e-01 -5.373827e-01 -7.843563e-01 -1.440825e-02 2.306711e-02
<VARIANCE> 39
 2.637030e+01 2.201171e+01 3.949494e+01 4.774074e+01 5.131008e+01 3.093871e+01 3.561144e+01 8.770247e+00 1.856256e+01 2.414916e+01 2.907163e+01 8.949392e+00 5.000000e-02 5.495081e+00 4.355559e+00 4.425131e+00 5.952564e+00 4.784873e+00 2.631059e+00 1.448246e+00 5.104910e+00 1.801383e+00 2.116400e+00 3.216682e+00 1.393847e+00 5.000000e-02 4.521968e-01 3.338848e-01 1.232733e+00 3.186757e-01 8.152692e-01 6.140335e-01 4.056786e-01 1.086586e+00 2.887928e-01 4.389971e-01 9.640166e-01 2.797854e-01 5.000000e-02
<GCONST> 1.074832e+02
<STATE> 7
<MEAN> 39
 -1.529704e+01 -6.239209e+00 -1.037262e+01 -8.056891e-02 -3.723822e+00 -1.469184e+00 -2.133495e+00 -4.768169e-01 5.644613e-01 -5.594371e+00 2.803649e+00 4.962297e-01 2.508731e-01 4.725580e+00 -5.284244e+00 -6.630895e-01 -4.499644e+00 5.584952e-01 -1.547306e+00 1.540091e+00 1.114292e+00 7.372700e-01 -1.740958e+00 -3.104360e+00 5.146568e-01 1.174996e-01 8.181547e-02 -6.048682e-01 -1.738876e+00 3.224089e-01 3.358155e-01 -5.267895e-01 1.332043e+00 -6.038144e-01 3.476961e-01 -4.861068e-01 -6.115859e-01 -2.415113e-01 4.883423e-02
<VARIANCE> 39
 1.494773e+01 1.463991e+01 3.030506e+01 2.127100e+01 3.003236e+01 4.384406e+01 5.130474e+01 3.913613e+01 4.369772e+01 1.523197e+01 1.561621e+01 8.553857e+00 5.000000e-02 4.489183e+00 1.381249e+00 5.527759e+00 4.796856e+00 3.983958e+00 2.310954e+00 2.312201e+00 1.456056e+00 2.698408e+00 1.317103e+00 4.897950e+00 1.008286e+00 5.000000e-02 3.427780e-01 2.837898e-01 5.682818e-01 5.673773e-01 4.436961e-01 2.905386e-01 3.896724e-01 2.255267e+00 4.685563e-01 3.243231e-01 1.004417e+00 1.778103e-01 5.000000e-02
<GCONST> 1.028849e+02
<STATE> 8
<MEAN> 39
 -2.339512e+00 -1.709982e+01 -1.752478e+01 -8.320508e+00 -2.574057e+00 -7.000738e+00 7.157905e+00 3.457227e+00 4.737379e+00 -1.000593e+01 -8.174379e+00 -4.358866e-01 7.107105e-01 2.633089e+00 -4.873228e+00 -4.018888e+00 -3.210672e-01 1.458152e+00 -1.100099e+00 3.070220e+00 -1.916802e+00 7.773204e-01 -2.387063e+00 -2.819141e+00 -4.933639e-01 1.639400e-01 -1.585085e+00 8.198962e-01 -2.987954e-02 1.784044e+00 4.455386e-01 6.640157e-01 -4.056693e-01 -1.587209e+00 -1.415631e-02 6.189795e-01 1.363300e+00 -2.328858e-01 -1.492141e-02
<VARIANCE> 39
 9.632772e+00 2.382487e+01 2.358749e+01 7.216100e+00 1.116060e+01 4.657866e+01 1.912281e+01 3.691532e+01 2.919148e+01 1.780070e+01 2.791839e+01 6.481667e+00 5.000000e-02 3.097998e+00 1.074101e+00 1.358939e+00 3.500768e+00 2.856560e+00 1.530406e+00 1.606918e+00 1.374302e+01 2.534715e+00 8.379008e-01 6.153736e+00 1.253412e+00 5.000000e-02 4.292537e-01 3.067513e-01 6.580155e-01 7.549050e-01 5.351260e-01 5.441774e-01 5.942807e-01 6.057156e-01 3.116168e-01 2.246251e-01 7.758240e-01 7.182516e-02 5.000000e-02
<GCONST> 9.712619e+01
<STATE> 9
<MEAN> 39
 -4.776791e+00 -2.356741e+01 -2.493297e+01 -4.677107e-01 3.966545e+00 -6.510875e+00 1.174433e+01 -1.104349e+01 5.581532e+00 -1.565140e+01 -6.400924e+00 -2.656820e+00 8.840100e-01 -4.453572e-01 -2.262839e+00 -9.521030e-01 2.361434e+00 1.718971e+00 7.627961e-01 -4.090967e-01 -3.917958e+00 2.326278e-01 8.878569e-01 1.988633e+00 -5.681506e-01 5.352918e-02 -4.231083e-01 8.874707e-01 1.390365e+00 6.361476e-02 -2.401160e-01 7.856340e-01 -1.536209e+00 7.519524e-01 -2.625644e-01 1.312562e+00 1.028388e+00 5.346888e-02 -3.779106e-02
<VARIANCE> 39
 6.305054e+00 3.709487e+00 3.059943e+01 1.695806e+01 1.475723e+01 1.781473e+01 2.351255e+01 1.137775e+02 3.335464e+01 1.311177e+01 3.152221e+01 1.169442e+01 5.000000e-02 5.665031e-01 1.532472e+00 1.776117e+00 1.570347e+00 2.699794e+00 2.828410e+00 3.486536e+00 5.435741e+00 1.509899e+00 3.133059e+00 1.991484e+00 2.845648e-01 5.000000e-02 4.296070e-01 2.844952e-01 1.309689e-01 6.296576e-01 5.653213e-01 8.138338e-02 1.050807e-01 3.269142e+00 3.779235e-01 1.429231e-01 1.135834e+00 9.799414e-02 5.000000e-02
<GCONST> 9.053454e+01
<STATE> 10
<MEAN> 39
 -4.087541e+00 -2.662913e+01 -2.372884e+01 1.336532e+00 3.431673e+00 -3.423908e+00 6.215292e+00 -1.290953e+01 4.884856e+00 -8.202020e+00 -1.437285e+00 -1.662609e+00 9.152665e-01 3.125862e-01 -1.257525e+00 1.079615e+00 5.718194e-01 1.095073e+00 2.069423e+00 -2.220418e+00 -6.214844e-01 1.046698e-02 2.227937e+00 1.307986e+00 -3.702719e-01 2.111723e-02 -1.887909e-02 7.619362e-01 5.943586e-01 -7.190590e-01 2.826637e-02 1.055568e-02 -1.237680e-01 5.810987e-01 2.584856e-01 -1.727257e-02 -3.008678e-01 -1.989529e-01 -1.261343e-02
<VARIANCE> 39
 1.666209e+01 8.878812e-01 6.633719e+00 1.302121e+01 4.439962e+00 5.531899e+00 3.074027e+00 7.258863e+01 6.330573e+01 2.839911e+01 1.302749e+01 5.116748e+00 5.000000e-02 4.907163e-01 3.172940e-01 5.927892e-01 1.893426e+00 1.368721e+00 1.265779e+00 5.045057e-01 8.969502e+00 4.618713e+00 6.730329e-01 1.320650e+00 1.957904e-01 5.000000e-02 6.167880e-02 2.392762e-01 2.647413e-01 2.577159e-01 2.124277e-01 2.819215e-01 4.671090e-01 8.584509e-01 3.292840e-01 4.758897e-01 5.063857e-01 5.000000e-02 5.000000e-02
<GCONST> 7.408274e+01
<STATE> 11
<MEAN> 39
 -3.793017e+00 -2.721256e+01 -2.077342e+01 -1.077254e+00 7.424364e+00 -1.894082e+00 4.210741e+00 -1.045978e+01 3.329895e+00 -3.335753e+00 -1.475376e+00 -4.927741e+00 9.565292e-01 1.290401e-01 -2.063847e-01 7.576745e-01 -6.537185e-01 1.305054e+00 4.630460e-01 -6.665401e-01 -1.053776e+00 1.249349e+00 7.923440e-01 4.999857e-01 -1.153413e+00 1.269133e-02 3.442701e-02 2.764121e-01 -3.981777e-02 -4.571620e-01 -2.590300e-01 -3.195351e-01 3.587805e-01 2.579577e-01 2.760893e-01 -5.142972e-01 -1.932141e-01 4.968947e-02 -4.513462e-03
<VARIANCE> 39
 1.679118e+01 6.254659e+00 1.120216e+01 1.962752e+01 1.140127e+01 3.152743e+01 3.531276e+00 4.602036e+01 8.514465e+01 2.949921e+01 1.144211e+01 2.695012e+01 5.000000e-02 2.055510e-01 2.290257e-01 1.024211e+00 7.307541e-01 4.915341e-01 1.172506e+00 1.015049e+00 3.970927e+00 1.582815e+00 1.956036e+00 7.027953e-01 1.050034e+00 5.000000e-02 8.292759e-02 8.649753e-02 1.035123e-01 2.409078e-01 1.436904e-01 2.908698e-01 1.494499e-01 6.246752e-01 5.033164e-01 2.534563e-01 7.330666e-02 3.053294e-01 5.000000e-02
<GCONST> 7.556224e+01
<STATE> 12
<MEAN> 39
 -4.217104e+00 -2.720884e+01 -1.761250e+01 -1.840729e+00 1.016615e+01 -1.273953e+00 2.954988e+00 -1.339773e+01 9.680635e+00 -7.140181e+00 -3.672034e-01 -6.167225e+00 9.783055e-01 4.299253e-01 -3.359870e-01 5.639138e-01 -9.116371e-01 3.109896e-01 7.764206e-01 -6.357611e-01 1.004497e-01 7.391165e-01 -5.415555e-02 5.175290e-01 -4.216391e-01 8.130553e-03 4.673335e-02 2.273180e-02 -1.589719e-01 -9.150572e-02 -5.160035e-01 2.378590e-01 8.495878e-02 5.022233e-01 -6.549271e-01 -2.792918e-01 -3.329772e-01 1.777517e-01 -3.366378e-03
<VARIANCE> 39
 1.432870e+01 1.161797e+00 5.266138e+00 1.196201e+01 1.049380e+01 3.938124e+01 1.934144e+01 5.758248e+00 2.124589e+01 2.642339e+01 9.964279e+00 9.260245e+00 5.000000e-02 6.804715e-01 3.576764e-01 4.956304e-01 9.448339e-01 4.447980e-01 6.218688e-01 8.795727e-01 1.931175e+00 1.750811e+00 3.501470e+00 4.411987e-01 1.310612e+00 5.000000e-02 9.237114e-02 5.000000e-02 1.486629e-01 1.772791e-01 1.289972e-01 3.010198e-01 1.587501e-01 1.510447e-01 8.359237e-02 8.530056e-02 2.519077e-01 5.000000e-02 5.000000e-02
<GCONST> 6.426499e+01
<STATE> 13
<MEAN> 39
 -2.731800e+00 -2.770863e+01 -1.727868e+01 -4.333708e+00 8.874060e+00 1.693065e+00 9.101816e-01 -1.058274e+01 7.306197e+00 -5.814817e+00 -9.703046e-01 -7.215182e+00 9.885008e-01 1.706262e-02 3.883439e-02 2.189546e-01 -1.122977e+00 -2.195304e-01 1.061638e+00 1.766039e-02 5.072826e-01 -9.117374e-01 -3.099377e-01 -4.720361e-01 -3.240272e-01 5.554469e-03 -2.519447e-01 1.115875e-01 -2.710258e-01 -3.200984e-02 -1.135258e-01 1.805483e-02 3.001506e-01 -2.605854e-01 -3.390890e-01 -1.927517e-01 -1.694669e-01 -3.884233e-02 -3.383843e-03
<VARIANCE> 39
 1.062282e+01 6.083147e+00 2.425403e+01 1.201868e+01 5.563022e+00 2.415045e+01 1.640712e+01 1.018087e+01 2.761154e+01 4.041872e+01 2.998249e+01 1.166264e+01 5.000000e-02 6.727343e-01 4.903983e-01 6.438812e-01 2.217338e+00 6.233162e-01 1.684058e+00 6.570835e-01 6.523416e-01 1.528211e+00 1.026912e+00 1.505617e+00 9.428170e-01 5.000000e-02 5.319437e-02 7.357479e-02 5.372284e-02 6.426221e-02 1.626646e-01 1.357137e-01 1.205384e-01 2.636590e-01 2.694069e-01 4.343037e-01 2.385232e-01 2.212709e-01 5.000000e-02
<GCONST> 7.111494e+01
<STATE> 14
<MEAN> 39
 -4.750425e+00 -2.819502e+01 -1.755761e+01 -8.163517e+00 8.050311e+00 3.505565e+00 2.330051e+00 -1.320245e+01 6.597804e+00 -8.544725e+00 -2.702111e+00 -8.410190e+00 9.795697e-01 -6.261359e-01 5.263944e-01 -3.149844e-01 -1.093623e+00 2.723123e-01 6.498157e-01 6.389521e-01 -1.964626e-01 -4.912568e-01 -4.166515e-01 9.098475e-02 -3.216550e-01 -6.262223e-03 1.240665e-01 5.171514e-02 1.931615e-01 9.927806e-03 2.017898e-01 1.292757e-01 -1.204609e-01 2.775758e-01 -2.087919e-01 4.997394e-01 -3.248745e-02 4.145436e-02 -2.368962e-03
<VARIANCE> 39
 1.490307e+01 5.787472e+00 3.678401e+01 3.707312e+00 3.583739e+00 9.472690e+00 1.039230e+01 6.687634e+00 2.522270e+01 1.708064e+01 1.785529e+01 1.314025e+01 5.000000e-02 2.426729e-01 5.035575e-01 1.542387e-01 4.495510e-01 1.228153e+00 7.464617e-01 1.008659e+00 7.368403e-01 5.668254e-01 1.147951e+00 8.965551e-01 5.538615e-01 5.000000e-02 8.881213e-02 1.094752e-01 1.322559e-01 1.148085e-01 5.000000e-02 1.221968e-01 1.215903e-01 1.336713e-01 4.043339e-01 1.570012e-01 3.015914e-01 2.131311e-01 5.000000e-02
<GCONST> 6.152851e+01
<STATE> 15
<MEAN> 39
 -4.776084e+00 -2.605477e+01 -1.920801e+01 -6.626161e+00 7.864425e+00 4.847380e+00 3.942626e+00 -1.154416e+01 6.192657e+00 -6.932869e+00 -1.077118e-01 -6.557873e+00 9.765913e-01 4.797043e-01 -4.175829e-01 7.234617e-01 -1.663811e+00 1.005036e-01 1.367364e+00 -6.584714e-01 7.782494e-01 -1.689929e+00 1.375973e+00 -1.059786e+00 -5.570645e-01 -6.406286e-03 2.948859e-01 -2.793931e-01 1.652938e-01 -4.766330e-01 7.682098e-02 -2.389208e-01 -2.368708e-01 2.383930e-01 -1.304633e-01 4.896913e-01 -4.441701e-01 -1.531010e-01 -5.866995e-05
<VARIANCE> 39
 8.929096e+00 3.220652e+00 1.245899e+01 2.126675e+01 1.355742e+01 1.201777e+01 1.597853e+01 1.565225e+00 2.052219e+01 1.381875e+01 9.104729e+00 2.567588e+01 5.000000e-02 4.119128e-01 6.669137e-01 8.207034e-01 1.656557e+00 1.486672e+00 1.013731e+00 4.576219e-01 3.428124e-01 1.095620e+00 3.366247e-01 8.119024e-01 6.161104e-01 5.000000e-02 6.464734e-02 1.056051e-01 8.937679e-02 5.000000e-02 8.018765e-02 5.000000e-02 2.618656e-01 5.000000e-02 5.904156e-02 6.186574e-02 1.626132e-01 5.000000e-02 5.000000e-02
<GCONST> 5.624913e+01
<STATE> 16
<MEAN> 39
 -2.218754e+00 -2.799992e+01 -1.684956e+01 -1.367854e+01 8.528444e+00 7.629528e+00 5.112270e-01 -8.177427e+00 2.224801e-01 2.028594e-02 -4.964302e+00 -8.356410e+00 9.641280e-01 8.144029e-01 3.165367e-01 7.228849e-01 -1.460726e+00 1.706663e-01 7.905688e-01 -3.880711e-01 9.761668e-01 -1.085183e+00 1.211169e+00 -1.426271e+00 -2.508635e-01 -6.683828e-03 1.188979e-01 4.130467e-01 -2.164380e-01 3.210053e-01 -1.515505e-01 -1.212912e-01 2.932554e-01 -7.196253e-02 5.667704e-01 -4.866002e-01 1.398780e-01 3.889952e-01 -5.468138e-04
<VARIANCE> 39
 6.812220e+00 6.709877e+00 7.088722e+00 2.730617e+01 2.435231e+01 5.136625e+00 8.059936e+00 4.786300e+00 3.908284e+01 1.504985e+01 1.225124e+01 1.519863e+01 5.000000e-02 4.528035e-01 1.091938e+00 8.035080e-01 5.251766e-01 1.522367e+00 1.150531e-01 1.417954e+00 6.807303e-01 1.634868e+00 7.959979e-01 8.883864e-01 1.039878e+00 5.000000e-02 6.505968e-02 1.241852e-01 1.628266e-01 2.807936e-01 3.981446e-01 5.035884e-02 8.422150e-02 1.848104e-01 2.321682e-01 1.668016e-01 2.354336e-01 1.229645e-01 5.000000e-02
<GCONST> 6.593372e+01
<STATE> 17
<MEAN> 39
 -1.779867e+00 -2.668917e+01 -1.644773e+01 -1.548914e+01 1.037205e+01 6.322372e+00 3.957407e+00 -8.537951e+00 2.888154e+00 -4.267943e+00 -6.678379e+00 -1.061498e+01 9.512908e-01 8.364839e-01 9.060165e-01 -4.592651e-01 -1.177958e+00 -9.186499e-01 -2.905279e-02 4.364313e-01 9.664121e-01 5.365739e-01 -2.138336e-01 -7.417259e-01 1.023264e+00 -6.184226e-03 3.203080e-02 5.422879e-02 -6.803169e-02 5.459310e-02 -2.465912e-01 -1.771960e-01 -2.154635e-01 2.250723e-02 -2.338424e-01 1.678357e-02 3.530895e-01 4.790762e-01 -3.736833e-03
<VARIANCE> 39
 1.570760e+01 4.955969e+00 1.551196e+01 2.503533e+01 2.196053e+01 4.210172e+00 1.620509e+01 6.532081e+00 1.431986e+01 1.475212e+01 1.955793e+01 1.312107e+01 5.000000e-02 1.225177e-01 3.461746e-01 3.402931e-01 1.897168e+00 2.448763e+00 3.196723e-01 4.369781e-01 2.354394e+00 1.615214e+00 7.363868e-01 1.419688e-01 1.466998e+00 5.000000e-02 5.000000e-02 7.713914e-02 1.460152e-01 1.642708e-01 2.660019e-01 1.008034e-01 5.000000e-02 1.207379e-01 3.011288e-01 2.386447e-01 3.703128e-01 1.299279e-01 5.000000e-02
<GCONST> 6.420220e+01
<STATE> 18
<MEAN> 39
 1.618062e+00 -2.347788e+01 -1.651129e+01 -1.622522e+01 6.547600e+00 9.773831e+00 1.197892e+00 -4.808895e+00 -4.395091e-01 -1.967028e+00 -7.233121e+00 -4.663590e+00 9.167739e-01 1.042941e+00 5.229614e-01 -3.785696e-01 -6.165355e-01 -2.899218e-02 1.409848e-01 -9.441853e-01 -4.393403e-02 -2.521771e-01 7.720122e-01 6.525026e-01 1.216564e+00 -1.542120e-02 -1.766712e-02 -3.197586e-01 -9.116618e-02 -6.451225e-02 2.245611e-01 -3.575029e-01 -1.292808e-01 -4.527193e-02 5.123615e-02 2.753499e-01 1.032687e-01 -3.211151e-01 -3.079227e-03
<VARIANCE> 39
 5.817275e+00 2.264340e+00 8.749858e+00 1.654525e+01 1.357779e+01 6.925061e+00 1.736224e+01 1.602566e+01 3.496512e+01 1.844172e+01 1.262971e+01 6.569613e+00 5.000000e-02 9.839244e-02 2.276213e-01 3.786438e-01 1.927866e+00 8.292418e-01 9.375253e-01 6.919441e-01 9.098508e-01 1.486864e+00 2.654042e+00 1.125312e+00 1.165044e+00 5.000000e-02 5.000000e-02 5.000000e-02 8.409430e-02 1.398659e-01 2.431877e-01 1.738608e-01 1.025749e-01 5.804335e-01 3.125997e-01 2.362919e-01 1.909768e-01 1.704291e-01 5.000000e-02
<GCONST> 6.566878e+01
<STATE> 19
<MEAN> 39
 2.393009e+00 -2.366628e+01 -1.826671e+01 -1.906103e+01 9.069363e+00 6.249299e+00 -2.525380e-01 -6.553714e+00 -5.267256e-01 1.274522e+00 -6.944565e+00 -5.160378e+00 8.856879e-01 7.630224e-01 -1.137541e-01 -6.166106e-01 -6.449146e-01 -6.937407e-01 -5.672160e-01 2.214624e-01 1.147024e+00 3.563398e-01 6.599692e-02 -3.059760e-01 7.794446e-02 -2.078887e-02 -1.498145e-01 -1.609854e-01 1.657961e-01 4.913834e-03 -3.959122e-01 -2.957690e-02 5.360117e-01 4.946835e-01 -5.998729e-03 -4.210746e-01 -2.914608e-01 -1.252083e-01 -3.271303e-03
<VARIANCE> 39
 1.330758e+01 3.778729e+00 1.073683e+01 1.947881e+01 1.199463e+01 1.606676e+01 3.085993e+01 9.923412e+00 2.416026e+01 1.712620e+01 5.636725e+00 7.319195e+00 5.000000e-02 1.841425e-01 2.799288e-01 5.606078e-01 2.528078e+00 1.966620e+00 1.319637e+00 3.596127e-01 8.395151e-01 1.607312e+00 3.023751e+00 1.034045e+00 4.913329e-01 5.000000e-02 5.000000e-02 5.000000e-02 5.000000e-02 2.994205e-01 1.553794e-01 2.475448e-01 7.745221e-02 1.050343e-01 4.225996e-01 2.107709e-01 7.470392e-02 2.914235e-01 5.000000e-02
<GCONST> 6.621655e+01
<STATE> 20
<MEAN> 39
 4.268889e+00 -2.468582e+01 -1.805145e+01 -1.953703e+01 4.938047e+00 7.321950e+00 2.404522e+00 -2.384620e+00 1.510768e+00 -5.307662e-01 -7.518615e+00 -5.129699e+00 8.406734e-01 3.429970e-01 -1.714164e-02 3.629207e-01 -1.018390e+00 -1.219861e+00 -6.302121e-01 9.722330e-01 1.845099e+00 -2.024740e-01 -3.370467e-01 -7.651652e-01 4.027725e-01 -2.733280e-02 -2.973236e-01 6.792279e-02 3.759602e-02 2.838026e-01 1.343985e-01 -4.286840e-01 -1.229011e-01 -1.734970e-01 -1.536575e-01 3.712894e-02 1.421983e-01 5.000948e-02 -3.490511e-03
<VARIANCE> 39
 1.328262e+01 2.829635e+00 9.515038e+00 2.031086e+01 2.865072e+01 4.591529e+00 3.781597e+01 1.707358e+01 6.295659e+00 3.896862e+00 6.799567e+00 1.336417e+00 5.000000e-02 3.893009e-01 3.664979e-01 2.256463e-01 7.110854e-01 8.600171e-01 1.465627e+00 4.956466e-01 1.378414e+00 1.764822e+00 7.808201e-01 3.267085e-01 5.332820e-01 5.000000e-02 5.765620e-02 5.000000e-02 5.000000e-02 3.596343e-01 2.540938e-01 1.112897e-01 2.379171e-01 1.250068e-01 9.847548e-02 4.622375e-01 2.355552e-01 2.394140e-01 5.000000e-02
<GCONST> 6.007075e+01
<STATE> 21
<MEAN> 39
 3.456604e+00 -2.304758e+01 -1.783715e+01 -2.050810e+01 5.048414e+00 3.673978e+00 3.523990e+00 -1.155416e+00 -7.106584e-01 -1.267375e+00 -8.712465e+00 -2.726364e+00 7.846709e-01 -3.231510e-01 1.575269e-01 -3.540356e-01 3.149893e-01 2.159967e-01 -1.360292e+00 -2.014956e-01 4.222246e-01 -1.649736e-01 7.714367e-01 2.956839e-01 1.727194e-01 -3.694327e-02 -1.665931e-01 -1.902785e-01 -1.075367e-01 4.305033e-01 2.466074e-01 2.077381e-01 -7.790905e-01 -3.450102e-01 4.371631e-01 1.143237e-01 3.376349e-01 -4.515699e-01 -5.448526e-03
<VARIANCE> 39
 5.447596e+00 2.872855e+00 1.342475e+01 1.457115e+01 2.703015e+01 1.766758e+01 2.891429e+01 1.633301e+01 1.728616e+00 8.697646e+00 7.745813e+00 1.007589e+01 5.000000e-02 3.491694e-01 3.035552e-01 4.098611e-01 1.149967e+00 5.768898e-01 9.144691e-01 2.761220e+00 2.242869e+00 1.643915e+00 4.935594e-01 1.282114e+00 1.720220e+00 5.000000e-02 6.071363e-02 1.071610e-01 5.203294e-02 4.083661e-01 2.417173e-01 3.690304e-01 2.624616e-01 4.677083e-01 4.424717e-01 2.107798e-01 1.572991e-01 1.811158e-01 5.000000e-02
<GCONST> 6.954829e+01
<STATE> 22
<MEAN> 39
 1.808851e+00 -2.518579e+01 -1.727991e+01 -2.180478e+01 5.924538e+00 2.947731e+00 -1.046430e+00 1.223783e+00 5.957189e-01 8.127907e-03 -7.188479e+00 -4.465354e+00 7.258457e-01 -3.615270e-01 -5.036078e-01 1.586072e-01 3.223430e-01 -6.102729e-01 -6.360249e-01 -1.442007e+00 5.766227e-01 5.429843e-01 -5.114404e-01 1.919833e-01 -6.282279e-01 -4.310004e-02 1.640150e-01 1.526672e-01 7.574408e-03 8.519881e-01 -2.295867e-01 2.326961e-01 3.479114e-01 -4.843763e-01 9.723248e-02 -4.904340e-01 3.488922e-02 1.512908e-01 -5.207759e-03
<VARIANCE> 39
 3.626391e+00 5.627519e+00 1.662601e+01 1.892657e+01 1.415189e+01 6.590203e+00 3.618635e+01 1.860031e+01 1.591013e+01 7.238976e+00 6.645831e+00 1.336553e+01 5.000000e-02 2.934706e-01 2.820466e-01 2.778285e-01 4.202895e+00 1.161882e+00 1.857774e+00 2.799192e+00 1.128678e+00 3.257364e+00 7.238171e-01 5.609732e-01 1.056047e+00 5.000000e-02 7.625537e-02 8.597199e-02 1.404303e-01 4.933919e-01 9.054882e-02 1.666837e-01 6.914173e-01 4.655173e-01 3.008915e-01 1.985445e-01 1.750750e-01 2.766840e-01 5.000000e-02
<GCONST> 7.278594e+01
<STATE> 23
<MEAN> 39
 1.315256e+00 -2.601688e+01 -1.716044e+01 -1.585973e+01 3.003949e+00 2.858280e+00 -1.022166e+00 -5.646035e-02 3.595489e+00 -1.473163e+00 -6.901650e+00 -4.562929e+00 5.954135e-01 5.958272e-01 4.875073e-01 -4.064188e-01 3.806267e+00 -6.354082e-01 1.365155e-02 4.805979e-01 -1.843295e+00 2.722576e-01 -1.031428e+00 7.196717e-01 -2.017780e-02 -5.195726e-02 3.193916e-01 4.011442e-01 -6.872363e-02 3.712465e-01 3.740046e-01 -2.079962e-01 6.853089e-02 -5.575522e-01 -4.994392e-01 -4.234790e-02 2.477191e-01 2.164694e-01 4.010805e-03
<VARIANCE> 39
 2.467836e+00 3.510819e+00 9.202058e+00 7.170536e+01 7.973271e+00 1.057108e+01 1.030004e+01 7.177835e+00 2.729867e+01 1.174622e+01 3.528186e+00 1.184762e+01 5.000000e-02 2.072690e-01 2.485806e-01 6.659117e-01 2.136429e+00 1.652404e+00 4.488725e-01 3.010846e+00 9.077340e-01 2.053436e+00 7.916980e-01 2.364784e-01 5.360295e-01 5.000000e-02 5.000000e-02 6.978058e-02 1.583540e-01 1.675014e+00 2.675774e-01 3.769889e-01 2.746950e-01 2.219749e-01 8.038138e-01 2.419717e-01 6.476554e-02 2.387503e-01 5.000000e-02
<GCONST> 6.821270e+01
<STATE> 24
<MEAN> 39
 4.753434e+00 -2.210241e+01 -2.027869e+01 -9.115683e+00 2.715725e+00 1.769715e-01 -6.070280e-01 -4.620171e+00 2.083537e+00 -4.364291e+00 -5.335046e+00 -5.436836e+00 5.069751e-01 6.246313e-01 8.870159e-01 -4.018485e-01 2.665658e+00 1.587313e-01 -8.547302e-01 -4.405989e-01 -1.607083e+00 -4.263476e-01 -1.201805e+00 8.797112e-01 4.907672e-01 -4.066566e-02 -2.305037e-01 -1.483444e-01 4.800236e-02 -7.489925e-01 8.335710e-02 4.629915e-03 2.512805e-01 4.497069e-01 -1.361143e-01 3.971561e-01 1.027448e-01 5.069012e-02 7.787096e-03
<VARIANCE> 39
 1.442696e+00 8.781087e+00 4.935950e+00 9.161998e+00 8.547665e+00 1.341966e+01 7.842087e+00 5.325747e+00 5.370675e+00 1.313548e+01 3.208832e+00 6.390339e+00 5.000000e-02 2.193073e-01 1.017718e+00 5.746095e-01 7.353979e+00 1.519316e+00 1.800573e+00 9.687726e-01 5.816379e-01 2.658637e+00 7.161599e-01 3.860661e-01 1.961864e+00 5.000000e-02 5.000000e-02 1.584770e-01 7.754079e-02 6.225601e-01 3.300731e-01 1.710432e-01 3.794585e-01 1.110303e-01 1.290195e-01 2.197799e-01 8.355060e-02 1.432355e-01 5.000000e-02
<GCONST> 6.363395e+01
<STATE> 25
<MEAN> 39
 4.243278e+00 -2.217985e+01 -1.875018e+01 -6.376544e+00 4.082893e+00 -5.168363e-01 -8.720183e-01 -5.017603e+00 1.107210e+00 -3.357399e+00 -2.401521e+00 -4.126886e+00 4.508662e-01 -3.315496e-01 2.857536e-01 6.870094e-02 4.084692e-01 4.642410e-01 -3.545535e-01 2.414353e-02 3.726222e-02 3.671700e-02 5.372623e-01 1.120735e+00 2.772744e-01 -2.723301e-02 -2.489496e-01 -1.433972e-01 6.922315e-02 -5.634854e-01 -7.291042e-02 7.832993e-02 5.501883e-02 2.807884e-01 1.798837e-01 1.747079e-01 -2.890188e-01 -7.784750e-02 2.601982e-03
<VARIANCE> 39
 7.072080e-01 5.972036e+00 8.433482e+00 1.280155e+01 9.064891e+00 3.585361e+00 1.801806e+00 7.687887e+00 1.011714e+01 8.254231e+00 8.146413e+00 5.310087e+00 5.000000e-02 3.517416e-01 9.147719e-01 4.063292e-01 5.430732e-01 7.949286e-01 1.053206e+00 1.437303e+00 3.369085e-01 2.717997e-01 9.777009e-01 5.648170e-01 4.414620e-01 5.000000e-02 5.000000e-02 9.592982e-02 5.000000e-02 4.881167e-01 1.711106e-01 2.541431e-01 1.061617e-01 1.114765e-01 2.247485e-01 2.891464e-01 6.987035e-02 1.451505e-01 5.000000e-02
<GCONST> 5.290273e+01
<STATE> 26
<MEAN> 39
 3.139362e+00 -2.041590e+01 -1.904443e+01 -7.632380e+00 4.733976e+00 3.167470e-01 6.876302e-01 -6.084595e+00 2.039357e+00 -2.991887e+00 -1.487474e+00 -4.701293e+00 3.774867e-01 -1.869743e-01 1.164590e-01 1.773319e-01 1.906773e-01 -1.227034e-01 -6.024629e-01 3.200288e-02 1.980345e-01 5.212523e-02 1.342587e-01 -3.692641e-01 -1.215217e-01 -1.972006e-02 6.693302e-02 -6.915288e-02 -1.285976e-02 2.260296e-02 -1.057057e-01 -1.003909e-01 -2.092000e-03 3.283283e-01 -8.874405e-02 1.146097e-01 -2.746762e-01 1.840642e-02 3.625042e-03
<VARIANCE> 39
 1.484772e+00 4.477576e+00 7.235808e+00 1.024094e+01 4.232853e+00 5.592678e+00 1.261898e+01 8.985458e+00 1.146744e+01 4.777112e+00 6.602920e+00 5.324019e+00 5.000000e-02 5.000000e-02 1.394703e-01 5.372465e-01 2.727636e-01 3.732331e-01 1.099817e+00 5.530538e-01 9.200737e-01 1.208098e+00 1.062555e+00 5.280899e-01 7.605861e-01 5.000000e-02 5.000000e-02 8.701108e-02 5.000000e-02 5.000000e-02 7.473471e-02 8.764294e-02 2.147009e-01 7.292467e-02 1.368102e-01 1.132526e-01 1.928100e-01 1.330850e-01 5.000000e-02
<GCONST> 4.678934e+01
<STATE> 27
<MEAN> 39
 2.810207e+00 -2.250205e+01 -1.831164e+01 -4.450662e+00 4.072637e+00 -4.730541e+00 -1.413611e+00 -4.750345e+00 -5.817288e-01 -2.761068e+00 -2.846394e+00 -3.455926e+00 3.679909e-01 -3.071612e-01 -1.536679e-01 5.646884e-02 4.345945e-01 7.500042e-02 -3.881579e-01 6.441085e-01 8.900093e-01 5.444394e-02 9.920118e-01 -1.147837e-01 5.521287e-01 -1.591202e-02 2.205726e-02 2.734296e-01 2.232916e-01 3.748322e-02 2.152326e-01 5.569795e-01 1.638048e-02 -9.162896e-03 3.185018e-01 -3.722305e-02 1.326136e-01 5.219823e-02 2.321616e-03
<VARIANCE> 39
 1.115778e+00 3.137248e+00 2.053013e+01 1.632582e+01 6.195110e+00 1.155932e+01 6.859812e+00 1.132883e+01 1.487376e+01 3.904614e+00 1.250567e+00 3.288932e+00 5.000000e-02 5.000000e-02 2.045498e-01 4.929496e-01 3.053721e-01 3.776187e-01 7.001291e-01 3.709184e-01 9.440610e-01 6.517138e-01 5.390077e-01 3.861254e-01 1.448729e-01 5.000000e-02 5.000000e-02 5.000000e-02 2.221009e-01 2.000846e-01 5.000000e-02 1.699831e-01 6.761939e-02 2.516345e-01 6.310374e-01 2.662945e-01 1.747081e-01 9.668252e-02 5.000000e-02
<GCONST> 4.726109e+01
<STATE> 28
<MEAN> 39
 2.664988e+00 -2.090519e+01 -1.838152e+01 -5.510563e+00 4.330706e+00 -2.348357e+00 4.692671e-01 -1.760518e+00 1.558810e+00 -8.135803e-01 -1.741252e+00 -2.721086e+00 3.277702e-01 -3.976036e-04 1.099371e+00 1.008934e+00 3.844382e-01 5.225912e-01 4.984148e-01 -1.581845e-01 1.621431e-01 3.893143e-01 -1.556561e-01 2.447963e-01 -2.026448e-01 -9.619483e-03 4.517882e-03 1.050962e-01 2.680920e-01 5.633014e-02 1.843641e-01 3.276340e-01 -1.019269e-01 -4.132760e-01 -4.621194e-03 -4.533071e-01 1.349918e-01 -2.287102e-01 2.222713e-03
<VARIANCE> 39
 8.576630e-01 4.177594e+00 1.293187e+01 1.336237e+01 2.792151e+00 1.229166e+01 1.127167e+01 8.413611e+00 5.179480e+00 6.638995e+00 3.531197e+00 4.195127e+00 5.000000e-02 1.542458e-01 4.369053e-01 2.509563e+00 9.050151e-01 1.369156e-01 8.388464e-01 5.317568e-01 1.200554e+00 2.903570e+00 5.882741e-01 7.389881e-01 4.649293e-01 5.000000e-02 5.000000e-02 1.385090e-01 2.764115e-01 1.016267e-01 8.718168e-02 1.969781e-01 1.329621e-01 2.191398e-01 1.044035e-01 1.152940e-01 5.329291e-02 5.000000e-02 5.000000e-02
<GCONST> 5.192415e+01
<STATE> 29
<MEAN> 39
 2.763657e+00 -1.780910e+01 -1.314331e+01 -3.573442e+00 6.503664e+00 8.091161e-01 -5.381709e-01 -5.353343e+00 2.550386e+00 -2.258999e+00 -1.210211e+00 -4.800316e+00 3.205082e-01 -4.044313e-01 -4.963465e-02 5.993624e-01 1.820547e-01 3.378563e-01 6.139916e-01 -1.501518e-02 -1.991135e-01 -1.966416e-01 -8.623524e-01 2.002237e-01 -3.905449e-01 -1.047117e-02 -1.981353e-01 -3.384792e-01 -4.294479e-01 -3.023029e-01 -1.719572e-01 -3.869444e-01 2.310388e-01 2.901539e-01 -3.528544e-01 -1.066030e-02 -1.990799e-01 9.603787e-02 -5.133909e-03
<VARIANCE> 39
 1.222070e+00 7.013892e+00 2.165926e+01 6.097539e+00 4.136770e+00 1.248813e+01 1.407836e+01 9.215683e-01 1.144168e+01 7.811736e+00 9.714396e+00 5.123097e+00 5.000000e-02 1.809338e-01 1.008771e+00 2.177048e+00 1.149235e+00 8.021601e-01 1.383139e+00 1.373744e+00 1.716471e+00 4.054610e-01 4.044641e-01 9.555444e-01 1.174486e-01 5.000000e-02 5.000000e-02 1.051615e-01 5.487412e-01 2.387637e-01 6.219676e-02 8.868910e-02 2.034669e-01 1.625351e-01 3.754732e-01 1.126677e-01 8.285888e-02 5.000000e-02 5.000000e-02
<GCONST> 5.627361e+01
<STATE> 30
<MEAN> 39
 6.570960e-01 -2.211524e+01 -1.735531e+01 -3.989349e+00 6.825566e+00 -9.655499e-01 1.510580e+00 -1.172354e+00 1.171674e+00 -5.099728e+00 -3.192144e+00 -4.799257e+00 3.087677e-01 -4.831159e-01 3.051771e-01 2.273878e-01 -1.954201e-01 2.884228e-01 2.044708e-02 1.348665e-03 -5.174833e-02 -9.271907e-01 -1.751140e-01 1.031168e-01 8.214174e-02 -2.406477e-02 4.486239e-02 2.758904e-01 -3.722868e-02 -1.791651e-01 -2.779208e-01 -9.816046e-02 -1.546336e-01 -2.327682e-01 1.044620e-01 2.957498e-01 1.176405e-01 9.571137e-02 -2.761795e-03
<VARIANCE> 39
 1.019895e+00 3.114251e+00 1.019465e+01 6.970469e+00 6.758231e+00 5.489526e+00 7.788208e+00 1.020926e+01 1.369670e+01 6.851998e+00 1.370843e+01 5.065403e+00 5.000000e-02 1.727041e-01 6.722646e-01 7.680919e-01 6.145985e-01 5.870609e-01 8.786384e-01 1.198305e+00 1.136657e+00 1.068795e+00 8.486732e-01 7.592654e-01 1.797554e-01 5.000000e-02 5.000000e-02 6.086192e-02 1.281078e-01 6.791095e-02 1.286990e-01 1.105117e-01 3.096251e-01 3.236763e-01 2.462269e-01 1.691492e-01 2.726751e-01 5.000000e-02 5.000000e-02
<GCONST> 5.496853e+01
<STATE> 31
<MEAN> 39
 1.708001e-01 -1.773310e+01 -1.543383e+01 -6.127193e+00 5.886484e+00 -3.472035e-01 1.911119e+00 -3.459335e+00 2.641430e-01 -3.535058e+00 -1.594260e+00 -3.435993e+00 2.121909e-01 -4.864725e-01 4.986374e-01 3.147150e-01 -6.873283e-02 -1.863907e-01 -2.190052e-01 2.224001e-01 1.424151e-01 2.865045e-01 1.714467e-02 -1.738437e-01 1.490633e-01 -2.587663e-02 -3.967055e-02 -2.942473e-02 2.067321e-01 2.566613e-01 -5.257934e-02 1.924697e-02 -2.845945e-01 -6.769729e-02 1.308683e-01 1.031028e-01 3.479266e-02 -9.430238e-02 -2.695219e-03
<VARIANCE> 39
 2.284421e+00 2.387049e+00 4.548391e+00 4.892130e+00 2.253772e+00 6.416830e+00 1.048487e+01 1.068208e+01 1.036046e+01 7.934546e+00 1.162812e+01 6.769799e+00 5.000000e-02 2.005779e-01 1.484448e-01 1.601776e+00 5.584388e-01 4.264798e-01 8.314110e-01 1.634296e+00 1.335088e+00 1.104354e+00 5.023829e-01 4.908281e-01 4.421329e-01 5.000000e-02 5.000000e-02 5.000000e-02 9.726490e-02 1.799552e-01 8.217389e-02 1.801274e-01 3.387553e-01 2.836444e-01 1.493825e-01 7.207104e-02 1.600942e-01 5.000000e-02 5.000000e-02
<GCONST> 5.170316e+01
<STATE> 32
<MEAN> 39
 -1.341002e+00 -1.682407e+01 -1.320459e+01 -4.497976e+00 4.446947e+00 -2.483731e+00 -1.488480e+00 -3.309102e+00 2.178679e+00 -4.090534e+00 -2.198428e+00 -4.461733e+00 1.386531e-01 -8.309476e-01 2.369051e-01 3.798177e-01 3.516255e-01 -7.005976e-01 -2.011793e-01 -1.024151e+00 -6.651441e-01 -1.260645e-01 7.999982e-01 4.004333e-01 -1.061589e-01 -4.130235e-02 -1.345527e-01 2.778580e-02 8.813294e-02 1.933981e-02 1.697295e-01 2.674768e-01 2.958169e-01 -8.118739e-02 -2.513761e-01 1.165154e-01 2.219677e-01 2.431042e-01 -2.037889e-03
<VARIANCE> 39
 3.580025e+00 4.525021e+00 5.716345e+00 5.674093e+00 6.660589e+00 1.257179e+01 8.166869e+00 6.400807e+00 6.189946e+00 5.063184e+00 5.842877e+00 4.930305e+00 5.000000e-02 8.251271e-02 4.571033e-01 3.113609e-01 9.038731e-01 3.836947e-01 3.269977e-01 4.472901e-01 9.247622e-01 2.420554e+00 7.411960e-01 1.211317e+00 2.355830e-01 5.000000e-02 5.000000e-02 5.000000e-02 1.125438e-01 6.000958e-02 5.000000e-02 1.300823e-01 2.522817e-01 1.113541e-01 1.470304e-01 5.000000e-02 8.409040e-02 5.064380e-02 5.000000e-02
<GCONST> 4.600212e+01
<STATE> 33
<MEAN> 39
 -3.093742e+00 -1.751848e+01 -1.398362e+01 -4.858765e+00 3.935284e+00 -4.414892e-01 -5.737982e-01 -4.653395e+00 6.691259e-01 9.470823e-02 -8.381153e-04 -4.383686e+00 8.075225e-02 -1.073135e+00 5.740767e-01 1.020401e+00 9.907917e-02 3.089600e-01 8.220820e-01 7.060376e-01 -9.410587e-02 -4.617631e-01 1.953888e-01 8.349063e-01 1.102866e+00 -3.830270e-02 1.888098e-02 2.615913e-01 3.867458e-01 7.144506e-02 2.686904e-01 1.692523e-01 3.967493e-01 2.062237e-01 1.615232e-01 -4.731120e-01 -7.718813e-02 4.240287e-01 1.090806e-03
<VARIANCE> 39
 1.926271e+00 1.067780e+01 1.167854e+01 6.518847e+00 6.657023e+00 4.260431e+00 6.711293e+00 1.512299e+01 4.450061e+01 1.814941e+01 7.082051e+00 3.995072e+00 5.000000e-02 1.373830e-01 9.090709e-02 3.245277e-01 3.534738e-01 4.833949e-01 2.772668e-01 6.251295e-01 3.634959e-01 1.205226e+00 4.959859e-01 1.651630e+00 1.199084e+00 5.000000e-02 5.000000e-02 9.430818e-02 1.761421e-01 1.864277e-01 1.282508e-01 5.124413e-02 1.850915e-01 2.972436e-01 1.103178e+00 3.300200e-01 3.100547e-01 5.265313e-02 5.000000e-02
<GCONST> 5.635353e+01
<STATE> 34
<MEAN> 39
 -4.361320e+00 -1.570127e+01 -1.058401e+01 -4.137929e+00 5.650307e+00 1.464008e+00 1.014398e+00 -5.291796e+00 -2.565797e-01 -2.785297e+00 1.205120e+00 -6.628569e-01 3.484683e-02 -4.738876e-01 1.305845e+00 1.529503e+00 5.235858e-01 3.811263e-01 4.128001e-01 6.372745e-01 1.964369e-02 5.118480e-01 -5.252602e-01 4.942948e-02 1.008518e+00 -2.707342e-02 2.640837e-01 2.806443e-01 2.077531e-01 -1.236125e-04 -1.476208e-01 -4.181660e-01 -6.902140e-02 3.177738e-01 2.236037e-01 -7.296455e-03 -2.661470e-01 -3.913275e-01 6.862736e-03
<VARIANCE> 39
 4.455063e+00 5.689135e+00 8.431679e+00 5.272083e+00 1.031168e+01 5.707318e+00 5.966439e+00 3.365736e+00 9.059418e+00 3.357295e+00 2.627923e+01 2.762507e+01 5.000000e-02 1.751664e-01 8.472334e-01 1.501813e+00 4.856278e-01 7.073967e-01 5.122191e-01 1.621983e+00 2.359876e+00 4.687031e+00 2.046884e+00 1.401325e+00 8.126557e-01 5.000000e-02 8.569993e-02 6.098016e-02 1.396099e-01 9.453605e-02 1.160582e-01 8.290233e-02 2.260504e-01 2.212452e-01 2.131184e-01 1.087398e-01 3.080224e-01 2.610364e-01 5.000000e-02
<GCONST> 6.378263e+01
<STATE> 35
<MEAN> 39
 -4.761197e+00 -1.179043e+01 -6.769147e+00 -2.445023e+00 6.130248e+00 2.189903e-01 1.358125e+00 -3.680459e+00 1.833877e+00 -2.940292e+00 -6.290586e-01 -4.168479e-01 -1.255872e-02 -2.481758e-01 1.279277e+00 1.623474e+00 -2.499549e-02 -3.128253e-01 -7.535110e-01 2.556417e-01 8.390909e-01 1.409069e-01 6.929163e-02 -2.072411e-02 -2.626177e-01 -1.573641e-02 3.753048e-02 -3.411340e-01 -4.286140e-01 -2.604756e-01 -1.117519e-01 -1.347266e-01 2.289920e-02 9.327067e-02 -2.852556e-01 1.227528e-01 1.452962e-01 -2.461758e-01 4.131763e-03
<VARIANCE> 39
 3.195480e+00 7.907711e+00 9.213634e+00 5.157489e+00 6.713493e+00 6.576563e+00 7.867040e+00 1.080817e+01 7.471158e+00 7.966634e+00 7.646770e+00 5.262070e+00 5.000000e-02 6.223184e-01 6.343699e-01 1.051993e+00 7.805412e-01 4.596541e-01 1.103479e+00 8.030398e-01 1.214360e+00 4.559846e-01 5.512611e-01 1.025297e+00 1.108601e+00 5.000000e-02 5.000000e-02 1.272752e-01 2.906022e-01 1.274196e-01 1.027682e-01 1.154627e-01 1.604330e-01 2.456330e-01 3.943695e-01 2.268430e-01 2.659197e-01 1.417297e-01 5.000000e-02
<GCONST> 6.099579e+01
<STATE> 36
<MEAN> 39
 -5.100675e+00 -1.118051e+01 -5.006312e+00 -4.189318e+00 3.312054e+00 -3.098558e+00 1.578243e+00 -1.635979e+00 3.950797e-01 -2.924034e+00 1.044256e+00 -2.222431e+00 -3.020735e-02 -2.788089e-01 1.364691e-01 -9.457452e-02 -3.525748e-01 -1.871242e-01 -3.912088e-01 5.545614e-01 8.171192e-01 -6.253768e-01 -3.239333e-02 7.161371e-01 -2.417543e-01 -1.658646e-02 7.023632e-02 -1.931619e-01 -2.840553e-01 3.995885e-02 4.984800e-02 3.426428e-01 -1.474319e-01 -3.703756e-01 -7.361072e-02 -1.079546e-01 1.432849e-01 1.364366e-01 2.214876e-03
<VARIANCE> 39
 1.141689e+00 1.578426e+00 5.133540e+00 2.375685e+00 4.670662e+00 4.978423e+00 4.038620e+00 6.339939e+00 2.367850e+00 1.696012e+01 1.109264e+01 8.310352e+00 5.000000e-02 5.000000e-02 3.464811e-01 7.814843e-01 8.298609e-01 4.309635e-01 5.786231e-01 2.383929e-01 3.665035e-01 6.890358e-01 7.516054e-01 5.240180e-01 3.768997e-01 5.000000e-02 8.379263e-02 8.681409e-02 1.715847e-01 7.939805e-02 5.690123e-02 1.637826e-01 1.227216e-01 9.959124e-02 5.000000e-02 2.170034e-01 9.533083e-02 1.089486e-01 5.000000e-02
<GCONST> 4.240030e+01
<TRANSP> 37
 0.000000e+00 1.000000e+00 0.000000e+00 0.000000e+00 0.000000e+00 0.000000e+00 0.000000e+00 0.000000e+00 0.000000e+00 0.000000e+00 0.000000e+00 0.000000e+00 0.000000e+00 0.000000e+00 0.000000e+00 0.000000e+00 0.000000e+00 0.000000e+00 0.000000e+00 0.000000e+00 0.000000e+00 0.000000e+00 0.000000e+00 0.000000e+00 0.000000e+00 0.000000e+00 0.000000e+00 0.000000e+00 0.000000e+00 0.000000e+00 0.000000e+00 0.000000e+00 0.000000e+00 0.000000e+00 0.000000e+00 0.000000e+00 0.000000e+00
 0.000000e+00 5.832162e-01 4.167838e-01 0.000000e+00 0.000000e+00 0.000000e+00 0.000000e+00 0.000000e+00 0.000000e+00 0.000000e+00 0.000000e+00 0.000000e+00 0.000000e+00 0.000000e+00 0.000000e+00 0.000000e+00 0.000000e+00 0.000000e+00 0.000000e+00 0.000000e+00 0.000000e+00 0.000000e+00 0.000000e+00 0.000000e+00 0.000000e+00 0.000000e+00 0.000000e+00 0.000000e+00 0.000000e+00 0.000000e+00 0.000000e+00 0.000000e+00 0.000000e+00 0.000000e+00 0.000000e+00 0.000000e+00 0.000000e+00
 0.000000e+00 0.000000e+00 5.834588e-01 4.165412e-01 0.000000e+00 0.000000e+00 0.000000e+00 0.000000e+00 0.000000e+00 0.000000e+00 0.000000e+00 0.000000e+00 0.000000e+00 0.000000e+00 0.000000e+00 0.000000e+00 0.000000e+00 0.000000e+00 0.000000e+00 0.000000e+00 0.000000e+00 0.000000e+00 0.000000e+00 0.000000e+00 0.000000e+00 0.000000e+00 0.000000e+00 0.000000e+00 0.000000e+00 0.000000e+00 0.000000e+00 0.000000e+00 0.000000e+00 0.000000e+00 0.000000e+00 0.000000e+00 0.000000e+00
 0.000000e+00 0.000000e+00 0.000000e+00 4.999768e-01 5.000232e-01 0.000000e+00 0.000000e+00 0.000000e+00 0.000000e+00 0.000000e+00 0.000000e+00 0.000000e+00 0.000000e+00 0.000000e+00 0.000000e+00 0.000000e+00 0.000000e+00 0.000000e+00 0.000000e+00 0.000000e+00 0.000000e+00 0.000000e+00 0.000000e+00 0.000000e+00 0.000000e+00 0.000000e+00 0.000000e+00 0.000000e+00 0.000000e+00 0.000000e+00 0.000000e+00 0.000000e+00 0.000000e+00 0.000000e+00 0.000000e+00 0.000000e+00 0.000000e+00
 0.000000e+00 0.000000e+00 0.000000e+00 0.000000e+00 4.997390e-01 5.002611e-01 0.000000e+00 0.000000e+00 0.000000e+00 0.000000e+00 0.000000e+00 0.000000e+00 0.000000e+00 0.000000e+00 0.000000e+00 0.000000e+00 0.000000e+00 0.000000e+00 0.000000e+00 0.000000e+00 0.000000e+00 0.000000e+00 0.000000e+00 0.000000e+00 0.000000e+00 0.000000e+00 0.000000e+00 0.000000e+00 0.000000e+00 0.000000e+00 0.000000e+00 0.000000e+00 0.000000e+00 0.000000e+00 0.000000e+00 0.000000e+00 0.000000e+00
 0.000000e+00 0.000000e+00 0.000000e+00 0.000000e+00 0.000000e+00 5.835600e-01 4.164400e-01 0.000000e+00 0.000000e+00 0.000000e+00 0.000000e+00 0.000000e+00 0.000000e+00 0.000000e+00 0.000000e+00 0.000000e+00 0.000000e+00 0.000000e+00 0.000000e+00 0.000000e+00 0.000000e+00 0.000000e+00 0.000000e+00 0.000000e+00 0.000000e+00 0.000000e+00 0.000000e+00 0.000000e+00 0.000000e+00 0.000000e+00 0.000000e+00 0.000000e+00 0.000000e+00 0.000000e+00 0.000000e+00 0.000000e+00 0.000000e+00
 0.000000e+00 0.000000e+00 0.000000e+00 0.000000e+00 0.000000e+00 0.000000e+00 3.748896e-01 6.251103e-01 0.000000e+00 0.000000e+00 0.000000e+00 0.000000e+00 0.000000e+00 0.000000e+00 0.000000e+00 0.000000e+00 0.000000e+00 0.000000e+00 0.000000e+00 0.000000e+00 0.000000e+00 0.000000e+00 0.000000e+00 0.000000e+00 0.000000e+00 0.000000e+00 0.000000e+00 0.000000e+00 0.000000e+00 0.000000e+00 0.000000e+00 0.000000e+00 0.000000e+00 0.000000e+00 0.000000e+00 0.000000e+00 0.000000e+00
 0.000000e+00 0.000000e+00 0.000000e+00 0.000000e+00 0.000000e+00 0.000000e+00 0.000000e+00 5.000091e-01 4.999909e-01 0.000000e+00 0.000000e+00 0.000000e+00 0.000000e+00 0.000000e+00 0.000000e+00 0.000000e+00 0.000000e+00 0.000000e+00 0.000000e+00 0.000000e+00 0.000000e+00 0.000000e+00 0.000000e+00 0.000000e+00 0.000000e+00 0.000000e+00 0.000000e+00 0.000000e+00 0.000000e+00 0.000000e+00 0.000000e+00 0.000000e+00 0.000000e+00 0.000000e+00 0.000000e+00 0.000000e+00 0.000000e+00
 0.000000e+00 0.000000e+00 0.000000e+00 0.000000e+00 0.000000e+00 0.000000e+00 0.000000e+00 0.000000e+00 4.444398e-01 5.555602e-01 0.000000e+00 0.000000e+00 0.000000e+00 0.000000e+00 0.000000e+00 0.000000e+00 0.000000e+00 0.000000e+00 0.000000e+00 0.000000e+00 0.000000e+00 0.000000e+00 0.000000e+00 0.000000e+00 0.000000e+00 0.000000e+00 0.000000e+00 0.000000e+00 0.000000e+00 0.000000e+00 0.000000e+00 0.000000e+00 0.000000e+00 0.000000e+00 0.000000e+00 0.000000e+00 0.000000e+00
 0.000000e+00 0.000000e+00 0.000000e+00 0.000000e+00 0.000000e+00 0.000000e+00 0.000000e+00 0.000000e+00 0.000000e+00 2.854682e-01 7.145318e-01 0.000000e+00 0.000000e+00 0.000000e+00 0.000000e+00 0.000000e+00 0.000000e+00 0.000000e+00 0.000000e+00 0.000000e+00 0.000000e+00 0.000000e+00 0.000000e+00 0.000000e+00 0.000000e+00 0.000000e+00 0.000000e+00 0.000000e+00 0.000000e+00 0.000000e+00 0.000000e+00 0.000000e+00 0.000000e+00 0.000000e+00 0.000000e+00 0.000000e+00 0.000000e+00
 0.000000e+00 0.000000e+00 0.000000e+00 0.000000e+00 0.000000e+00 0.000000e+00 0.000000e+00 0.000000e+00 0.000000e+00 0.000000e+00 6.045711e-01 3.954289e-01 0.000000e+00 0.000000e+00 0.000000e+00 0.000000e+00 0.000000e+00 0.000000e+00 0.000000e+00 0.000000e+00 0.000000e+00 0.000000e+00 0.000000e+00 0.000000e+00 0.000000e+00 0.000000e+00 0.000000e+00 0.000000e+00 0.000000e+00 0.000000e+00 0.000000e+00 0.000000e+00 0.000000e+00 0.000000e+00 0.000000e+00 0.000000e+00 0.000000e+00
 0.000000e+00 0.000000e+00 0.000000e+00 0.000000e+00 0.000000e+00 0.000000e+00 0.000000e+00 0.000000e+00 0.000000e+00 0.000000e+00 0.000000e+00 4.008881e-01 5.991119e-01 0.000000e+00 0.000000e+00 0.000000e+00 0.000000e+00 0.000000e+00 0.000000e+00 0.000000e+00 0.000000e+00 0.000000e+00 0.000000e+00 0.000000e+00 0.000000e+00 0.000000e+00 0.000000e+00 0.000000e+00 0.000000e+00 0.000000e+00 0.000000e+00 0.000000e+00 0.000000e+00 0.000000e+00 0.000000e+00 0.000000e+00 0.000000e+00
 0.000000e+00 0.000000e+00 0.000000e+00 0.000000e+00 0.000000e+00 0.000000e+00 0.000000e+00 0.000000e+00 0.000000e+00 0.000000e+00 0.000000e+00 0.000000e+00 4.999609e-01 5.000391e-01 0.000000e+00 0.000000e+00 0.000000e+00 0.000000e+00 0.000000e+00 0.000000e+00 0.000000e+00 0.000000e+00 0.000000e+00 0.000000e+00 0.000000e+00 0.000000e+00 0.000000e+00 0.000000e+00 0.000000e+00 0.000000e+00 0.000000e+00 0.000000e+00 0.000000e+00 0.000000e+00 0.000000e+00 0.000000e+00 0.000000e+00
 0.000000e+00 0.000000e+00 0.000000e+00 0.000000e+00 0.000000e+00 0.000000e+00 0.000000e+00 0.000000e+00 0.000000e+00 0.000000e+00 0.000000e+00 0.000000e+00 0.000000e+00 5.459252e-01 4.540748e-01 0.000000e+00 0.000000e+00 0.000000e+00 0.000000e+00 0.000000e+00 0.000000e+00 0.000000e+00 0.000000e+00 0.000000e+00 0.000000e+00 0.000000e+00 0.000000e+00 0.000000e+00 0.000000e+00 0.000000e+00 0.000000e+00 0.000000e+00 0.000000e+00 0.000000e+00 0.000000e+00 0.000000e+00 0.000000e+00
 0.000000e+00 0.000000e+00 0.000000e+00 0.000000e+00 0.000000e+00 0.000000e+00 0.000000e+00 0.000000e+00 0.000000e+00 0.000000e+00 0.000000e+00 0.000000e+00 0.000000e+00 0.000000e+00 4.445641e-01 5.554359e-01 0.000000e+00 0.000000e+00 0.000000e+00 0.000000e+00 0.000000e+00 0.000000e+00 0.000000e+00 0.000000e+00 0.000000e+00 0.000000e+00 0.000000e+00 0.000000e+00 0.000000e+00 0.000000e+00 0.000000e+00 0.000000e+00 0.000000e+00 0.000000e+00 0.000000e+00 0.000000e+00 0.000000e+00
 0.000000e+00 0.000000e+00 0.000000e+00 0.000000e+00 0.000000e+00 0.000000e+00 0.000000e+00 0.000000e+00 0.000000e+00 0.000000e+00 0.000000e+00 0.000000e+00 0.000000e+00 0.000000e+00 0.000000e+00 6.153724e-01 3.846276e-01 0.000000e+00 0.000000e+00 0.000000e+00 0.000000e+00 0.000000e+00 0.000000e+00 0.000000e+00 0.000000e+00 0.000000e+00 0.000000e+00 0.000000e+00 0.000000e+00 0.000000e+00 0.000000e+00 0.000000e+00 0.000000e+00 0.000000e+00 0.000000e+00 0.000000e+00 0.000000e+00
 0.000000e+00 0.000000e+00 0.000000e+00 0.000000e+00 0.000000e+00 0.000000e+00 0.000000e+00 0.000000e+00 0.000000e+00 0.000000e+00 0.000000e+00 0.000000e+00 0.000000e+00 0.000000e+00 0.000000e+00 0.000000e+00 3.750351e-01 6.249650e-01 0.000000e+00 0.000000e+00 0.000000e+00 0.000000e+00 0.000000e+00 0.000000e+00 0.000000e+00 0.000000e+00 0.000000e+00 0.000000e+00 0.000000e+00 0.000000e+00 0.000000e+00 0.000000e+00 0.000000e+00 0.000000e+00 0.000000e+00 0.000000e+00 0.000000e+00
 0.000000e+00 0.000000e+00 0.000000e+00 0.000000e+00 0.000000e+00 0.000000e+00 0.000000e+00 0.000000e+00 0.000000e+00 0.000000e+00 0.000000e+00 0.000000e+00 0.000000e+00 0.000000e+00 0.000000e+00 0.000000e+00 0.000000e+00 4.440555e-01 5.559445e-01 0.000000e+00 0.000000e+00 0.000000e+00 0.000000e+00 0.000000e+00 0.000000e+00 0.000000e+00 0.000000e+00 0.000000e+00 0.000000e+00 0.000000e+00 0.000000e+00 0.000000e+00 0.000000e+00 0.000000e+00 0.000000e+00 0.000000e+00 0.000000e+00
 0.000000e+00 0.000000e+00 0.000000e+00 0.000000e+00 0.000000e+00 0.000000e+00 0.000000e+00 0.000000e+00 0.000000e+00 0.000000e+00 0.000000e+00 0.000000e+00 0.000000e+00 0.000000e+00 0.000000e+00 0.000000e+00 0.000000e+00 0.000000e+00 4.458043e-01 5.541957e-01 0.000000e+00 0.000000e+00 0.000000e+00 0.000000e+00 0.000000e+00 0.000000e+00 0.000000e+00 0.000000e+00 0.000000e+00 0.000000e+00 0.000000e+00 0.000000e+00 0.000000e+00 0.000000e+00 0.000000e+00 0.000000e+00 0.000000e+00
 0.000000e+00 0.000000e+00 0.000000e+00 0.000000e+00 0.000000e+00 0.000000e+00 0.000000e+00 0.000000e+00 0.000000e+00 0.000000e+00 0.000000e+00 0.000000e+00 0.000000e+00 0.000000e+00 0.000000e+00 0.000000e+00 0.000000e+00 0.000000e+00 0.000000e+00 4.501095e-01 5.498906e-01 0.000000e+00 0.000000e+00 0.000000e+00 0.000000e+00 0.000000e+00 0.000000e+00 0.000000e+00 0.000000e+00 0.000000e+00 0.000000e+00 0.000000e+00 0.000000e+00 0.000000e+00 0.000000e+00 0.000000e+00 0.000000e+00
 0.000000e+00 0.000000e+00 0.000000e+00 0.000000e+00 0.000000e+00 0.000000e+00 0.000000e+00 0.000000e+00 0.000000e+00 0.000000e+00 0.000000e+00 0.000000e+00 0.000000e+00 0.000000e+00 0.000000e+00 0.000000e+00 0.000000e+00 0.000000e+00 0.000000e+00 0.000000e+00 5.410738e-01 4.589262e-01 0.000000e+00 0.000000e+00 0.000000e+00 0.000000e+00 0.000000e+00 0.000000e+00 0.000000e+00 0.000000e+00 0.000000e+00 0.000000e+00 0.000000e+00 0.000000e+00 0.000000e+00 0.000000e+00 0.000000e+00
 0.000000e+00 0.000000e+00 0.000000e+00 0.000000e+00 0.000000e+00 0.000000e+00 0.000000e+00 0.000000e+00 0.000000e+00 0.000000e+00 0.000000e+00 0.000000e+00 0.000000e+00 0.000000e+00 0.000000e+00 0.000000e+00 0.000000e+00 0.000000e+00 0.000000e+00 0.000000e+00 0.000000e+00 5.472166e-01 4.527834e-01 0.000000e+00 0.000000e+00 0.000000e+00 0.000000e+00 0.000000e+00 0.000000e+00 0.000000e+00 0.000000e+00 0.000000e+00 0.000000e+00 0.000000e+00 0.000000e+00 0.000000e+00 0.000000e+00
 0.000000e+00 0.000000e+00 0.000000e+00 0.000000e+00 0.000000e+00 0.000000e+00 0.000000e+00 0.000000e+00 0.000000e+00 0.000000e+00 0.000000e+00 0.000000e+00 0.000000e+00 0.000000e+00 0.000000e+00 0.000000e+00 0.000000e+00 0.000000e+00 0.000000e+00 0.000000e+00 0.000000e+00 0.000000e+00 4.415208e-01 5.584792e-01 0.000000e+00 0.000000e+00 0.000000e+00 0.000000e+00 0.000000e+00 0.000000e+00 0.000000e+00 0.000000e+00 0.000000e+00 0.000000e+00 0.000000e+00 0.000000e+00 0.000000e+00
 0.000000e+00 0.000000e+00 0.000000e+00 0.000000e+00 0.000000e+00 0.000000e+00 0.000000e+00 0.000000e+00 0.000000e+00 0.000000e+00 0.000000e+00 0.000000e+00 0.000000e+00 0.000000e+00 0.000000e+00 0.000000e+00 0.000000e+00 0.000000e+00 0.000000e+00 0.000000e+00 0.000000e+00 0.000000e+00 0.000000e+00 4.441699e-01 5.558301e-01 0.000000e+00 0.000000e+00 0.000000e+00 0.000000e+00 0.000000e+00 0.000000e+00 0.000000e+00 0.000000e+00 0.000000e+00 0.000000e+00 0.000000e+00 0.000000e+00
 0.000000e+00 0.000000e+00 0.000000e+00 0.000000e+00 0.000000e+00 0.000000e+00 0.000000e+00 0.000000e+00 0.000000e+00 0.000000e+00 0.000000e+00 0.000000e+00 0.000000e+00 0.000000e+00 0.000000e+00 0.000000e+00 0.000000e+00 0.000000e+00 0.000000e+00 0.000000e+00 0.000000e+00 0.000000e+00 0.000000e+00 0.000000e+00 5.835117e-01 4.164884e-01 0.000000e+00 0.000000e+00 0.000000e+00 0.000000e+00 0.000000e+00 0.000000e+00 0.000000e+00 0.000000e+00 0.000000e+00 0.000000e+00 0.000000e+00
 0.000000e+00 0.000000e+00 0.000000e+00 0.000000e+00 0.000000e+00 0.000000e+00 0.000000e+00 0.000000e+00 0.000000e+00 0.000000e+00 0.000000e+00 0.000000e+00 0.000000e+00 0.000000e+00 0.000000e+00 0.000000e+00 0.000000e+00 0.000000e+00 0.000000e+00 0.000000e+00 0.000000e+00 0.000000e+00 0.000000e+00 0.000000e+00 0.000000e+00 5.454543e-01 4.545457e-01 0.000000e+00 0.000000e+00 0.000000e+00 0.000000e+00 0.000000e+00 0.000000e+00 0.000000e+00 0.000000e+00 0.000000e+00 0.000000e+00
 0.000000e+00 0.000000e+00 0.000000e+00 0.000000e+00 0.000000e+00 0.000000e+00 0.000000e+00 0.000000e+00 0.000000e+00 0.000000e+00 0.000000e+00 0.000000e+00 0.000000e+00 0.000000e+00 0.000000e+00 0.000000e+00 0.000000e+00 0.000000e+00 0.000000e+00 0.000000e+00 0.000000e+00 0.000000e+00 0.000000e+00 0.000000e+00 0.000000e+00 0.000000e+00 2.862172e-01 7.137828e-01 0.000000e+00 0.000000e+00 0.000000e+00 0.000000e+00 0.000000e+00 0.000000e+00 0.000000e+00 0.000000e+00 0.000000e+00
 0.000000e+00 0.000000e+00 0.000000e+00 0.000000e+00 0.000000e+00 0.000000e+00 0.000000e+00 0.000000e+00 0.000000e+00 0.000000e+00 0.000000e+00 0.000000e+00 0.000000e+00 0.000000e+00 0.000000e+00 0.000000e+00 0.000000e+00 0.000000e+00 0.000000e+00 0.000000e+00 0.000000e+00 0.000000e+00 0.000000e+00 0.000000e+00 0.000000e+00 0.000000e+00 0.000000e+00 4.998348e-01 5.001652e-01 0.000000e+00 0.000000e+00 0.000000e+00 0.000000e+00 0.000000e+00 0.000000e+00 0.000000e+00 0.000000e+00
 0.000000e+00 0.000000e+00 0.000000e+00 0.000000e+00 0.000000e+00 0.000000e+00 0.000000e+00 0.000000e+00 0.000000e+00 0.000000e+00 0.000000e+00 0.000000e+00 0.000000e+00 0.000000e+00 0.000000e+00 0.000000e+00 0.000000e+00 0.000000e+00 0.000000e+00 0.000000e+00 0.000000e+00 0.000000e+00 0.000000e+00 0.000000e+00 0.000000e+00 0.000000e+00 0.000000e+00 0.000000e+00 4.999290e-01 5.000710e-01 0.000000e+00 0.000000e+00 0.000000e+00 0.000000e+00 0.000000e+00 0.000000e+00 0.000000e+00
 0.000000e+00 0.000000e+00 0.000000e+00 0.000000e+00 0.000000e+00 0.000000e+00 0.000000e+00 0.000000e+00 0.000000e+00 0.000000e+00 0.000000e+00 0.000000e+00 0.000000e+00 0.000000e+00 0.000000e+00 0.000000e+00 0.000000e+00 0.000000e+00 0.000000e+00 0.000000e+00 0.000000e+00 0.000000e+00 0.000000e+00 0.000000e+00 0.000000e+00 0.000000e+00 0.000000e+00 0.000000e+00 0.000000e+00 4.987670e-01 5.012329e-01 0.000000e+00 0.000000e+00 0.000000e+00 0.000000e+00 0.000000e+00 0.000000e+00
 0.000000e+00 0.000000e+00 0.000000e+00 0.000000e+00 0.000000e+00 0.000000e+00 0.000000e+00 0.000000e+00 0.000000e+00 0.000000e+00 0.000000e+00 0.000000e+00 0.000000e+00 0.000000e+00 0.000000e+00 0.000000e+00 0.000000e+00 0.000000e+00 0.000000e+00 0.000000e+00 0.000000e+00 0.000000e+00 0.000000e+00 0.000000e+00 0.000000e+00 0.000000e+00 0.000000e+00 0.000000e+00 0.000000e+00 0.000000e+00 6.437212e-01 3.562788e-01 0.000000e+00 0.000000e+00 0.000000e+00 0.000000e+00 0.000000e+00
 0.000000e+00 0.000000e+00 0.000000e+00 0.000000e+00 0.000000e+00 0.000000e+00 0.000000e+00 0.000000e+00 0.000000e+00 0.000000e+00 0.000000e+00 0.000000e+00 0.000000e+00 0.000000e+00 0.000000e+00 0.000000e+00 0.000000e+00 0.000000e+00 0.000000e+00 0.000000e+00 0.000000e+00 0.000000e+00 0.000000e+00 0.000000e+00 0.000000e+00 0.000000e+00 0.000000e+00 0.000000e+00 0.000000e+00 0.000000e+00 0.000000e+00 4.438296e-01 5.561705e-01 0.000000e+00 0.000000e+00 0.000000e+00 0.000000e+00
 0.000000e+00 0.000000e+00 0.000000e+00 0.000000e+00 0.000000e+00 0.000000e+00 0.000000e+00 0.000000e+00 0.000000e+00 0.000000e+00 0.000000e+00 0.000000e+00 0.000000e+00 0.000000e+00 0.000000e+00 0.000000e+00 0.000000e+00 0.000000e+00 0.000000e+00 0.000000e+00 0.000000e+00 0.000000e+00 0.000000e+00 0.000000e+00 0.000000e+00 0.000000e+00 0.000000e+00 0.000000e+00 0.000000e+00 0.000000e+00 0.000000e+00 0.000000e+00 3.748287e-01 6.251713e-01 0.000000e+00 0.000000e+00 0.000000e+00
 0.000000e+00 0.000000e+00 0.000000e+00 0.000000e+00 0.000000e+00 0.000000e+00 0.000000e+00 0.000000e+00 0.000000e+00 0.000000e+00 0.000000e+00 0.000000e+00 0.000000e+00 0.000000e+00 0.000000e+00 0.000000e+00 0.000000e+00 0.000000e+00 0.000000e+00 0.000000e+00 0.000000e+00 0.000000e+00 0.000000e+00 0.000000e+00 0.000000e+00 0.000000e+00 0.000000e+00 0.000000e+00 0.000000e+00 0.000000e+00 0.000000e+00 0.000000e+00 0.000000e+00 4.452496e-01 5.547504e-01 0.000000e+00 0.000000e+00
 0.000000e+00 0.000000e+00 0.000000e+00 0.000000e+00 0.000000e+00 0.000000e+00 0.000000e+00 0.000000e+00 0.000000e+00 0.000000e+00 0.000000e+00 0.000000e+00 0.000000e+00 0.000000e+00 0.000000e+00 0.000000e+00 0.000000e+00 0.000000e+00 0.000000e+00 0.000000e+00 0.000000e+00 0.000000e+00 0.000000e+00 0.000000e+00 0.000000e+00 0.000000e+00 0.000000e+00 0.000000e+00 0.000000e+00 0.000000e+00 0.000000e+00 0.000000e+00 0.000000e+00 0.000000e+00 5.422575e-01 4.577425e-01 0.000000e+00
 0.000000e+00 0.000000e+00 0.000000e+00 0.000000e+00 0.000000e+00 0.000000e+00 0.000000e+00 0.000000e+00 0.000000e+00 0.000000e+00 0.000000e+00 0.000000e+00 0.000000e+00 0.000000e+00 0.000000e+00 0.000000e+00 0.000000e+00 0.000000e+00 0.000000e+00 0.000000e+00 0.000000e+00 0.000000e+00 0.000000e+00 0.000000e+00 0.000000e+00 0.000000e+00 0.000000e+00 0.000000e+00 0.000000e+00 0.000000e+00 0.000000e+00 0.000000e+00 0.000000e+00 0.000000e+00 0.000000e+00 2.924240e-01 7.075760e-01
 0.000000e+00 0.000000e+00 0.000000e+00 0.000000e+00 0.000000e+00 0.000000e+00 0.000000e+00 0.000000e+00 0.000000e+00 0.000000e+00 0.000000e+00 0.000000e+00 0.000000e+00 0.000000e+00 0.000000e+00 0.000000e+00 0.000000e+00 0.000000e+00 0.000000e+00 0.000000e+00 0.000000e+00 0.000000e+00 0.000000e+00 0.000000e+00 0.000000e+00 0.000000e+00 0.000000e+00 0.000000e+00 0.000000e+00 0.000000e+00 0.000000e+00 0.000000e+00 0.000000e+00 0.000000e+00 0.000000e+00 0.000000e+00 0.000000e+00
<ENDHMM>
