~o
<STREAMINFO> 1 39
<VECSIZE> 39<NULLD><MFCC_E_D_A><DIAGC>
~h "Sil"
<BEGINHMM>
<NUMSTATES> 28
<STATE> 2
<MEAN> 39
 -6.006470e+00 -1.057153e+01 -3.176575e+00 -2.237197e+00 1.677041e+00 -3.300907e+00 2.199977e+00 -1.605633e+00 6.943513e-01 -3.070435e+00 1.708990e+00 -1.534665e+00 -2.974318e-02 1.574715e-02 2.737251e-01 2.614389e-01 1.017287e-01 6.790014e-02 -4.372285e-02 -9.287346e-02 -7.014298e-02 -3.017355e-02 -2.333362e-02 4.418008e-02 4.772871e-03 -1.455220e-04 1.075166e-01 1.596638e-02 3.429133e-02 1.510549e-02 -8.289179e-03 -4.318243e-02 -3.439927e-02 -3.254464e-02 -4.390008e-03 1.839420e-02 9.848059e-03 -6.395861e-03 4.673981e-03
<VARIANCE> 39
 2.503922e+00 5.851329e+00 8.511162e+00 6.811214e+00 1.142811e+01 1.160468e+01 1.106820e+01 1.233628e+01 1.532043e+01 1.463235e+01 1.106483e+01 1.095304e+01 5.000000e-02 3.277973e-01 5.174052e-01 6.601377e-01 6.763662e-01 8.464519e-01 1.070123e+00 1.028159e+00 1.228362e+00 1.377716e+00 1.347369e+00 1.190339e+00 1.109162e+00 5.000000e-02 5.000000e-02 8.845781e-02 1.012703e-01 1.227762e-01 1.352560e-01 1.922897e-01 1.652913e-01 2.106363e-01 2.282070e-01 2.364674e-01 2.168637e-01 2.065958e-01 5.000000e-02
<GCONST> 6.505848e+01
<STATE> 3
<MEAN> 39
 -4.513108e+00 -8.059628e+00 -4.332300e-01 -1.758580e+00 1.477916e+00 -4.260060e+00 1.020271e+00 -2.736895e+00 6.377265e-01 -2.525215e+00 2.315512e+00 -2.078801e+00 3.818431e-02 -9.225979e-02 -8.157694e-02 -2.321456e-02 -4.375874e-04 -2.984386e-02 2.766279e-02 -1.187970e-02 1.386843e-02 -2.730038e-02 6.757470e-02 -7.111933e-03 -3.735477e-02 -4.192168e-03 -1.459268e-01 -1.682764e-01 -1.867276e-01 -5.740720e-02 -5.865078e-02 3.805860e-02 9.625363e-02 1.112045e-01 2.416091e-02 -8.253421e-03 -3.114384e-02 3.363293e-02 -5.586122e-03
<VARIANCE> 39
 1.894325e+00 3.064033e+00 5.071720e+00 5.107372e+00 6.852784e+00 7.873175e+00 8.715244e+00 1.001875e+01 1.154121e+01 1.041868e+01 9.091658e+00 9.940625e+00 5.000000e-02 2.697391e-01 3.822409e-01 5.492092e-01 5.583223e-01 7.189772e-01 8.462740e-01 1.041227e+00 1.060008e+00 1.171704e+00 1.104761e+00 1.122345e+00 9.940191e-01 5.000000e-02 5.000000e-02 6.808148e-02 9.476517e-02 1.191048e-01 1.442017e-01 1.756763e-01 2.027117e-01 2.104027e-01 2.364178e-01 2.307113e-01 2.263294e-01 2.145580e-01 5.000000e-02
<GCONST> 5.903843e+01
<STATE> 4
<MEAN> 39
 -6.746539e+00 -1.001826e+01 -2.244229e+00 -1.820812e+00 9.611394e-01 -3.910243e+00 2.116924e+00 -1.382311e+00 9.199470e-01 -2.699620e+00 1.785953e+00 -1.560960e+00 -6.359991e-02 -3.266110e-01 -1.896568e-01 -2.385237e-01 -1.301549e-02 -6.430558e-02 8.620587e-02 2.071756e-01 2.768479e-01 1.865430e-01 8.740435e-02 5.986674e-02 9.737702e-02 -1.098766e-02 1.119650e-01 1.085670e-01 9.534902e-02 5.616128e-03 3.268865e-02 -4.978665e-02 -8.291177e-02 -7.952717e-02 -7.872706e-03 8.397988e-03 4.018854e-02 -1.611170e-02 5.006123e-03
<VARIANCE> 39
 1.657947e+00 3.030551e+00 4.560695e+00 5.700336e+00 8.357066e+00 9.692249e+00 9.080642e+00 1.065929e+01 1.165917e+01 1.075308e+01 9.630441e+00 9.768973e+00 5.000000e-02 1.872307e-01 2.326604e-01 4.232439e-01 6.028291e-01 7.787497e-01 9.267904e-01 9.718139e-01 1.062482e+00 1.169752e+00 1.074750e+00 9.863843e-01 9.875110e-01 5.000000e-02 5.000000e-02 5.000000e-02 7.451228e-02 1.176511e-01 1.637953e-01 1.914735e-01 1.978693e-01 2.184416e-01 2.458981e-01 2.315720e-01 1.990837e-01 2.016429e-01 5.000000e-02
<GCONST> 5.790095e+01
<STATE> 5
<MEAN> 39
 -7.343034e+00 -1.064736e+01 -3.276986e+00 -2.402878e+00 7.781466e-01 -3.837796e+00 2.344608e+00 -6.542314e-01 1.989496e+00 -1.871502e+00 2.376681e+00 -1.001939e+00 -7.489286e-02 3.330434e-01 4.294454e-01 4.002065e-01 -7.563811e-03 1.812442e-02 -3.107347e-01 -4.051366e-01 -3.679324e-01 -2.229201e-01 -1.080976e-01 7.772759e-02 -7.335058e-02 1.239534e-02 2.638580e-01 2.487486e-01 2.873414e-01 8.781400e-02 6.972717e-02 -4.046075e-02 -9.745193e-02 -1.771026e-01 -1.308669e-01 -1.103760e-01 -7.335155e-02 -1.236887e-01 8.971049e-03
<VARIANCE> 39
 2.104934e+00 3.259349e+00 4.922151e+00 6.491456e+00 8.748615e+00 1.106750e+01 1.108558e+01 1.308579e+01 1.471626e+01 1.235415e+01 1.127884e+01 1.017016e+01 5.000000e-02 2.454047e-01 2.380710e-01 4.244488e-01 5.433757e-01 7.114129e-01 8.903360e-01 9.830599e-01 1.105494e+00 1.162346e+00 1.248854e+00 1.123828e+00 1.083756e+00 5.000000e-02 5.000000e-02 5.000000e-02 8.463135e-02 1.257363e-01 1.572455e-01 2.224449e-01 2.361322e-01 2.402438e-01 2.772671e-01 2.401198e-01 2.271027e-01 1.913972e-01 5.000000e-02
<GCONST> 6.086276e+01
<STATE> 6
<MEAN> 39
 -5.383540e+00 -8.400811e+00 -8.981808e-01 -2.148207e+00 1.183628e+00 -4.951606e+00 4.155019e-01 -2.780775e+00 4.035071e-01 -3.029075e+00 2.232286e+00 -1.629768e+00 -8.037583e-03 6.363189e-01 7.008817e-01 7.639093e-01 2.526893e-01 2.016819e-01 1.561175e-03 -1.457353e-01 -2.381581e-01 -1.282224e-01 -1.265280e-01 -6.626241e-02 -2.869535e-01 2.537439e-02 -7.199021e-02 -1.092987e-01 -7.777006e-02 6.352105e-02 3.008806e-02 1.269419e-01 1.719951e-01 1.626030e-01 6.333718e-02 3.294944e-02 -4.500125e-02 -3.631591e-02 -2.467678e-03
<VARIANCE> 39
 2.197661e+00 2.475679e+00 4.294198e+00 5.596824e+00 6.239116e+00 7.812153e+00 9.020643e+00 1.036741e+01 1.056037e+01 1.150006e+01 1.116903e+01 1.000852e+01 5.000000e-02 2.570449e-01 2.499061e-01 4.044893e-01 5.685818e-01 7.491814e-01 1.007063e+00 1.046960e+00 1.204471e+00 1.203866e+00 1.210841e+00 1.092654e+00 9.424725e-01 5.000000e-02 5.000000e-02 5.000000e-02 7.101330e-02 1.179531e-01 1.461248e-01 1.775410e-01 1.798700e-01 2.153492e-01 2.078237e-01 2.432125e-01 2.382952e-01 2.320870e-01 5.000000e-02
<GCONST> 5.808915e+01
<STATE> 7
<MEAN> 39
 -4.312685e+00 -7.091178e+00 5.942119e-01 -1.129312e+00 1.639835e+00 -3.963930e+00 1.629693e+00 -2.065085e+00 1.279102e+00 -2.517764e+00 2.080725e+00 -2.559026e+00 3.992991e-02 1.656589e-01 4.227029e-02 1.323811e-01 1.596729e-01 1.287531e-01 9.075890e-02 1.075655e-01 1.020065e-01 -5.343901e-02 -3.731729e-02 -9.036674e-02 -1.244329e-01 6.924739e-03 -2.858172e-01 -3.436189e-01 -3.627836e-01 -1.341026e-01 -1.039775e-01 -5.137831e-02 -2.441250e-03 5.238146e-02 -3.299601e-02 -1.905337e-02 5.845976e-03 1.496941e-01 -1.198138e-02
<VARIANCE> 39
 1.712155e+00 2.420203e+00 3.754159e+00 4.528422e+00 6.062428e+00 7.605191e+00 8.912169e+00 9.797250e+00 9.558138e+00 1.106641e+01 1.015349e+01 8.877824e+00 5.000000e-02 2.108042e-01 2.131621e-01 3.359876e-01 5.755103e-01 7.099457e-01 8.803716e-01 8.739709e-01 9.902843e-01 1.012814e+00 1.076242e+00 1.024890e+00 1.040305e+00 5.000000e-02 5.000000e-02 5.000000e-02 6.172930e-02 1.066512e-01 1.469082e-01 1.796625e-01 2.094113e-01 2.281799e-01 2.199995e-01 2.306090e-01 2.297085e-01 1.993449e-01 5.000000e-02
<GCONST> 5.544296e+01
<STATE> 8
<MEAN> 39
 -5.010844e+00 -8.228755e+00 -5.171938e-01 -1.481507e+00 1.543841e+00 -4.187232e+00 1.472049e+00 -2.180823e+00 4.685360e-01 -2.584845e+00 2.425121e+00 -2.013901e+00 2.354131e-02 -2.401783e-01 -2.712215e-01 -2.855541e-01 -9.179579e-02 -9.803121e-02 -6.252076e-02 -5.382489e-02 -5.760021e-02 -1.861035e-01 -1.619114e-01 -1.169146e-01 -5.182340e-04 -1.229162e-02 -1.169671e-01 -6.170870e-02 -7.517833e-02 -2.878020e-02 -5.615789e-02 -1.754480e-02 4.259577e-03 2.326605e-02 3.332863e-02 3.554393e-03 1.815217e-03 2.728613e-02 -4.752893e-03
<VARIANCE> 39
 2.131224e+00 2.973478e+00 4.233083e+00 5.348108e+00 5.698573e+00 7.564624e+00 7.543245e+00 9.857669e+00 1.014967e+01 9.269668e+00 9.166728e+00 8.127721e+00 5.000000e-02 2.066064e-01 3.067755e-01 3.867630e-01 5.757179e-01 6.186209e-01 7.546690e-01 8.379334e-01 1.021740e+00 1.045051e+00 1.131345e+00 1.032783e+00 9.193964e-01 5.000000e-02 5.000000e-02 5.067577e-02 6.906938e-02 1.188859e-01 1.179698e-01 1.614790e-01 1.696773e-01 2.143909e-01 2.084167e-01 2.227160e-01 2.086207e-01 1.988531e-01 5.000000e-02
<GCONST> 5.521444e+01
<STATE> 9
<MEAN> 39
 -6.325720e+00 -9.628696e+00 -2.091156e+00 -2.110690e+00 8.178081e-01 -4.875278e+00 6.189081e-01 -2.788442e+00 -6.962817e-01 -4.232332e+00 9.863448e-01 -2.382564e+00 -5.775767e-02 -5.705906e-01 -3.586238e-01 -3.686334e-01 -4.335221e-02 -2.259406e-01 3.642125e-02 2.581573e-01 3.614585e-01 3.642938e-01 2.796019e-01 2.112016e-01 2.748177e-01 -2.071570e-02 6.605074e-02 1.422643e-01 1.346112e-01 4.264593e-02 6.043140e-02 9.933039e-02 1.514512e-01 1.492670e-01 2.302641e-01 2.417439e-01 1.842937e-01 8.892794e-02 5.202371e-03
<VARIANCE> 39
 1.840003e+00 2.640138e+00 3.644542e+00 5.177567e+00 8.114264e+00 8.459454e+00 8.514008e+00 9.366383e+00 1.119923e+01 9.572257e+00 9.239768e+00 9.434827e+00 5.000000e-02 1.785009e-01 2.555160e-01 3.955508e-01 5.325053e-01 7.741600e-01 8.322141e-01 9.885144e-01 1.147026e+00 1.194234e+00 1.164141e+00 1.155588e+00 1.070120e+00 5.000000e-02 5.000000e-02 5.000000e-02 6.487308e-02 1.142247e-01 1.725341e-01 1.620768e-01 1.806351e-01 2.043836e-01 2.413992e-01 2.159514e-01 1.969201e-01 2.156145e-01 5.000000e-02
<GCONST> 5.665565e+01
<STATE> 10
<MEAN> 39
 -7.500764e+00 -9.982121e+00 -2.289032e+00 -1.798906e+00 8.017833e-01 -3.745883e+00 2.950118e+00 1.549495e-01 2.590101e+00 -1.102960e+00 3.149180e+00 -8.857367e-01 -8.011994e-02 -1.459762e-01 3.421471e-02 2.423565e-02 7.436827e-03 1.279507e-02 9.104856e-02 2.095987e-01 2.170503e-01 2.413799e-01 2.575787e-01 1.609543e-01 1.267414e-01 -2.064155e-03 2.516625e-01 1.956511e-01 1.730261e-01 1.096036e-02 7.656824e-02 -9.184302e-02 -2.396980e-01 -3.255109e-01 -3.178965e-01 -2.537429e-01 -1.679189e-01 -1.690642e-01 7.870766e-03
<VARIANCE> 39
 1.534725e+00 2.761779e+00 4.265218e+00 4.604002e+00 7.787727e+00 9.234962e+00 9.050668e+00 1.064453e+01 1.011190e+01 9.494097e+00 1.031735e+01 1.069426e+01 5.000000e-02 1.938341e-01 2.233225e-01 3.575940e-01 4.774897e-01 7.806605e-01 1.009676e+00 1.010415e+00 1.219233e+00 1.256128e+00 1.109828e+00 1.113659e+00 1.110147e+00 5.000000e-02 5.000000e-02 5.554895e-02 8.805417e-02 9.399627e-02 1.529233e-01 1.894540e-01 1.928460e-01 2.312614e-01 2.167539e-01 2.245588e-01 2.425971e-01 2.191435e-01 5.000000e-02
<GCONST> 5.754149e+01
<STATE> 11
<MEAN> 39
 -7.171260e+00 -9.434080e+00 -1.843441e+00 -1.725500e+00 8.316436e-01 -4.313548e+00 1.897722e+00 -1.614503e+00 7.809568e-01 -2.402431e+00 2.053292e+00 -1.689370e+00 -7.251569e-02 4.849624e-01 5.147067e-01 3.986233e-01 -1.541708e-03 1.071529e-01 -2.133109e-01 -4.739490e-01 -5.906819e-01 -5.097756e-01 -3.433559e-01 -8.525550e-02 -1.538105e-01 1.573437e-02 1.841916e-01 1.014430e-01 9.404931e-02 1.113487e-02 6.839024e-02 1.746077e-02 -2.396066e-02 -1.493967e-02 -5.919463e-03 -5.150923e-02 1.089666e-03 -4.176982e-02 7.067792e-03
<VARIANCE> 39
 2.057346e+00 2.682518e+00 4.090354e+00 5.295725e+00 8.354373e+00 9.306420e+00 1.003913e+01 1.111230e+01 1.016440e+01 8.829511e+00 1.035313e+01 9.328541e+00 5.000000e-02 2.274360e-01 2.367066e-01 4.006568e-01 5.351427e-01 7.963209e-01 8.666341e-01 1.036275e+00 1.129706e+00 1.162200e+00 1.218310e+00 1.175867e+00 1.074686e+00 5.000000e-02 5.000000e-02 5.000000e-02 7.527191e-02 1.114840e-01 1.879458e-01 1.985787e-01 2.273905e-01 2.413442e-01 2.125060e-01 1.947727e-01 2.204963e-01 2.289201e-01 5.000000e-02
<GCONST> 5.838217e+01
<STATE> 12
<MEAN> 39
 -4.986104e+00 -7.603218e+00 -2.895924e-01 -2.020581e+00 9.555896e-01 -5.333218e+00 2.468156e-02 -3.388811e+00 -3.127928e-01 -3.160533e+00 2.463173e+00 -1.863658e+00 6.947231e-03 4.852659e-01 3.749920e-01 3.858085e-01 1.343627e-01 3.107174e-01 1.593513e-01 4.914961e-02 -1.011332e-01 -1.672742e-01 -2.628098e-01 -1.696250e-01 -2.401000e-01 2.014434e-02 -1.523052e-01 -1.809535e-01 -1.224307e-01 4.572758e-02 4.022694e-02 1.598985e-01 2.352516e-01 2.540297e-01 1.694724e-01 9.057923e-02 -1.656757e-02 -2.635678e-03 -4.840015e-03
<VARIANCE> 39
 1.735162e+00 2.195273e+00 3.884003e+00 5.103238e+00 6.924472e+00 7.557337e+00 7.634134e+00 9.012098e+00 9.134094e+00 1.080393e+01 1.044783e+01 9.315834e+00 5.000000e-02 2.247072e-01 2.494512e-01 4.445159e-01 4.819052e-01 8.153930e-01 9.059881e-01 1.049196e+00 1.153010e+00 9.582680e-01 9.890905e-01 1.025554e+00 1.047468e+00 5.000000e-02 5.000000e-02 5.000000e-02 8.109402e-02 1.117372e-01 1.456317e-01 1.765648e-01 1.864911e-01 2.186393e-01 2.082483e-01 2.434412e-01 2.306616e-01 2.253657e-01 5.000000e-02
<GCONST> 5.636193e+01
<STATE> 13
<MEAN> 39
 -4.894140e+00 -7.528736e+00 5.730908e-02 -9.524118e-01 2.513726e+00 -3.174071e+00 2.356029e+00 -1.730253e+00 3.399596e-01 -3.576312e+00 1.365455e+00 -2.645766e+00 2.132416e-02 -5.321044e-02 -1.967304e-01 -1.672493e-01 -5.253771e-02 9.293526e-02 1.943936e-01 2.470361e-01 3.261589e-01 2.895678e-01 2.191703e-01 1.301990e-01 2.251860e-02 -1.861191e-04 -1.764619e-01 -1.665779e-01 -1.695751e-01 -1.188800e-01 -2.093375e-01 -1.782213e-01 -1.541020e-01 -1.728712e-02 6.804407e-02 1.714062e-01 1.769176e-01 1.367319e-01 -7.342346e-03
<VARIANCE> 39
 1.981611e+00 2.262288e+00 4.103202e+00 4.822225e+00 5.738721e+00 7.366299e+00 8.149528e+00 8.451518e+00 9.676823e+00 1.040837e+01 8.547799e+00 9.036621e+00 5.000000e-02 1.995047e-01 2.339752e-01 3.851358e-01 5.736917e-01 7.410459e-01 9.617193e-01 1.000097e+00 9.848488e-01 9.179752e-01 1.202452e+00 1.102994e+00 9.489159e-01 5.000000e-02 5.000000e-02 5.000000e-02 7.509622e-02 1.028065e-01 1.320321e-01 1.738413e-01 1.892596e-01 1.941359e-01 1.901567e-01 2.371282e-01 2.091910e-01 1.908944e-01 5.000000e-02
<GCONST> 5.507414e+01
<STATE> 14
<MEAN> 39
 -6.267799e+00 -9.132504e+00 -1.688829e+00 -1.970503e+00 1.019754e+00 -4.205329e+00 2.160326e+00 -8.611252e-01 1.003622e+00 -2.228258e+00 2.932989e+00 -1.589060e+00 -3.926010e-02 -4.885920e-02 -2.650129e-02 1.276570e-02 -2.825567e-02 -1.290083e-01 -1.644163e-01 -2.238586e-01 -1.131047e-01 2.434678e-02 1.027114e-01 1.188942e-01 4.433731e-02 -2.994040e-03 2.038251e-02 6.883162e-02 8.194207e-02 4.641624e-02 5.826445e-03 -2.239265e-02 -7.184638e-02 -1.421950e-01 -9.282306e-02 -9.438711e-02 -1.075678e-01 -4.371512e-02 -3.100871e-05
<VARIANCE> 39
 2.016426e+00 2.383871e+00 3.723885e+00 5.225152e+00 6.555972e+00 8.521099e+00 8.434022e+00 9.818176e+00 1.077337e+01 9.793148e+00 9.665298e+00 9.082662e+00 5.000000e-02 2.439996e-01 2.677658e-01 3.918094e-01 5.618841e-01 6.583590e-01 8.519078e-01 8.326620e-01 1.051983e+00 9.981701e-01 1.076797e+00 1.136661e+00 1.006500e+00 5.000000e-02 5.000000e-02 5.000000e-02 7.164464e-02 1.152358e-01 1.405201e-01 1.918878e-01 1.762214e-01 2.164851e-01 2.001909e-01 2.148201e-01 2.326445e-01 1.990721e-01 5.000000e-02
<GCONST> 5.616916e+01
<STATE> 15
<MEAN> 39
 -4.732897e+00 -7.364471e+00 4.692530e-01 -1.277587e+00 1.525815e+00 -4.589039e+00 4.277199e-01 -3.048890e+00 4.635639e-01 -2.552230e+00 2.542093e+00 -2.298645e+00 2.281608e-02 -1.144791e-01 -8.640707e-02 -8.329853e-02 -2.888902e-02 -1.316108e-01 -9.399292e-02 -1.608865e-01 -2.015947e-01 -1.804430e-01 -1.277523e-01 -1.624820e-01 -6.390512e-02 -7.126393e-03 -1.563463e-01 -1.321320e-01 -1.752101e-01 -4.796416e-02 -3.911397e-02 5.461515e-02 1.654219e-01 1.722452e-01 2.670109e-02 -1.544365e-02 -2.975762e-02 3.687750e-02 -5.385920e-03
<VARIANCE> 39
 2.144185e+00 2.668306e+00 4.087689e+00 4.924939e+00 5.868393e+00 7.353067e+00 7.626756e+00 8.399951e+00 9.990584e+00 9.387393e+00 9.194942e+00 7.833529e+00 5.000000e-02 2.484456e-01 3.241819e-01 5.298724e-01 6.153499e-01 7.030150e-01 8.636076e-01 8.424679e-01 9.738359e-01 1.082905e+00 1.049690e+00 1.142216e+00 8.612999e-01 5.000000e-02 5.000000e-02 5.651354e-02 8.642582e-02 1.248310e-01 1.355887e-01 1.721329e-01 1.726662e-01 1.952169e-01 2.144181e-01 2.113559e-01 2.370952e-01 1.925524e-01 5.000000e-02
<GCONST> 5.622770e+01
<STATE> 16
<MEAN> 39
 -6.412347e+00 -9.264434e+00 -1.890840e+00 -2.397312e+00 3.407699e-01 -5.177194e+00 5.151600e-01 -2.834586e+00 -3.134744e-01 -3.461407e+00 1.636397e+00 -2.149054e+00 -5.424866e-02 -5.372764e-01 -3.230925e-01 -3.587280e-01 1.336174e-02 -5.534887e-02 2.283753e-01 4.933120e-01 5.361267e-01 2.825972e-01 9.455417e-02 -5.001569e-02 1.546217e-01 -1.816259e-02 3.519268e-02 8.356261e-02 1.025326e-01 1.048535e-01 1.433962e-01 1.669493e-01 2.177067e-01 1.871959e-01 1.750796e-01 1.295610e-01 9.551971e-02 5.759790e-02 3.890658e-03
<VARIANCE> 39
 1.903952e+00 2.998838e+00 4.377121e+00 6.078072e+00 7.609236e+00 9.631909e+00 8.781616e+00 9.291007e+00 1.016255e+01 9.429341e+00 1.104802e+01 1.005103e+01 5.000000e-02 2.182923e-01 3.034398e-01 5.364215e-01 6.253261e-01 8.138807e-01 1.058679e+00 9.991936e-01 1.075304e+00 1.107962e+00 1.081225e+00 1.145036e+00 1.008448e+00 5.000000e-02 5.000000e-02 5.438222e-02 8.928245e-02 1.283123e-01 1.648033e-01 2.025961e-01 1.720567e-01 2.027152e-01 2.318265e-01 2.225305e-01 2.441783e-01 2.087891e-01 5.000000e-02
<GCONST> 5.904954e+01
<STATE> 17
<MEAN> 39
 -7.383247e+00 -9.440315e+00 -1.645145e+00 -1.194006e+00 1.398307e+00 -3.370244e+00 3.044300e+00 -1.077046e-01 1.548337e+00 -2.185350e+00 2.407217e+00 -1.380352e+00 -7.646912e-02 -1.908053e-01 -8.580155e-02 -1.233582e-01 4.905212e-02 4.450431e-02 1.813573e-01 3.426249e-01 2.891011e-01 1.837742e-01 9.329228e-02 4.194051e-02 1.089747e-01 -3.394403e-03 1.768122e-01 1.075506e-01 8.093389e-02 -7.524972e-02 -5.374026e-02 -1.580828e-01 -2.419512e-01 -2.594174e-01 -1.478942e-01 -7.454260e-02 -2.478047e-02 -7.060878e-02 5.782294e-03
<VARIANCE> 39
 1.291404e+00 2.420478e+00 4.257224e+00 5.588846e+00 7.646053e+00 9.944700e+00 9.118885e+00 9.784427e+00 1.158841e+01 1.063512e+01 1.051863e+01 8.936192e+00 5.000000e-02 1.723052e-01 2.491602e-01 3.946613e-01 5.907914e-01 8.306094e-01 1.049184e+00 1.010284e+00 1.123863e+00 1.197749e+00 1.174907e+00 1.224319e+00 9.642680e-01 5.000000e-02 5.000000e-02 5.000000e-02 9.422120e-02 1.183953e-01 1.608089e-01 2.113516e-01 1.914918e-01 1.984332e-01 2.238268e-01 2.406002e-01 2.445007e-01 1.870368e-01 5.000000e-02
<GCONST> 5.792600e+01
<STATE> 18
<MEAN> 39
 -7.768633e+00 -9.891687e+00 -2.627337e+00 -2.084610e+00 9.412526e-01 -3.703635e+00 2.764003e+00 -8.168942e-01 1.516444e+00 -2.301047e+00 1.895085e+00 -1.494195e+00 -8.226407e-02 4.871057e-01 4.102701e-01 3.586379e-01 -1.449257e-01 -2.750755e-02 -3.285612e-01 -5.000494e-01 -5.831319e-01 -3.878728e-01 -1.617024e-01 -2.122669e-02 -1.144147e-01 1.543504e-02 2.870122e-01 2.037225e-01 2.516612e-01 5.339807e-02 5.749729e-02 -9.016751e-02 -1.894649e-01 -1.954816e-01 -1.022960e-01 -4.928086e-02 6.051426e-02 -3.860669e-02 8.987266e-03
<VARIANCE> 39
 2.356777e+00 4.308681e+00 4.886236e+00 6.325277e+00 8.736378e+00 1.103452e+01 1.062543e+01 1.228783e+01 1.421285e+01 1.228328e+01 1.126023e+01 9.801707e+00 5.000000e-02 2.316520e-01 2.671930e-01 4.364921e-01 6.379881e-01 7.269539e-01 9.607336e-01 1.009802e+00 9.653091e-01 1.128157e+00 1.359837e+00 1.247558e+00 9.212309e-01 5.000000e-02 5.000000e-02 6.837992e-02 8.238974e-02 1.343059e-01 1.684610e-01 2.097912e-01 2.242658e-01 2.417005e-01 2.898838e-01 2.674558e-01 2.517288e-01 1.952562e-01 5.000000e-02
<GCONST> 6.185743e+01
<STATE> 19
<MEAN> 39
 -5.568612e+00 -7.967415e+00 -6.459524e-01 -2.204171e+00 8.525579e-01 -4.863776e+00 7.812847e-01 -2.791154e+00 -3.401113e-02 -3.159529e+00 2.092332e+00 -1.865752e+00 -1.758443e-02 7.308653e-01 5.783862e-01 6.301656e-01 1.313346e-01 1.143283e-01 -2.163058e-01 -3.752866e-01 -4.740563e-01 -1.052766e-01 -7.277748e-02 1.266855e-01 -1.119185e-01 2.721350e-02 -7.431518e-02 -1.091333e-01 -5.779669e-02 8.869548e-02 5.775261e-02 1.272852e-01 1.423481e-01 1.717493e-01 1.178787e-01 4.515722e-02 2.527904e-02 5.494397e-04 -1.972590e-03
<VARIANCE> 39
 1.942488e+00 2.102394e+00 3.217735e+00 5.201040e+00 5.977752e+00 7.957865e+00 8.484792e+00 1.014888e+01 1.090914e+01 1.125577e+01 1.179748e+01 8.618005e+00 5.000000e-02 2.194333e-01 2.451629e-01 3.760644e-01 5.411385e-01 7.346540e-01 8.776466e-01 9.768592e-01 1.116298e+00 1.219683e+00 1.195006e+00 1.081925e+00 8.667625e-01 5.000000e-02 5.000000e-02 5.000000e-02 6.956553e-02 1.217813e-01 1.340737e-01 1.875023e-01 1.969022e-01 2.131208e-01 2.209348e-01 2.502805e-01 2.508010e-01 1.870656e-01 5.000000e-02
<GCONST> 5.653906e+01
<STATE> 20
<MEAN> 39
 -4.223600e+00 -6.822700e+00 8.838806e-01 -1.045651e+00 1.643979e+00 -4.470030e+00 1.214697e+00 -2.810286e+00 7.684087e-01 -2.457527e+00 2.802157e+00 -2.083380e+00 4.881789e-02 9.750478e-02 -1.143633e-01 -2.976776e-02 5.563098e-02 5.629000e-02 6.756449e-02 -3.116502e-02 -2.429437e-02 -7.050394e-02 -9.581677e-02 -3.440915e-02 -8.786718e-02 3.266041e-03 -3.198797e-01 -3.102115e-01 -3.266852e-01 -1.214849e-01 -8.469182e-02 3.673996e-02 7.692892e-02 1.535517e-01 -1.278915e-02 -2.295733e-02 -6.508517e-02 4.109248e-02 -1.284606e-02
<VARIANCE> 39
 1.609587e+00 1.936767e+00 3.663880e+00 3.812444e+00 5.354778e+00 7.516729e+00 8.953915e+00 9.750519e+00 9.212404e+00 1.021902e+01 9.437585e+00 7.800799e+00 5.000000e-02 2.375765e-01 2.717597e-01 4.324348e-01 6.375917e-01 6.945478e-01 7.723036e-01 9.445012e-01 1.116244e+00 1.117613e+00 1.151057e+00 1.199876e+00 9.225662e-01 5.000000e-02 5.000000e-02 5.000000e-02 6.635113e-02 9.602968e-02 1.335302e-01 1.635533e-01 2.049562e-01 2.294763e-01 2.206084e-01 2.330638e-01 2.281763e-01 1.732897e-01 5.000000e-02
<GCONST> 5.510051e+01
<STATE> 21
<MEAN> 39
 -5.453033e+00 -8.657375e+00 -9.102597e-01 -1.904446e+00 1.208174e+00 -4.654239e+00 5.285050e-01 -2.915577e+00 -3.313771e-01 -3.509460e+00 1.956842e+00 -2.208092e+00 -1.061736e-02 -4.764314e-01 -4.794600e-01 -4.572037e-01 -1.179955e-01 -1.318453e-01 7.218971e-02 1.953727e-01 2.469888e-01 4.531451e-02 7.810417e-02 7.363533e-03 1.121433e-01 -1.929382e-02 -1.057559e-01 1.582175e-02 -1.638564e-02 2.799205e-02 -6.267155e-03 5.600392e-02 1.665160e-01 1.563025e-01 1.897470e-01 1.628842e-01 8.167859e-02 1.026037e-01 -2.507334e-03
<VARIANCE> 39
 1.909215e+00 2.482715e+00 4.452826e+00 5.094370e+00 6.738018e+00 8.054744e+00 8.423354e+00 9.295198e+00 1.082857e+01 9.772157e+00 9.624395e+00 8.691741e+00 5.000000e-02 2.031986e-01 2.387644e-01 4.314557e-01 5.001324e-01 6.889735e-01 8.989317e-01 1.019235e+00 1.117181e+00 1.084337e+00 1.093979e+00 1.153666e+00 8.987816e-01 5.000000e-02 5.000000e-02 5.000000e-02 7.363865e-02 1.083131e-01 1.388800e-01 1.668215e-01 1.824975e-01 2.270644e-01 2.347652e-01 2.342398e-01 2.418171e-01 1.825171e-01 5.000000e-02
<GCONST> 5.631675e+01
<STATE> 22
<MEAN> 39
 -7.007816e+00 -9.862937e+00 -2.310159e+00 -2.166361e+00 7.858289e-01 -3.937274e+00 2.504133e+00 -1.042395e+00 1.288733e+00 -2.188965e+00 2.490247e+00 -1.405085e+00 -6.642483e-02 -3.876608e-01 -1.635283e-01 -1.759635e-01 3.121360e-02 -1.113283e-02 2.247500e-01 4.397864e-01 5.611048e-01 5.352786e-01 4.332340e-01 2.335130e-01 2.816596e-01 -1.079730e-02 1.896707e-01 2.227691e-01 2.328720e-01 7.428375e-02 5.474110e-02 -6.150416e-02 -1.534276e-01 -1.455761e-01 -8.399123e-02 -6.054468e-02 -1.478250e-02 -7.423990e-02 7.217790e-03
<VARIANCE> 39
 1.884322e+00 2.797389e+00 3.966072e+00 5.818588e+00 7.909471e+00 1.037860e+01 9.500949e+00 1.147212e+01 1.079904e+01 9.464237e+00 1.093717e+01 9.097559e+00 5.000000e-02 1.995913e-01 1.976526e-01 3.765308e-01 4.666569e-01 6.666158e-01 1.005428e+00 9.321579e-01 1.196415e+00 1.197166e+00 1.213664e+00 1.021587e+00 8.715845e-01 5.000000e-02 5.000000e-02 5.000000e-02 7.265533e-02 1.183357e-01 1.647375e-01 2.276927e-01 2.033816e-01 2.143819e-01 2.200849e-01 2.228838e-01 2.294871e-01 1.757997e-01 5.000000e-02
<GCONST> 5.742344e+01
<STATE> 23
<MEAN> 39
 -7.140900e+00 -9.196896e+00 -1.428436e+00 -1.420165e+00 1.180435e+00 -3.665712e+00 2.625859e+00 -5.105522e-01 2.049170e+00 -1.346183e+00 3.197042e+00 -1.017317e+00 -5.978166e-02 2.717433e-01 3.677577e-01 3.372639e-01 1.109105e-01 1.425031e-01 -1.083676e-01 -2.556666e-01 -2.609231e-01 -1.826217e-01 -1.354706e-01 -9.134924e-02 -1.361836e-01 1.009087e-02 1.914925e-01 9.193429e-02 5.868481e-02 -4.634215e-02 7.567011e-04 -9.701560e-02 -1.584772e-01 -2.153061e-01 -2.078478e-01 -2.066418e-01 -1.570168e-01 -1.513612e-01 5.504337e-03
<VARIANCE> 39
 2.018602e+00 2.429444e+00 4.208109e+00 5.606300e+00 7.799761e+00 9.699093e+00 9.330924e+00 1.269724e+01 1.195227e+01 1.112532e+01 1.082045e+01 9.115048e+00 5.000000e-02 2.601795e-01 2.202920e-01 3.672267e-01 5.633532e-01 7.981849e-01 1.040271e+00 8.969424e-01 1.022566e+00 1.126056e+00 1.223701e+00 1.174910e+00 9.006732e-01 5.000000e-02 5.000000e-02 5.000000e-02 8.209778e-02 1.111586e-01 1.535319e-01 1.974891e-01 1.860501e-01 2.584121e-01 2.488828e-01 2.465598e-01 2.199208e-01 1.840698e-01 5.000000e-02
<GCONST> 5.847650e+01
<STATE> 24
<MEAN> 39
 -4.887728e+00 -7.429159e+00 5.419734e-02 -1.394962e+00 1.647834e+00 -4.378256e+00 1.109854e+00 -2.504933e+00 3.146716e-01 -2.817319e+00 2.194933e+00 -2.292253e+00 2.076763e-02 1.393252e-01 -1.901077e-02 -2.394345e-02 -1.031164e-01 -8.847518e-02 -9.100815e-02 -7.884104e-02 -9.991290e-02 -1.738752e-01 -2.241816e-01 -1.859906e-01 -1.803566e-01 3.190687e-03 -1.518345e-01 -1.597113e-01 -1.377935e-01 -4.982360e-02 -8.604627e-02 2.085305e-02 7.133993e-02 8.078527e-02 4.513697e-02 4.859625e-02 4.077437e-02 7.113246e-02 -5.936963e-03
<VARIANCE> 39
 2.095792e+00 1.985385e+00 3.878959e+00 4.733294e+00 5.988051e+00 8.458749e+00 8.272609e+00 9.870258e+00 1.025918e+01 1.141269e+01 9.812977e+00 9.174363e+00 5.000000e-02 3.423239e-01 3.394378e-01 4.930750e-01 5.471116e-01 7.292206e-01 8.977398e-01 9.364251e-01 1.194583e+00 1.040262e+00 1.255866e+00 1.113176e+00 1.030811e+00 5.000000e-02 5.000000e-02 5.000000e-02 8.227411e-02 1.106779e-01 1.298439e-01 1.886062e-01 1.798882e-01 2.225480e-01 2.138702e-01 2.730352e-01 2.343507e-01 2.164335e-01 5.000000e-02
<GCONST> 5.780726e+01
<STATE> 25
<MEAN> 39
 -6.814178e+00 -9.416732e+00 -1.951002e+00 -2.019209e+00 4.571914e-01 -4.448709e+00 2.109552e+00 -1.376093e+00 5.224794e-01 -2.998024e+00 1.979643e+00 -1.937616e+00 -6.280550e-02 -1.955348e-02 1.626009e-02 -1.137565e-02 -5.777805e-02 -4.406077e-02 -1.334612e-02 -3.478699e-03 -4.126129e-02 3.939000e-03 6.549088e-02 5.249667e-02 4.354969e-02 -9.506110e-04 9.645163e-02 1.082291e-01 1.197712e-01 6.818857e-02 9.803886e-02 3.895817e-02 -1.245283e-02 -1.970327e-02 3.476657e-02 5.731250e-02 4.746019e-02 1.786942e-02 4.757793e-03
<VARIANCE> 39
 1.880115e+00 2.159915e+00 3.753355e+00 5.491869e+00 7.340832e+00 8.698381e+00 8.548810e+00 1.054176e+01 1.048216e+01 1.051762e+01 1.087272e+01 1.007177e+01 5.000000e-02 3.208854e-01 2.837210e-01 4.264676e-01 5.122651e-01 6.560085e-01 8.980408e-01 9.345927e-01 1.091184e+00 1.068599e+00 1.206282e+00 1.171100e+00 1.293068e+00 5.000000e-02 5.155199e-02 5.000000e-02 7.664456e-02 1.103145e-01 1.414165e-01 1.900851e-01 1.904208e-01 2.224098e-01 2.159521e-01 2.439693e-01 2.401399e-01 2.685116e-01 5.000000e-02
<GCONST> 5.821878e+01
<STATE> 26
<MEAN> 39
 -4.716665e+00 -7.434017e+00 2.026399e-01 -1.634917e+00 1.318619e+00 -4.513274e+00 9.946379e-01 -2.658602e+00 5.004036e-01 -2.463931e+00 2.655693e+00 -2.010159e+00 2.829016e-02 1.130388e-01 7.969593e-02 1.617026e-01 1.833271e-01 2.152162e-01 1.380020e-01 1.755811e-02 -4.693792e-02 2.041548e-03 3.865004e-02 3.698774e-02 2.486286e-02 6.171635e-03 -1.504018e-01 -1.129615e-01 -1.354584e-01 6.659185e-03 -2.378522e-02 4.310116e-02 8.207358e-02 8.861808e-02 2.098043e-03 -3.378337e-02 -5.341438e-02 -6.533516e-03 -4.484926e-03
<VARIANCE> 39
 2.164420e+00 2.223585e+00 4.027570e+00 4.530194e+00 5.239133e+00 7.548388e+00 9.805237e+00 1.013456e+01 1.040810e+01 9.940278e+00 1.038794e+01 9.913493e+00 5.000000e-02 3.620715e-01 3.404977e-01 5.613441e-01 5.439436e-01 6.839895e-01 8.921567e-01 1.146282e+00 1.144383e+00 1.162668e+00 1.153713e+00 1.205866e+00 1.132497e+00 5.000000e-02 5.640901e-02 6.285693e-02 9.878694e-02 1.014959e-01 1.319720e-01 1.733575e-01 2.346114e-01 2.444349e-01 2.567603e-01 2.494445e-01 2.610779e-01 2.628343e-01 5.000000e-02
<GCONST> 5.951043e+01
<STATE> 27
<MEAN> 39
 -6.354486e+00 -8.996672e+00 -1.203856e+00 -1.733103e+00 1.500391e+00 -3.646671e+00 2.121503e+00 -1.368086e+00 9.193278e-01 -2.679621e+00 2.149498e+00 -1.722337e+00 -3.006486e-02 -1.454911e-01 -5.841669e-02 -1.562399e-01 -1.362273e-02 -8.795658e-02 -4.112630e-02 4.675234e-02 9.516300e-02 -1.384598e-02 -9.864023e-03 -7.183575e-02 4.106563e-02 -3.552390e-03 5.712035e-02 6.962800e-02 -6.300107e-02 -1.124853e-01 -1.080720e-01 -1.449390e-01 -8.526489e-02 -6.110277e-02 -4.236211e-02 -3.875840e-02 -7.167983e-02 -4.507333e-02 5.604916e-03
<VARIANCE> 39
 3.219892e+00 3.738923e+00 5.788972e+00 7.665073e+00 8.763684e+00 1.035879e+01 1.037609e+01 1.226389e+01 1.250417e+01 1.164878e+01 1.003818e+01 8.704883e+00 5.000000e-02 4.212190e-01 4.182588e-01 6.118734e-01 7.354680e-01 8.839538e-01 1.127653e+00 1.174163e+00 1.505254e+00 1.378969e+00 1.326001e+00 1.120435e+00 1.017115e+00 5.000000e-02 1.065760e-01 9.096327e-02 1.538011e-01 1.896233e-01 1.754187e-01 2.150590e-01 2.012821e-01 2.528035e-01 2.389400e-01 2.394568e-01 2.114444e-01 1.538878e-01 5.000000e-02
<GCONST> 6.582982e+01
<TRANSP> 28
 0.000000e+00 1.000000e+00 0.000000e+00 0.000000e+00 0.000000e+00 0.000000e+00 0.000000e+00 0.000000e+00 0.000000e+00 0.000000e+00 0.000000e+00 0.000000e+00 0.000000e+00 0.000000e+00 0.000000e+00 0.000000e+00 0.000000e+00 0.000000e+00 0.000000e+00 0.000000e+00 0.000000e+00 0.000000e+00 0.000000e+00 0.000000e+00 0.000000e+00 0.000000e+00 0.000000e+00 0.000000e+00
 0.000000e+00 6.559848e-01 3.440152e-01 0.000000e+00 0.000000e+00 0.000000e+00 0.000000e+00 0.000000e+00 0.000000e+00 0.000000e+00 0.000000e+00 0.000000e+00 0.000000e+00 0.000000e+00 0.000000e+00 0.000000e+00 0.000000e+00 0.000000e+00 0.000000e+00 0.000000e+00 0.000000e+00 0.000000e+00 0.000000e+00 0.000000e+00 0.000000e+00 0.000000e+00 0.000000e+00 0.000000e+00
 0.000000e+00 0.000000e+00 6.777306e-01 3.222694e-01 0.000000e+00 0.000000e+00 0.000000e+00 0.000000e+00 0.000000e+00 0.000000e+00 0.000000e+00 0.000000e+00 0.000000e+00 0.000000e+00 0.000000e+00 0.000000e+00 0.000000e+00 0.000000e+00 0.000000e+00 0.000000e+00 0.000000e+00 0.000000e+00 0.000000e+00 0.000000e+00 0.000000e+00 0.000000e+00 0.000000e+00 0.000000e+00
 0.000000e+00 0.000000e+00 0.000000e+00 6.974092e-01 3.025908e-01 0.000000e+00 0.000000e+00 0.000000e+00 0.000000e+00 0.000000e+00 0.000000e+00 0.000000e+00 0.000000e+00 0.000000e+00 0.000000e+00 0.000000e+00 0.000000e+00 0.000000e+00 0.000000e+00 0.000000e+00 0.000000e+00 0.000000e+00 0.000000e+00 0.000000e+00 0.000000e+00 0.000000e+00 0.000000e+00 0.000000e+00
 0.000000e+00 0.000000e+00 0.000000e+00 0.000000e+00 4.508348e-01 5.491652e-01 0.000000e+00 0.000000e+00 0.000000e+00 0.000000e+00 0.000000e+00 0.000000e+00 0.000000e+00 0.000000e+00 0.000000e+00 0.000000e+00 0.000000e+00 0.000000e+00 0.000000e+00 0.000000e+00 0.000000e+00 0.000000e+00 0.000000e+00 0.000000e+00 0.000000e+00 0.000000e+00 0.000000e+00 0.000000e+00
 0.000000e+00 0.000000e+00 0.000000e+00 0.000000e+00 0.000000e+00 3.827222e-01 6.172777e-01 0.000000e+00 0.000000e+00 0.000000e+00 0.000000e+00 0.000000e+00 0.000000e+00 0.000000e+00 0.000000e+00 0.000000e+00 0.000000e+00 0.000000e+00 0.000000e+00 0.000000e+00 0.000000e+00 0.000000e+00 0.000000e+00 0.000000e+00 0.000000e+00 0.000000e+00 0.000000e+00 0.000000e+00
 0.000000e+00 0.000000e+00 0.000000e+00 0.000000e+00 0.000000e+00 0.000000e+00 3.664139e-01 6.335862e-01 0.000000e+00 0.000000e+00 0.000000e+00 0.000000e+00 0.000000e+00 0.000000e+00 0.000000e+00 0.000000e+00 0.000000e+00 0.000000e+00 0.000000e+00 0.000000e+00 0.000000e+00 0.000000e+00 0.000000e+00 0.000000e+00 0.000000e+00 0.000000e+00 0.000000e+00 0.000000e+00
 0.000000e+00 0.000000e+00 0.000000e+00 0.000000e+00 0.000000e+00 0.000000e+00 0.000000e+00 6.730699e-01 3.269301e-01 0.000000e+00 0.000000e+00 0.000000e+00 0.000000e+00 0.000000e+00 0.000000e+00 0.000000e+00 0.000000e+00 0.000000e+00 0.000000e+00 0.000000e+00 0.000000e+00 0.000000e+00 0.000000e+00 0.000000e+00 0.000000e+00 0.000000e+00 0.000000e+00 0.000000e+00
 0.000000e+00 0.000000e+00 0.000000e+00 0.000000e+00 0.000000e+00 0.000000e+00 0.000000e+00 0.000000e+00 4.687211e-01 5.312789e-01 0.000000e+00 0.000000e+00 0.000000e+00 0.000000e+00 0.000000e+00 0.000000e+00 0.000000e+00 0.000000e+00 0.000000e+00 0.000000e+00 0.000000e+00 0.000000e+00 0.000000e+00 0.000000e+00 0.000000e+00 0.000000e+00 0.000000e+00 0.000000e+00
 0.000000e+00 0.000000e+00 0.000000e+00 0.000000e+00 0.000000e+00 0.000000e+00 0.000000e+00 0.000000e+00 0.000000e+00 4.982392e-01 5.017608e-01 0.000000e+00 0.000000e+00 0.000000e+00 0.000000e+00 0.000000e+00 0.000000e+00 0.000000e+00 0.000000e+00 0.000000e+00 0.000000e+00 0.000000e+00 0.000000e+00 0.000000e+00 0.000000e+00 0.000000e+00 0.000000e+00 0.000000e+00
 0.000000e+00 0.000000e+00 0.000000e+00 0.000000e+00 0.000000e+00 0.000000e+00 0.000000e+00 0.000000e+00 0.000000e+00 0.000000e+00 4.395475e-01 5.604525e-01 0.000000e+00 0.000000e+00 0.000000e+00 0.000000e+00 0.000000e+00 0.000000e+00 0.000000e+00 0.000000e+00 0.000000e+00 0.000000e+00 0.000000e+00 0.000000e+00 0.000000e+00 0.000000e+00 0.000000e+00 0.000000e+00
 0.000000e+00 0.000000e+00 0.000000e+00 0.000000e+00 0.000000e+00 0.000000e+00 0.000000e+00 0.000000e+00 0.000000e+00 0.000000e+00 0.000000e+00 4.358817e-01 5.641183e-01 0.000000e+00 0.000000e+00 0.000000e+00 0.000000e+00 0.000000e+00 0.000000e+00 0.000000e+00 0.000000e+00 0.000000e+00 0.000000e+00 0.000000e+00 0.000000e+00 0.000000e+00 0.000000e+00 0.000000e+00
 0.000000e+00 0.000000e+00 0.000000e+00 0.000000e+00 0.000000e+00 0.000000e+00 0.000000e+00 0.000000e+00 0.000000e+00 0.000000e+00 0.000000e+00 0.000000e+00 4.534872e-01 5.465128e-01 0.000000e+00 0.000000e+00 0.000000e+00 0.000000e+00 0.000000e+00 0.000000e+00 0.000000e+00 0.000000e+00 0.000000e+00 0.000000e+00 0.000000e+00 0.000000e+00 0.000000e+00 0.000000e+00
 0.000000e+00 0.000000e+00 0.000000e+00 0.000000e+00 0.000000e+00 0.000000e+00 0.000000e+00 0.000000e+00 0.000000e+00 0.000000e+00 0.000000e+00 0.000000e+00 0.000000e+00 6.493110e-01 3.506890e-01 0.000000e+00 0.000000e+00 0.000000e+00 0.000000e+00 0.000000e+00 0.000000e+00 0.000000e+00 0.000000e+00 0.000000e+00 0.000000e+00 0.000000e+00 0.000000e+00 0.000000e+00
 0.000000e+00 0.000000e+00 0.000000e+00 0.000000e+00 0.000000e+00 0.000000e+00 0.000000e+00 0.000000e+00 0.000000e+00 0.000000e+00 0.000000e+00 0.000000e+00 0.000000e+00 0.000000e+00 5.960840e-01 4.039160e-01 0.000000e+00 0.000000e+00 0.000000e+00 0.000000e+00 0.000000e+00 0.000000e+00 0.000000e+00 0.000000e+00 0.000000e+00 0.000000e+00 0.000000e+00 0.000000e+00
 0.000000e+00 0.000000e+00 0.000000e+00 0.000000e+00 0.000000e+00 0.000000e+00 0.000000e+00 0.000000e+00 0.000000e+00 0.000000e+00 0.000000e+00 0.000000e+00 0.000000e+00 0.000000e+00 0.000000e+00 4.508035e-01 5.491965e-01 0.000000e+00 0.000000e+00 0.000000e+00 0.000000e+00 0.000000e+00 0.000000e+00 0.000000e+00 0.000000e+00 0.000000e+00 0.000000e+00 0.000000e+00
 0.000000e+00 0.000000e+00 0.000000e+00 0.000000e+00 0.000000e+00 0.000000e+00 0.000000e+00 0.000000e+00 0.000000e+00 0.000000e+00 0.000000e+00 0.000000e+00 0.000000e+00 0.000000e+00 0.000000e+00 0.000000e+00 6.184926e-01 3.815074e-01 0.000000e+00 0.000000e+00 0.000000e+00 0.000000e+00 0.000000e+00 0.000000e+00 0.000000e+00 0.000000e+00 0.000000e+00 0.000000e+00
 0.000000e+00 0.000000e+00 0.000000e+00 0.000000e+00 0.000000e+00 0.000000e+00 0.000000e+00 0.000000e+00 0.000000e+00 0.000000e+00 0.000000e+00 0.000000e+00 0.000000e+00 0.000000e+00 0.000000e+00 0.000000e+00 0.000000e+00 3.742366e-01 6.257634e-01 0.000000e+00 0.000000e+00 0.000000e+00 0.000000e+00 0.000000e+00 0.000000e+00 0.000000e+00 0.000000e+00 0.000000e+00
 0.000000e+00 0.000000e+00 0.000000e+00 0.000000e+00 0.000000e+00 0.000000e+00 0.000000e+00 0.000000e+00 0.000000e+00 0.000000e+00 0.000000e+00 0.000000e+00 0.000000e+00 0.000000e+00 0.000000e+00 0.000000e+00 0.000000e+00 0.000000e+00 4.219028e-01 5.780972e-01 0.000000e+00 0.000000e+00 0.000000e+00 0.000000e+00 0.000000e+00 0.000000e+00 0.000000e+00 0.000000e+00
 0.000000e+00 0.000000e+00 0.000000e+00 0.000000e+00 0.000000e+00 0.000000e+00 0.000000e+00 0.000000e+00 0.000000e+00 0.000000e+00 0.000000e+00 0.000000e+00 0.000000e+00 0.000000e+00 0.000000e+00 0.000000e+00 0.000000e+00 0.000000e+00 0.000000e+00 4.900491e-01 5.099510e-01 0.000000e+00 0.000000e+00 0.000000e+00 0.000000e+00 0.000000e+00 0.000000e+00 0.000000e+00
 0.000000e+00 0.000000e+00 0.000000e+00 0.000000e+00 0.000000e+00 0.000000e+00 0.000000e+00 0.000000e+00 0.000000e+00 0.000000e+00 0.000000e+00 0.000000e+00 0.000000e+00 0.000000e+00 0.000000e+00 0.000000e+00 0.000000e+00 0.000000e+00 0.000000e+00 0.000000e+00 5.413464e-01 4.586536e-01 0.000000e+00 0.000000e+00 0.000000e+00 0.000000e+00 0.000000e+00 0.000000e+00
 0.000000e+00 0.000000e+00 0.000000e+00 0.000000e+00 0.000000e+00 0.000000e+00 0.000000e+00 0.000000e+00 0.000000e+00 0.000000e+00 0.000000e+00 0.000000e+00 0.000000e+00 0.000000e+00 0.000000e+00 0.000000e+00 0.000000e+00 0.000000e+00 0.000000e+00 0.000000e+00 0.000000e+00 4.481000e-01 5.519000e-01 0.000000e+00 0.000000e+00 0.000000e+00 0.000000e+00 0.000000e+00
 0.000000e+00 0.000000e+00 0.000000e+00 0.000000e+00 0.000000e+00 0.000000e+00 0.000000e+00 0.000000e+00 0.000000e+00 0.000000e+00 0.000000e+00 0.000000e+00 0.000000e+00 0.000000e+00 0.000000e+00 0.000000e+00 0.000000e+00 0.000000e+00 0.000000e+00 0.000000e+00 0.000000e+00 0.000000e+00 5.173330e-01 4.826670e-01 0.000000e+00 0.000000e+00 0.000000e+00 0.000000e+00
 0.000000e+00 0.000000e+00 0.000000e+00 0.000000e+00 0.000000e+00 0.000000e+00 0.000000e+00 0.000000e+00 0.000000e+00 0.000000e+00 0.000000e+00 0.000000e+00 0.000000e+00 0.000000e+00 0.000000e+00 0.000000e+00 0.000000e+00 0.000000e+00 0.000000e+00 0.000000e+00 0.000000e+00 0.000000e+00 0.000000e+00 6.516820e-01 3.483180e-01 0.000000e+00 0.000000e+00 0.000000e+00
 0.000000e+00 0.000000e+00 0.000000e+00 0.000000e+00 0.000000e+00 0.000000e+00 0.000000e+00 0.000000e+00 0.000000e+00 0.000000e+00 0.000000e+00 0.000000e+00 0.000000e+00 0.000000e+00 0.000000e+00 0.000000e+00 0.000000e+00 0.000000e+00 0.000000e+00 0.000000e+00 0.000000e+00 0.000000e+00 0.000000e+00 0.000000e+00 7.320511e-01 2.679490e-01 0.000000e+00 0.000000e+00
 0.000000e+00 0.000000e+00 0.000000e+00 0.000000e+00 0.000000e+00 0.000000e+00 0.000000e+00 0.000000e+00 0.000000e+00 0.000000e+00 0.000000e+00 0.000000e+00 0.000000e+00 0.000000e+00 0.000000e+00 0.000000e+00 0.000000e+00 0.000000e+00 0.000000e+00 0.000000e+00 0.000000e+00 0.000000e+00 0.000000e+00 0.000000e+00 0.000000e+00 6.084127e-01 3.915873e-01 0.000000e+00
 0.000000e+00 0.000000e+00 0.000000e+00 0.000000e+00 0.000000e+00 0.000000e+00 0.000000e+00 0.000000e+00 0.000000e+00 0.000000e+00 0.000000e+00 0.000000e+00 0.000000e+00 0.000000e+00 0.000000e+00 0.000000e+00 0.000000e+00 0.000000e+00 0.000000e+00 0.000000e+00 0.000000e+00 0.000000e+00 0.000000e+00 0.000000e+00 0.000000e+00 0.000000e+00 5.846931e-01 4.153069e-01
 0.000000e+00 0.000000e+00 0.000000e+00 0.000000e+00 0.000000e+00 0.000000e+00 0.000000e+00 0.000000e+00 0.000000e+00 0.000000e+00 0.000000e+00 0.000000e+00 0.000000e+00 0.000000e+00 0.000000e+00 0.000000e+00 0.000000e+00 0.000000e+00 0.000000e+00 0.000000e+00 0.000000e+00 0.000000e+00 0.000000e+00 0.000000e+00 0.000000e+00 0.000000e+00 0.000000e+00 0.000000e+00
<ENDHMM>
