~o
<STREAMINFO> 1 39
<VECSIZE> 39<NULLD><MFCC_E_D_A><DIAGC>
~h "Tawng"
<BEGINHMM>
<NUMSTATES> 5
<STATE> 2
<MEAN> 39
 -9.661804e+00 -1.575044e+01 -9.753131e+00 -4.543666e+00 2.380770e+00 -3.449744e+00 3.842235e+00 -3.031410e-02 2.119024e+00 -6.255600e+00 4.410872e-01 -7.848954e-01 4.335164e-01 -3.389713e-01 -1.505801e+00 -1.573046e+00 -1.234732e-01 5.547963e-01 1.435619e-01 3.896670e-01 1.348529e-01 1.348478e-01 -8.708595e-01 -5.688884e-01 -1.596909e-01 9.139834e-02 7.398883e-02 -5.234236e-02 8.156959e-02 7.702921e-02 1.079708e-01 5.562712e-02 -6.527729e-02 -6.851915e-02 3.794553e-02 -6.223941e-02 -5.571031e-02 -1.075964e-01 2.858153e-03
<VARIANCE> 39
 1.696831e+01 1.024534e+02 7.026487e+01 1.985162e+01 2.255219e+01 3.103212e+01 2.303942e+01 1.072358e+01 1.677142e+01 2.279578e+01 2.226367e+01 9.741500e+00 2.362709e-01 2.039622e+00 6.707684e+00 7.055871e+00 2.264269e+00 2.783463e+00 3.665002e+00 2.085547e+00 1.693940e+00 2.020973e+00 2.190494e+00 2.303818e+00 1.336726e+00 5.000000e-02 4.088381e-01 1.332550e+00 1.514675e+00 4.093714e-01 6.084513e-01 7.357970e-01 4.394673e-01 3.207529e-01 4.400113e-01 4.918867e-01 4.818422e-01 2.251589e-01 5.000000e-02
<GCONST> 1.063149e+02
<STATE> 3
<MEAN> 39
 -2.959385e+00 -2.567929e+01 -1.062192e+01 -6.145070e+00 4.114447e+00 -1.974147e+00 -2.430341e+00 -3.095272e+00 4.743611e-01 -1.571597e+01 -3.215104e+00 -5.553801e+00 7.595610e-01 6.914511e-01 9.678879e-02 4.336216e-01 6.668540e-03 -4.493958e-01 -9.314496e-02 -3.772111e-01 -1.977375e-01 -2.798527e-01 -7.683915e-02 -1.414958e-01 -1.434591e-01 -2.135448e-02 -7.659561e-03 7.759345e-02 -3.814537e-02 2.508664e-02 -2.945995e-02 -5.843917e-02 1.079904e-01 2.507486e-02 2.656115e-03 6.448488e-02 1.740664e-02 3.540449e-02 -2.240165e-03
<VARIANCE> 39
 3.309888e+01 6.793404e+00 5.450231e+01 2.980297e+01 4.867881e+01 2.447151e+01 4.010686e+01 1.912585e+01 2.806908e+01 4.198249e+01 1.416865e+01 1.679059e+01 5.000000e-02 7.915803e-01 6.838532e-01 1.786986e+00 1.640931e+00 2.110214e+00 9.758111e-01 2.063425e+00 1.592098e+00 2.163989e+00 4.694462e+00 1.237566e+00 1.448080e+00 5.000000e-02 1.315633e-01 1.443021e-01 2.628436e-01 1.822763e-01 2.956252e-01 1.625528e-01 3.460395e-01 3.137365e-01 4.302902e-01 8.065157e-01 2.355912e-01 2.984717e-01 5.000000e-02
<GCONST> 9.107150e+01
<STATE> 4
<MEAN> 39
 1.133567e-01 -1.856235e+01 -7.961983e+00 4.174938e-01 1.512842e+00 -4.805604e+00 1.452310e-01 -2.432278e+00 -2.913189e-01 -8.626854e+00 -2.471055e+00 -2.287977e+00 2.244041e-01 -5.475518e-01 5.040694e-01 2.374219e-01 1.015855e-01 2.454205e-01 4.154210e-02 2.038654e-01 1.314044e-01 2.471398e-01 3.696965e-01 2.621119e-01 2.201770e-01 -2.800966e-02 -2.660220e-02 -3.401271e-02 2.552474e-02 -5.588673e-02 -4.682102e-02 9.853677e-05 -6.725111e-02 1.916893e-02 1.257093e-02 -4.127306e-02 -9.702979e-04 3.253444e-02 4.173166e-04
<VARIANCE> 39
 1.872096e+01 1.737532e+01 1.446335e+01 8.638180e+00 1.314955e+01 1.617571e+01 7.327544e+00 1.249439e+01 1.788523e+01 1.684947e+01 1.697622e+01 1.724640e+01 5.000000e-02 6.536826e-01 1.156345e+00 1.120970e+00 1.149183e+00 9.959287e-01 1.207255e+00 8.620597e-01 1.372732e+00 2.215580e+00 1.535682e+00 1.389975e+00 1.704146e+00 5.000000e-02 1.505080e-01 2.226695e-01 2.176122e-01 1.994148e-01 1.848508e-01 2.653562e-01 1.568505e-01 3.183615e-01 4.591809e-01 2.594693e-01 2.790295e-01 3.824413e-01 5.000000e-02
<GCONST> 8.006970e+01
<TRANSP> 5
 0.000000e+00 1.000000e+00 0.000000e+00 0.000000e+00 0.000000e+00
 0.000000e+00 9.115285e-01 8.847154e-02 0.000000e+00 0.000000e+00
 0.000000e+00 0.000000e+00 9.533940e-01 4.660599e-02 0.000000e+00
 0.000000e+00 0.000000e+00 0.000000e+00 9.542133e-01 4.578670e-02
 0.000000e+00 0.000000e+00 0.000000e+00 0.000000e+00 0.000000e+00
<ENDHMM>
