~o
<STREAMINFO> 1 39
<VECSIZE> 39<NULLD><MFCC_E_D_A><DIAGC>
~h "To"
<BEGINHMM>
<NUMSTATES> 5
<STATE> 2
<MEAN> 39
 -7.377187e+00 -1.212204e+01 -1.078401e+01 -5.410439e+00 3.596164e+00 -6.047466e+00 3.783168e+00 -2.528216e+00 3.417043e+00 -5.000422e+00 -5.075439e-01 -3.131728e+00 3.171477e-01 2.032347e-01 -1.172159e+00 -1.652822e+00 -7.008343e-01 8.087621e-01 1.647955e-01 4.584110e-01 -3.979406e-01 4.921483e-02 5.899828e-02 -1.184024e-02 -6.739676e-01 8.529587e-02 9.391560e-02 -4.330853e-02 7.505233e-02 -8.657823e-02 2.913479e-02 2.024731e-01 -1.047658e-02 -5.866141e-02 -6.134406e-02 1.628074e-01 9.257919e-02 -6.131241e-02 1.223130e-03
<VARIANCE> 39
 1.157355e+01 5.653316e+01 1.059071e+02 2.674174e+01 2.512906e+01 3.654691e+01 2.743747e+01 2.453221e+01 1.935173e+01 1.469037e+01 1.928057e+01 1.618688e+01 2.060479e-01 1.662294e+00 4.996559e+00 7.881678e+00 1.767422e+00 2.511519e+00 5.117632e+00 1.767298e+00 3.774512e+00 2.009919e+00 2.573304e+00 2.717423e+00 1.464815e+00 5.000000e-02 3.217231e-01 1.069119e+00 1.678976e+00 3.499562e-01 4.990547e-01 9.552372e-01 3.568121e-01 7.050759e-01 3.883690e-01 5.251827e-01 5.349333e-01 2.909395e-01 5.000000e-02
<GCONST> 1.083233e+02
<STATE> 3
<MEAN> 39
 -8.707212e-01 -2.144704e+01 -2.114190e+01 -1.685558e+01 1.227087e+01 4.105078e+00 5.701671e+00 -1.020574e+01 -3.024333e-01 -1.190368e+00 1.399511e+00 -9.038882e+00 9.087710e-01 3.367761e-01 1.264862e-01 2.901235e-02 -1.252924e-01 -1.000835e-01 2.187627e-01 -2.423418e-01 -8.064196e-02 -7.687508e-02 -4.300795e-02 -1.094723e-01 1.084836e-01 -1.180877e-02 -1.572604e-02 3.531049e-02 -5.377565e-03 1.293666e-01 -6.677338e-02 -9.121305e-02 -4.491302e-03 4.057973e-02 4.603973e-02 -1.031911e-01 -5.933884e-02 6.712805e-02 -2.418121e-03
<VARIANCE> 39
 1.506584e+01 1.347997e+01 2.584803e+01 2.187822e+01 2.957711e+01 2.514955e+01 2.834842e+01 3.150339e+01 1.430800e+01 1.405288e+01 2.099303e+01 1.001815e+01 5.000000e-02 3.020411e-01 3.402638e-01 4.922460e-01 1.599176e+00 1.046261e+00 1.349986e+00 1.157496e+00 1.356786e+00 8.165715e-01 1.424036e+00 1.388178e+00 7.820184e-01 5.000000e-02 5.016240e-02 5.542113e-02 7.839175e-02 2.470009e-01 1.806510e-01 1.909986e-01 1.796986e-01 2.568637e-01 1.296483e-01 2.028464e-01 2.692376e-01 1.615374e-01 5.000000e-02
<GCONST> 7.386980e+01
<STATE> 4
<MEAN> 39
 1.635518e+00 -1.680081e+01 -1.491656e+01 -6.918173e+00 6.781089e+00 2.876276e+00 7.738742e-01 -7.035348e+00 -1.686294e-01 -3.035425e+00 3.795260e-01 -3.387287e+00 3.029606e-01 -3.458414e-01 3.505841e-01 5.705332e-01 3.852173e-01 -6.082949e-02 -8.675887e-02 3.418735e-02 1.616990e-01 -9.692714e-03 1.388532e-01 1.973209e-01 1.872553e-01 -2.616038e-02 -2.384814e-02 9.347770e-04 2.043079e-02 -6.599309e-02 3.008939e-03 -1.867087e-02 5.285877e-03 1.901066e-02 1.858921e-03 4.878073e-02 3.928291e-02 -1.647065e-02 1.295596e-03
<VARIANCE> 39
 1.214363e+01 1.352368e+01 3.390606e+01 1.393523e+01 1.084087e+01 1.423035e+01 1.216567e+01 1.612774e+01 1.831962e+01 1.655983e+01 1.441897e+01 1.484914e+01 5.000000e-02 5.601987e-01 7.919757e-01 2.006849e+00 1.509801e+00 1.094301e+00 1.518703e+00 1.136426e+00 1.315805e+00 1.448066e+00 1.624497e+00 1.340526e+00 1.188500e+00 5.000000e-02 1.030806e-01 1.495434e-01 4.506622e-01 2.924924e-01 2.411987e-01 3.012790e-01 2.023934e-01 2.340713e-01 3.213803e-01 3.518784e-01 2.898875e-01 2.522500e-01 5.000000e-02
<GCONST> 8.121041e+01
<TRANSP> 5
 0.000000e+00 1.000000e+00 0.000000e+00 0.000000e+00 0.000000e+00
 0.000000e+00 9.180538e-01 8.194625e-02 0.000000e+00 0.000000e+00
 0.000000e+00 0.000000e+00 9.602804e-01 3.971966e-02 0.000000e+00
 0.000000e+00 0.000000e+00 0.000000e+00 9.632628e-01 3.673721e-02
 0.000000e+00 0.000000e+00 0.000000e+00 0.000000e+00 0.000000e+00
<ENDHMM>
