~o
<STREAMINFO> 1 39
<VECSIZE> 39<NULLD><MFCC_E_D_A><DIAGC>
~h "To*i"
<BEGINHMM>
<NUMSTATES> 26
<STATE> 2
<MEAN> 39
 -6.478817e+00 -8.176008e+00 -8.098576e-01 -1.222256e+00 1.424750e+00 -3.763315e+00 1.161769e+00 -2.511772e+00 4.677001e-01 -2.944764e+00 1.178216e+00 -9.913643e-01 -5.334035e-02 -2.740084e-01 1.737797e-01 -1.135957e+00 -7.027704e-01 7.216110e-02 -8.325937e-01 8.244684e-01 1.038191e+00 2.040911e-01 -1.017014e+00 -5.203683e-01 -2.921041e-01 8.197880e-02 -1.290516e-01 -4.115557e-01 -1.129074e+00 -6.462286e-01 -1.909566e-01 -6.465662e-01 3.486630e-01 3.696581e-01 5.131536e-01 -3.041034e-01 -3.382709e-01 -2.195938e-01 5.154385e-02
<VARIANCE> 39
 2.492616e+00 2.990591e+00 3.835268e+00 4.766490e+00 6.229782e+00 9.771712e+00 1.151402e+01 1.455763e+01 1.206459e+01 1.290695e+01 8.022677e+00 9.273420e+00 5.000000e-02 1.213484e+00 1.525699e+00 2.597167e+00 2.076408e+00 1.549180e+00 1.838604e+00 1.094705e+00 1.890813e+00 3.008226e+00 9.950193e-01 9.661554e-01 1.368063e+00 5.000000e-02 1.637201e-01 4.361031e-01 2.456031e-01 1.420698e-01 1.838485e-01 1.585698e-01 1.305108e-01 2.929381e-01 6.050564e-01 1.513242e-01 2.377087e-01 2.675838e-01 5.000000e-02
<GCONST> 7.370315e+01
<STATE> 3
<MEAN> 39
 -8.778911e+00 -7.071049e+00 -8.531127e+00 -7.738924e+00 3.096446e-01 -7.341231e+00 2.732060e+00 5.714099e+00 5.498217e+00 -4.399300e+00 7.595337e-01 -2.168860e+00 4.656610e-01 -3.554819e-01 -3.146688e+00 -5.025962e+00 -2.690122e+00 -9.402878e-01 -2.372951e+00 1.995060e+00 7.539374e-01 2.725020e+00 -1.592074e+00 -1.926914e+00 -9.832028e-01 2.388728e-01 4.488156e-01 -1.389645e+00 -9.164795e-02 1.981550e-01 4.142494e-01 -3.766635e-02 3.227977e-01 -1.178749e+00 -2.539566e-01 -7.293332e-02 -1.385288e-01 -1.808875e-01 -1.643380e-03
<VARIANCE> 39
 3.327360e+01 2.766213e+01 3.016252e+01 2.435649e+01 2.120299e+01 2.064196e+01 2.161019e+01 5.241201e+00 2.479576e+01 8.745379e+00 2.604505e+01 1.231776e+01 5.000000e-02 2.297155e+00 5.498209e+00 1.747254e+00 1.847410e+00 1.661620e+00 2.460416e+00 1.381819e+00 2.597793e+00 4.116180e+00 7.722805e-01 2.156831e+00 1.045191e+00 5.000000e-02 5.102130e-01 9.094682e-01 4.831421e-01 4.274037e-01 3.551994e-01 1.560553e-01 3.330238e-01 2.343581e-01 1.133203e+00 2.344234e-01 3.877325e-01 2.159797e-01 5.000000e-02
<GCONST> 9.484498e+01
<STATE> 4
<MEAN> 39
 -7.635298e+00 -1.983300e+01 -1.897209e+01 -1.099971e+01 -1.362983e+00 -1.386712e+01 8.598783e+00 5.789925e-01 9.134874e+00 -1.082182e+01 -6.171432e+00 -4.285033e+00 8.572398e-01 7.202098e-01 -4.016953e+00 -2.171071e+00 -4.438216e-01 1.762297e+00 -9.369820e-01 1.800617e+00 -1.785007e+00 -5.440550e-01 -8.683705e-01 -7.982440e-01 -8.185630e-01 1.182773e-01 1.944385e-01 6.896216e-01 1.455961e+00 6.738747e-01 8.388366e-01 9.768105e-01 -5.046018e-01 -6.048046e-01 -1.022148e+00 8.047695e-01 6.122707e-01 7.073274e-02 -5.823759e-02
<VARIANCE> 39
 1.002144e+01 2.250458e+01 1.906829e+01 2.316425e+01 2.364319e+01 1.329032e+01 2.760388e+01 5.107023e+00 2.325172e+01 5.278095e+00 1.258472e+01 2.697502e+00 5.000000e-02 1.567936e+00 2.175908e+00 4.124495e+00 2.506469e+00 1.350016e+00 1.652906e+00 2.482881e+00 2.429467e+00 2.707617e+00 1.733878e+00 2.573687e+00 8.659060e-01 5.000000e-02 2.508396e-01 5.830917e-01 1.337162e-01 3.377950e-01 4.212229e-01 1.535683e-01 1.414516e-01 2.088060e-01 4.397606e-01 1.887963e-01 4.882042e-01 1.975459e-01 5.000000e-02
<GCONST> 8.563561e+01
<STATE> 5
<MEAN> 39
 -5.171216e+00 -2.277369e+01 -1.881968e+01 -9.190295e+00 6.887012e+00 -1.228508e+01 1.056832e+01 -3.533938e+00 3.475685e+00 -8.409856e+00 -2.906509e+00 -5.614056e+00 9.435769e-01 7.808155e-01 -5.948771e-01 2.673552e-01 -3.249664e-01 2.314644e+00 8.580158e-01 7.070787e-02 -1.872399e+00 -9.094304e-01 1.401030e+00 1.377484e-01 -6.827482e-01 2.356480e-02 -1.340624e-01 1.084232e+00 5.573412e-01 -3.446205e-01 -3.057607e-01 4.379611e-01 -4.734717e-01 2.272577e-01 5.872372e-01 6.400672e-01 -2.885827e-01 1.496202e-01 -2.495899e-02
<VARIANCE> 39
 9.932530e+00 6.613886e+00 2.925978e+01 1.678703e+01 1.002211e+01 1.273886e+01 2.701118e+01 8.209877e+00 1.213347e+01 5.713388e+00 2.495846e+00 3.760470e+00 5.000000e-02 2.386150e-01 6.404172e-01 7.433269e-01 1.010078e+00 1.567852e+00 2.838365e-01 2.863764e-01 3.959050e-01 7.780867e-01 1.098127e+00 1.368555e+00 6.035958e-01 5.000000e-02 1.777000e-01 1.860646e-01 2.895441e-01 2.171190e-01 1.685796e-01 9.584016e-02 4.042896e-01 1.681963e-01 3.199108e-01 8.119058e-02 1.207305e-01 7.715706e-02 5.000000e-02
<GCONST> 6.298406e+01
<STATE> 6
<MEAN> 39
 -4.036315e+00 -2.300436e+01 -1.825985e+01 -1.214713e+01 9.644768e+00 -1.170429e+01 1.139663e+01 -6.447237e+00 4.411349e+00 -4.913168e+00 -6.978813e+00 -7.258522e+00 9.599573e-01 1.242439e-01 2.788037e-01 -1.648888e-03 -1.083153e+00 5.826873e-01 9.908018e-01 -3.209644e-01 -1.085099e+00 8.327233e-01 1.726507e+00 -1.179570e+00 -3.104182e-01 4.944413e-03 -8.352861e-02 2.571776e-01 -2.082598e-01 2.640452e-02 -5.736710e-01 5.776550e-02 -3.430069e-01 4.778681e-01 5.178896e-01 5.517095e-02 8.543961e-02 1.038464e-01 -4.578380e-03
<VARIANCE> 39
 4.002969e+00 1.217387e+01 3.466224e+01 1.851201e+01 1.704528e+01 9.065773e+00 2.529045e+01 7.744158e+00 1.341537e+01 1.557782e+01 5.693018e+00 2.583217e+00 5.000000e-02 1.664806e-01 1.951769e-01 4.073637e-01 1.007693e+00 9.371017e-01 1.576039e-01 1.428088e+00 3.171227e-01 8.476607e-01 3.869805e-01 4.849384e-01 1.863495e-01 5.000000e-02 5.000000e-02 1.322437e-01 1.430523e-01 2.394786e-01 1.776463e-01 5.000000e-02 1.210671e-01 5.000000e-02 1.933518e-01 8.077957e-02 1.355452e-01 5.784787e-02 5.000000e-02
<GCONST> 5.361710e+01
<STATE> 7
<MEAN> 39
 -4.395263e+00 -2.239615e+01 -1.738189e+01 -1.486872e+01 9.121983e+00 -6.857653e+00 7.749195e+00 -7.777291e+00 9.759503e+00 -1.613892e+00 -6.518430e+00 -7.252102e+00 9.628270e-01 3.670997e-01 2.389739e-01 -2.341424e-02 -8.522105e-01 5.016967e-01 6.245876e-01 -1.538785e+00 4.842572e-01 1.121746e+00 1.492939e+00 -6.779245e-01 -4.583787e-01 5.097105e-03 -4.537815e-02 -8.982319e-02 6.930142e-02 6.208583e-02 -1.270509e-01 -1.326510e-01 -4.062280e-01 5.729433e-01 -1.506879e-01 -2.563044e-01 -3.430410e-01 -9.414067e-02 1.438034e-03
<VARIANCE> 39
 3.337003e+00 8.679016e+00 2.403839e+01 9.872981e+00 2.367249e+01 1.119338e+01 2.208487e+01 8.314187e+00 1.511616e+01 7.948881e+00 4.443892e+00 5.389284e+00 5.000000e-02 1.806069e-01 1.131396e-01 5.612043e-01 2.752449e-01 6.068729e-01 2.883436e-01 1.294540e+00 9.444130e-01 1.050024e+00 8.808161e-01 1.131720e+00 2.611988e-01 5.000000e-02 5.000000e-02 5.000000e-02 5.726835e-02 1.172522e-01 1.536800e-01 8.581057e-02 2.733632e-01 1.565391e-01 1.817410e-01 1.129838e-01 1.413383e-01 5.000000e-02 5.000000e-02
<GCONST> 5.437264e+01
<STATE> 8
<MEAN> 39
 -2.737976e+00 -2.201175e+01 -1.909736e+01 -1.586675e+01 1.017731e+01 -6.533760e+00 2.129924e+00 -3.781204e+00 9.652250e+00 2.822424e+00 -1.132159e+01 -9.401897e+00 9.902526e-01 -9.253930e-03 -6.119679e-02 1.035730e-01 -2.470765e-01 -6.097527e-01 8.981542e-01 -1.433533e+00 1.627615e+00 4.594798e-01 2.127468e-01 -1.759939e+00 -4.699014e-01 6.585906e-03 -1.923419e-01 1.666166e-01 9.259840e-02 1.572507e-01 -2.255401e-01 -1.548436e-01 8.666314e-01 -8.899665e-02 -2.974109e-01 -8.292856e-01 3.007859e-01 2.419152e-01 -4.982580e-03
<VARIANCE> 39
 2.865022e+00 1.995794e+01 3.741064e+01 1.854908e+01 1.989033e+01 1.978492e+01 2.589720e+01 8.642093e+00 2.327204e+01 1.352026e+01 8.673560e+00 5.138201e+00 5.000000e-02 8.864152e-02 3.719631e-01 2.606626e-01 3.839931e-01 6.439660e-01 5.266172e-01 1.303032e+00 8.928345e-01 1.683224e+00 1.092353e+00 3.207235e-01 3.680332e-01 5.000000e-02 5.000000e-02 1.487770e-01 9.421691e-02 9.801818e-02 7.656679e-02 1.673128e-01 1.410603e-01 2.563123e-01 3.361739e-01 2.866451e-01 2.230267e-01 6.485689e-02 5.000000e-02
<GCONST> 6.220253e+01
<STATE> 9
<MEAN> 39
 -4.254474e+00 -2.177238e+01 -1.694816e+01 -1.660671e+01 8.709024e+00 -5.181808e+00 3.555184e+00 -1.765010e+00 1.215047e+01 -3.093604e-01 -1.380613e+01 -9.608860e+00 9.884464e-01 -3.985766e-01 7.515044e-01 2.566999e-01 -5.160723e-01 -5.799506e-01 -1.505836e-01 1.116230e+00 3.608772e-01 -2.175096e-01 -1.581582e+00 1.638105e-01 6.258964e-01 -1.172999e-02 -1.276250e-02 1.963910e-01 -4.501816e-02 -4.304454e-02 -1.908959e-01 -2.133194e-01 4.061643e-01 -2.978455e-01 -6.311185e-01 -2.089094e-01 4.965260e-01 5.419154e-01 -7.268514e-03
<VARIANCE> 39
 4.923177e+00 1.248069e+01 3.318626e+01 1.938625e+01 1.059369e+01 1.947472e+01 1.438270e+01 1.642370e+01 1.079536e+01 1.486323e+01 8.315098e+00 2.078411e+00 5.000000e-02 5.000000e-02 8.032106e-01 4.977881e-01 5.370041e-01 1.115175e+00 1.559835e+00 1.042089e+00 1.742919e+00 9.717279e-01 6.258210e-01 4.639896e-01 6.698253e-01 5.000000e-02 5.000000e-02 1.130805e-01 5.399565e-02 1.439180e-01 1.750076e-01 5.189275e-01 1.589973e-01 2.972175e-01 2.541881e-01 1.382322e-01 5.000000e-02 7.001971e-02 5.000000e-02
<GCONST> 6.245977e+01
<STATE> 10
<MEAN> 39
 -4.682213e+00 -1.976917e+01 -1.696731e+01 -1.904833e+01 5.912381e+00 -4.929361e+00 5.809496e+00 -1.444597e+00 8.437983e+00 -2.672227e+00 -1.059402e+01 -6.036013e+00 9.414358e-01 -5.514685e-02 7.300442e-01 -1.791724e-02 -2.357424e-02 -8.259284e-01 -4.343528e-01 6.800374e-01 1.885593e-01 -1.700387e+00 -1.222623e+00 2.281958e-01 1.526491e+00 -2.171666e-02 1.426151e-01 -3.518478e-01 8.996486e-02 4.068019e-01 -9.077214e-02 -5.390226e-01 -7.570272e-02 1.545139e-01 -7.066568e-02 5.255706e-02 -1.189766e-01 2.936192e-02 -7.954732e-04
<VARIANCE> 39
 3.807425e+00 7.720047e+00 1.856756e+01 1.291702e+01 1.279428e+01 3.954272e+01 4.467477e+01 1.083296e+01 2.346183e+01 1.050026e+01 3.842092e+00 4.683579e+00 5.000000e-02 1.113089e-01 8.357542e-01 3.378565e-01 8.030679e-01 1.374526e+00 5.040956e+00 9.582235e-01 1.105659e+00 1.096902e+00 7.413028e-01 3.875192e-01 1.821908e-01 5.000000e-02 5.000000e-02 1.594751e-01 1.842546e-01 1.950677e-01 4.548551e-01 2.621221e-01 2.583711e-01 3.401547e-01 3.614676e-01 1.377290e-01 9.299517e-02 5.435786e-02 5.000000e-02
<GCONST> 6.680929e+01
<STATE> 11
<MEAN> 39
 -4.810643e+00 -1.861833e+01 -1.678187e+01 -1.703159e+01 3.983747e+00 -6.655608e+00 5.552705e+00 -7.384765e-01 4.431103e+00 -5.650288e+00 -1.385979e+01 -3.783205e+00 9.011872e-01 3.293481e-02 -6.232463e-01 5.344114e-01 7.666242e-01 -1.163485e+00 -2.062380e+00 6.811883e-01 8.960391e-01 -1.202357e+00 -1.078226e+00 -2.281210e-01 1.016385e+00 -1.993980e-02 2.542953e-02 -4.453697e-01 3.302034e-01 3.777855e-02 -1.692075e-01 -7.167228e-01 1.178139e-01 1.182416e-01 7.012384e-01 4.774583e-01 3.917069e-01 -3.203207e-01 3.001524e-03
<VARIANCE> 39
 5.239875e+00 2.838174e+00 2.944646e+01 1.010828e+01 1.476058e+01 9.009898e+01 3.820142e+01 6.854025e+00 3.794360e+00 5.037329e+00 1.228369e+01 3.441781e+00 5.000000e-02 4.371576e-01 8.591509e-01 1.065214e+00 1.367187e+00 2.994805e+00 2.643789e+00 9.370303e-01 7.148662e-01 1.066149e+00 1.119933e+00 1.394133e+00 1.805852e-01 5.000000e-02 5.000000e-02 1.121074e-01 5.000000e-02 9.243227e-02 2.182700e-01 7.729143e-01 6.263508e-02 2.232557e-01 8.465116e-02 1.592474e-01 1.083323e-01 8.621717e-02 5.000000e-02
<GCONST> 6.481324e+01
<STATE> 12
<MEAN> 39
 -4.569026e+00 -2.088874e+01 -1.590553e+01 -1.427283e+01 1.079759e+00 -1.425034e+01 9.308882e+00 1.961508e+00 5.296370e+00 -7.180695e+00 -1.070278e+01 -1.226174e+00 8.580381e-01 1.100766e-01 -5.894907e-01 1.287899e+00 4.759458e-01 -2.234552e+00 -2.692896e+00 1.008004e+00 7.886533e-01 6.392884e-01 9.239877e-01 1.560487e+00 -3.012264e-01 -7.349722e-03 -1.923545e-03 2.949238e-01 3.163562e-01 -4.570186e-01 -1.441591e-01 3.926651e-01 -7.448131e-02 -2.556499e-01 5.295861e-02 7.503842e-01 9.585825e-02 -1.007694e+00 5.164460e-03
<VARIANCE> 39
 5.783701e+00 7.545174e+00 2.575476e+01 2.418655e+01 2.649000e+01 8.602902e+01 4.527043e+01 3.480959e+00 3.433259e+00 1.188177e+01 2.011243e+01 4.844743e+00 5.000000e-02 1.052826e-01 6.301705e-01 1.913438e-01 8.615077e-01 3.184919e-01 1.356315e+00 1.007296e+00 9.100854e-01 2.328732e-01 1.544079e+00 1.097154e+00 2.557980e+00 5.000000e-02 5.000000e-02 9.161368e-02 5.178099e-02 2.634583e-01 3.926554e-01 5.114335e-01 1.892373e-01 3.320929e-01 2.652129e-01 2.997419e-01 3.593201e-01 4.331477e-01 5.000000e-02
<GCONST> 7.010143e+01
<STATE> 13
<MEAN> 39
 -4.045910e+00 -2.083236e+01 -1.038883e+01 -1.695036e+01 -4.517817e+00 -1.801611e+01 9.116203e+00 2.734624e+00 5.957020e+00 -1.436306e+00 -8.301547e+00 -5.938225e+00 8.702517e-01 -9.927174e-02 5.909582e-01 1.930050e+00 -9.747824e-01 -1.045991e+00 -5.505977e-01 9.917440e-01 7.741070e-04 -7.419220e-01 1.292570e+00 1.787985e-01 -2.524838e+00 -5.996896e-03 -1.725215e-01 2.817294e-02 9.476728e-02 -2.476493e-01 6.846518e-01 9.216172e-01 -5.034289e-02 -5.260659e-01 -5.577569e-01 -2.374653e-01 -7.405812e-01 -2.968273e-02 -7.545310e-03
<VARIANCE> 39
 7.974027e+00 1.146292e+01 2.258093e+01 2.759728e+01 1.745764e+01 5.949754e+01 8.588960e+01 2.151998e+01 5.776351e+00 1.224918e+01 2.332815e+01 2.911430e+01 5.000000e-02 9.214208e-02 7.318242e-01 8.042783e-02 1.131425e+00 1.439841e+00 2.446219e+00 2.676798e+00 2.355523e+00 8.184659e-01 1.670938e+00 1.186906e+00 4.791010e+00 5.000000e-02 5.000000e-02 1.778261e-01 5.174917e-02 3.153800e-01 1.100938e-01 2.920350e-01 6.169881e-01 3.476016e-01 1.735395e-01 2.241609e-01 2.231733e-01 7.881517e-01 5.000000e-02
<GCONST> 8.014653e+01
<STATE> 14
<MEAN> 39
 -4.668194e+00 -2.028768e+01 -7.382814e+00 -1.844584e+01 -3.353482e+00 -1.718161e+01 1.394989e+01 1.184574e+00 1.595443e+00 -9.991162e-01 -9.098812e+00 -1.185266e+01 8.207647e-01 -4.604337e-01 -5.593538e-01 1.986704e+00 -1.020233e+00 3.206109e-01 9.957032e-01 9.189355e-02 -1.678142e+00 -1.380816e+00 4.600875e-01 -1.589343e+00 -5.328411e-01 -3.557247e-02 -1.834531e-01 -1.378774e-01 3.488408e-02 -1.161109e-01 1.111662e-01 1.331617e-01 -5.679273e-01 -1.179373e-01 6.052669e-01 2.847289e-01 1.720380e-02 1.278597e+00 -9.320438e-03
<VARIANCE> 39
 7.300537e+00 1.346723e+01 2.336096e+01 8.025465e+00 1.067610e+01 2.497029e+01 1.642730e+01 3.539979e+01 3.295218e+01 8.586982e+00 4.923222e+00 3.437357e+01 5.000000e-02 2.676609e-01 5.912396e-01 6.921529e-01 1.665386e+00 6.996880e-01 1.115108e+00 3.666704e+00 1.312759e+00 2.575103e+00 6.209904e-01 5.277892e-01 1.904228e+00 5.000000e-02 7.264613e-02 3.436703e-01 9.386986e-02 2.509649e-01 1.397961e-01 2.148659e-01 1.445359e-01 7.562204e-01 7.891299e-01 3.375273e-01 2.280435e-01 4.855493e-01 5.000000e-02
<GCONST> 7.865496e+01
<STATE> 15
<MEAN> 39
 -6.229119e+00 -2.168919e+01 -1.832319e+00 -2.132197e+01 -3.603402e+00 -1.475246e+01 1.063586e+01 -2.749664e+00 1.012977e+00 1.288647e+00 -1.381575e+01 -9.425012e+00 7.315406e-01 -9.181207e-01 8.860385e-02 1.767349e+00 -1.620193e+00 -3.055208e-01 5.258992e-01 -1.297523e+00 -6.826527e-01 1.130742e+00 2.563394e+00 6.910715e-02 2.456058e+00 -4.651772e-02 5.341647e-01 3.947919e-02 -8.565944e-01 5.887895e-01 -4.387927e-01 1.688885e-01 -5.051445e-01 5.473395e-01 6.028606e-01 -5.689553e-02 5.152586e-01 6.482508e-01 -7.178701e-03
<VARIANCE> 39
 1.023544e+01 1.327333e+01 2.525673e+01 1.779771e+01 7.909031e+00 5.424010e+01 2.337046e+01 1.701846e+01 3.067523e+01 7.071496e+00 7.761682e+00 9.517507e+00 5.000000e-02 1.064175e+00 1.734815e+00 1.278057e+00 6.861382e-01 4.824595e-01 1.657880e+00 1.123500e+00 3.661256e+00 4.673132e+00 8.484167e-01 1.873378e+00 9.379693e-01 5.000000e-02 1.873002e-01 2.960029e-01 2.313692e-01 6.252446e-01 1.172968e-01 4.220644e-01 6.902181e-01 3.821453e-01 5.559257e-01 3.904949e-01 1.711838e-01 2.293238e-01 5.000000e-02
<GCONST> 8.512348e+01
<STATE> 16
<MEAN> 39
 -7.472711e+00 -2.036839e+01 -1.383563e+00 -2.394035e+01 -5.101985e+00 -1.441071e+01 7.796250e+00 -2.694977e+00 4.936363e+00 7.772983e+00 -9.780184e+00 -1.886901e+00 6.143114e-01 1.960564e+00 -7.272325e-01 -1.175467e+00 1.592879e+00 -1.105532e+00 1.902544e+00 -1.629601e+00 1.555045e-01 1.316011e+00 -3.704900e-01 2.978640e-01 1.642040e+00 -6.395499e-02 8.869994e-01 -4.272464e-01 -7.855853e-01 1.434843e+00 -1.929437e-01 6.169258e-01 -4.724318e-02 1.846711e-01 -1.744495e-01 -1.444402e+00 -3.665275e-02 -8.842461e-01 -1.098957e-03
<VARIANCE> 39
 1.167467e+01 7.014825e+00 9.878962e+00 1.429266e+01 2.114560e+01 4.502320e+01 3.325866e+01 1.044077e+01 1.433627e+01 1.508161e+01 2.087141e+01 2.098395e+01 5.000000e-02 1.981938e+00 1.744285e+00 1.292240e+00 2.994047e+00 1.665828e+00 3.274036e+00 2.548156e+00 2.942907e+00 1.133739e+00 3.303777e+00 1.021810e+00 1.654530e+00 5.000000e-02 2.640302e-01 2.379668e-01 5.837103e-01 3.422281e-01 2.935344e-01 5.003179e-01 4.906808e-01 7.259895e-01 4.128487e-01 3.596846e-01 3.418063e-01 2.181595e-01 5.000000e-02
<GCONST> 9.253123e+01
<STATE> 17
<MEAN> 39
 6.249881e-01 -2.477946e+01 -5.887947e+00 -1.484539e+01 -9.289346e+00 -6.300567e+00 3.878855e+00 -1.231457e+00 7.935416e+00 4.084607e-01 -1.264854e+01 -2.902274e+00 4.728279e-01 2.331346e+00 -1.089461e+00 -2.134848e+00 4.217244e+00 -1.337744e+00 2.861569e+00 -1.881099e+00 6.666099e-01 6.368580e-01 -3.043651e+00 2.270664e-01 -6.819105e-01 -5.082823e-02 -4.026579e-01 4.621119e-01 -3.405945e-02 1.770694e-01 6.527933e-01 -6.819328e-01 5.236694e-01 1.063330e-02 -5.521430e-01 -1.776610e-01 3.381948e-01 -5.448053e-01 1.085942e-02
<VARIANCE> 39
 2.331397e+00 3.640381e+00 8.152962e+00 2.400247e+01 1.610318e+01 1.773063e+01 8.704422e+00 1.053943e+01 1.651154e+01 2.835239e+01 9.034386e+00 1.238534e+01 5.000000e-02 2.478755e-01 7.050029e-01 8.694620e-01 1.500702e+00 1.455607e+00 3.255765e+00 2.687936e+00 2.508860e+00 3.111836e-01 1.394274e+00 1.784751e+00 2.362403e+00 5.000000e-02 2.058767e-01 8.129951e-02 1.242310e-01 6.102803e-01 4.497466e-01 6.407066e-01 3.077243e-01 3.844920e-01 1.601256e-01 5.510732e-01 1.291656e-01 1.530530e-01 5.000000e-02
<GCONST> 7.733527e+01
<STATE> 18
<MEAN> 39
 2.034308e+00 -2.399938e+01 -9.287180e+00 -8.442512e+00 -7.749815e+00 -5.266064e+00 2.572012e+00 -1.098552e+00 6.074229e+00 -3.313391e+00 -8.573545e+00 -3.555750e+00 4.039038e-01 4.737831e-01 6.694531e-01 -1.116889e+00 2.193156e+00 9.976799e-01 -4.123443e-01 4.515694e-02 6.572840e-02 -9.930888e-01 -7.733731e-01 8.879723e-01 -4.737740e-01 -2.606011e-02 -5.351926e-01 4.346796e-01 3.774208e-01 -6.278970e-01 4.478468e-01 -7.277839e-01 3.979388e-01 8.420493e-02 -1.535756e-01 9.107764e-01 6.297852e-02 9.873867e-02 6.065688e-03
<VARIANCE> 39
 2.765719e+00 8.338527e+00 2.241376e+01 4.978673e+00 7.605757e+00 1.030396e+01 1.280343e+01 2.499579e+01 6.879732e+00 6.128635e+00 9.308443e+00 6.029273e+00 5.000000e-02 5.028329e-01 1.029026e+00 6.598250e-01 2.106835e+00 1.595029e+00 1.353572e+00 7.100205e-01 1.189483e+00 7.388847e-01 1.673177e+00 7.542513e-01 3.743149e-01 5.000000e-02 1.171845e-01 1.053437e-01 2.766581e-01 1.752949e-01 2.488745e-01 3.584689e-01 3.363737e-01 3.813176e-01 1.535291e-01 1.438528e-01 1.669914e-01 1.760946e-01 5.000000e-02
<GCONST> 6.843008e+01
<STATE> 19
<MEAN> 39
 2.375696e+00 -2.214091e+01 -1.028090e+01 -4.045281e+00 -5.357754e+00 -7.692865e+00 3.416144e+00 1.691907e-02 4.640122e+00 -2.074190e+00 -7.675275e+00 -5.477684e+00 3.537345e-01 -7.877424e-02 7.019426e-01 8.408674e-02 1.157223e+00 8.892093e-01 -6.052574e-01 2.764862e-01 8.215773e-01 2.426281e-01 8.244847e-01 1.226338e+00 -2.177109e-01 -2.242249e-02 -1.558356e-01 -6.055977e-02 3.795285e-01 -4.082222e-01 -6.478561e-02 2.097802e-01 -1.433216e-01 -1.444995e-01 2.261161e-01 2.824127e-02 -1.325869e-02 1.144986e-01 5.042881e-04
<VARIANCE> 39
 3.566789e+00 1.092263e+01 1.585091e+01 3.965544e+00 1.051872e+01 1.013157e+01 1.645770e+00 9.736390e+00 9.717156e+00 8.927507e+00 3.022777e+00 8.603247e+00 5.000000e-02 4.136881e-01 7.380524e-01 1.114061e+00 3.543859e-01 3.697295e-01 1.161537e+00 5.332854e-01 9.469785e-01 6.814852e-01 6.473528e-01 6.704643e-01 4.270107e-01 5.000000e-02 8.746038e-02 1.761628e-01 8.992960e-02 1.297602e-01 1.778929e-01 2.342324e-01 8.217470e-02 1.988316e-01 1.303141e-01 4.043624e-01 8.566284e-02 8.372866e-02 5.000000e-02
<GCONST> 5.614771e+01
<STATE> 20
<MEAN> 39
 2.318399e+00 -1.985019e+01 -9.476852e+00 -2.661261e+00 -3.267564e+00 -9.119912e+00 2.847812e+00 6.125189e-01 5.499467e+00 -2.873138e-01 -2.036685e+00 -4.862451e+00 2.926917e-01 -2.459145e-01 6.998039e-01 5.396098e-01 3.319228e-01 1.171832e+00 4.694806e-01 -2.394059e-01 -5.816417e-01 -1.489599e-01 -3.753117e-01 2.072402e-01 1.469227e-01 -1.943309e-02 -7.861115e-02 2.802672e-02 -2.675231e-02 -2.405827e-01 -8.127277e-02 3.017787e-01 9.995198e-03 -1.330430e-01 -1.358725e-01 -3.629475e-01 -6.083623e-01 -1.013232e-02 9.052920e-04
<VARIANCE> 39
 2.948842e+00 6.792627e+00 1.425682e+01 4.605372e+00 1.271171e+01 6.028935e+00 9.958510e+00 7.572238e+00 5.293562e+00 3.612624e+00 4.012588e+00 7.557184e+00 5.000000e-02 2.080386e-01 5.273649e-01 1.981570e-01 1.814329e-01 1.221976e+00 8.670872e-01 2.897707e-01 9.842981e-01 8.110388e-01 1.548608e+00 9.059492e-01 4.894668e-01 5.000000e-02 5.000000e-02 9.276300e-02 1.602921e-01 9.798342e-02 1.245994e-01 2.136618e-01 2.242671e-01 3.691412e-01 2.406083e-01 2.813584e-01 6.129117e-02 1.161993e-01 5.000000e-02
<GCONST> 5.429726e+01
<STATE> 21
<MEAN> 39
 4.203210e-01 -1.928495e+01 -9.309593e+00 -2.537568e+00 -6.656456e-01 -5.751194e+00 5.288319e+00 2.168639e+00 6.078523e+00 -1.638837e+00 -6.024554e+00 -4.943986e+00 2.358090e-01 -2.583754e-01 1.059886e+00 4.559487e-01 7.680415e-02 1.157891e-01 3.626139e-01 -2.016133e-01 -1.215642e-01 -5.343768e-01 -3.730285e-01 -2.537470e-01 2.276237e-01 -2.035723e-02 9.049072e-02 9.845901e-02 -8.530067e-02 -1.405261e-01 -1.925365e-01 -2.015236e-01 -3.982350e-01 -2.353234e-01 -3.422658e-01 -2.316901e-01 1.645907e-01 -8.742625e-03 9.986942e-04
<VARIANCE> 39
 3.382608e+00 1.176701e+01 1.050141e+01 6.552221e+00 1.512722e+01 3.769782e+00 9.284185e+00 1.501055e+01 1.613663e+01 1.460382e+01 1.119299e+01 6.577347e+00 5.000000e-02 6.471809e-01 5.752230e-01 4.667879e-01 4.164650e-01 9.178529e-01 6.189325e-01 2.503876e+00 2.138891e+00 1.455645e+00 2.089059e+00 3.563726e-01 6.627995e-01 5.000000e-02 1.075932e-01 1.336905e-01 6.830917e-02 1.454091e-01 3.632388e-01 7.124991e-02 4.448985e-01 5.168706e-01 2.971650e-01 3.481571e-01 1.220904e-01 9.366279e-02 5.000000e-02
<GCONST> 6.678564e+01
<STATE> 22
<MEAN> 39
 1.527014e+00 -1.626441e+01 -8.119844e+00 -2.949383e+00 -1.977719e+00 -6.654111e+00 1.568504e+00 -1.465148e+00 2.198461e+00 -4.612535e+00 -4.686350e+00 -5.427841e+00 2.410745e-01 -4.113838e-01 3.453412e-01 -4.689474e-01 -4.297721e-01 3.791068e-01 1.692941e-01 -1.478190e-01 3.770834e-01 -4.023367e-01 -5.548609e-01 6.892523e-01 -1.202958e-01 -1.914756e-02 -1.219870e-01 -1.825010e-01 4.249447e-02 2.911052e-02 3.956247e-04 1.240816e-01 2.323699e-01 2.754229e-01 2.232201e-01 3.801914e-01 9.526221e-02 9.389086e-02 -1.979389e-03
<VARIANCE> 39
 3.063820e+00 4.390518e+00 1.003994e+01 4.797812e+00 5.516903e+00 9.324365e+00 7.608247e+00 1.193317e+01 5.561313e+00 1.070515e+01 1.497852e+00 7.410423e+00 5.000000e-02 4.896842e-01 8.178077e-01 1.183228e+00 1.175557e+00 1.263816e+00 9.979332e-01 2.815584e+00 2.273794e+00 1.249099e+00 1.592170e+00 1.200537e+00 8.405733e-01 5.000000e-02 7.714023e-02 1.228718e-01 1.816450e-01 1.444327e-01 3.332116e-01 4.089893e-01 1.537383e-01 2.458262e-01 7.855123e-02 2.825809e-01 1.523080e-01 1.707989e-01 5.000000e-02
<GCONST> 6.528151e+01
<STATE> 23
<MEAN> 39
 -2.834693e-01 -1.485943e+01 -7.519048e+00 -2.443308e+00 7.939751e-01 -6.197787e+00 5.658844e-01 3.715568e-01 1.644827e+00 -3.543386e+00 -2.645039e+00 -4.311649e+00 1.558191e-01 -5.169278e-01 8.307395e-01 8.646381e-01 5.470542e-02 1.960810e-01 2.543879e-01 -3.122338e-01 -1.400473e-01 -1.493335e-01 6.112974e-01 4.208571e-01 1.440537e-02 -2.406671e-02 -2.013649e-01 -2.307997e-02 7.804773e-02 -6.657102e-02 -1.953943e-01 1.554977e-01 2.635703e-01 3.800289e-02 4.222720e-01 2.657208e-01 -2.092760e-01 1.428241e-01 -7.582736e-03
<VARIANCE> 39
 2.444397e+00 1.077598e+01 1.079425e+01 7.505550e+00 1.712772e+01 3.026337e+00 1.561175e+01 6.824020e+00 7.534115e+00 1.148821e+01 5.464342e+00 4.384952e+00 5.000000e-02 2.997478e-01 4.039334e-01 5.664139e-01 6.089701e-01 1.751901e+00 2.111665e+00 1.605032e+00 8.939038e-01 1.559770e+00 1.830956e+00 4.639287e-01 7.180693e-01 5.000000e-02 9.957632e-02 1.550075e-01 1.995064e-01 1.827478e-01 2.969044e-01 6.286818e-02 4.680778e-01 3.720798e-01 3.457187e-01 4.511659e-01 1.286480e-01 5.000000e-02 5.000000e-02
<GCONST> 6.493712e+01
<STATE> 24
<MEAN> 39
 -1.852899e+00 -1.419876e+01 -6.893639e+00 -4.118237e+00 -1.637599e+00 -5.159196e+00 7.815000e-01 5.247124e-01 4.215255e+00 -3.040032e+00 -4.374926e+00 -4.826618e+00 9.453224e-02 -1.091267e+00 4.817063e-01 3.374631e-01 -1.073285e-01 -2.464700e-01 4.540280e-01 7.968123e-02 -3.424960e-02 2.229048e-01 2.335216e-01 -2.214081e-01 6.471972e-01 -5.162909e-02 -9.655121e-02 8.771380e-02 1.464583e-01 1.619027e-01 6.415211e-02 -4.733103e-02 1.636226e-01 -8.443902e-02 -1.680768e-01 3.882089e-02 2.370275e-01 8.561467e-02 -2.126103e-03
<VARIANCE> 39
 3.956748e+00 4.097072e+00 9.988083e+00 3.090604e+00 9.783278e+00 2.105370e+01 1.590344e+01 8.256801e+00 1.063306e+01 6.095641e+00 1.390782e+01 4.615691e+00 5.000000e-02 3.118764e-01 8.157852e-01 7.773705e-01 3.900538e-01 9.176793e-01 1.058303e+00 7.092338e-01 6.543612e-01 1.923173e+00 7.541908e-01 9.930755e-01 2.637190e-01 5.000000e-02 7.324204e-02 1.249035e-01 1.932236e-01 7.959234e-02 2.362522e-01 4.963319e-01 3.051854e-01 2.649581e-01 2.318697e-01 1.763915e-01 3.196153e-01 1.220451e-01 5.000000e-02
<GCONST> 6.314936e+01
<STATE> 25
<MEAN> 39
 -4.983847e+00 -1.270021e+01 -5.578527e+00 -2.885116e+00 -2.653302e-01 -2.410986e+00 3.647303e+00 -6.679022e-01 2.050386e+00 -1.016076e+00 -2.458720e+00 -1.606778e+00 -4.030381e-02 -8.560592e-01 7.591941e-01 9.486964e-01 5.032597e-01 4.290080e-01 2.776145e-01 1.751361e-01 -6.633298e-01 -2.761978e-01 2.407439e-01 7.163484e-01 4.683769e-01 -3.140959e-02 4.330779e-01 4.082286e-02 1.136011e-01 1.165479e-01 1.935962e-01 -2.839673e-01 -1.046950e-01 2.410839e-02 -1.170005e-01 -3.619512e-01 7.090905e-02 -4.193876e-01 1.916819e-02
<VARIANCE> 39
 3.738503e-01 1.812107e+00 1.047782e+00 1.195097e+00 1.753698e+00 5.792243e+00 7.012769e+00 1.232955e+01 2.564293e+01 7.761306e+00 1.295590e+01 1.700269e+00 5.000000e-02 4.417315e-01 3.947977e-01 6.368202e-01 7.357038e-01 9.862297e-01 1.652378e+00 2.913010e+00 3.255611e+00 2.239523e+00 1.346330e+00 1.844087e+00 5.625252e-01 5.000000e-02 5.433849e-02 6.157620e-02 1.354925e-01 5.000000e-02 5.000000e-02 1.777044e-01 2.298893e-01 3.563308e-01 4.371878e-01 1.581573e-01 1.532869e-01 9.000914e-02 5.000000e-02
<GCONST> 5.418799e+01
<TRANSP> 26
 0.000000e+00 1.000000e+00 0.000000e+00 0.000000e+00 0.000000e+00 0.000000e+00 0.000000e+00 0.000000e+00 0.000000e+00 0.000000e+00 0.000000e+00 0.000000e+00 0.000000e+00 0.000000e+00 0.000000e+00 0.000000e+00 0.000000e+00 0.000000e+00 0.000000e+00 0.000000e+00 0.000000e+00 0.000000e+00 0.000000e+00 0.000000e+00 0.000000e+00 0.000000e+00
 0.000000e+00 7.058875e-01 2.941125e-01 0.000000e+00 0.000000e+00 0.000000e+00 0.000000e+00 0.000000e+00 0.000000e+00 0.000000e+00 0.000000e+00 0.000000e+00 0.000000e+00 0.000000e+00 0.000000e+00 0.000000e+00 0.000000e+00 0.000000e+00 0.000000e+00 0.000000e+00 0.000000e+00 0.000000e+00 0.000000e+00 0.000000e+00 0.000000e+00 0.000000e+00
 0.000000e+00 0.000000e+00 4.448234e-01 5.551766e-01 0.000000e+00 0.000000e+00 0.000000e+00 0.000000e+00 0.000000e+00 0.000000e+00 0.000000e+00 0.000000e+00 0.000000e+00 0.000000e+00 0.000000e+00 0.000000e+00 0.000000e+00 0.000000e+00 0.000000e+00 0.000000e+00 0.000000e+00 0.000000e+00 0.000000e+00 0.000000e+00 0.000000e+00 0.000000e+00
 0.000000e+00 0.000000e+00 0.000000e+00 5.451937e-01 4.548064e-01 0.000000e+00 0.000000e+00 0.000000e+00 0.000000e+00 0.000000e+00 0.000000e+00 0.000000e+00 0.000000e+00 0.000000e+00 0.000000e+00 0.000000e+00 0.000000e+00 0.000000e+00 0.000000e+00 0.000000e+00 0.000000e+00 0.000000e+00 0.000000e+00 0.000000e+00 0.000000e+00 0.000000e+00
 0.000000e+00 0.000000e+00 0.000000e+00 0.000000e+00 4.444554e-01 5.555446e-01 0.000000e+00 0.000000e+00 0.000000e+00 0.000000e+00 0.000000e+00 0.000000e+00 0.000000e+00 0.000000e+00 0.000000e+00 0.000000e+00 0.000000e+00 0.000000e+00 0.000000e+00 0.000000e+00 0.000000e+00 0.000000e+00 0.000000e+00 0.000000e+00 0.000000e+00 0.000000e+00
 0.000000e+00 0.000000e+00 0.000000e+00 0.000000e+00 0.000000e+00 5.833212e-01 4.166788e-01 0.000000e+00 0.000000e+00 0.000000e+00 0.000000e+00 0.000000e+00 0.000000e+00 0.000000e+00 0.000000e+00 0.000000e+00 0.000000e+00 0.000000e+00 0.000000e+00 0.000000e+00 0.000000e+00 0.000000e+00 0.000000e+00 0.000000e+00 0.000000e+00 0.000000e+00
 0.000000e+00 0.000000e+00 0.000000e+00 0.000000e+00 0.000000e+00 0.000000e+00 6.428543e-01 3.571458e-01 0.000000e+00 0.000000e+00 0.000000e+00 0.000000e+00 0.000000e+00 0.000000e+00 0.000000e+00 0.000000e+00 0.000000e+00 0.000000e+00 0.000000e+00 0.000000e+00 0.000000e+00 0.000000e+00 0.000000e+00 0.000000e+00 0.000000e+00 0.000000e+00
 0.000000e+00 0.000000e+00 0.000000e+00 0.000000e+00 0.000000e+00 0.000000e+00 0.000000e+00 5.454214e-01 4.545786e-01 0.000000e+00 0.000000e+00 0.000000e+00 0.000000e+00 0.000000e+00 0.000000e+00 0.000000e+00 0.000000e+00 0.000000e+00 0.000000e+00 0.000000e+00 0.000000e+00 0.000000e+00 0.000000e+00 0.000000e+00 0.000000e+00 0.000000e+00
 0.000000e+00 0.000000e+00 0.000000e+00 0.000000e+00 0.000000e+00 0.000000e+00 0.000000e+00 0.000000e+00 5.454718e-01 4.545282e-01 0.000000e+00 0.000000e+00 0.000000e+00 0.000000e+00 0.000000e+00 0.000000e+00 0.000000e+00 0.000000e+00 0.000000e+00 0.000000e+00 0.000000e+00 0.000000e+00 0.000000e+00 0.000000e+00 0.000000e+00 0.000000e+00
 0.000000e+00 0.000000e+00 0.000000e+00 0.000000e+00 0.000000e+00 0.000000e+00 0.000000e+00 0.000000e+00 0.000000e+00 5.533952e-01 4.466049e-01 0.000000e+00 0.000000e+00 0.000000e+00 0.000000e+00 0.000000e+00 0.000000e+00 0.000000e+00 0.000000e+00 0.000000e+00 0.000000e+00 0.000000e+00 0.000000e+00 0.000000e+00 0.000000e+00 0.000000e+00
 0.000000e+00 0.000000e+00 0.000000e+00 0.000000e+00 0.000000e+00 0.000000e+00 0.000000e+00 0.000000e+00 0.000000e+00 0.000000e+00 4.385398e-01 5.614603e-01 0.000000e+00 0.000000e+00 0.000000e+00 0.000000e+00 0.000000e+00 0.000000e+00 0.000000e+00 0.000000e+00 0.000000e+00 0.000000e+00 0.000000e+00 0.000000e+00 0.000000e+00 0.000000e+00
 0.000000e+00 0.000000e+00 0.000000e+00 0.000000e+00 0.000000e+00 0.000000e+00 0.000000e+00 0.000000e+00 0.000000e+00 0.000000e+00 0.000000e+00 5.797930e-01 4.202071e-01 0.000000e+00 0.000000e+00 0.000000e+00 0.000000e+00 0.000000e+00 0.000000e+00 0.000000e+00 0.000000e+00 0.000000e+00 0.000000e+00 0.000000e+00 0.000000e+00 0.000000e+00
 0.000000e+00 0.000000e+00 0.000000e+00 0.000000e+00 0.000000e+00 0.000000e+00 0.000000e+00 0.000000e+00 0.000000e+00 0.000000e+00 0.000000e+00 0.000000e+00 5.833739e-01 4.166261e-01 0.000000e+00 0.000000e+00 0.000000e+00 0.000000e+00 0.000000e+00 0.000000e+00 0.000000e+00 0.000000e+00 0.000000e+00 0.000000e+00 0.000000e+00 0.000000e+00
 0.000000e+00 0.000000e+00 0.000000e+00 0.000000e+00 0.000000e+00 0.000000e+00 0.000000e+00 0.000000e+00 0.000000e+00 0.000000e+00 0.000000e+00 0.000000e+00 0.000000e+00 5.452816e-01 4.547184e-01 0.000000e+00 0.000000e+00 0.000000e+00 0.000000e+00 0.000000e+00 0.000000e+00 0.000000e+00 0.000000e+00 0.000000e+00 0.000000e+00 0.000000e+00
 0.000000e+00 0.000000e+00 0.000000e+00 0.000000e+00 0.000000e+00 0.000000e+00 0.000000e+00 0.000000e+00 0.000000e+00 0.000000e+00 0.000000e+00 0.000000e+00 0.000000e+00 0.000000e+00 5.002012e-01 4.997989e-01 0.000000e+00 0.000000e+00 0.000000e+00 0.000000e+00 0.000000e+00 0.000000e+00 0.000000e+00 0.000000e+00 0.000000e+00 0.000000e+00
 0.000000e+00 0.000000e+00 0.000000e+00 0.000000e+00 0.000000e+00 0.000000e+00 0.000000e+00 0.000000e+00 0.000000e+00 0.000000e+00 0.000000e+00 0.000000e+00 0.000000e+00 0.000000e+00 0.000000e+00 5.454481e-01 4.545520e-01 0.000000e+00 0.000000e+00 0.000000e+00 0.000000e+00 0.000000e+00 0.000000e+00 0.000000e+00 0.000000e+00 0.000000e+00
 0.000000e+00 0.000000e+00 0.000000e+00 0.000000e+00 0.000000e+00 0.000000e+00 0.000000e+00 0.000000e+00 0.000000e+00 0.000000e+00 0.000000e+00 0.000000e+00 0.000000e+00 0.000000e+00 0.000000e+00 0.000000e+00 4.444409e-01 5.555592e-01 0.000000e+00 0.000000e+00 0.000000e+00 0.000000e+00 0.000000e+00 0.000000e+00 0.000000e+00 0.000000e+00
 0.000000e+00 0.000000e+00 0.000000e+00 0.000000e+00 0.000000e+00 0.000000e+00 0.000000e+00 0.000000e+00 0.000000e+00 0.000000e+00 0.000000e+00 0.000000e+00 0.000000e+00 0.000000e+00 0.000000e+00 0.000000e+00 0.000000e+00 6.125879e-01 3.874121e-01 0.000000e+00 0.000000e+00 0.000000e+00 0.000000e+00 0.000000e+00 0.000000e+00 0.000000e+00
 0.000000e+00 0.000000e+00 0.000000e+00 0.000000e+00 0.000000e+00 0.000000e+00 0.000000e+00 0.000000e+00 0.000000e+00 0.000000e+00 0.000000e+00 0.000000e+00 0.000000e+00 0.000000e+00 0.000000e+00 0.000000e+00 0.000000e+00 0.000000e+00 6.180236e-01 3.819764e-01 0.000000e+00 0.000000e+00 0.000000e+00 0.000000e+00 0.000000e+00 0.000000e+00
 0.000000e+00 0.000000e+00 0.000000e+00 0.000000e+00 0.000000e+00 0.000000e+00 0.000000e+00 0.000000e+00 0.000000e+00 0.000000e+00 0.000000e+00 0.000000e+00 0.000000e+00 0.000000e+00 0.000000e+00 0.000000e+00 0.000000e+00 0.000000e+00 0.000000e+00 4.463187e-01 5.536813e-01 0.000000e+00 0.000000e+00 0.000000e+00 0.000000e+00 0.000000e+00
 0.000000e+00 0.000000e+00 0.000000e+00 0.000000e+00 0.000000e+00 0.000000e+00 0.000000e+00 0.000000e+00 0.000000e+00 0.000000e+00 0.000000e+00 0.000000e+00 0.000000e+00 0.000000e+00 0.000000e+00 0.000000e+00 0.000000e+00 0.000000e+00 0.000000e+00 0.000000e+00 6.020910e-01 3.979090e-01 0.000000e+00 0.000000e+00 0.000000e+00 0.000000e+00
 0.000000e+00 0.000000e+00 0.000000e+00 0.000000e+00 0.000000e+00 0.000000e+00 0.000000e+00 0.000000e+00 0.000000e+00 0.000000e+00 0.000000e+00 0.000000e+00 0.000000e+00 0.000000e+00 0.000000e+00 0.000000e+00 0.000000e+00 0.000000e+00 0.000000e+00 0.000000e+00 0.000000e+00 5.595101e-01 4.404899e-01 0.000000e+00 0.000000e+00 0.000000e+00
 0.000000e+00 0.000000e+00 0.000000e+00 0.000000e+00 0.000000e+00 0.000000e+00 0.000000e+00 0.000000e+00 0.000000e+00 0.000000e+00 0.000000e+00 0.000000e+00 0.000000e+00 0.000000e+00 0.000000e+00 0.000000e+00 0.000000e+00 0.000000e+00 0.000000e+00 0.000000e+00 0.000000e+00 0.000000e+00 5.478162e-01 4.521838e-01 0.000000e+00 0.000000e+00
 0.000000e+00 0.000000e+00 0.000000e+00 0.000000e+00 0.000000e+00 0.000000e+00 0.000000e+00 0.000000e+00 0.000000e+00 0.000000e+00 0.000000e+00 0.000000e+00 0.000000e+00 0.000000e+00 0.000000e+00 0.000000e+00 0.000000e+00 0.000000e+00 0.000000e+00 0.000000e+00 0.000000e+00 0.000000e+00 0.000000e+00 5.454434e-01 4.545566e-01 0.000000e+00
 0.000000e+00 0.000000e+00 0.000000e+00 0.000000e+00 0.000000e+00 0.000000e+00 0.000000e+00 0.000000e+00 0.000000e+00 0.000000e+00 0.000000e+00 0.000000e+00 0.000000e+00 0.000000e+00 0.000000e+00 0.000000e+00 0.000000e+00 0.000000e+00 0.000000e+00 0.000000e+00 0.000000e+00 0.000000e+00 0.000000e+00 0.000000e+00 4.444381e-01 5.555618e-01
 0.000000e+00 0.000000e+00 0.000000e+00 0.000000e+00 0.000000e+00 0.000000e+00 0.000000e+00 0.000000e+00 0.000000e+00 0.000000e+00 0.000000e+00 0.000000e+00 0.000000e+00 0.000000e+00 0.000000e+00 0.000000e+00 0.000000e+00 0.000000e+00 0.000000e+00 0.000000e+00 0.000000e+00 0.000000e+00 0.000000e+00 0.000000e+00 0.000000e+00 0.000000e+00
<ENDHMM>
