~o
<STREAMINFO> 1 39
<VECSIZE> 39<NULLD><MFCC_E_D_A><DIAGC>
~h "Tru*o*c"
<BEGINHMM>
<NUMSTATES> 5
<STATE> 2
<MEAN> 39
 -8.818914e+00 -8.197212e+00 2.126950e+00 -5.359716e+00 9.376368e-01 -5.430313e-01 -3.169702e+00 -1.652107e+00 3.112867e+00 -6.169830e+00 3.524933e+00 2.911622e-01 1.002224e-01 -5.746833e-01 -7.846583e-02 -1.604235e-01 -8.690962e-01 -6.261957e-01 -5.216694e-01 -1.692360e-01 1.125589e-01 -9.851845e-02 -1.610637e-01 2.143435e-01 -2.353042e-01 5.055813e-02 1.754423e-01 -1.779659e-01 -6.562940e-02 -1.425451e-01 -2.463668e-01 -3.667248e-01 1.236811e-01 2.079321e-01 1.609692e-01 7.080926e-02 -6.134628e-02 -3.480505e-02 7.785488e-03
<VARIANCE> 39
 3.109687e+01 6.674458e+00 6.853266e+00 2.491222e+01 9.937593e+00 2.011663e+01 1.749935e+01 1.272995e+01 2.122008e+01 2.096715e+01 1.064218e+01 1.311243e+01 6.035594e-02 3.109340e+00 6.204743e-01 9.496892e-01 2.970853e+00 2.922396e+00 4.341871e+00 1.835039e+00 1.925281e+00 1.589473e+00 1.729490e+00 1.125999e+00 1.132245e+00 5.000000e-02 9.842894e-01 2.337635e-01 1.477256e-01 4.528283e-01 3.323500e-01 8.033580e-01 4.530981e-01 4.968196e-01 3.221687e-01 5.793133e-01 2.636280e-01 2.189073e-01 5.000000e-02
<GCONST> 9.032877e+01
<STATE> 3
<MEAN> 39
 -3.088450e+00 -1.854730e+01 -9.222095e+00 -1.810604e+01 -2.951459e+00 -1.178185e+01 -3.749799e+00 6.620092e+00 8.391294e+00 4.105407e+00 -6.463013e+00 -6.120963e+00 8.819178e-01 8.935835e-01 -4.572379e-01 -4.283652e-01 3.308880e-01 1.671757e-01 -2.940176e-02 -1.504771e-01 1.715236e-01 2.864757e-01 3.245787e-01 -5.048967e-01 -1.218852e-01 -7.050163e-03 -9.694599e-02 8.622430e-02 6.152449e-03 1.825203e-01 9.774640e-02 1.957043e-01 -3.382829e-02 -1.605823e-01 -6.564970e-02 -8.365315e-02 8.758010e-02 6.081180e-02 -8.048574e-03
<VARIANCE> 39
 1.287474e+01 1.296449e+01 3.994413e+01 2.132430e+01 4.554461e+01 7.044606e+01 3.750339e+01 2.211581e+01 2.794286e+01 2.707713e+01 5.045071e+01 3.648025e+01 5.000000e-02 1.713335e+00 2.643238e+00 1.899526e+00 3.653975e+00 4.119922e+00 5.760905e+00 3.264764e+00 3.336270e+00 4.727593e+00 3.520873e+00 3.211716e+00 3.271940e+00 5.000000e-02 2.571142e-01 3.110022e-01 3.121080e-01 5.037335e-01 1.026114e+00 7.414536e-01 6.229175e-01 4.574792e-01 8.760283e-01 5.214173e-01 3.887931e-01 5.228698e-01 5.000000e-02
<GCONST> 1.093811e+02
<STATE> 4
<MEAN> 39
 8.720323e-01 -1.507751e+01 -7.868746e+00 -4.282897e+00 -2.257204e+00 -9.177299e+00 -1.600526e+00 1.757217e+00 7.912174e+00 4.440709e-02 -1.657249e+00 -4.938416e+00 2.681628e-01 -4.892721e-01 5.112738e-01 4.689133e-01 3.043032e-01 2.704225e-01 3.314410e-01 2.214778e-01 -1.634274e-01 -2.175395e-02 -7.260931e-02 3.197958e-01 1.091914e-01 -2.797963e-02 -1.735356e-02 4.462123e-02 4.731328e-02 -8.935137e-02 7.357822e-02 3.948627e-02 -6.441865e-02 2.819867e-03 -5.036625e-02 2.047783e-02 -6.761000e-02 -4.389492e-02 2.530967e-03
<VARIANCE> 39
 1.281274e+01 1.668014e+01 1.545960e+01 7.956543e+00 1.467312e+01 1.728760e+01 1.438848e+01 1.297885e+01 1.768266e+01 9.840192e+00 8.754642e+00 7.308750e+00 5.000000e-02 4.450291e-01 7.244285e-01 1.241511e+00 7.825476e-01 1.030215e+00 1.472627e+00 1.849205e+00 2.066339e+00 1.824775e+00 1.385777e+00 1.116331e+00 8.375627e-01 5.000000e-02 1.240948e-01 1.592908e-01 2.453399e-01 1.730627e-01 2.150622e-01 3.095831e-01 4.150824e-01 4.368522e-01 3.988654e-01 2.833771e-01 2.399625e-01 1.809852e-01 5.000000e-02
<GCONST> 7.759089e+01
<TRANSP> 5
 0.000000e+00 1.000000e+00 0.000000e+00 0.000000e+00 0.000000e+00
 0.000000e+00 9.315044e-01 6.849564e-02 0.000000e+00 0.000000e+00
 0.000000e+00 0.000000e+00 9.534085e-01 4.659146e-02 0.000000e+00
 0.000000e+00 0.000000e+00 0.000000e+00 9.482852e-01 5.171480e-02
 0.000000e+00 0.000000e+00 0.000000e+00 0.000000e+00 0.000000e+00
<ENDHMM>
