~o
<STREAMINFO> 1 39
<VECSIZE> 39<NULLD><MFCC_E_D_A><DIAGC>
~h "Tu*o*i"
<BEGINHMM>
<NUMSTATES> 28
<STATE> 2
<MEAN> 39
 -5.939350e+00 -9.139697e+00 -1.385240e+00 -1.458832e+00 1.402401e+00 -5.609892e+00 2.619073e+00 -9.189034e-01 2.661259e-01 -2.165628e+00 2.529241e+00 -2.176015e+00 1.749842e-02 -7.112520e-01 1.993832e-02 -7.676982e-01 -1.449561e-01 -4.962274e-01 -3.402607e-01 6.551616e-01 5.383493e-01 4.629707e-01 -2.809935e-01 -3.223234e-01 -3.098609e-01 4.602308e-02 -1.613860e-01 -1.282311e-01 -7.798986e-01 -6.185605e-01 -4.750091e-01 -6.509164e-01 -2.654180e-02 1.440872e-01 4.308677e-01 -3.259259e-01 -1.574172e-01 2.063149e-01 4.951252e-02
<VARIANCE> 39
 9.769754e-01 2.413755e+00 2.230430e+00 2.771327e+00 9.523952e+00 7.488497e+00 4.523577e+00 6.944665e+00 1.007891e+01 1.046824e+01 9.533488e+00 6.274522e+00 5.000000e-02 1.237312e+00 1.690378e-01 2.293358e+00 1.048920e+00 1.988281e+00 4.424933e+00 6.090751e-01 9.729199e-01 8.460943e-01 1.116873e+00 1.631837e+00 1.106940e+00 5.000000e-02 1.785960e-01 6.212632e-02 3.004912e-01 2.399024e-01 2.107148e-01 8.247930e-01 2.056330e-01 2.175799e-01 3.403390e-01 2.159724e-01 1.486292e-01 2.095973e-01 5.000000e-02
<GCONST> 6.526594e+01
<STATE> 3
<MEAN> 39
 -9.437819e+00 -9.093418e+00 -4.839036e+00 -2.831823e+00 1.588347e+00 -3.993815e+00 4.114265e+00 -6.194597e-01 1.496510e+00 -5.796767e+00 1.923356e+00 -2.259789e+00 2.406231e-01 -7.401463e-01 -9.242707e-01 -2.999226e+00 -3.154785e+00 -2.168357e+00 -3.073826e+00 -4.428622e-01 1.126514e+00 2.234642e+00 -1.550680e+00 -6.422563e-01 7.472563e-01 2.124362e-01 5.455397e-01 -5.442617e-01 -3.842817e-01 -7.589800e-01 -7.207167e-01 -1.365156e+00 -6.215047e-01 1.567823e-01 7.241786e-01 6.779519e-01 -3.950847e-01 2.703781e-01 3.633304e-02
<VARIANCE> 39
 2.116110e+01 4.568670e+00 2.949425e+01 2.185014e+01 1.375549e+01 3.875444e+01 1.350007e+01 3.062245e+01 1.718048e+01 1.885559e+01 2.220146e+01 2.634535e+01 5.000000e-02 8.637909e-01 5.505890e-01 2.139306e+00 7.770755e-01 1.775706e+00 6.440238e+00 1.857466e+00 2.311102e+00 1.864918e+00 2.115926e+00 7.044683e-01 1.186515e+00 5.000000e-02 2.190538e-01 5.000000e-02 1.757438e-01 5.068147e-01 5.282449e-01 7.574347e-01 5.000000e-02 3.253424e-01 2.163244e-01 5.508422e-01 5.040764e-01 1.924016e-01 5.000000e-02
<GCONST> 8.660947e+01
<STATE> 4
<MEAN> 39
 -7.460034e+00 -1.159218e+01 -1.233125e+01 -1.213185e+01 -8.215116e+00 -1.840660e+01 1.617770e+00 3.516893e+00 8.098980e+00 -6.701757e+00 -4.433541e-01 3.550739e-01 7.697927e-01 9.591939e-01 -1.651945e+00 -2.369233e+00 -2.759732e+00 -2.921451e+00 -4.435091e+00 -1.222300e+00 1.267697e+00 2.924620e+00 1.407184e+00 -1.971864e+00 7.761168e-01 1.820457e-01 3.849341e-01 -5.706936e-03 7.553173e-01 5.240058e-01 9.131908e-01 1.093160e+00 -4.489786e-01 -3.362857e-01 -9.018648e-02 1.165732e+00 -4.538615e-01 -3.161755e-01 -4.585395e-02
<VARIANCE> 39
 1.412536e+01 5.842918e+00 2.202013e+01 1.505045e+01 2.253148e+01 4.308350e+01 2.671498e+01 3.020617e+01 1.630904e+01 2.869731e+01 2.217472e+01 8.896603e+00 5.000000e-02 5.347233e-01 3.782785e-01 1.295369e+00 2.680466e+00 2.080413e+00 4.043353e+00 8.461733e-01 3.612480e+00 1.520264e+00 3.502325e+00 2.219379e+00 1.299818e+00 5.000000e-02 1.028379e-01 1.276922e-01 2.311109e-01 2.050027e-01 6.526195e-01 1.016677e+00 3.829744e-01 2.363738e-01 4.484696e-01 3.432266e-01 1.743878e-01 2.689218e-01 5.000000e-02
<GCONST> 8.841069e+01
<STATE> 5
<MEAN> 39
 -5.887793e+00 -1.516316e+01 -1.401884e+01 -1.346280e+01 -9.026996e+00 -2.056061e+01 -1.146324e-01 4.711480e+00 1.216986e+01 -1.012346e-01 -4.936270e+00 -2.357942e-02 9.308632e-01 9.769067e-01 -8.177296e-01 -4.472380e-01 -1.085503e+00 1.386034e+00 4.872300e-01 -1.794948e+00 -4.750939e-01 1.979912e+00 3.197474e+00 -1.985139e+00 -4.207602e-01 4.457850e-02 2.462365e-02 5.573386e-01 5.017651e-01 2.997625e-01 1.385160e+00 1.396637e+00 -2.631980e-01 -5.933364e-01 -6.786565e-01 2.277539e-01 3.709700e-01 -4.290950e-01 -4.439087e-02
<VARIANCE> 39
 1.162816e+01 3.259304e+00 1.675906e+01 2.300123e+01 8.940499e+00 2.677117e+01 1.123217e+01 5.680201e+01 1.429967e+01 1.979812e+01 1.562664e+01 7.261217e+00 5.000000e-02 2.359064e-01 4.586529e-01 3.222932e-01 8.025852e-01 3.514440e+00 2.756295e+00 9.151541e-01 6.721983e-01 6.187187e-01 1.762174e+00 4.874604e-01 1.394168e+00 5.000000e-02 5.000000e-02 8.626965e-02 1.092839e-01 3.917511e-01 2.192523e-01 6.792389e-01 1.498783e-01 5.385935e-01 2.189379e-01 8.512751e-01 3.782096e-01 1.420404e-01 5.000000e-02
<GCONST> 7.488023e+01
<STATE> 6
<MEAN> 39
 -4.051671e+00 -1.529634e+01 -1.469373e+01 -1.650837e+01 -3.350257e+00 -1.768773e+01 -5.860822e+00 2.068256e+00 1.505212e+01 4.762511e+00 -8.595597e+00 -1.052644e+00 9.516634e-01 8.574902e-01 4.741984e-01 -4.450678e-01 -1.510287e+00 1.973137e+00 1.202211e+00 -1.941704e+00 -5.131946e-01 2.012881e-01 2.497103e+00 -8.722802e-01 -9.749599e-01 1.087360e-02 -1.011722e-01 3.978043e-01 2.330948e-01 -1.333114e-01 -1.543954e-01 1.777830e-01 4.322976e-01 1.525086e-01 -7.397645e-01 -2.636158e-01 6.987278e-01 9.561894e-03 -1.006722e-02
<VARIANCE> 39
 1.233470e+01 3.014045e+00 1.088227e+01 7.027709e+00 1.447552e+01 1.240475e+01 8.024732e+00 3.987049e+01 1.584787e+01 4.794773e+01 8.993791e+00 9.643834e+00 5.000000e-02 4.528121e-01 3.962047e-01 2.913244e-01 5.345104e-01 3.803263e-01 7.127509e-01 9.144410e-01 1.933926e+00 1.326737e+00 2.958940e+00 1.445784e+00 2.486378e-01 5.000000e-02 5.000000e-02 1.019793e-01 5.000000e-02 9.364027e-02 3.550961e-01 5.671365e-01 2.844695e-01 6.394179e-01 4.584497e-01 2.412946e-01 1.492776e-01 2.692379e-01 5.000000e-02
<GCONST> 6.936346e+01
<STATE> 7
<MEAN> 39
 -1.933770e+00 -1.268654e+01 -1.468985e+01 -2.035780e+01 -4.947299e-01 -1.515846e+01 -7.250287e+00 1.562028e+00 1.335538e+01 9.809980e+00 -6.925610e+00 -2.719396e+00 9.692170e-01 5.203238e-01 6.682597e-01 4.294049e-01 -1.728419e+00 7.251380e-01 8.074892e-01 -1.940560e-01 -7.363131e-02 -1.604441e+00 1.830337e+00 7.591431e-01 -7.011542e-02 5.856223e-03 -2.324236e-01 -1.240204e-01 1.499995e-01 2.681417e-01 -4.448792e-01 -1.215606e-01 5.837849e-01 1.381239e-01 -1.201798e-01 -4.763622e-01 1.268291e-01 2.736950e-01 -9.461696e-04
<VARIANCE> 39
 1.890368e+01 3.152156e+00 1.054156e+01 1.672442e+01 2.111744e+01 7.983840e+00 2.434030e+00 2.323624e+01 1.625119e+01 5.835877e+01 8.348779e+00 1.006110e+01 5.000000e-02 5.000000e-02 3.586889e-01 9.836306e-02 3.857050e-01 6.939046e-01 1.059013e+00 2.398870e+00 6.144887e+00 1.594745e+00 2.798827e-01 8.953944e-01 4.980898e-01 5.000000e-02 5.000000e-02 8.163089e-02 5.000000e-02 1.240176e-01 9.679520e-02 2.390129e-01 5.429902e-01 2.876073e-01 2.557558e-01 8.672097e-01 3.376893e-01 5.000000e-02 5.000000e-02
<GCONST> 6.407865e+01
<STATE> 8
<MEAN> 39
 -1.875587e+00 -1.353667e+01 -1.247674e+01 -2.331262e+01 -1.366602e+00 -1.198970e+01 -1.027724e+01 3.960614e+00 9.595205e+00 1.405231e+01 -7.392011e+00 -2.223139e+00 9.797657e-01 -1.832808e-02 2.789855e-01 2.042707e-01 -5.791588e-01 4.096300e-01 6.155202e-01 5.710914e-01 -1.145267e-01 -5.845224e-02 1.089879e+00 3.834120e-01 1.799089e-01 6.007737e-03 -2.574884e-01 2.692317e-03 -2.275341e-01 4.695517e-01 -1.177102e-01 -2.382746e-01 5.733252e-01 -2.685497e-01 6.920630e-01 -1.063490e+00 1.134206e-01 -8.381854e-02 -2.850637e-03
<VARIANCE> 39
 1.082351e+01 4.075524e+00 1.075127e+01 1.154441e+01 1.000320e+01 3.824756e+01 2.347827e+01 3.028811e+01 1.545767e+01 2.800925e+01 5.944966e+00 7.146526e+00 5.000000e-02 1.746145e-01 4.443838e-01 1.837735e-01 5.022716e-01 4.825076e-01 9.217509e-01 2.446404e+00 9.874276e-01 1.019656e+00 3.373216e+00 9.547656e-01 1.371465e-01 5.000000e-02 5.000000e-02 1.480689e-01 6.777711e-02 5.021964e-02 1.258864e-01 5.634559e-02 1.593930e-01 7.077014e-01 1.748921e-01 5.004895e-01 5.289104e-02 5.000000e-02 5.000000e-02
<GCONST> 6.187631e+01
<STATE> 9
<MEAN> 39
 -6.994938e-01 -1.148141e+01 -1.504104e+01 -2.209268e+01 8.955873e-01 -1.569375e+01 -2.949863e+00 1.154015e+00 1.041403e+01 1.387842e+01 -4.982455e+00 -3.240941e+00 9.828228e-01 -3.365135e-01 4.835726e-02 -1.439843e-01 1.031740e-02 3.516980e-01 -8.663271e-02 1.484418e+00 -7.548106e-01 8.435320e-01 -1.767825e+00 7.011376e-01 -4.171186e-01 -2.570821e-03 -6.528588e-02 -3.369966e-01 -2.972958e-02 5.100972e-01 -2.054455e-01 -1.870105e-01 -9.303904e-02 2.587745e-01 2.285539e-01 -6.806279e-01 -2.743852e-01 -1.801354e-01 -1.911196e-03
<VARIANCE> 39
 1.472070e+01 3.729982e+00 1.604347e+01 1.159982e+01 7.567804e+00 4.756120e+01 5.386509e+01 1.343564e+01 4.255227e+01 3.118563e+01 8.828013e+00 1.089358e+01 5.000000e-02 3.613825e-01 6.462774e-01 1.045226e+00 1.060980e+00 1.494315e+00 1.133159e+00 1.945559e+00 1.106990e+00 4.935655e-01 7.050983e-01 5.001765e-01 5.504354e-01 5.000000e-02 5.000000e-02 5.000000e-02 5.000000e-02 5.000000e-02 5.000000e-02 2.473503e-01 3.242642e-01 2.185175e-01 3.420823e-01 3.144174e-01 3.135918e-01 5.000000e-02 5.000000e-02
<GCONST> 6.833881e+01
<STATE> 10
<MEAN> 39
 -3.203671e+00 -1.249459e+01 -1.431642e+01 -2.199203e+01 6.496595e-01 -1.309294e+01 -4.189107e+00 2.218516e-01 1.404578e+01 6.999981e+00 -5.006437e+00 -3.649196e+00 9.802467e-01 -1.394242e-01 -3.437560e-01 -1.367337e-01 8.099766e-01 -1.257496e-01 -2.477672e-01 6.349143e-01 5.282627e-01 2.774967e-01 -1.270715e+00 -3.301767e-01 -3.111732e-01 -6.238932e-04 3.266367e-04 -1.968620e-01 -4.329921e-02 4.763388e-01 -2.885251e-01 -3.120102e-01 -1.384901e-01 2.293705e-01 -2.454210e-01 -4.124080e-02 -3.771414e-01 1.483326e-01 -2.135784e-04
<VARIANCE> 39
 1.020387e+01 1.653571e+00 9.650126e+00 1.604468e+01 5.498169e+00 3.695580e+01 3.015152e+01 3.134616e+00 1.545186e+01 3.221062e+01 4.797297e+00 1.014831e+01 5.000000e-02 1.093047e-01 5.351521e-01 2.338322e-01 6.330971e-01 5.186847e-01 1.003644e+00 8.048467e-01 8.489054e-01 1.557493e+00 2.276981e+00 7.729646e-01 2.603420e-01 5.000000e-02 5.000000e-02 8.813826e-02 1.572745e-01 8.204623e-02 2.362108e-01 1.889259e-01 1.552435e-01 1.091155e-01 1.777540e-01 1.466358e-01 7.383061e-02 1.250122e-01 5.000000e-02
<GCONST> 5.910131e+01
<STATE> 11
<MEAN> 39
 -1.421764e+00 -1.374487e+01 -1.532796e+01 -1.798000e+01 9.511610e-01 -1.702288e+01 9.562353e-01 2.550284e+00 1.104802e+01 7.846105e+00 -6.938365e+00 -4.652229e+00 9.729485e-01 -4.044786e-01 -7.526420e-01 -5.919313e-01 2.371525e+00 -1.376616e+00 -6.815109e-01 6.952700e-02 6.693479e-01 -1.651476e-01 -2.450691e+00 -1.031440e+00 8.432838e-02 -3.659860e-03 -1.306758e-01 2.663310e-02 1.598934e-01 1.708001e-01 -6.861407e-01 -1.390243e-01 -2.535661e-01 1.978439e-01 -4.933116e-01 -1.897600e-01 4.927077e-01 3.297699e-01 3.951855e-04
<VARIANCE> 39
 1.449778e+01 1.576154e+00 1.286858e+01 2.661215e+01 6.795446e+00 5.122936e+01 5.473428e+01 3.919313e+00 2.329525e+01 6.372285e+01 2.906529e+00 1.017694e+01 5.000000e-02 8.546340e-02 4.357752e-01 8.675383e-01 1.663052e-01 9.758942e-01 8.311030e-01 1.204462e+00 1.724446e+00 1.517253e+00 2.386817e+00 3.262242e-01 1.019207e+00 5.000000e-02 7.903355e-02 1.002080e-01 1.484779e-01 1.231480e-01 1.053015e-01 1.506272e-01 3.027993e-01 1.241020e-01 1.369715e-01 2.705963e-01 1.313465e-01 6.873076e-02 5.000000e-02
<GCONST> 6.477903e+01
<STATE> 12
<MEAN> 39
 -4.247097e+00 -1.460442e+01 -1.461573e+01 -1.588870e+01 -3.596164e+00 -1.557648e+01 -4.371230e+00 3.836599e+00 1.431170e+01 2.316822e+00 -8.410772e+00 -2.814865e+00 9.739048e-01 -4.252744e-01 -6.031998e-01 6.543385e-01 1.645158e+00 -2.435490e+00 -1.434940e+00 4.200339e-01 6.725391e-01 -1.454143e+00 -1.667133e+00 6.976613e-01 8.116751e-01 -1.078525e-03 -2.105453e-03 6.733970e-02 6.828001e-01 -3.315976e-01 -5.044338e-01 -2.676909e-01 3.326328e-01 -1.884014e-01 -9.225836e-01 7.560505e-01 8.157940e-01 2.089999e-01 4.133321e-05
<VARIANCE> 39
 7.051993e+00 1.899066e+00 8.772862e+00 1.289174e+01 1.345959e+01 3.118721e+01 1.748127e+01 9.903655e+00 3.807336e+01 2.377002e+01 2.699106e+00 6.570683e+00 5.000000e-02 5.039428e-01 2.944872e-01 7.465492e-01 7.187392e-01 4.475373e-01 1.513077e+00 2.680678e+00 9.599737e-01 1.944162e+00 2.228585e+00 7.763541e-01 6.949874e-01 5.000000e-02 5.000000e-02 5.000000e-02 5.000000e-02 6.388415e-02 1.974799e-01 1.443417e-01 3.642118e-01 2.899890e-01 3.831481e-01 1.834017e-01 1.136308e-01 1.793647e-01 5.000000e-02
<GCONST> 6.567228e+01
<STATE> 13
<MEAN> 39
 -3.579788e+00 -1.567727e+01 -1.404647e+01 -1.116711e+01 -7.530480e+00 -2.130512e+01 2.056523e+00 5.319072e+00 5.611385e+00 -1.579837e+00 -2.394695e+00 -1.915580e+00 9.674961e-01 -2.661157e-01 -1.942381e-01 1.714183e+00 8.835660e-01 -2.349669e+00 -1.852641e+00 1.920458e+00 2.754932e-01 -2.775630e+00 6.123980e-01 2.226766e+00 1.122002e+00 -4.044008e-04 1.953092e-01 1.129447e-01 4.832386e-01 -5.885807e-01 8.389295e-02 -7.479047e-03 4.030679e-01 -6.086577e-01 -8.754303e-02 1.239001e+00 -8.332961e-02 -2.358894e-01 -2.643858e-03
<VARIANCE> 39
 2.210054e+00 2.151625e+00 1.506143e+01 1.826372e+01 3.038731e+00 3.265395e+01 3.553851e+01 1.318344e+01 2.044278e+01 5.803989e+01 1.277086e+01 1.274099e+01 5.000000e-02 7.061033e-02 8.017935e-02 3.193195e-01 1.522004e+00 1.963410e+00 5.025491e-01 1.327988e+00 1.090088e+00 1.306898e+00 1.164837e+00 7.590612e-01 6.589778e-01 5.000000e-02 6.934058e-02 5.709990e-02 1.569985e-01 1.123109e-01 2.168881e-01 5.397233e-01 3.644538e-01 2.904280e-01 2.651351e-01 1.727290e-01 3.230219e-01 1.977240e-01 5.000000e-02
<GCONST> 6.717748e+01
<STATE> 14
<MEAN> 39
 -4.777511e+00 -1.593071e+01 -8.801197e+00 -1.164185e+01 -1.365578e+01 -2.327110e+01 4.739646e+00 1.935632e+00 2.991636e+00 3.305590e+00 -2.114975e-01 1.910231e-01 9.584263e-01 8.520948e-03 -4.548614e-02 2.369110e+00 -2.464189e-01 -2.284555e+00 -8.358423e-01 1.192296e+00 -1.476078e+00 -1.562878e+00 2.312573e+00 6.642348e-01 -3.201004e-02 -1.336429e-02 1.238110e-01 1.498431e-03 1.264647e-01 -5.770020e-01 5.844541e-01 6.930549e-01 -4.775825e-01 -2.054691e-01 5.875149e-01 4.708605e-01 -9.194270e-01 -2.577168e-01 -5.582662e-03
<VARIANCE> 39
 5.902983e+00 2.510552e+00 1.410673e+01 9.816624e+00 7.760664e+00 2.629926e+01 7.151042e+01 2.718899e+01 2.612180e+01 2.687629e+01 1.401707e+01 8.658822e+00 5.000000e-02 1.394167e-01 9.456660e-02 1.402572e+00 4.590051e-01 7.813177e-01 2.370603e+00 1.378412e+00 2.680706e+00 4.059759e+00 3.160248e-01 2.170461e+00 1.549682e+00 5.000000e-02 5.000000e-02 5.000000e-02 1.075082e-01 2.226013e-01 2.197769e-01 3.602494e-01 3.137123e-01 3.737345e-01 2.579481e-01 1.107622e-01 2.703735e-01 3.812830e-01 5.000000e-02
<GCONST> 7.294611e+01
<STATE> 15
<MEAN> 39
 -4.522216e+00 -1.608026e+01 -1.697231e+00 -1.489593e+01 -1.645852e+01 -2.144081e+01 4.808655e+00 8.522450e-01 1.660039e+00 1.172992e+01 -3.062953e+00 -3.469322e-01 9.068209e-01 3.563395e-01 -4.778574e-01 2.113311e+00 -1.612463e+00 -2.807676e-02 1.037650e+00 1.501862e-01 -1.260768e+00 -5.902762e-01 2.501897e+00 -2.254582e+00 -8.807568e-02 -2.816837e-02 2.371565e-01 -6.325413e-02 -3.368880e-01 -2.378303e-01 6.421613e-01 3.711719e-01 -4.377085e-01 -6.219353e-02 1.932110e-01 -7.071760e-01 -6.685668e-01 1.398101e-01 -4.857837e-03
<VARIANCE> 39
 8.970964e+00 1.728191e+00 2.671191e+01 1.216347e+01 9.672719e+00 4.340647e+01 5.251288e+01 4.682196e+01 2.699434e+01 4.431839e+01 1.253624e+01 1.457970e+01 5.000000e-02 2.046648e-01 1.499109e-01 5.397350e-01 9.476411e-01 4.178423e-01 1.484246e+00 2.082874e+00 1.485145e+00 1.610921e+00 8.243866e-01 1.062855e+00 3.285852e+00 5.000000e-02 5.000000e-02 5.000000e-02 2.056229e-01 1.003043e-01 5.588832e-02 3.878045e-01 3.188505e-01 7.245691e-01 5.371026e-01 3.664572e-01 3.882189e-01 3.632802e-01 5.000000e-02
<GCONST> 7.663467e+01
<STATE> 16
<MEAN> 39
 -3.014307e+00 -1.759687e+01 1.308052e+00 -1.925908e+01 -1.500374e+01 -2.020044e+01 2.716598e+00 -4.484592e+00 -8.816438e-01 1.348670e+01 -9.441969e+00 -5.877461e-01 8.295100e-01 1.125762e+00 -2.480209e-01 1.139242e+00 -1.132871e+00 6.956911e-01 9.634025e-01 -1.122784e+00 -5.920685e-01 -3.209979e-01 -6.150363e-01 -1.868331e+00 5.806972e-01 -3.469343e-02 1.628562e-01 9.369919e-02 -4.533466e-01 7.258763e-01 1.303595e-01 -4.872016e-03 -1.383219e-01 6.733531e-01 5.246043e-01 -1.127540e+00 6.113747e-01 1.810599e-01 -4.673852e-03
<VARIANCE> 39
 9.415854e+00 7.095720e-01 1.606447e+01 3.198045e+00 6.436241e+00 4.848702e+01 1.732039e+01 1.751674e+01 1.065819e+01 2.199466e+01 2.803142e+01 2.667366e+01 5.000000e-02 2.647021e-01 1.713590e-01 4.983555e-01 6.688620e-01 3.075940e-01 1.534035e+00 2.775026e+00 3.231390e+00 1.544716e+00 2.191213e+00 1.961837e+00 7.058367e-01 5.000000e-02 6.304424e-02 5.059642e-02 1.032277e-01 1.726024e-01 6.607292e-02 7.125851e-01 1.601472e-01 2.335540e-01 5.618725e-01 5.186970e-02 3.028021e-01 5.418223e-01 5.000000e-02
<GCONST> 6.939617e+01
<STATE> 17
<MEAN> 39
 -2.393346e-01 -1.799225e+01 3.472593e+00 -1.833471e+01 -1.334948e+01 -1.485605e+01 1.540996e+00 -1.332665e+00 3.049917e+00 9.299655e+00 -1.052424e+01 3.030927e+00 7.303423e-01 1.159980e+00 -2.115448e-01 4.402810e-03 1.608344e+00 6.883958e-01 1.237644e+00 -5.379397e-01 5.291967e-01 1.364956e+00 -2.742840e+00 1.067259e-01 1.814819e-01 -5.216669e-02 -1.281672e-01 1.902155e-01 -5.225729e-01 7.639515e-01 2.112591e-02 -1.700744e-01 -8.960749e-02 -2.138088e-01 -1.975472e-01 -4.284365e-01 4.156454e-01 -6.959719e-01 -4.884245e-03
<VARIANCE> 39
 1.006661e+01 3.875982e+00 1.356384e+01 1.309604e+01 8.758619e+00 1.744055e+01 7.262902e+00 7.436723e+00 2.432907e+01 2.894190e+01 3.381803e+01 7.373291e+00 5.000000e-02 3.584904e-01 7.527771e-01 5.862068e-01 2.275617e+00 7.556775e-01 3.314703e+00 1.799596e+00 3.073208e+00 1.559397e+00 1.120297e+00 3.585153e+00 2.699615e+00 5.000000e-02 5.000000e-02 6.125442e-02 7.724838e-02 1.281913e-01 1.431307e-01 4.061906e-01 5.366118e-01 4.171900e-01 3.074314e-01 6.011996e-01 5.584270e-01 7.539732e-02 5.000000e-02
<GCONST> 7.746125e+01
<STATE> 18
<MEAN> 39
 2.342796e+00 -1.799376e+01 5.374174e-01 -1.267737e+01 -1.264475e+01 -1.649145e+01 -1.170123e+00 -3.604532e+00 2.658702e+00 2.100629e+00 -1.086765e+01 -1.813873e-01 6.042655e-01 3.893570e-01 6.184461e-01 -1.210641e+00 1.614823e+00 8.117806e-01 -2.404553e-01 -9.270679e-01 -3.771360e-01 -8.369215e-01 -1.430873e+00 2.289149e-01 -1.494223e+00 -5.002103e-02 -1.675595e-01 1.331310e-01 -2.029343e-01 1.010403e-01 1.330255e-01 2.592041e-02 1.455958e-01 -7.786135e-03 -1.715091e-01 4.704961e-01 6.850330e-01 -7.155214e-02 2.642841e-03
<VARIANCE> 39
 1.199480e+01 6.106788e+00 5.709692e+00 4.365409e+01 3.887814e+00 4.319644e+01 8.840535e+00 9.358428e+00 6.026727e+01 3.780173e+01 1.930914e+01 3.394588e+00 5.000000e-02 1.241681e-01 2.012501e-01 4.552406e-01 6.495958e-01 4.746256e-01 1.062668e+00 1.149126e+00 1.103666e+00 1.639362e+00 5.132878e+00 4.872754e+00 3.819595e-01 5.000000e-02 9.609485e-02 1.293060e-01 8.183075e-02 6.972021e-01 2.761792e-01 6.910009e-01 3.468420e-01 6.007299e-01 4.796731e-01 5.490791e-01 5.353033e-01 1.626533e-01 5.000000e-02
<GCONST> 7.710039e+01
<STATE> 19
<MEAN> 39
 2.757069e+00 -1.502783e+01 -2.037832e+00 -1.052032e+01 -8.172441e+00 -1.620690e+01 -1.250951e+00 -2.221197e+00 1.822768e-01 2.367854e+00 -7.920794e+00 -3.289495e+00 5.193121e-01 4.816262e-01 3.816361e-01 -7.309703e-01 2.152117e+00 1.123035e+00 1.513760e+00 -6.257320e-01 -2.549605e-01 -5.940380e-03 -1.478485e+00 1.648502e+00 -8.513038e-01 -4.322169e-02 -1.234233e-01 -2.176817e-01 1.689310e-01 1.882326e-01 -3.897913e-01 1.605076e-01 1.850233e-01 1.823114e-01 3.070113e-01 7.668732e-03 1.468472e-01 3.595791e-01 3.962614e-03
<VARIANCE> 39
 6.689656e+00 1.297164e+00 2.708570e+01 4.784940e+01 1.550187e+01 2.791908e+01 1.782874e+01 7.277864e+00 4.068713e+01 2.013700e+01 5.170175e+01 2.895570e+00 5.000000e-02 4.136770e-01 4.284458e-01 4.380348e-01 2.743429e+00 1.772446e+00 2.161267e+00 2.165711e+00 1.786768e+00 1.746070e+00 2.287077e+00 1.955845e+00 1.033108e+00 5.000000e-02 5.000000e-02 5.000000e-02 1.648452e-01 4.517857e-01 2.740173e-01 3.586331e-01 4.436985e-01 3.120508e-01 2.525603e-01 5.086126e-01 1.059180e+00 1.259373e-01 5.000000e-02
<GCONST> 8.095597e+01
<STATE> 20
<MEAN> 39
 3.086152e+00 -1.667980e+01 -1.381217e+00 -5.320974e+00 -9.252386e+00 -1.147674e+01 -3.097526e+00 -3.809016e+00 1.775247e+00 -1.703226e+00 -4.715566e+00 -3.581164e+00 4.587127e-01 -3.971231e-02 -1.427795e-01 -6.563344e-01 1.915585e+00 -5.337399e-01 1.695457e-01 -7.346684e-02 8.099943e-01 5.775038e-01 -1.396371e+00 1.202712e+00 5.439020e-02 -3.300001e-02 -2.338698e-01 1.116035e-01 -5.967963e-02 -6.888660e-01 -2.727460e-01 -8.471338e-01 3.356425e-01 5.008438e-01 9.133672e-02 5.843777e-01 -1.678634e-01 3.126694e-01 8.032697e-03
<VARIANCE> 39
 3.877798e+00 4.933433e+00 1.530867e+01 1.208499e+01 1.599955e+01 6.426798e+00 1.130994e+01 1.378498e+01 2.164588e+01 7.260710e+00 3.393508e+01 1.400606e+01 5.000000e-02 4.168160e-01 5.752998e-01 1.021993e+00 3.600714e+00 1.236742e+00 2.881634e+00 2.925007e+00 1.859949e+00 4.419210e-01 1.867166e+00 3.244416e+00 1.194955e+00 5.000000e-02 5.000000e-02 5.000000e-02 7.276569e-02 2.467437e-01 2.540688e-01 2.187748e-01 2.041182e-01 3.605252e-01 1.456223e-01 2.146417e-01 5.285996e-01 2.984922e-01 5.000000e-02
<GCONST> 7.494507e+01
<STATE> 21
<MEAN> 39
 2.659074e+00 -1.579236e+01 -3.417410e+00 -5.202999e+00 -1.128572e+01 -1.456745e+01 -1.432247e+00 4.868995e-02 2.618662e+00 -3.493117e+00 -4.578591e+00 -3.257160e+00 4.240179e-01 -3.322830e-01 6.220437e-01 -7.798877e-01 3.327695e-02 -1.944689e-01 -1.418289e+00 2.271834e-01 1.192288e+00 6.502086e-01 3.432826e-01 7.427073e-01 3.996337e-01 -1.711312e-02 -2.068026e-01 1.518797e-01 6.794736e-02 -4.916701e-01 4.102377e-01 1.419015e-01 8.256439e-02 -2.404213e-01 -7.175896e-02 7.786862e-01 2.320977e-01 2.115055e-01 4.068218e-05
<VARIANCE> 39
 1.472347e+00 1.914016e+01 8.003040e+00 1.153018e+01 1.516352e+01 7.218771e+00 3.072428e+01 1.145145e+01 2.148962e+01 2.189223e+00 4.791070e+00 1.843929e+01 5.000000e-02 1.672677e-01 3.626530e-01 4.146321e-01 1.251234e+00 8.443682e-01 7.524050e-01 5.216354e-01 1.828730e+00 6.410581e-01 5.125889e-01 2.711540e+00 2.185303e+00 5.000000e-02 5.000000e-02 1.840729e-01 1.853049e-01 2.195535e-01 3.453916e-01 4.925911e-01 6.472910e-01 4.201064e-01 5.000000e-02 1.349473e-01 1.733521e-01 5.471298e-01 5.000000e-02
<GCONST> 6.783385e+01
<STATE> 22
<MEAN> 39
 1.649719e+00 -1.490699e+01 -4.657033e+00 -4.320366e+00 -9.448652e+00 -1.649088e+01 -1.307945e+00 2.050914e+00 4.560675e+00 -6.513965e-01 -8.352378e-01 -8.841209e-01 3.862078e-01 -6.939417e-01 5.559345e-01 -4.052939e-01 -6.240050e-02 1.063777e+00 4.168717e-01 6.713272e-01 1.691248e-01 1.533625e-01 1.309137e+00 1.992010e+00 9.812047e-01 -2.865200e-02 6.931289e-02 1.084648e-01 1.738227e-01 -1.057220e-01 2.868907e-01 7.496263e-01 1.177243e-01 -4.406188e-01 -1.597168e-01 1.124397e-01 8.029439e-02 -7.448912e-02 8.943022e-04
<VARIANCE> 39
 1.785449e+00 2.745603e+00 1.427272e+01 3.723193e+00 2.958578e+00 1.172003e+01 1.286433e+01 1.825989e+01 1.447364e+01 4.076068e+00 2.064567e+01 9.222594e+00 5.000000e-02 1.630301e-01 6.074358e-01 1.068012e+00 1.591704e+00 1.449561e+00 6.466497e-01 2.185742e+00 1.604083e+00 3.129488e-01 6.569425e-01 1.620388e+00 2.896256e+00 5.000000e-02 8.684196e-02 1.165938e-01 8.267791e-02 8.136763e-02 8.104039e-02 1.774292e-01 1.218313e-01 1.977103e-01 8.220591e-02 1.139540e-01 5.340822e-01 3.353478e-01 5.000000e-02
<GCONST> 6.200405e+01
<STATE> 23
<MEAN> 39
 6.808876e-01 -1.243533e+01 -6.270285e+00 -6.078970e+00 -7.541043e+00 -1.325813e+01 4.403229e-01 -9.841476e-03 3.429402e+00 1.166867e+00 3.243119e+00 -6.452434e-02 3.171778e-01 -2.801418e-03 9.666594e-01 1.918702e-01 -9.870818e-02 6.836249e-01 1.341119e+00 4.085046e-01 -9.345371e-02 1.157027e-02 7.278239e-01 1.022486e+00 2.161123e-01 -1.098107e-02 1.130422e-01 -2.056414e-01 1.659136e-01 9.073415e-02 1.657188e-02 3.170294e-02 -4.180051e-01 -1.147860e-01 4.014717e-02 -2.674696e-01 -4.782521e-01 -3.096358e-01 2.736828e-03
<VARIANCE> 39
 5.066628e+00 4.592509e+00 7.837390e+00 1.673533e+01 4.587128e+00 1.862009e+00 1.503896e+01 7.678750e+00 1.868495e+01 1.902902e+01 1.214560e+01 1.255718e+01 5.000000e-02 7.143744e-01 6.300645e-01 4.888550e-01 2.639141e-01 4.926471e-01 7.682262e-01 8.081433e-01 4.611312e-01 8.449020e-01 1.065366e+00 1.459259e+00 2.386335e-01 5.000000e-02 1.497018e-01 1.791917e-01 1.430181e-01 1.810132e-01 1.960067e-01 2.032738e-01 3.136894e-01 8.414095e-02 5.433122e-02 2.687850e-01 3.112423e-01 2.002638e-01 5.000000e-02
<GCONST> 6.141195e+01
<STATE> 24
<MEAN> 39
 2.024315e+00 -1.085605e+01 -3.128623e+00 -5.597323e+00 -5.450890e+00 -9.679606e+00 5.308170e-01 1.909669e-01 4.283328e+00 2.834510e+00 2.125594e+00 -5.567496e-01 3.555297e-01 -3.575844e-01 4.968903e-02 7.136754e-02 -3.404101e-01 1.164200e+00 1.227064e+00 -7.143452e-01 -7.475970e-01 -1.540084e-01 -3.270014e-01 -3.427192e-01 -7.384334e-01 -2.324459e-02 -5.140035e-01 -2.598146e-01 -1.323217e-01 -9.447626e-03 -1.472510e-02 -4.162388e-01 -3.090676e-01 -6.668527e-02 4.294518e-02 -2.888733e-01 -2.355341e-01 -2.145096e-01 -1.879933e-02
<VARIANCE> 39
 4.451379e+00 2.279734e+01 2.124088e+00 6.700568e+00 9.763097e+00 4.736731e+00 8.051815e+00 3.514184e+00 1.614760e+01 3.993139e+00 7.953136e+00 3.930960e+00 5.000000e-02 1.220137e+00 4.593857e-01 1.380419e-01 5.173564e-01 4.321219e-01 1.116818e+00 9.998535e-01 9.999636e-01 5.613154e-01 1.110686e+00 1.021849e+00 3.938482e-01 5.000000e-02 1.791859e-01 2.289674e-01 5.000000e-02 7.432032e-02 2.141706e-01 1.077578e-01 6.000514e-02 5.162123e-02 3.604331e-01 2.572855e-01 1.826863e-01 5.000000e-02 5.000000e-02
<GCONST> 5.401297e+01
<STATE> 25
<MEAN> 39
 -6.222560e-01 -1.298912e+01 -5.608773e+00 -6.247940e+00 -3.993587e+00 -9.925554e+00 -2.162062e+00 -1.175067e+00 3.238214e+00 5.624271e-01 2.231338e+00 -2.133228e+00 2.438532e-01 -1.530211e+00 -3.350869e-01 -2.773677e-01 1.329146e-01 4.372096e-01 -5.240946e-01 -7.809302e-01 -2.313440e-01 5.609982e-01 1.434215e-01 5.893200e-01 -2.301397e-01 -6.354782e-02 -1.953633e-01 1.572587e-01 1.289588e-01 2.412025e-01 -1.990813e-01 -2.950371e-01 3.648321e-01 2.434138e-01 1.849818e-01 7.811274e-02 2.618349e-01 2.926744e-01 -8.974617e-03
<VARIANCE> 39
 9.202918e+00 5.313765e+00 4.403477e+00 2.564626e+00 8.917960e+00 8.759365e+00 4.903249e+00 8.356761e+00 1.143076e+01 1.073220e+01 8.779469e+00 8.728895e+00 5.000000e-02 7.085708e-01 7.921091e-01 5.000000e-02 3.045746e-01 1.357219e+00 9.277896e-01 4.568542e-01 5.650433e-01 2.893795e+00 1.205703e+00 4.746754e-01 3.344776e-01 5.000000e-02 2.061300e-01 9.586837e-02 5.126259e-02 5.000000e-02 1.193221e-01 2.667018e-01 8.196751e-02 1.972342e-01 1.412521e-01 2.743903e-01 1.290807e-01 5.081958e-02 5.000000e-02
<GCONST> 5.400711e+01
<STATE> 26
<MEAN> 39
 -3.856991e+00 -1.219678e+01 -4.273014e+00 -4.073366e+00 -4.326320e+00 -1.300313e+01 -3.164807e+00 -6.777353e-01 5.717967e+00 2.581880e+00 4.857481e+00 -1.413208e+00 1.093903e-01 -1.160167e+00 5.953346e-01 5.405450e-01 6.141899e-01 5.633973e-01 1.600120e-01 3.966853e-01 1.723244e-01 3.414135e-01 9.092325e-02 6.160864e-01 3.366543e-01 -5.767230e-02 2.256661e-01 9.453961e-02 8.558808e-02 1.091692e-02 3.285100e-02 4.066050e-01 4.400727e-01 2.144933e-01 -1.305641e-01 -1.487912e-01 -2.949210e-01 1.871788e-01 9.410244e-03
<VARIANCE> 39
 2.955338e+00 7.160957e+00 9.513565e-01 1.404001e+01 4.888800e+00 1.690358e+01 4.121334e+00 1.758677e+01 1.061736e+01 6.293944e+00 1.628215e+00 1.106882e+01 5.000000e-02 5.589095e-01 1.898749e-01 3.598080e-01 5.271117e-01 1.048743e+00 1.810515e+00 5.521168e-01 1.245754e+00 2.080518e+00 1.378747e+00 9.205709e-01 2.855910e-01 5.000000e-02 7.044639e-02 6.731644e-02 5.000000e-02 1.009024e-01 1.992498e-01 3.057284e-01 5.564789e-02 2.645182e-01 5.816450e-01 1.793286e-01 5.000000e-02 9.402490e-02 5.000000e-02
<GCONST> 5.492714e+01
<STATE> 27
<MEAN> 39
 -5.444434e+00 -1.074457e+01 -3.062041e+00 -4.262840e+00 -2.455945e+00 -9.308962e+00 6.784995e-01 -3.427101e-02 4.048971e+00 1.399074e+00 4.355161e+00 -2.603925e-01 1.534458e-02 -8.562640e-01 9.709586e-02 2.534331e-01 4.002005e-01 7.717775e-01 1.324194e+00 1.399776e+00 7.574076e-01 3.320899e-01 -2.160956e-01 -3.398956e-01 3.941137e-01 -3.364548e-02 1.564865e-01 -1.981283e-01 -2.510898e-01 -5.850324e-02 -2.714104e-01 -4.659331e-02 -4.620605e-02 5.845344e-02 8.742048e-02 -4.222238e-03 -5.345244e-02 -1.975959e-01 1.017713e-02
<VARIANCE> 39
 1.317150e+00 2.800710e+00 4.720920e-01 7.642580e+00 3.933129e+00 1.292705e+01 1.507454e+01 4.278930e+00 7.945406e+00 9.210662e+00 2.108914e+01 3.482018e+00 5.000000e-02 8.253172e-02 2.983568e-01 1.342618e-01 2.869563e-01 5.634240e-01 1.436823e+00 5.410656e-01 1.012369e+00 1.986090e+00 8.230778e-01 3.578528e-01 8.516238e-01 5.000000e-02 7.883956e-02 5.000000e-02 5.314168e-02 6.902458e-02 1.456607e-01 3.496312e-01 1.410971e-01 9.109517e-02 1.618291e-01 1.094213e-01 3.454296e-01 5.591773e-02 5.000000e-02
<GCONST> 4.703659e+01
<TRANSP> 28
 0.000000e+00 1.000000e+00 0.000000e+00 0.000000e+00 0.000000e+00 0.000000e+00 0.000000e+00 0.000000e+00 0.000000e+00 0.000000e+00 0.000000e+00 0.000000e+00 0.000000e+00 0.000000e+00 0.000000e+00 0.000000e+00 0.000000e+00 0.000000e+00 0.000000e+00 0.000000e+00 0.000000e+00 0.000000e+00 0.000000e+00 0.000000e+00 0.000000e+00 0.000000e+00 0.000000e+00 0.000000e+00
 0.000000e+00 6.428308e-01 3.571692e-01 0.000000e+00 0.000000e+00 0.000000e+00 0.000000e+00 0.000000e+00 0.000000e+00 0.000000e+00 0.000000e+00 0.000000e+00 0.000000e+00 0.000000e+00 0.000000e+00 0.000000e+00 0.000000e+00 0.000000e+00 0.000000e+00 0.000000e+00 0.000000e+00 0.000000e+00 0.000000e+00 0.000000e+00 0.000000e+00 0.000000e+00 0.000000e+00 0.000000e+00
 0.000000e+00 0.000000e+00 3.750812e-01 6.249188e-01 0.000000e+00 0.000000e+00 0.000000e+00 0.000000e+00 0.000000e+00 0.000000e+00 0.000000e+00 0.000000e+00 0.000000e+00 0.000000e+00 0.000000e+00 0.000000e+00 0.000000e+00 0.000000e+00 0.000000e+00 0.000000e+00 0.000000e+00 0.000000e+00 0.000000e+00 0.000000e+00 0.000000e+00 0.000000e+00 0.000000e+00 0.000000e+00
 0.000000e+00 0.000000e+00 0.000000e+00 4.997926e-01 5.002074e-01 0.000000e+00 0.000000e+00 0.000000e+00 0.000000e+00 0.000000e+00 0.000000e+00 0.000000e+00 0.000000e+00 0.000000e+00 0.000000e+00 0.000000e+00 0.000000e+00 0.000000e+00 0.000000e+00 0.000000e+00 0.000000e+00 0.000000e+00 0.000000e+00 0.000000e+00 0.000000e+00 0.000000e+00 0.000000e+00 0.000000e+00
 0.000000e+00 0.000000e+00 0.000000e+00 0.000000e+00 4.446840e-01 5.553160e-01 0.000000e+00 0.000000e+00 0.000000e+00 0.000000e+00 0.000000e+00 0.000000e+00 0.000000e+00 0.000000e+00 0.000000e+00 0.000000e+00 0.000000e+00 0.000000e+00 0.000000e+00 0.000000e+00 0.000000e+00 0.000000e+00 0.000000e+00 0.000000e+00 0.000000e+00 0.000000e+00 0.000000e+00 0.000000e+00
 0.000000e+00 0.000000e+00 0.000000e+00 0.000000e+00 0.000000e+00 5.454652e-01 4.545348e-01 0.000000e+00 0.000000e+00 0.000000e+00 0.000000e+00 0.000000e+00 0.000000e+00 0.000000e+00 0.000000e+00 0.000000e+00 0.000000e+00 0.000000e+00 0.000000e+00 0.000000e+00 0.000000e+00 0.000000e+00 0.000000e+00 0.000000e+00 0.000000e+00 0.000000e+00 0.000000e+00 0.000000e+00
 0.000000e+00 0.000000e+00 0.000000e+00 0.000000e+00 0.000000e+00 0.000000e+00 4.999742e-01 5.000258e-01 0.000000e+00 0.000000e+00 0.000000e+00 0.000000e+00 0.000000e+00 0.000000e+00 0.000000e+00 0.000000e+00 0.000000e+00 0.000000e+00 0.000000e+00 0.000000e+00 0.000000e+00 0.000000e+00 0.000000e+00 0.000000e+00 0.000000e+00 0.000000e+00 0.000000e+00 0.000000e+00
 0.000000e+00 0.000000e+00 0.000000e+00 0.000000e+00 0.000000e+00 0.000000e+00 0.000000e+00 4.444582e-01 5.555419e-01 0.000000e+00 0.000000e+00 0.000000e+00 0.000000e+00 0.000000e+00 0.000000e+00 0.000000e+00 0.000000e+00 0.000000e+00 0.000000e+00 0.000000e+00 0.000000e+00 0.000000e+00 0.000000e+00 0.000000e+00 0.000000e+00 0.000000e+00 0.000000e+00 0.000000e+00
 0.000000e+00 0.000000e+00 0.000000e+00 0.000000e+00 0.000000e+00 0.000000e+00 0.000000e+00 0.000000e+00 2.893075e-01 7.106925e-01 0.000000e+00 0.000000e+00 0.000000e+00 0.000000e+00 0.000000e+00 0.000000e+00 0.000000e+00 0.000000e+00 0.000000e+00 0.000000e+00 0.000000e+00 0.000000e+00 0.000000e+00 0.000000e+00 0.000000e+00 0.000000e+00 0.000000e+00 0.000000e+00
 0.000000e+00 0.000000e+00 0.000000e+00 0.000000e+00 0.000000e+00 0.000000e+00 0.000000e+00 0.000000e+00 0.000000e+00 6.141949e-01 3.858051e-01 0.000000e+00 0.000000e+00 0.000000e+00 0.000000e+00 0.000000e+00 0.000000e+00 0.000000e+00 0.000000e+00 0.000000e+00 0.000000e+00 0.000000e+00 0.000000e+00 0.000000e+00 0.000000e+00 0.000000e+00 0.000000e+00 0.000000e+00
 0.000000e+00 0.000000e+00 0.000000e+00 0.000000e+00 0.000000e+00 0.000000e+00 0.000000e+00 0.000000e+00 0.000000e+00 0.000000e+00 2.865404e-01 7.134596e-01 0.000000e+00 0.000000e+00 0.000000e+00 0.000000e+00 0.000000e+00 0.000000e+00 0.000000e+00 0.000000e+00 0.000000e+00 0.000000e+00 0.000000e+00 0.000000e+00 0.000000e+00 0.000000e+00 0.000000e+00 0.000000e+00
 0.000000e+00 0.000000e+00 0.000000e+00 0.000000e+00 0.000000e+00 0.000000e+00 0.000000e+00 0.000000e+00 0.000000e+00 0.000000e+00 0.000000e+00 4.998406e-01 5.001594e-01 0.000000e+00 0.000000e+00 0.000000e+00 0.000000e+00 0.000000e+00 0.000000e+00 0.000000e+00 0.000000e+00 0.000000e+00 0.000000e+00 0.000000e+00 0.000000e+00 0.000000e+00 0.000000e+00 0.000000e+00
 0.000000e+00 0.000000e+00 0.000000e+00 0.000000e+00 0.000000e+00 0.000000e+00 0.000000e+00 0.000000e+00 0.000000e+00 0.000000e+00 0.000000e+00 0.000000e+00 3.747563e-01 6.252437e-01 0.000000e+00 0.000000e+00 0.000000e+00 0.000000e+00 0.000000e+00 0.000000e+00 0.000000e+00 0.000000e+00 0.000000e+00 0.000000e+00 0.000000e+00 0.000000e+00 0.000000e+00 0.000000e+00
 0.000000e+00 0.000000e+00 0.000000e+00 0.000000e+00 0.000000e+00 0.000000e+00 0.000000e+00 0.000000e+00 0.000000e+00 0.000000e+00 0.000000e+00 0.000000e+00 0.000000e+00 5.835039e-01 4.164961e-01 0.000000e+00 0.000000e+00 0.000000e+00 0.000000e+00 0.000000e+00 0.000000e+00 0.000000e+00 0.000000e+00 0.000000e+00 0.000000e+00 0.000000e+00 0.000000e+00 0.000000e+00
 0.000000e+00 0.000000e+00 0.000000e+00 0.000000e+00 0.000000e+00 0.000000e+00 0.000000e+00 0.000000e+00 0.000000e+00 0.000000e+00 0.000000e+00 0.000000e+00 0.000000e+00 0.000000e+00 5.830547e-01 4.169454e-01 0.000000e+00 0.000000e+00 0.000000e+00 0.000000e+00 0.000000e+00 0.000000e+00 0.000000e+00 0.000000e+00 0.000000e+00 0.000000e+00 0.000000e+00 0.000000e+00
 0.000000e+00 0.000000e+00 0.000000e+00 0.000000e+00 0.000000e+00 0.000000e+00 0.000000e+00 0.000000e+00 0.000000e+00 0.000000e+00 0.000000e+00 0.000000e+00 0.000000e+00 0.000000e+00 0.000000e+00 5.468594e-01 4.531406e-01 0.000000e+00 0.000000e+00 0.000000e+00 0.000000e+00 0.000000e+00 0.000000e+00 0.000000e+00 0.000000e+00 0.000000e+00 0.000000e+00 0.000000e+00
 0.000000e+00 0.000000e+00 0.000000e+00 0.000000e+00 0.000000e+00 0.000000e+00 0.000000e+00 0.000000e+00 0.000000e+00 0.000000e+00 0.000000e+00 0.000000e+00 0.000000e+00 0.000000e+00 0.000000e+00 0.000000e+00 5.443314e-01 4.556686e-01 0.000000e+00 0.000000e+00 0.000000e+00 0.000000e+00 0.000000e+00 0.000000e+00 0.000000e+00 0.000000e+00 0.000000e+00 0.000000e+00
 0.000000e+00 0.000000e+00 0.000000e+00 0.000000e+00 0.000000e+00 0.000000e+00 0.000000e+00 0.000000e+00 0.000000e+00 0.000000e+00 0.000000e+00 0.000000e+00 0.000000e+00 0.000000e+00 0.000000e+00 0.000000e+00 0.000000e+00 4.442942e-01 5.557058e-01 0.000000e+00 0.000000e+00 0.000000e+00 0.000000e+00 0.000000e+00 0.000000e+00 0.000000e+00 0.000000e+00 0.000000e+00
 0.000000e+00 0.000000e+00 0.000000e+00 0.000000e+00 0.000000e+00 0.000000e+00 0.000000e+00 0.000000e+00 0.000000e+00 0.000000e+00 0.000000e+00 0.000000e+00 0.000000e+00 0.000000e+00 0.000000e+00 0.000000e+00 0.000000e+00 0.000000e+00 5.052015e-01 4.947985e-01 0.000000e+00 0.000000e+00 0.000000e+00 0.000000e+00 0.000000e+00 0.000000e+00 0.000000e+00 0.000000e+00
 0.000000e+00 0.000000e+00 0.000000e+00 0.000000e+00 0.000000e+00 0.000000e+00 0.000000e+00 0.000000e+00 0.000000e+00 0.000000e+00 0.000000e+00 0.000000e+00 0.000000e+00 0.000000e+00 0.000000e+00 0.000000e+00 0.000000e+00 0.000000e+00 0.000000e+00 4.953731e-01 5.046269e-01 0.000000e+00 0.000000e+00 0.000000e+00 0.000000e+00 0.000000e+00 0.000000e+00 0.000000e+00
 0.000000e+00 0.000000e+00 0.000000e+00 0.000000e+00 0.000000e+00 0.000000e+00 0.000000e+00 0.000000e+00 0.000000e+00 0.000000e+00 0.000000e+00 0.000000e+00 0.000000e+00 0.000000e+00 0.000000e+00 0.000000e+00 0.000000e+00 0.000000e+00 0.000000e+00 0.000000e+00 4.456535e-01 5.543466e-01 0.000000e+00 0.000000e+00 0.000000e+00 0.000000e+00 0.000000e+00 0.000000e+00
 0.000000e+00 0.000000e+00 0.000000e+00 0.000000e+00 0.000000e+00 0.000000e+00 0.000000e+00 0.000000e+00 0.000000e+00 0.000000e+00 0.000000e+00 0.000000e+00 0.000000e+00 0.000000e+00 0.000000e+00 0.000000e+00 0.000000e+00 0.000000e+00 0.000000e+00 0.000000e+00 0.000000e+00 4.425727e-01 5.574273e-01 0.000000e+00 0.000000e+00 0.000000e+00 0.000000e+00 0.000000e+00
 0.000000e+00 0.000000e+00 0.000000e+00 0.000000e+00 0.000000e+00 0.000000e+00 0.000000e+00 0.000000e+00 0.000000e+00 0.000000e+00 0.000000e+00 0.000000e+00 0.000000e+00 0.000000e+00 0.000000e+00 0.000000e+00 0.000000e+00 0.000000e+00 0.000000e+00 0.000000e+00 0.000000e+00 0.000000e+00 5.006125e-01 4.993875e-01 0.000000e+00 0.000000e+00 0.000000e+00 0.000000e+00
 0.000000e+00 0.000000e+00 0.000000e+00 0.000000e+00 0.000000e+00 0.000000e+00 0.000000e+00 0.000000e+00 0.000000e+00 0.000000e+00 0.000000e+00 0.000000e+00 0.000000e+00 0.000000e+00 0.000000e+00 0.000000e+00 0.000000e+00 0.000000e+00 0.000000e+00 0.000000e+00 0.000000e+00 0.000000e+00 0.000000e+00 3.744528e-01 6.255472e-01 0.000000e+00 0.000000e+00 0.000000e+00
 0.000000e+00 0.000000e+00 0.000000e+00 0.000000e+00 0.000000e+00 0.000000e+00 0.000000e+00 0.000000e+00 0.000000e+00 0.000000e+00 0.000000e+00 0.000000e+00 0.000000e+00 0.000000e+00 0.000000e+00 0.000000e+00 0.000000e+00 0.000000e+00 0.000000e+00 0.000000e+00 0.000000e+00 0.000000e+00 0.000000e+00 0.000000e+00 4.444718e-01 5.555282e-01 0.000000e+00 0.000000e+00
 0.000000e+00 0.000000e+00 0.000000e+00 0.000000e+00 0.000000e+00 0.000000e+00 0.000000e+00 0.000000e+00 0.000000e+00 0.000000e+00 0.000000e+00 0.000000e+00 0.000000e+00 0.000000e+00 0.000000e+00 0.000000e+00 0.000000e+00 0.000000e+00 0.000000e+00 0.000000e+00 0.000000e+00 0.000000e+00 0.000000e+00 0.000000e+00 0.000000e+00 5.451332e-01 4.548668e-01 0.000000e+00
 0.000000e+00 0.000000e+00 0.000000e+00 0.000000e+00 0.000000e+00 0.000000e+00 0.000000e+00 0.000000e+00 0.000000e+00 0.000000e+00 0.000000e+00 0.000000e+00 0.000000e+00 0.000000e+00 0.000000e+00 0.000000e+00 0.000000e+00 0.000000e+00 0.000000e+00 0.000000e+00 0.000000e+00 0.000000e+00 0.000000e+00 0.000000e+00 0.000000e+00 0.000000e+00 2.857521e-01 7.142479e-01
 0.000000e+00 0.000000e+00 0.000000e+00 0.000000e+00 0.000000e+00 0.000000e+00 0.000000e+00 0.000000e+00 0.000000e+00 0.000000e+00 0.000000e+00 0.000000e+00 0.000000e+00 0.000000e+00 0.000000e+00 0.000000e+00 0.000000e+00 0.000000e+00 0.000000e+00 0.000000e+00 0.000000e+00 0.000000e+00 0.000000e+00 0.000000e+00 0.000000e+00 0.000000e+00 0.000000e+00 0.000000e+00
<ENDHMM>
