~o
<STREAMINFO> 1 39
<VECSIZE> 39<NULLD><MFCC_E_D_A><DIAGC>
~h "Xoa"
<BEGINHMM>
<NUMSTATES> 26
<STATE> 2
<MEAN> 39
 -8.078521e+00 -8.142907e+00 -3.684939e+00 -4.002298e-01 8.000060e-01 -4.121554e+00 3.591990e+00 -8.009932e-01 2.440560e+00 -3.979171e+00 1.656628e+00 -2.541123e+00 -8.185396e-02 -1.353808e+00 1.783698e+00 -1.511322e+00 7.513105e-01 8.300170e-02 -3.842984e-01 9.853083e-01 -3.265843e-01 3.894479e-01 -4.252361e-01 3.746853e-01 -4.292429e-01 2.445108e-02 -5.082036e-01 8.228985e-01 -5.139494e-01 1.716702e-01 7.429356e-03 -1.221483e-01 1.657984e-01 -2.056262e-01 4.517698e-02 3.638253e-02 1.437581e-01 8.615749e-02 1.428460e-02
<VARIANCE> 39
 5.977434e+00 5.307771e+00 4.889824e+00 2.550448e+00 8.447747e+00 5.544731e+00 8.715015e+00 3.080556e+01 6.587283e+00 1.148243e+01 5.216406e+00 3.992900e+00 5.000000e-02 9.907364e-01 1.710330e+00 1.422623e+00 4.757622e-01 1.074064e+00 5.223179e-01 7.178962e-01 1.873602e+00 4.877325e-01 1.016304e+00 4.616523e-01 9.449521e-01 5.000000e-02 9.473128e-02 9.922205e-02 1.702358e-01 1.194762e-01 2.880601e-01 1.422245e-01 1.842826e-01 4.599798e-01 1.368400e-01 2.982969e-01 7.074746e-02 1.776921e-01 5.000000e-02
<GCONST> 6.199641e+01
<STATE> 3
<MEAN> 39
 -1.399418e+01 -2.963834e-01 -9.998367e+00 2.871163e+00 1.593842e+00 -6.628384e+00 7.404581e+00 -2.444233e+00 4.825218e+00 -3.722347e+00 3.568482e+00 -2.371866e+00 3.363341e-02 -2.363175e+00 2.964274e+00 -2.726463e+00 8.190258e-01 -1.064137e-01 -1.174534e-01 6.306567e-01 -3.471380e-01 3.505887e-01 4.129747e-02 1.582297e-01 -1.835013e-01 6.095251e-02 1.808992e-01 -2.101864e-01 -5.394793e-02 -1.972640e-01 -1.507788e-01 2.880873e-01 -5.434395e-01 3.071758e-02 -2.349639e-01 -1.340246e-02 -8.944594e-02 -1.684945e-01 1.243646e-02
<VARIANCE> 39
 9.534510e+00 8.131743e+00 6.586527e+00 5.232627e+00 1.021392e+01 1.468604e+01 1.310272e+01 1.847747e+01 6.405209e+00 1.254230e+01 1.266831e+01 9.642079e+00 5.000000e-02 1.581964e+00 1.427093e+00 5.896097e-01 9.979388e-01 3.232755e+00 2.726668e+00 1.908049e+00 3.865371e+00 1.479282e+00 1.871719e+00 1.871208e+00 1.652938e+00 5.000000e-02 5.725963e-01 1.388410e-01 1.442763e-01 1.051540e-01 3.488137e-01 1.406289e-01 2.890803e-01 3.842407e-01 1.431347e-01 3.445736e-01 3.463316e-01 2.871036e-01 5.000000e-02
<GCONST> 7.962774e+01
<STATE> 4
<MEAN> 39
 -2.076937e+01 7.961404e+00 -1.851145e+01 3.488070e+00 1.519205e+00 -5.337759e+00 5.758895e+00 -3.883299e+00 4.029799e+00 -5.398861e+00 2.982984e+00 -4.580271e+00 3.358177e-01 -9.737508e-01 9.711097e-01 -1.164562e+00 5.149727e-01 -3.762465e-01 -5.310853e-01 -9.623280e-01 -3.683626e-01 3.034759e-02 -5.322841e-01 1.687886e-01 1.111433e-03 6.356388e-02 6.079171e-01 -9.035154e-01 7.066173e-01 -1.129224e-01 -2.398354e-01 -3.554508e-01 -1.634156e-01 1.338662e-01 1.571858e-01 -5.255508e-02 -3.865267e-02 2.555472e-01 -1.254439e-02
<VARIANCE> 39
 3.915940e+01 2.073837e+01 2.003626e+01 1.719479e+01 1.980998e+01 4.156394e+01 2.436802e+01 3.516077e+01 2.016640e+01 2.282294e+01 1.331554e+01 6.429273e+00 5.000000e-02 3.187422e+00 3.095443e+00 3.807374e+00 8.127460e-01 1.917123e+00 1.942287e+00 2.056307e+00 3.905621e+00 1.267766e+00 1.983424e+00 1.803002e+00 1.036616e+00 5.000000e-02 5.956559e-01 3.669890e-01 4.925841e-01 2.900833e-01 3.850934e-01 5.414206e-01 5.066733e-01 6.199018e-01 4.236537e-01 3.847234e-01 4.103363e-01 2.107647e-01 5.000000e-02
<GCONST> 9.719027e+01
<STATE> 5
<MEAN> 39
 -2.090897e+01 7.770988e+00 -1.870487e+01 6.080374e+00 -2.707865e+00 -1.069584e+01 2.998741e+00 -6.434362e+00 6.194019e+00 -6.000709e+00 4.175325e+00 -1.613687e+00 4.066474e-01 2.435547e+00 -3.097872e+00 4.646076e-02 -2.458526e+00 -1.126590e+00 -1.155744e+00 -5.720575e-01 6.009331e-01 1.199697e+00 1.232769e-01 -1.531856e+00 2.068160e-01 4.541755e-02 1.568852e+00 -1.998328e+00 -1.238379e-02 -1.666848e+00 4.346225e-01 3.180093e-01 1.940057e-01 5.866975e-01 7.231277e-02 3.644571e-01 -1.056121e+00 -3.701445e-01 2.026059e-02
<VARIANCE> 39
 3.274612e+01 2.480748e+01 1.196078e+01 2.821608e+01 2.781993e+01 3.175370e+01 7.034661e+00 1.379987e+01 9.436906e+00 2.501138e+01 1.329281e+01 1.756198e+01 5.000000e-02 6.323900e+00 7.258545e+00 3.240263e+00 7.566317e+00 2.411643e+00 3.761558e+00 2.179054e+00 3.320659e+00 1.065549e+00 3.326847e+00 3.404063e+00 1.950689e+00 5.000000e-02 4.362963e-01 2.914274e-01 4.353834e-01 4.223019e-01 8.952083e-01 6.950629e-01 3.307426e-01 5.547562e-01 1.608729e-01 6.116501e-01 3.016278e-01 4.302220e-01 5.000000e-02
<GCONST> 1.015696e+02
<STATE> 6
<MEAN> 39
 -6.122434e+00 -9.979309e+00 -1.787610e+01 -8.206409e+00 -3.249260e+00 -1.075684e+01 1.604178e+00 1.727598e+00 8.608204e+00 -4.892632e+00 -4.884160e+00 -4.117071e+00 6.251463e-01 5.500834e+00 -7.870651e+00 -4.553208e-01 -5.329013e+00 1.394985e+00 4.531119e-01 -3.272868e-01 1.698841e+00 4.708807e-01 8.730281e-01 -3.589185e+00 -1.550126e+00 1.307611e-01 -6.636218e-01 2.261212e-01 -1.002062e-01 5.106797e-01 1.183590e+00 8.347985e-01 4.651652e-01 -8.817791e-01 -7.045006e-01 2.916488e-01 8.069292e-01 -5.176418e-01 4.750727e-03
<VARIANCE> 39
 6.781848e+01 3.758532e+01 4.701361e+01 3.725993e+01 8.564293e+00 3.087750e+01 2.450928e+01 2.003249e+01 1.299337e+01 8.503946e+00 4.784261e+01 1.120075e+01 5.000000e-02 2.452188e+00 1.193163e+00 1.554957e+00 1.505259e+00 4.763713e+00 4.625948e+00 1.278960e+00 1.657703e+00 2.236624e+00 1.203697e+00 2.305141e+00 2.332813e+00 5.000000e-02 8.068022e-01 9.664263e-01 9.579086e-01 1.032250e+00 2.915989e-01 4.827168e-01 1.670814e-01 3.145670e-01 6.377200e-01 2.872174e-01 1.148502e+00 1.914686e-01 5.000000e-02
<GCONST> 1.008269e+02
<STATE> 7
<MEAN> 39
 -7.234515e-01 -2.410375e+01 -1.933923e+01 -1.578372e+01 3.965535e+00 -6.987510e+00 2.881732e+00 -1.790075e+00 7.289237e+00 -2.807708e+00 -7.386838e+00 -8.134167e+00 8.843287e-01 9.748566e-01 -2.921738e+00 -1.833441e-01 -1.370492e+00 2.983177e+00 2.119302e+00 1.004172e+00 -2.076798e+00 -2.184950e+00 1.987152e+00 1.418427e+00 -1.729745e+00 6.712242e-02 -1.188894e+00 1.906026e+00 1.437133e-01 1.181341e+00 -2.302301e-01 4.391363e-01 1.788733e-01 -6.222670e-01 -5.442342e-01 2.331206e-01 1.224681e+00 2.995631e-01 -2.845839e-02
<VARIANCE> 39
 7.953992e+00 1.446619e+01 1.293673e+01 1.974508e+01 4.011425e+01 2.592039e+01 2.660176e+01 3.444830e+01 4.040010e+01 1.878517e+01 2.084674e+01 2.530992e+01 5.000000e-02 2.514571e+00 3.963593e+00 3.864491e+00 4.196090e+00 2.341462e+00 1.928745e+00 1.058695e+00 3.886936e-01 5.673289e+00 1.689333e+00 3.922849e+00 8.269948e-01 5.000000e-02 5.085587e-01 3.302400e-01 3.446632e-01 3.631285e-01 8.565271e-01 3.985605e-01 2.600487e-01 4.253492e-01 7.511486e-01 2.060440e-01 6.095719e-01 4.388560e-01 5.000000e-02
<GCONST> 9.846470e+01
<STATE> 8
<MEAN> 39
 -1.440478e-01 -2.412571e+01 -2.007814e+01 -1.623203e+01 8.129918e+00 -3.988269e-01 6.456044e+00 -8.290910e+00 9.941056e-01 2.904567e+00 -7.456344e-01 -1.087566e+01 9.534192e-01 -7.527291e-02 3.149254e-01 -2.376129e-02 -4.728749e-01 4.064465e-01 2.057543e+00 7.156888e-01 -1.340943e+00 -1.352070e-01 8.500065e-01 1.211823e+00 4.314163e-01 1.299503e-02 -8.778878e-02 3.487998e-01 3.482826e-03 1.742691e-01 -6.030117e-01 -1.946687e-01 -2.896335e-01 3.302981e-01 7.605345e-01 -6.234174e-01 -4.474698e-01 5.894268e-01 -8.585550e-03
<VARIANCE> 39
 5.755893e+00 8.011629e+00 6.841256e+00 6.388540e+00 4.184531e+00 1.341690e+01 3.330865e+01 2.453204e+01 6.683259e+01 2.109890e+01 1.099762e+01 4.650980e+00 5.000000e-02 3.871060e-01 4.087445e-01 5.614190e-01 9.594875e-01 1.431233e+00 3.228262e-01 1.079799e+00 4.187984e-01 4.334034e+00 1.906644e+00 7.210379e-01 1.577987e+00 5.000000e-02 1.085048e-01 2.347892e-01 1.722888e-01 2.024102e-01 2.112510e-01 9.235416e-02 1.677391e-01 7.660872e-02 8.722930e-01 3.016314e-01 7.720082e-02 1.817537e-01 5.000000e-02
<GCONST> 6.951242e+01
<STATE> 9
<MEAN> 39
 8.063973e-01 -2.515977e+01 -1.855429e+01 -1.779320e+01 9.924122e+00 4.920882e+00 4.462156e+00 -5.340301e+00 -2.409677e+00 5.092947e+00 -3.085787e+00 -9.147593e+00 9.823481e-01 -1.325718e-02 -3.158171e-01 -5.626042e-02 4.156888e-01 -3.615156e-03 8.983048e-01 -3.244646e-01 -1.343408e-01 -1.150281e-01 -6.379348e-01 -1.694383e-01 3.877724e-01 1.344711e-03 -6.858237e-02 -1.891059e-01 3.588604e-02 1.176566e-01 6.869722e-02 -4.113846e-01 -1.191534e-01 1.572256e-01 -1.394849e-01 -1.303714e-01 -7.777824e-02 -1.208654e-01 -4.582969e-04
<VARIANCE> 39
 7.513927e+00 7.195058e+00 7.024618e+00 3.252593e+00 9.694835e+00 1.380626e+01 1.642145e+01 3.028912e+01 5.183834e+01 1.442511e+01 1.329644e+01 1.005371e+01 5.000000e-02 2.764621e-01 3.719120e-01 5.088896e-01 3.021479e-01 6.454806e-01 5.544515e-01 3.538596e-01 6.277973e-01 9.497885e-01 2.516499e-01 3.604705e-01 9.128230e-01 5.000000e-02 5.000000e-02 6.845559e-02 1.015066e-01 5.000000e-02 1.446217e-01 7.660028e-02 1.617826e-01 5.000000e-02 1.428248e-01 9.267903e-02 1.532191e-01 2.457883e-01 5.000000e-02
<GCONST> 5.532118e+01
<STATE> 10
<MEAN> 39
 -1.772660e+00 -2.501616e+01 -1.854845e+01 -1.545028e+01 7.839599e+00 6.806075e+00 5.506881e+00 -1.113932e+01 5.784356e+00 -1.328249e+00 1.179173e+00 -6.753443e+00 9.760717e-01 -3.426097e-01 -5.457462e-01 4.755199e-01 2.376301e-01 5.106533e-01 4.646391e-01 1.534017e-01 -8.036698e-02 -6.267758e-02 -6.617464e-01 -1.676088e-01 -1.614578e-01 1.112186e-03 -1.036218e-01 -1.022051e-01 3.794890e-02 -8.686376e-03 1.512170e-01 -1.794712e-01 2.277911e-03 7.535786e-02 -5.783258e-02 2.728138e-02 -2.452884e-01 -2.034475e-01 -1.270759e-03
<VARIANCE> 39
 1.200728e+01 9.482793e+00 1.278579e+01 7.572071e+00 6.091658e+00 7.604621e+00 2.067750e+01 2.188708e+01 3.910044e+01 1.409786e+01 1.330801e+01 4.916652e+00 5.000000e-02 2.164155e-01 2.351892e-01 4.131817e-01 4.162250e-01 2.616426e-01 1.038744e+00 6.675289e-01 1.750496e-01 6.115216e-01 2.181813e-01 6.430763e-01 6.140644e-01 5.000000e-02 5.000000e-02 5.000000e-02 6.569764e-02 5.659789e-02 7.949175e-02 1.360531e-01 1.687572e-01 1.237576e-01 5.000000e-02 7.052612e-02 7.324578e-02 6.345369e-02 5.000000e-02
<GCONST> 5.030987e+01
<STATE> 11
<MEAN> 39
 -1.495858e+00 -2.759954e+01 -1.745984e+01 -1.390772e+01 1.165866e+01 6.406831e+00 4.693432e+00 -8.111615e+00 -2.385266e-01 -1.022711e-01 -3.166555e+00 -8.276146e+00 9.767486e-01 -2.309611e-01 -5.869402e-01 -2.599909e-01 9.873306e-01 -8.145508e-02 -1.780335e-01 -8.108753e-01 8.683731e-02 -7.674339e-02 -7.886217e-01 -6.897226e-01 -9.513038e-02 8.241242e-04 5.936120e-02 1.087421e-01 -2.107275e-01 2.894071e-01 -3.896395e-01 -1.451390e-01 -1.402087e-01 3.773973e-02 1.627397e-02 -2.840250e-01 3.430929e-02 1.196632e-02 -1.246201e-03
<VARIANCE> 39
 2.164112e+01 8.919837e+00 2.049686e+01 7.243612e+00 9.401601e+00 1.482091e+01 1.435357e+01 3.732437e+01 6.358500e+01 2.152664e+01 1.050375e+01 3.461826e+00 5.000000e-02 3.532677e-01 3.138782e-01 4.395883e-01 6.373494e-01 1.541001e+00 5.174382e-01 3.504409e-01 1.030642e+00 9.111810e-01 7.336230e-01 2.793652e-01 1.656489e-01 5.000000e-02 5.000000e-02 8.505925e-02 6.526517e-02 1.082236e-01 1.401380e-01 7.793073e-02 5.000000e-02 5.000000e-02 1.518821e-01 5.460877e-02 5.354261e-02 9.363212e-02 5.000000e-02
<GCONST> 5.578729e+01
<STATE> 12
<MEAN> 39
 -3.989694e+00 -2.813431e+01 -2.097701e+01 -9.084453e+00 7.384913e+00 5.223114e+00 2.947966e+00 -1.146968e+01 2.272520e+00 -7.048291e+00 -3.086118e+00 -9.587584e+00 9.661396e-01 -2.090307e-01 2.357065e-02 -8.374241e-03 1.458388e+00 -2.792225e-01 -6.761143e-01 -8.806171e-01 2.002856e-01 -4.679531e-02 -1.625383e+00 -2.880969e-01 -2.154417e-01 -9.385969e-03 1.492793e-01 1.310940e-01 3.923754e-01 -1.577483e-01 2.975740e-01 -1.216200e-01 -7.951790e-03 4.236772e-01 -7.237510e-02 2.107893e-01 8.687381e-02 2.767097e-01 -1.696274e-03
<VARIANCE> 39
 3.357587e+01 1.376002e+01 1.177268e+01 2.031491e+01 8.927885e+00 1.759013e+01 1.016966e+01 2.924410e+01 4.525962e+01 2.735632e+01 7.265652e+00 5.666633e+00 5.000000e-02 1.328767e-01 4.769261e-01 6.837062e-01 4.366749e-01 8.891734e-01 3.150748e-01 1.079952e+00 6.982366e-01 3.594509e-01 3.521324e-01 2.062057e-01 9.661989e-01 5.000000e-02 5.149950e-02 1.437346e-01 1.198305e-01 8.257878e-02 2.187303e-01 1.816406e-01 1.327497e-01 2.556159e-01 2.132546e-01 1.889156e-01 5.603329e-02 2.206248e-01 5.000000e-02
<GCONST> 6.295555e+01
<STATE> 13
<MEAN> 39
 -2.313901e+00 -2.737170e+01 -1.821278e+01 -5.074234e+00 9.827344e+00 3.017650e+00 -2.164802e-01 -7.621467e+00 2.332209e+00 -8.754730e+00 -4.193065e+00 -8.658781e+00 9.308396e-01 2.902137e-01 -2.706440e-02 1.139486e+00 5.497023e-01 -9.851990e-02 -2.905580e-01 -1.443539e+00 2.165112e+00 -8.547111e-01 -3.667427e-02 -2.685831e-01 1.354389e+00 -1.126120e-02 -4.856586e-03 -3.541972e-02 1.335753e-01 -3.935248e-01 -1.855786e-01 2.367102e-01 4.312455e-02 2.888961e-01 -3.348872e-01 4.959498e-02 9.534951e-02 3.908090e-01 -2.352045e-03
<VARIANCE> 39
 3.003382e+01 3.088212e+00 1.374381e+01 1.621777e+01 9.461565e+00 1.372839e+01 1.818414e+01 2.749716e+01 2.724834e+01 1.970331e+01 1.158556e+01 8.517716e+00 5.000000e-02 5.831833e-01 6.618770e-01 5.441565e-01 6.702744e-01 1.282502e+00 1.766391e+00 1.359416e+00 7.205377e-01 8.714597e-01 1.179398e+00 4.437347e-01 1.283290e+00 5.000000e-02 9.115259e-02 5.000000e-02 1.363082e-01 5.000000e-02 1.832687e-01 1.041042e-01 3.408319e-01 1.921762e-01 5.062275e-02 2.202582e-01 7.684398e-02 1.472346e-01 5.000000e-02
<GCONST> 6.684408e+01
<STATE> 14
<MEAN> 39
 -2.577508e+00 -2.966545e+01 -1.373715e+01 -7.931612e+00 7.840234e+00 3.914226e+00 -4.365314e+00 -2.720497e-01 -2.843379e+00 -9.708864e+00 -5.431703e+00 -2.223635e+00 8.937471e-01 -5.303684e-01 -9.905497e-03 5.135277e-01 -5.681192e-01 -2.834077e-01 -5.341241e-01 9.918211e-02 1.511722e+00 -9.896212e-01 -8.921774e-01 3.684476e-01 1.416694e+00 -2.185316e-02 -3.602990e-01 6.960333e-02 -1.946171e-01 -1.584489e-01 2.014642e-01 -3.280485e-01 3.011782e-01 -4.529165e-01 4.060245e-01 1.637567e-01 7.031737e-02 -3.269370e-01 -5.500320e-03
<VARIANCE> 39
 8.459717e+00 3.344878e+00 8.802332e+00 8.573026e+00 9.969106e+00 2.306048e+01 2.311806e+01 1.270998e+01 1.994909e+01 1.824399e+01 8.166471e+00 1.264824e+01 5.000000e-02 5.653143e-01 8.422279e-01 6.573900e-01 5.761631e-01 4.288474e-01 6.325549e-01 2.055768e+00 5.544045e-01 8.648096e-01 9.953259e-01 5.425245e-01 5.549801e-01 5.000000e-02 9.011633e-02 1.540538e-01 1.609454e-01 1.102311e-01 8.466079e-02 1.671815e-01 2.702031e-01 1.478735e-01 1.118343e-01 2.863619e-01 8.522962e-02 1.276320e-01 5.000000e-02
<GCONST> 6.402557e+01
<STATE> 15
<MEAN> 39
 -5.985834e+00 -2.750267e+01 -1.394233e+01 -9.298295e+00 1.105795e+01 -2.506995e+00 -3.172052e-01 2.522145e+00 -3.868635e+00 -9.618274e+00 -3.874502e+00 2.306001e-01 8.024335e-01 -4.338325e-01 -1.594400e-01 4.150483e-01 -5.381323e-01 1.593485e-02 -1.021705e+00 -5.452844e-02 -5.592812e-01 8.853650e-01 1.240991e-01 -4.343643e-01 1.360401e-01 -5.377483e-02 7.445288e-01 -1.493819e-01 -1.181671e-01 5.487129e-01 -5.612114e-01 4.988725e-01 -1.202490e-01 -6.256501e-01 2.589855e-01 1.162438e-01 -2.803485e-01 -3.167546e-01 -9.732978e-03
<VARIANCE> 39
 1.893733e+01 8.642802e+00 8.225127e+00 2.352839e+01 3.752760e+01 4.606184e+01 4.049819e+01 1.566689e+01 1.433682e+01 4.659355e+00 5.515005e+00 6.114675e+00 5.000000e-02 2.559722e+00 1.112136e+00 5.941529e-01 2.018340e+00 3.929349e+00 2.669042e+00 4.640826e-01 2.664998e+00 3.804393e-01 1.541677e+00 9.846033e-01 4.300598e-01 5.000000e-02 3.584183e-01 2.718723e-01 9.227125e-02 4.321190e-01 5.933791e-01 5.158557e-01 2.119968e-01 5.839182e-01 2.021912e-01 1.950166e-01 1.770236e-01 1.338470e-01 5.000000e-02
<GCONST> 8.127931e+01
<STATE> 16
<MEAN> 39
 -4.036899e+00 -2.967499e+01 -1.239717e+01 -9.349544e+00 5.362487e+00 3.963610e-01 -4.783752e+00 -9.426715e-01 -9.196556e-01 -1.144883e+01 -6.380143e+00 -8.597623e-01 6.595859e-01 1.457645e+00 5.175529e-01 -1.970530e-01 1.758329e+00 -1.448621e+00 6.022727e-01 9.376170e-02 -1.500425e+00 4.861159e-01 5.149103e-02 -6.189575e-01 -1.367821e-01 -5.869992e-02 3.832646e-01 3.820456e-01 -1.779246e-01 5.645981e-01 1.284069e-01 2.266101e-01 2.362152e-01 -6.230189e-02 3.649345e-02 3.217613e-01 1.972337e-01 8.255336e-02 2.552569e-03
<VARIANCE> 39
 1.078795e+01 3.496701e+00 1.003496e+01 4.333150e+00 1.069940e+01 4.417831e+01 2.347369e+01 1.274357e+01 1.622347e+01 6.958315e+00 2.317832e+01 1.264268e+01 5.000000e-02 2.545485e+00 1.393343e+00 1.078151e+00 1.353422e+00 1.080284e+00 2.168541e+00 1.491628e+00 2.897739e+00 1.493281e+00 1.657939e+00 1.017793e+00 1.218889e+00 5.000000e-02 3.862534e-01 1.615743e-01 1.966401e-01 3.676439e-01 1.638071e-01 4.035244e-01 1.824194e-01 6.558859e-01 1.495031e-01 1.174385e-01 2.749847e-01 1.078774e-01 5.000000e-02
<GCONST> 7.963882e+01
<STATE> 17
<MEAN> 39
 -5.855013e-02 -2.714799e+01 -1.295065e+01 -3.391781e+00 1.951195e+00 2.409382e+00 -2.845616e+00 -5.517432e+00 2.284984e+00 -7.775792e+00 -6.499429e+00 -1.526685e-01 5.227286e-01 1.271256e+00 6.516218e-01 -3.500246e-01 1.633523e+00 -8.080715e-02 2.464887e-01 7.100919e-01 -6.691014e-01 6.791859e-01 1.175657e+00 5.392673e-01 4.943120e-01 -3.654425e-02 -2.656223e-01 -8.978277e-02 -8.784776e-02 -1.357062e-01 6.156950e-01 -2.972026e-01 1.256655e-01 4.490813e-01 -2.411767e-01 -6.399238e-02 2.204702e-01 -1.098488e-01 6.887923e-03
<VARIANCE> 39
 1.431178e+01 5.704404e+00 4.227693e+00 3.909404e+00 9.224307e+00 1.395578e+01 1.588955e+01 4.338884e+01 1.182207e+01 2.435822e+01 6.003351e+00 5.034278e+00 5.000000e-02 1.442540e+00 6.573614e-01 3.862767e-01 1.246671e+00 1.750731e+00 2.325222e+00 1.339972e+00 3.368038e+00 1.439204e+00 6.900069e-01 7.352794e-01 3.328857e-01 5.000000e-02 4.478200e-01 1.375245e-01 1.529228e-01 7.262491e-02 2.153748e-01 1.989747e-01 1.575975e-01 9.703813e-01 2.796582e-01 3.497919e-01 5.266011e-02 2.294793e-01 5.000000e-02
<GCONST> 7.201923e+01
<STATE> 18
<MEAN> 39
 2.680542e+00 -2.526896e+01 -1.531082e+01 9.102527e-01 7.188391e+00 2.148179e-01 -2.117419e-01 -4.746719e+00 3.823846e-01 -7.518191e+00 -3.966438e+00 -7.870182e-01 4.740702e-01 7.004575e-01 3.926528e-01 -8.837829e-01 8.901520e-01 4.806258e-01 -1.136718e+00 6.110947e-01 -1.660217e-01 -2.089191e-01 8.177400e-02 3.885631e-01 -4.535785e-01 -2.243187e-02 -5.194088e-01 -1.586217e-01 -1.144042e-01 -6.919745e-01 -2.131685e-01 -3.091726e-01 -3.038860e-01 2.144549e-01 7.162358e-02 -1.887402e-01 -8.481088e-02 1.773110e-02 7.044386e-03
<VARIANCE> 39
 4.255782e+00 6.964020e+00 7.496488e+00 9.943125e+00 1.048524e+01 1.903513e+01 5.537242e+00 1.742954e+01 1.185654e+01 1.193882e+01 5.911475e+00 1.481478e+01 5.000000e-02 1.614171e+00 3.704204e-01 6.055764e-01 1.462084e+00 1.803154e+00 1.054957e+00 1.348725e+00 2.646748e+00 1.819259e+00 1.524617e+00 4.498453e-01 7.547242e-01 5.000000e-02 1.610952e-01 9.991855e-02 1.121911e-01 1.660954e-01 2.385318e-01 4.089614e-01 1.356892e-01 4.173203e-01 5.468980e-01 3.346427e-01 7.612552e-02 2.190279e-01 5.000000e-02
<GCONST> 7.179822e+01
<STATE> 19
<MEAN> 39
 2.176483e+00 -2.535214e+01 -1.754556e+01 -7.408800e-01 5.478043e+00 -1.423046e+00 1.120560e+00 -3.993921e+00 4.124871e-01 -6.734887e+00 -4.739150e+00 -4.865572e-01 3.992629e-01 -3.079120e-01 1.711829e-01 -3.955604e-01 -1.543209e-01 2.180124e-01 2.153662e-01 9.740171e-02 2.975562e-01 2.204016e-01 2.700716e-01 6.530317e-02 1.597988e-01 -1.695091e-02 -1.101938e-01 2.163216e-02 1.580351e-01 4.634286e-02 1.255929e-01 1.570170e-01 7.759276e-02 1.333382e-01 -2.346546e-03 5.969873e-02 9.388205e-02 1.633761e-02 4.029133e-04
<VARIANCE> 39
 2.681322e+00 4.303887e+00 6.059323e+00 3.432500e+00 4.400459e+00 1.196545e+01 1.301796e+01 4.346094e+00 1.660634e+01 4.340428e+00 7.586133e+00 3.553669e+00 5.000000e-02 2.264778e-01 2.798699e-01 5.050430e-01 2.536987e-01 4.996688e-01 1.020732e+00 1.286217e+00 1.359211e+00 1.277366e+00 9.031250e-01 7.221535e-01 1.043461e+00 5.000000e-02 7.690370e-02 5.728627e-02 1.549864e-01 1.256559e-01 1.225348e-01 2.579215e-01 3.111236e-01 2.174423e-01 1.978753e-01 1.399483e-01 1.899242e-01 1.698596e-01 5.000000e-02
<GCONST> 5.614225e+01
<STATE> 20
<MEAN> 39
 5.882858e-02 -2.500212e+01 -1.849835e+01 -1.274817e-01 7.876066e+00 -2.365463e-01 2.314032e+00 -1.460163e+00 1.349353e+00 -6.049523e+00 -2.327528e+00 -6.885739e-02 3.491875e-01 -4.045292e-01 4.229276e-01 1.896558e-01 1.171098e-01 2.520409e-01 -6.951123e-01 1.408960e-02 4.360180e-01 -1.588896e-02 2.171969e-01 8.844379e-01 -3.348863e-01 -1.640322e-02 2.863929e-01 3.148181e-01 3.736640e-01 -6.755836e-02 -2.012517e-01 -3.198049e-01 -4.143992e-01 -4.939983e-01 -2.785133e-01 -1.685682e-01 -8.215076e-02 -8.290771e-02 2.342274e-03
<VARIANCE> 39
 1.673649e+00 1.988060e+00 4.695164e+00 4.926950e+00 3.558331e+00 7.551203e+00 3.373797e+00 1.531091e+01 1.764542e+01 6.721936e+00 2.232877e+00 1.466378e+01 5.000000e-02 3.816184e-01 3.249662e-01 1.387279e+00 1.511056e+00 5.509117e-01 1.145705e+00 1.341883e+00 9.480969e-01 1.348435e+00 7.581796e-01 3.167968e-01 9.117299e-01 5.000000e-02 8.137173e-02 7.371815e-02 2.324650e-01 1.805141e-01 5.471443e-02 1.545445e-01 2.431845e-01 2.348958e-01 2.008218e-01 1.851815e-01 1.015151e-01 2.628736e-01 5.000000e-02
<GCONST> 5.690912e+01
<STATE> 21
<MEAN> 39
 1.237151e+00 -2.122762e+01 -1.486668e+01 4.248028e-01 6.461897e+00 -4.201707e+00 -7.523106e-01 -4.275519e+00 2.966700e-01 -5.919227e+00 -8.374961e-01 -8.404045e-01 3.209630e-01 3.499599e-01 7.983179e-01 7.642901e-01 -6.873763e-02 -3.289858e-01 -1.915548e-01 -1.592985e-01 -3.285239e-01 -7.193408e-01 -6.786054e-01 9.939850e-02 1.234234e-01 -9.288386e-03 -8.391725e-02 -1.710777e-01 -1.630072e-01 -2.074181e-01 -1.225661e-02 3.449975e-01 2.967983e-01 2.704046e-01 1.732044e-01 -1.803399e-02 -2.013372e-01 -6.795891e-02 -1.505704e-03
<VARIANCE> 39
 3.749009e+00 8.141346e+00 1.568233e+01 1.134204e+01 2.774589e+00 5.723213e+00 7.326315e+00 1.515395e+01 1.481229e+01 1.059588e+01 5.345150e+00 6.432572e+00 5.000000e-02 7.146975e-01 1.203024e+00 1.697877e+00 1.455596e+00 1.659231e-01 1.103556e+00 1.508068e+00 2.206344e+00 2.619186e+00 1.136837e+00 4.053634e-01 7.238562e-01 5.000000e-02 1.913062e-01 1.996579e-01 4.927978e-01 3.715287e-01 5.592880e-02 1.715713e-01 1.787424e-01 3.971107e-01 7.373311e-01 4.799041e-01 6.210346e-02 1.326809e-01 5.000000e-02
<GCONST> 6.938869e+01
<STATE> 22
<MEAN> 39
 5.762894e-01 -2.090126e+01 -1.497523e+01 -1.323024e+00 6.325694e+00 -2.453445e+00 1.184927e+00 -1.739098e+00 -2.682486e-01 -7.687138e+00 -2.605230e+00 -2.015638e+00 2.648627e-01 -3.610134e-01 7.643386e-01 6.992065e-01 -1.077788e-01 -7.004352e-02 2.261899e-01 -3.046315e-01 -6.024962e-02 6.152390e-01 4.981595e-01 -4.433417e-01 -7.712367e-01 -3.098053e-02 -1.280480e-01 2.683193e-01 3.460913e-01 2.971980e-01 5.482037e-02 2.489729e-04 -4.562574e-02 -1.600752e-01 2.572770e-01 2.317616e-01 1.451457e-01 1.991849e-01 -6.021866e-03
<VARIANCE> 39
 3.145301e+00 5.992950e+00 5.211492e+00 6.338743e+00 1.103146e+01 4.605921e+00 7.935380e+00 7.501513e+00 9.333515e+00 2.897568e+00 6.557520e+00 7.405506e+00 5.000000e-02 7.286382e-01 9.850593e-01 2.192164e+00 1.246938e+00 5.373853e-01 5.278112e-01 8.553253e-01 1.341417e+00 1.595549e+00 1.458478e+00 1.878766e-01 3.258120e-01 5.000000e-02 9.991563e-02 1.139042e-01 2.883538e-01 2.637350e-01 5.665627e-02 8.486966e-02 1.775051e-01 1.342429e-01 2.441138e-01 1.508249e-01 5.207067e-02 1.945307e-01 5.000000e-02
<GCONST> 5.790092e+01
<STATE> 23
<MEAN> 39
 -2.549281e-01 -1.696335e+01 -1.184704e+01 -1.480542e+00 5.716890e+00 -1.933197e+00 7.255854e-01 -2.969658e+00 1.467774e+00 -5.775895e+00 -6.395239e-01 -7.875746e-01 1.792944e-01 -6.697708e-01 6.540723e-01 4.629236e-01 3.374369e-03 -1.092569e-01 1.079310e-01 6.900944e-01 3.926827e-01 1.055155e+00 1.142574e+00 9.051204e-01 6.663627e-01 -2.795572e-02 -9.313799e-02 -2.249447e-01 -2.541297e-01 -8.363699e-03 4.653864e-02 -1.422366e-01 -7.541255e-02 7.822410e-03 -1.525038e-01 -4.367048e-02 3.825380e-02 1.018062e-01 1.788487e-03
<VARIANCE> 39
 6.890879e+00 4.335327e+00 3.416225e+00 7.766247e+00 6.145450e+00 5.807082e+00 1.918660e+01 1.108960e+01 1.638828e+01 1.109219e+01 5.169185e+00 8.531357e+00 5.000000e-02 6.897970e-01 6.647068e-01 1.528396e+00 6.958914e-01 5.424853e-01 6.502174e-01 1.103614e+00 9.453205e-01 4.251349e-01 7.041668e-01 4.460157e-01 4.358899e-01 5.000000e-02 1.793819e-01 8.912385e-02 1.766932e-01 2.009111e-01 8.298466e-02 1.002277e-01 3.343258e-01 2.298831e-01 2.988514e-01 4.458875e-01 2.177220e-01 2.577567e-01 5.000000e-02
<GCONST> 6.300275e+01
<STATE> 24
<MEAN> 39
 -2.411075e+00 -1.733601e+01 -1.185693e+01 -7.412896e-02 6.737792e+00 -3.369579e+00 -1.382304e-01 -2.580429e+00 3.058572e+00 -4.511481e+00 -4.433035e-01 6.555084e-01 1.116853e-01 -5.696825e-01 9.538048e-01 1.168632e+00 -2.811470e-02 5.739280e-02 -8.962303e-02 -5.631897e-01 -3.824903e-01 -1.051687e+00 -1.377343e+00 -5.041704e-01 7.703283e-02 -2.889390e-02 1.402608e-02 2.479114e-01 3.602078e-01 -1.092362e-01 -3.007158e-02 1.686848e-01 -3.649197e-02 -4.997293e-02 -3.899998e-01 -2.184816e-01 -6.883758e-02 -3.380017e-01 -2.191939e-03
<VARIANCE> 39
 3.114728e+00 8.378431e+00 1.003514e+01 9.225462e+00 1.008700e+01 1.184075e+01 1.271289e+01 9.108950e+00 1.392701e+01 2.493735e+01 1.809606e+01 9.224616e+00 5.000000e-02 5.756088e-01 6.154881e-01 7.701164e-01 1.216571e+00 8.000761e-01 9.048945e-01 1.232760e+00 1.289441e+00 1.851830e+00 1.439281e+00 1.160006e+00 1.439881e+00 5.000000e-02 8.380295e-02 1.466223e-01 2.726990e-01 2.886283e-01 1.241087e-01 1.244124e-01 1.997929e-01 1.650804e-01 4.029578e-01 1.046509e+00 4.228388e-01 2.138937e-01 5.000000e-02
<GCONST> 7.372303e+01
<STATE> 25
<MEAN> 39
 -4.608366e+00 -1.227955e+01 -5.978683e+00 -2.202549e+00 5.284536e+00 -1.992742e+00 1.259838e-01 -3.304662e+00 -9.809305e-02 -6.683546e+00 -3.284369e-01 -1.362076e+00 1.773537e-03 -8.791257e-01 8.003759e-01 8.540935e-01 -5.216393e-01 1.052762e-01 3.331726e-01 -2.965757e-01 -1.144275e-01 -3.909216e-01 6.977032e-01 4.139652e-01 -6.150110e-01 -4.085748e-02 9.042308e-02 -3.016638e-01 -4.742761e-01 -3.674445e-03 5.437405e-02 2.489300e-02 1.850567e-01 7.733918e-02 2.293716e-01 3.246136e-01 1.438180e-01 2.636945e-01 2.546309e-03
<VARIANCE> 39
 6.318674e+00 3.323703e+00 7.597239e+00 1.145898e+01 1.034402e+01 3.224179e+00 7.440443e+00 1.142837e+01 2.025870e+01 8.157287e+00 6.602715e+00 6.851798e+00 5.000000e-02 2.105280e-01 1.000934e+00 1.508167e+00 6.213562e-01 4.877347e-01 7.355192e-01 7.555375e-01 7.794619e-01 1.464619e+00 2.086402e+00 1.848015e+00 1.120866e+00 5.000000e-02 1.403460e-01 1.216118e-01 1.935242e-01 1.511115e-01 9.517837e-02 7.946716e-02 1.583800e-01 2.006256e-01 4.080884e-01 2.777934e-01 2.471561e-01 1.753795e-01 5.000000e-02
<GCONST> 6.448736e+01
<TRANSP> 26
 0.000000e+00 1.000000e+00 0.000000e+00 0.000000e+00 0.000000e+00 0.000000e+00 0.000000e+00 0.000000e+00 0.000000e+00 0.000000e+00 0.000000e+00 0.000000e+00 0.000000e+00 0.000000e+00 0.000000e+00 0.000000e+00 0.000000e+00 0.000000e+00 0.000000e+00 0.000000e+00 0.000000e+00 0.000000e+00 0.000000e+00 0.000000e+00 0.000000e+00 0.000000e+00
 0.000000e+00 7.057615e-01 2.942385e-01 0.000000e+00 0.000000e+00 0.000000e+00 0.000000e+00 0.000000e+00 0.000000e+00 0.000000e+00 0.000000e+00 0.000000e+00 0.000000e+00 0.000000e+00 0.000000e+00 0.000000e+00 0.000000e+00 0.000000e+00 0.000000e+00 0.000000e+00 0.000000e+00 0.000000e+00 0.000000e+00 0.000000e+00 0.000000e+00 0.000000e+00
 0.000000e+00 0.000000e+00 5.834534e-01 4.165466e-01 0.000000e+00 0.000000e+00 0.000000e+00 0.000000e+00 0.000000e+00 0.000000e+00 0.000000e+00 0.000000e+00 0.000000e+00 0.000000e+00 0.000000e+00 0.000000e+00 0.000000e+00 0.000000e+00 0.000000e+00 0.000000e+00 0.000000e+00 0.000000e+00 0.000000e+00 0.000000e+00 0.000000e+00 0.000000e+00
 0.000000e+00 0.000000e+00 0.000000e+00 7.222733e-01 2.777267e-01 0.000000e+00 0.000000e+00 0.000000e+00 0.000000e+00 0.000000e+00 0.000000e+00 0.000000e+00 0.000000e+00 0.000000e+00 0.000000e+00 0.000000e+00 0.000000e+00 0.000000e+00 0.000000e+00 0.000000e+00 0.000000e+00 0.000000e+00 0.000000e+00 0.000000e+00 0.000000e+00 0.000000e+00
 0.000000e+00 0.000000e+00 0.000000e+00 0.000000e+00 6.428639e-01 3.571361e-01 0.000000e+00 0.000000e+00 0.000000e+00 0.000000e+00 0.000000e+00 0.000000e+00 0.000000e+00 0.000000e+00 0.000000e+00 0.000000e+00 0.000000e+00 0.000000e+00 0.000000e+00 0.000000e+00 0.000000e+00 0.000000e+00 0.000000e+00 0.000000e+00 0.000000e+00 0.000000e+00
 0.000000e+00 0.000000e+00 0.000000e+00 0.000000e+00 0.000000e+00 5.000376e-01 4.999625e-01 0.000000e+00 0.000000e+00 0.000000e+00 0.000000e+00 0.000000e+00 0.000000e+00 0.000000e+00 0.000000e+00 0.000000e+00 0.000000e+00 0.000000e+00 0.000000e+00 0.000000e+00 0.000000e+00 0.000000e+00 0.000000e+00 0.000000e+00 0.000000e+00 0.000000e+00
 0.000000e+00 0.000000e+00 0.000000e+00 0.000000e+00 0.000000e+00 0.000000e+00 6.155769e-01 3.844232e-01 0.000000e+00 0.000000e+00 0.000000e+00 0.000000e+00 0.000000e+00 0.000000e+00 0.000000e+00 0.000000e+00 0.000000e+00 0.000000e+00 0.000000e+00 0.000000e+00 0.000000e+00 0.000000e+00 0.000000e+00 0.000000e+00 0.000000e+00 0.000000e+00
 0.000000e+00 0.000000e+00 0.000000e+00 0.000000e+00 0.000000e+00 0.000000e+00 0.000000e+00 6.868039e-01 3.131961e-01 0.000000e+00 0.000000e+00 0.000000e+00 0.000000e+00 0.000000e+00 0.000000e+00 0.000000e+00 0.000000e+00 0.000000e+00 0.000000e+00 0.000000e+00 0.000000e+00 0.000000e+00 0.000000e+00 0.000000e+00 0.000000e+00 0.000000e+00
 0.000000e+00 0.000000e+00 0.000000e+00 0.000000e+00 0.000000e+00 0.000000e+00 0.000000e+00 0.000000e+00 6.438650e-01 3.561350e-01 0.000000e+00 0.000000e+00 0.000000e+00 0.000000e+00 0.000000e+00 0.000000e+00 0.000000e+00 0.000000e+00 0.000000e+00 0.000000e+00 0.000000e+00 0.000000e+00 0.000000e+00 0.000000e+00 0.000000e+00 0.000000e+00
 0.000000e+00 0.000000e+00 0.000000e+00 0.000000e+00 0.000000e+00 0.000000e+00 0.000000e+00 0.000000e+00 0.000000e+00 7.056346e-01 2.943654e-01 0.000000e+00 0.000000e+00 0.000000e+00 0.000000e+00 0.000000e+00 0.000000e+00 0.000000e+00 0.000000e+00 0.000000e+00 0.000000e+00 0.000000e+00 0.000000e+00 0.000000e+00 0.000000e+00 0.000000e+00
 0.000000e+00 0.000000e+00 0.000000e+00 0.000000e+00 0.000000e+00 0.000000e+00 0.000000e+00 0.000000e+00 0.000000e+00 0.000000e+00 7.220097e-01 2.779904e-01 0.000000e+00 0.000000e+00 0.000000e+00 0.000000e+00 0.000000e+00 0.000000e+00 0.000000e+00 0.000000e+00 0.000000e+00 0.000000e+00 0.000000e+00 0.000000e+00 0.000000e+00 0.000000e+00
 0.000000e+00 0.000000e+00 0.000000e+00 0.000000e+00 0.000000e+00 0.000000e+00 0.000000e+00 0.000000e+00 0.000000e+00 0.000000e+00 0.000000e+00 6.160825e-01 3.839174e-01 0.000000e+00 0.000000e+00 0.000000e+00 0.000000e+00 0.000000e+00 0.000000e+00 0.000000e+00 0.000000e+00 0.000000e+00 0.000000e+00 0.000000e+00 0.000000e+00 0.000000e+00
 0.000000e+00 0.000000e+00 0.000000e+00 0.000000e+00 0.000000e+00 0.000000e+00 0.000000e+00 0.000000e+00 0.000000e+00 0.000000e+00 0.000000e+00 0.000000e+00 6.498801e-01 3.501199e-01 0.000000e+00 0.000000e+00 0.000000e+00 0.000000e+00 0.000000e+00 0.000000e+00 0.000000e+00 0.000000e+00 0.000000e+00 0.000000e+00 0.000000e+00 0.000000e+00
 0.000000e+00 0.000000e+00 0.000000e+00 0.000000e+00 0.000000e+00 0.000000e+00 0.000000e+00 0.000000e+00 0.000000e+00 0.000000e+00 0.000000e+00 0.000000e+00 0.000000e+00 6.816872e-01 3.183128e-01 0.000000e+00 0.000000e+00 0.000000e+00 0.000000e+00 0.000000e+00 0.000000e+00 0.000000e+00 0.000000e+00 0.000000e+00 0.000000e+00 0.000000e+00
 0.000000e+00 0.000000e+00 0.000000e+00 0.000000e+00 0.000000e+00 0.000000e+00 0.000000e+00 0.000000e+00 0.000000e+00 0.000000e+00 0.000000e+00 0.000000e+00 0.000000e+00 0.000000e+00 6.155821e-01 3.844179e-01 0.000000e+00 0.000000e+00 0.000000e+00 0.000000e+00 0.000000e+00 0.000000e+00 0.000000e+00 0.000000e+00 0.000000e+00 0.000000e+00
 0.000000e+00 0.000000e+00 0.000000e+00 0.000000e+00 0.000000e+00 0.000000e+00 0.000000e+00 0.000000e+00 0.000000e+00 0.000000e+00 0.000000e+00 0.000000e+00 0.000000e+00 0.000000e+00 0.000000e+00 5.453336e-01 4.546665e-01 0.000000e+00 0.000000e+00 0.000000e+00 0.000000e+00 0.000000e+00 0.000000e+00 0.000000e+00 0.000000e+00 0.000000e+00
 0.000000e+00 0.000000e+00 0.000000e+00 0.000000e+00 0.000000e+00 0.000000e+00 0.000000e+00 0.000000e+00 0.000000e+00 0.000000e+00 0.000000e+00 0.000000e+00 0.000000e+00 0.000000e+00 0.000000e+00 0.000000e+00 5.477042e-01 4.522958e-01 0.000000e+00 0.000000e+00 0.000000e+00 0.000000e+00 0.000000e+00 0.000000e+00 0.000000e+00 0.000000e+00
 0.000000e+00 0.000000e+00 0.000000e+00 0.000000e+00 0.000000e+00 0.000000e+00 0.000000e+00 0.000000e+00 0.000000e+00 0.000000e+00 0.000000e+00 0.000000e+00 0.000000e+00 0.000000e+00 0.000000e+00 0.000000e+00 0.000000e+00 5.721310e-01 4.278691e-01 0.000000e+00 0.000000e+00 0.000000e+00 0.000000e+00 0.000000e+00 0.000000e+00 0.000000e+00
 0.000000e+00 0.000000e+00 0.000000e+00 0.000000e+00 0.000000e+00 0.000000e+00 0.000000e+00 0.000000e+00 0.000000e+00 0.000000e+00 0.000000e+00 0.000000e+00 0.000000e+00 0.000000e+00 0.000000e+00 0.000000e+00 0.000000e+00 0.000000e+00 7.850345e-01 2.149656e-01 0.000000e+00 0.000000e+00 0.000000e+00 0.000000e+00 0.000000e+00 0.000000e+00
 0.000000e+00 0.000000e+00 0.000000e+00 0.000000e+00 0.000000e+00 0.000000e+00 0.000000e+00 0.000000e+00 0.000000e+00 0.000000e+00 0.000000e+00 0.000000e+00 0.000000e+00 0.000000e+00 0.000000e+00 0.000000e+00 0.000000e+00 0.000000e+00 0.000000e+00 6.429254e-01 3.570746e-01 0.000000e+00 0.000000e+00 0.000000e+00 0.000000e+00 0.000000e+00
 0.000000e+00 0.000000e+00 0.000000e+00 0.000000e+00 0.000000e+00 0.000000e+00 0.000000e+00 0.000000e+00 0.000000e+00 0.000000e+00 0.000000e+00 0.000000e+00 0.000000e+00 0.000000e+00 0.000000e+00 0.000000e+00 0.000000e+00 0.000000e+00 0.000000e+00 0.000000e+00 6.874585e-01 3.125415e-01 0.000000e+00 0.000000e+00 0.000000e+00 0.000000e+00
 0.000000e+00 0.000000e+00 0.000000e+00 0.000000e+00 0.000000e+00 0.000000e+00 0.000000e+00 0.000000e+00 0.000000e+00 0.000000e+00 0.000000e+00 0.000000e+00 0.000000e+00 0.000000e+00 0.000000e+00 0.000000e+00 0.000000e+00 0.000000e+00 0.000000e+00 0.000000e+00 0.000000e+00 5.833931e-01 4.166069e-01 0.000000e+00 0.000000e+00 0.000000e+00
 0.000000e+00 0.000000e+00 0.000000e+00 0.000000e+00 0.000000e+00 0.000000e+00 0.000000e+00 0.000000e+00 0.000000e+00 0.000000e+00 0.000000e+00 0.000000e+00 0.000000e+00 0.000000e+00 0.000000e+00 0.000000e+00 0.000000e+00 0.000000e+00 0.000000e+00 0.000000e+00 0.000000e+00 0.000000e+00 6.879811e-01 3.120189e-01 0.000000e+00 0.000000e+00
 0.000000e+00 0.000000e+00 0.000000e+00 0.000000e+00 0.000000e+00 0.000000e+00 0.000000e+00 0.000000e+00 0.000000e+00 0.000000e+00 0.000000e+00 0.000000e+00 0.000000e+00 0.000000e+00 0.000000e+00 0.000000e+00 0.000000e+00 0.000000e+00 0.000000e+00 0.000000e+00 0.000000e+00 0.000000e+00 0.000000e+00 6.423502e-01 3.576498e-01 0.000000e+00
 0.000000e+00 0.000000e+00 0.000000e+00 0.000000e+00 0.000000e+00 0.000000e+00 0.000000e+00 0.000000e+00 0.000000e+00 0.000000e+00 0.000000e+00 0.000000e+00 0.000000e+00 0.000000e+00 0.000000e+00 0.000000e+00 0.000000e+00 0.000000e+00 0.000000e+00 0.000000e+00 0.000000e+00 0.000000e+00 0.000000e+00 0.000000e+00 5.830914e-01 4.169086e-01
 0.000000e+00 0.000000e+00 0.000000e+00 0.000000e+00 0.000000e+00 0.000000e+00 0.000000e+00 0.000000e+00 0.000000e+00 0.000000e+00 0.000000e+00 0.000000e+00 0.000000e+00 0.000000e+00 0.000000e+00 0.000000e+00 0.000000e+00 0.000000e+00 0.000000e+00 0.000000e+00 0.000000e+00 0.000000e+00 0.000000e+00 0.000000e+00 0.000000e+00 0.000000e+00
<ENDHMM>
